-0.0333785028325 -0.0390366385887 -0.207843275936 
-0.0202365170517 0.0886479590351 -0.0394034160774 
0.0784457586712 0.114004813434 0.039984877707 
0.139351731553 0.133896761785 -0.118561277152 
0.117633630536 0.176267784545 -0.0539446582955 
0.260038994759 0.182308598885 0.0375807646124 
0.240600695449 0.357469457491 0.145120275086 
0.304361093833 0.276828109143 0.117450944738 
0.398288444823 0.469458532605 0.2718863203 
0.496271601049 0.447192747258 0.281316542478 
0.437929911248 0.435200281156 0.302611227609 
0.570032788512 0.516706018883 0.31043784031 
0.599291401677 0.459519251663 0.391836690154 
0.600677906558 0.438146818966 0.377653779623 
0.675195483355 0.660201367473 0.509821160318 
0.70750974185 0.648932732801 0.466017389604 
0.706088439384 0.587291152509 0.595361979282 
0.819354019939 0.705151643957 0.611085227806 
0.912162081494 0.853888093409 0.703924496198 
0.94333421395 0.870379784523 0.838034761151 
