-0.617586923971 -1.00739567015 -0.519122211631 -0.372832186664 
-1.05956090341 -0.960817550414 -0.477864418304 -1.18412613126 
-1.12596555958 -0.402362186805 -1.02124104731 -1.31112669888 
-1.05391940817 -1.03090953864 -0.694226838099 -0.84583707178 
-0.981150029162 -0.935770441141 -0.741311576624 -0.37816797938 
-0.955294945579 -0.5910978803 -1.06260424556 -0.745286631907 
-0.907797163399 -0.682946719426 -0.037116244988 -0.924155234276 
-1.30572203556 -0.824434410344 -0.660702410181 -0.765977915544 
-1.03216699302 -0.390754575757 -0.669651809913 -0.530727505236 
-1.10460584568 -0.974967562787 -0.652170698766 -0.844991424801 
-0.823760878543 -0.815501220548 -0.230145631763 -0.299367923591 
-1.05391287816 -1.05035948832 -0.619319751236 -0.443075893516 
-1.03096158127 -0.596440185424 -0.622125712954 -0.108223892903 
-1.24687495714 -0.664085711896 -0.649790149078 -0.455228227923 
-1.16246737615 -1.04379923412 -0.869370420633 -0.765462367818 
-1.09968257605 -1.04992317584 -0.940166306322 -0.626614811909 
-1.05124962933 -0.979368106255 -0.800730097052 -0.58516286012 
-1.1810564605 -0.988385969051 -0.752889811363 -0.568937360483 
-0.9555613397 -0.831831269019 -0.704404187362 -0.56907327316 
-1.24390824653 -0.824275935453 -0.607454651678 -0.867819973503 
