-70.0
-70.0
-70.0
-70.0
-70.0
-70.0
-70.0
-70.0
-70.0
-70.0
-70.0
-70.0
-70.0
-70.0
-70.0
-70.0
-70.0
-63.2962962963
-59.4975308642
-57.5683539095
-56.8252359396
-56.8185239598
-57.2538793065
-57.9399632043
-58.7536147696
-60.6051241964
-62.0291923793
-56.2707175858
0
-70.0
-70.0
-70.0
-70.0
-65.7777777778
-62.3851851852
-60.6034567901
-60.1603950617
-60.222544856
-60.585749904
-54.5271749136
0
-70.0
-70.0
-70.0
-70.0
-69.1151755322
-67.8113058646
-68.0903795153
-68.3214777219
-68.5160873884
-68.6823169421
-68.8259774429
-69.8196205858
-69.4803467821
-69.2941042739
-69.2058886265
-69.1794296171
-69.1909065576
-70.0
-70.0
-70.0
-70.0
-70.0
-63.6493251368
-57.7172760476
-54.5674707258
0
-70.0
-70.0
-70.0
-70.0
-66.783213941
-64.9603685075
-64.0346489639
-63.6780622722
-63.6748415148
-57.2934413208
0
-70.0
-70.0
-70.0
-70.0
-69.1882293981
-68.728226057
-68.4946165171
-68.4046302426
-68.4038174698
-68.4565358905
-68.5396157465
-68.6381431353
-61.7666332091
-57.9181728131
-56.0118241483
-55.3342874779
-55.4166225597
-55.9521361901
-57.7417054652
0
-70.0
-70.0
-70.0
-70.0
-67.0534979424
-65.3838134431
-64.5358756287
-64.2092504191
-64.2063002794
-64.3976535196
-57.9723394426
0
-70.0
-70.0
-70.0
-70.0
-69.2560559491
-68.8344876535
-69.6193821285
-70.0
-70.0
-70.0
-70.0
-70.0
-70.0
-70.0
-63.6643830084
-60.0742000465
-58.9546539715
-58.6511045275
-58.8472713768
-60.0404328109
-61.0883152443
-62.0141008629
-61.8358579767
-62.0010503124
-62.3667973701
-55.921612832
0
-70.0
-70.0
-70.0
-70.0
-69.3671545854
-69.0085421837
-68.8264233366
-68.7562712505
-68.7556376238
-68.7967361936
-68.8615041291
-67.9398371916
-67.4555091227
-67.2497286439
-67.2179360685
-66.4891268519
-59.1736069032
-55.1451747039
-54.2232498261
-54.1959865719
-54.706429067
-55.5224802618
0
-70.0
-70.0
-70.0
-70.0
-69.5149263982
-69.2400513572
-69.100457954
-69.9149994042
-63.5886436916
-60.006542141
-58.1903964726
-56.4948136155
0
-70.0
-70.0
-70.0
-70.0
-67.8554759606
-66.6402456717
-66.0230993092
-65.7853748481
-64.8005692064
-64.3830001812
-64.3196920934
-64.4710508376
-64.7461643895
-58.1403118007
-55.5718224588
-54.511668105
0
-70.0
-70.0
-70.0
-70.0
-68.9207876948
-68.3092340552
-68.5542162919
-69.0827317575
-61.8411252484
-57.7681238346
-55.7320521919
-54.9860074666
-55.0388470491
-55.569255897
-55.4563175044
-55.8733438853
-56.0388926955
-56.6035922251
-57.3889588687
0
-70.0
-70.0
-70.0
-70.0
-68.6090534979
-67.8208504801
-67.6290717878
-67.5930355129
-67.0960903419
-66.8947202279
-66.8774074853
-66.9711062569
-67.1282886446
-67.3183217891
-67.5217309494
-67.726385414
-67.9249652456
-61.1180174461
-57.3299148516
-55.4793894664
0
-70.0
-70.0
-70.0
-70.0
-69.5297911326
-69.2633394411
-69.1280237782
-69.0759002544
-68.1144479074
-67.6004282356
-67.372002158
-67.3225464395
-67.3821214604
-67.5051290909
-67.6620960329
-60.8373639812
-58.0479424741
-55.7987037823
0
-70.0
-70.0
-70.0
-70.0
-69.2263374486
-62.4024691358
-58.561399177
-56.6380438957
-55.9294292638
-55.9732795092
0
-70.0
-70.0
-70.0
-70.0
-69.0799020441
-68.5585132024
-68.2937294573
-68.1917348951
-67.1914903007
-59.8063512434
-55.7150561009
0
-70.0
-70.0
-70.0
-70.0
-66.8499100487
-65.0648590763
-64.1583331903
-57.7309505853
-54.2834893361
0
-70.0
-70.0
-70.0
-70.0
-65.0
-62.1666666667
-60.7277777778
-60.1735185185
-59.3660432099
-59.236023251
-59.5168105007
-60.0347225005
-60.677645617
-60.5058318758
-61.7076548819
-62.7051601896
-63.5468247011
-64.2669292514
-64.8900943398
-66.3026363388
-67.2734069935
-67.9467558199
-68.4192065884
-68.7553701632
-68.9985559693
-68.1855562673
-67.7582379039
-67.576572289
-67.5483538438
-67.6131443152
-67.7315804542
-67.8782561225
-68.0369863193
-68.1976582268
-69.3518557722
-70.0
-70.0
-70.0
-70.0
-70.0
-63.0855078369
-59.1672956112
-57.1774584221
0
-70.0
-70.0
-70.0
-70.0
-65.0404625244
-62.2300579549
-61.8012908426
-61.8173208804
-62.0996948737
-61.5714812163
-61.5355036479
-62.6643797425
-63.5862260745
-63.5506572021
-63.4109606386
-63.5467773458
-63.843374792
-64.2265541
-65.590382218
-66.5556663481
-67.249647948
-67.7577153096
-67.1763169919
-67.4565801921
-67.7095187725
-60.9385668952
-57.1780435391
0
-70.0
-70.0
-70.0
-70.0
-69.0781893004
-62.1703703704
-58.2866666667
-56.3468888889
-55.6381259259
-55.691597284
-56.200626856
-56.966023704
-57.8597276893
-57.8013024637
0
-70.0
-70.0
-70.0
-70.0
-68.9904572084
-68.4183829598
-68.1278589787
-68.0159492907
-68.0149385016
-61.2018914541
-57.4073335105
-55.550354294
-54.9178216209
-55.0410412964
-55.6136050585
-56.4366898138
0
-70.0
-70.0
-70.0
-70.0
-69.0781002559
-68.5556904009
-68.2903881412
-67.1882202488
-66.6206455051
-59.514136518
-55.5997599086
0
-70.0
-70.0
-70.0
-70.0
-69.4586191134
-70.0
-70.0
-70.0
-70.0
-70.0
-70.0
-63.2885889497
-59.4854560211
-58.4223738205
-57.1727290311
-56.8505178564
0
-70.0
-70.0
-70.0
-70.0
-67.9064167048
-66.7200528375
-66.1175660892
-65.8854885039
-65.8833923359
-65.0270622373
-64.6790287701
-64.6475743975
-64.8071159607
-65.0759370333
-65.401365109
-66.7494586912
-67.6666662174
-68.2947685259
-61.7355756748
-57.0928823048
-54.7375035394
0
-70.0
-70.0
-70.0
-70.0
-68.5703173071
-67.7601637811
-60.9632733392
-56.203704826
0
-70.0
-70.0
-70.0
-70.0
-69.5028155892
-62.4942068526
-57.5782531578
-55.0427391691
-54.0200061368
0
-70.0
-70.0
-70.0
-70.0
-67.3703703704
-65.5469135802
-64.6012757202
-64.2138504801
-58.4961691358
-55.449021358
-54.1057653128
0
-70.0
-70.0
-70.0
-70.0
-69.7543283262
-68.6228217243
-67.9898237057
-67.6770307711
-67.5667873179
-67.5817483354
-67.6713333347
-67.8027065565
-67.9547736043
-60.1603112031
0
-70.0
-70.0
-70.0
-70.0
-69.4485596708
-62.750617284
-58.9734979424
-57.074776406
0
-70.0
-70.0
-70.0
-70.0
-68.0955308303
-67.0163316342
-66.4682677287
-66.2571537944
-67.2518214867
-67.9402280525
-68.4219310569
-68.7635551576
-69.0097444461
-69.1904665377
-69.3258842414
-69.4296053889
-69.5108512311
-69.5759036954
-69.6290717174
-69.6733368068
-68.7123070723
-68.1786123292
-60.9197321392
-56.8670796206
-54.8732521221
0
-70.0
-70.0
-70.0
-70.0
-68.1729731634
-60.3557649518
-55.9869145265
0
-70.0
-70.0
-70.0
-70.0
-63.6081390032
-59.9860844383
-58.8503525885
-58.5405683924
-58.7366789282
-59.2297892855
0
-70.0
-70.0
-70.0
-70.0
-65.3586689887
-59.8223509969
-54.5064818352
0
-70.0
-70.0
-70.0
-70.0
-66.9473901509
-66.1785594608
-65.8446423981
-65.7828040805
-59.5008147536
-56.0815939991
-55.3623211702
-55.7520134339
0
-70.0
-70.0
-70.0
-70.0
-64.9766803841
-62.1301326017
-60.6845328456
-60.1276885637
-60.1226590425
-60.4488860283
-60.9629926856
-61.572690257
-62.2194191247
-62.8668091411
-63.4930161796
-64.0856398634
-65.6376827721
-66.7143190915
-60.485809188
-57.0658429396
-56.247470895
-56.2148653051
0
-70.0
-70.0
-70.0
-70.0
-68.7654320988
-68.0658436214
-67.7105624143
-67.5737082762
-67.5724721841
-67.6526481227
-67.7789987485
-67.928842499
-68.0877873327
-69.2434691677
-69.9620959632
-70.0
-70.0
-69.1927943878
-68.7353778742
-68.5030820369
-68.4136018
-68.4127935978
-61.4658392901
-57.5821387292
-54.7243747651
0
-70.0
-70.0
-70.0
-70.0
-66.8021123529
-64.9899760196
-64.0696950189
-63.7152032512
-57.326541882
0
-70.0
-70.0
-70.0
-70.0
-69.3839546957
-69.0348623566
-68.8575782079
-67.7897395381
-67.222711685
-66.9750712502
-66.9273179477
-67.0010887013
-67.1453148634
-67.3270067319
-67.5251216286
-67.7264865123
-67.9230892255
-68.1102812125
-68.285587031
-68.447917621
-68.5970520544
-61.7339213794
-55.5582455951
0
-70.0
-70.0
-70.0
-70.0
-70.0
-70.0
-70.0
-70.0
-70.0
-70.0
-70.0
-62.0585276635
-57.5583600061
-56.2469684499
-55.9185679012
-56.190908642
-56.8146161317
-57.6283534211
-58.5289840141
-59.4517295694
-60.3569859169
-61.2215735282
-61.0445013307
-61.2367746344
-61.6442461289
-62.1672541546
-62.7421504982
-63.3290166211
-63.9035024075
-64.4514104657
-64.9651082851
-65.4411567006
-58.8801505936
-55.3142085763
0
-70.0
-70.0
-70.0
-70.0
-63.9989850408
-60.5984098972
-58.8714511478
-58.9099312303
-59.3026882388
-59.8949195026
-59.5871833822
0
-70.0
-70.0
-70.0
-70.0
-67.5074937764
-66.095073583
-65.3777856808
-66.0937794035
-65.7413744856
-65.6718857186
-65.7744629345
-65.9768604996
-66.2324036886
-66.5113161457
-66.7949530818
-67.0719701407
-67.3357813714
-60.5935324693
-57.8501710258
0
-70.0
-70.0
-70.0
-70.0
-68.4993141289
-67.6489254687
-67.2170614236
-67.0507076157
-67.0492050771
-67.1466633848
-67.3002495898
-67.4823929932
-60.7115668864
-56.9586856595
0
-70.0
-70.0
-70.0
-70.0
-66.4446449302
-59.5040177981
-55.6895075922
0
-70.0
-70.0
-70.0
-70.0
-70.0
-63.9884389801
-60.5818877354
-59.4074496197
-59.0558717629
-59.2097293234
-60.3654232527
-54.9945326348
0
-70.0
-70.0
-70.0
-70.0
-69.1385459534
-68.6503886603
-61.6756104252
-56.8999103795
0
-70.0
-70.0
-70.0
-70.0
-68.6388830871
-67.8675835031
-67.4758843025
-67.4551667761
-67.5275640344
-67.6534169215
-67.8071480898
-67.9724818544
-68.1392660514
-68.3013610345
-68.4552393232
-68.599058319
-68.7320477725
-61.8588429953
-58.0062920291
-56.0945517151
-56.4058842384
-57.0458209444
-56.8638725949
-57.1925744986
-57.8167098242
0
-70.0
-70.0
-70.0
-70.0
-69.056512388
-68.5218694079
-68.2503546396
-68.1457672906
-68.1448226382
-68.2060950921
-68.3026553947
-68.4171697298
-68.5386393399
-68.6602331279
-67.778524936
-66.9902158563
-66.6175565466
-66.5067090759
-66.5566436242
-66.7013828991
-66.8981803674
-60.1205884364
-55.4418746601
0
-70.0
-70.0
-70.0
-70.0
-63.2085048011
-60.1624599909
-58.662751105
-58.14083407
-58.22298938
0
-70.0
-70.0
-70.0
-70.0
-63.024489856
-60.0543592445
-57.6044788756
-56.2144013584
-55.8398748028
-56.0871630427
-57.5676099758
-58.8702911364
-59.154577371
0
-70.0
-70.0
-70.0
-70.0
-66.840115836
-65.0495148097
-64.140170367
-63.7898913558
-62.8040691004
-62.4524401105
-55.7661771424
0
-70.0
-70.0
-70.0
-70.0
-70.0
-70.0
-70.0
-70.0
-70.0
-70.0
-70.0
-70.0
-70.0
-70.0
-70.0
-70.0
-69.1269507664
-68.6322228674
-68.380978699
-61.2856029751
-57.3188574416
0
-70.0
-70.0
-70.0
-70.0
-69.5052922149
-69.2249578034
-69.0825918964
-69.0277526223
-69.0272573037
-69.0593848692
-70.0
-70.0
-70.0
-70.0
-70.0
-70.0
-70.0
-70.0
-70.0
-63.0259726927
-59.0740238853
-58.0554927847
-57.8425243649
-58.1199925008
-58.6824736323
-60.199682326
-61.436684798
-61.4643316664
-61.7654420653
-62.2205935691
-62.7529980191
-63.3140074218
-63.8734794827
-64.4133800698
-65.8975287915
-67.2581003982
-68.1658400156
-68.7716224521
-69.1760378323
-69.4461524661
-69.6266828308
-69.7474449552
-69.8283207314
-62.8829846617
-58.9530168645
-56.9632689574
-56.2039779145
0
-70.0
-70.0
-70.0
-70.0
-67.2602742185
-66.1515307473
-65.6145669729
-65.4385698093
-65.4850191841
-65.6633881695
-65.9149632884
-66.2020762502
-66.5009414855
-66.7968959106
-68.055226407
-68.8750504914
-69.4044432589
-61.7602952293
-57.4484632372
0
-70.0
-70.0
-70.0
-70.0
-63.385916781
-58.6769547325
-56.2290123457
-55.2192798354
0
-70.0
-70.0
-70.0
-70.0
-68.5898265283
-67.7907282276
-67.3849116396
-67.2285912988
-66.234886731
-65.764167766
-65.0673752392
-64.8137205485
-65.8339526228
-66.5849601133
-67.1493992705
-68.2867864928
-69.0263259431
-69.5025054152
-68.8438146936
-68.4871397708
-68.3235634915
-68.2812989408
-68.3132302457
-68.4812834876
-61.6331551389
-57.8031729583
-55.9117445514
-55.2464960222
-55.3391303706
-54.9711981291
-55.2513988466
-55.9111393156
-56.7766122864
-57.7366756594
-58.7214911612
-59.6883307569
-60.6121568224
-61.4793805676
-61.3097477574
-61.1643098127
-61.3715700521
-61.7835405273
-62.3046047949
-55.8769141799
0
-70.0
-70.0
-70.0
-70.0
-67.0032346018
-64.3166285627
-62.8941106539
-63.2384444444
-63.670429904
-64.1406068496
-64.6180261219
-65.0838768146
-65.5272580031
-65.9423781161
-66.3267042466
-66.6797431168
-67.0022416683
-68.278324547
-69.101363456
-61.6356715548
-57.4350673623
-56.1360050705
0
-70.0
-70.0
-70.0
-70.0
-65.4918457552
-62.9372250165
-61.6398784061
-61.1401411596
-55.0574381393
0
-70.0
-70.0
-70.0
-70.0
-69.6810791904
-61.9105021356
-57.5178058315
-55.298261188
-54.4565923623
-54.4697046548
-54.9952485418
-55.8107332559
-56.7729996426
0
-70.0
-70.0
-70.0
-70.0
-67.2602742185
-59.5349234361
-55.2485488522
0
-70.0
-70.0
-70.0
-70.0
-69.4197530864
-69.0909465021
-68.0117558299
-67.4305162323
-67.1674219326
-67.1039846218
-67.1624560812
-67.2921237541
-67.4601868994
-60.6816528409
-56.9251439777
-55.1070671939
-54.5126522172
-54.6722481572
-55.2789307827
-55.1387808963
-55.5500649345
-57.2774849005
-58.7380207167
-59.9897415158
-61.0744492782
-55.0767437193
0
-70.0
-70.0
-70.0
-70.0
-63.0096341833
-56.7150935538
0
-70.0
-70.0
-70.0
-70.0
-70.0
-70.0
-69.1713153483
-68.3683940456
-67.9410281292
-67.753240975
-67.71546065
-60.8049113843
-54.6317514454
0
-70.0
-70.0
-70.0
-70.0
-66.6947835121
-59.8959015763
-56.1533756957
0
-70.0
-70.0
-70.0
-70.0
-67.2016460905
-65.6159122085
-64.810608139
-64.500405426
-58.1121440837
-55.6169214788
-54.5992238665
-55.0575200592
-56.1639137728
-57.6222862085
-57.9121837879
-58.4890495427
-59.2188673441
-60.0161291134
-60.8272818713
-61.619730797
-62.3745424591
-63.0816113745
-63.7364656778
-57.3541483451
0
-70.0
-70.0
-70.0
-70.0
-69.6794721716
-69.4978397356
-69.4055989494
-69.3700678461
-69.3697469225
-69.3905628043
-69.4233669066
-62.4982380887
-58.5932195283
-56.6304344078
0
-70.0
-70.0
-70.0
-70.0
-68.7825696436
-68.0926924416
-67.7423430391
-68.6071881438
-69.1725222685
-70.0
-70.0
-70.0
-70.0
-70.0
-70.0
-70.0
-70.0
-70.0
-70.0
-70.0
-70.0
-63.007406618
-59.0449370348
-57.0326240504
-57.2551984665
-57.813569834
-58.5548069933
-59.3810557225
-60.2307697692
-61.0662392049
-61.8653128929
-55.737304052
0
-70.0
-70.0
-70.0
-70.0
-70.0
-69.0347508002
-68.4877762536
-68.2099989839
-68.1029993226
-68.1020328817
-68.1647185878
-68.2635060585
-69.3546493775
-70.0
-70.0
-70.0
-70.0
-70.0
-70.0
-70.0
-70.0
-70.0
-70.0
-70.0
-70.0
-70.0
-62.4444444444
-58.162962963
-55.9886419753
-55.1510946502
-55.1435297668
-55.6342065112
-56.4074723408
-56.3830437573
0
-70.0
-70.0
-70.0
-70.0
-65.1380861274
-62.3830015996
-56.0579249037
0
-70.0
-70.0
-70.0
-70.0
-67.6173730554
-66.2672177868
-65.5815506994
-65.3174320903
-65.3150465219
-58.6518663609
-55.0322293855
0
-70.0
-70.0
-70.0
-70.0
-69.0704826405
-62.1582966032
-58.2723750941
-56.3317430188
-55.6229723397
-55.6769441875
0
-70.0
-70.0
-70.0
-70.0
-65.6295405248
-63.1529468223
-61.8952257066
-61.4107521804
-55.3281870248
0
-70.0
-70.0
-70.0
-70.0
-69.0833259863
-68.5638773785
-67.3000796547
-66.6317983652
-67.3420880201
-67.1531551754
-67.134690296
-67.2191216918
-67.362476473
-66.7339376567
-66.4656831118
-66.4225409477
-66.5159042844
-66.6880588102
-66.9017495654
-67.133239033
-67.3676914124
-67.5961064597
-67.8132852727
-68.0164830514
-67.2160799702
-60.8278053066
-57.3005803315
-55.6075593353
-55.0714947598
-55.2474728559
-56.7131233755
-57.0939372382
-58.3081832035
-59.4264580092
-60.4498742923
-61.3822615857
-62.228951909
-56.0499524657
0
-70.0
-70.0
-70.0
-70.0
-65.4573132295
-62.8831240596
-61.5758397556
-55.4549905641
0
-70.0
-70.0
-70.0
-70.0
-69.582789912
-69.3463708622
-68.226396175
-67.6135314902
-59.8911967835
-55.5947560667
0
-70.0
-70.0
-70.0
-70.0
-68.5610399454
-68.744106809
-68.8958100335
-69.0236383004
-69.1328806505
-69.2273300389
-69.3097553373
-69.3822186718
-69.4462893834
-69.503188831
-69.5538888718
-69.5991792672
-69.6397141956
-69.6760446794
-69.7086414804
-69.7379115116
-69.7642098133
-69.7878484672
-69.8091033773
-69.8282195441
-69.8454152594
-69.8608855133
-69.8748048151
-62.8874527757
-58.9321264595
-56.9278597878
-56.1610377919
-56.1622433346
-56.6242252157
-57.3472735039
-59.202852204
-60.6761043506
-61.8708521602
-62.8586724407
-63.6894088609
-63.3982037912
-63.1102072897
-63.1670691458
-63.4289506212
-63.8051144858
-64.2373089884
-64.6887153903
-65.1366020517
-65.5674473136
-65.9737062269
-66.3516713673
-66.700061406
-67.0190933823
-67.3098761221
-67.5740165618
-67.8133669403
-68.029864936
-68.2254349023
-68.4019290519
-61.5611189104
-55.4045955285
0
-70.0
-70.0
-70.0
-70.0
-69.2756805625
-62.4797733476
-58.6529032404
-56.7350177348
0
-70.0
-70.0
-70.0
-70.0
-65.4979423868
-62.946776406
-56.7252583448
0
-70.0
-70.0
-70.0
-70.0
-69.824765747
-69.7254663369
-69.675037813
-69.6556127715
-68.6564522802
-67.768407576
-66.9766338343
-59.6383160791
-55.58071489
0
-70.0
-70.0
-70.0
-70.0
-66.8513928854
-66.0661672279
-64.7435011224
-64.1251180884
-63.949917665
-64.0464668221
-64.3028474223
-64.6465808684
-58.1526589498
-54.651217167
0
-70.0
-70.0
-70.0
-70.0
-62.9982872563
-59.0306500349
0
-70.0
-70.0
-70.0
-70.0
-69.5223330162
-69.2516550587
-68.1143267728
-67.1614522421
-66.6843457823
-66.5086037137
-66.7768162027
-67.045183156
-66.7491416673
-66.6798787184
-66.7489916585
-66.1951226636
-65.9896305112
-59.0047506791
-55.1803310905
0
-70.0
-70.0
-70.0
-70.0
-70.0
-70.0
-70.0
-70.0
-70.0
-70.0
-69.0518238776
-68.5145240749
-68.2416600575
-68.1365529784
-68.1356036317
-68.1971805693
-68.2942207129
-68.4093041086
-67.5703957847
-67.1480375975
-67.9881656598
-68.5593036419
-68.950009643
-69.2194329223
-70.0
-70.0
-70.0
-70.0
-70.0
-69.2962800716
-68.8975054454
-68.6949904883
-68.616981831
-69.5577495788
-70.0
-70.0
-70.0
-70.0
-69.999999578
-69.9999993388
-69.9999992173
-69.9999991706
-69.9999991701
-69.9999991975
-62.9999992778
-59.0333326833
-57.0188883039
-56.2429253994
-56.2359168101
-56.6905144295
-57.4069225202
-58.2565366239
-59.1577538653
-60.0598924147
-60.9325124638
-61.7583340778
-62.5285492436
-56.2756943193
0
-70.0
-70.0
-70.0
-70.0
-62.3333729355
-57.9889509322
-55.7826660325
-54.932806225
-54.9251301329
-55.42302014
-56.2076534728
-57.1381783568
-58.1252206753
0
-70.0
-70.0
-70.0
-70.0
-69.0759057778
-68.5522523852
-68.2863186035
-68.1838810477
-61.3650418767
-57.5615703116
-56.6941016836
0
-70.0
-70.0
-70.0
-70.0
-69.1659631947
-68.6933423383
-68.4533250799
-67.3608757706
-66.7933769927
-59.6811558689
-55.7577846657
0
-70.0
-70.0
-70.0
-70.0
-69.5649707003
-68.3357956271
-68.6534633336
-68.8889485131
-69.6228302259
-70.0
-70.0
-70.0
-70.0
-70.0
-70.0
-70.0
-70.0
-70.0
-70.0
-63.0081355326
-59.046079001
-58.0288375509
-57.8175314292
0
-70.0
-70.0
-70.0
-70.0
-68.1367169639
-61.6563786008
-58.0462962963
-56.2787037037
-55.6755246914
-55.7910997942
0
-70.0
-70.0
-70.0
-70.0
-65.2189876205
-62.509747272
-61.1338781539
-60.6038940779
-54.5209178626
0
-70.0
-70.0
-70.0
-70.0
-67.9509180126
-66.7897715531
-66.2000912923
-65.9729467594
-65.9708951477
-67.1039280736
-66.9388112235
-66.9417807393
-67.0455030908
-67.206219732
-67.3957757257
-67.5963167977
-67.7967642143
-67.9904738571
-68.1736838476
-68.344487047
-68.5021527317
-68.6466803848
-61.7794432308
-57.9331194973
0
-70.0
-70.0
-70.0
-70.0
-67.9257755616
-66.7503817132
-66.1534660137
-65.9235343935
-65.9214576083
-66.0561629502
-66.2684473904
-66.5202031415
-66.7872498207
-67.0545695009
-67.3131423257
-68.5578444663
-69.3527376018
-69.8512488963
-70.0
-70.0
-70.0
-70.0
-63.0585273582
-58.1250263981
-55.5607582753
-54.5035054592
0
-70.0
-70.0
-70.0
-70.0
-62.7052261425
-59.5705059974
-57.1690109532
0
-70.0
-70.0
-70.0
-70.0
-62.9707361683
-58.9874866636
-56.9646207387
-56.1854138258
-56.1783758839
-56.6348739226
-57.3542769484
-58.2074428656
-58.1158531411
-58.4570375351
-60.0454986277
-61.3303919957
-62.39031495
-63.2799248909
-64.037693359
-64.6910979946
-66.172312681
-67.1886310701
-67.4650314867
-67.7153706871
-67.9417285178
-68.1461522656
-68.3306014387
-61.4975412949
-55.3477871654
0
-70.0
-70.0
-70.0
-70.0
-62.8101764824
-59.7308049247
-58.2254884926
-56.7733100137
-56.3428925926
-56.5398790535
-57.1067416283
-57.8766344522
-58.7426823314
-58.7253464765
0
-70.0
-70.0
-70.0
-70.0
-62.0034254874
-57.4720332636
-55.1707968205
-54.2843617273
-54.2763552805
-54.795672903
-55.6140743798
0
-70.0
-70.0
-70.0
-70.0
-62.9923190548
-59.0212998525
-57.0046450027
-56.2278305928
-56.2208142603
-56.6759106522
-57.3931047989
-57.24410222
-57.5798972653
-58.195377717
-58.9581533974
-59.7838803591
-60.6198538575
-61.4341094946
-62.2081925604
-62.9323693145
-63.6024630565
-64.2177705331
-65.7796959835
-67.1908613876
-67.1363368149
-67.1990775107
-67.3300860112
-67.4976882445
-67.6816599763
-67.8693210162
-67.1407317681
-66.7988871603
-66.700484157
-59.7514809749
-55.9236963665
-54.0962357225
0
-70.0
-70.0
-70.0
-70.0
-69.7159865234
-69.5550455533
-69.4733127861
-69.4418293663
-69.4415450022
-69.4599895503
-69.4890566275
-69.5235283196
-69.5600937242
-70.0
-70.0
-70.0
-70.0
-63.197471461
-59.3427052889
0
-70.0
-70.0
-70.0
-70.0
-65.3333333333
-62.6888888889
-60.7903703704
-59.9582469136
-59.7936979424
-60.0351786283
-60.5122277522
-61.1147163014
-61.7723855543
-62.4412409209
-56.1754399164
0
-70.0
-70.0
-70.0
-70.0
-67.8854634015
-67.020559329
-66.6009315746
-66.4624572027
-65.4979673124
-64.7360078011
-57.7274275971
-54.8435737263
0
-70.0
-70.0
-70.0
-70.0
-67.9746989788
-61.2097444495
-57.4437802503
-55.6027423891
-55.9606867295
-56.6434304427
0
-70.0
-70.0
-70.0
-70.0
-68.4700502972
-68.5640603567
-69.0016643804
-69.2975046487
-70.0
-70.0
-70.0
-70.0
-70.0
-70.0
-70.0
-70.0
-70.0
-63.9965745126
-60.5946334031
0
-70.0
-70.0
-70.0
-70.0
-69.0050297211
-68.4412132297
-68.1548828939
-61.3177176921
-58.4932669613
-57.1821542908
-57.3783037677
-57.9167166616
-59.1980960648
-60.3269871712
-61.326755596
-62.2157247977
-63.8110512946
-63.9752221224
-64.2745505483
-64.6449959189
-65.8482324131
-60.0658783076
-56.9276032341
-55.1237317995
-54.5372845455
-54.7008400416
-55.3089453378
-56.1635103377
0
-70.0
-70.0
-70.0
-70.0
-67.871547359
-61.7394982698
-58.335618874
-56.6821039407
-55.1373503367
0
-70.0
-70.0
-70.0
-70.0
-68.8641975309
-68.2205761317
-67.8937174211
-66.8263392775
-66.2917010822
-66.0945281288
-59.227797462
-55.4668324798
0
-70.0
-70.0
-70.0
-70.0
-66.1851851852
-64.0234567901
-62.9256378601
-62.5027585734
-62.4989390489
-63.707664257
-64.6426439066
-65.3822102328
-65.9798763541
-66.4724801484
-66.88562642
-68.1495351405
-68.9695625347
-62.5119124946
-58.8869253874
-56.0846526017
0
-70.0
-70.0
-70.0
-70.0
-66.7407407407
-64.8938271605
-63.9558847737
-63.5945898491
-63.5913265661
-63.802991044
-64.136556696
-64.5321441974
-64.9517585582
-65.3718018895
-65.7781011586
-66.1626106814
-66.5212293724
-66.8523596079
-68.1549441364
-68.9979967156
-69.5372283726
-69.8761930878
-70.0
-70.0
-70.0
-70.0
-63.0389590391
-60.0683568664
-58.6170503339
-58.1256980699
-58.2266967759
-58.6797394403
-59.3289070576
-60.074110726
-60.8520959029
-61.6238171456
-62.3660559863
-63.0658640912
-63.7168868178
-64.3169375598
-64.8664034197
-65.3672028217
-65.8221090354
-67.232793357
-61.1761806478
-55.5030070007
0
-70.0
-70.0
-70.0
-70.0
-68.370370368
-67.4469135766
-66.9779423825
-66.7972949199
-66.7956632784
-67.8429678541
-61.7253377351
-58.3305817393
-56.6827087504
0
-70.0
-70.0
-70.0
-70.0
-66.9149011838
-65.1666785212
-64.2788556397
-63.9368667227
-63.9337778151
-64.1341318768
-56.7230023473
0
-70.0
-70.0
-70.0
-70.0
-69.5336076818
-69.2693187014
-69.1351013565
-69.0834009043
-69.0829339362
-69.1132226241
-69.1609550828
-69.2175627218
-69.2776085479
-69.3377157586
-61.4116515294
-56.9422912742
-54.6959320786
0
-70.0
-70.0
-70.0
-70.0
-69.7268709038
-69.5720977493
-69.493497265
-69.4632203989
-69.4629469326
-69.4806846217
-69.5086377478
-69.5417883652
-69.5769524568
-69.6121524965
-69.6462007705
-69.6784230425
-69.7084756376
-62.7376280739
-58.7971985998
-55.8078900676
-54.4873752793
-54.212153897
0
