-70.0
-70.0
-70.0
-70.0
-70.0
-70.0
-70.0
-70.0
-70.0
-70.0
-70.0
-70.0
-70.0
-70.0
-70.0
-70.0
-70.0
-70.0
-70.0
-70.0
-63.8903209649
-60.4281695117
-54.7810507671
-56.9932655503
-70.0
-70.0
-70.0
-70.0
-70.0
-70.0
-70.0
-70.0
-70.0
-64.5430720065
-59.1174794769
-56.2248746432
-54.9484825883
-54.6843646023
-58.0211826108
-67.1406294602
-70.0
-70.0
-70.0
-70.0
-70.0
-70.0
-70.0
-63.9899161372
-60.5842019483
-58.85463337
-58.188404444
-61.6602932903
-70.0
-70.0
-70.0
-70.0
-70.0
-70.0
-69.6241385877
-64.4852245281
-61.5857019414
-60.1264649914
-59.580040655
-59.5995180313
-59.9578871894
-54.1221862443
-54.6930626954
-70.0
-70.0
-70.0
-70.0
-70.0
-70.0
-70.0
-65.4716157607
-62.9055313584
-61.602363005
-61.1003832262
-60.09614998
-59.8237383663
-59.9995001192
-62.5273536568
-64.0241279425
-70.0
-70.0
-70.0
-70.0
-70.0
-70.0
-70.0
-70.0
-70.0
-70.0
-70.0
-70.0
-64.4607118355
-67.2417618823
-70.0
-70.0
-70.0
-69.1252129111
-68.6295002274
-68.3777559429
-69.1490969314
-69.64026496
-69.9469569452
-70.0
-70.0
-70.0
-70.0
-70.0
-70.0
-70.0
-70.0
-70.0
-70.0
-70.0
-70.0
-70.0
-70.0
-69.7695502026
-69.6389619841
-69.5726436536
-69.5470978668
-70.0
-70.0
-70.0
-70.0
-70.0
-70.0
-70.0
-70.0
-70.0
-70.0
-70.0
-70.0
-70.0
-70.0
-70.0
-70.0
-70.0
-70.0
-70.0
-70.0
-70.0
-70.0
-70.0
-70.0
-70.0
-70.0
-70.0
-63.7022307714
-63.3884533311
-70.0
-70.0
-70.0
-70.0
-70.0
-70.0
-70.0
-70.0
-70.0
-70.0
-70.0
-70.0
-69.4773466013
-62.493493112
-60.1767200953
-66.5433631041
-70.0
-70.0
-70.0
-70.0
-70.0
-70.0
-70.0
-70.0
-70.0
-70.0
-70.0
-70.0
-70.0
-70.0
-70.0
-70.0
-70.0
-70.0
-70.0
-70.0
-70.0
-70.0
-70.0
-70.0
-69.7140170978
-69.5519601199
-62.4697153543
-58.9537450531
-61.7612957847
-70.0
-70.0
-70.0
-70.0
-70.0
-70.0
-70.0
-65.4117573117
-61.8168913528
-59.9327420657
-59.1378277579
-59.0229515813
-59.3199274893
-60.0340141286
-62.864538106
-70.0
-70.0
-70.0
-70.0
-70.0
-67.3739096808
-65.8857918333
-65.9983741542
-66.1993110749
-66.4465628582
-66.7133618329
-66.9829958233
-67.2453430234
-70.0
-70.0
-70.0
-70.0
-70.0
-70.0
-70.0
-70.0
-70.0
-63.548634025
-60.8913375337
-59.6005817211
-59.1727755095
-59.4517471865
-63.4953799835
-70.0
-70.0
-70.0
-70.0
-70.0
-70.0
-70.0
-70.0
-70.0
-70.0
-70.0
-70.0
-70.0
-70.0
-70.0
-70.0
-70.0
-70.0
-70.0
-70.0
-70.0
-70.0
-70.0
-70.0
-70.0
-70.0
-70.0
-69.4404865071
-70.0
-70.0
-70.0
-70.0
-70.0
-70.0
-70.0
-70.0
-70.0
-63.9796202224
-60.5680716818
-58.835540168
-58.1681699208
-58.4106956181
-60.9904515827
-70.0
-70.0
-70.0
-70.0
-70.0
-70.0
-67.3118058602
-65.7884958476
-65.0148933118
-64.7169020133
-64.7142105004
-64.8887885759
-65.1639091354
-65.4901844999
-70.0
-70.0
-70.0
-70.0
-70.0
-70.0
-70.0
-70.0
-70.0
-70.0
-70.0
-70.0
-70.0
-63.8782776833
-60.4093017038
-58.9092225902
-70.0
-70.0
-70.0
-70.0
-70.0
-70.0
-70.0
-70.0
-70.0
-70.0
-70.0
-70.0
-63.6287638303
-60.0183966674
-58.1848964808
-60.7497022499
-70.0
-70.0
-70.0
-70.0
-70.0
-70.0
-70.0
-70.0
-70.0
-70.0
-64.4920731197
-61.3709145542
-59.7858555965
-59.1752917019
-58.169776987
-57.9608089252
-61.5786467483
-67.6549452559
-70.0
-70.0
-70.0
-70.0
-70.0
-70.0
-70.0
-70.0
-70.0
-63.2824891452
-59.4758996609
-62.242387769
-65.7716940772
-70.0
-70.0
-70.0
-70.0
-70.0
-70.0
-70.0
-70.0
-70.0
-69.4941223703
-69.2074583801
-69.0618780399
-70.0
-70.0
-70.0
-70.0
-70.0
-70.0
-70.0
-70.0
-70.0
-70.0
-70.0
-70.0
-70.0
-69.3588811841
-62.0765076614
-57.971199959
-58.38263549
-64.5900655233
-70.0
-70.0
-70.0
-70.0
-70.0
-70.0
-70.0
-70.0
-63.5683015413
-57.5903390814
0
-70.0
-70.0
-70.0
-70.0
-70.0
-70.0
-70.0
-70.0
-70.0
-70.0
-69.9559343073
-69.9309637482
-69.9182826211
-63.0954839216
-59.2319552378
-61.5440667972
-70.0
-70.0
-70.0
-70.0
-70.0
-70.0
-70.0
-70.0
-70.0
-70.0
-70.0
-63.5964793332
-59.967817622
-58.1250266746
-61.7376227417
-70.0
-70.0
-70.0
-70.0
-70.0
-70.0
-70.0
-70.0
-70.0
-70.0
-70.0
-70.0
-63.3126943736
-60.8597266526
-68.8165114566
-70.0
-70.0
-70.0
-70.0
-70.0
-70.0
-64.8536749823
-61.937424139
-60.4564261617
-59.8859465033
-59.8807938248
-60.2150090902
-61.7410279736
-64.8280382324
-69.3509614136
-70.0
-70.0
-70.0
-70.0
-70.0
-70.0
-70.0
-70.0
-70.0
-70.0
-70.0
-70.0
-70.0
-70.0
-70.0
-70.0
-70.0
-70.0
-65.2974019646
-62.6325964113
-60.2815768571
-59.1949125627
-59.9020686081
-60.6629599484
-64.5612047419
-70.0
-70.0
-70.0
-70.0
-66.0267615735
-63.7752597985
-62.6318500736
-61.1991165828
-60.6328392689
-60.6053115716
-60.9019512341
-65.7321142453
-70.0
-70.0
-70.0
-70.0
-70.0
-70.0
-70.0
-70.0
-70.0
-70.0
-70.0
-70.0
-70.0
-70.0
-70.0
-70.0
-70.0
-70.0
-70.0
-70.0
-70.0
-69.940901615
-69.9074125302
-69.8904053283
-69.8838541629
-70.0
-70.0
-70.0
-70.0
-70.0
-68.2517735716
-67.2611119289
-66.7580112123
-67.47642558
-68.3249266814
-68.8898631194
-69.265829545
-69.5158817488
-70.0
-70.0
-70.0
-70.0
-70.0
-70.0
-70.0
-70.0
-70.0
-70.0
-70.0
-70.0
-70.0
-70.0
-63.1296525047
-62.9383683884
-64.55867265
-68.7755501414
-70.0
-70.0
-70.0
-70.0
-70.0
-70.0
-70.0
-70.0
-70.0
-70.0
-70.0
-70.0
-70.0
-70.0
-70.0
-70.0
-70.0
-70.0
-70.0
-70.0
-70.0
-70.0
-64.6981765611
-61.6938099458
-56.2791740895
0
-70.0
-70.0
-70.0
-70.0
-70.0
-70.0
-70.0
-70.0
-70.0
-70.0
-70.0
-69.8908932284
-69.8290660579
-69.7976675536
-69.7855728659
-70.0
-70.0
-70.0
-70.0
-70.0
-70.0
-70.0
-65.798002264
-63.4168702136
-61.3393158856
-60.3814727594
-60.1273844583
-60.3040186624
0
-70.0
-70.0
-70.0
-70.0
-70.0
-70.0
-70.0
-67.1676899511
-65.5627142567
-64.7476383648
-64.4336715509
-63.4423967641
-63.0662186665
-63.0716378525
-64.2790580446
-70.0
-70.0
-70.0
-70.0
-70.0
-70.0
-70.0
-70.0
-70.0
-70.0
-70.0
-70.0
-69.2367531566
-68.8042466119
-70.0
-70.0
-70.0
-70.0
-70.0
-70.0
-70.0
-70.0
-70.0
-70.0
-69.7475092213
-69.6044311134
-69.5317698782
-69.5037808078
-69.998891106
-70.0
-70.0
-70.0
-70.0
-70.0
-70.0
-70.0
-70.0
-65.4989549979
-62.94836283
-61.7518275338
-61.3088454382
-61.3327613329
-61.6360188253
-55.7113131596
-59.8062255981
-70.0
-70.0
-70.0
-70.0
-70.0
-70.0
-70.0
-70.0
-70.0
-70.0
-70.0
-70.0
-70.0
-70.0
-68.8696618074
-70.0
-70.0
-70.0
-70.0
-70.0
-70.0
-70.0
-70.0
-70.0
-70.0
-70.0
-69.1991023034
-69.9284456132
-70.0
-70.0
-70.0
-70.0
-70.0
-70.0
-70.0
-70.0
-70.0
-70.0
-70.0
-70.0
-70.0
-70.0
-69.0294822753
-70.0
-70.0
-70.0
-70.0
-70.0
-70.0
-70.0
-70.0
-70.0
-70.0
-63.6425689212
-58.7066910046
-56.1216078878
-55.0331710882
-54.8790033054
-58.2312531718
-70.0
-70.0
-70.0
-70.0
-70.0
-70.0
-70.0
-70.0
-65.0905727422
-62.3085639628
-60.8957398963
-60.3515207933
-60.346605305
-60.6654358352
-63.3281448951
-70.0
-70.0
-70.0
-70.0
-70.0
-70.0
-70.0
-70.0
-70.0
-70.0
-70.0
-69.1277549361
-68.6334827332
-68.382469987
-68.9493321022
-65.6329495998
-67.3276976567
-70.0
-70.0
-70.0
-70.0
-70.0
-70.0
-70.0
-64.2741846223
-61.0295559083
-59.3817934829
-58.7470762449
-58.7413433607
-59.5462052303
-70.0
-70.0
-70.0
-70.0
-70.0
-70.0
-70.0
-70.0
-66.1748811474
-64.0073137977
-62.9065295945
-56.6443736555
0
-70.0
-70.0
-70.0
-70.0
-70.0
-70.0
-70.0
-70.0
-70.0
-68.2359461432
-63.914543311
-62.5238735284
-61.3831203191
-60.9858977162
-55.4307502799
0
-70.0
-70.0
-70.0
-70.0
-70.0
-70.0
-70.0
-70.0
-69.7141147854
-69.5521131638
-70.0
-70.0
-69.5739431352
-69.3325109118
-70.0
-70.0
-70.0
-70.0
-70.0
-70.0
-70.0
-70.0
-66.066530525
-63.8375644892
-62.7055993847
-62.2695670092
-61.3046471259
-61.0155402918
-61.8668266106
-57.3246141244
-61.0561896635
-67.1399285257
-66.9589049934
-66.9516607075
-67.0489254458
-67.2056534406
-67.3928351227
-67.5920496279
-67.7918433435
-67.9853247947
-68.4474716943
-70.0
-70.0
-70.0
-70.0
-70.0
-70.0
-70.0
-70.0
-70.0
-70.0
-70.0
-69.7840371318
-69.6616581731
-69.5995088588
-70.0
-70.0
-70.0
-70.0
-70.0
-70.0
-70.0
-70.0
-70.0
-65.6086084817
-62.125291519
-60.2977916241
-59.5246986331
-59.4100195507
-59.6942114495
-60.2082528739
-62.1061992529
-68.8522531961
-70.0
-70.0
-70.0
-70.0
-70.0
-70.0
-70.0
-70.0
-70.0
-70.0
-70.0
-70.0
-70.0
-70.0
-70.0
-70.0
-70.0
-70.0
-70.0
-70.0
-70.0
-70.0
-70.0
-70.0
-70.0
-70.0
-70.0
-70.0
-70.0
-70.0
-70.0
-70.0
-70.0
-70.0
-70.0
-70.0
-70.0
-70.0
-70.0
-69.3537895979
-68.9876037033
-69.0592200267
-70.0
-70.0
-70.0
-70.0
-70.0
-70.0
-69.7610031143
-69.6255715457
-69.556793553
-68.8265966019
-68.4275918779
-69.2404021618
-69.75340826
-63.3425607398
-59.7179668697
-58.8908556973
-65.5553012313
-70.0
-70.0
-70.0
-70.0
-70.0
-70.0
-70.0
-70.0
-70.0
-70.0
-70.0
-70.0
-70.0
-70.0
-70.0
-70.0
-70.0
-70.0
-70.0
-67.3009144537
-63.4380993109
-61.3391402481
-60.3684601355
-59.1073038826
-58.7137000014
-58.8537476726
-59.3093180196
-60.6216051641
-65.7286352876
-70.0
-70.0
-70.0
-70.0
-70.0
-70.0
-70.0
-65.5411160485
-64.0143260378
-63.2977744969
-63.091251089
-63.1976286747
-63.488200937
-63.8796042631
-69.0933601591
-70.0
-70.0
-70.0
-70.0
-70.0
-70.0
-70.0
-70.0
-66.2132615156
-64.0674430411
-62.9777038551
-62.5579368816
-62.5541454681
-62.8000657711
-63.1876157605
-63.3601651638
-70.0
-70.0
-70.0
-70.0
-70.0
-70.0
-70.0
-70.0
-70.0
-70.0
-70.0
-70.0
-70.0
-70.0
-70.0
-69.6546570675
-69.4589627391
-70.0
-70.0
-70.0
-70.0
-70.0
-70.0
-70.0
-70.0
-65.8234341311
-63.456713472
-62.2547906275
-61.7918105665
-60.7991898644
-61.0463231871
-63.004452286
-70.0
-70.0
-70.0
-70.0
-70.0
-70.0
-70.0
-70.0
-69.4099259315
-69.075550626
-68.9057404219
-68.8403296187
-68.0372696803
-67.6208580613
-68.2712971614
-70.0
-70.0
-70.0
-70.0
-70.0
-70.0
-67.5773705224
-65.2218886817
-63.9678699546
-63.4165297198
-63.3051745883
-62.6590532206
-56.7857247391
0
-70.0
-70.0
-70.0
-70.0
-70.0
-70.0
-70.0
-70.0
-66.9073168949
-65.1547964687
-64.2647909973
-63.1194922121
-62.6616632006
-62.0760214648
-61.9887690411
-62.2034586189
-62.9996957336
-69.5615761788
-70.0
-70.0
-70.0
-70.0
-70.0
-70.0
-70.0
-70.0
-70.0
-70.0
-70.0
-70.0
-70.0
-64.3601088041
-66.1574695544
-70.0
-70.0
-70.0
-70.0
-67.97135655
-66.8217919283
-67.1063061816
-62.4475452683
-59.9040372113
-58.7144644701
-58.376905343
-58.5618063553
-59.0540200842
-55.9910300385
-66.5824771824
-70.0
-70.0
-70.0
-70.0
-70.0
-67.3527757797
-65.8526820549
-65.0908697515
-64.7974200444
-64.7730926396
-65.2660597754
-65.7196380644
-66.1344637689
-70.0
-70.0
-70.0
-70.0
-70.0
-70.0
-70.0
-70.0
-70.0
-70.0
-70.0
-70.0
-70.0
-70.0
-70.0
-70.0
-70.0
-70.0
-70.0
-70.0
-70.0
-70.0
-70.0
-69.0801905526
-68.5589651991
-68.2942644804
-68.1923018998
-69.8886641047
-70.0
-70.0
-70.0
-70.0
-70.0
-70.0
-70.0
-70.0
-70.0
-70.0
-70.0
-70.0
-66.4907222165
-68.4138319312
-70.0
-70.0
-70.0
-70.0
-70.0
-70.0
-70.0
-70.0
-69.1502833631
-68.6687772688
-70.0
-70.0
-70.0
-70.0
-70.0
-70.0
-70.0
-70.0
-70.0
-70.0
-70.0
-70.0
-70.0
-70.0
-70.0
-70.0
-70.0
-70.0
-70.0
-70.0
-70.0
-70.0
-70.0
-70.0
-70.0
-64.072488575
-66.4063873372
-70.0
-70.0
-70.0
-70.0
-70.0
-70.0
-70.0
-70.0
-64.3673151178
-61.1754603512
-59.5544988129
-58.9301052628
-62.466052294
-70.0
-70.0
-70.0
-70.0
-66.6761903271
-64.792698179
-63.8361796176
-63.4677291602
-63.464401247
-63.6802577909
-64.0204297909
-65.0312277039
-67.1981119254
-70.0
-70.0
-69.705163392
-68.7356201784
-65.3061363961
-63.4049082469
-62.4840077491
-62.1820005255
-62.2613961738
-62.5669870237
-63.9103171376
-67.3310771883
-70.0
-70.0
-70.0
-70.0
-70.0
-70.0
-70.0
-70.0
-70.0
-70.0
-70.0
-70.0
-70.0
-70.0
-70.0
-70.0
-70.0
-70.0
-70.0
-68.7064979118
-67.9735133952
-63.7123833498
-61.3652925443
-60.2448616428
-59.8977743805
-60.0262628771
-60.4358138791
-60.3075858444
-66.3568380237
-70.0
-70.0
-70.0
-70.0
-70.0
-70.0
-70.0
-70.0
-70.0
-70.0
-70.0
-70.0
-69.4174161892
-69.5090070043
-70.0
-70.0
-70.0
-70.0
-70.0
-70.0
-70.0
-70.0
-70.0
-70.0
-70.0
-70.0
-70.0
-70.0
-63.612001035
-56.6639398526
-54.4679271046
-61.2366434883
-70.0
-70.0
-70.0
-70.0
-70.0
-70.0
-70.0
-70.0
-70.0
-70.0
-70.0
-70.0
-68.4225783829
-70.0
-70.0
-70.0
-70.0
-70.0
-70.0
-70.0
-70.0
-70.0
-70.0
-70.0
-70.0
-70.0
-70.0
-70.0
-70.0
-70.0
-70.0
-70.0
-70.0
-64.9495681794
-62.0876568144
-60.6342547683
-60.0744050483
-60.0693483814
-62.3451988129
-68.4106956129
-70.0
-70.0
-70.0
-70.0
-70.0
-70.0
-70.0
-70.0
-70.0
-70.0
-70.0
-70.0
-70.0
-70.0
-70.0
-70.0
-70.0
-66.8251444353
-64.0270745745
-62.5473301722
-61.9079058584
-61.7939877415
-61.9991706133
-61.5206618921
-61.1828679296
-66.392622081
-70.0
-70.0
-70.0
-70.0
-70.0
-70.0
-70.0
-70.0
-70.0
-69.8568252032
-69.7756928184
-69.7344902935
-70.0
-64.0526456983
-57.4808321701
-54.1890885599
-61.3136608973
-70.0
-70.0
-70.0
-70.0
-70.0
-70.0
-70.0
-70.0
-70.0
-70.0
-70.0
-70.0
-64.2562989839
-61.4860118828
-67.5029375245
-70.0
-70.0
-70.0
-69.2911188305
-65.5595116552
-63.4685636282
-62.4317093577
-62.3321571516
-62.8613539228
-57.3386375544
0
-70.0
-70.0
-70.0
-70.0
-70.0
-70.0
-70.0
-70.0
-70.0
-70.0
-70.0
-70.0
-64.1549738463
-60.8427923592
-60.1555854905
-60.0714085196
-60.3518553864
-64.8662072217
-70.0
-70.0
-70.0
-70.0
-70.0
-70.0
-70.0
-70.0
-70.0
-70.0
-70.0
-70.0
-63.2886011007
-59.4854750577
-56.5592218278
-61.0848180912
-70.0
-70.0
-70.0
-70.0
-70.0
-70.0
-70.0
-70.0
-70.0
-70.0
-70.0
-70.0
-70.0
-70.0
-70.0
-70.0
-70.0
-70.0
-70.0
-70.0
-70.0
-70.0
-70.0
-70.0
-70.0
-70.0
-70.0
-70.0
-70.0
-70.0
-70.0
-70.0
-70.0
-70.0
-70.0
-70.0
-70.0
-64.0180420756
-60.6282659185
-58.1043222245
-56.9864786005
-56.7495564729
-58.2236117469
-70.0
-70.0
-70.0
-70.0
-70.0
-70.0
-70.0
-70.0
-70.0
-70.0
-70.0
-70.0
-70.0
-70.0
-70.0
-70.0
-70.0
-70.0
-70.0
-70.0
-70.0
-70.0
-70.0
-64.7696697773
-61.8058159845
-59.3006509986
-58.1541969738
-58.9620593712
-69.8794553455
-70.0
-70.0
-70.0
-70.0
-70.0
-70.0
-70.0
-70.0
-70.0
-62.8761747095
-58.8393403782
-56.7892617668
-57.7860793578
-68.659109881
-70.0
-70.0
-70.0
-70.0
-70.0
-65.2608739808
-62.5753692366
-61.2115540821
-60.6862131867
-55.0641842593
0
-70.0
-70.0
-70.0
-70.0
-70.0
-70.0
-70.0
-70.0
-70.0
-70.0
-70.0
-70.0
-70.0
-70.0
-70.0
-70.0
-70.0
-70.0
-70.0
-69.5463362325
-70.0
-70.0
-70.0
-70.0
-70.0
-70.0
-70.0
-70.0
-69.0310712799
-70.0
-70.0
-70.0
-70.0
-70.0
-70.0
-70.0
-70.0
-70.0
-70.0
-70.0
-70.0
-62.2507878001
-57.8595675535
-58.8521082172
-70.0
-70.0
-70.0
-70.0
-70.0
-70.0
-66.7322164528
-64.8804724427
-60.0511880663
-57.485244505
-56.3628368846
-57.1439637295
-58.0411743788
-57.9796507279
-61.3865874605
-70.0
-70.0
-70.0
-70.0
-70.0
-70.0
-70.0
-66.7372105793
-64.8882965742
-63.9493382853
-63.5876520358
-63.5843852183
-62.7997044412
-62.5689058269
-65.0049838486
-70.0
-70.0
-70.0
-70.0
-70.0
-70.0
-70.0
-70.0
-70.0
-70.0
-70.0
-70.0
-70.0
-70.0
-70.0
-70.0
-70.0
-70.0
-70.0
-70.0
-63.9658052722
-61.5387209132
-56.4756240451
0
-70.0
-70.0
-70.0
-70.0
-70.0
-70.0
-70.0
-70.0
-70.0
-70.0
-70.0
-70.0
-70.0
-70.0
-70.0
-70.0
-63.1386012908
-63.0416386621
-70.0
-70.0
-70.0
-70.0
-70.0
-70.0
-70.0
-65.3636274217
-60.3203630299
-57.6170589605
-56.4078412202
-56.1353825353
-56.4340612399
-58.7072993903
-63.2749418483
-70.0
-70.0
-70.0
-70.0
-70.0
-70.0
-70.0
-70.0
-63.7955259553
-60.27965733
-58.4941475771
-57.8063701395
-59.2613434549
-70.0
-70.0
-70.0
-70.0
-70.0
-70.0
-68.2283979165
-67.2244900692
-66.7146623585
-66.5182769867
-66.5165031975
-66.631555484
-66.8128683398
-67.0278937753
-68.0964667341
-70.0
-70.0
-70.0
-70.0
-70.0
-70.0
-69.7606506662
-69.6250193771
-68.6146676211
-68.0546343135
-67.7834598519
-67.6946398465
-66.9157240459
-59.9608774083
-56.1226068454
-55.3945737272
-63.5570341547
-70.0
-70.0
-70.0
-70.0
-70.0
-70.0
-70.0
-63.7289500307
-60.1753550481
-58.3706862236
-57.6755287214
-57.6692499294
-57.2081948994
-61.9649255449
-70.0
-70.0
-70.0
-70.0
-70.0
-70.0
-70.0
-64.9522891739
-59.0548826687
-55.88127601
-54.4477361477
-54.1060210255
-55.4307912512
-56.7112936783
-58.296378036
-57.8943636313
-68.8424284367
-70.0
-70.0
-70.0
-70.0
-70.0
-70.0
-70.0
-70.0
-70.0
-69.5437557931
-69.2852174092
-69.1539204653
-70.0
-70.0
-70.0
-70.0
-70.0
-70.0
-70.0
-70.0
-70.0
-70.0
-64.87310008
-61.9678567919
-60.4924489261
-59.9241225757
-59.9189893462
-60.4381731681
-61.4393884341
-70.0
-70.0
-70.0
-70.0
-70.0
-70.0
-70.0
-70.0
-70.0
-70.0
-70.0
-70.0
-70.0
-70.0
-70.0
-70.0
-70.0
-70.0
-70.0
-70.0
-70.0
-70.0
-70.0
-70.0
-70.0
-70.0
-70.0
-70.0
-69.5065261643
-69.2268909907
-69.0848801869
-70.0
-70.0
-70.0
-70.0
-70.0
-70.0
-70.0
-70.0
-70.0
-70.0
-70.0
-70.0
-70.0
-63.0999269326
-56.8565521945
0
-70.0
-70.0
-70.0
-70.0
-70.0
-70.0
-70.0
-70.0
-70.0
-70.0
-70.0
-70.0
-70.0
-70.0
-70.0
-70.0
-70.0
-70.0
-70.0
-70.0
-65.5190982319
-62.9799205634
-57.8015277212
-55.1011077586
0
-70.0
-70.0
-70.0
-70.0
-70.0
-70.0
-70.0
-70.0
-70.0
-70.0
-70.0
-70.0
-70.0
-70.0
-70.0
-70.0
-70.0
-69.2328264645
-70.0
-70.0
-70.0
-70.0
-70.0
-70.0
-70.0
-70.0
-70.0
-70.0
-65.0322697684
-62.5505559705
-61.3098424927
-60.8550863229
-62.4880491172
-64.7359911388
-70.0
-70.0
-70.0
-70.0
-70.0
-68.5419164317
-67.7156690763
-67.2960650272
-62.2085078376
-57.8848257317
-55.6944556104
0
-70.0
-70.0
-70.0
-70.0
-70.0
-70.0
-70.0
-70.0
-70.0
-70.0
-65.0577515882
-62.2571441549
-61.703187647
-61.6473741539
-56.2750229691
-58.4192271737
-70.0
-70.0
-70.0
-70.0
-70.0
-70.0
-70.0
-70.0
-70.0
-70.0
-70.0
-69.3310122313
-68.9519191624
-68.7593993489
-68.6852408159
-70.0
-70.0
-70.0
-70.0
-70.0
-70.0
-70.0
-70.0
-70.0
-70.0
-70.0
-70.0
-70.0
-70.0
-70.0
-70.0
-70.0
-70.0
-70.0
-70.0
-70.0
-70.0
-70.0
-70.0
-70.0
-70.0
-70.0
-70.0
-70.0
-70.0
-70.0
-70.0
-70.0
-70.0
-70.0
-70.0
-70.0
-70.0
-70.0
-70.0
-64.23631349
-62.5335934219
-70.0
-70.0
-70.0
-70.0
-70.0
-70.0
-70.0
-70.0
-70.0
-70.0
-64.048189011
-60.6754961173
-55.0738082883
0
-70.0
-70.0
-70.0
-70.0
-70.0
-70.0
-70.0
-70.0
-70.0
-70.0
-70.0
-70.0
-70.0
-63.5897346058
-59.9572508825
-60.7043409308
-70.0
-70.0
-70.0
-70.0
-70.0
-70.0
-70.0
