-70.0
-66.6334701973
-64.7257699758
-63.7569575103
-63.3837714474
-62.5779316256
-62.3418300116
-60.2966727633
-59.3930226556
-59.2043985024
-59.4510773937
-59.9507154821
-60.5854744857
-61.280147405
-61.9876129098
-62.6791717823
-63.1768284668
-63.7028615286
-64.2283859814
-64.4578666038
-65.9328184684
-67.651627825
-69.7611925115
-70.0
-70.0
-68.1905462904
-67.1651891883
-65.6834870631
-64.9383495526
-64.1044331722
-63.8006022383
-63.2693947144
-63.1750237097
-63.3459003165
-63.6702296033
-61.1150768054
-59.0893059656
-59.152002472
-59.5512202934
-60.1390436432
-59.9521234411
-60.1749005384
-61.3606602361
-63.7346614356
-65.6110382331
-66.8831630372
-68.0869376764
-68.1479032561
-68.5577763646
-70.0
-70.0
-70.0
-70.0
-70.0
-70.0
-70.0
-70.0
-70.0
-70.0
-70.0
-70.0
-70.0
-69.0756839463
-69.6588257431
-70.0
-70.0
-70.0
-68.5860245444
-67.7847717862
-67.3778610717
-66.2212083788
-65.6531764837
-65.4572514639
-65.4911214032
-65.66173932
-65.9087187594
-66.1932824644
-66.4909112719
-66.7864581807
-68.070896564
-69.5143200913
-68.8508869075
-69.4978036562
-70.0
-70.0
-70.0
-68.7308286193
-67.222788236
-65.621694464
-65.2963358933
-63.9431707752
-63.3331660118
-63.1893909534
-61.6648104328
-62.0105602428
-62.4843247874
-63.3112877037
-64.0191479653
-65.6882336957
-67.5745610603
-69.6994139485
-70.0
-69.968269018
-69.9502881282
-68.4044554881
-67.8634740544
-66.2953639465
-64.6096729929
-63.7779359877
-63.4862959183
-63.5284353461
-64.1211776477
-63.1847711219
-63.6403651349
-63.5698760531
-63.1179050526
-63.0761256172
-63.2818537687
-63.6292288673
-64.0500129643
-64.5008163236
-62.7265821189
-61.9044888588
-61.6810832742
-61.8243371475
-62.1828115667
-62.6584691659
-61.029812807
-60.3516252315
-60.2663251784
-60.539600974
-59.1198459599
-58.6306647528
-57.7168105096
-57.5779376133
-58.2525361985
-59.2555880862
-61.5174802073
-63.1573661396
-64.3693854944
-65.2842842575
-65.9904140401
-67.4160575321
-68.7187129828
-70.0
-70.0
-70.0
-70.0
-70.0
-70.0
-70.0
-70.0
-68.4501574645
-67.571913361
-64.8113648267
-62.9946568786
-62.1381435471
-61.88629743
-61.3019428083
-61.2412652751
-61.4968165793
-61.9335868092
-63.4635144275
-64.599353851
-66.2658472823
-67.7268202897
-67.9481831232
-66.6633374507
-66.0036521322
-64.4263137574
-63.665700274
-62.1057367288
-61.4329007108
-61.3147690763
-60.5724162353
-58.5421901973
-56.9171383003
-55.6744988484
-55.5595480109
-56.173605505
-57.9589560202
-56.7840037849
-57.1917577276
-57.9478051934
-59.0361837615
-59.1549276786
-59.5876764395
-60.1944031481
-60.8852924016
-61.6036495404
-62.3145421723
-62.997259679
-63.6403148604
-64.2381374739
-63.8004541461
-64.3938208147
-64.9367134554
-65.4312252579
-67.0136256043
-69.0259094663
