-70.0
-70.0
-70.0
-70.0
-70.0
-70.0
-70.0
-70.0
-70.0
-70.0
-70.0
-70.0
-70.0
-70.0
-70.0
-70.0
-63.6210028959
-57.6729045369
-54.5149487036
-55.0943093437
-61.5004739523
-70.0
-70.0
-70.0
-70.0
-70.0
-70.0
-70.0
-70.0
-70.0
-70.0
-70.0
-70.0
-70.0
-70.0
-70.0
-70.0
-70.0
-70.0
-70.0
-70.0
-63.8759435923
-60.4056449613
-58.6432776173
-57.9644146237
-59.3185955955
-63.9541679907
-63.6406632338
-62.5732762322
-62.3316181569
-58.6074027065
-56.7526266794
-56.0813401738
-56.142523598
-56.786905774
0
-70.0
-70.0
-70.0
-70.0
-70.0
-70.0
-70.0
-70.0
-70.0
-70.0
-70.0
-70.0
-70.0
-70.0
-70.0
-70.0
-70.0
-70.0
-70.0
-70.0
-70.0
-70.0
-64.9050150427
-62.0178569002
-60.5516334514
-59.9868449338
-59.9817436587
-54.567290875
0
-70.0
-70.0
-70.0
-70.0
-70.0
-70.0
-70.0
-64.8676845902
-62.2632754795
-61.2603643402
-62.6161119418
-65.3342852958
-70.0
-70.0
-70.0
-70.0
-70.0
-64.5870827489
-61.5197629732
-59.9620456754
-54.6592322927
0
-70.0
-70.0
-70.0
-70.0
-70.0
-70.0
-70.0
-70.0
-70.0
-70.0
-64.3662366326
-61.1737707244
-59.552498822
-58.9279857198
-64.1064310281
-70.0
-70.0
-68.5873936263
-67.9109111257
-67.5746579212
-67.4537507344
-67.4660813978
-67.5579437493
-61.7355521985
-58.5175988613
-57.1236142252
-59.0188427969
-63.2344639947
-70.0
-70.0
-70.0
-70.0
-70.0
-70.0
-70.0
-64.4516786451
-61.3076298774
-59.7109462875
-54.5546934795
0
-70.0
-70.0
-70.0
-70.0
-70.0
-70.0
-70.0
-70.0
-70.0
-65.0493846879
-62.244036011
-60.8193589379
-60.2705740627
-60.7237516615
-64.3866520254
-70.0
-70.0
-70.0
-70.0
-70.0
-70.0
-70.0
-70.0
-70.0
-70.0
-70.0
-70.0
-70.0
-70.0
-70.0
-70.0
-70.0
-70.0
-70.0
-70.0
-70.0
-70.0
-64.0680152865
-60.7065572823
-58.9994639036
-59.8902219931
-63.3990256408
-70.0
-70.0
-70.0
-70.0
-70.0
-70.0
-70.0
-64.5796584728
-61.5081316073
-59.9482777678
-59.3474228719
-54.3055390484
0
-70.0
-70.0
-70.0
-70.0
-70.0
-70.0
-70.0
-70.0
-70.0
-70.0
-70.0
-64.1247170569
-61.8830054979
-68.1270403944
-70.0
-70.0
-70.0
-70.0
-70.0
-70.0
-70.0
-70.0
-70.0
-70.0
-70.0
-70.0
-70.0
-70.0
-70.0
-70.0
-70.0
-70.0
-70.0
-70.0
-70.0
-70.0
-70.0
-70.0
-70.0
-70.0
-70.0
-70.0
-70.0
-70.0
-70.0
-70.0
-70.0
-70.0
-70.0
-70.0
-64.7064786378
-61.7068165326
-60.1834587184
-55.2987917022
0
-70.0
-70.0
-70.0
-70.0
-70.0
-70.0
-70.0
-70.0
-70.0
-70.0
-70.0
-70.0
-64.4922705214
-61.3712238169
-56.4491661113
-54.1524463477
-61.6407519521
-70.0
-70.0
-70.0
-70.0
-70.0
-66.3972754154
-64.3557314841
-60.0305029647
-57.767682421
-56.817734014
-56.687173836
-57.0525986014
-57.7034335072
-59.610615185
-66.7496370733
-70.0
-70.0
-70.0
-70.0
-70.0
-66.303343562
-64.2085715804
-63.1447560055
-62.7349747937
-57.9812982648
-55.5297157387
-54.5411090317
-61.1098951611
-66.1581929332
-70.0
-70.0
-70.0
-70.0
-70.0
-65.4890839602
-62.9328982043
-61.6347568107
-61.1347134141
-61.1301969291
-61.4231471404
-61.8848123625
-64.7871528726
-70.0
-70.0
-70.0
-70.0
-70.0
-70.0
-70.0
-70.0
-70.0
-70.0
-70.0
-70.0
-70.0
-70.0
-70.0
-70.0
-70.0
-70.0
-70.0
-70.0
-70.0
-70.0
-70.0
-70.0
-70.0
-70.0
-70.0
-70.0
-70.0
-66.6207165096
-69.9674124921
-70.0
-70.0
-70.0
-70.0
-70.0
-70.0
-70.0
-70.0
-70.0
-70.0
-70.0
-64.3583570623
-63.5586316189
-67.2701575262
-70.0
-70.0
-70.0
-70.0
-70.0
-70.0
-70.0
-65.1597763892
-60.5185830097
-58.049914215
-56.967049131
-56.7517617763
-57.0641973042
-58.4865972533
-56.2760054754
-61.5925334641
-67.4942169803
-70.0
-70.0
-67.0234974473
-65.3368126674
-64.4802413772
-64.1502905572
-64.1473103799
-64.3406119276
-64.6452391253
-65.006507473
-60.1204679165
-60.2443855227
-61.3545347944
-66.3526715415
-70.0
-70.0
-70.0
-70.0
-70.0
-70.0
-70.0
-64.8844143336
-61.985582456
-60.5134305809
-59.9463584365
-55.9403693504
-56.091039145
-64.4202544269
-70.0
-70.0
-70.0
-70.0
-70.0
-70.0
-70.0
-70.0
-70.0
-64.9946364062
-62.158263703
-60.7178312911
-60.1629774675
-60.1579659244
-60.8098292214
-63.7501099192
-70.0
-70.0
-70.0
-70.0
-70.0
-70.0
-70.0
-70.0
-64.8753863659
-61.9714386399
-60.4966887163
-59.9286158049
-64.1311055385
-70.0
-70.0
-70.0
-70.0
-70.0
-70.0
-70.0
-70.0
-70.0
-70.0
-70.0
-64.694374657
-59.8678536292
-58.9333311969
-61.9615382715
-70.0
-70.0
-70.0
-70.0
-70.0
-67.0563084413
-63.5934165581
-61.7292342096
-60.8864169934
-60.684512764
-60.8738864675
-56.6163712642
-54.5079831
0
-70.0
-70.0
-70.0
-70.0
-70.0
-70.0
-68.9731116352
-68.3912082285
-68.0956925768
-64.2519489888
-62.1373045364
-61.1306077138
-60.8222360297
-60.9431384849
-56.7151704036
-55.276064857
-58.1621062631
-63.7164253364
-69.8161565442
-70.0
-70.0
-70.0
-70.0
-70.0
-65.5268186818
-62.9920159348
-61.7047337555
-61.2088733227
-61.2043946189
-56.9326053538
-55.7876313105
0
-70.0
-70.0
-70.0
-70.0
-70.0
-70.0
-70.0
-70.0
-66.21631591
-64.072228259
-62.9833680597
-62.5639396715
-62.5601513162
-62.9679654402
-64.5844716491
-69.1518035829
-70.0
-70.0
-70.0
-70.0
-70.0
-70.0
-70.0
-65.4876963926
-62.9307243484
-61.6321836436
-61.1319864326
-61.1274685583
-61.9104422597
-68.5053544845
-70.0
-70.0
-70.0
-70.0
-70.0
-70.0
-70.0
-70.0
-70.0
-70.0
-70.0
-70.0
-70.0
-70.0
-70.0
-70.0
-70.0
-70.0
-70.0
-70.0
-70.0
-70.0
-70.0
-70.0
-70.0
-70.0
-70.0
-70.0
-64.9876882918
-60.4251449904
-58.0067808433
-58.5835550689
-65.2173355841
-70.0
-70.0
-70.0
-70.0
-70.0
-70.0
-70.0
-70.0
-70.0
-70.0
-70.0
-70.0
-65.0197156889
-60.496321246
-58.2611722988
-58.6222823389
-57.60059616
-60.2063130437
-63.3919003097
-66.1802027752
-67.9805108287
-69.1280119665
-69.8455789169
-70.0
-70.0
-65.2499242663
-62.5582146839
-61.191248445
-60.6646937535
-56.5924625048
-55.0924416648
-55.0162192414
-57.5981065658
-63.3052757893
-69.3984760072
-70.0
-68.2420874078
-67.2459369388
-63.9458820929
-62.1676531155
-61.3617939586
-61.1662186658
-61.3433328679
-61.7381569603
-57.6624935088
-55.6283456543
-55.0492226369
-57.3205423207
-63.3889467304
-70.0
-70.0
-68.3736393002
-65.789068237
-62.7157233246
-61.1145255996
-60.4499894446
-60.3696014368
-60.6423819176
-56.7860452944
-54.9127084773
0
-70.0
-70.0
-70.0
-70.0
-70.0
-70.0
-70.0
-70.0
-70.0
-70.0
-70.0
-70.0
-70.0
-70.0
-70.0
-70.0
-70.0
-70.0
-70.0
-70.0
-70.0
-70.0
-70.0
-66.7036829836
-65.4990310684
-62.3795132707
-60.9302631289
-60.3630376062
-56.9110565946
-55.2761661012
-54.7860262684
-55.9934955697
-58.5054192653
-61.5627785431
-67.1902769938
-70.0
-70.0
-67.5069047301
-66.0941507439
-65.3766933273
-65.1003290998
-65.0978329267
-65.2597407919
-65.5148941513
-65.8174896952
-66.1384640317
-61.7226798966
-59.6829624381
-59.4667098798
-61.4920423489
-66.1391986937
-70.0
-70.0
-67.6940312508
-64.7766156263
-63.200279064
-62.4811344912
-62.3002765978
-58.5708081974
-56.7141002172
-56.0429387552
-56.269934627
-56.8638009958
-58.4903998025
-62.9725576853
-70.0
-70.0
-70.0
-70.0
-70.0
-70.0
-70.0
-70.0
-65.8389560158
-63.4810310914
-62.2835751004
-61.8223156691
-61.818149488
-62.0883781298
-58.2743367954
-58.5315024649
-60.7301685282
-63.0245215433
-64.9311673057
-66.244115853
-67.1570811195
-67.7996242422
-68.2584959744
-63.9093258567
-61.5028462575
-60.3421969561
-60.1264082352
-60.8307512794
-62.7165860683
-65.9082878468
-64.2593502966
-64.4695182021
-65.272150728
-65.9113252194
-66.4311190735
-66.8619580835
-67.2250628868
-67.5354236725
-67.8037926882
-68.038021008
-68.2439572996
-68.4260538312
-69.9137736423
-70.0
-70.0
-70.0
-69.7935008856
-69.8101087948
-69.8264032472
-69.841966477
-69.856572199
-65.7284383697
-63.3939434597
-59.5635595095
-57.6132104891
-56.8558940605
-56.839641068
-58.0935074198
-61.4161522681
-66.8348681177
-70.0
-70.0
-68.3566174327
-67.4253673113
-66.9524383281
-66.7702663272
-66.7686209157
-66.875346305
-62.7039783627
-60.4443583186
-59.4071076815
-59.1378537098
-59.3383728698
-60.9848957066
-63.7568214959
-67.2653788744
-70.0
-67.5628552531
-66.1818065632
-65.4804504638
-65.2102884554
-61.3942742277
-59.3915232169
-58.5434885031
-58.4165513915
-58.7265040781
-59.2882588874
-60.6476124837
-59.7902252778
-63.6246146625
-69.026869773
-70.0
-68.6338810446
-67.8597469699
-67.4666082927
-67.3151714766
-67.3138036711
-63.3033920012
-61.1203652659
-60.1065370492
-59.8280222175
-59.9999792446
-60.4364874861
-61.0171761814
-62.4900155899
-64.7828011804
-67.8187273684
-70.0
-70.0
-70.0
-70.0
-70.0
-70.0
-70.0
-70.0
-70.0
-70.0
-70.0
-70.0
-70.0
-70.0
-70.0
-70.0
-70.0
-70.0
-70.0
-70.0
-70.0
-70.0
-70.0
-70.0
-70.0
-70.0
-70.0
-70.0
-70.0
-70.0
-70.0
-70.0
-66.6465674602
-64.746289021
-61.1585789901
-59.3006670052
-58.5425642475
-58.4696171179
-58.8101949362
-59.3875351293
-60.0876880742
-57.0544340252
-56.9890819805
-59.721660147
-64.467926465
-65.023533201
-65.5227794693
-65.9715679146
-63.0762294587
-61.5698187365
-60.9469783453
-57.5761489065
-55.967779613
-55.4704987165
-55.656446888
0
-70.0
-70.0
-70.0
-70.0
-70.0
-70.0
-70.0
-70.0
-70.0
-70.0
-70.0
-70.0
-70.0
-70.0
-70.0
-70.0
-70.0
-70.0
-70.0
-70.0
-70.0
-70.0
-70.0
-70.0
-70.0
-67.8268056193
-65.0548621369
-63.5565339762
-62.8723192806
-59.4472835242
-56.2035526196
-54.7171956562
-54.3348082896
-54.6275489267
-55.4764468255
-58.8051828763
-62.6213568889
-68.2300365847
-70.0
-70.0
-70.0
-67.8340721945
-66.6067131047
-65.983407214
-65.7433101058
-65.741141504
-65.8818022928
-66.103472023
-66.366358127
-66.6452111852
-66.9243493139
-67.1943538807
-67.449878158
-69.3781529987
-70.0
-70.0
-70.0
-70.0
-70.0
-70.0
-70.0
-70.0
-66.2831996766
-64.1770128267
-63.1074002892
-62.6953860903
-59.0106585285
-57.1661333738
-56.4872138352
-56.5302883175
-57.1758728751
-58.6565561537
-62.2705554605
-66.3776320143
-70.0
-70.0
-70.0
-70.0
-70.0
-70.0
-70.0
-70.0
-70.0
-65.5809411842
-63.0768078552
-61.8051009293
-61.3152400761
-61.4809457799
-62.0281197901
-63.9487824322
-69.7947395716
-70.0
-70.0
-70.0
-70.0
-70.0
-70.0
-66.0038471637
-63.7393605565
-62.5893565736
-58.9218645203
-57.0906404709
-56.4222180257
-56.9866282382
-55.4433540111
-58.8712466731
-61.9567570497
-65.0793011148
-67.4264545538
-68.9205314654
-69.8529598968
-70.0
-70.0
-70.0
-70.0
-70.0
-70.0
-70.0
-70.0
-70.0
-70.0
-70.0
-70.0
-70.0
-70.0
-70.0
-66.4963827786
-64.5109996865
-60.9807920639
-59.1633077549
-58.6001013219
-58.6421740847
-60.1968535044
-64.4867307534
-69.402031829
-70.0
-70.0
-67.1835824838
-65.587612558
-64.7771101839
-64.4649050867
-60.8338814884
-58.9608046131
-58.2049316675
-58.1445768446
-58.5035447227
-59.1021406255
-60.4980601394
-64.5110566442
-68.8613181106
-70.0
-70.0
-70.0
-70.0
-70.0
-65.8933747884
-63.5662871685
-62.3844916909
-61.9292646814
-61.9251529862
-62.1918475363
-63.2841359352
-65.1707872073
-68.4523678996
-70.0
-70.0
-70.0
-67.0828007853
-65.4297212304
-62.0783827897
-60.3316336323
-59.6058630168
-59.5168718803
-59.8129148023
-60.3301100622
-60.9627568827
-61.6435864122
-62.3306312495
-63.3322524907
-60.7196713005
-62.5148785758
-66.5420000387
-70.0
-70.0
-70.0
-70.0
-70.0
-70.0
-70.0
-70.0
-70.0
-70.0
-70.0
-70.0
-70.0
-70.0
-70.0
-70.0
-68.2978256005
-67.8485534156
-67.6507049908
-64.4646094732
-62.7374651803
-61.9432630985
-61.7352997461
-61.8860117432
-62.2469052166
-62.7218777935
-63.2494654131
-64.121783886
-65.3359121832
-66.7156074471
-68.147529266
-69.5611808026
-70.0
-70.0
-70.0
-70.0
-70.0
-70.0
-70.0
-70.0
-70.0
-65.7059356244
-61.7825658115
-59.7024583968
-59.1350175569
-56.5263551244
-55.5802458269
-56.1769831633
-54.0237224225
-54.7895083882
-56.4306285695
-57.8676130593
-59.1342166512
-60.2563715846
-57.1920228032
-55.7803461076
-55.4073285533
-55.6699404023
-56.305176165
-57.1428117504
-58.5689631127
-62.6596053016
-70.0
-70.0
-70.0
-70.0
-70.0
-70.0
-70.0
-70.0
-70.0
-70.0
-70.0
-70.0
-70.0
-70.0
-70.0
-70.0
-70.0
-70.0
-70.0
-70.0
-70.0
-70.0
-70.0
-66.0837480299
-63.8645385802
-62.737528291
-62.3034045078
-59.2433025568
-57.9342646343
-57.5510330596
-57.7360596795
-58.9269848932
-61.0123261525
-65.2345426793
-70.0
-70.0
-70.0
-70.0
-70.0
-70.0
-70.0
-70.0
-65.8432164334
-62.0072057457
-59.9720258082
-59.0851836521
-59.5876788018
-60.5784127307
-61.486905997
-58.4350243306
-57.3351542951
-57.3146717332
-57.2520573537
-58.313159155
-59.5099427083
-60.5776814167
-61.5324019278
-62.3874875036
-63.1542892656
-63.8425606806
-60.2161159666
-56.8940452727
-55.5068846786
-55.6708754981
-58.0983652199
-61.3007801376
-64.1890716926
-66.2829942355
-63.5225584701
-62.0822117286
-61.4819299593
-61.4056965658
-61.6464333109
-62.0693275808
-62.5874198901
-63.4791112764
-64.5668026136
-65.7350220285
-66.7431196069
-67.9496606033
-69.257928952
-70.0
-70.0
-70.0
-70.0
-70.0
-66.3715905707
-64.6494252274
-61.3518674027
-58.1960371278
-56.6960043919
-56.2394512707
-56.5878216622
-57.7505800089
-58.8565490167
-60.9079827459
-63.2419150329
-65.4950484053
-66.9970934819
-67.9984174118
-68.6659311894
-69.1109084162
-69.4075311385
-69.6052537339
-69.7370455
-69.8248857097
-69.8834269785
-65.5315105934
-63.0693104092
-62.3346966154
-62.4911002965
-63.5174176066
-65.0209083811
-66.5959681508
-68.6632217409
-70.0
-70.0
-70.0
-70.0
-70.0
-70.0
-70.0
-70.0
-70.0
-70.0
-70.0
-70.0
-70.0
-66.0501187756
-63.8118527485
-60.9198510318
-59.9924635807
-61.3000370318
-63.374055794
-65.4691985669
-67.024680904
-68.4013452827
-69.2806324004
-65.6366342084
-63.5956808195
-62.5845860922
-59.1528097194
-57.4553169051
-56.8549773197
-57.4405602696
-59.0638666349
-61.2490377452
-63.5283391531
-61.1793353504
-60.0639552237
-59.7259286402
-56.7996854391
-55.4839500039
-55.1783770759
-55.655794824
-57.6153308156
-60.2214268958
-62.7845272749
-64.7256532599
-66.0661404089
-67.0015613514
-67.6627618718
-68.1373901216
-68.4842540675
-68.7428972994
-68.9399866619
-69.9395731272
-70.0
-70.0
-70.0
-70.0
-70.0
-67.3320514957
-64.3712140099
-62.7823377181
-59.6546006857
-58.1228051101
-57.5996342611
-54.6400772763
0
-70.0
-70.0
-70.0
-70.0
-70.0
-70.0
-67.9241852537
-66.7478902308
-66.3180779871
-66.1829213747
-62.7772423737
-60.9745935607
-60.1938511542
-60.0522773385
-60.2989238045
-57.3733816139
-56.0389435792
-56.0402695742
-57.8770126173
-56.6109230739
-57.4932239268
-58.7836191966
-59.9317357186
-58.6837603187
-59.1566398583
-59.9731139178
-57.7889649267
-55.4605433677
-54.8925677232
-55.5732792421
-56.4625968455
-57.4474341793
-58.4567554402
-59.4471230155
-60.3931061268
-61.6236756093
-63.8390385133
-69.2643968933
-70.0
-70.0
-68.9004010804
-68.277295026
-67.9608548925
-67.838962316
-67.8378613595
-67.9092720737
-68.021809433
-68.1552715342
-68.2968397438
-68.4385526781
-68.7436286823
-64.7465350694
-64.2265316282
-69.2243749792
-70.0
-70.0
-70.0
-70.0
-70.0
-70.0
-70.0
-70.0
-70.0
-70.0
-65.9246674558
-63.6153123473
-60.0936333152
-58.3108381187
-55.2819108413
0
-70.0
-70.0
-70.0
-70.0
-70.0
-70.0
-70.0
-70.0
-70.0
-70.0
-70.0
-70.0
-70.0
-66.0325363512
-63.7843069503
-62.642559078
-62.5372963962
-59.542015327
-58.610095881
-58.7692184273
-59.7473450729
-61.6955586932
-63.1413015756
-64.2373705858
-65.0870996391
-65.7607004165
-66.306170869
-66.7565807782
-67.2984406978
-68.0487524696
-68.8999798088
-69.6221326406
-70.0
-67.0161815012
-66.6993335479
-68.4664446941
-70.0
-68.5037264126
-67.6558380464
-67.2252437585
-67.0593790605
-67.0578809396
-67.1550527025
-63.5228869252
-61.559491228
-58.3574707688
-56.824342801
-56.5157157047
-58.645031188
-58.3543556431
-58.9080716208
-59.7798432646
-60.643578142
-61.473699797
-62.2559827968
-62.9834865035
-63.6538725107
-64.267641698
-64.8269818204
-65.5060198332
-66.7392080876
-64.8453269602
-64.8687040518
-65.3963957272
-65.8664642082
-66.2862898232
-66.6619755314
-66.9986544387
-67.300706635
-67.5719143984
-63.7950513951
-61.7357652133
-60.7756679971
-61.0162095996
-61.6311324781
-62.9671671648
-64.8507157379
-66.3264876905
-67.5076499171
-68.2994255892
-68.8311768061
-69.1891883094
-65.3404942627
-63.1865946927
-59.8312017942
-58.1569259953
-58.2316070974
-59.520218365
-61.8455304013
-64.1933110886
-65.964285798
-67.1613944304
-67.9742797954
-64.5281013323
-62.6427908767
-61.7568449075
-61.5000491623
-61.6293034098
-59.6189723328
-59.4308254412
-60.184926458
-62.4999245137
-64.8174789397
-66.5548544784
-67.8793679856
-64.8953658814
-63.2751190895
-60.4280837113
-59.5445928598
-59.706384141
-57.2723016606
-56.2361087837
-56.0731894314
-56.6116222232
-58.2317900818
-59.938348823
-61.2976724403
-62.4033441959
-63.3199691095
-64.092611754
-64.7531102822
-61.2925619673
-58.1468475795
-57.5223573599
-59.1038845611
-61.4330524309
-63.4515339844
-61.4929940059
-60.6014368853
-60.37978805
-60.5674724806
-60.9945007229
-61.5509009775
-62.1663777644
-62.7967845777
-63.4151358464
-64.0056420794
-65.0712575705
-62.71182357
-62.739726832
-63.5030275735
-64.177573766
-64.7763823559
-61.7880852174
-60.268837427
-60.024233215
-60.3849532514
-60.9218868315
-58.197721328
-56.956631315
-56.8173173744
-57.1731517643
-57.8142140061
-58.9472285767
-56.464447601
-55.4259640956
-55.6372974008
-56.2428541372
-57.4167854645
-58.8865188503
-60.3090582535
-61.654329455
-63.073431194
-64.3237628947
-65.2631698186
-65.9847083124
-66.8904744647
-67.7019128537
-68.265378792
-64.9665694499
-63.8371745795
-61.6342038046
-60.94096437
-61.5208288005
-62.3338439062
-63.2535797241
-64.0303018907
-65.5323247417
-67.0947109609
-64.4242718972
-63.0078660624
-62.3910936928
-62.2746604813
-59.2233859457
-57.7518416929
-57.2771870847
-57.4164880837
-58.0944073519
-61.8461310419
-67.7840439917
-70.0
-70.0
-70.0
-70.0
-70.0
-66.9086112267
-63.8156242552
-62.1659779305
-61.4373242046
-61.2855544956
-58.2561593722
-56.8299836524
-56.4132787655
-56.6161465411
-59.4145482779
-66.7656812304
-70.0
-70.0
-70.0
-70.0
-68.8141625684
-66.8112546904
-65.715801474
-62.9831139394
-61.5773976207
-61.0147212421
-58.1668765588
-56.8526071968
-56.5022920064
0
-70.0
-70.0
-70.0
-70.0
-70.0
-70.0
-70.0
-70.0
-70.0
-70.0
-67.4003453654
-65.9272077391
-62.9795293498
-61.4449380045
-60.8093519306
-60.7343552218
-57.8210762201
-55.1593396117
-54.0569863263
0
-70.0
-70.0
-70.0
-70.0
-70.0
-70.0
-70.0
-70.0
-70.0
-70.0
-70.0
-66.6734330388
-64.7883784274
-63.8310663797
-63.4623102717
-63.4589795979
-63.675015207
-64.0154693989
-60.7115199117
-57.901482284
-55.3062436312
0
-70.0
-70.0
-70.0
-70.0
-70.0
-70.0
-70.0
-70.0
-70.0
-70.0
-70.0
-70.0
-70.0
-70.0
-70.0
-70.0
-70.0
-70.0
-70.0
-70.0
-70.0
-70.0
-70.0
-70.0
-67.6100619612
-66.2557637393
-65.5679926815
-62.7409146056
-61.2866372732
-60.704516298
-60.6650931696
-60.9526028536
-61.4266885688
-62.8691660405
-65.5179593781
-68.6477494077
-70.0
-68.0615747819
-66.963133825
-66.4052981233
-66.1904200982
-63.0680780453
-61.4257368787
-60.7261409495
-60.6155120269
-60.8619509392
-61.3144159219
-61.8754143808
-62.6493310231
-63.7029533065
-65.7440150195
-68.4304467994
-70.0
-70.0
-70.0
-70.0
-70.0
-70.0
-70.0
-70.0
-66.3464675828
-64.2761325463
-61.0644493285
-59.4352910868
-58.8099531056
-58.80775188
-59.179506082
-59.7632417338
-60.9767083998
-63.224942514
-67.7292138216
-70.0
-70.0
-67.9028737784
-66.7145022528
-66.1109959291
-63.142173752
-61.589474654
-60.9382060401
-60.8495046704
-61.1013003596
-61.5490010944
-62.0993214988
-62.6928696915
-63.7978127059
-61.0534168996
-60.5806934562
-62.1667327698
-63.8981616462
-65.633225217
-63.4555447412
-62.3670849643
-61.9684395994
-61.9969710604
-62.2808575684
-59.3442164431
-57.9374245532
-57.4954352674
-57.6470605204
-58.1498003215
-59.1976352203
-60.5299149855
-63.0321813259
-66.0916712246
-68.5517345492
-70.0
-70.0
-70.0
-70.0
-70.0
-70.0
-70.0
-70.0
-70.0
-70.0
-70.0
-70.0
-70.0
-70.0
-70.0
-70.0
-70.0
-70.0
-70.0
-70.0
-66.3488954829
-64.9785528994
-64.8331622527
-65.7801859061
-66.8283371111
-67.5629499304
-68.0849526243
-64.8247990755
-63.0412136436
-62.2030219298
-61.9600061704
-62.0821965092
-62.5987792628
-64.0216514225
-66.6255204606
-66.5630103372
-67.9777217132
-69.2428911323
-70.0
-67.7626666328
-66.4948443914
-65.8509895668
-65.6029770198
-65.6007369243
-65.7460349695
-65.975012631
-66.2465654735
-66.5346116633
-66.8229523217
-67.101858306
-67.3658066197
-67.7852320539
-69.8427982049
-70.0
-70.0
-70.0
-70.0
-70.0
-70.0
-70.0
-70.0
-70.0
-70.0
-70.0
-70.0
-70.0
-70.0
-70.0
-66.3403414188
-64.2665348895
-63.2133664756
-62.8076865447
-62.8040223681
-63.5563480836
-65.9309441099
-65.2396791332
-66.0333532396
-66.8138403733
-67.5253139003
-68.0346875531
-68.4058221598
-68.6816421851
-68.8910794607
-69.0537058441
-69.1828248127
-69.2875353667
-69.3741105203
-65.6335379282
-63.5347431086
-62.4909747799
-62.1150146234
-63.0063504937
-64.6495430279
-66.3103071142
-67.6015053185
-68.4561740638
-69.0204361755
-69.39164557
-69.6346496877
-69.7926305021
-69.8943313073
-70.0
-70.0
-70.0
-70.0
-70.0
-70.0
-70.0
-70.0
-70.0
-70.0
-70.0
-70.0
-70.0
-70.0
-70.0
-70.0
-70.0
-66.7286358797
-64.8748628782
-64.6291814244
-64.660799838
-61.9586695335
-60.6054356997
-60.1066475428
-60.1371530639
-60.484217941
-61.0096496027
-58.1285478515
-56.9648185392
-58.249258484
-62.8769923803
-68.8605815986
-70.0
-70.0
-70.0
-70.0
-67.2877198712
-64.4863277982
-62.9892816278
-62.324744538
-62.1818641328
-62.3567404186
-62.7164415095
-63.175047447
-63.677709428
-60.5447582928
-58.9801623353
-58.408732683
-58.6279578762
-56.0951166185
-55.5652303942
-56.9425298141
-58.893453518
-61.487295027
-63.67926757
-65.2051421767
-66.2804955349
-67.0496910319
-63.9306056026
-62.2614674916
-59.4194912642
-58.0669891523
-57.6532549134
-57.9922799466
-58.5959523016
-59.3382906379
-60.1390839518
-60.9482571417
-62.0782357829
-63.0202817749
-63.8181666443
-64.6791556743
-65.3731105699
-66.4521621814
-67.2178544089
-64.0021321672
-62.7982756906
-63.1830686329
-64.1540426714
-64.9314923387
-62.2944152752
-60.9690218612
-60.4748184175
-60.495802404
-60.8251993824
-61.3286642567
-61.9197877061
-62.5438021855
-63.1667508003
-60.2687005621
-59.5566137338
-60.5240911629
-61.9445634704
-63.065361406
-63.9689947871
-64.7122083229
-65.3343961669
-65.8632290011
-66.3184210682
-66.8897556062
-67.3362311422
-68.0403292417
-69.5600897877
-70.0
-70.0
-67.3668720442
-65.8747662026
-65.1170104909
-64.8251233808
-64.8224870021
-64.9934889414
-65.262973807
-65.5825655994
-62.6490661258
-61.6536475708
-62.0294547239
-63.0469960806
-63.8892876919
-64.598353069
-65.2038471929
-65.7270154275
-66.1833491873
-66.584371137
-66.9388386022
-67.2535577946
-67.7086873836
-68.2351421431
-68.7800935941
-65.4035978959
-63.5309138804
-60.8972541971
-59.9679165805
-60.4382098863
-61.8972825235
-63.3865929651
-64.5006261312
-65.3523584932
-66.0183192939
-66.5506184645
-63.3401205613
-61.6358178007
-60.8920422176
-60.7493754605
-60.9721295576
-61.5808032116
-62.401397297
-59.9657717578
-59.0110873758
-59.8478034174
-61.3895692234
-60.6283214607
-60.4839620877
-60.7145477277
-61.1624141874
-61.9036085286
-59.3803534087
-58.2203885565
-57.9170633599
-58.1378327966
-58.6657000321
-59.3602303724
-60.1316075641
-60.9233802936
-61.7009979216
-62.958701901
-66.1752678573
-70.0
-70.0
-69.6712375214
-69.4849387835
-69.3903282479
-69.3538843184
-69.35355515
-69.3749058107
-69.40855268
-69.4484557123
-69.4907823413
-69.5331522406
-69.5741357722
-65.9271312527
-63.8746908325
-62.8474035527
-63.1586094216
-66.1853244372
-69.8486596741
-70.0
-70.0
-67.9701401868
-66.8198862926
-66.2357377463
-66.010724027
-66.0086916612
-66.140515853
-66.3482598397
-66.5946309037
-66.8559658453
-67.1175679487
-67.5423602789
-64.2134321996
-63.1203276118
-62.8748483831
-62.9650658998
-64.8351100485
-63.2647343097
-62.7184843895
-60.7551794021
-58.6533570963
-56.5384851429
-55.7182791328
-55.702212889
-56.1691660464
-56.9103657393
-58.1433396628
-59.2783460282
-60.8411163792
-62.2580747106
-63.3663138857
-64.7638802609
-66.8064364182
-69.0021898909
-66.84903602
-65.6621758301
-63.0420982997
-60.4704485047
-59.2451103443
-58.8684037699
-59.0134330329
-59.4666694896
-60.0897223807
-60.7938967026
-61.6950214043
-62.5125288452
-59.9968707053
-59.3405634645
-57.6023547824
-56.9726844136
-57.0291260453
-57.4953534894
-58.1919115063
-59.0034492662
-60.0286391798
-60.976131822
-61.8454230132
-62.6388169609
-63.70013777
-64.5469256631
-65.4107675435
-66.082047087
-66.6154132435
-67.048252496
-67.4063476309
-68.047409529
-68.8451330168
-70.0
-70.0
-70.0
-70.0
-70.0
-70.0
-70.0
-70.0
-70.0
-70.0
-70.0
-70.0
-66.383471466
-64.3341052968
-63.293348752
-62.8924498667
-62.8888288734
-63.3015374959
-60.7575237022
-60.2400625856
-61.3036660781
-63.5923992297
-65.6948681734
-63.9081967322
-63.0392539764
-62.7499131903
-62.817978279
-63.0982180563
-63.4964213208
-63.9521292354
-64.4271496764
-61.3656437068
-59.8165520015
-59.403856356
-57.2779826457
-56.945582199
-55.3177669688
-55.0019522419
-55.3123983311
-55.9882527069
-56.8608235754
-54.6355439939
0
-70.0
-70.0
-70.0
-70.0
-70.0
-68.2170688553
-67.2067412067
-64.6714310217
-63.3278638767
-62.7441281271
-62.6357490731
-62.8161966716
-63.1639253416
-60.2799927415
-58.8736334233
-58.9219046441
-61.5875142422
-64.1813046269
-66.1029870456
-67.3858969287
-68.2427796276
-68.8154832593
-69.1985893297
-69.455166661
-69.627274171
-69.7429628713
-69.9949371051
-70.0
-70.0
-70.0
-70.0
-67.5312811551
-66.4805238097
-66.5023176778
-66.9833982243
-67.3725999447
-67.6937009788
-67.9632382332
-68.1928526448
-64.9117219055
-63.1126527317
-62.2627894697
-62.7113535683
-60.8467845625
-60.204617007
-60.4998199204
-61.1655717451
-62.2010303229
-63.0822711255
-63.8416065695
-64.5024876169
-65.0822666582
-65.5940585276
-62.673323832
-62.2336555532
-62.7569160675
-64.0166150645
-65.1452688989
-67.3782558194
-66.1990251736
-65.7926526137
-65.6890739907
-65.7706243505
-65.9605337547
-66.209128272
-66.4846473734
-66.7671372551
-67.0443932756
-67.3092671121
-64.0250287785
-62.2536514858
-61.4490367273
-61.2512999813
-61.5946695393
-62.260211121
-63.2595290327
-64.7685363779
-66.8863229056
-68.5937840586
-70.0
-70.0
-70.0
-70.0
-70.0
-70.0
-70.0
-70.0
-66.4687520686
-64.4677115741
-63.4514968916
-63.060051519
-63.0565159115
-63.2858440166
-64.3432460196
-67.2322856959
-70.0
-70.0
-68.8129613007
-68.1403060377
-67.7987026787
-67.6671172407
-67.6659287365
-67.7430180094
-64.5862093817
-62.8725838923
-60.08543358
-58.74362894
-56.3172029691
-55.3174406209
-55.207001858
-55.6338385383
-54.1881990149
-55.9633458965
-59.2330947021
-62.7230149028
-65.2000510943
-66.8462711061
-67.9391274096
-68.6635369448
-69.1427314343
-69.458823747
-69.666518343
-69.8022511558
-69.8902824716
-69.9467585121
-69.9824188526
-66.4425537552
-64.4372162382
-64.4609059911
-64.6597563098
-64.957074624
-65.4776552533
-65.9407484558
-62.9974697351
-61.8206035115
-61.557691438
-61.6813544794
-62.0328404882
-62.5093040772
-63.0448720947
-63.5980505021
-64.3203558631
-65.1155605509
-65.9227480119
-66.7222188881
-68.5159157168
-70.0
-70.0
-70.0
-70.0
-70.0
-70.0
-70.0
-70.0
-70.0
-70.0
-66.4891646241
-64.4996912445
-63.670411953
-63.5640380537
-63.714745779
-64.0146788882
-61.1452276468
-59.7187159804
-59.2055184479
-59.2574159801
-56.7885665593
-54.5604380216
0
-70.0
-70.0
-70.0
-70.0
-70.0
-70.0
-70.0
-70.0
-70.0
-70.0
-70.0
-70.0
-70.0
-70.0
-70.0
-70.0
-70.0
-70.0
-70.0
-66.5091374307
-63.3605819748
-61.6927626354
-60.968978944
-61.1938532224
-62.8584046283
-64.8019688106
-67.8835558119
-70.0
-70.0
-70.0
-67.6673227076
-65.1781055752
-63.8453051099
-63.2507813271
-63.1190410132
-63.2693621244
-63.583909387
-63.9865074316
-64.4285160107
-64.8794372911
-61.9096731408
-60.3974922127
-59.8102672487
-59.7975900287
-60.130064029
-57.9767423965
-57.6186746673
-58.344728203
-59.6952416045
-60.8490415919
-61.8463535313
-62.7165289105
-60.1915355749
-59.0034883878
-58.6572104625
-56.3685144697
-54.2848797251
0
-70.0
-70.0
-70.0
-70.0
-70.0
-70.0
-70.0
-70.0
-70.0
-70.0
-70.0
-70.0
-70.0
-70.0
-70.0
-70.0
-70.0
-70.0
-70.0
-70.0
-70.0
-70.0
-70.0
-70.0
-70.0
-70.0
-70.0
-70.0
-70.0
-70.0
-70.0
-68.4716847147
-68.4697221277
-69.2129320696
-69.6850936324
-69.978887449
-67.1392621408
-65.5308448846
-64.714766368
-64.4012937125
-64.3998336621
-64.5856298431
-64.8775865569
-65.2235077
-65.5902767959
-65.9573290268
-66.3123160645
-66.8244810803
-67.2376307204
-67.5775994804
-68.2101470114
-65.1831709535
-63.5275462869
-62.7499199441
-62.8831782884
-63.2003606854
-63.9766744619
-64.6432402458
-65.5749883745
-66.637037636
-68.6004761282
-69.8251900192
-70.0
-67.1560707353
-65.5445108187
-62.7975911748
-61.3895196826
-58.9031927978
-57.7812902404
-57.5154390313
-57.7720803381
-58.3336624442
-59.5840161696
-60.8644278659
-62.1081939548
-60.3079265897
-60.0907352843
-60.290729325
-60.9063255126
-61.5788057081
-62.2630003018
-62.9314170479
-63.5680865273
-64.1644853308
-61.3406107874
-59.9349323685
-59.4270275715
-57.0353985891
-56.2085412466
-54.2467532441
-54.6820353686
-56.545850313
-59.8654740096
-62.722499094
-64.6792975081
-66.0307333063
-66.973903675
-67.6406757738
-68.1193831739
-68.4692948415
-68.7302653473
-68.9291721393
-69.0842104764
-69.2077597962
-69.3082973949
-69.3916767075
-69.4619817382
-69.5220986987
-69.9280989184
-70.0
-70.0
-70.0
-70.0
-70.0
-70.0
-67.1562461037
-64.3979522291
-61.7828774967
-60.4877367407
-60.0277277291
-60.0841313978
-60.7976302122
-61.7095673416
-63.0565773744
-64.4487308146
-66.5174950935
-67.8748371578
-68.7600811577
-69.3325581858
-69.6982924631
-69.9277899473
-70.0
-66.6580417886
-64.7642654688
-63.8025241613
-63.4320619048
-63.4287158207
-63.6457509762
-64.1602803703
-64.8429053278
-62.12014447
-60.7491498064
-60.9539091253
-61.3783010792
-62.0959294523
-62.7899754944
-63.6282372698
-64.3435864261
-65.3175898312
-66.0580722132
-66.6337592353
-67.0913794741
-67.4629056349
-67.7703911435
-68.0292027439
-68.250182946
-68.4410983024
-68.6076109062
-65.5088556262
-64.3294572707
-64.7018558437
-65.2791072002
-65.7828211074
-66.2256220814
-66.6171152632
-66.9647739967
-67.274543437
-67.5512536533
-68.3231546613
-69.3664401097
-70.0
-70.0
-66.9215819341
-65.1771450301
-62.3864669422
-59.8229778581
-58.7993351457
-59.62087168
-61.8811728533
-63.8577576721
-65.2484499742
-66.2412503564
-66.9622222405
-67.4960646296
-64.5720107833
-62.9985114494
-62.2877948008
-62.1184383182
-62.2795431514
-62.633554613
-59.9747668711
-58.7136686636
-56.435054117
-54.9075002518
-55.0099512576
-57.4927486122
-60.2956662354
-62.4742828731
-61.2624757312
-60.8266422549
-60.8709207607
-58.8092682833
-57.9453011873
-55.9399108902
-55.2053463489
-55.2577627459
-55.7806204925
-56.5683144574
-54.5364771445
0
-70.0
-70.0
-70.0
-70.0
-70.0
-70.0
-70.0
-70.0
-70.0
-70.0
-70.0
-66.9539976906
-65.2279297153
-64.7059801596
-64.5692777543
-64.8491686566
-65.714822764
-63.3075640718
-62.4522906948
-62.3687780899
-63.2712590224
-64.2156772194
-62.0582158517
-61.0284651693
-60.7096659209
-60.8280641745
-58.509099753
-57.5007511083
-57.3123835512
-55.2583317134
-54.5172895536
-54.5887546059
-56.0358764304
-57.7328958996
-59.8721291549
-61.6650145375
-63.3763283457
-64.6239056858
-65.5516552337
-66.2565831213
-66.8043204165
-67.2394854464
-67.5926016161
-67.8847179307
-68.1304971218
-68.3402813991
-68.5214759188
-68.6794767667
-65.4682065998
-62.5753042796
-61.4412360782
-61.7358317316
-63.9585301418
-66.900137688
-69.1233118671
-70.0
-70.0
-70.0
-70.0
-67.0853637908
-65.4337366056
-64.5949690743
-64.271876253
-64.2689580185
-64.4582418105
-64.7565373587
-65.1102967756
-65.4855425333
-65.8611719034
-66.2245104621
-66.5683632485
-66.8890628121
-63.868908236
-62.6258685492
-63.7066491025
-66.1484728684
-68.0894779041
-69.3177649954
-70.0
-70.0
-70.0
-66.9731946969
-64.1520050252
-61.548224388
-59.1616818594
-58.0910336136
-57.8456102123
-58.1035024978
-55.9921951933
-55.3683043041
-55.4816929605
-56.2191271297
-57.1209500602
-58.0913454832
-59.0705378875
-60.3666187339
-61.99112994
-63.9340489937
-65.3019987928
-66.6333687121
-67.5444117066
-68.1728904464
-68.6108813421
-68.9199798348
-69.3146896025
-69.5743591431
-69.744348896
-69.8548644512
-69.926011636
-69.9711662256
-70.0
-67.497725807
-66.4339537644
-66.0926198577
-66.3607630292
-63.9842963372
-62.7589397775
-62.2650945157
-62.2266175415
-62.4626441055
-62.8555052405
-60.3071337495
-58.1730397299
-57.2868153272
-57.3531646187
-55.6572798172
-55.4705229423
-56.0260958304
-54.8514011837
-54.6515376896
-55.0432350034
-56.8558064847
-58.563877429
-57.1022343693
-56.6551740545
-56.8317653971
-57.3766613561
-58.1243768863
-58.9688603082
-60.0187550178
-62.0449000096
-68.8096338921
-70.0
-70.0
-70.0
-70.0
-70.0
-70.0
-70.0
-70.0
-70.0
-66.8880351732
-65.1245884379
-64.2290341155
-63.8840670516
-63.8809512448
-61.2153603407
-59.9088271202
-59.4612796172
-59.5440417948
-59.9422310416
-60.8698379171
-62.0764907784
-61.0283003113
-60.871409354
-61.0815611345
-59.1823594243
-58.4034264173
-58.3226190659
-58.6633806861
-59.2457249688
-59.9536073727
-60.7132165693
-61.478541535
-59.7663149376
-59.4402847794
-60.3186513304
-61.1683828832
-62.1429973238
-62.9896660773
-63.7313451269
-64.385307719
-64.9648416837
-65.658150673
-66.2188643776
-66.6813304543
-67.0694324186
-64.1213127376
-62.548397171
-61.8530345921
-62.0565473731
-62.6205750676
-63.2049725153
-60.7777531896
-59.8062964877
-59.5632125837
-59.7652551552
-60.4130271312
-61.6555326222
-62.8509348294
-60.7090343389
-59.7335929
-59.4905416066
-59.6950261104
-60.1612159423
-57.9121403389
-57.3355569655
-55.7594550426
-56.7074617693
-58.7719670783
-60.3849380277
-61.6732226631
-62.7237526889
-63.5966122815
-64.3337742943
-64.9649456921
-65.5114836745
-65.9890236747
-66.4092468857
-66.7810725828
-67.1114655816
-67.4059858615
-64.3985512275
-62.7808054062
-62.4054199555
-62.9775270766
-63.7305120517
-64.5676281494
-65.4317268697
-66.4429108994
-64.2117061193
-63.0659263805
-62.9672165468
-63.1424167617
-60.8506044801
-59.9572136284
-59.9354966325
-60.6183646953
-61.3408067099
-59.2243972916
-58.3137383976
-58.1568851146
-58.457543641
-59.0226873022
-60.2612104653
-58.5311067167
-58.4129908729
-58.7283550042
-59.2932949828
-59.9891491373
-60.7403566587
-61.4997359496
-62.2387056591
-59.8033847067
-58.6820793116
-58.3865600976
-58.5963632325
-56.4824651045
-55.6647107242
-55.6519010719
-56.3094426522
-57.3374564048
-58.7290338049
-60.2981791182
-62.2628103355
-60.7432735469
-60.1401090222
-60.6458522731
-61.4315605552
-62.1886001727
-62.9032039374
-63.568526065
-61.1136551668
-58.8505441224
-57.8643260249
-57.6771176323
-57.9755553423
-58.5554327903
-59.2848448327
-60.079663897
-60.8872332058
-61.8502836841
-63.944021102
-66.2840737817
-68.1652195968
-69.3550664326
-70.0
-70.0
-67.0464262458
-65.3727344518
-64.5227615603
-64.1953524401
-64.1923952199
-64.3842077138
-61.7134183276
-60.3871640849
-59.9118394031
-59.9629166139
-61.044935473
-63.393636388
-65.367202337
-66.7057684952
-64.4947570592
-63.3516582956
-62.8874104276
-62.8459480259
-63.059538984
-63.4190422594
-63.8541094827
-64.4910128339
-65.2442877451
-65.8547764337
-63.1648176111
-61.7786817306
-61.2210441446
-61.1790934548
-61.6378415307
-62.3749208914
-63.0713378114
-63.7201433697
-64.318755259
-64.8672972173
-65.367512485
-65.8220578962
-63.0096941318
-61.7297527354
-62.9940739107
-67.1594258136
-70.0
-70.0
-70.0
-70.0
-70.0
-70.0
-70.0
-70.0
-70.0
-70.0
-70.0
-70.0
-70.0
-70.0
-70.0
-70.0
-70.0
-70.0
-70.0
-70.0
-70.0
-70.0
-66.78597209
-65.1451562743
-64.6637976964
-67.2200664038
-69.7285476369
-70.0
-70.0
-70.0
-70.0
-70.0
-70.0
-70.0
-70.0
-70.0
-70.0
-70.0
-66.8443294344
-65.0561161139
-64.1479842511
-64.1383371399
-64.8592316629
-66.1669960456
-67.7850912919
-69.0045287299
-69.7693735684
-70.0
-70.0
-70.0
-66.9723539406
-65.2566878403
-64.3853985855
-64.049778413
-64.0467470291
-64.2433699645
-64.7362313936
-65.2074072045
-66.1778651823
-68.8270732074
-67.6865539574
-67.2514582368
-65.3137410854
-64.3073194251
-63.893222448
-63.8483235136
-64.0264400357
-61.5686759396
-59.3140949506
-58.3175431922
-56.3407495863
-54.5490151032
0
-70.0
-70.0
-70.0
-70.0
-70.0
-67.245581753
-66.0344280797
-65.6179827174
-66.2297623184
-67.9579814859
-70.0
-70.0
-70.0
-68.7913099076
-68.1063855219
-67.7585513731
-67.624565838
-67.6233556557
-67.7018510245
-67.8255532116
-67.9722560835
-68.1278692705
-68.2836415404
-65.3265611734
-63.7080942475
-62.9467442837
-60.6734594959
-59.9783066295
-60.2476201207
-61.2650369521
-62.1666524859
-62.96873339
-63.6843574861
-61.5417751945
-60.5381666463
-60.2513959626
-60.4042870202
-58.2824836924
-57.3999855726
-57.2904871817
-55.4268459818
-54.9756497292
-55.2057436533
-55.8369418859
-56.6877627627
-57.64199653
-58.6264702394
-59.7649079408
-60.9676402969
-62.3413583664
-63.9593772626
-66.0195319432
-67.9110570037
-69.1156034732
-66.722323105
-65.3956107806
-64.7530630265
-62.3213322733
-61.1182494122
-60.6924580484
-60.7472346286
-61.0885260891
-61.5903500957
-59.2925624595
-58.2708044624
-58.0487228488
-58.3138497856
-58.8624642882
-57.0074286246
-56.3274929389
-56.7404039743
-57.6088445372
-59.6147770199
-63.4876615479
-67.0829702131
-69.7011397385
-70.0
-70.0
-70.0
-70.0
-70.0
-67.0801790499
-65.4256138449
-64.5853542603
-62.0519163306
-59.7500563617
-57.663871835
-56.8233653911
-56.7582826784
-57.1606236282
-57.8300074105
-56.4399783793
-56.5767831911
-58.0062720506
-59.797516574
-61.5696226089
-62.9138988095
-63.9566679029
-64.7837737622
-65.4539114857
-66.0075304036
-66.4727840742
-66.8695101408
-67.2118954427
-67.5102634424
-67.7722754608
-68.0037401565
-68.2091609687
-68.3921080904
-68.5554727604
-68.7016424704
-69.3778728423
-70.0
-70.0
-69.2937208512
-69.7569959954
-70.0
-70.0
-70.0
-70.0
-70.0
-70.0
-70.0
-70.0
-70.0
-66.922649435
-65.1788174482
-62.5572243412
-61.232360999
-60.729697627
-60.7371096829
-61.050319927
-61.5365687426
-62.1104324072
-60.3097699758
-59.5523801845
-59.8105725258
-58.8149633035
-59.1265823266
-60.38298413
-61.9942573826
-63.2278794215
-64.1937899974
-64.9668766764
-65.5984994613
-66.1241898168
-66.5687977029
-66.9499358444
-67.2802875346
-67.5691556308
-67.8235046342
-68.0486638818
-68.2488039676
-68.9620112201
-69.5947851977
-70.0
-70.0
-70.0
-70.0
-70.0
-70.0
-70.0
-70.0
-70.0
-70.0
-70.0
-70.0
-70.0
-70.0
-70.0
-70.0
-70.0
-70.0
-67.378771711
-66.2550923472
-65.705714984
-65.6919043739
-66.008109467
-66.5072377217
-66.9231400838
-64.3471703844
-63.1682328782
-62.6885959452
-62.6445272539
-60.54277093
-58.5607247713
-57.7528062504
-55.949239374
-55.3354579356
-55.4560071415
-56.1918438342
-57.6550325366
-59.2965740644
-60.6382798456
-61.7553606528
-63.2201804486
-64.6925663112
-65.752912285
-66.5306894598
-67.2944994494
-68.1984687948
-68.9749014416
-69.4749309816
-69.7924510063
-69.9898813208
-67.0062774262
-65.3159058418
-64.4578193631
-61.9430586824
-60.7027669845
-58.5437775107
-58.5145912425
-61.7191542021
-64.7833749279
-67.8815948656
-69.8111403327
-70.0
-70.0
-70.0
-70.0
-70.0
-70.0
-70.0
-70.0
-70.0
-70.0
-70.0
-70.0
-70.0
-70.0
-70.0
-67.1869115542
-65.9537082059
-64.7222449737
-63.4882422019
-62.9648991321
-61.1816744302
-60.4056837948
-60.2598999537
-60.4970996506
-60.9561828137
-58.8702385519
-57.9896640431
-57.8616638698
-58.1894749701
-58.7798457979
-59.6874156158
-60.7564601331
-61.706004839
-62.5521981679
-63.4791742264
-64.2527207206
-64.908424593
-65.4715660968
-65.9603987958
-66.3883517887
-66.7655118581
-64.2092919686
-63.0475503027
-62.5822536263
-62.9114986478
-63.8842438535
-65.3958682394
-67.354812987
-69.5326027358
-70.0
-70.0
-70.0
-70.0
-70.0
-70.0
-70.0
-70.0
-70.0
-70.0
-70.0
-70.0
-70.0
-70.0
-70.0
-70.0
-70.0
-70.0
-70.0
-67.0609546803
-64.5550289992
-62.9370892905
-63.1040891556
-63.6159638806
-64.1358899196
-62.1947418049
-61.2902282093
-61.0378457783
-61.1851547937
-61.5673683765
-62.077784247
-62.8378571879
-63.8843890462
-65.4369840736
-67.410141621
-69.2113647616
-67.3023626275
-66.2468825927
-65.7386984854
-65.5758314049
-65.625583443
-65.8012485512
-66.0466059977
-63.4528857252
-62.1148907042
-61.5749306681
-61.5317902909
-61.7881797215
-62.2157407225
-60.1208308216
-59.7192000147
-60.1807870856
-60.9637538326
-61.7347420865
-62.4728436359
-63.1666097777
-60.9418887802
-59.9089932223
-59.6256227802
-59.8014130889
-60.2468401712
-60.8392017482
-61.4999786361
-62.1797788143
-62.8483329608
-64.1913543499
-67.1518627235
-69.2061053741
-67.4414991745
-66.4680188156
-66.0016633065
-65.8551278907
-65.9053690449
-63.4261656335
-62.1577713989
-61.6581424781
-61.636427043
-61.9021835472
-62.3315646649
-62.8448078466
-63.3912601608
-63.9394228772
-64.4703397445
-61.9789532492
-60.7514895771
-60.3232950546
-60.3889351726
-61.6216293765
-64.5817889114
-67.6072149371
-70.0
-70.0
-70.0
-70.0
-70.0
-67.3438097277
-65.8386352401
-65.0742427062
-64.7797990956
-64.7771396261
-64.9496392902
-65.2214844456
-65.5438753907
-62.9684035337
-61.6575069684
-61.1490521303
-61.1390108231
-61.4283523446
-61.8876788461
-62.4336854521
-63.0134999006
-63.5942719064
-61.1993301056
-60.2354267515
-61.062930319
-61.3544588556
-62.004027349
-64.5901110939
-66.3220909711
-67.6572637368
-68.536458605
-69.1127602391
-69.4881158782
-69.7303920658
-69.8847447094
-69.9811981386
-70.0
-70.0
-70.0
-70.0
-70.0
-70.0
-70.0
-70.0
-70.0
-70.0
-70.0
-70.0
-70.0
-70.0
-70.0
-70.0
-70.0
-70.0
-70.0
-70.0
-70.0
-70.0
-67.0885353747
-65.7913885706
-65.3374485631
-63.0998918287
-62.3467947271
-62.3273544197
-62.571445088
-63.4862229242
-65.1646763972
-66.8744259344
-68.0044614589
-68.749000725
-69.2374242604
-69.555897573
-69.7617849748
-69.8932579168
-69.9756997513
-67.0304711904
-65.3623183475
-64.5160160301
-64.1910341054
-64.189677147
-64.3825404005
-64.6855070058
-65.0444367355
-65.4249800155
-65.8058066496
-67.0605309232
-68.45284779
-69.8707548425
-70.0
-70.0
-70.0
-70.0
-70.0
-70.0
-70.0
-70.0
-70.0
-70.0
-70.0
-67.1811144114
-65.9431792446
-65.335645503
-63.0123963338
-60.8499002879
-60.0363726507
-59.8803769801
-60.124100345
-60.5995310191
-61.3752305707
-62.4926260425
-63.4133091241
-64.3607753356
-65.117229218
-62.7829371879
-61.6229307302
-61.2061624979
-61.2492294752
-59.1569471977
-58.2630129245
-58.1178852632
-56.3136569354
-55.6873313742
-55.7886249916
-56.4980710698
-55.687349928
-56.5780889119
-58.6492959814
-60.804999246
-62.4049212298
-63.6180437125
-64.5586490783
-65.3043906619
-65.9083559233
-66.407123216
-66.8261461511
-67.1833550405
-67.4915685394
-67.7601110208
-65.0164406553
-63.5363570808
-62.8637617
-60.5942161186
-59.8964482325
-59.8145725597
-60.4586261379
-58.9431590184
-58.4024401128
-58.464594099
-58.8864000208
-59.5099369065
-60.2337278077
-60.9935447548
-61.9259000979
-62.7544499672
-64.0210973275
-64.9803824994
-62.7715977037
-61.8684902361
-61.597676081
-61.715265052
-62.0619762661
-62.5346037857
-63.2507767819
-64.0794546869
-62.2627524998
-61.7998227709
-61.7954041745
-62.0662395442
-62.4931994479
-62.9996020752
-60.9969188499
-60.0954116197
-59.8846602276
-60.0953873847
-60.5519774329
-61.1408655473
-61.9612528977
-62.9036935447
-63.8879514814
-65.410491194
-66.4769986484
-67.2343364994
-68.1379279933
-68.9214019566
-69.6074396026
-70.0
-70.0
-70.0
-70.0
-70.0
-70.0
-70.0
-70.0
-70.0
-70.0
-70.0
-70.0
-70.0
-70.0
-70.0
-67.2959424638
-65.9396098599
-66.00190108
-66.3535031835
-66.6860143395
-66.9959872217
-67.2821047104
-67.5443717132
-67.7835861911
-68.0009953382
-68.1980743152
-68.3763858908
-68.5374933065
-68.6829079791
-68.81405985
-68.9322823108
-69.038806377
-69.1347606041
-69.5886495934
-70.0
-70.0
-70.0
-70.0
-70.0
-70.0
-70.0
-70.0
-70.0
-70.0
-70.0
-70.0
-70.0
-70.0
-70.0
-70.0
-70.0
-70.0
-70.0
-70.0
-70.0
-70.0
-68.5871355698
-69.0692552015
-70.0
-70.0
-70.0
-70.0
-70.0
-70.0
-70.0
-67.2216529842
-64.657456342
-62.3072231452
-60.1637091223
-59.2054770712
-58.9903552715
-59.2282703492
-59.7300770509
-57.7951239357
-56.4163312687
-56.3930279595
-57.1864839309
-58.0896747161
-59.02860003
-59.9576685506
-58.3242233862
-56.7449488414
-55.2508191531
-54.8459807017
-55.1082116075
-55.9384005047
-56.9052338263
-58.0996682061
-59.2130065604
-57.63399031
-57.2717475494
-57.4786769747
-58.0202120641
-58.9313476539
-59.8469840859
-60.9102998089
-62.0282792491
-60.1179791718
-59.3011998196
-57.5219811032
-56.8703838366
-56.0061015634
-56.1269621474
-57.7482797527
-59.4786244385
-60.8675437688
-62.0053105746
-62.9544603056
-63.7588014674
-64.4494461155
-65.0488513672
-65.573532806
-66.0358905758
-66.4454422184
-66.8096584634
-67.1345329282
-67.4249731762
-68.0548215525
-69.9248195875
-70.0
-70.0
-70.0
-70.0
-67.6200480797
-66.2714086582
-65.5865113833
-65.3226893056
-62.9503743167
-61.7619728462
-61.323532869
-61.3496844537
-59.2837871573
-58.4014558742
-56.6179530197
-55.9939195396
-56.0863688003
-56.6056260633
-57.3636595524
-58.4190331751
-59.4382895763
-60.575900378
-61.7480878752
-62.902714111
-63.8320660488
-64.7782750098
-65.7000578861
-66.5697090157
-67.5583427263
-68.2329115284
-68.6965557587
-69.0181904383
-69.2438982314
-69.4045262996
-69.5207522638
-69.6064627669
-66.9040516127
-65.3858031998
-64.628660712
-64.3534198623
-64.552132962
-64.8529563898
-62.5122702814
-61.3574496071
-60.9526422155
-61.0113363734
-61.5248132597
-62.6511033303
-61.0638964934
-60.4094425082
-60.5092664779
-61.0567260512
-61.6833109268
-62.3364848212
-62.9838396639
-63.7853745807
-64.4734497114
-62.1994895743
-61.4478138397
-61.459942382
-61.7518880946
-62.2019925857
-62.7319888609
-63.8285036639
-65.7743790903
-68.1537583764
-67.8449491513
-67.9104653113
-68.0194261635
-68.1508218027
-68.2912984595
-68.4325411716
-65.8831726007
-63.5091457047
-61.3194580437
-60.2949968456
-60.0038202319
-60.162320256
-58.2221515705
-57.4506453069
-57.4060533718
-57.7990964317
-58.4416190533
-59.2124119911
-60.0344740207
-60.8598954378
-61.8420684402
-63.5927664543
-64.8567597143
-66.4945969897
-67.5941461219
-68.3340707305
-68.8335564713
-69.1721293668
-66.462452222
-64.9545641943
-64.2180125713
-63.9688145117
-64.0203351923
-64.2505697609
-61.8939953509
-60.7502508599
-60.3723291366
-60.4664984647
-60.8407834461
-61.3706616534
-61.9762331894
-62.7885350046
-63.876261421
-65.434271887
-64.329438173
-63.0516233375
-62.6962636583
-62.7265057288
-63.1665581876
-63.6583710566
-64.1648464094
-64.6632367408
-65.3195647232
-65.8693760218
-66.336950267
-66.7395964718
-67.0898643123
-67.3970295395
-67.6680943579
-68.089963437
-68.9392527699
-70.0
-70.0
-70.0
-70.0
-70.0
-70.0
-70.0
-70.0
-70.0
-70.0
-70.0
-70.0
-70.0
-70.0
-70.0
-70.0
-70.0
-70.0
-70.0
-70.0
-70.0
-70.0
-70.0
-70.0
-70.0
-70.0
-70.0
-70.0
-70.0
-70.0
-70.0
-70.0
-70.0
-70.0
-70.0
-70.0
-70.0
-67.1600287268
-65.550711672
-64.7334310501
-64.4186149752
-62.0677468065
-60.921634345
-60.5365790566
-60.6209932483
-60.9842753218
-61.5027687218
-59.9544837125
-59.0883299166
-59.6579766418
-60.5285526527
-59.6794094672
-59.695159907
-60.2306659514
-58.8249807131
-58.3540702129
-58.4597215724
-58.9077883357
-59.5463687825
-60.2779714245
-58.3801796412
-57.6288319165
-57.5903955512
-57.9809872136
-58.6159759706
-59.3764366924
-60.1868319024
-61.0001746317
-61.9659244482
-62.9886768565
-63.8360390729
-61.844494104
-60.9214173191
-60.6701906709
-60.8304483263
-61.232254642
-61.9494315439
-60.1649075251
-59.4220295297
-59.3289017481
-59.6287283542
-60.1543333727
-60.7978852714
-61.4907535683
-59.4445944663
-58.5687458562
-58.424278495
-58.7234554617
-59.2788464597
-59.9694528432
-60.7181682452
-59.0800202458
-59.0092807665
-59.6945666089
-60.4492525607
-58.8830705279
-58.6703589573
-59.1021978275
-59.8987686294
-58.3783138847
-57.853430575
-57.9433862367
-58.3992467591
-59.0594548473
-57.2935612464
-56.6575730444
-56.7207276883
-55.1535554777
-54.7081336354
-54.9506094088
-55.5977412259
-54.1309906704
0
-70.0
-70.0
-70.0
-70.0
-70.0
-70.0
-70.0
-70.0
-70.0
-70.0
-70.0
-67.5293931086
-65.3402492034
-63.3924377654
-62.444002977
-62.1268086714
-62.198931799
-62.5022412823
-63.1157444439
-63.7133215261
-65.1776737245
-66.7397791731
-68.141098227
-69.2223530518
-70.0
-70.0
-70.0
-70.0
-70.0
-70.0
-70.0
-70.0
-67.1286940229
-65.5016206358
-64.6753225824
-64.3570329976
-64.3541581468
-64.5406279647
-65.0152389234
-65.6401642011
-66.1604472277
-63.7732132268
-62.5484323854
-62.5923828011
-62.8656736238
-63.2674589966
-63.7329482537
-64.2211435329
-64.7066892493
-65.1744603708
-65.6159743647
-66.0270169489
-66.4060752678
-66.7533077502
-67.249870314
-67.6394788418
-67.9519279971
-65.3112828476
-63.8831863297
-61.6186666524
-60.7220492909
-59.420527231
-59.5314130631
-60.4960807936
-61.5733861462
-62.5006564862
-63.3069968073
-64.0139011064
-64.6375803157
-62.4103194195
-60.3625855678
-59.4551924045
-57.6549723153
-56.0219745179
-55.5081100222
-54.0755765463
0
-70.0
-70.0
-70.0
-70.0
-70.0
-70.0
-70.0
-70.0
-70.0
-67.2620064329
-65.1026450082
-63.9702733197
-63.8449634182
-64.3316088287
-65.8798707101
-69.3076122465
-70.0
-70.0
-70.0
-70.0
-70.0
-70.0
-67.4241330535
-65.9644751172
-65.2231978515
-64.9376582304
-64.9350791833
-65.102362449
-65.3659869934
-65.6786288203
-63.252915239
-62.2013565822
-62.0129372798
-62.1661211224
-62.7082989955
-63.2766624195
-63.8417917266
-64.7476429199
-65.4662322053
-66.2292613696
-67.0017626711
-67.5652046963
-67.9844297549
-68.3031504649
-68.550944542
-68.7479228369
-66.045010856
-64.5550966388
-63.8426448873
-63.6204190067
-63.8798744498
-64.4278940817
-65.6789426692
-66.9336070299
-68.3331187451
-69.412888466
-67.4449680395
-66.3493835156
-65.8137200174
-65.6318645846
-65.6683558387
-65.8346387299
-66.0732538403
-66.3473144452
-66.6335069933
-66.9174389557
-67.190550168
-67.448065223
-67.6876387487
-67.9084615724
-68.1106732143
-68.4689777589
-68.9112445604
-70.0
-70.0
-70.0
-70.0
-70.0
-70.0
-70.0
