-67.93
-66.067
-64.3903
-62.06127
-60.2384763333
-58.7801842556
-57.589202867
-56.5983072717
-55.7604930054
-55.0424546788
-54.4202165269
0
-70.0
-70.0
-70.0
-70.0
-70.0
-70.0
-70.0
-70.0
-70.0
-70.0
-70.0
-70.0
-70.0
-70.0
-70.0
-70.0
-70.0
-70.0
-69.8459436798
-69.0686450984
-67.1233111129
-65.3620003512
-63.7698138824
-62.3321748718
-61.0351856363
-59.8658192405
-57.9920054283
-56.5779836268
-54.6669710916
0
-70.0
-70.0
-70.0
-70.0
-69.1927905253
-68.045371823
-70.0
-70.0
-70.0
-70.0
-70.0
-70.0
-70.0
-70.0
-70.0
-70.0
-70.0
-70.0
-70.0
-70.0
-70.0
-70.0
-70.0
-68.5132163818
-67.8007056649
-66.7565090459
-66.3681074396
-65.5661295612
-65.3627385154
-64.7052792708
-63.797294415
-62.7692603544
-61.7034645728
-60.6505382848
-59.6404312358
-58.6896859653
-57.8062492707
-56.9926456117
-56.2480618958
-55.5697096031
-70.0
-70.0
-70.0
-70.0
-70.0
-70.0
-70.0
-70.0
-70.0
-70.0
-70.0
-70.0
-70.0
-70.0
-69.4825582411
-68.4993412443
-68.0894330048
-66.3971736276
-64.8119122137
-63.3436916249
-61.9946362175
-60.7620484324
-59.6404274803
-58.622773993
-57.7014227676
-56.8685646067
-56.9365642233
-55.9028118525
-55.0624667016
-54.3661773876
0
-70.0
-70.0
-70.0
-70.0
-70.0
-70.0
-70.0
-70.0
-70.0
-70.0
-70.0
-70.0
-70.0
-70.0
-69.7647319679
-68.9414134164
-68.6127085049
-68.5917286079
-67.1160830494
-65.6368262793
-65.0247113413
-64.1332853338
-63.1039868848
-62.0262749193
-60.955438576
-59.9244221508
-58.9516648906
-58.0462883715
-57.2115195144
-55.6269408829
-54.4652956746
-70.0
-70.0
-70.0
-70.0
-70.0
-70.0
-70.0
-70.0
-70.0
-70.0
-70.0
-70.0
-69.9951588399
-69.3024155158
-67.4000223375
-64.8352523526
-61.9585486166
-59.8105747544
-58.1714379453
-56.8922412617
-56.6916485427
-56.3249046266
-55.0506947894
-54.0944790608
0
-70.0
-70.0
-70.0
-70.0
-67.8965386008
-70.0
-70.0
-70.0
-70.0
-70.0
-70.0
-70.0
-70.0
-70.0
-70.0
-70.0
-70.0
-70.0
-69.0277678887
-67.7868363589
-66.4260495624
-65.0387091658
-63.6816812889
-62.3880751865
-61.1756423522
-60.0523279065
-59.0199283089
-58.07649094
-56.3978788207
-55.1541155884
-54.2127204628
0
-70.0
-70.0
-70.0
-70.0
-70.0
-70.0
-70.0
-70.0
-70.0
-70.0
-70.0
-70.0
-70.0
-70.0
-70.0
-70.0
-70.0
-69.6583235063
-68.7747068266
-66.7753799245
-64.9932711191
-63.4008967985
-61.1554423129
-59.4129882111
-58.850416143
-58.1945256974
-57.5045072401
-56.817012591
-56.9739487153
-56.8123120993
-56.4649197264
-56.0176536451
-55.5253722081
-55.022490939
-54.5300124796
-59.6001483172
-70.0
-70.0
-70.0
-70.0
-70.0
-70.0
-70.0
-70.0
-70.0
-70.0
-70.0
-70.0
-70.0
-69.526687799
-69.3884775518
-67.815935485
-65.4352123955
-63.4689381286
-61.8168756308
-59.5884089445
-57.9083819678
-56.6134197163
-55.5926617081
-55.5904515129
-55.3794436788
-55.0501908556
-54.6609661332
-54.2487324287
0
-70.0
-70.0
-70.0
-70.0
-70.0
-70.0
-70.0
-70.0
-70.0
-70.0
-70.0
-70.0
-70.0
-70.0
-70.0
-70.0
-68.7077809199
-67.2855234413
-65.832651506
-64.4098399613
-63.0524917025
-62.5996663571
-61.8846489379
-61.0361501885
-60.1358459326
-59.2344685146
-58.3624931133
-57.5372247688
-56.7674896031
-56.0567321836
-55.4050533258
-54.8105442335
-59.8100889643
-70.0
-70.0
-70.0
-70.0
-70.0
-70.0
-70.0
-70.0
-70.0
-70.0
-70.0
-70.0
-70.0
-69.3153693323
-68.2374119539
-67.7793904618
-66.8885978845
-65.7678357419
-64.5464505983
-63.3054044922
-62.0939300121
-60.1205809903
-58.5758855443
-57.3398720918
-55.5102682839
-54.2054970564
-54.0791177514
0
-70.0
-70.0
-70.0
-70.0
-70.0
-70.0
-70.0
-70.0
-70.0
-70.0
-70.0
-70.0
-70.0
-70.0
-70.0
-70.0
-70.0
-70.0
-69.3865802379
-68.348975706
-67.09144713
-65.7438817468
-64.3872131252
-63.8903048482
-62.285816387
-60.890262764
-58.8465884981
-57.302164322
-56.9287710056
-56.4504426489
-55.9250975465
-54.5690539003
0
-70.0
-70.0
-70.0
-70.0
-70.0
-70.0
-70.0
-70.0
-70.0
-70.0
-70.0
-70.0
-70.0
-70.0
-69.7653512373
-69.7623836052
-69.0785235724
-68.0089234336
-66.7435325692
-65.4028469649
-64.0616740369
-62.7649144788
-61.5380282614
-60.3939622555
-59.3377239101
-58.3693901059
-57.4860768198
-56.6832196209
-55.9553979808
-55.2968583974
-70.0
-70.0
-70.0
-70.0
-70.0
-70.0
-70.0
-70.0
-70.0
-70.0
-70.0
-70.0
-70.0
-70.0
-69.4500209123
-68.4483660959
-67.2090943362
-65.8685614692
-64.5119563667
-63.190928093
-62.7552801923
-62.0453821121
-61.1945971936
-59.4676396694
-58.9125438326
-58.2590682027
-57.5683472181
-57.6983030533
-57.4963331194
-57.101940055
-56.6052395479
-56.0637112587
-70.0
-70.0
-70.0
-70.0
-70.0
-70.0
-70.0
-70.0
-70.0
-70.0
-70.0
-70.0
-70.0
-69.3715468872
-68.3254234567
-67.0635686164
-65.7143367584
-64.357653085
-63.0417211114
-61.7941045569
-60.6290644723
-59.5524049391
-58.5646623879
-57.6631947776
-56.8435410522
-56.1002974485
-55.4276747047
-54.8198452349
-54.2711527119
0
-70.0
-70.0
-70.0
-70.0
-70.0
-70.0
-70.0
-70.0
-70.0
-70.0
-70.0
-70.0
-70.0
-69.5395164915
-68.5885758367
-67.375058916
-65.2244467996
-63.4032646365
-61.8404465174
-60.4847407621
-59.2984926168
-58.2534606424
-57.3279927697
-56.505112287
-55.7712135879
-54.2951672488
0
-70.0
-70.0
-70.0
-70.0
-70.0
-70.0
-70.0
-70.0
-70.0
-70.0
-70.0
-70.0
-70.0
-70.0
-70.0
-70.0
-69.5465432752
-68.5995844644
-67.3880896958
-66.0582565115
-63.8817480505
-62.0897847055
-60.5882805417
-59.3111020254
-58.2110915147
-57.2540488245
-56.4146882495
-55.6739156296
-55.8369882033
-55.7169321407
-55.4310007652
-55.0550752477
0
-70.0
-70.0
-70.0
-70.0
-70.0
-70.0
-70.0
-70.0
-70.0
-70.0
-70.0
-70.0
-70.0
-70.0
-69.5545935482
-67.7921965589
-66.9383518133
-65.8380999056
-64.626678764
-63.388936787
-62.1766603745
-61.0200725146
-59.9354507148
-58.9301626111
-58.0059843285
-56.3412778813
-55.1077447503
0
-70.0
-70.0
-70.0
-70.0
-70.0
-70.0
-70.0
-70.0
-70.0
-70.0
-70.0
-70.0
-70.0
-70.0
-70.0
-70.0
-69.7730109351
-68.9543837983
-68.6280613897
-68.6079992315
-68.7723619622
-68.2219008685
-67.2608941834
-66.0855936995
-64.8208936192
-64.3647104504
-63.5888435341
-62.6470285998
-60.817038686
-59.3351434481
-58.1115015238
-57.0835996517
-70.0
-70.0
-70.0
-70.0
-70.0
-70.0
-70.0
-70.0
-70.0
-70.0
-70.0
-70.0
-70.0
-69.4930742569
-68.5158163358
-67.2889343719
-65.9531740479
-64.5966120519
-63.2727877859
-61.1927336334
-59.5482766875
-58.219993297
-57.1256901528
-56.2082519279
-54.6075139286
0
-70.0
-70.0
-70.0
-70.0
-70.0
-70.0
-70.0
-70.0
-70.0
-70.0
-70.0
-70.0
-70.0
-70.0
-70.0
-70.0
-70.0
-70.0
-69.6646440878
-68.7846090709
-67.6071010917
-66.2903596012
-64.9339693868
-63.5990029453
-61.5013896488
-59.8361086827
-57.6657364803
-56.0846552761
-54.9098513778
-54.0179739928
0
-70.0
-70.0
-70.0
-70.0
-67.9009504749
-70.0
-70.0
-70.0
-70.0
-70.0
-70.0
-70.0
-70.0
-70.0
-70.0
-70.0
-70.0
-69.4391018117
-68.431259505
-67.1888454708
-65.8471022012
-64.4904861661
-63.1701670062
-61.91563661
-60.742397152
-59.6570402388
-58.6605914162
-57.7507024088
-56.9230789241
-56.9924022024
-56.7775827627
-56.3994383401
-55.9359037419
-61.7965861913
-70.0
-70.0
-70.0
-70.0
-70.0
-70.0
-70.0
-70.0
-70.0
-70.0
-70.0
-70.0
-70.0
-69.9826118098
-69.2827585021
-68.1967545673
-66.9152603876
-65.5591885335
-64.2035724699
-62.8934170828
-61.6542099477
-60.4988786684
-59.4323839453
-58.4547409798
-56.7429971679
-56.2878509752
-55.7818348937
-55.2621640817
-54.7516227917
-54.2635772581
-59.3452973621
-70.0
-70.0
-70.0
-70.0
-70.0
-70.0
-70.0
-70.0
-70.0
-70.0
-69.6935557495
-68.8299040076
-67.6607161621
-66.3471795828
-64.9908183158
-63.6539742784
-62.3734020467
-61.1692786394
-60.0511619737
-59.0219199085
-58.0803106725
-57.2226681084
-56.443993633
-55.7386558267
-55.100831282
-54.5247755125
-54.004982867
0
-70.0
-70.0
-70.0
-70.0
-70.0
-70.0
-70.0
-70.0
-70.0
-70.0
-70.0
-70.0
-70.0
-70.0
-69.9660817416
-69.2568613952
-68.1661004742
-66.8827739058
-66.3466855012
-65.4568096084
-64.3843237525
-63.2380214472
-62.0856393491
-60.9680221119
-59.9085176992
-58.919197795
-58.0049659259
-57.1662612736
-56.4008297731
-55.704876547
-55.0738087265
-70.0
-70.0
-70.0
-70.0
-70.0
-70.0
-70.0
-70.0
-70.0
-70.0
-70.0
-70.0
-69.6726068387
-68.7970840473
-67.6218675709
-67.126008766
-66.2342931909
-65.1347874061
-63.9472576884
-61.9264979348
-59.4731588181
-57.6620500542
-56.296649794
-55.2441879781
-54.4145712893
-54.5663155664
0
-70.0
-70.0
-70.0
-70.0
-70.0
-70.0
-70.0
-70.0
-70.0
-70.0
-70.0
-70.0
-70.0
-70.0
-70.0
-70.0
-69.6777685826
-68.8051707794
-68.4514397382
-67.6008197889
-66.480420493
-65.2355002323
-63.9573647349
-62.7019046119
-61.5018983844
-60.3751647017
-59.3299523354
-58.3684931711
-57.4893345668
-55.8688615854
-54.6776157436
0
-70.0
-70.0
-70.0
-70.0
-70.0
-70.0
-70.0
-70.0
-70.0
-70.0
-70.0
-70.0
-70.0
-69.3589390198
-68.305671131
-67.0401880266
-64.8695585632
-63.0481955996
-61.4971046349
-60.1598799015
-58.9955490648
-57.9737655939
-57.0715699916
-56.2712002972
-55.5586051373
-55.7424278701
-55.6379739141
-55.3640357434
-54.9975383162
0
-70.0
-70.0
-70.0
-70.0
-70.0
-70.0
-70.0
-70.0
-70.0
-70.0
-70.0
-70.0
-70.0
-70.0
-69.896682373
-69.1481357177
-68.0374032006
-66.7463835836
-65.390225694
-64.0401901037
-63.5588290795
-61.9747181623
-60.6017610065
-59.4012613462
-58.3442528385
-57.4085726392
-57.396878765
-57.1199664817
-57.5131535623
-58.2952940252
-69.5447351688
-70.0
-70.0
-70.0
-70.0
-70.0
-70.0
-70.0
-70.0
-70.0
-70.0
-69.3255803923
-68.2534092812
-67.7983263052
-66.9086656428
-65.7879137239
-64.5658654484
-63.3237743015
-62.11106047
-60.1363968221
-58.5903854059
-57.3530990427
-56.34229059
-55.5010624987
-54.7896235607
-54.1797727458
-54.4712031654
0
-70.0
-70.0
-70.0
-70.0
-70.0
-70.0
-70.0
-70.0
-70.0
-70.0
-70.0
-70.0
-70.0
-70.0
-70.0
-70.0
-70.0
-69.4350635753
-68.4249329346
-67.1813567857
-65.0191658702
-63.1978791252
-61.6418444407
-60.2968288153
-59.1232584796
-58.0916743288
-57.1796680274
-56.3698086456
-54.8282327284
0
-70.0
-70.0
-70.0
-70.0
-70.0
-70.0
-70.0
-70.0
-70.0
-70.0
-70.0
-70.0
-70.0
-70.0
-70.0
-70.0
-70.0
-69.4127636551
-68.389996393
-67.1400028226
-65.7953399196
-65.2586975139
-64.4047554866
-63.3888984207
-63.1297542338
-62.5132759139
-61.7029463914
-60.8033171316
-59.8800956713
-58.9734929394
-58.9270815357
-58.5783319755
-58.0598045069
-68.5366656505
-70.0
-70.0
-70.0
-70.0
-70.0
-70.0
-70.0
-70.0
-70.0
-70.0
-70.0
-70.0
-70.0
-69.756930104
-68.9291904962
-67.7782403817
-65.6517289669
-63.0107644858
-60.9691603143
-59.3552258009
-58.0516908995
-56.9778469287
-56.0776123153
-55.3115511367
-54.6515293916
-54.0771320316
0
-70.0
-70.0
-70.0
-70.0
-70.0
-70.0
-70.0
-70.0
-70.0
-70.0
-70.0
-70.0
-70.0
-70.0
-69.6680104842
-68.7898830919
-67.6133438869
-66.2969755676
-64.9405887237
-63.60540366
-62.3274458331
-61.1264229425
-60.0115951101
-58.9856452403
-58.047220477
-56.3725916032
-55.1320612255
-54.193340958
0
-70.0
-70.0
-70.0
-70.0
-70.0
-70.0
-70.0
-70.0
-70.0
-70.0
-70.0
-70.0
-70.0
-70.0
-70.0
-70.0
-69.7493984424
-68.9173908931
-67.7642733338
-66.4569270204
-65.100621665
-63.7601510629
-62.4738636662
-61.2629624394
-60.1376562886
-59.1012173885
-58.1526468022
-57.2884162236
-56.5035973357
-56.6125860918
-56.4342264757
-56.0894031569
-55.656195727
-55.1843980782
-70.0
-70.0
-70.0
-70.0
-70.0
-70.0
-70.0
-70.0
-70.0
-70.0
-70.0
-69.9807029931
-69.2797680225
-68.1932147728
-66.9115089971
-65.5554352319
-64.1999431316
-63.7099831005
-62.9356743117
-62.0165665614
-61.0412163592
-60.0646323592
-59.1198608806
-59.0456692974
-57.8562987042
-56.8574663915
-56.0062514575
-55.2719807819
-70.0
-70.0
-70.0
-70.0
-70.0
-70.0
-70.0
-70.0
-70.0
-70.0
-70.0
-70.0
-70.0
-70.0
-69.644916669
-68.7537027814
-67.5705176895
-66.251589378
-65.7151794118
-64.8461607851
-63.8065442495
-61.8792228532
-60.303522587
-58.991318341
-57.8809518487
-56.9287002251
-56.1030592434
-55.3809060129
-54.7449172075
-54.1818266841
0
-70.0
-70.0
-70.0
-70.0
-70.0
-70.0
-70.0
-70.0
-70.0
-70.0
-70.0
-70.0
-70.0
-69.4066173501
-68.3803671818
-67.1286048415
-65.7832606092
-64.4266120495
-63.1084025121
-61.8571967059
-60.6878999986
-59.6067253077
-57.7944629828
-56.4239568218
-54.5441878978
0
-70.0
-70.0
-70.0
-70.0
-70.0
-70.0
-70.0
-70.0
-70.0
-70.0
-70.0
-70.0
-70.0
-70.0
-70.0
-70.0
-70.0
-70.0
-70.0
-70.0
-69.5932931384
-69.4928259168
-68.7594513867
-66.850778289
-65.1205484874
-63.5550589903
-62.1405966589
-60.8638993715
-59.7124176867
-57.8544480862
-56.4545180564
-55.3760761033
-54.5264750613
0
-70.0
-70.0
-70.0
-70.0
-70.0
-70.0
-70.0
-70.0
-70.0
-70.0
-70.0
-70.0
-70.0
-70.0
-70.0
-69.6638050356
-68.7832945558
-67.605545116
-66.288710615
-64.9323195605
-63.5974076091
-62.3198801847
-61.1193677239
-60.0050813232
-58.9796734387
-58.0417729268
-56.3676401887
-55.1275725395
-55.0092795321
-54.7479944099
-54.4096235229
-54.8562802066
-70.0
-70.0
-70.0
-70.0
-70.0
-70.0
-70.0
-70.0
-70.0
-70.0
-70.0
-70.0
-70.0
-70.0
-69.6007866799
-68.6845657986
-67.4886810765
-66.164860874
-64.8084067234
-63.4775873422
-62.2065094688
-61.0136457624
-59.9074726799
-58.8901864077
-57.9601417641
-57.1134435858
-56.3449765593
-55.6490637914
-55.019880671
-54.4517081097
0
-70.0
-70.0
-70.0
-70.0
-70.0
-70.0
-70.0
-70.0
-70.0
-70.0
-70.0
-69.5065972178
-68.5370023079
-67.3140119517
-65.9797506729
-64.6232022165
-63.2984997355
-62.037061589
-60.8556299815
-59.7615833509
-58.7564359276
-57.8381329426
-57.0025467202
-56.2444434295
-55.5581000074
-54.9376906205
-54.3775219677
0
-70.0
-70.0
-70.0
-70.0
-70.0
-70.0
-70.0
-70.0
-70.0
-70.0
-70.0
-70.0
-70.0
-70.0
-69.8194178771
-69.0270880074
-67.8941204854
-66.5945359559
-65.2383007064
-63.8932828665
-62.5998294003
-61.380429674
-60.246108849
-59.2006460591
-58.2433468498
-57.3708557626
-56.5783325848
-55.860207592
-55.2106590099
-54.6239078937
-54.0943936275
-59.1568719468
-70.0
-70.0
-70.0
-70.0
-70.0
-70.0
-70.0
-70.0
-70.0
-70.0
-70.0
-70.0
-70.0
-69.8062608758
-69.0064753721
-68.6897215574
-67.8533452167
-67.5530745718
-66.7644763657
-65.7091682299
-63.7090110741
-62.0286164115
-60.5960924002
-59.3600415801
-57.4630763686
-55.2327946962
0
-70.0
-70.0
-70.0
-70.0
-70.0
-70.0
-70.0
-70.0
-70.0
-70.0
-70.0
-70.0
-70.0
-70.0
-70.0
-70.0
-70.0
-70.0
-69.9435436383
-69.2215517
-68.1243048137
-66.8384798548
-65.4823688843
-64.1292900059
-62.8231330119
-61.5886677152
-60.43836628
-58.5569065428
-57.1194671491
-55.1763546079
0
-70.0
-70.0
-70.0
-70.0
-70.0
-70.0
-70.0
-70.0
-70.0
-70.0
-70.0
-70.0
-70.0
-70.0
-70.0
-70.0
-70.0
-70.0
-69.5226100224
-68.5620890351
-67.3437068083
-66.8312205785
-65.9393548214
-64.8495902064
-63.6774117639
-63.3148576396
-62.6301632436
-61.7750078313
-60.0260809895
-58.6191888515
-57.4644139403
-57.3194018622
-56.96508122
-55.6769861273
-54.6915628674
0
-70.0
-70.0
-70.0
-70.0
-70.0
-70.0
-70.0
-70.0
-70.0
-70.0
-70.0
-70.0
-70.0
-70.0
-69.6711572276
-68.7948129899
-67.6191793477
-67.1231598507
-66.2314428242
-65.1320311808
-63.9446498221
-62.7440660128
-60.7555801934
-59.1806360287
-57.0863149956
-55.5701785425
-54.4514907193
0
-70.0
-70.0
-70.0
-70.0
-70.0
-70.0
-70.0
-70.0
-70.0
-70.0
-70.0
-70.0
-70.0
-70.0
-70.0
-70.0
-70.0
-70.0
-69.656521654
-68.7718839246
-67.5920384894
-66.274396612
-64.9179982652
-62.7635593149
-61.0221106343
-60.4065044047
-59.6669238535
-58.8776113943
-57.2647702057
-56.0315731523
-55.0672691485
-55.1164444413
-54.9520681356
-54.665040081
-54.3139885789
-59.4762247249
-67.7743460809
-70.0
-70.0
-70.0
-70.0
-70.0
-70.0
-70.0
-70.0
-70.0
-70.0
-69.7761238707
-68.9592607307
-66.9938341557
-66.0447837389
-64.9171940308
-64.5400670716
-63.8057886604
-62.8816953249
-61.8745161462
-60.8510581007
-59.8519480034
-58.9007503449
-58.0100067383
-57.1852270164
-55.6075182827
-54.4506424331
0
-70.0
-70.0
-70.0
-70.0
-70.0
-70.0
-70.0
-70.0
-70.0
-70.0
-70.0
-70.0
-70.0
-70.0
-70.0
-70.0
-70.0
-69.3601167505
-68.3075162425
-67.0423720629
-65.6918731531
-63.5151780354
-61.7353216969
-60.2528971706
-58.9983458825
-57.9223369135
-56.9893203017
-56.1731996579
-55.4544206163
-55.6380058375
-55.536890109
-55.2683243349
-54.9082407259
-54.505249203
-58.8099267215
-65.7957228344
-70.0
-70.0
-70.0
-70.0
-70.0
-70.0
-70.0
-70.0
-70.0
-70.0
-70.0
-69.8859183137
-69.1312720248
-67.1974418507
-66.2605623512
-65.1330825731
-64.7488252871
-64.0033100727
-63.0658906082
-62.0445759093
-61.0069678929
-59.17417082
-57.745353549
-56.6065514014
-55.6797183994
-54.9109613183
-54.2626750256
0
-70.0
-70.0
-70.0
-70.0
-70.0
-70.0
-70.0
-70.0
-70.0
-70.0
-70.0
-70.0
-70.0
-70.0
-70.0
-70.0
-70.0
-68.8913996081
-67.5731927193
-65.3531621621
-64.3060384223
-63.9975628977
-64.1425588197
-64.5548044123
-65.1136582874
-64.9218486695
-64.2860346098
-63.405011687
-62.4062308771
-61.3700880286
-60.3460660519
-59.3634506641
-70.0
-70.0
-70.0
-70.0
-70.0
-70.0
-70.0
-70.0
-70.0
-70.0
-70.0
-70.0
-68.6236955337
-67.1537896695
-64.8567198286
-62.9599205965
-61.3665103707
-60.0082472228
-58.83634776
-57.8153298237
-56.9188747344
-56.1270391897
-55.4243698899
-54.798622647
-54.2398868797
0
-70.0
-70.0
-70.0
-70.0
-70.0
-70.0
-70.0
-70.0
-70.0
-70.0
-70.0
-70.0
-70.0
-70.0
-70.0
-69.7699386127
-68.9495704933
-67.8023639385
-66.497294541
-65.1410097512
-64.6192052189
-63.7954823256
-62.8180658454
-61.7810137624
-60.7427487206
-59.7383647381
-58.7877888573
-58.7211837003
-58.3671811494
-57.8525402472
-58.078671031
-57.9217271336
-63.0801698907
-70.0
-70.0
-70.0
-70.0
-70.0
-70.0
-70.0
-70.0
-70.0
-70.0
-70.0
-70.0
-70.0
-69.760563661
-68.114883069
-65.6803119448
-63.6735588721
-62.8103883994
-62.6621398358
-62.9477860365
-62.6642475556
-62.0486495486
-61.2543357595
-60.3792696273
-59.4849209604
-58.608814395
-57.7728566425
-56.9888534363
-56.262156398
-55.5940662951
-60.5234100234
-70.0
-70.0
-70.0
-70.0
-70.0
-70.0
-70.0
-70.0
-70.0
-70.0
-70.0
-70.0
-70.0
-69.4384516919
-68.430240984
-67.1876398598
-65.8458245232
-64.4892078372
-63.1689308977
-61.0944670374
-59.45663982
-58.1353888288
-57.8681252732
-57.4221629641
-56.8838468131
-56.3080622287
-54.9089894038
0
-70.0
-70.0
-70.0
-70.0
-70.0
-70.0
-70.0
-70.0
-70.0
-70.0
-70.0
-70.0
-70.0
-70.0
-70.0
-69.3615058607
-68.3096925152
-66.2249480907
-64.4099364996
-62.817264995
-61.4110865924
-60.9836766644
-60.3377748188
-59.5823078841
-58.7862841272
-57.9924604021
-57.226417487
-55.6825778217
-54.5435214285
0
-70.0
-70.0
-70.0
-70.0
-70.0
-70.0
-70.0
-70.0
-70.0
-70.0
-70.0
-70.0
-70.0
-70.0
-70.0
-70.0
-70.0
-69.4529140002
-68.4528986002
-68.0344594069
-67.9789139107
-66.5029561493
-64.2239496208
-62.3590807164
-60.8048566832
-59.4888270405
-58.3595816868
-57.3800484184
-55.7029935101
-54.4833274481
0
-70.0
-70.0
-70.0
-70.0
-70.0
-70.0
-70.0
-70.0
-70.0
-70.0
-70.0
-70.0
-70.0
-70.0
-70.0
-70.0
-70.0
-70.0
-69.3756834953
-69.1519041427
-68.355906393
-66.4231108634
-64.6926631835
-62.3213058028
-60.4644478477
-58.158184813
-56.479154165
-55.2324306375
-54.286648833
0
-70.0
-70.0
-70.0
-70.0
-70.0
-70.0
-70.0
-70.0
-70.0
-70.0
-70.0
-70.0
-70.0
-70.0
-70.0
-70.0
-70.0
-70.0
-69.6029747954
-68.6879938461
-68.3127388149
-67.4538278358
-66.3333536537
-65.0932906894
-63.8228098878
-62.5764277439
-61.3860508662
-60.2689563773
-59.2330678047
-58.280432401
-57.4095034121
-55.7966292383
-54.6123504261
0
-70.0
-70.0
-70.0
-70.0
-70.0
-70.0
-70.0
-70.0
-70.0
-70.0
-70.0
-70.0
-70.0
-70.0
-69.8731838256
-69.9313213268
-70.0
-69.4168692817
-68.3964285413
-67.147616479
-65.8034086923
-65.2667703972
-64.4125617403
-64.2162844881
-63.6013086539
-61.9356128648
-59.6950082959
-58.0041452781
-56.6994892914
-55.6700460564
-54.0200452468
0
-70.0
-70.0
-70.0
-70.0
-70.0
-70.0
-70.0
-70.0
-70.0
-70.0
-70.0
-70.0
-70.0
-69.3833085629
-68.3438500818
-66.2653799905
-64.4527852693
-62.8601355943
-61.4525412695
-59.3828999656
-57.8050185178
-56.5747890318
-56.4141583725
-56.0806413645
-55.6545097809
-55.187013838
-55.5302824777
-55.5285675789
-55.3199197203
-61.354067014
-70.0
-70.0
-70.0
-70.0
-70.0
-70.0
-70.0
-70.0
-70.0
-70.0
-70.0
-70.0
-70.0
-70.0
-69.3375928385
-68.2722287803
-67.0006027194
-65.6476069922
-64.2908893228
-62.9771624104
-61.7330208493
-60.5721018843
-59.4998137759
-57.6964471183
-56.3345455531
-55.2829197622
0
-70.0
-70.0
-70.0
-70.0
-70.0
-70.0
-70.0
-70.0
-70.0
-70.0
-70.0
-70.0
-70.0
-70.0
-70.0
-70.0
-70.0
-69.9102559352
-69.1694009651
-68.0625746176
-66.7730596552
-65.4169153559
-64.0659982644
-61.9432480674
-59.4281563469
-57.5814961031
-57.0174500867
-56.4217741406
-55.8269761016
-55.2525314082
0
-70.0
-70.0
-70.0
-70.0
-70.0
-70.0
-70.0
-70.0
-70.0
-70.0
-70.0
-70.0
-70.0
-70.0
-70.0
-69.849274727
-69.073863739
-67.9494883548
-65.8332135126
-64.0123414901
-63.2494068936
-62.3266659059
-61.3387991165
-60.3447857389
-59.3802181877
-58.4654703841
-57.6111060225
-56.8214505381
-56.0969422295
-55.4356725033
-54.8343882509
-54.2891380911
-59.3356833921
-70.0
-70.0
-70.0
-70.0
-70.0
-70.0
-70.0
-70.0
-70.0
-70.0
-70.0
-69.7002416436
-69.660378575
-69.777781448
-69.9856304569
-70.0
-69.4791676239
-68.4940292774
-67.2631452936
-65.1058433935
-62.464600807
-60.4410352282
-58.85552804
-57.5857061257
-56.547622773
-55.6831853356
-54.9517500286
-54.3244971768
-70.0
-70.0
-70.0
-70.0
-70.0
-70.0
-70.0
-70.0
-70.0
-70.0
-70.0
-70.0
-70.0
-70.0
-69.8005207984
-68.9974825841
-68.6790769028
-67.8420642639
-65.9017878717
-63.3642291074
-61.3728862119
-59.7756509342
-58.4681214031
-57.3779996376
-56.4546599238
-55.6621674314
-55.7945996882
-55.657572386
-55.3634369252
-55.8048410845
-61.3928555439
-70.0
-70.0
-70.0
-70.0
-70.0
-70.0
-70.0
-70.0
-70.0
-70.0
-69.7691153387
-68.9482806973
-67.8008372226
-66.4956765637
-65.1393909495
-63.7976398827
-61.6893345799
-60.0113735788
-58.6475511922
-57.5176727206
-56.5658232135
-55.7525194022
-55.8694531353
-55.720631604
-55.4173176318
-55.0314186607
-54.6088319894
-54.1783189202
-64.0173029385
-70.0
-70.0
-70.0
-70.0
-70.0
-70.0
-70.0
-70.0
-70.0
-70.0
-70.0
-69.4679849675
-68.4765097824
-67.2424076786
-65.9038661604
-64.5472790441
-63.2250841395
-62.7875977255
-62.0755192862
-61.2224215797
-61.1331489032
-60.6851470005
-60.0368409589
-59.2899626353
-58.5088368866
-57.7332002079
-56.986711527
-62.6425946009
-70.0
-70.0
-70.0
-70.0
-70.0
-70.0
-70.0
-70.0
-70.0
-70.0
-70.0
-70.0
-70.0
-69.8778613716
-69.1186494822
-68.0025006992
-66.7093947394
-65.3532180055
-63.1844046983
-62.2403032241
-61.2424988987
-60.2457330069
-59.2828157049
-58.3723048002
-57.5235880974
-56.7402384725
-56.0222207484
-55.367336089
-54.7721607571
-54.2326501994
-70.0
-70.0
-70.0
-70.0
-70.0
-70.0
-70.0
-70.0
-70.0
-70.0
-70.0
-70.0
-70.0
-69.9274243433
-69.1962981378
-68.0944124766
-65.986800664
-64.1660068876
-62.5779970589
-61.1825912597
-59.9492614048
-58.8542881117
-58.6988278655
-59.1122574556
-59.0332399611
-58.6613881324
-58.1262307641
-56.690928651
-55.5833830947
-54.7094096578
-54.0047119404
-64.505026241
-70.0
-70.0
-70.0
-70.0
-70.0
-70.0
-70.0
-70.0
-70.0
-70.0
-69.9962032856
-69.3040518142
-68.2219592042
-66.9419716647
-66.4059134188
-65.5140813574
-64.4385127419
-63.2885544812
-62.1322943755
-61.0107951661
-59.9475358017
-58.9546623229
-58.0371161583
-57.1953512542
-56.4271139366
-54.9086010815
0
-70.0
-70.0
-70.0
-70.0
-70.0
-70.0
-70.0
-70.0
-70.0
-70.0
-70.0
-70.0
-70.0
-70.0
-70.0
-69.5915536263
-68.6701006812
-67.4715588914
-66.1467151878
-65.6102517928
-64.744698696
-63.710543548
-62.6096990076
-61.5055356498
-60.4361864468
-59.4233707101
-58.4782355778
-57.6052133124
-56.8045595095
-56.0740152441
-55.4098881767
-55.627748997
-61.0875405227
-70.0
-70.0
-70.0
-70.0
-70.0
-70.0
-70.0
-70.0
-70.0
-70.0
-70.0
-69.7910503731
-68.9826455845
-67.8415145252
-66.5387854054
-65.1825217534
-63.8393461704
-63.3687959482
-62.61750595
-61.7228150861
-60.7719067315
-58.9989648277
-57.6119008578
-56.502599114
-56.4169314306
-56.1282997728
-55.7275107857
-55.272787034
-54.8008598818
-65.4143415941
-70.0
-70.0
-70.0
-70.0
-70.0
-70.0
-70.0
-70.0
-70.0
-70.0
-70.0
-70.0
-69.9481711945
-69.2288015381
-68.1328863596
-66.8475743739
-65.4914680366
-64.1380886331
-62.8314580365
-61.5964310773
-60.4455338659
-59.3834777436
-58.4101281453
-57.5224474482
-56.7157574484
-55.9845515335
-55.3230096001
-54.7253174534
-54.1858582503
0
-70.0
-70.0
-70.0
-70.0
-70.0
-70.0
-70.0
-70.0
-70.0
-70.0
-70.0
-70.0
-70.0
-69.9070768783
-69.1644204426
-68.0566792332
-66.7668118664
-65.4106643841
-64.0599537486
-62.757528909
-61.5274897083
-61.2018831976
-60.6097898512
-59.8775408484
-59.0856067517
-58.284259402
-57.5039756788
-56.7623395889
-56.068613282
-55.4267570551
-60.3774180836
-70.0
-70.0
-70.0
-70.0
-70.0
-70.0
-70.0
-70.0
-70.0
-70.0
-70.0
-70.0
-69.6012878047
-68.6853508941
-67.4896103846
-66.1658457327
-64.8093920838
-63.4785401584
-62.2074109978
-61.0144864682
-59.9082488682
-58.8908980126
-57.9607908988
-56.2940336005
-55.0608447683
-54.1289033099
0
-70.0
-70.0
-70.0
-70.0
-70.0
-70.0
-70.0
-70.0
-70.0
-70.0
-70.0
-70.0
-70.0
-70.0
-70.0
-69.3828011204
-68.3430550886
-67.0844389666
-65.7364546612
-64.3797822559
-63.0631194042
-61.8143510464
-60.6479449968
-59.5698365338
-58.5806435716
-57.6777730085
-56.8567915704
-55.2923096552
0
-70.0
-70.0
-70.0
-70.0
-70.0
-70.0
-70.0
-70.0
-70.0
-70.0
-70.0
-70.0
-70.0
-70.0
-70.0
-70.0
-69.828107303
-69.0407014414
-67.910234543
-66.6116132525
-65.2553867032
-63.9098045501
-61.7954617733
-60.1103407148
-58.7389233891
-57.6014422141
-57.4622387687
-57.1066420757
-56.6330626575
-56.1044795846
-55.5605137547
-55.845450465
-55.798230809
-55.5532913217
-70.0
-70.0
-70.0
-70.0
-70.0
-70.0
-70.0
