-67.93
-66.067
-64.3903
-62.88127
-61.523143
-60.3008287
-59.20074583
-58.210671247
-57.3196041223
-56.5176437101
-55.7958793391
-55.9662914052
-55.8463289313
-55.5561404826
-55.1734893973
-54.7481157662
-54.3112877287
0
-70.0
-70.0
-70.0
-70.0
-68.486146703
-66.9382965014
-65.4216431637
-63.9742630556
-62.6166928889
-61.358261026
-60.201259874
-59.1436838537
-58.1810154463
-57.3073805537
-56.516286933
-55.8010878629
-55.155265492
0
-70.0
-70.0
-70.0
-70.0
-68.6423927717
-66.363082009
-63.6067261511
-61.4760217647
-59.7917317406
-57.6114333349
-56.0262065136
-54.850863537
0
-70.0
-70.0
-70.0
-70.0
-67.8858652554
-65.9978555668
-64.3084545681
-62.7945321499
-61.4363609607
-60.2169128818
-59.1213469384
-57.3166291411
-55.9665774913
-54.9343272517
-54.1271661996
0
-70.0
-70.0
-70.0
-70.0
-67.9086027258
-66.0334776037
-65.1706199436
-64.1238846828
-63.8217140369
-63.1563545148
-62.2952603177
-61.3454284555
-60.3740150564
-59.4220331817
-58.5134429508
-57.6611740472
-56.8711069035
-56.1446963872
-54.6606935311
0
-70.0
-70.0
-70.0
-70.0
-67.8598077834
-65.957032194
-64.2601324339
-62.7433214967
-61.3851242178
-60.1673683765
-59.0744692592
-58.0929141469
-57.2108839412
-56.4179696865
-55.7049554774
-55.0636484361
-55.3067425967
-55.2523743399
-55.0213409078
-55.5120094849
-55.5993436484
-55.4417660248
-55.1424939166
-55.5881808544
-55.6459869886
-55.4691377695
-55.9773903124
-56.059762161
-55.8838598649
-55.5588564917
-55.155225918
-55.5378733766
-55.5595327391
-55.3638772654
-55.044354739
-54.6611627318
-54.2525421031
0
-70.0
-70.0
-70.0
-70.0
-67.9411930333
-66.0845357521
-63.5910568583
-61.6186009601
-60.0245073892
-58.710567667
-57.6085182448
-56.6703379833
-55.8617518936
-55.1578751767
-54.5402866407
0
-70.0
-70.0
-70.0
-70.0
-68.747208141
-67.3472927543
-65.9057670971
-64.4873261329
-62.3100173499
-60.5699648352
-59.1502678318
-57.9701073687
-56.9730075119
-56.1189806808
-55.3792652261
-54.732793779
-54.9838177848
-55.7649715955
-56.0181648287
-55.946141941
-54.8613901437
-54.0251593938
0
-70.0
-70.0
-70.0
-70.0
-67.9054103277
-66.0284761801
-64.3446998189
-62.8329440082
-60.6547923882
-58.9694083365
-57.6358642944
-56.5578757259
-56.489153394
-56.2082815483
-55.8094823893
-55.3532201476
-54.8776887977
-54.4064470278
0
-70.0
-70.0
-70.0
-70.0
-67.7756210357
-65.8251396226
-64.1040127873
-61.7578695933
-59.934921357
-59.3066550367
-57.7761400767
-56.5752930981
-55.612275141
-54.0040551953
0
-70.0
-70.0
-70.0
-70.0
-67.6012654107
-65.5519824767
-63.7806799671
-63.0552091291
-62.1614196554
-61.1964319826
-60.2208916462
-59.2715377228
-58.369540778
-57.5260245852
-55.92571405
-54.7446705939
0
-70.0
-70.0
-70.0
-70.0
-68.1274455264
-66.3763313247
-64.7564517595
-63.2693089617
-61.911379651
-61.4962427429
-60.8406191732
-60.0625577257
-59.2369689329
-58.4103833595
-57.6107525702
-56.8539490109
-56.148068575
-55.4962713609
-54.8986506538
-54.353456541
0
-70.0
-70.0
-70.0
-70.0
-67.9312879849
-66.069017843
-64.3926884964
-62.0638012719
-60.2410088948
-57.9626331721
-56.3068532993
-55.0798235991
-54.1509449923
0
-70.0
-70.0
-70.0
-70.0
-67.8991942938
-66.018737727
-64.3331725293
-62.8207276598
-61.462569816
-60.2422561159
-59.1453260253
-58.1589904368
-57.2718894024
-55.6538991351
-54.4713083368
0
-70.0
-70.0
-70.0
-70.0
-67.7739768771
-65.8225637741
-64.1009637865
-62.5746383343
-60.3963551186
-58.7195066852
-57.399414069
-56.3373780303
-55.4655771394
-54.7369773669
-54.1185849245
0
-70.0
-70.0
-70.0
-70.0
-67.9234424401
-65.2367264895
-63.0934727028
-61.3477380074
-59.8987059232
-58.6759964753
-57.6298375906
-56.7244810069
-55.9337843564
-55.2382402208
-54.6229723988
-54.0763792923
0
-70.0
-70.0
-70.0
-70.0
-67.9287449445
-66.0650337464
-64.3879725693
-62.8788034441
-62.3406751875
-61.5831090606
-60.7191324158
-59.8201086817
-58.9300241519
-58.0749726289
-58.0894426275
-56.9851432057
-56.0663921125
-54.4695950528
0
-70.0
-70.0
-70.0
-70.0
-67.737859942
-65.7659805758
-64.0339869368
-62.5036578556
-61.1453384783
-59.115502236
-57.5704170828
-56.3676854214
-55.4104569105
-54.632437907
0
-70.0
-70.0
-70.0
-70.0
-67.9153411632
-65.2240344891
-63.0784493349
-61.331816598
-59.8827764025
-58.6605930718
-58.4352633043
-57.175556667
-56.9772141291
-56.6023014687
-56.1339438235
-55.6251311089
-55.1090057766
-54.6056970512
0
-70.0
-70.0
-70.0
-70.0
-66.7658654027
-63.4231891309
-60.9468103967
-59.072756143
-57.6225650527
-55.6550315634
-54.2626770844
0
-70.0
-70.0
-70.0
-70.0
-67.8635548907
-65.9629026622
-64.2670812363
-62.7506856729
-61.3924921457
-59.3544929579
-56.97654368
-55.2938893239
-54.0845003994
0
-70.0
-70.0
-70.0
-70.0
-68.6964471886
-68.0877672622
-67.0963003976
-65.9082102656
-64.6417491775
-63.3704808854
-62.1387038806
-60.9716808818
-59.882411053
-59.6961021207
-59.2377800239
-58.6315274318
-57.9567249621
-57.2632859815
-56.5817797271
-55.9301499836
-55.318167138
-54.7503718594
-54.2280156303
0
-70.0
-70.0
-70.0
-70.0
-67.824007656
-65.9009453278
-64.1937430865
-62.6729636389
-61.3147305157
-60.9192996246
-60.2947311025
-59.5534989524
-57.946976364
-56.6948302655
-55.6970482642
-54.8851441212
-55.0318301648
-54.1087807854
0
-70.0
-70.0
-70.0
-70.0
-67.7913011698
-65.849705166
-64.1330907249
-62.6086857027
-61.2504198326
-60.0371129828
-58.9512251069
-57.9779848777
-57.1047745776
-55.500689245
-54.3315484039
0
-70.0
-70.0
-70.0
-70.0
-67.517351711
-64.6005176806
-62.3404000063
-61.3696494016
-60.384877392
-59.4245182732
-58.5108188594
-58.4755719159
-58.1485713526
-58.4774186361
-58.3688130518
-58.0013559327
-57.4908364636
-57.7314968999
-57.5948432651
-57.2363563087
-56.7567189246
-56.2203791966
-54.8478960533
0
-70.0
-70.0
-70.0
-70.0
-67.8702626964
-65.9734115577
-63.4595204892
-61.4792018318
-59.885037243
-57.7557039149
-56.1962471209
-55.0306981405
-54.1403454809
0
-70.0
-70.0
-70.0
-70.0
-67.5377008201
-65.4523979516
-63.6628029654
-62.1102858748
-60.7517660913
-59.5549286848
-58.4949952848
-57.5525354019
-56.7119749588
-55.960572861
-55.2877125069
-54.6844058776
-54.1429417041
0
-70.0
-70.0
-70.0
-70.0
-67.9297345549
-66.886584136
-65.6744744134
-64.4013927661
-63.1341640189
-62.7326879699
-62.0440460749
-61.206059402
-59.4863987515
-58.1150557362
-56.9984147358
-56.0718163111
-55.2901300458
0
-70.0
-70.0
-70.0
-70.0
-67.8128418428
-66.7034522204
-65.457703373
-64.1716639521
-62.9043181678
-60.870433425
-59.2644214651
-57.968666907
-56.9022586086
-56.0090050093
-55.2494193493
-54.5953539751
-54.0264029514
0
-70.0
-70.0
-70.0
-70.0
-67.9265396432
-66.0615787744
-63.5638829606
-61.589802707
-59.9956944646
-58.6827063703
-57.5821566348
-56.6457549056
-55.8390553712
-55.1370671383
0
-70.0
-70.0
-70.0
-70.0
-67.8177952091
-65.8912124943
-64.182222449
-62.6607543401
-61.3025149968
-60.0874875576
-58.9988881755
-57.2024322737
-55.8611443235
-54.8376667426
-54.0389913026
0
-70.0
-70.0
-70.0
-70.0
-67.9084990933
-66.0333152461
-64.350427763
-62.8390143476
-61.4808658202
-59.439947843
-57.8773987953
-56.6539560735
-55.6747585713
-54.8747481176
-54.2089169081
0
-70.0
-70.0
-70.0
-70.0
-67.9204872298
-66.0520966601
-64.3726590962
-63.682574588
-62.7891047302
-61.8033859911
-60.7951752147
-59.8070762416
-58.0439809831
-56.6946577952
-54.8185752893
-54.3289732761
0
-70.0
-70.0
-70.0
-70.0
-68.1784284678
-66.4562045995
-64.8509967919
-62.5495055476
-60.7269606161
-59.25253497
-58.0361284167
-57.8350802041
-57.4299486031
-56.9158713558
-57.1735626288
-57.065725305
-55.9221654006
-55.0152906112
-55.1006560506
-54.9585201125
-54.6846212126
-54.3407944988
0
-70.0
-70.0
-70.0
-70.0
-68.385770461
-67.6010403889
-66.520167666
-65.2976384434
-64.0308662951
-62.7797741296
-61.579793026
-60.4504779296
-59.4012062741
-58.434936405
-57.5506766034
-56.745098169
-56.0135811694
-55.3508849306
-54.751571023
-54.2102636444
0
-70.0
-70.0
-70.0
-70.0
-67.930337973
-65.247529491
-63.1062600855
-60.5412897726
-58.6275979258
-57.1684628869
-56.0306997673
-55.1236852366
-55.205353677
-55.0575096187
-54.7768861964
-54.4259492698
-54.0445221382
-54.4775151213
-54.5647270738
-54.4415633428
-54.1962796594
0
-70.0
-70.0
-70.0
-70.0
-68.6656211929
-67.2194732023
-65.7544686345
-65.146983606
-64.254259802
-63.2201501929
-62.135679421
-61.0571409772
-60.0181132116
-59.0374261119
-58.1244329817
-57.2824893375
-56.5112401731
-55.808116002
-55.1693042992
-54.590373801
0
-70.0
-70.0
-70.0
-70.0
-67.2456817498
-64.1749014081
-61.8366031561
-60.835737433
-59.0306934181
-56.8033105618
-55.216770496
-54.0676207734
0
-70.0
-70.0
-70.0
-70.0
-67.8810586405
-66.8103252034
-65.5842076344
-64.3057301719
-63.0384526886
-61.8201377757
-60.6718109021
-60.4237544145
-59.9041287082
-59.2388823274
-58.5084384214
-56.9432241304
-55.7493214181
-54.8180024101
-54.0752775917
0
-70.0
-70.0
-70.0
-70.0
-68.824349557
-67.4681476393
-66.0488215673
-64.6389318719
-63.2817003256
-62.0013047203
-60.8096905331
-59.7110656697
-58.7048552293
-57.7876337908
-57.7743798013
-57.4839480809
-57.0368907793
-56.510760039
-55.9547229269
-56.2192765621
-56.1473661911
-55.8759744288
-55.4939402238
-55.0582550267
-54.6049020742
-54.1560602335
0
-70.0
-70.0
-70.0
-70.0
-67.5727235878
-65.5072669542
-64.5477507422
-63.4637826569
-63.1612757172
-62.5177290295
-61.6910100492
-60.7819449927
-60.6737744591
-60.2297463236
-59.5990045648
-58.8772593574
-58.1249702544
-57.3794311174
-55.8427932647
-55.5227174442
-55.1232480371
-54.6894581249
-54.2495355735
0
-70.0
-70.0
-70.0
-70.0
-67.9386934001
-66.0806196602
-64.4064214276
-62.8983551071
-60.7202368112
-59.0326912733
-57.6957409082
-56.6137126588
-55.7207052872
-54.9708773547
-54.33195135
0
-70.0
-70.0
-70.0
-70.0
-68.7639401245
-67.3735061951
-65.1167956309
-63.2355427714
-60.8222729633
-58.990235313
-57.568004879
-56.439066456
-55.5237345204
-55.5870775416
-55.415514103
-55.1087255697
-54.7310282641
-54.3233756052
0
-70.0
-70.0
-70.0
-70.0
-67.5774469283
-65.5146668543
-63.7365099148
-62.1883987539
-60.8299187656
-58.8105001471
-57.2818323044
-56.098570522
-55.9819944351
-55.6893156352
-55.3007311674
-54.0475561144
0
-70.0
-70.0
-70.0
-70.0
-68.6724162909
-67.2301188558
-65.7670697662
-64.3403379869
-63.8029543197
-62.9970923088
-62.0570053586
-61.0677196765
-59.2618909447
-57.8463306742
-56.7121168227
-54.964517951
0
-70.0
-70.0
-70.0
-70.0
-67.0216477639
-64.6439148301
-62.7058112422
-61.0960887147
-60.557052241
-59.8583952821
-58.2672545974
-57.0136616999
-56.0043839048
-55.1753377643
-54.4820654878
0
-70.0
-70.0
-70.0
-70.0
-67.7182479232
-65.7352550796
-63.9976175375
-62.4651144277
-61.1067754142
-59.8982128256
-58.8198015116
-57.0354280062
-55.7069563027
-54.6963080705
0
-70.0
-70.0
-70.0
-70.0
-68.3227064931
-67.5022401725
-66.4032190411
-65.1736990609
-63.0868637707
-60.5552004709
-58.661029142
-58.0324920399
-57.3642867107
-56.6945539561
-56.0462291715
-55.432359995
-54.8596264893
-54.3306655029
0
-70.0
-70.0
-70.0
-70.0
-67.1123705163
-64.7860471422
-62.8740515464
-62.094385804
-60.3801068318
-58.982202554
-57.8207199022
-56.8398063144
-56.8199312846
-55.7373418906
-54.8732101911
0
-70.0
-70.0
-70.0
-70.0
-67.9848896562
-66.1529937946
-64.4920898179
-62.9891444379
-61.6310723954
-60.4051934233
-59.299492926
-58.3027561967
-57.4046222859
-55.7755878632
-54.5823142809
0
-70.0
-70.0
-70.0
-70.0
-67.0620908821
-63.8872757153
-61.4961440914
-59.6549269806
-58.2050324815
-57.038261366
-56.0802566511
-55.2794452672
-54.5996435946
-54.0151078045
0
-70.0
-70.0
-70.0
-70.0
-67.9252090925
-66.0594942449
-64.3814155282
-63.6918544473
-62.7983893171
-61.8123639284
-60.8036698976
-59.8149978159
-58.8712946396
-57.9860295792
-56.3453362237
-55.9460756696
-55.4849834815
-55.0021620525
0
-70.0
-70.0
-70.0
-70.0
-67.4694832961
-65.3455238305
-63.5362973568
-61.1562182274
-59.3329634755
-57.0845785085
-55.476061578
0
-70.0
-70.0
-70.0
-70.0
-67.6276628517
-64.7733384677
-62.5449658884
-60.7664434778
-59.3171152489
-58.1136144699
-57.0977268535
-56.2282700552
-55.4756536411
-54.8182286712
-54.2398327336
0
-70.0
-70.0
-70.0
-70.0
-67.4012473573
-65.2386208598
-63.4097575993
-61.8421143897
-60.4834579843
-59.2954822082
-58.2495140023
-58.1436159453
-57.785289913
-57.2874512965
-56.72249975
-56.1361121638
-54.7364092066
0
-70.0
-70.0
-70.0
-70.0
-67.8671332354
-65.9685087354
-64.2737170776
-62.7577181803
-62.2195282359
-61.4659633281
-61.4282922725
-60.18141323
-59.0705720302
-58.078381576
-56.3704545843
-55.1100165697
-54.160086542
0
-70.0
-70.0
-70.0
-70.0
-67.5331667823
-65.4452946256
-63.654394844
-62.1013751469
-60.7428508238
-59.5463078691
-58.4868385007
-57.5449289296
-57.5249522226
-57.2388011244
-56.8024837612
-55.4706105513
-54.465799607
0
-70.0
-70.0
-70.0
-70.0
-67.531514413
-65.4427059137
-63.651330617
-62.0981277518
-59.9196017742
-58.2584994619
-56.9632214258
-55.9306138899
-55.0900289054
-54.3926769512
0
-70.0
-70.0
-70.0
-70.0
-67.9196099587
-66.0507222687
-64.3710322457
-62.8608504904
-61.5027130875
-61.1010735429
-60.466720698
-59.7138849678
-58.9150540308
-57.2952536675
-56.056864994
-55.0886029567
-54.3146923025
0
-70.0
-70.0
-70.0
-70.0
-67.9128762374
-66.0401727719
-64.3585449335
-62.8476167327
-61.4894725878
-60.268270348
-59.1699399925
-58.1819437794
-57.2930812589
-55.6733277047
-54.4890313153
0
-70.0
-70.0
-70.0
-70.0
-67.7200059374
-65.738009302
-64.8208776773
-63.7532361133
-62.6308766377
-61.5130983978
-60.4353281739
-59.4174884338
-58.4695349753
-57.5951117343
-56.7939540653
-56.063460995
-55.399716453
-54.798145846
-54.2539319536
0
-70.0
-70.0
-70.0
-70.0
-67.1408620635
-64.8306838995
-63.7468875378
-62.6150468028
-61.4921074684
-60.4119402855
-58.5734419662
-57.1612282425
-56.0518590668
-55.1611755925
-54.4313929882
0
-70.0
-70.0
-70.0
-70.0
-67.4449594473
-65.3071031342
-63.4908192418
-62.7480215983
-62.6740756256
-61.3639055211
-60.9956732744
-61.2048781506
-60.9335718046
-61.2030022702
-60.9678938072
-60.4378989358
-59.7486387151
-58.9867946255
-58.2067950176
-57.4419020856
-56.7115695902
-56.0263177733
-55.3909560907
-54.8067072115
-54.2726009769
0
-70.0
-70.0
-70.0
-70.0
-67.931454221
-66.0692782796
-64.3929967721
-62.8841279752
-60.7060024312
-59.0189270238
-57.6827175452
-56.6015679399
-55.7094925787
-54.9605976094
-54.3225740408
0
-70.0
-70.0
-70.0
-70.0
-67.6807192268
-64.8564601219
-62.6433559883
-60.8707149752
-59.4214398681
-58.214493475
-57.1931758566
-56.3172794236
-55.5578322498
-54.8935695371
-54.3085595916
0
-70.0
-70.0
-70.0
-70.0
-67.9277478855
-66.0634716873
-64.3861235788
-62.8768439277
-61.5187146728
-61.1165466308
-59.6613609179
-57.6228707929
-56.1223476914
-54.9946222409
-54.1281662291
0
-70.0
-70.0
-70.0
-70.0
-67.4483709158
-65.312447768
-63.4971456205
-61.9347261446
-60.5761169209
-59.3850808226
-58.3342898029
-57.4026721977
-56.5736125613
-55.8337230274
-55.1719985395
0
-70.0
-70.0
-70.0
-70.0
-67.8212832101
-65.8966770291
-64.1886907529
-62.6676092954
-61.3093734444
-59.2741194857
-56.9004964609
-55.222972764
-54.0190261204
0
-70.0
-70.0
-70.0
-70.0
-67.8763023875
-65.1628737404
-63.0060540942
-60.4350938366
-58.5213478875
-57.0657220552
-55.9334891539
-55.033033108
-54.3016583769
0
-70.0
-70.0
-70.0
-70.0
-68.8272337848
-67.4726662628
-66.0541702075
-64.6446002341
-63.2873715756
-62.0067886613
-60.8148792907
-59.7159043586
-58.7093225874
-57.7917294385
-56.9581159011
-56.2026772487
-55.5193248156
-54.9020025286
-54.3448757387
0
-70.0
-70.0
-70.0
-70.0
-68.1867307293
-66.4692114758
-64.8663928746
-62.5658219514
-60.7432853324
-59.2683205166
-58.0510642765
-57.02900839
-56.158141245
-55.4070162499
-54.7527740445
-54.1784695864
0
-70.0
-70.0
-70.0
-70.0
-67.1074516716
-63.9583409521
-60.7602631554
-58.4594077055
-56.7735808454
-55.5129653678
-54.5494972356
0
-70.0
-70.0
-70.0
-70.0
-67.899960244
-66.0199377156
-63.5145929414
-61.5375663122
-59.1234314576
-58.1675028295
-57.2983622251
-56.5102657882
-55.7970657332
-55.1525768424
-55.3907976131
-55.3307034885
-55.0936235641
0
-70.0
-70.0
-70.0
-70.0
-67.8541473075
-65.9481641151
-64.2496353958
-62.7321969844
-61.373994038
-60.1566058023
-59.0642860008
-58.0834179198
-56.3821164739
-55.1252650573
-54.1769787054
0
-70.0
-70.0
-70.0
-70.0
-67.1993708777
-64.9223477084
-63.0353888832
-61.445367292
-60.9065087608
-60.1963100168
-59.4069804365
-58.5964833404
-57.8003023048
-57.0392502732
-57.1446440452
-56.9463921735
-56.5725613114
-56.1058440837
-54.7789522777
-54.6201854515
-54.3475858407
-54.0157732129
0
-70.0
-70.0
-70.0
-70.0
-67.3985165174
-65.234342544
-64.2246934084
-63.1214141468
-61.998732785
-60.901832875
-59.8569651665
-58.8781457026
-57.9715825008
-57.1385918297
-56.3775110327
-55.6849455201
-55.0565746952
-54.4876663771
0
-70.0
-70.0
-70.0
-70.0
-68.3152838761
-66.6706114059
-65.1047875436
-63.6384669748
-62.2807257343
-61.0333901322
-59.8938757665
-58.8570379549
-57.9163673361
-57.8847527203
-57.5796255268
-57.1205616932
-55.7644380032
-54.7352825224
0
-70.0
-70.0
-70.0
-70.0
-67.7344258607
-65.7606005151
-64.8476186239
-63.7815755351
-62.6592304972
-61.5405157913
-60.4612697747
-59.4416798389
-58.4918698828
-57.6155882464
-56.8126329897
-56.080438736
-55.4151075592
-55.6320719345
-56.3711814952
-56.5789411818
-56.460965621
-56.1514814305
-55.7374082019
-55.2743839913
-54.7974233319
-54.3279994919
0
-70.0
-70.0
-70.0
-70.0
-67.9370512806
-66.0780470063
-64.4033762081
-62.0751278557
-60.252341249
-58.7935912433
-57.6018881985
-55.790136765
-55.3067480127
-54.8164898276
-54.3384519223
0
-70.0
-70.0
-70.0
-70.0
-67.9364624266
-66.0771244683
-64.402284211
-62.893970583
-61.5358500534
-60.3131160672
-59.2123718065
-58.2215128566
-57.3296137248
-56.5268204548
-55.8042504777
-55.1539001422
-54.5685599361
-54.041737148
0
-70.0
-70.0
-70.0
-70.0
-68.7500029152
-67.3516712337
-65.9109498504
-64.4928186921
-63.1355127074
-61.8599453596
-60.6759401056
-59.5863389497
-58.5897002912
-57.6820604197
-56.8580744828
-56.1117471046
-55.4368924408
-54.8274165612
-55.0974838148
-55.0662747064
-54.8553400845
-54.5436013085
-54.1817713326
0
-70.0
-70.0
-70.0
-70.0
-68.2007296707
-66.4911431507
-64.8923531337
-62.5933340191
-60.7708114163
-59.2949374741
-58.0762485263
-57.0524935401
-56.179824097
-55.4268949613
-54.7709076478
-54.1949516714
0
-70.0
-70.0
-70.0
-70.0
-68.7474658799
-67.3476965452
-65.9062450595
-64.4878326661
-63.1305241412
-61.8551215549
-59.8513759513
-59.1174160574
-58.3497929192
-57.5875592723
-56.8539671084
-56.1620129064
-55.5181066217
-54.9244926302
-54.3808411475
0
-70.0
-70.0
-70.0
-70.0
-67.9316502852
-66.0695854469
-64.3933603623
-62.8845132995
-62.3463879518
-60.7686331448
-59.4396924891
-58.3043383461
-57.3229812487
-56.466734282
-56.5340949592
-56.3333748669
-55.9784969827
-55.542953686
-55.0735292518
-54.5994236162
-54.958312781
-54.9850358538
-54.8115685024
-54.5237691415
0
-70.0
-70.0
-70.0
-70.0
-67.8451370087
-65.9340479802
-64.2329262972
-62.7144890774
-60.5362771097
-58.8548073587
-57.5274319295
-56.456758941
-55.5757965165
-54.8380258446
-54.21076258
0
-70.0
-70.0
-70.0
-70.0
-67.3161433696
-65.1052912791
-63.2519369821
-61.6748598379
-60.3161182234
-59.133669314
-58.9164109911
-58.4655089644
-57.8894507829
-58.0775008479
-57.8977475253
-58.3233039476
-58.2778610027
-58.7713332023
-58.7517054153
-58.424871896
-58.7446093878
-58.62163157
-58.237123827
-57.7085150536
-57.1110659545
-56.4922276298
-55.0611837141
0
-70.0
-70.0
-70.0
-70.0
-68.0024875806
-66.1805638762
-64.524724191
-63.0237295736
-62.4856751507
-60.9033199919
-59.5671295635
-58.4231776544
-57.4327005871
-56.5673243272
-55.805854427
-55.1321106726
0
-70.0
-70.0
-70.0
-70.0
-68.3666500248
-65.9310850388
-63.0953765459
-60.9341055653
-60.0695394581
-59.1918151452
-58.335453386
-58.3404545509
-58.0421067648
-57.5716945343
-57.0137240449
-56.4218176164
-55.8292798388
-55.2561145109
-54.7136781638
-54.2077604167
0
-70.0
-70.0
-70.0
-70.0
-66.5866924615
-63.9624848564
-61.8992107981
-60.2412726698
-58.8818007039
-57.7467241675
-55.9641207734
-54.6724213779
0
-70.0
-70.0
-70.0
-70.0
-67.7131297828
-66.5472366597
-65.2727928971
-63.9757002097
-62.7082545903
-61.500845399
-60.3697050375
-59.3220306527
-59.1793583334
-58.7644429974
-58.2000123626
-57.5646869029
-56.9080020637
-55.4403910913
-54.3551448049
0
-70.0
-70.0
-70.0
-70.0
-68.2733233754
-66.6048732881
-65.0269741261
-63.5560021581
-62.1982189053
-60.9536083235
-59.8183883636
-58.7866434422
-57.8513750413
-57.005168166
-57.060605102
-56.8351804269
-56.4487529409
-55.9786046846
-55.4738955747
-54.9652735896
-54.4712579455
-54.0024732942
0
-70.0
-70.0
-70.0
-70.0
-66.4865896203
-63.8056570717
-61.7135756402
-60.0445409267
-58.6849687343
-57.5563931277
-56.6040346595
-54.9691517566
0
-70.0
-70.0
-70.0
-70.0
-67.8505943979
-65.94259789
-64.2430467222
-62.7252144642
-62.1870079606
-61.4345171264
-60.5785387216
-59.6890003881
-59.628977375
-59.2486643213
-57.8688543451
-56.7553398812
-55.8387198734
-55.0707905397
-54.4176732548
0
-70.0
-70.0
-70.0
-70.0
-67.92332449
-66.056541701
-64.3779206376
-62.8681506449
-62.3300169612
-60.7528028522
-59.4247142918
-58.2903706791
-57.3100854889
-56.4549115251
-55.703310096
-55.0389055687
-54.448966
0
-70.0
-70.0
-70.0
-70.0
-67.3819243666
-65.2083481743
-63.3739241865
-62.6241389876
-60.910129902
-59.4947201205
-59.1256502477
-58.576686649
-57.9380856015
-57.2669887863
-56.5987644043
-55.9545376283
-56.1661836417
-56.0642984618
-55.7776907384
-55.3898030797
-54.9540770486
-54.5041721949
-54.0607568762
0
-70.0
-70.0
-70.0
-70.0
-67.936760112
-66.0775908421
-64.4028362522
-62.0745556231
-60.2517687249
-58.7930376285
-57.601364383
-56.6096482896
-55.7709636906
-55.0520541415
-54.428973274
0
-70.0
-70.0
-70.0
-70.0
-67.7233278066
-65.7432135636
-64.0070378991
-62.4750979037
-61.1167639763
-59.9078714874
-58.8289402778
-57.0439502094
-55.7148244948
-54.7035215828
-54.7366224495
-54.5752622212
-54.3026040102
0
-70.0
-70.0
-70.0
-70.0
-67.9523752438
-66.1020545486
-64.4317936465
-63.7452439837
-62.8518060533
-61.8640164265
-60.8525421029
-59.860572772
-58.9133720811
-58.0246059305
-58.0205260424
-57.7273939082
-57.2706014974
-56.7308393343
-56.159287392
-55.5877133135
-55.0351784227
-54.5124848741
-54.0251192491
0
-70.0
-70.0
-70.0
-70.0
-68.4796412938
-66.9281046937
-66.2295792438
-65.2461446657
-64.1245457633
-62.9574348965
-60.9819205465
-59.4072145849
-58.1254838552
-57.0622626221
-56.1655877949
-54.5787299721
0
-70.0
-70.0
-70.0
-70.0
-67.6484922651
-66.4459712153
-65.1529262115
-63.8486683356
-62.5811579988
-61.3779465301
-60.2534214313
-59.2135923242
-58.2592417825
-56.5679900648
-55.3109726986
-54.3563965223
0
-70.0
-70.0
-70.0
-70.0
-67.5345231138
-65.447419545
-63.6569100855
-62.9240407404
-62.0301844419
-61.0695311814
-60.1008215191
-59.1595683377
-58.266164151
-57.4312495006
-56.6592590603
-55.1307561608
-54.0192958824
0
-70.0
-70.0
-70.0
-70.0
-67.4111843369
-65.2541887945
-62.6081851759
-60.5769768322
-58.9823525983
-56.8828329713
-55.370360096
0
-70.0
-70.0
-70.0
-70.0
-67.9987679931
-66.1747365226
-64.5178264228
-62.1964194822
-60.3736946685
-58.9109366246
-58.5329172441
-57.9983417077
-57.3876516622
-56.7516492462
-55.3016594884
-54.2316103174
0
-70.0
-70.0
-70.0
-70.0
-68.050723558
-66.2561335742
-64.6141751315
-63.1185275614
-61.760521434
-61.3503670431
-60.7025955071
-59.9338460686
-59.1181348699
-58.3014369884
-57.5113703598
-56.7636180374
-56.066179376
-56.2421768666
-55.2963694654
-54.5290060425
0
-70.0
-70.0
-70.0
-70.0
-67.6723120789
-66.4832889236
-65.197098733
-63.8954813275
-63.44799484
-62.7079031194
-61.8169179831
-60.0450963019
-58.6238334165
-57.460281238
-56.4901405563
-55.6683847954
-54.9630518457
-54.351083681
0
-70.0
-70.0
-70.0
-70.0
-67.9259911787
-66.0607195133
-64.3828658636
-62.8733914783
-61.5152604646
-59.4732065075
-57.0888672497
-55.3986347866
-54.1812074826
0
-70.0
-70.0
-70.0
-70.0
-67.8766610633
-65.9834356659
-64.2913859052
-62.7764431853
-61.4182627806
-60.199412445
-59.1047884955
-58.1211878426
-57.2369878561
-56.4419016024
-56.5467864634
-56.3681578312
-55.2053753908
-54.3108600803
0
-70.0
-70.0
-70.0
-70.0
-68.1462762999
-67.2258328698
-65.2560390495
-63.5422947889
-62.039305073
-60.712867741
-59.5365764171
-58.4895824088
-57.5550665903
-56.7191882128
-55.9703549125
-55.2987097686
0
-70.0
-70.0
-70.0
-70.0
-67.8216117726
-66.7171917771
-65.4739667205
-64.1888994626
-62.9215624591
-62.527108175
-61.8495319987
-61.0246685596
-60.1389282109
-58.4261863946
-57.0943350917
-56.0354131402
-55.175546198
-54.4637744927
0
-70.0
-70.0
-70.0
-70.0
-68.7390947963
-67.3345818476
-66.7107213501
-65.7560476733
-64.6347085447
-63.4507481161
-62.2686802551
-61.1271501966
-60.0479938216
-59.0422335359
-58.1140362467
-57.2633166649
-56.487441027
-55.7823342767
-55.1431924172
-54.564934221
-54.0424814959
0
-70.0
-70.0
-70.0
-70.0
-67.4039349857
-64.4228314777
-62.1300749902
-60.3267519314
-58.8771996984
-57.6882283687
-56.6952379586
-55.8529357805
-54.309123281
0
-70.0
-70.0
-70.0
-70.0
-67.6090326324
-65.5641511241
-63.7950838483
-62.2504740212
-60.8920256576
-59.6905557842
-58.6233220007
-57.6722043305
-56.8224602508
-56.0618651279
-54.5601125499
0
-70.0
-70.0
-70.0
-70.0
-67.6955470121
-65.699690319
-63.9555199591
-62.4205004112
-61.0621386688
-59.8550503344
-58.7789623226
-57.8173441048
-57.7764617039
-57.4693835399
-57.0128238569
-56.4817939185
-55.9237828248
-56.1881834078
-56.117217644
-55.8473975976
-56.2872589831
-56.3182671817
-56.9229298615
-57.8516298073
-58.1237954478
-57.9929683173
-57.6247064283
-57.1262590807
-56.5663153694
-55.9881386303
-55.4182946326
-54.8724450795
-54.3591871783
0
-70.0
-70.0
-70.0
-70.0
-67.7718863413
-65.8192886014
-64.0970870041
-62.5705298122
-61.2122445034
-60.0001985013
-58.9162976166
-57.945413832
-56.2547031001
-55.0084532243
-54.0704215247
0
-70.0
-70.0
-70.0
-70.0
-68.7177641589
-67.301163849
-65.8511648681
-64.4294599839
-63.0721217206
-61.7986480386
-61.4379422281
-60.8169206676
-60.0604103756
-59.2478238546
-58.4286778135
-57.6329009284
-56.8776714331
-56.1719446881
-55.5194438182
-54.9206285023
-54.3739850293
0
-70.0
-70.0
-70.0
-70.0
-67.9313536902
-66.0691207813
-64.3928103432
-62.8839304023
-61.5258047577
-60.3034025456
-59.2031811336
-58.2129422485
-57.3217008426
-56.5195659709
-55.7976328489
-55.147885214
-54.563107126
-54.0368033689
0
-70.0
-70.0
-70.0
-70.0
-67.4845685119
-65.3691573353
-63.5642720515
-62.0058651461
-60.6472921647
-60.2739053037
-59.6840763437
-58.9840430895
-58.2412217007
-57.4974881441
-56.7779984053
-56.9170379485
-56.7465604095
-56.3960552057
-56.76921691
-56.7441400355
-56.4809559097
-55.2636802372
-54.3345254924
0
-70.0
-70.0
-70.0
-70.0
-66.6960927982
-64.1338787171
-62.1020876446
-61.2762767462
-60.3815809824
-59.4753774913
-57.7724761469
-56.4683194688
-56.2668814796
-55.9137893034
-55.4814743542
-55.0160362396
-55.3662388295
-55.3741524225
-55.1764288308
-54.8619137148
-54.4878075214
-54.0904168879
0
-70.0
-70.0
-70.0
-70.0
-67.94065702
-66.083695998
-63.5900628516
-61.6175475353
-60.0234534277
-58.7095485156
-56.7875539511
-55.3847720807
-55.1602772224
-54.8302377334
-54.4478727822
-54.0468580521
0
-70.0
-70.0
-70.0
-70.0
-67.9399882621
-66.0826482773
-64.4088226772
-62.9008998945
-61.5427828951
-60.3198199323
-59.2187148235
-58.2274279308
-57.3350748642
-56.5318271954
-55.8088176876
-55.1580513933
-54.572323237
-54.0451422353
0
-70.0
-70.0
-70.0
-70.0
-67.5655600612
-65.4960440959
-63.7144663801
-62.165037538
-60.8065456482
-59.6078989926
-58.5451143662
-57.5992731115
-56.7551259216
-56.0001334103
-55.3238001232
-54.7172068135
-54.1726772672
0
-70.0
-70.0
-70.0
-70.0
-68.9927163685
-68.5519223107
-67.6457151323
-66.4904669875
-65.2243025344
-63.933793778
-62.6716953983
-61.4687131905
-60.3413000928
-58.4768088978
-57.0522205508
-55.9390601909
-55.0498619687
-54.3246809697
0
-70.0
-70.0
-70.0
-70.0
-67.3701475071
-64.3698977611
-62.0674179881
-60.2603495248
-58.8107634626
-57.6239863765
-57.4544539123
-57.0809193034
-56.5974345613
-56.0640958973
-55.5186228356
-54.9840515708
-55.2938404262
-55.2799190586
-55.0722356027
-54.7552176758
-54.3831663304
0
-70.0
-70.0
-70.0
-70.0
-67.9452292277
-66.0908591235
-64.4185417568
-62.0911999449
-60.2684215262
-58.8091404242
-57.6166004155
-56.6238563964
-55.7840814384
-55.0640804157
-54.4399437882
0
-70.0
-70.0
-70.0
-70.0
-68.8200485192
-66.6414093468
-64.7561788651
-62.2898346139
-60.377033576
-58.8601185008
-57.631298839
-57.4362970806
-57.0480861228
-55.7368900108
-54.7356093432
0
-70.0
-70.0
-70.0
-70.0
-67.6084007316
-65.5631611462
-63.7939120234
-62.2492321489
-60.8907831526
-59.6893543164
-58.6221852042
-57.67114423
-56.8214815045
-56.060967819
-55.3792940138
-54.7676465969
-55.0384032601
-55.0095771494
-54.8019622447
-54.4939945604
-54.1360807978
0
-70.0
-70.0
-70.0
-70.0
-67.9441770705
-66.0892107438
-63.5965905896
-61.6244654774
-60.0303748942
-58.7162413812
-56.7938865606
-54.5706774496
0
-70.0
-70.0
-70.0
-70.0
-67.4159197406
-65.2616075936
-63.4369667189
-61.8709499702
-60.5123082552
-58.5033796178
-56.9912431147
-56.6475864424
-56.1964728909
-55.6959223303
-55.1823945829
-54.6781981151
-54.1964069639
-54.5641187077
-54.6092751304
0
-70.0
-70.0
-70.0
-70.0
-67.7507138145
-65.7861183094
-64.0578237294
-62.5289195237
-61.1706130162
-59.9599420111
-58.8782080077
-57.9098940054
-57.0419091372
-56.2630545783
-54.7436400238
0
-70.0
-70.0
-70.0
-70.0
-67.8577380217
-65.9537895673
-64.2562941758
-63.5592538017
-62.6657211171
-61.6840774692
-60.6822886981
-59.7018058122
-59.5867892202
-59.174886291
-59.4185816572
-59.2275128216
-58.7819544262
-57.3785542414
-56.2672289892
-56.1881928715
-55.9111647719
-56.344575753
-57.18980315
-57.4339461498
-57.3093004114
-56.9675362879
-56.5068932709
