-70.0
-69.0
-68.4333333333
-67.59
-67.1643333333
-67.4479
-67.70311
-67.932799
-68.1395191
-69.1280363258
-69.7502121171
-70.0
-70.0
-70.0
-70.0
-70.0
-70.0
-70.0
-70.0
-70.0
-70.0
-70.0
-70.0
-62.0034254874
-57.4720332636
-56.1692743817
-55.8486432398
-55.3255073109
0
-70.0
-70.0
-70.0
-70.0
-69.9903978052
-69.043484225
-68.507219936
-68.9389244018
-69.2333162678
-69.4355075119
-62.6565658142
-58.8339819351
-56.9126322098
-56.1960679677
0
-70.0
-70.0
-70.0
-70.0
-69.633744856
-69.4262002743
-69.3208001829
-69.2802001219
-69.2798334146
-69.3036189431
-69.3411029621
-69.385556608
-62.4686778596
-58.5695946819
0
-70.0
-70.0
-70.0
-70.0
-66.8901575879
-65.1279135544
-64.2329700158
-57.8100489251
-55.3621768801
-54.3813810905
-54.313524247
-54.795692666
0
-70.0
-70.0
-70.0
-70.0
-68.9066707311
-68.2871174787
-67.9724816113
-67.8512840372
-67.8501893581
-61.0425836148
-57.256600715
-55.4097909513
-54.7880453947
0
-70.0
-70.0
-70.0
-70.0
-66.7572907509
-64.9197555097
-63.986575848
-63.6271155227
-62.649881105
-62.3085444175
-62.3601242578
-62.6457346867
-64.0622396444
-65.1100679643
-66.4573182462
-67.3837578072
-68.0268296169
-68.4784450488
-67.8174743362
-67.1603094308
-66.5273335065
-66.2633035018
-59.2315471494
-55.3714417664
0
-70.0
-70.0
-70.0
-70.0
-70.0
-69.0231672001
-68.4696286135
-68.1885178411
-68.0802341163
-68.0792560775
-68.1426940517
-68.2426670345
-68.3612285896
-61.4976483083
-57.6629118626
-56.7681680353
-56.6723828044
0
-70.0
-70.0
-70.0
-70.0
-69.1357020047
-67.6466097801
-66.831600786
-67.4308671668
-67.8760647564
-68.2139811516
-68.4762649503
-68.6844263979
-69.721488477
-70.0
-63.4184321496
-59.6888770343
-57.794848064
-57.0652690797
-57.0586793865
-58.4275752609
-59.9679936101
-60.5615006048
-61.2322214482
-61.3713576837
-61.7424608355
-62.2403740321
-62.797776149
-63.3722915475
-63.9379244017
-65.4403548585
-66.493801304
-60.2498471757
-56.8284797929
-54.2320515667
0
-70.0
-70.0
-70.0
-70.0
-68.7442124337
-68.0325994795
-67.6712117243
-60.6129324867
-56.6908671946
0
-70.0
-70.0
-70.0
-70.0
-68.6090534979
-67.8208504801
-67.4205669867
-67.2663779912
-67.2649853274
-68.3293045901
-69.0235859947
-70.0
-70.0
-70.0
-70.0
-70.0
-70.0
-63.1941053768
-59.337431757
-57.3788465265
-56.6244005041
-56.6175862071
-57.0595780887
-57.7561206147
-58.5821754431
-59.4584024921
-60.3355253051
-61.1839481493
-62.9845865927
-64.2988167722
-65.2773943209
-59.0459394512
-56.4746710167
-55.3827542555
-55.2148457236
-55.6069390803
-57.1244329275
-58.4641148049
-59.6524534378
-54.6872076362
0
-70.0
-70.0
-70.0
-70.0
-69.0288065844
-68.4784636488
-69.1599573236
-69.596854951
-69.8724316957
-70.0
-70.0
-70.0
-63.2789547664
-59.4703624673
-57.5361950057
-57.7033631999
-58.2135520098
-59.468102451
-60.5718959673
-61.5484422116
-55.6892176472
0
-70.0
-70.0
-70.0
-70.0
-70.0
-70.0
-70.0
-70.0
-70.0
-70.0
-70.0
-70.0
-70.0
-70.0
-70.0
-70.0
-70.0
-70.0
-70.0
-69.0001190384
-69.4325048676
-69.7108528696
-69.8874999084
-69.9972381348
-70.0
-70.0
-70.0
-70.0
-63.0130061474
-59.053709631
-57.0430080667
-56.2684868593
-57.2537838929
-58.2698359833
-59.2704727048
-60.2285056475
-61.1290418915
-61.9650622416
-55.8558964196
0
-70.0
-70.0
-70.0
-70.0
-62.9012345679
-58.878600823
-56.835733882
-56.048822588
-56.0417150587
-56.5027267058
-57.2292428039
-58.0908443692
-59.0047771628
-59.9196442669
-60.8045763871
-62.6397661214
-63.9862210912
-64.9945533701
-64.7674159177
-64.8055529156
-65.0015833505
-65.2858154998
-58.6182307491
-54.997072207
0
-70.0
-70.0
-70.0
-70.0
-65.9884389801
-63.7152210688
-63.2644866567
-63.2185631209
-63.4170568954
-63.755584597
-64.166848398
-64.6080450653
-65.0524948969
-65.4840816326
-65.8935642863
-66.2761350689
-66.6298063696
-65.9544083408
-58.7000081867
-54.724034488
0
-70.0
-70.0
-70.0
-70.0
-67.6300807226
-66.2871264654
-65.6051163623
-65.3424064216
-65.3400335765
-65.4939420836
-65.7364891184
-67.0241079672
-67.8958756776
-61.5430252077
-55.6798807521
0
-70.0
-70.0
-70.0
-70.0
-67.9514871278
-66.7906631669
-60.1229573844
-56.4515686687
-54.700349817
-54.1596068455
-54.3631741677
-55.0065420887
-55.8923447717
-56.8940815558
-58.9315364814
-59.5229634358
-60.2270541606
-60.9752734568
-61.7250292526
-62.4507150884
-63.1377694202
-63.7787430386
-65.3316839994
-59.4261638238
-56.2353129243
-54.7796252872
-54.4135585286
-54.7134665226
-55.4029624348
-56.303227901
0
-70.0
-70.0
-70.0
-70.0
-63.0048375024
-59.0409120871
-57.0278597684
-57.2509106127
-56.8097701687
-56.98476023
-57.5235955925
-58.2627769569
-59.0975265436
-59.9617920775
-60.8149583286
-61.633026135
-62.4027659477
-63.1178509703
-62.7936484815
-62.8393387055
-56.1160986216
0
-70.0
-70.0
-70.0
-70.0
-67.4819325745
-65.3513239963
-64.2279147162
-63.7462719909
-63.6657439561
-63.8285690033
-57.3140644623
0
-70.0
-70.0
-70.0
-70.0
-62.9884424568
-59.0152265156
-56.9974560671
-55.2236374164
-54.6518916455
0
-70.0
-70.0
-70.0
-70.0
-69.2171925011
-68.7736015851
-68.5483269827
-68.4615513218
-68.4607675479
-68.5116050319
-68.5917206879
-68.6867327253
-68.7875155235
-68.8884013517
-62.0019717447
-58.1367149223
-56.2130036648
-55.5183434548
-55.5842692137
-57.1038979355
-57.4456343423
0
-70.0
-70.0
-70.0
-70.0
-68.5880201189
-67.7878981863
-68.3555494589
-62.1606488848
-58.7050202442
-57.008142385
0
-70.0
-70.0
-70.0
-70.0
-68.6597571508
-67.900286203
-68.5030330742
-68.0462673373
-68.3928878728
-68.6544305983
-68.856208547
-69.015401698
-69.0778939106
-69.4794594411
-62.7537357193
-58.9598436288
-57.0515135869
-56.3381317756
0
-70.0
-70.0
-70.0
-70.0
-68.9135802469
-68.2979423868
-67.9852949246
-67.864863283
-68.8377632272
-68.4992628617
-68.3461872137
-69.0131726215
-69.4462581121
-69.7245674694
-69.9007341681
-70.0
-70.0
-70.0
-70.0
-70.0
-70.0
-70.0
-70.0
-63.9965745126
-60.5946334031
-57.8685033961
-56.6372086121
-56.3438581212
-56.623052556
-56.4339983292
-56.7727658488
-57.4169341656
-58.2228706835
-59.0990035715
-59.9880498519
-59.9430007869
-60.251204655
0
-70.0
-70.0
-70.0
-70.0
-68.0786403934
-66.6565366163
-65.9147231295
-65.6058109332
-65.5669365842
-64.8889116196
-64.6524662535
-65.6888237573
-65.7506404306
-65.5960424203
-65.6500822
-66.6299724637
-66.9598705027
-67.2591469761
-66.974519072
-67.6082953975
-61.4030214133
-57.9664229757
-56.8611387028
0
-70.0
-70.0
-70.0
-70.0
-67.0137174211
-65.3214906264
-63.9065493065
-63.2606995377
-63.0978330251
-63.2301853501
-63.5352572334
-63.9337917889
-64.3751194626
-58.8790798529
-54.9911718676
0
-70.0
-70.0
-70.0
-70.0
-70.0
-70.0
-70.0
-70.0
-70.0
-70.0
-63.0800841486
-59.1587984994
-57.1674004933
-56.4003150065
-56.3933865475
-57.831222234
-59.4328829047
-60.7461165436
-61.8425195089
-62.7722773044
-63.5710560716
-64.2646214628
-64.8719399821
-65.4072664277
-58.9055318258
-55.3743066705
-54.7257531583
-54.8457626125
0
-70.0
-70.0
-70.0
-70.0
-69.5226330581
-61.8666660486
-57.5441969746
-55.3659089644
-54.5467391928
0
-70.0
-70.0
-70.0
-70.0
-70.0
-70.0
-70.0
-70.0
-70.0
-70.0
-70.0
-70.0
-70.0
-70.0
-69.0013559221
-68.4354576113
-68.1480700377
-68.0373684924
-68.0363686154
-68.1012230687
-62.2033092666
-58.9244506765
-57.3263204999
-56.7898983772
-55.9257233543
-55.8763608954
-56.3175313903
-57.0383159741
-57.9028428587
-58.8247975608
-58.8382686252
-60.2068479564
-61.3544339566
-62.3311710915
-63.1728410027
-63.905414916
-64.5481121001
-65.1154600072
-65.6186867513
-66.0666665727
-59.4686706804
-55.8609174556
-54.1675682723
0
-70.0
-70.0
-70.0
-70.0
-68.412537593
-67.5129755623
-68.0556880655
-68.4461259653
-68.7321845063
-68.9460801473
-69.1095481937
-69.2373107484
-62.3753588739
-56.1790091201
0
-70.0
-70.0
-70.0
-70.0
-68.723931098
-68.0008253869
-60.9067302102
-56.1509129613
0
-70.0
-70.0
-70.0
-70.0
-65.0371706942
-58.3360118654
-54.7041161726
-54.034801949
-54.1653866832
-54.7715579677
-55.6428754727
-56.6442367933
-58.5585584498
-60.0885328287
-61.3368996951
-62.3746898251
-64.0540100447
-65.2598018416
-66.6968390806
-67.669166788
-68.3302578528
-68.7825705633
-69.0945391708
-69.311902363
-69.4652568662
-70.0
-70.0
-70.0
-63.2962786954
-59.4975032894
-57.5683212695
-56.8252013486
-56.8184893511
-57.2538458409
-57.93993154
-58.7535852416
-59.6166579544
-60.4806129836
-61.3162989017
-62.1071671558
-62.8447825365
-63.5258590136
-57.1742880112
0
-70.0
-70.0
-70.0
-70.0
-69.3855486331
-69.0373595252
-68.8604944765
-68.7923589647
-68.2361768033
-61.0421887526
-57.0243896304
-55.0462305028
-54.3577940094
-54.4661389798
-55.0489413293
-55.8969913614
-56.8759216686
0
-70.0
-70.0
-70.0
-70.0
-69.0762862519
-68.5528484612
-68.2870241715
-68.1846287919
-67.1843805773
-66.6780856293
-67.4849054823
-68.052833878
-68.4584964529
-68.7532774493
-68.9717034656
-69.1370356265
-69.2650004021
-62.3710157305
-58.4889244032
-56.5433721267
-54.8323023699
-55.2996894168
-55.5145764422
-56.1263561094
-57.6595824097
-58.990865443
0
-70.0
-70.0
-70.0
-70.0
-62.9268404207
-58.918716659
-56.8832185134
-56.0991456756
-57.0805027638
-58.0999669246
-59.1083131902
0
-70.0
-70.0
-70.0
-70.0
-62.3723517756
-58.0500177818
-55.8549501262
-55.9978501753
0
-70.0
-70.0
-70.0
-70.0
-68.8696844993
-69.1706447188
-69.3788660265
-69.5245032769
-69.627735518
-69.5435712568
-69.5082869915
-69.5035068659
-69.5171885617
-69.5414912938
-69.5713565566
-69.6035638291
-69.6361027316
-70.0
-70.0
-70.0
-70.0
-63.1898235176
-59.3307235109
-56.3743315439
-54.7213519789
-54.2388525072
-54.4747244074
-54.4300530301
-54.9222484361
-55.7201573985
-56.6748975294
-56.8894425544
-57.455188151
-58.2127959038
-59.0602673588
-59.9334079865
-60.7928454302
-61.6154130487
-62.3884398516
-63.1059746049
-63.7662963034
-65.3702200425
-66.4869002846
-66.2817191003
-66.9862567901
-67.509437511
-67.9063646931
-68.9180125497
-69.561067512
-69.9615315723
-70.0
-70.0
-70.0
-70.0
-70.0
-69.0390112313
-68.4944509291
-68.2178997167
-68.1113723321
-68.1104101569
-68.1728191799
-68.2711706211
-68.3878091317
-68.5115319337
-61.6353814047
-57.7885117071
-55.8874394984
-55.2172148565
-55.3078395761
-55.8552449189
-56.6551799606
-57.5799683203
-58.5488423921
-59.5118720888
-60.4392941705
-61.3144376138
-62.129042426
-62.8801705658
-64.5291566552
-64.7269220485
-65.0213505496
-65.3639626319
-65.7240644602
-66.9509694991
-67.7887468724
-68.365121734
-68.7654425931
-69.0467870222
-69.2473674456
-69.3928034514
-69.5003049398
-69.5814623349
-68.6492462586
-68.1349417375
-67.332972078
-66.940691213
-66.8072996536
-66.8336880629
-66.9550648397
-67.2595535484
-67.5335949886
-67.7802333532
-68.0022085935
-69.0044559203
-69.6389891191
-70.0
-70.0
-63.1585124219
-59.281669461
0
-70.0
-70.0
-70.0
-70.0
-68.70781893
-67.9755829904
-67.6037219936
-67.5702206981
-67.2977792308
-67.2243883761
-67.2728742507
-66.6891662634
-67.3176153528
-67.784097628
-68.1378504056
-68.4121737252
-67.7613825023
-67.4455283518
-67.3411649165
-67.3671746914
-66.6680722641
-66.3596750656
-66.295980911
-66.3812317212
-65.7505386808
-65.5137715672
-65.5212522468
-65.6750322464
-65.9114658379
-67.1885955056
-68.0485867894
-67.6881563302
-67.5489595103
-67.547142768
-66.9241109267
-66.6528214577
-59.6016225309
-55.7175157572
0
-70.0
-70.0
-70.0
-70.0
-65.6036173348
-63.1123338245
-61.8471525908
-55.7425214803
0
-70.0
-70.0
-70.0
-70.0
-69.3924902408
-69.0482347105
-68.873406902
-67.806263806
-67.2391024881
-66.9908356145
-66.9421809698
-67.014915484
-67.1580590098
-68.3384760058
-68.160638
-61.1223519777
-57.1953019652
-55.2658952254
-54.5993880074
0
-70.0
-70.0
-70.0
-70.0
-70.0
-70.0
-70.0
-70.0
-70.0
-70.0
-70.0
-70.0
-70.0
-70.0
-70.0
-70.0
-69.000602632
-68.4342774569
-68.1466731032
-68.0358880542
-68.034887423
-68.0997907969
-68.202073128
-68.3233734223
-68.4520411516
-68.5808404174
-67.7227668262
-67.283830444
-67.1110075998
-67.10361364
-67.1957234761
-66.4761525047
-66.161871505
-66.1012405217
-66.194820581
-66.3778079306
-66.6083400759
-66.859714694
-66.1737433051
-65.8897023616
-65.8562877168
-65.9743626727
-66.1793955572
-66.4297687692
-66.6990004042
-67.9705726447
-68.8011635676
-62.3394793604
-57.735161054
-55.381398035
-54.4564269558
-54.4195634097
-54.1143240326
-54.4607029386
-55.1865068509
-56.1157723033
-57.1361391646
-58.1771546425
0
-70.0
-70.0
-70.0
-70.0
-68.0788659399
-66.9902233058
-66.4373636152
-66.224402347
-66.2224788412
-66.3472421096
-66.543858667
-66.7770333126
-68.0243439214
-68.8385854893
-69.3658442471
-69.7033380269
-62.9228277418
-59.0904273126
-57.1546394781
-56.4213454614
-56.4339908693
-56.8937784185
-56.6072016401
-56.8816821851
-57.4836477726
0
-70.0
-70.0
-70.0
-70.0
-68.8869074836
-68.2561550577
-67.9358317668
-67.8124434001
-67.8113289334
-67.8836159556
-67.9975343037
-68.1326341692
-61.3568667557
-57.5795107491
-55.7271134535
-55.0914379611
-55.2069847335
-54.7696137917
-55.0148707668
-55.6615292597
-57.5259509413
-59.0604055855
-60.3457315192
-61.4387360288
-62.3799142002
-63.1986239631
-63.9165623554
-63.5674481755
-63.5723980617
-63.2340658358
-56.2613341155
0
-70.0
-70.0
-70.0
-70.0
-68.3869819724
-67.4729384235
-67.00874768
-60.0120277087
-55.3444589998
0
-70.0
-70.0
-70.0
-70.0
-69.502541262
-69.2206479771
-69.0774904069
-69.0223461846
-69.0218481117
-69.0541543309
-69.1050662514
-69.1654445286
-69.2294900107
-68.2958846245
-67.7925252387
-67.5640920992
-67.5082291455
-67.5577704018
-67.6689028089
-67.8132854928
-60.9734293202
-57.170401306
-55.3162377873
-54.6931984165
-54.8296015135
-55.4171233212
-56.2557322951
-57.2170399363
-58.2199231898
-59.2143223689
0
-70.0
-70.0
-70.0
-70.0
-70.0
-70.0
-63.6666072635
-60.0776847128
-58.2550750253
-57.5530067119
-56.5466772341
-56.3913236397
-56.7517340283
-57.4095891273
-58.223982549
0
-70.0
-70.0
-70.0
-70.0
-68.6360285142
-67.863111339
-60.8802843001
-56.9945786001
-55.0966692268
-54.4547012952
-54.5876971598
-55.1812381065
-56.0313214043
-57.0069940029
0
-70.0
-70.0
-70.0
-70.0
-67.9249161818
-66.7490353515
-66.1518723416
-66.9218439124
-67.4864320578
-68.4645260986
-69.1025649865
-69.5153028197
-69.7791020923
-69.9447449194
-70.0
-70.0
-70.0
-69.9893429281
-69.9833039207
-69.9802370523
-62.2785096433
-57.9148562099
-55.6995022761
-54.8469731733
-54.8405566059
-55.3420214452
-56.131499634
-57.0674698928
-58.060136385
-59.0537317341
-60.0147645524
-60.924225425
-61.7724277678
-62.5556015811
-63.2736524831
-63.9286946082
-64.5240967297
-65.0638681115
-65.5522686703
-65.9935667165
-67.3918042156
-68.6510199078
-69.4515153263
-69.9500953998
-70.0
-70.0
-70.0
-70.0
-63.2962845623
-59.497512481
-57.5683321495
-56.8252128789
-56.8185008873
-56.2538585413
-56.373277849
-56.8991535053
-57.6513737822
-58.5143268223
-58.5466416618
-58.9478091767
-59.0013604909
-59.4001125964
-59.4371378842
-59.8114484608
-60.3756531914
-61.03498759
-61.7294219762
-62.421768542
-63.0897841968
-63.7209341164
-64.3089262643
-57.8520477444
-54.3828523744
0
-70.0
-70.0
-70.0
-70.0
-62.0000015452
-57.4666690875
-55.16444731
-54.2776326664
-54.2696227914
-54.7891627734
0
-70.0
-70.0
-70.0
-70.0
-68.781893022
-68.0916324011
-61.1507819261
-57.2812455769
-56.3834822447
-56.2987081705
-56.7045534536
-57.3912421751
-58.2235473354
-59.1154788538
-59.0185933674
-59.3265089634
-59.8670413555
-60.5291260789
-61.2420727103
-61.9617715988
-62.6615318787
-64.3208654195
-65.50577003
-66.366520462
-67.0040867058
-67.4864902285
-66.8674233479
-66.6004024412
-66.5535098158
-66.6402572467
-66.8042971304
-67.0092444896
-59.3198810606
-55.0622669678
0
-70.0
-70.0
-70.0
-70.0
-69.5324553318
-69.2675133531
-69.1329643874
-69.0811361951
-70.0
-70.0
-70.0
-70.0
-70.0
-70.0
-70.0
-70.0
-70.0
-70.0
-70.0
-70.0
-70.0
-70.0
-70.0
-70.0
-70.0
-70.0
-70.0
-70.0
-70.0
-70.0
-70.0
-70.0
-70.0
-70.0
-70.0
-70.0
-70.0
-70.0
-70.0
-70.0
-70.0
-63.0877914773
-59.1708733145
-57.1816933063
-57.3894498963
-57.9344555204
-58.6636437109
-59.4790351681
-60.3189688702
-61.1456301291
-61.9367725468
-62.6802322459
-63.3703003238
-64.0053311597
-64.586171956
-58.1391157803
-54.6662448822
0
-70.0
-70.0
-70.0
-70.0
-67.3909465021
-65.9124828532
-59.0834659351
-55.349940253
0
-70.0
-70.0
-70.0
-70.0
-65.3194172908
-62.6670870889
-61.3201193982
-60.8012681371
-59.8000072633
-59.5392504969
-59.7314880872
-60.1891143718
-60.7907196634
-61.4586588497
-62.1441337331
-62.817280872
-63.4605931263
-64.064560708
-64.6247892335
-65.1401000409
-65.6112831907
-66.0402836409
-66.4296744563
-66.782319797
-67.1011630082
-60.3900324349
-56.6836863431
-54.9037558099
-54.3390056297
-54.5221886672
-54.1481591913
-55.4521361392
-56.7194511032
-57.2188213411
-57.9444827725
-58.7817302056
-59.658020992
-60.5285280974
-61.3665480907
-62.157141817
-62.8929266589
-62.610318451
-62.6870762446
-62.9768950459
-63.3848898252
-63.8501903653
-63.4660515866
-57.4527797613
-54.2630573407
0
-70.0
-70.0
-70.0
-70.0
-69.3525377229
-69.9466239902
-70.0
-70.0
-70.0
-70.0
-70.0
-69.9760215883
-69.9624338216
-69.9555333676
-69.9528753162
-70.0
-69.6635090157
-69.4728307913
-69.3759961636
-69.3386955149
-70.0
-70.0
-70.0
-70.0
-70.0
-69.1316051051
-68.6395146646
-68.3896099115
-69.2543282869
-69.798015036
-70.0
-70.0
-70.0
-70.0
-70.0
-70.0
-63.9884389801
-60.5818877354
-58.8518940641
0
-70.0
-70.0
-70.0
-70.0
-69.1167566497
-67.6165528132
-66.7958787509
-66.4102783551
-65.5948718021
-65.2524654769
-65.2052728326
-65.3367814849
-65.5711272934
-64.9910511116
-64.4766370321
-64.3521006833
-64.4656421846
-65.7180451935
-66.6122188257
-60.8193097003
-55.3162539017
0
-70.0
-70.0
-70.0
-70.0
-65.4573132295
-62.8831240596
-56.6499138297
0
-70.0
-70.0
-70.0
-70.0
-69.390297036
-69.0447986898
-68.8693397257
-68.8017530231
-68.8011425674
-68.8407382084
-67.9031640541
-67.0771807598
-66.6790180912
-66.550819887
-66.5888736349
-66.7254100958
-66.9164849692
-67.1339137275
-68.3598895907
-69.1501454556
-69.2341953097
-69.3101520453
-69.3787210184
-69.4405717016
-69.4963297216
-69.5465735428
-69.5918340508
-69.6325958872
-70.0
-69.6666423296
-69.4777396496
-69.38180672
-69.3448534049
-69.3445196357
-69.3661687197
-68.4880773746
-68.0116199884
-67.7920248904
-67.7338670019
-67.7745100354
-67.8730788543
-68.0031175172
-67.2062311278
-66.8212249233
-66.6961803698
-66.7312809587
-66.8612986134
-67.0439325858
-66.3398400449
-66.0393898522
-65.9911400748
-65.3921151689
-65.1862963863
-65.2232619039
-65.4046658177
-65.666685972
-58.968341866
-55.3170573402
0
-70.0
-70.0
-70.0
-70.0
-70.0
-63.3703703704
-60.1691358025
-58.576090535
-58.0010603567
-58.0560069044
-58.4871079363
0
-70.0
-70.0
-70.0
-70.0
-68.4288641637
-67.5385538564
-67.0864158768
-67.9071143288
-67.6009834985
-68.0528277725
-68.3888400779
-68.6441527918
-68.8425353272
-69.0001470041
-69.1280424435
-69.233844959
-69.3228649696
-69.3988481437
-69.4644764434
-69.5217042084
-69.5719840605
-69.6164191697
-69.6558662629
-69.6910056434
-69.7223890836
-69.7504728449
-62.7757638802
-58.831746372
-56.837610988
-56.079876058
-55.0893728886
0
-70.0
-70.0
-70.0
-70.0
-69.9903978052
-69.9849565615
-69.0212117055
-68.4755910684
-68.1990323172
-67.3894256189
-60.0716078855
-56.9533359859
-55.5172616465
-55.1383749881
-55.4064304934
-56.0537161134
-56.906963615
-57.8553466622
-58.8291982684
-59.7858692898
-60.7003429263
-62.5416741475
-55.9541733994
0
-70.0
-70.0
-70.0
-70.0
-69.7421124829
-68.6545038866
-67.713455266
-60.4071303155
-56.343097668
-54.3599081573
0
-70.0
-70.0
-70.0
-70.0
-69.9971549052
-69.9955426849
-69.0062849498
-68.4458541437
-68.161400522
-69.0129965559
-68.7543851552
-68.6407388097
-62.3322204842
-58.8027021395
-57.0582343947
-55.5746331775
0
-70.0
-70.0
-70.0
-70.0
-62.6666666667
-58.5111111111
-57.1044444444
-56.6902962963
-56.6385506173
0
-70.0
-70.0
-70.0
-70.0
-69.9903978052
-69.9849565615
-69.9821932632
-69.9811288421
-69.9811192281
-69.9817428187
-69.9827255458
-69.9838909972
-69.9851272348
-70.0
-70.0
-70.0
-70.0
-70.0
-70.0
-70.0
-70.0
-70.0
-70.0
-63.0173019278
-59.0604396869
-57.0509743528
-56.2769293405
-56.2699380218
-56.7234119632
-57.4380492626
-58.2855633335
-59.1845529983
-61.0840106042
-62.5208848142
-63.6323131798
-65.2151301302
-66.3243159628
-67.1123502635
-68.3851295389
-69.2026261195
-69.7197031972
-70.0
-63.1975308463
-59.3427983259
-58.2974073743
-58.0602592242
-58.3159616933
-58.8588511183
-59.5559564027
-60.3223543599
-61.1047813223
-61.8707447889
-62.6012980426
-63.2862533934
-56.9749695839
0
-70.0
-70.0
-70.0
-70.0
-68.942537528
-68.3433087939
-68.0389945936
-67.9217729203
-68.9204134237
-69.5555839449
-69.9515001261
-70.0
-63.1801893343
-59.315629957
-57.3530399988
-56.5970513572
-56.590223127
-57.0331187514
-57.7310855009
-58.5588293673
-58.437524681
-58.4168243799
-58.7905100532
0
-70.0
-70.0
-70.0
-70.0
-68.4118233624
-67.5118566011
-60.4645083019
-56.5539490456
-54.6558151903
-54.0284077042
-54.1843496223
-54.8051031191
-55.6840517799
-56.6886192504
-57.7350724243
-58.7717752479
-59.7680711004
-60.7069129086
-54.6339389896
0
-70.0
-70.0
-70.0
-70.0
-69.3852591383
-68.0370396405
-67.2935399538
-66.9376554766
-67.8262029233
-68.7651246271
-69.3696401619
-69.7533614773
-69.0503432142
-62.4786422261
-56.4530002257
0
-70.0
-70.0
-70.0
-70.0
-66.8888888889
-65.1259259259
-64.230617284
-63.885744856
-63.882629904
-64.0846732693
-57.6762059424
-54.2419186815
0
-70.0
-70.0
-70.0
-70.0
-67.1836627463
-65.5877383026
-64.7772590263
-64.4650628263
-64.4622430121
-64.6451430231
-64.9333782623
-64.2752959019
-57.192660665
0
-70.0
-70.0
-70.0
-70.0
-62.9424872958
-58.9432300967
-57.911783681
-57.6958563756
-57.9764381132
-58.5455725519
-60.0713365993
-61.3177504743
-62.3550071169
-63.9358979023
-65.0865691101
-65.9407528644
-67.2922750586
-68.1934458731
-68.7943668328
-62.2110927886
-58.5207586025
-55.6892588739
-54.1340504076
0
-70.0
-70.0
-70.0
-70.0
-68.8256212825
-68.1601400093
-68.8187544243
-69.2532979258
-69.5389140959
-69.7256533281
-68.9346332516
-68.4955334307
-68.2822224238
-68.2114950722
-68.2286754922
-67.4297151372
-67.0360150863
-66.8985945529
-66.9195224144
-67.0347617175
-61.199598303
-57.9918469775
0
-70.0
-70.0
-70.0
-70.0
-66.5029721079
-59.5953970431
-55.7976721028
0
-70.0
-70.0
-70.0
-70.0
-68.2757201646
-67.2986282579
-66.8024188386
-67.5527515623
-68.0845261444
-68.4674400222
-68.7482736815
-68.9584980876
-69.1193494618
-69.2452153042
-69.3458942995
-69.4006477977
-69.4534783033
-69.5033939966
-70.0
-69.664561566
-69.4744797868
-69.3779480597
-69.3407640881
-70.0
-63.5349794239
-59.8714677641
-58.0109785094
-57.2943190062
-57.2878460042
-57.7077006694
-58.3693567796
-59.1540385531
-59.9863796654
-60.8195716773
-61.6255011618
-62.3882088138
-63.0995597779
-62.7570616699
-62.7929940828
-63.054787061
-63.443369946
-63.8950740121
-57.3743304611
0
-70.0
-70.0
-70.0
-70.0
-68.7188324691
-68.9928111335
-69.1907712943
-69.8920772366
-70.0
-70.0
-70.0
-63.9609815577
-60.538871107
-58.8009757998
-58.8352431258
-59.5612954172
-60.3448836115
-61.136873741
-60.9097890189
-61.0765452184
-61.4740474308
-61.9967471772
-62.5771421191
-63.1728076803
-62.8455715896
-62.8877108821
-62.594515206
-62.6654472935
-62.9524916362
-64.3562096999
-65.3865668814
-66.1585622943
-66.7498074656
-67.2128943195
-67.5836499545
-66.9126606319
-66.6129783506
-66.5460697035
-65.9173518214
-65.6762093648
-65.6756502453
-65.8194597654
-66.0450968187
-59.3123253814
0
-70.0
-70.0
-70.0
-70.0
-69.5110727249
-69.2340139357
-69.093311531
-69.0391130371
-69.0386235062
-69.0703756708
-69.1204144472
-70.0
-70.0
-69.4204660327
-69.7957671549
-69.4722000342
-69.295653094
-69.2132031601
-69.189959761
-69.2030150629
-63.1510263138
-59.7481321872
-54.1592357495
0
-70.0
-70.0
-70.0
-70.0
-69.2927907331
-68.8920388152
-68.688519704
-67.6491426894
-67.103878391
-59.9541843386
-56.9958029417
-55.9875806723
-55.8497279548
-56.2386920592
-56.6930121537
0
-70.0
-70.0
-70.0
-70.0
-68.024691358
-61.2880658436
-57.5364883402
-55.7009922268
-55.0763281512
-56.1599669918
-56.2888262597
-56.8231809451
-57.5830210582
-58.4528244241
-60.2279250534
0
-70.0
-70.0
-70.0
-70.0
-67.7050754458
-66.4046181984
-65.7441899101
-65.4897932734
-57.958155476
0
-70.0
-70.0
-70.0
-70.0
-69.2991904772
-68.902065081
-68.7003876739
-68.6227016405
-68.6219999658
-68.6675122955
-68.7392359501
-69.8242065064
-70.0
-70.0
-70.0
-70.0
-70.0
-70.0
-70.0
-70.0
-70.0
-70.0
-70.0
-70.0
-70.0
-70.0
-70.0
-70.0
-70.0
-63.9999965233
-58.2666612198
0
-70.0
-70.0
-70.0
-70.0
-68.70781893
-61.5901234568
-58.4681481481
-56.9793580247
-56.5201053498
-56.6938835665
-57.241687711
-57.995647274
-58.8481681027
-59.7314083298
-60.6036388551
