-63.0
-59.0333333333
-57.0188888889
-56.2429259259
-56.235917284
-56.690514856
-57.406922904
-58.2565369693
0
-70.0
-70.0
-70.0
-70.0
-70.0
-70.0
-70.0
-68.206617284
-67.1903670782
-66.6742713855
-66.4754715903
-66.4736759935
-66.590142769
-66.773684742
-66.9913537677
-60.4953724871
-56.9146046358
-55.2023237705
-54.6682111256
-54.8588031679
-55.4778649543
-70.0
-70.0
-70.0
-70.0
-70.0
-70.0
-70.0
-70.0
-70.0
-70.0
-63.8612083329
-60.3825597215
-58.6159518973
-57.9354554728
-57.9293091024
-58.3279776434
-58.9562461799
-59.7013324291
0
-70.0
-70.0
-70.0
-70.0
-70.0
-70.0
-70.0
-70.0
-70.0
-70.0
-70.0
-70.0
-70.0
-70.0
-70.0
-63.3181662536
-59.5317937974
-57.6089105304
-56.8682168858
-56.8615268029
-57.2954618597
-57.9793074985
-58.7903046318
-62.1592928461
-70.0
-70.0
-70.0
-70.0
-70.0
-70.0
-70.0
-66.0133570392
-63.7542593614
-62.6069921093
-62.1650653544
-62.1610737897
-62.4199763912
-62.8279854057
-63.3118579676
-57.0982486686
0
-70.0
-70.0
-70.0
-70.0
-70.0
-70.0
-70.0
-70.0
-70.0
-70.0
-70.0
-70.0
-70.0
-70.0
-63.6691278091
-60.0816335676
-58.2597492371
-57.5579603309
-57.5516216428
-57.9627643752
-58.6106912021
-59.3790909249
0
-70.0
-70.0
-70.0
-70.0
-70.0
-70.0
-70.0
-70.0
-70.0
-70.0
-70.0
-70.0
-70.0
-70.0
-70.0
-63.2940603228
-59.494027839
-57.5642074208
-56.8208415892
-56.8141273706
-57.249627927
-57.9359406634
-68.2630031321
-70.0
-70.0
-70.0
-70.0
-70.0
-70.0
-70.0
-70.0
-64.1762527926
-60.876129375
-59.2001843453
-58.5546111826
-58.5487802456
-58.9269890086
-59.5230146327
-60.2298628528
-54.2527721192
0
-70.0
-70.0
-70.0
-70.0
-70.0
-70.0
-70.0
-70.0
-70.0
-70.0
-70.0
-70.0
-70.0
-70.0
-63.5379884503
-59.8761819054
-58.0165585817
-57.3002326347
-57.2937626454
-57.7134218969
-58.3747700513
-59.1590866088
0
-70.0
-70.0
-70.0
-70.0
-70.0
-70.0
-70.0
-68.5872263374
-67.7866545953
-67.3800897302
-67.2234811535
-67.2220666357
-67.3138157038
-67.4584046212
-67.6298778176
-61.0848949044
-57.4550753263
-55.6953477352
-55.1163329227
-55.2650462712
-55.8454394045
-66.4692132936
-70.0
-70.0
-70.0
-70.0
-70.0
-70.0
-70.0
-70.0
-70.0
-63.811781875
-60.3051249375
-58.5242932771
-57.8383178382
-57.8321219803
-58.2340003996
-58.8673274378
-59.6184127462
0
-70.0
-70.0
-70.0
-70.0
-70.0
-70.0
-70.0
-70.0
-70.0
-70.0
-70.0
-70.0
-70.0
-70.0
-70.0
-63.3675973212
-59.6092358033
-57.7005776991
-56.9653635799
-56.9587229891
-57.3894478683
-58.0682345335
-58.8732320482
-62.9345065358
-70.0
-70.0
-70.0
-70.0
-70.0
-70.0
-70.0
-64.8743495073
-61.9698142282
-60.4947659197
-59.9265780707
-59.9214460922
-60.2543187021
-60.7788983112
-61.401016133
-55.3340487179
0
-70.0
-70.0
-70.0
-70.0
-70.0
-70.0
-70.0
-70.0
-70.0
-70.0
-70.0
-70.0
-70.0
-70.0
-63.2742973131
-59.4630657905
-57.5275580172
-56.7820014194
-65.5120256038
-70.0
-70.0
-70.0
-70.0
-70.0
-70.0
-70.0
-70.0
-70.0
-70.0
-70.0
-63.3373539402
-59.5618545064
-57.6444930292
-56.9059263752
-56.8992555036
-57.3319444639
-58.013826358
-58.8224946158
-59.1684997406
-68.7967370368
-70.0
-70.0
-70.0
-70.0
-70.0
-70.0
-64.6317477289
-61.5897381086
-60.0448743995
-59.449793694
-59.4444188143
-59.7930465926
-60.3424550399
-60.9940182736
-54.9582847008
0
-70.0
-70.0
-70.0
-70.0
-70.0
-70.0
-70.0
-70.0
-70.0
-70.0
-70.0
-70.0
-70.0
-70.0
-63.2925876249
-59.4917206123
-57.5614763843
-56.8179473014
-62.0941877877
-70.0
-70.0
-70.0
-70.0
-70.0
-70.0
-70.0
-70.0
-70.0
-70.0
-70.0
-63.3405362159
-59.5668400715
-57.6503943826
-56.9121804897
-56.9055128044
-57.3379950997
-58.0195513069
-58.827833321
-61.4709173685
-70.0
-70.0
-70.0
-70.0
-70.0
-70.0
-70.0
-66.3354321076
-64.2588436353
-63.2042624307
-62.7980382936
-62.7943692015
-63.0323554396
-63.4074020011
-63.8521832046
-57.5971082494
-54.2574930013
0
-70.0
-70.0
-70.0
-70.0
-70.0
-70.0
-70.0
-70.0
-70.0
-70.0
-70.0
-70.0
-70.0
-63.8373065082
-60.3451135294
-58.5716272912
-57.8884813053
-57.8823110035
-58.282531789
-58.913246534
-59.6612338299
0
-70.0
-70.0
-70.0
-70.0
-70.0
-70.0
-70.0
-70.0
-70.0
-70.0
-70.0
-70.0
-70.0
-70.0
-70.0
-63.3470016051
-59.5769691813
-57.6623840876
-56.9248868952
-56.9182256832
-57.3502880999
-58.0311826133
-69.3329985317
-70.0
-70.0
-70.0
-70.0
-70.0
-70.0
-70.0
-70.0
-64.2849637681
-61.0464432367
-59.4017828099
-58.7682604602
-58.7625383684
-59.1336871677
-59.718586875
-60.4122404702
-54.4211537079
0
-70.0
-70.0
-70.0
-70.0
-70.0
-70.0
-70.0
-70.0
-70.0
-70.0
-70.0
-70.0
-70.0
-70.0
-63.5534166314
-59.9003527225
-58.0451692864
-57.3305535819
-57.3240990398
-57.7427563465
-58.402525519
-59.1849695052
0
-70.0
-70.0
-70.0
-70.0
-70.0
-70.0
-70.0
-69.104654321
-68.5972917695
-68.3396311797
-68.2403804531
-68.2394840021
-68.2976299981
-68.3892632624
-68.4979344455
-61.8863351034
-58.1898309947
-56.3656008297
-55.725542703
-55.8173230702
-56.3451471882
-67.9091722775
-70.0
-70.0
-70.0
-70.0
-70.0
-70.0
-70.0
-70.0
-70.0
-63.8894963934
-60.4268776829
-58.6684105339
-57.9910498933
-57.9849318459
-58.3817632893
-59.0071367123
-59.7487895424
0
-70.0
-70.0
-70.0
-70.0
-70.0
-70.0
-70.0
-70.0
-70.0
-70.0
-70.0
-70.0
-70.0
-70.0
-70.0
-63.4011430657
-59.661790803
-57.7627864186
-57.0312909073
-57.0246839036
-57.453230238
-58.1285836973
-58.9295096497
-63.9752893353
-70.0
-70.0
-70.0
-70.0
-70.0
-70.0
-70.0
-65.0564601299
-62.2551208702
-60.832479952
-60.2844794027
-60.2795297597
-60.6005756485
-61.1065173269
-61.7065317564
-55.6161184517
0
-70.0
-70.0
-70.0
-70.0
-70.0
-70.0
-70.0
-70.0
-70.0
-70.0
-70.0
-70.0
-70.0
-70.0
-63.2992579678
-59.5021708162
-57.5738461647
-56.8310565016
-57.9412174048
-70.0
-70.0
-70.0
-70.0
-70.0
-70.0
-70.0
-70.0
-70.0
-70.0
-70.0
-63.4432869964
-59.7278162943
-57.8409399966
-57.1141162181
-57.1075514104
-57.5333608121
-58.2044010927
-59.0002118913
-63.6343422694
-70.0
-70.0
-70.0
-70.0
-70.0
-70.0
-70.0
-65.0525543226
-62.249001772
-60.8252368493
-60.276803334
-60.2718497804
-60.5931493222
-61.0994907365
-61.6999792273
-55.610068777
0
-70.0
-70.0
-70.0
-70.0
-70.0
-70.0
-70.0
-70.0
-70.0
-70.0
-70.0
-70.0
-70.0
-70.0
-63.3027451113
-59.5076340076
-57.5803128785
-56.8379097718
-57.9637933371
-70.0
-70.0
-70.0
-70.0
-70.0
-70.0
-70.0
-70.0
-70.0
-70.0
-70.0
-63.4487626894
-59.73639488
-57.8510943651
-57.1248775773
-57.118318252
-57.5437720484
-58.2142519247
-59.0093981196
-63.7792026843
-70.0
-70.0
-70.0
-70.0
-70.0
-70.0
-70.0
-66.9571632373
-65.2328890718
-64.3572282701
-64.0199241801
-64.0168775867
-64.2144870445
-64.525903151
-64.8952227099
-58.5601027844
-55.1403607362
0
-70.0
-70.0
-70.0
-70.0
-70.0
-70.0
-70.0
-70.0
-70.0
-70.0
-70.0
-70.0
-70.0
-63.8767194703
-60.4068605034
-58.6447164399
-57.9659394537
-57.9598086136
-58.3574698224
-58.9841508869
-59.7273544961
0
-70.0
-70.0
-70.0
-70.0
-70.0
-70.0
-70.0
-70.0
-70.0
-70.0
-70.0
-70.0
-70.0
-70.0
-70.0
-63.3771084278
-59.624136537
-57.7182155179
-56.9840557225
-56.9774246545
-57.4075318585
-58.085345119
-70.0
-70.0
-70.0
-70.0
-70.0
-70.0
-70.0
-70.0
-70.0
-64.9769676008
-62.1305825746
-60.6850654731
-60.1282530297
-60.123223796
-60.4494321293
-60.9635093916
-61.5731721026
-55.4929930886
0
-70.0
-70.0
-70.0
-70.0
-70.0
-70.0
-70.0
-70.0
-70.0
-70.0
-70.0
-70.0
-70.0
-70.0
-63.5669180963
-59.9215050175
-58.070207003
-57.3570879608
-57.3506469368
-57.7684274246
-58.426814803
-59.20762007
0
-70.0
-70.0
-70.0
-70.0
-70.0
-70.0
-70.0
-69.606909465
-69.3841581619
-69.2710354412
-69.2274606275
-69.2270670517
-69.2525953378
-69.2928257982
-69.3405365478
-62.6642742089
-58.9030409985
-57.0161997057
-56.3168882731
-56.3534051378
-56.8302017521
-69.3216528919
-70.0
-70.0
-70.0
-70.0
-70.0
-70.0
-70.0
-70.0
-70.0
-64.354179457
-61.1548811492
-59.5301394596
-58.9042897972
-58.8986370065
-59.2652907652
-59.8431066616
-60.5283593107
-54.5283613527
0
-70.0
-70.0
-70.0
-70.0
-70.0
-70.0
-70.0
-70.0
-70.0
-70.0
-70.0
-70.0
-70.0
-70.0
-63.4519166568
-59.7413360956
-57.8569432224
-57.1310760577
-57.1245198903
-57.5497688602
-58.2199259468
-59.0146893339
-65.006263704
-70.0
-70.0
-70.0
-70.0
-70.0
-70.0
-70.0
-65.2235695351
-62.5169256049
-61.14237506
-60.6128988977
-60.6081165704
-60.918309955
-61.4071489873
-61.9868807738
-55.874952916
0
-70.0
-70.0
-70.0
-70.0
-70.0
-70.0
-70.0
-70.0
-70.0
-70.0
-70.0
-70.0
-70.0
-70.0
-63.3228790147
-59.539177123
-57.6176500839
-56.8774788577
-56.8707934933
-70.0
-70.0
-70.0
-70.0
-70.0
-70.0
-70.0
-70.0
-70.0
-70.0
-70.0
-63.6555722412
-60.0603965112
-58.2346111895
-57.5313196235
-57.5249673631
-57.9369904281
-58.5863045861
-59.3563495948
-54.2688516533
-68.6899066363
-70.0
-70.0
-70.0
-70.0
-70.0
-70.0
-66.5679644184
-64.6231442555
-63.6354806825
-63.2550331827
-63.25159691
-63.4744819161
-63.8257301892
-64.2422881467
-57.9572757459
-54.5876924472
0
-70.0
-70.0
-70.0
-70.0
-70.0
-70.0
-70.0
-70.0
-70.0
-70.0
-70.0
-70.0
-70.0
-63.9295786211
-60.4896731731
-58.7427407985
-58.0698233472
-58.0637454315
-58.4579738343
-59.0792450815
-59.8160329938
0
-70.0
-70.0
-70.0
-70.0
-70.0
-70.0
-70.0
-70.0
-70.0
-70.0
-70.0
-70.0
-70.0
-70.0
-70.0
-63.3256370811
-59.5434980937
-57.6227647648
-56.8828992753
-56.8762166724
-57.3096665549
-57.9927475993
-70.0
-70.0
-70.0
-70.0
-70.0
-70.0
-70.0
-70.0
-70.0
-64.515904347
-61.4082501436
-59.8300492835
-59.2221271246
-59.2166362584
-59.5727871968
-60.1340515199
-60.7996750631
-54.7788557831
0
-70.0
-70.0
-70.0
-70.0
-70.0
-70.0
-70.0
-70.0
-70.0
-70.0
-70.0
-70.0
-70.0
-70.0
-63.6381393984
-60.0330850574
-58.2022829509
-57.497058922
-57.4906892073
-57.9038444049
-58.5549427099
-59.3271036026
0
-70.0
-70.0
-70.0
-70.0
-70.0
-70.0
-70.0
-70.0
-70.0
-70.0
-70.0
-70.0
-70.0
-70.0
-70.0
-63.2738792779
-59.4624108687
-57.5267827943
-56.7811798564
-56.7744454319
-57.2112565961
-70.0
-70.0
-70.0
-70.0
-70.0
-70.0
-70.0
-70.0
-70.0
-70.0
-64.1034913552
-60.7621364565
-59.065252302
-58.4116133993
-58.405709611
-58.7886436843
-59.3921160055
-60.1077955314
-54.140072492
0
-70.0
-70.0
-70.0
-70.0
-70.0
-70.0
-70.0
-70.0
-70.0
-70.0
-70.0
-70.0
-70.0
-70.0
-63.5942400379
-59.9643093928
-58.1208740259
-57.4107836716
-57.4043700033
-57.8203761355
-58.475967277
-59.253456386
-66.0714590317
-70.0
-70.0
-70.0
-70.0
-70.0
-70.0
-70.0
-65.2925499939
-62.6249949905
-61.2702954887
-60.7484659381
-60.7437526764
-61.0494662968
-61.5312455926
-62.1026049836
-55.9817962149
0
-70.0
-70.0
-70.0
-70.0
-70.0
-70.0
-70.0
-70.0
-70.0
-70.0
-70.0
-70.0
-70.0
-70.0
-63.342913177
-59.5705639773
-57.6548023249
-56.9168519226
-56.9101866172
-68.9587883362
-70.0
-70.0
-70.0
-70.0
-70.0
-70.0
-70.0
-70.0
-70.0
-70.0
-63.6787283898
-60.0966744773
-58.2775529806
-57.5768283166
-57.5704992409
-57.9810184875
-58.6279627525
-59.3951972198
0
-70.0
-70.0
-70.0
-70.0
-70.0
-70.0
-70.0
-70.0
-70.0
-70.0
-70.0
-70.0
-70.0
-70.0
-70.0
-63.2750255852
-59.4642067501
-57.5289085574
-56.7834326898
-56.776699413
-57.2134361331
-70.0
-70.0
-70.0
-70.0
-70.0
-70.0
-70.0
-70.0
-70.0
-70.0
-64.2082669479
-60.9262848851
-59.2595528179
-58.6175284836
-58.6117296003
-58.9878592836
-59.5806084508
-60.2835710028
-54.3023585967
0
-70.0
-70.0
-70.0
-70.0
-70.0
-70.0
-70.0
-70.0
-70.0
-70.0
-70.0
-70.0
-70.0
-70.0
-63.4260459844
-59.7008053756
-57.8089674978
-57.0802325211
-57.0736504511
-57.5005795274
-58.1733843223
-70.0
-70.0
-70.0
-70.0
-70.0
-70.0
-70.0
-70.0
-70.0
-64.6041379802
-61.5464828357
-59.9936736545
-59.3955323572
-59.3901298336
-59.7405506584
-60.2927847979
-60.9476991217
-54.9155201748
0
-70.0
-70.0
-70.0
-70.0
-70.0
-70.0
-70.0
-70.0
-70.0
-70.0
-70.0
-70.0
-70.0
-70.0
-63.8426487832
-60.3534830937
-58.5815342435
-57.8989804587
-57.8928155058
-58.2926893505
-58.9228573457
-59.6701962313
0
-70.0
-70.0
-70.0
-70.0
-70.0
-70.0
-70.0
-70.0
-70.0
-70.0
-70.0
-70.0
-70.0
-70.0
-70.0
-63.2897246192
-59.4872352367
-57.5561670993
-56.8123206469
-56.8056020872
-57.2413842152
-70.0
-70.0
-70.0
-70.0
-70.0
-70.0
-70.0
-70.0
-70.0
-70.0
-64.0899600156
-60.7409373577
-59.0401591844
-58.3850203076
-58.3791029713
-58.7629158038
-59.3677729765
-60.0850948475
-54.1191139048
0
-70.0
-70.0
-70.0
-70.0
-70.0
-70.0
-70.0
-70.0
-70.0
-70.0
-70.0
-70.0
-70.0
-70.0
-63.554772161
-59.9024763855
-58.0476830407
-57.3332175992
-57.3267644143
-57.7453336895
-58.4049641317
-59.1872435926
-66.851699205
-70.0
-70.0
-70.0
-70.0
-70.0
-70.0
-70.0
-65.4663628732
-62.8973018347
-61.5926218171
-61.090059746
-61.0855205117
-61.3799462875
-61.8439368767
-62.394200001
-56.2510136384
0
-70.0
-70.0
-70.0
-70.0
-70.0
-70.0
-70.0
-70.0
-70.0
-70.0
-70.0
-70.0
-70.0
-70.0
-63.3621221617
-59.6006580533
-57.6904243198
-56.9546032691
-56.9479571963
-61.7387366006
-70.0
-70.0
-70.0
-70.0
-70.0
-70.0
-70.0
-70.0
-70.0
-70.0
-63.761321251
-60.2260699599
-58.4307168532
-57.7391477608
-57.7329013799
-58.1380568388
-58.7765482195
-59.5337581072
0
-70.0
-70.0
-70.0
-70.0
-70.0
-70.0
-70.0
-70.0
-70.0
-70.0
-70.0
-70.0
-70.0
-70.0
-70.0
-63.2971060093
-59.4987994145
-57.5698554772
-56.8268272655
-56.8201160964
-57.2554188583
-70.0
-70.0
-70.0
-70.0
-70.0
-70.0
-70.0
-70.0
-70.0
-70.0
-64.560413478
-61.4779811155
-59.9125889942
-59.3096007549
-59.3041544528
-59.6574148565
-60.2141239368
-60.8743452538
-54.8477956317
0
-70.0
-70.0
-70.0
-70.0
-70.0
-70.0
-70.0
-70.0
-70.0
-70.0
-70.0
-70.0
-70.0
-70.0
-63.4653989737
-59.7624583922
-57.8819454302
-57.1575728053
-57.1510301369
-57.5754035312
-58.2441807835
-66.468213199
-70.0
-70.0
-70.0
-70.0
-70.0
-70.0
-70.0
-70.0
-64.6973355845
-61.6924924157
-60.1665034339
-59.5786932637
-59.5733840528
-59.9177523912
-60.4604483145
-61.1040509247
-55.0598732228
0
-70.0
-70.0
-70.0
-70.0
-70.0
-70.0
-70.0
-70.0
-70.0
-70.0
-70.0
-70.0
-70.0
-70.0
-63.6678981863
-60.0797071585
-58.2574689698
-57.5555437577
-57.5492038384
-57.9604264256
-58.6084790971
-59.3770280634
0
-70.0
-70.0
-70.0
-70.0
-70.0
-70.0
-70.0
-70.0
-70.0
-70.0
-70.0
-70.0
-70.0
-70.0
-70.0
-63.304442761
-59.5102936589
-57.5834610756
-56.8412461565
-56.8345423331
-57.269368628
-70.0
-70.0
-70.0
-70.0
-70.0
-70.0
-70.0
-70.0
-70.0
-70.0
-64.1470422939
-60.8303662604
-59.1460150983
-58.4972038978
-58.4913437142
-58.8714494802
-59.4704646239
-60.1808582226
-54.2075282039
0
-70.0
-70.0
-70.0
-70.0
-70.0
-70.0
-70.0
-70.0
-70.0
-70.0
-70.0
-70.0
-70.0
-70.0
-63.6249172044
-60.0123702868
-58.1777631267
-57.4710733931
-57.4646904399
-57.8787043199
-58.5311558373
-59.3049215531
-67.7348064095
-70.0
-70.0
-70.0
-70.0
-70.0
-70.0
-70.0
-65.7501472394
-63.3418973418
-62.1188841585
-61.6477801099
-61.6435250104
-61.919521117
-62.3544680771
-62.8702873172
-56.6905650469
0
-70.0
-70.0
-70.0
-70.0
-70.0
-70.0
-70.0
-70.0
-70.0
-70.0
-70.0
-70.0
-70.0
-70.0
-63.4041139781
-59.6664452323
-57.7682958104
-57.0371296303
-57.0305256012
-57.7172362078
-67.8368472897
-70.0
-70.0
-70.0
-70.0
-70.0
-70.0
-70.0
-70.0
-70.0
-63.5523088682
-59.8986172269
-58.0431150012
-57.3283764991
-57.3219208479
-57.7406500955
-58.4005326409
-59.1831110801
-54.00304097
-68.1914066469
-70.0
-70.0
-70.0
-70.0
-70.0
-70.0
-66.4370618872
-64.4180636233
-63.3927292108
-62.997770923
-62.9942035862
-63.2255897312
-63.5902350939
-64.0226811417
-57.7545218285
-54.4018088463
0
-70.0
-70.0
-70.0
-70.0
-70.0
-70.0
-70.0
-70.0
-70.0
-70.0
-70.0
-70.0
-70.0
-64.0127545598
-60.6199821436
-58.8969859558
-58.2332887113
-58.2272940742
-58.6161208228
-59.2288795112
-59.9555720739
0
-70.0
-70.0
-70.0
-70.0
-70.0
-70.0
-70.0
-70.0
-70.0
-70.0
-70.0
-70.0
-70.0
-70.0
-70.0
-63.4680098374
-59.7665487453
-57.8867871318
-57.162703926
-57.1561638717
-57.58036771
-58.248877756
-64.9290020454
-70.0
-70.0
-70.0
-70.0
-70.0
-70.0
-70.0
-70.0
-64.7312678715
-61.7456529987
-60.2294289751
-59.6453802618
-59.640105025
-59.9822697155
-60.5214928726
-61.1609770044
-55.1124306795
0
-70.0
-70.0
-70.0
-70.0
-70.0
-70.0
-70.0
-70.0
-70.0
-70.0
-70.0
-70.0
-70.0
-70.0
-63.7010645848
-60.1316678495
-58.3189742133
-57.6207255579
-57.614418846
-58.023487524
-58.6681458133
-59.4326692598
0
-70.0
-70.0
-70.0
-70.0
-70.0
-70.0
-70.0
-70.0
-70.0
-70.0
-70.0
-70.0
-70.0
-70.0
-70.0
-63.4167559823
-59.686251039
-57.791739705
-57.0619749144
-57.055383543
-57.4829159353
-58.1566715062
-70.0
-70.0
-70.0
-70.0
-70.0
-70.0
-70.0
-70.0
-70.0
-64.799931183
-61.85322552
-60.3567612715
-59.7803240134
-59.7751175247
-60.1128230474
-60.6450189261
-61.2761691557
-55.2187827512
0
-70.0
-70.0
-70.0
-70.0
-70.0
-70.0
-70.0
-70.0
-70.0
-70.0
-70.0
-70.0
-70.0
-70.0
-63.5575063422
-59.9067599361
-58.0527534279
-57.3385910754
-57.332140628
-57.7505323387
-58.4098829538
-59.1918305577
-70.0
-70.0
-70.0
-70.0
-70.0
-70.0
-70.0
-70.0
-66.1464180073
-63.9627215448
-62.8537462825
-62.4265695823
-62.4227112428
-62.672972531
-63.0673635529
-63.5350860476
-57.3043457724
0
-70.0
-70.0
-70.0
-70.0
-70.0
-70.0
-70.0
-70.0
-70.0
-70.0
-70.0
-70.0
-70.0
-70.0
-63.979973649
-60.5686253834
-58.836195578
-58.1688645088
-58.1628370503
-58.5537926735
-59.1699062917
-59.9005775862
0
-70.0
-70.0
-70.0
-70.0
-70.0
-70.0
-70.0
-70.0
-70.0
-70.0
-70.0
-70.0
-70.0
-70.0
-70.0
-63.4554157922
-59.7468180744
-57.8634321746
-57.1379528955
-57.1314002316
-57.5564219588
-58.2262209299
-70.0
-70.0
-70.0
-70.0
-70.0
-70.0
-70.0
-70.0
-70.0
-64.7817453953
-61.8247344527
-60.3230367387
-59.7445835523
-59.7393588554
-60.0782454088
-60.6123024938
-61.2456599951
-55.1906149255
0
-70.0
-70.0
-70.0
-70.0
-70.0
-70.0
-70.0
-70.0
-70.0
-70.0
-70.0
-70.0
-70.0
-70.0
-63.7314198491
-60.1792244302
-58.3752663645
-57.6803826463
-57.6741063272
-58.0812036581
-58.7227552681
-59.4835943918
0
-70.0
-70.0
-70.0
-70.0
-70.0
-70.0
-70.0
-70.0
-70.0
-70.0
-70.0
-70.0
-70.0
-70.0
-70.0
-63.3330244925
-59.555071705
-57.6364643089
-56.8974177277
-56.8907425213
-57.3237126468
-59.6021750511
-70.0
-70.0
-70.0
-70.0
-70.0
-70.0
-70.0
-70.0
-70.0
-64.4511876271
-61.3068606157
-59.7100357217
-59.0949395946
-59.0893839319
-59.4497377365
-60.017625428
-60.691103862
-54.6786165565
0
-70.0
-70.0
-70.0
-70.0
-70.0
-70.0
-70.0
-70.0
-70.0
-70.0
-70.0
-70.0
-70.0
-70.0
-63.7878611097
-60.2676490719
-58.4799335468
-57.7913064468
-57.7850866386
-58.1885185324
-58.8242937176
-59.5782823715
0
-70.0
-70.0
-70.0
-70.0
-70.0
-70.0
-70.0
-68.5222892552
-67.6849198332
-67.2596675189
-67.0958605463
-67.0943810112
-67.1903472565
-67.3415820951
-67.5209369284
-60.9843143603
-57.3628636741
-55.6112311399
-55.039877248
-55.1957356713
-57.1179092933
-70.0
-70.0
-70.0
-70.0
-70.0
-70.0
-70.0
-70.0
-70.0
-70.0
-64.1193323593
-60.7869540296
-59.0946285641
-58.442745666
-58.4368577383
-58.818763057
-59.4206141464
-60.1343709951
-54.1646085007
0
-70.0
-70.0
-70.0
-70.0
-70.0
-70.0
-70.0
-70.0
-70.0
-70.0
-70.0
-70.0
-70.0
-70.0
-63.4996049006
-59.8160476777
-57.9453784213
-57.2247975868
-57.2182891665
-57.6404411421
-58.3057176227
-60.7320455786
-70.0
-70.0
-70.0
-70.0
-70.0
-70.0
-70.0
-70.0
-65.8196103544
-63.4507228886
-62.2476996461
-61.7842957125
-61.7801101618
-62.0515951594
-62.479432986
-62.986821249
-56.7981559281
0
-70.0
-70.0
-70.0
-70.0
-70.0
-70.0
-70.0
-70.0
-70.0
-70.0
-70.0
-70.0
-70.0
-70.0
-63.8364444896
-60.3437630337
-58.5700287257
-57.8867871834
-57.8806160186
-58.2808927857
-58.9116957531
-59.6597876752
0
-70.0
-70.0
-70.0
-70.0
-70.0
-70.0
-70.0
-70.0
-70.0
-70.0
-70.0
-70.0
-70.0
-70.0
-70.0
-63.344901032
-59.5736782834
-57.6584886915
-56.9207586467
-56.9140953315
-57.3462941647
-58.5901728222
-70.0
-70.0
-70.0
-70.0
-70.0
-70.0
-70.0
-70.0
-70.0
-65.1837084293
-62.4544765392
-61.0684548538
-60.5345600142
-60.5297377765
-60.8425198414
-61.335438419
-61.9200082849
-55.8132123578
0
-70.0
-70.0
-70.0
-70.0
-70.0
-70.0
-70.0
-70.0
-70.0
-70.0
-70.0
-70.0
-70.0
-70.0
-63.6891787724
-60.1130467435
-58.2969326347
-57.5973664149
-57.5910478025
-58.000888375
-58.646763106
-59.4127291744
-54.339177066
-70.0
-70.0
-70.0
-70.0
-70.0
-70.0
-70.0
-67.6937922899
-66.3869412541
-65.7232659242
-65.4676185288
-65.4653094739
-65.6150803918
-65.8511069295
-66.1310192878
-59.7010618227
-56.1863852829
-54.5380331829
-54.0644208168
-54.31143937
-70.0
-70.0
-70.0
-70.0
-70.0
-70.0
-70.0
-70.0
-70.0
-70.0
-70.0
-64.2829220225
-61.0432445019
-59.3979965061
-58.7642478251
-58.758523689
-59.1298050844
-59.7149137521
-60.4088151611
-54.4179912639
0
-70.0
-70.0
-70.0
-70.0
-70.0
-70.0
-70.0
-70.0
-70.0
-70.0
-70.0
-70.0
-70.0
-70.0
-63.5897945849
-59.9573448497
-58.1126301802
-57.4020470392
-57.39562892
-57.8119237511
-58.4679698581
-59.245998527
-70.0
-70.0
-70.0
-70.0
-70.0
-70.0
-70.0
-70.0
-66.0498364284
-63.8114104044
-62.6746411099
-62.2367581629
-62.2328031226
-62.4893366609
-62.8936122286
-63.3730571616
-57.1547513122
0
-70.0
-70.0
-70.0
-70.0
-70.0
-70.0
-70.0
-70.0
-70.0
-70.0
-70.0
-70.0
-70.0
-70.0
-63.8871128272
-60.4231434293
-58.6639903429
-57.9863654796
-57.9802450457
-58.3772312838
-59.0028486505
-59.7447907822
0
-70.0
-70.0
-70.0
-70.0
-70.0
-70.0
-70.0
-70.0
-70.0
-70.0
-70.0
-70.0
-70.0
-70.0
-70.0
-63.3641722888
-59.6038699191
-57.6942261667
-56.9586323763
-56.9519883562
-57.3829356656
-58.0620728624
-70.0
-70.0
-70.0
-70.0
-70.0
-70.0
-70.0
-70.0
-70.0
-65.0415571498
-62.231772868
-60.8048432034
-60.2551906311
-60.2502260667
-60.5722397925
-61.0797067016
-61.681529957
-55.5930353412
0
-70.0
-70.0
-70.0
-70.0
-70.0
-70.0
-70.0
-70.0
-70.0
-70.0
-70.0
-70.0
-70.0
-70.0
-63.7003915167
-60.1306133761
-58.3177260459
-57.6194027796
-57.6130953938
-58.0222077825
-58.6669349563
-59.4315400954
-54.3895180098
-70.0
-70.0
-70.0
-70.0
-70.0
-70.0
-70.0
-67.7947927307
-66.5451752781
-65.9105656305
-65.666114321
-65.6639063913
-65.8071180871
-66.0328078349
-66.3004614225
-59.8575006238
-56.3298074571
-54.6688646419
-54.183336798
-54.4192421984
-68.7512859533
-70.0
-70.0
-70.0
-70.0
-70.0
-70.0
-70.0
-70.0
-70.0
-70.0
-64.3037191494
-61.0758266674
-59.4365636226
-58.8051203417
-58.7994170284
-59.1693478061
-59.7523280126
-60.4437052027
-54.4502037728
0
-70.0
-70.0
-70.0
-70.0
-70.0
-70.0
-70.0
-70.0
-70.0
-70.0
-70.0
-70.0
-70.0
-70.0
-63.6350966824
-60.0283181358
-58.1966404033
-57.4910790837
-57.4847063224
-57.8980591216
-58.5494688304
-59.321999028
-70.0
-70.0
-70.0
-70.0
-70.0
-70.0
-70.0
-70.0
-66.1260884201
-63.9308718581
-62.8160461923
-62.3866159198
-62.3827372256
-62.6343187682
-63.0307904015
-63.5009803681
-57.272857432
0
-70.0
-70.0
-70.0
-70.0
-70.0
-70.0
-70.0
-70.0
-70.0
-70.0
-70.0
-70.0
-70.0
-70.0
-63.9251659243
-60.4827599481
-58.7345576975
-58.0611510905
-58.0550687566
-58.4495837311
-59.0713065914
-59.8086300879
0
-70.0
-70.0
-70.0
-70.0
-70.0
-70.0
-70.0
-70.0
-70.0
-70.0
-70.0
-70.0
-70.0
-70.0
-70.0
-63.3750876395
-59.6209706352
-57.7144680781
-56.9800842746
-56.9734511833
-57.4036896225
-58.0817096985
-70.0
-70.0
-70.0
-70.0
-70.0
-70.0
-70.0
-70.0
-70.0
-65.1586988053
-62.415294795
-61.0220758957
-60.4854086929
-60.4805614148
-60.7949676674
-61.2904458301
-61.8780512
-55.7744751448
0
-70.0
-70.0
-70.0
-70.0
-70.0
-70.0
-70.0
-70.0
-70.0
-70.0
-70.0
-70.0
-70.0
-70.0
-63.7578335281
-60.2206058607
-58.4242490649
-57.7322933519
-57.726043479
-58.1314254394
-58.7702737676
-59.5279069722
0
-70.0
-70.0
-70.0
-70.0
-70.0
-70.0
-70.0
-70.0
-70.0
-70.0
-70.0
-70.0
-70.0
-70.0
-70.0
-63.4009292672
-59.6614558519
-57.762389941
-57.0308707297
-57.024263512
-57.452823731
-70.0
-70.0
-70.0
-70.0
-70.0
-70.0
-70.0
-70.0
-70.0
-70.0
-64.3918260067
-61.2138607438
-59.5999528947
-58.978276422
-58.9726613243
-59.3368702216
-59.9108332192
-60.5915165772
-54.5866718022
0
-70.0
-70.0
-70.0
-70.0
-70.0
-70.0
-70.0
-70.0
-70.0
-70.0
-70.0
-70.0
-70.0
-70.0
-63.6084350436
-59.986548235
-58.1471978753
-57.4386810636
-57.4322816079
-57.8473658808
-58.5015042485
-59.2772704609
-70.0
-70.0
-70.0
-70.0
-70.0
-70.0
-70.0
-70.0
-67.9120480261
-66.7288752408
-66.1280090617
-65.8965557188
-65.8944651891
-66.0300620316
-66.2437514028
-66.497173312
-60.0391164434
-56.496311774
-54.8207519133
-54.3213909331
-54.5443946472
-70.0
-70.0
-70.0
-70.0
-70.0
-70.0
-70.0
-70.0
-70.0
-70.0
-70.0
-63.9935762386
-60.5899361072
-58.8614208247
-58.1955976278
-58.1895837887
-58.5796560256
-59.1943775002
-59.9233978017
0
-70.0
-70.0
-70.0
-70.0
-70.0
-70.0
-70.0
-70.0
-70.0
-70.0
-70.0
-70.0
-70.0
-70.0
-70.0
-63.4719957399
-59.7727933258
-57.8941787665
-57.1705374054
-57.1640013419
-57.5879463257
-58.2560484385
-70.0
-70.0
-70.0
-70.0
-70.0
-70.0
-70.0
-70.0
-70.0
-65.9812718588
-63.7039925787
-62.5474919248
-62.1020084682
-62.0979847787
-62.3589710724
-62.7702638128
-63.2580306633
-57.048552181
0
-70.0
-70.0
-70.0
-70.0
-70.0
-70.0
-70.0
-70.0
-70.0
-70.0
-70.0
-70.0
-70.0
-70.0
-63.9275539975
-60.4865012628
-58.7389862465
-58.0658443619
-58.059764419
-58.454124306
-59.0756027613
-59.8126364092
0
-70.0
-70.0
-70.0
-70.0
-70.0
-70.0
-70.0
-70.0
-70.0
-70.0
-70.0
-70.0
-70.0
-70.0
-70.0
-63.3632022871
-59.6023502498
-57.6924273524
-56.9567260356
-56.9500810443
-57.3810913481
-70.0
-70.0
-70.0
-70.0
-70.0
-70.0
-70.0
-70.0
-70.0
-70.0
-65.0212909133
-62.2000224309
-60.7672605937
-60.2153614716
-60.210376616
-60.5337064821
-61.043247519
-61.6475305572
-55.5616451243
0
-70.0
-70.0
-70.0
-70.0
-70.0
-70.0
-70.0
-70.0
-70.0
-70.0
-70.0
-70.0
-70.0
-70.0
-63.6705499952
-60.0838616591
-58.2623866022
-57.560755348
-57.5544180838
-57.9654684559
-58.6132497306
-59.3814768377
-70.0
-70.0
-70.0
-70.0
-70.0
-70.0
-70.0
-70.0
-66.3493241096
-64.2806077717
-63.2300243765
-62.8253401936
-62.8216850107
-63.0587690672
-63.4323938656
-63.8754889491
-57.6186254638
-54.2772198571
0
-70.0
-70.0
-70.0
-70.0
-70.0
-70.0
-70.0
-70.0
-70.0
-70.0
-70.0
-70.0
-70.0
-64.1709873495
-60.8678801809
-59.1904198737
-58.5442630269
-58.5384268179
-58.9169775319
-59.5135420426
-60.2210293476
-54.2446165152
0
-70.0
-70.0
-70.0
-70.0
-70.0
-70.0
-70.0
-70.0
-70.0
-70.0
-70.0
-70.0
-70.0
-70.0
-63.6967234218
-60.1248666941
-58.3109237677
-57.6121938863
-57.6058828279
-58.0152334319
-58.6603360133
-70.0
-70.0
-70.0
-70.0
-70.0
-70.0
-70.0
-70.0
-70.0
-65.1564436124
-62.4117616595
-61.0178937657
-60.4809765706
-60.4761270345
-60.7906797451
-61.2863887132
-61.8742678037
-55.770982094
0
-70.0
-70.0
-70.0
-70.0
-70.0
-70.0
-70.0
-70.0
-70.0
-70.0
-70.0
-70.0
-70.0
-70.0
-63.8104383365
-60.3030200606
-58.5218017596
-57.8356773871
-57.829480184
-58.231445856
-58.8649103973
-59.6161587755
0
-70.0
-70.0
-70.0
-70.0
-70.0
-70.0
-70.0
-70.0
-70.0
-70.0
-70.0
-70.0
-70.0
-70.0
-70.0
-63.3941434302
-59.6508247072
-57.7498059833
-57.0175345494
-57.0109205375
-57.4399214457
-70.0
-70.0
-70.0
-70.0
-70.0
-70.0
-70.0
-70.0
-70.0
-70.0
-64.5071577568
-61.3945471523
-59.8138292179
-59.2049374833
-59.1994378598
-59.5561568236
-60.1183163079
-60.7850014548
-54.7653082573
0
-70.0
-70.0
-70.0
-70.0
-70.0
-70.0
-70.0
-70.0
-70.0
-70.0
-70.0
-70.0
-70.0
-70.0
-63.7951676743
-60.2790960231
-58.4934831649
-57.8056660112
-57.7994535186
-58.2024109057
-58.8374383078
-59.5905401388
-70.0
-70.0
-70.0
-70.0
-70.0
-70.0
-70.0
-70.0
-66.4044699947
-64.3670029916
-63.3322893568
-62.9337181973
-62.9301182283
-63.1636209727
-63.5316019202
-63.9680037581
-57.7040404984
-54.3555278592
0
-70.0
-70.0
-70.0
-70.0
-70.0
-70.0
-70.0
-70.0
-70.0
-70.0
-70.0
-70.0
-70.0
-64.2597814019
-61.006990863
-59.3550835108
-58.7187696492
-58.7130223439
-59.0858065493
-59.6732835208
-60.3699935864
-54.3821489357
0
-70.0
-70.0
-70.0
-70.0
-70.0
-70.0
-70.0
-70.0
-70.0
-70.0
-70.0
-70.0
-70.0
-70.0
-63.6768129369
-60.0936736011
-58.2740008797
-57.5730638841
-57.5667328906
-57.9773765315
-58.6245168317
-70.0
-70.0
-70.0
-70.0
-70.0
-70.0
-70.0
-70.0
-70.0
-65.2626339223
-62.5781264783
-61.214817796
-60.6896719934
-60.6849287787
-60.9925852239
-61.4774262503
-62.0524166577
-55.9354594431
0
-70.0
-70.0
-70.0
-70.0
-70.0
-70.0
-70.0
-70.0
-70.0
-70.0
-70.0
-70.0
-70.0
-70.0
-63.8578013063
-60.3772220465
-58.6096337557
-57.9287596561
-57.9226098744
-58.3214996763
-58.9501169015
-59.6956166733
0
-70.0
-70.0
-70.0
-70.0
-70.0
-70.0
-70.0
-70.0
-70.0
-70.0
-70.0
-70.0
-70.0
-70.0
-70.0
-63.5015400066
-59.8190793437
-57.9489669679
-57.2286006434
-57.2220941606
-57.6441204656
-67.3256482546
-70.0
-70.0
-70.0
-70.0
-70.0
-70.0
-70.0
-70.0
-70.0
-64.5305018566
-61.4311195753
-59.8571195541
-59.2508155562
-59.2453393056
-59.600542245
-60.1603126005
-60.8241643938
-54.8014657528
0
-70.0
-70.0
-70.0
-70.0
-70.0
-70.0
-70.0
-70.0
-70.0
-70.0
-70.0
-70.0
-70.0
-70.0
-63.6922008953
-60.1177814026
-58.3025369936
-57.6033057818
-57.5969901952
-58.0066345035
-58.6521999383
-59.4177992013
-70.0
-70.0
-70.0
-70.0
-70.0
-70.0
-70.0
-70.0
-67.8862444244
-66.6884495983
-66.080157716
-65.8458439961
-65.8437276309
-65.9810002241
-66.1973304393
-66.4538842204
-59.9991494445
-56.4596702642
-54.7873270805
-54.2910102676
-54.516853171
-70.0
-70.0
-70.0
-70.0
-70.0
-70.0
-70.0
-70.0
-70.0
-70.0
-70.0
-64.2871810194
-61.0499169304
-59.4058945793
-58.772618016
-58.7668981442
-59.1379029496
-59.7225757345
-60.4159602143
-54.4245879913
0
-70.0
-70.0
-70.0
-70.0
-70.0
-70.0
-70.0
-70.0
-70.0
-70.0
-70.0
-70.0
-70.0
-70.0
-63.6224855365
-60.0085606738
-58.1732537338
-57.4662944453
-57.4599090574
-57.874080856
-58.52678124
-70.0
-70.0
-70.0
-70.0
-70.0
-70.0
-70.0
-70.0
-70.0
-65.2953068268
-62.6293140286
-61.2754078821
-60.7538839315
-60.74917343
-61.0547080148
-61.5362051652
-62.1072299499
-55.986066252
0
-70.0
-70.0
-70.0
-70.0
-70.0
-70.0
-70.0
-70.0
-70.0
-70.0
-70.0
-70.0
-70.0
-70.0
-63.9025840009
-60.4473816013
-58.6926807749
-58.0167709199
-58.0106659762
-58.4066474775
-59.0306814623
-59.7707458045
0
-70.0
-70.0
-70.0
-70.0
-70.0
-70.0
-70.0
-70.0
-70.0
-70.0
-70.0
-70.0
-70.0
-70.0
-70.0
-63.393954279
-59.6505283705
-57.749455213
-57.0171628114
-57.0105486101
-57.4395618023
-70.0
-70.0
-70.0
-70.0
-70.0
-70.0
-70.0
-70.0
-70.0
-70.0
-65.206900005
-62.4908100079
-61.1114623427
-60.5801383321
-60.5753393147
-60.8866152605
-61.3771603192
-61.9589153438
-55.84913361
0
-70.0
-70.0
-70.0
-70.0
-70.0
-70.0
-70.0
-70.0
-70.0
-70.0
-70.0
-70.0
-70.0
-70.0
-63.7876862493
-60.2673751239
-58.4796092778
-57.7909627943
-57.784742811
-58.1881860607
-58.8239791418
-59.577989019
-70.0
-70.0
-70.0
-70.0
-70.0
-70.0
-70.0
-70.0
-66.6092176262
-64.687774281
-63.7119824645
-63.3361079592
-63.3327129906
-63.5529189098
-63.8999451644
-64.3114960783
-58.0211725202
-54.6462726346
0
-70.0
-70.0
-70.0
-70.0
-70.0
-70.0
-70.0
-70.0
-70.0
-70.0
-70.0
-70.0
-70.0
-64.4677621636
-61.3328273897
-59.740772279
-59.1275134699
-59.1219744022
-59.4812518148
-60.0474432019
-60.7189099274
-54.7042887279
0
-70.0
-70.0
-70.0
-70.0
-70.0
-70.0
-70.0
-70.0
-70.0
-70.0
-70.0
-70.0
-70.0
-70.0
-63.6399715792
-60.035955474
-58.2056806285
-57.5006597002
-57.4942918199
-57.907328031
-58.5582388234
-70.0
-70.0
-70.0
-70.0
-70.0
-70.0
-70.0
-70.0
-70.0
-65.4430821014
-62.8608286255
-61.5494489191
-61.0443061313
-61.0397435876
-61.3356812751
-61.8020545118
-62.3551433034
-56.2149542311
0
-70.0
-70.0
-70.0
-70.0
-70.0
-70.0
-70.0
-70.0
-70.0
-70.0
-70.0
-70.0
-70.0
-70.0
-63.9513259835
-60.5237440408
-58.7830700739
-58.1125633579
-58.1065072164
-58.4993232909
-59.1183688259
-59.8525171861
0
-70.0
-70.0
-70.0
-70.0
-70.0
-70.0
-70.0
-70.0
-70.0
-70.0
-70.0
-70.0
-70.0
-70.0
-70.0
-63.4040477954
-59.6663415462
-57.7681730784
-57.0369995618
-57.0303954664
-57.4587531603
-70.0
-70.0
-70.0
-70.0
-70.0
-70.0
-70.0
-70.0
-70.0
-70.0
-64.6697872101
-61.6493332958
-60.1154165041
-59.5245525456
-59.5192157523
-59.8653731512
-60.4108884855
-61.0578347366
-55.0172037589
0
-70.0
-70.0
-70.0
-70.0
-70.0
-70.0
-70.0
-70.0
-70.0
-70.0
-70.0
-70.0
-70.0
-70.0
-63.8890973485
-60.4262525127
-58.6676705274
-57.990265652
-57.9841472051
-58.3810045634
-59.0064188263
-59.7481200898
-70.0
-70.0
-70.0
-70.0
-70.0
-70.0
-70.0
-70.0
-66.6949185582
-64.8220390745
-63.8709100818
-63.5045356834
-63.5012265216
-63.7158668072
-64.0541220849
-64.4552711821
-58.1539140305
-54.7679692718
0
-70.0
-70.0
-70.0
-70.0
-70.0
-70.0
-70.0
-70.0
-70.0
-70.0
-70.0
-70.0
-70.0
-64.5080871818
-61.3960032515
-59.815552785
-59.2067640789
-59.2012653859
-59.5579239906
-60.1199883537
-60.7865606932
-54.7667478365
0
-70.0
-70.0
-70.0
-70.0
-70.0
-70.0
-70.0
-70.0
-70.0
-70.0
-70.0
-70.0
-70.0
-70.0
-63.735419119
-60.185489953
-58.3826827884
-57.6882423966
-57.6819700817
-58.08880769
-58.7299499987
-68.0671230133
-70.0
-70.0
-70.0
-70.0
-70.0
-70.0
-70.0
-70.0
-65.4746515055
-62.9102873587
-61.6079926253
-61.1063493644
-61.1018184291
-61.3957059202
-61.8588482176
-62.4081053221
-56.2638518369
0
-70.0
-70.0
-70.0
-70.0
-70.0
-70.0
-70.0
-70.0
-70.0
-70.0
-70.0
-70.0
-70.0
-70.0
-63.9897027892
-60.5838677031
-58.854237728
-58.187985152
-58.1819674347
-58.5722912231
-59.1874091221
-59.9168995574
0
-70.0
-70.0
-70.0
-70.0
-70.0
-70.0
-70.0
-70.0
-70.0
-70.0
-70.0
-70.0
-70.0
-70.0
-70.0
-63.429170696
-59.705700757
-57.8147621018
-57.0863735052
-57.0797945638
-57.5065207134
-70.0
-70.0
-70.0
-70.0
-70.0
-70.0
-70.0
-70.0
-70.0
-70.0
-64.7027650647
-61.7009986014
-60.1765721034
-59.5893638011
-59.5840600264
-59.9280757607
-60.4702160092
-61.1131596247
-55.0682829027
0
-70.0
-70.0
-70.0
-70.0
-70.0
-70.0
-70.0
-70.0
-70.0
-70.0
-70.0
-70.0
-70.0
-70.0
-63.7678193591
-60.2362503292
-58.4427672336
-57.7519184685
-57.7456785938
-58.1504120492
-58.7882383875
-59.5446595775
-70.0
-70.0
-70.0
-70.0
-70.0
-70.0
-70.0
-70.0
-68.2705502999
-67.2905288032
-66.7928316117
-66.6011189098
-66.599387325
-66.7117021299
-66.8887009419
-67.0986101977
-60.5943978407
-57.0053904985
-55.2851397433
-54.743484632
-54.9270420775
-70.0
-70.0
-70.0
-70.0
-70.0
-70.0
-70.0
-70.0
-70.0
-70.0
-70.0
-64.1727948945
-60.8707120013
-59.1937718654
-58.5478153883
-58.5419809891
-58.9204143166
-59.5167938359
-60.224061753
-54.2474162076
0
-70.0
-70.0
-70.0
-70.0
-70.0
-70.0
-70.0
-70.0
-70.0
-70.0
-70.0
-70.0
-70.0
-70.0
-63.7974806009
-60.282719608
-58.4977723587
-57.8102115972
-57.8040014203
-58.2068086002
-58.8415992881
-61.8362646179
-70.0
-70.0
-70.0
-70.0
-70.0
-70.0
-70.0
-70.0
-65.9349365241
-63.6314005544
-62.4615656208
-62.0109458066
-62.0068757245
-62.2708711511
-62.6869060354
-63.1802967648
-56.9767837398
0
-70.0
-70.0
-70.0
-70.0
-70.0
-70.0
-70.0
-70.0
-70.0
-70.0
-70.0
-70.0
-70.0
-70.0
-64.0697249177
-60.7092357044
-59.0026343196
-58.3452523448
-58.3393147484
-58.7244416989
-59.3313698126
-60.0511476871
-54.0877719184
-70.0
-70.0
-70.0
-70.0
-70.0
-70.0
-70.0
-69.3917280182
-69.0470405619
-68.8719934027
-68.8045653271
-68.8039563041
-68.8434590136
-68.9057120054
-68.979540067
-62.3309813313
-58.5974800455
-56.7374632724
-56.0635377662
-56.1237312036
-56.6223895593
-70.0
-70.0
-70.0
-70.0
-70.0
-70.0
-70.0
-70.0
-70.0
-70.0
-65.4062988821
-62.8032015819
-61.4812364824
-60.9720162066
-60.9674168343
-61.2657433164
-61.7358810951
-62.2934343925
-56.1579809874
0
-70.0
-70.0
-70.0
-70.0
-70.0
-70.0
-70.0
-70.0
-70.0
-70.0
-70.0
-70.0
-70.0
-70.0
-63.7918930154
-60.2739657241
-58.4874104919
-57.7992303362
-57.7930145649
-58.1961846166
-58.8315471604
-59.585046448
-70.0
-70.0
-70.0
-70.0
-70.0
-70.0
-70.0
-70.0
-66.9612232239
-65.2392497174
-64.3647572896
-64.0279032566
-64.0248607282
-64.2222065203
-64.5332071115
-64.9020338958
-58.5663912661
-55.1461259794
0
-70.0
-70.0
-70.0
-70.0
-70.0
-70.0
-70.0
-70.0
-70.0
-70.0
-70.0
-70.0
-70.0
-64.779924876
-61.8218823057
-60.3196606866
-59.7410056923
-59.7357791727
-60.0747839551
-60.6090273594
-61.2426058233
-55.1877951371
0
-70.0
-70.0
-70.0
-70.0
-70.0
-70.0
-70.0
-70.0
-70.0
-70.0
-70.0
-70.0
-70.0
-70.0
-63.6880237543
-60.111237215
-58.2947907177
-57.595096462
-57.5887766932
-57.9986922754
-58.6446852156
-70.0
-70.0
-70.0
-70.0
-70.0
-70.0
-70.0
-70.0
-70.0
-65.6335923585
-63.159294695
-61.9027396071
-61.4187152341
-61.4143434358
-61.697908909
-62.1447845626
-62.6747504693
-56.5100340939
0
-70.0
-70.0
-70.0
-70.0
-70.0
-70.0
-70.0
-70.0
-70.0
-70.0
-70.0
-70.0
-70.0
-70.0
-64.0538570566
-60.6843760553
-58.9732082527
-58.314067296
-58.3081138122
-58.6942712614
-59.3028233556
-60.024527167
-54.063194311
-70.0
-70.0
-70.0
-70.0
-70.0
-70.0
-70.0
-70.0
-70.0
-70.0
-70.0
-70.0
-70.0
-70.0
-70.0
-63.3013668449
-59.5054747237
-57.5777569602
-56.8352010701
-56.8284941671
-57.2635202196
-70.0
-70.0
-70.0
-70.0
-70.0
-70.0
-70.0
-70.0
-70.0
-70.0
-64.7213905607
-61.7301785451
-60.2111120509
-59.6259684193
-59.6206832931
-59.9634894409
-60.5037234816
-61.1444064566
-55.0971317892
0
-70.0
-70.0
-70.0
-70.0
-70.0
-70.0
-70.0
-70.0
-70.0
-70.0
-70.0
-70.0
-70.0
-70.0
-63.9571599632
-60.5328839423
-58.7938888651
-58.1240288566
-58.1179785562
-58.5104157575
-59.1288642197
-59.8623044896
-70.0
-70.0
-70.0
-70.0
-70.0
-70.0
-70.0
-70.0
-66.9709858982
-65.2545445739
-64.3828616269
-64.0470898044
-64.0440570508
-64.2407688302
-64.5507702702
-64.9184121252
-58.5815125969
-55.1599891267
0
-70.0
-70.0
-70.0
-70.0
-70.0
-70.0
-70.0
-70.0
-70.0
-70.0
-70.0
-70.0
-70.0
-64.5931419668
-61.5292557481
-59.9732821585
-59.3739219328
-59.3685083997
-59.7196433331
-60.2730028487
-60.9292517965
-54.8984885348
0
-70.0
-70.0
-70.0
-70.0
-70.0
-70.0
-70.0
-70.0
-70.0
-70.0
-70.0
-70.0
-70.0
-70.0
-63.7872890801
-60.2667528921
-58.4788727496
-57.7901822391
-57.7839618582
-58.187430901
-58.82326463
-60.7551260761
-70.0
-70.0
-70.0
-70.0
-70.0
-70.0
-70.0
-70.0
-66.3847375754
-64.3360888681
-63.2956966814
-62.8949381467
-62.891318421
-63.1261026382
-63.4961030806
-63.93489991
-57.6734771068
-54.3275075214
0
-70.0
-70.0
-70.0
-70.0
-70.0
-70.0
-70.0
-70.0
-70.0
-70.0
-70.0
-70.0
-70.0
-64.1947620451
-60.905127204
-59.2345087258
-58.5909873481
-58.5851749432
-58.9621816688
-59.5563129819
-60.2609146703
-54.2814409572
-70.0
-70.0
-70.0
-70.0
-70.0
-70.0
-70.0
-70.0
-70.0
-70.0
-70.0
-70.0
-70.0
-70.0
-70.0
-63.3286954382
-59.5482895198
-57.6284363181
-56.8889098531
-56.8822303124
-57.3154815775
-70.0
-70.0
-70.0
-70.0
-70.0
-70.0
-70.0
-70.0
-70.0
-70.0
-64.807721472
-61.8654303061
-60.3712079297
-59.7956342396
-59.7904355508
-60.1276351526
-60.6590337418
-61.2892384374
-55.2308490696
0
-70.0
-70.0
-70.0
-70.0
-70.0
-70.0
-70.0
-70.0
-70.0
-70.0
-70.0
-70.0
-70.0
-70.0
-64.08741942
-60.7369570914
-59.0354477911
-58.3800272846
-58.3741074046
-58.7580852297
-59.3632024171
-60.080832649
-70.0
-70.0
-70.0
-70.0
-70.0
-70.0
-70.0
-70.0
-67.0808233063
-65.4266231799
-64.586548998
-64.2629528556
-64.260030075
-64.4496087375
-64.748368977
-65.1026794882
-58.7516389081
-55.3159599298
0
-70.0
-70.0
-70.0
-70.0
-70.0
-70.0
-70.0
-70.0
-70.0
-70.0
-70.0
-70.0
-70.0
-64.6840961236
-61.6717505936
-60.1419515891
-59.5526738002
-59.5473513334
-59.8925794756
-60.4366303784
-61.0818399075
-55.0393667242
0
-70.0
-70.0
-70.0
-70.0
-70.0
-70.0
-70.0
-70.0
-70.0
-70.0
-70.0
-70.0
-70.0
-70.0
