-63.0
-59.0333333333
-57.0188888889
-56.2429259259
-56.235917284
-56.690514856
-57.406922904
0
-70.0
-70.0
-70.0
-70.0
-70.0
-70.0
-70.0
-70.0
-70.0
-70.0
-70.0
-70.0
-70.0
-63.7293636133
-60.1760029941
-58.3714531895
-57.6763415337
-57.6700631558
-58.0772940239
-58.7190560773
0
-70.0
-70.0
-70.0
-70.0
-70.0
-70.0
-70.0
-70.0
-70.0
-70.0
-70.0
-70.0
-70.0
-63.4588052662
-59.7521282504
-57.8697177659
-57.1446142163
-57.138064946
-57.5628665523
-58.232318631
0
-70.0
-70.0
-70.0
-70.0
-70.0
-70.0
-70.0
-70.0
-70.0
-70.0
-70.0
-70.0
-70.0
-63.5111798901
-59.8341818279
-57.9668435963
-57.2475458708
-57.2410490398
-57.6624493065
-58.3265411563
0
-70.0
-70.0
-70.0
-70.0
-70.0
-70.0
-70.0
-70.0
-70.0
-70.0
-70.0
-70.0
-70.0
-63.6462891214
-60.0458529568
-58.2173961595
-57.5130755425
-57.5067139875
-57.9193399216
-58.5696041514
0
-70.0
-70.0
-70.0
-70.0
-70.0
-70.0
-70.0
-70.0
-70.0
-70.0
-70.0
-70.0
-70.0
-63.516612847
-59.8426934602
-57.9769187129
-57.2582232407
-57.2517318493
-57.6727792862
-58.3363151055
0
-70.0
-70.0
-70.0
-70.0
-70.0
-70.0
-70.0
-70.0
-70.0
-70.0
-70.0
-70.0
-70.0
-63.7277459737
-60.1734686921
-58.3684533668
-57.6731623926
-57.6668823951
-58.0742183167
-58.7161459258
0
-70.0
-70.0
-70.0
-70.0
-70.0
-70.0
-70.0
-70.0
-70.0
-70.0
-70.0
-70.0
-70.0
-63.4544039503
-59.7452328554
-57.86155577
-57.1359643264
-57.1294106494
-57.5544980882
-58.2244006152
0
-70.0
-70.0
-70.0
-70.0
-70.0
-70.0
-70.0
-70.0
-70.0
-70.0
-70.0
-70.0
-70.0
-63.5837270967
-59.9478391182
-58.1013783604
-57.3901226271
-57.3836984329
-57.8003873019
-58.45705438
0
-70.0
-70.0
-70.0
-70.0
-70.0
-70.0
-70.0
-70.0
-70.0
-70.0
-70.0
-70.0
-70.0
-63.7881942116
-60.2681709315
-58.4805512657
-57.7919610907
-57.785741616
-58.1891518774
-58.8248929716
0
-70.0
-70.0
-70.0
-70.0
-70.0
-70.0
-70.0
-70.0
-70.0
-70.0
-70.0
-70.0
-70.0
-63.47132041
-59.771735309
-57.8929264048
-57.1692101821
-57.1626734424
-57.5866622839
-58.2548335126
0
-70.0
-70.0
-70.0
-70.0
-70.0
-70.0
-70.0
-70.0
-70.0
-70.0
-70.0
-70.0
-70.0
-63.6023081847
-59.9769494894
-58.1358359559
-57.4266399706
-57.4202343804
-57.8357165469
-58.490481962
0
-70.0
-70.0
-70.0
-70.0
-70.0
-70.0
-70.0
-70.0
-70.0
-70.0
-70.0
-70.0
-70.0
-63.4799797197
-59.7853015608
-57.9089846135
-57.1862282913
-57.1797002216
-57.6031267057
-58.270411706
-61.0506461654
-70.0
-70.0
-70.0
-70.0
-70.0
-70.0
-65.9128952073
-63.5968691581
-62.4206912233
-61.9676280883
-61.9635359377
-62.2289627828
-62.6472534637
-56.5530130678
0
-70.0
-70.0
-70.0
-70.0
-70.0
-70.0
-70.0
-70.0
-70.0
-70.0
-70.0
-70.0
-63.6518449679
-60.0545571165
-58.2276991683
-57.5239944272
-57.5176384349
-57.9299035584
-58.5795991806
0
-70.0
-70.0
-70.0
-70.0
-70.0
-70.0
-70.0
-70.0
-70.0
-70.0
-70.0
-70.0
-70.0
-63.4372428406
-59.718347117
-57.8297314456
-57.1022376612
-57.0956668019
-57.5218687262
-58.1935275899
-62.1584474017
-70.0
-70.0
-70.0
-70.0
-70.0
-70.0
-66.0742561286
-63.8496679348
-62.7199260874
-62.2847501093
-62.2808195189
-62.5357671806
-62.9375435383
-56.8237182126
0
-70.0
-70.0
-70.0
-70.0
-70.0
-70.0
-70.0
-70.0
-70.0
-70.0
-70.0
-70.0
-63.6499210657
-60.051543003
-58.2241313985
-57.5202133893
-57.5138554707
-57.9262455373
-58.5761380593
0
-70.0
-70.0
-70.0
-70.0
-70.0
-70.0
-70.0
-70.0
-70.0
-70.0
-70.0
-70.0
-70.0
-63.7309438608
-60.1784787152
-58.3743836707
-57.6794471883
-57.6731703925
-58.0802986354
-58.7218989599
0
-70.0
-70.0
-70.0
-70.0
-70.0
-70.0
-70.0
-70.0
-70.0
-70.0
-70.0
-70.0
-70.0
-63.6240728886
-60.0110475255
-58.1761973901
-57.4694140625
-57.4630302639
-57.8770989759
-58.529636904
0
-70.0
-70.0
-70.0
-70.0
-70.0
-70.0
-70.0
-70.0
-70.0
-70.0
-70.0
-70.0
-70.0
-63.8520619824
-60.3682304391
-58.5989904985
-57.9174801842
-57.9113246561
-58.3105871841
-58.9397917947
0
-70.0
-70.0
-70.0
-70.0
-70.0
-70.0
-70.0
-70.0
-70.0
-70.0
-70.0
-70.0
-70.0
-63.5084208543
-59.8298593383
-57.9617271175
-57.2421235478
-57.2356239543
-57.6572033998
-58.3215776204
0
-70.0
-70.0
-70.0
-70.0
-70.0
-70.0
-70.0
-70.0
-70.0
-70.0
-70.0
-70.0
-70.0
-63.622892942
-60.0091989425
-58.1740092447
-57.4670951179
-57.4607101378
-57.8748554786
-58.527514167
0
-70.0
-70.0
-70.0
-70.0
-70.0
-70.0
-70.0
-70.0
-70.0
-70.0
-70.0
-70.0
-70.0
-63.8815219902
-60.4143844513
-58.6536224463
-57.9753778284
-57.9692517967
-58.3666011178
-58.9927906732
0
-70.0
-70.0
-70.0
-70.0
-70.0
-70.0
-70.0
-70.0
-70.0
-70.0
-70.0
-70.0
-70.0
-63.5287821751
-59.861758741
-57.9994860558
-57.2821395762
-57.2756603692
-57.6959174994
-58.3582078608
0
-70.0
-70.0
-70.0
-70.0
-70.0
-70.0
-70.0
-70.0
-70.0
-70.0
-70.0
-70.0
-70.0
-63.6663873055
-60.0773401119
-58.2546671253
-57.5525744292
-57.5462329973
-57.9575537048
-58.6057610059
0
-70.0
-70.0
-70.0
-70.0
-70.0
-70.0
-70.0
-70.0
-70.0
-70.0
-70.0
-70.0
-70.0
-63.5406166775
-59.8802994614
-58.0214324831
-57.30539788
-57.2989305221
-57.71841909
-58.379498261
-62.1758738987
-70.0
-70.0
-70.0
-70.0
-70.0
-70.0
-66.2493891705
-64.1240430338
-63.044700584
-62.628938428
-62.6251831868
-62.8687572692
-63.2526098096
-57.1175279845
0
-70.0
-70.0
-70.0
-70.0
-70.0
-70.0
-70.0
-70.0
-70.0
-70.0
-70.0
-70.0
-63.8998853181
-60.443153665
-58.6876762177
-58.0114672087
-58.005359563
-58.4015163235
-59.0258265023
0
-70.0
-70.0
-70.0
-70.0
-70.0
-70.0
-70.0
-70.0
-70.0
-70.0
-70.0
-70.0
-70.0
-63.5494230305
-59.8940960811
-58.0377633754
-57.3227049728
-57.3162464322
-57.7351630934
-58.395340987
-62.3193994284
-70.0
-70.0
-70.0
-70.0
-70.0
-70.0
-66.3061574942
-64.2129800743
-63.1499742865
-62.7405050043
-62.7368066015
-62.9766940064
-63.3547366492
-57.2127646574
0
-70.0
-70.0
-70.0
-70.0
-70.0
-70.0
-70.0
-70.0
-70.0
-70.0
-70.0
-70.0
-63.9130412309
-60.4637645951
-58.7120731272
-58.0373224755
-58.0312280019
-58.4265303844
-59.0494941344
0
-70.0
-70.0
-70.0
-70.0
-70.0
-70.0
-70.0
-70.0
-70.0
-70.0
-70.0
-70.0
-70.0
-63.8950581382
-60.4355910831
-58.6787244806
-58.0019803698
-57.995867891
-58.3923381407
-59.0171423524
0
-70.0
-70.0
-70.0
-70.0
-70.0
-70.0
-70.0
-70.0
-70.0
-70.0
-70.0
-70.0
-70.0
-63.6584987158
-60.0649813214
-58.240038174
-57.5370710131
-57.5307216828
-57.9425546952
-58.5915693461
0
-70.0
-70.0
-70.0
-70.0
-70.0
-70.0
-70.0
-70.0
-70.0
-70.0
-70.0
-70.0
-70.0
-63.944295077
-60.5127289539
-58.7700316483
-58.0987455433
-58.0926823622
-58.4859550415
-59.1057201476
0
-70.0
-70.0
-70.0
-70.0
-70.0
-70.0
-70.0
-70.0
-70.0
-70.0
-70.0
-70.0
-70.0
-63.701952197
-60.1330584419
-58.3206202408
-57.6224699788
-57.6161641557
-58.0251751899
-58.6697426375
0
-70.0
-70.0
-70.0
-70.0
-70.0
-70.0
-70.0
-70.0
-70.0
-70.0
-70.0
-70.0
-70.0
-63.6762651132
-60.0928153439
-58.272984971
-57.5719872481
-57.5656557062
-57.9763349241
-58.6235312907
0
-70.0
-70.0
-70.0
-70.0
-70.0
-70.0
-70.0
-70.0
-70.0
-70.0
-70.0
-70.0
-70.0
-63.9707365747
-60.554153967
-58.8190659369
-58.1507109209
-58.1446742139
-58.5362297159
-59.1532886933
0
-70.0
-70.0
-70.0
-70.0
-70.0
-70.0
-70.0
-70.0
-70.0
-70.0
-70.0
-70.0
-70.0
-63.720215944
-60.1616716455
-58.354489345
-57.6583636531
-57.6520761162
-58.0599010569
-58.7025993194
0
-70.0
-70.0
-70.0
-70.0
-70.0
-70.0
-70.0
-70.0
-70.0
-70.0
-70.0
-70.0
-70.0
-63.7678417585
-60.2362854217
-58.4428087722
-57.7519624901
-57.7457226379
-58.1504546386
-58.7882786844
0
-70.0
-70.0
-70.0
-70.0
-70.0
-70.0
-70.0
-70.0
-70.0
-70.0
-70.0
-70.0
-70.0
-63.5983788738
-59.970793569
-58.1285492671
-57.4189177104
-57.4125081861
-57.8282455319
-58.4834130884
-63.2707873044
-70.0
-70.0
-70.0
-70.0
-70.0
-70.0
-66.5769445577
-64.6372131404
-63.652133852
-63.2726818173
-63.2692545358
-63.4915563491
-63.8418855588
-57.6670472102
-54.3732426274
0
-70.0
-70.0
-70.0
-70.0
-70.0
-70.0
-70.0
-70.0
-70.0
-70.0
-70.0
-64.3759665355
-61.1890142389
-59.5705423864
-58.9471078619
-58.9414768852
-59.3067157364
-59.8823018558
0
-70.0
-70.0
-70.0
-70.0
-70.0
-70.0
-70.0
-70.0
-70.0
-70.0
-70.0
-70.0
-70.0
-63.8783942858
-60.409484381
-58.6478222921
-57.9692309624
-57.9631017992
-58.3606542412
-58.9871638984
0
-70.0
-70.0
-70.0
-70.0
-70.0
-70.0
-70.0
-70.0
-70.0
-70.0
-70.0
-70.0
-70.0
-63.7214036704
-60.163532417
-58.3566919177
-57.6606978875
-57.6544115398
-58.0621593465
-58.7047360524
0
-70.0
-70.0
-70.0
-70.0
-70.0
-70.0
-70.0
-70.0
-70.0
-70.0
-70.0
-70.0
-70.0
-63.8264821419
-60.3281553557
-58.5515541055
-57.8672082185
-57.861027079
-58.261950826
-58.89377338
0
-70.0
-70.0
-70.0
-70.0
-70.0
-70.0
-70.0
-70.0
-70.0
-70.0
-70.0
-70.0
-70.0
-63.6120649875
-59.9922351471
-58.1539294047
-57.445814979
-57.4394191577
-57.8542676929
-58.5080345577
0
-70.0
-70.0
-70.0
-70.0
-70.0
-70.0
-70.0
-70.0
-70.0
-70.0
-70.0
-70.0
-70.0
-63.7447609048
-60.2001254175
-58.4000066112
-57.7066017737
-57.7003388121
-58.1065697414
-58.7467559743
0
-70.0
-70.0
-70.0
-70.0
-70.0
-70.0
-70.0
-70.0
-70.0
-70.0
-70.0
-70.0
-70.0
-64.049091568
-60.6769101232
-58.9643709189
-58.304701699
-58.2987434438
-58.6852103759
-59.2942501892
0
-70.0
-70.0
-70.0
-70.0
-70.0
-70.0
-70.0
-70.0
-70.0
-70.0
-70.0
-70.0
-70.0
-63.6238602802
-60.010714439
-58.1758031197
-57.4689962241
-57.4626122126
-57.8766947319
-58.5292544191
0
-70.0
-70.0
-70.0
-70.0
-70.0
-70.0
-70.0
-70.0
-70.0
-70.0
-70.0
-70.0
-70.0
-64.048171925
-60.6754693492
-58.962665492
-58.302894328
-58.296935152
-58.683461808
-59.2925957413
0
-70.0
-70.0
-70.0
-70.0
-70.0
-70.0
-70.0
-70.0
-70.0
-70.0
-70.0
-70.0
-70.0
-63.6374321548
-60.0319770426
-58.2009714071
-57.495668979
-57.4892985561
-57.9024996838
-58.553670371
-64.1892372938
-70.0
-70.0
-70.0
-70.0
-70.0
-70.0
-66.8542228823
-65.0716158489
-64.1663311006
-63.8176158816
-63.8144662208
-64.0187608836
-64.3407123185
-58.1322197465
-54.8027168783
0
-70.0
-70.0
-70.0
-70.0
-70.0
-70.0
-70.0
-70.0
-70.0
-70.0
-70.0
-64.4100831245
-61.2424635616
-59.6338097052
-59.0141570679
-59.0085602499
-59.3715834841
-59.9436779751
-54.0318390482
0
-70.0
-70.0
-70.0
-70.0
-70.0
-70.0
-70.0
-70.0
-70.0
-70.0
-70.0
-70.0
-64.5819669766
-61.5117482633
-59.9525587599
-59.3519597659
-59.3465350439
-59.6983957093
-60.2528989182
-54.3201978572
0
-70.0
-70.0
-70.0
-70.0
-70.0
-70.0
-70.0
-70.0
-70.0
-70.0
-70.0
-70.0
-63.9953315529
-60.5926860995
-58.8646759575
-58.1990473403
-58.1930352587
-58.5829935011
-59.1975353299
0
-70.0
-70.0
-70.0
-70.0
-70.0
-70.0
-70.0
-70.0
-70.0
-70.0
-70.0
-70.0
-70.0
-64.1006430592
-60.757674126
-59.0599702953
-58.4060156536
-58.4001090135
-58.7832280624
-59.3869918896
0
-70.0
-70.0
-70.0
-70.0
-70.0
-70.0
-70.0
-70.0
-70.0
-70.0
-70.0
-70.0
-70.0
-63.6590249914
-60.0658058198
-58.2410141228
-57.5381053006
-57.5317564972
-57.943555332
-58.5925161217
0
-70.0
-70.0
-70.0
-70.0
-70.0
-70.0
-70.0
-70.0
-70.0
-70.0
-70.0
-70.0
-70.0
-64.0063246456
-60.6099086115
-58.8850620373
-58.2206520249
-58.2146509499
-58.6038952733
-59.2173120248
0
-70.0
-70.0
-70.0
-70.0
-70.0
-70.0
-70.0
-70.0
-70.0
-70.0
-70.0
-70.0
-70.0
-64.1227004014
-60.7922306288
-59.100874411
-58.4493648666
-58.443480311
-58.8251669007
-59.4266732911
0
-70.0
-70.0
-70.0
-70.0
-70.0
-70.0
-70.0
-70.0
-70.0
-70.0
-70.0
-70.0
-70.0
-63.6781095274
-60.0957049263
-58.2764053348
-57.5756120687
-57.5692823734
-57.9798418105
-58.6268494124
0
-70.0
-70.0
-70.0
-70.0
-70.0
-70.0
-70.0
-70.0
-70.0
-70.0
-70.0
-70.0
-70.0
-63.9901796813
-60.584614834
-58.8551220978
-58.1889223862
-58.1829051464
-58.5731979642
-59.1882670562
0
-70.0
-70.0
-70.0
-70.0
-70.0
-70.0
-70.0
-70.0
-70.0
-70.0
-70.0
-70.0
-70.0
-63.6877363024
-60.1107868738
-58.2942576542
-57.5945315339
-57.5882114773
-57.9981457274
-58.6441680866
-65.0632536547
-70.0
-70.0
-70.0
-70.0
-70.0
-70.0
-67.114661515
-65.4796363736
-64.6493000762
-64.329454962
-64.3265660613
-64.5139471856
-64.8092442873
-58.569141383
-55.206108261
0
-70.0
-70.0
-70.0
-70.0
-70.0
-70.0
-70.0
-70.0
-70.0
-70.0
-70.0
-64.5429574764
-61.4506333798
-59.8802178091
-59.2752945397
-59.2698307601
-59.6242248003
-60.1827203978
-54.2547540539
0
-70.0
-70.0
-70.0
-70.0
-70.0
-70.0
-70.0
-70.0
-70.0
-70.0
-70.0
-70.0
-64.7425685109
-61.7633573337
-60.250385383
-59.6675893664
-59.6623254443
-60.0037562429
-60.5418228472
-54.5896290259
0
-70.0
-70.0
-70.0
-70.0
-70.0
-70.0
-70.0
-70.0
-70.0
-70.0
-70.0
-70.0
-64.2819904808
-61.0417850866
-59.3962690138
-58.7624170697
-58.7566920009
-59.128033893
-59.7132378984
0
-70.0
-70.0
-70.0
-70.0
-70.0
-70.0
-70.0
-70.0
-70.0
-70.0
-70.0
-70.0
-70.0
-64.212952768
-60.9336260033
-59.268242411
-58.6267375085
-58.6209433168
-58.9967686912
-59.5890382928
0
-70.0
-70.0
-70.0
-70.0
-70.0
-70.0
-70.0
-70.0
-70.0
-70.0
-70.0
-70.0
-70.0
-63.6684711759
-60.0806048423
-58.2585315474
-57.5566698522
-57.5503305066
-57.9615158824
-58.6095099118
0
-70.0
-70.0
-70.0
-70.0
-70.0
-70.0
-70.0
-70.0
-70.0
-70.0
-70.0
-70.0
-70.0
-63.8305783558
-60.3345727575
-58.5591503065
-57.8752584924
-57.8690814542
-58.2697391828
-58.9011425139
0
-70.0
-70.0
-70.0
-70.0
-70.0
-70.0
-70.0
-70.0
-70.0
-70.0
-70.0
-70.0
-70.0
-64.1897302918
-60.8972441238
-59.2251776189
-58.581098462
-58.5752810191
-58.9526145194
-59.5472608023
0
-70.0
-70.0
-70.0
-70.0
-70.0
-70.0
-70.0
-70.0
-70.0
-70.0
-70.0
-70.0
-70.0
-63.7213857183
-60.163504292
-58.3566586265
-57.6606626063
-57.6543762407
-58.0621252133
-58.7047037564
0
-70.0
-70.0
-70.0
-70.0
-70.0
-70.0
-70.0
-70.0
-70.0
-70.0
-70.0
-70.0
-70.0
-64.125581263
-60.7967439787
-59.1062168089
-58.4550266133
-58.4491449422
-58.8306444415
-59.431855993
0
-70.0
-70.0
-70.0
-70.0
-70.0
-70.0
-70.0
-70.0
-70.0
-70.0
-70.0
-70.0
-70.0
-63.7148593662
-60.1532796737
-58.3445558691
-57.6478363907
-57.6415434906
-58.0497163009
-58.692962777
-62.7268705283
-70.0
-70.0
-70.0
-70.0
-70.0
-70.0
-67.475760003
-66.045357338
-65.3189371611
-65.0391204829
-65.0365931266
-65.2005236085
-65.4588644441
-59.1749337749
-55.7654109142
-54.1941835007
0
-70.0
-70.0
-70.0
-70.0
-70.0
-70.0
-70.0
-70.0
-70.0
-70.0
-64.5140264334
-61.4053080789
-59.826566797
-59.2184364679
-59.2129437215
-59.5692166163
-60.1306731327
-54.206218249
0
-70.0
-70.0
-70.0
-70.0
-70.0
-70.0
-70.0
-70.0
-70.0
-70.0
-70.0
-70.0
-64.0779365011
-60.7221005184
-59.0178622448
-58.3613905392
-58.3554611645
-58.7400548342
-59.3461425415
0
-70.0
-70.0
-70.0
-70.0
-70.0
-70.0
-70.0
-70.0
-70.0
-70.0
-70.0
-70.0
-70.0
-63.8654724043
-60.3892401
-58.6238593808
-57.9438356366
-57.9376935355
-58.336085157
-58.9639172913
0
-70.0
-70.0
-70.0
-70.0
-70.0
-70.0
-70.0
-70.0
-70.0
-70.0
-70.0
-70.0
-70.0
-64.250282037
-60.9921085246
-59.3374674663
-58.7001005825
-58.6943437661
-59.0677448841
-59.6561940587
0
-70.0
-70.0
-70.0
-70.0
-70.0
-70.0
-70.0
-70.0
-70.0
-70.0
-70.0
-70.0
-70.0
-63.7931022946
-60.2758602616
-58.4896530331
-57.8016069282
-57.7953923676
-58.1984838857
-58.833722667
0
-70.0
-70.0
-70.0
-70.0
-70.0
-70.0
-70.0
-70.0
-70.0
-70.0
-70.0
-70.0
-70.0
-63.8808510898
-60.413333374
-58.6523782987
-57.9740593102
-57.9679326068
-58.3653254979
-58.9915837159
0
-70.0
-70.0
-70.0
-70.0
-70.0
-70.0
-70.0
-70.0
-70.0
-70.0
-70.0
-70.0
-70.0
-64.6328242646
-61.5914246812
-60.0468707751
-59.4519094056
-59.4465356038
-59.7950934692
-60.3443917394
-54.4055179546
0
-70.0
-70.0
-70.0
-70.0
-70.0
-70.0
-70.0
-70.0
-70.0
-70.0
-70.0
-70.0
-64.1386547655
-60.8172257992
-59.1304608929
-58.4807199193
-58.4748513378
-58.855501811
-59.4553753679
0
-70.0
-70.0
-70.0
-70.0
-70.0
-70.0
-70.0
-70.0
-70.0
-70.0
-70.0
-70.0
-70.0
-64.0058629274
-60.6091852529
-58.8842058065
-58.2197446117
-58.2137430745
-58.603017383
-59.2164813887
0
-70.0
-70.0
-70.0
-70.0
-70.0
-70.0
-70.0
-70.0
-70.0
-70.0
-70.0
-70.0
-70.0
-63.8349430742
-60.3414108162
-58.5672444343
-57.8838364573
-57.8776637892
-58.278038062
-58.9089946903
0
-70.0
-70.0
-70.0
-70.0
-70.0
-70.0
-70.0
-70.0
-70.0
-70.0
-70.0
-70.0
-70.0
-63.8825079284
-60.4159290879
-58.655450814
-57.9773154891
-57.9711904446
-58.3684757364
-58.9945643869
0
-70.0
-70.0
-70.0
-70.0
-70.0
-70.0
-70.0
-70.0
-70.0
-70.0
-70.0
-70.0
-70.0
-64.2551490457
-60.9997335049
-59.3464930637
-58.7096656968
-58.7039137534
-59.0769987956
-59.6649498611
0
-70.0
-70.0
-70.0
-70.0
-70.0
-70.0
-70.0
-70.0
-70.0
-70.0
-70.0
-70.0
-70.0
-63.7542189552
-60.2149430298
-58.4175460403
-57.7251896452
-57.7189361533
-58.1245528531
-58.7637711111
0
-70.0
-70.0
-70.0
-70.0
-70.0
-70.0
-70.0
-70.0
-70.0
-70.0
-70.0
-70.0
-70.0
-63.9253259722
-60.4830106898
-58.7348544974
-58.061465632
-58.0553834584
-58.4498880389
-59.0715945193
0
-70.0
-70.0
-70.0
-70.0
-70.0
-70.0
-70.0
-70.0
-70.0
-70.0
-70.0
-70.0
-70.0
-64.3243596335
-61.1081634259
-59.4748402537
-58.8456850087
-58.8400023613
-59.2085926942
-59.7894604708
0
-70.0
-70.0
-70.0
-70.0
-70.0
-70.0
-70.0
-70.0
-70.0
-70.0
-70.0
-70.0
-70.0
-63.9512100865
-60.5235624689
-58.7828551494
-58.112335586
-58.1062793285
-58.4991029296
-59.118160326
0
-70.0
-70.0
-70.0
-70.0
-70.0
-70.0
-70.0
-70.0
-70.0
-70.0
-70.0
-70.0
-70.0
-64.4163597013
-61.2522968653
-59.6454492682
-59.026492401
-59.0209018674
-59.3835174849
-59.9549696059
-54.0423688693
0
-70.0
-70.0
-70.0
-70.0
-70.0
-70.0
-70.0
-70.0
-70.0
-70.0
-70.0
-70.0
-64.3916269047
-61.2135488174
-59.5995836711
-58.9778851276
-58.9722698306
-59.3364916581
-59.9104750326
-54.0008762005
0
-70.0
-70.0
-70.0
-70.0
-70.0
-70.0
-70.0
-70.0
-70.0
-70.0
-70.0
-70.0
-64.0999728493
-60.7566241305
-59.0587274282
-58.4046984926
-58.3987911815
-58.7819537554
-59.3857861746
0
-70.0
-70.0
-70.0
-70.0
-70.0
-70.0
-70.0
-70.0
-70.0
-70.0
-70.0
-70.0
-70.0
-64.332570306
-61.1210268128
-59.4900664897
-58.8618214129
-58.8561469864
-59.2242040976
-59.8042315611
0
-70.0
-70.0
-70.0
-70.0
-70.0
-70.0
-70.0
-70.0
-70.0
-70.0
-70.0
-70.0
-70.0
-64.1384908979
-60.8169690733
-59.1301570095
-58.4803978709
-58.4745291253
-58.8551902405
-59.4550805682
0
-70.0
-70.0
-70.0
-70.0
-70.0
-70.0
-70.0
-70.0
-70.0
-70.0
-70.0
-70.0
-70.0
-64.0120426538
-60.6188668244
-58.8956657658
-58.2318896052
-58.2258942553
-58.6147672369
-59.2275987846
0
-70.0
-70.0
-70.0
-70.0
-70.0
-70.0
-70.0
-70.0
-70.0
-70.0
-70.0
-70.0
-70.0
-64.3830412031
-61.2000978848
-59.5836619644
-58.9610116799
-58.9553877866
-59.3201671911
-59.8950292607
0
-70.0
-70.0
-70.0
-70.0
-70.0
-70.0
-70.0
-70.0
-70.0
-70.0
-70.0
-70.0
-70.0
-64.3352362494
-61.1252034575
-59.4950103337
-58.8670607816
-58.8613890243
-59.2292730025
-59.8090276226
0
-70.0
-70.0
-70.0
-70.0
-70.0
-70.0
-70.0
-70.0
-70.0
-70.0
-70.0
-70.0
-70.0
-64.255259056
-60.9999058545
-59.3466970717
-58.7098818997
-58.7041300664
-59.0772079643
-59.6651477709
0
-70.0
-70.0
-70.0
-70.0
-70.0
-70.0
-70.0
-70.0
-70.0
-70.0
-70.0
-70.0
-70.0
-64.2177228148
-60.9410990766
-59.2770881977
-58.6361120638
-58.630322648
-59.0058382436
-59.5976196595
0
-70.0
-70.0
-70.0
-70.0
-70.0
-70.0
-70.0
-70.0
-70.0
-70.0
-70.0
-70.0
-70.0
-64.0792763072
-60.724199548
-59.0203468409
-58.3640236552
-58.358095622
-58.7426022813
-59.3485528676
0
-70.0
-70.0
-70.0
-70.0
-70.0
-70.0
-70.0
-70.0
-70.0
-70.0
-70.0
-70.0
-70.0
-64.5191792579
-61.4133808374
-59.8361224238
-59.2285632949
-59.2230757077
-59.5790139651
-60.1399431208
-54.214862821
0
-70.0
-70.0
-70.0
-70.0
-70.0
-70.0
-70.0
-70.0
-70.0
-70.0
-70.0
-70.0
-64.2874786413
-61.0503832048
-59.4064465027
-58.7732029313
-58.7674833574
-59.1384688346
-59.7231111597
0
-70.0
-70.0
-70.0
-70.0
-70.0
-70.0
-70.0
-70.0
-70.0
-70.0
-70.0
-70.0
-70.0
-64.1523941585
-60.8387508484
-59.155939834
-58.5077218975
-58.5018670724
-58.881625275
-59.4800926873
0
-70.0
-70.0
-70.0
-70.0
-70.0
-70.0
-70.0
-70.0
-70.0
-70.0
-70.0
-70.0
-70.0
-64.4138289217
-61.2483319774
-59.6407560782
-59.0215186694
-59.0159256018
-59.3787055746
-59.9504167057
-54.0381231385
0
-70.0
-70.0
-70.0
-70.0
-70.0
-70.0
-70.0
-70.0
-70.0
-70.0
-70.0
-70.0
-64.380849603
-61.1966643781
-59.5795977638
-58.9567045365
-58.9510784489
-59.3160001813
-59.8910865481
0
-70.0
-70.0
-70.0
-70.0
-70.0
-70.0
-70.0
-70.0
-70.0
-70.0
-70.0
-70.0
-70.0
-64.319266643
-61.1001844073
-59.4653955857
-58.8356757732
-58.8299880265
-59.198909111
-59.7802981247
0
-70.0
-70.0
-70.0
-70.0
-70.0
-70.0
-70.0
-70.0
-70.0
-70.0
-70.0
-70.0
-70.0
-64.1779565499
-60.8787985949
-59.2033438687
-58.5579595707
-58.5521303396
-58.9302284562
-59.526079711
0
-70.0
-70.0
-70.0
-70.0
-70.0
-70.0
-70.0
-70.0
-70.0
-70.0
-70.0
-70.0
-70.0
-64.2140718386
-60.9353792139
-59.2703176652
-58.6289368138
-58.6231437426
-58.9988964417
-59.5910515131
0
-70.0
-70.0
-70.0
-70.0
-70.0
-70.0
-70.0
-70.0
-70.0
-70.0
-70.0
-70.0
-70.0
-64.7071641518
-61.7078905045
-60.184729966
-59.5980093106
-59.5927099404
-59.936439987
-60.4781300153
-54.5302333427
0
-70.0
-70.0
-70.0
-70.0
-70.0
-70.0
-70.0
-70.0
-70.0
-70.0
-70.0
-70.0
-64.3301060224
-61.1171661017
-59.4854966126
-58.8569783653
-58.8513014715
-59.2195186195
-59.7997982876
0
-70.0
-70.0
-70.0
-70.0
-70.0
-70.0
-70.0
-70.0
-70.0
-70.0
-70.0
-70.0
-70.0
-64.2032205569
-60.9183788725
-59.2501945661
-58.6076108301
-58.6018068941
-58.9782643028
-59.5715299378
0
-70.0
-70.0
-70.0
-70.0
-70.0
-70.0
-70.0
-70.0
-70.0
-70.0
-70.0
-70.0
-70.0
-64.5268886518
-61.4254588878
-59.8504190665
-59.2437145382
-59.2382346699
-59.5936722599
-60.1538124053
-54.2277963899
0
-70.0
-70.0
-70.0
-70.0
-70.0
-70.0
-70.0
-70.0
-70.0
-70.0
-70.0
-70.0
-64.4509368594
-61.3064677464
-59.709570687
-59.0944467619
-59.088890848
-59.4492609381
-60.0171742942
-54.100376809
0
-70.0
-70.0
-70.0
-70.0
-70.0
-70.0
-70.0
-70.0
-70.0
-70.0
-70.0
-70.0
-64.5284922014
-61.4279711155
-59.8533927601
-59.2468659882
-59.2413877255
-59.596721177
-60.1566972087
-54.230486565
0
-70.0
-70.0
-70.0
-70.0
-70.0
-70.0
-70.0
-70.0
-70.0
-70.0
-70.0
-70.0
-65.4314927602
-62.8426719911
-61.5279571298
-61.0215296421
-61.0169554947
-61.3136458232
-61.7812051594
-55.7453942335
0
-70.0
-70.0
-70.0
-70.0
-70.0
-70.0
-70.0
-70.0
-70.0
-70.0
-70.0
-70.0
-64.356240179
-61.1581096138
-59.5339609542
-58.9083397266
-58.9026889992
-59.2692089294
-59.8468139232
0
-70.0
-70.0
-70.0
-70.0
-70.0
-70.0
-70.0
-70.0
-70.0
-70.0
-70.0
-70.0
-70.0
-64.6590706701
-61.6325440499
-60.095543276
-59.5034913692
-59.4981438461
-59.8449972041
-60.3916093121
-54.4495499107
0
-70.0
-70.0
-70.0
-70.0
-70.0
-70.0
-70.0
-70.0
-70.0
-70.0
-70.0
-70.0
-64.9010184506
-62.0115955727
-60.5442219935
-59.9789904462
-59.9738851696
-60.3050258313
-60.826876034
-54.8554505987
0
-70.0
-70.0
-70.0
-70.0
-70.0
-70.0
-70.0
-70.0
-70.0
-70.0
-70.0
-70.0
-64.3692512231
-61.1784935829
-59.5580892127
-58.9339102835
-58.9282725832
-59.2939475435
-59.870220935
0
-70.0
-70.0
-70.0
-70.0
-70.0
-70.0
-70.0
-70.0
-70.0
-70.0
-70.0
-70.0
-70.0
-64.8465689173
-61.9262913038
-60.4432483589
-59.87198098
-59.8668211867
-60.2014979378
-60.7289207239
-54.7641040156
0
-70.0
-70.0
-70.0
-70.0
-70.0
-70.0
-70.0
-70.0
-70.0
-70.0
-70.0
-70.0
-64.7169932766
-61.7232894667
-60.2029575319
-59.6173264532
-59.6120369243
-59.9551286428
-60.4958127191
-54.5467230519
0
-70.0
-70.0
-70.0
-70.0
-70.0
-70.0
-70.0
-70.0
-70.0
-70.0
-70.0
-70.0
-64.7119433691
-61.7153779449
-60.1935927589
-59.6074018886
-59.6021073035
-59.9455269757
-60.4867278798
-54.5382511372
0
-70.0
-70.0
-70.0
-70.0
-70.0
-70.0
-70.0
-70.0
-70.0
-70.0
-70.0
-70.0
-65.1116163187
-62.3415322326
-60.9347640398
-60.3928776562
-60.3879832374
-60.705447145
-61.205743918
-55.2087574954
0
-70.0
-70.0
-70.0
-70.0
-70.0
-70.0
-70.0
-70.0
-70.0
-70.0
-70.0
-70.0
-64.745951837
-61.768657878
-60.2566595733
-59.6742386047
-59.6689780701
-60.010189147
-60.5479094882
-54.5953050209
0
-70.0
-70.0
-70.0
-70.0
-70.0
-70.0
-70.0
-70.0
-70.0
-70.0
-70.0
-70.0
-64.8432523497
-61.9210953479
-60.4370979686
-59.865462942
-59.860299828
-60.1951919653
-60.7229541822
-54.7585400172
0
-70.0
-70.0
-70.0
-70.0
-70.0
-70.0
-70.0
-70.0
-70.0
-70.0
-70.0
-70.0
-64.4379059526
-61.286052659
-59.6854055943
-59.068837169
-59.0632682081
-59.424484558
-59.9937315494
-54.0785156701
0
-70.0
-70.0
-70.0
-70.0
-70.0
-70.0
-70.0
-70.0
-70.0
-70.0
-70.0
-70.0
-64.5660983929
-61.4868874821
-59.923131353
-59.320773297
-59.3153326869
-59.6682238979
-60.2243511613
-54.2935761249
0
-70.0
-70.0
-70.0
-70.0
-70.0
-70.0
-70.0
-70.0
-70.0
-70.0
-70.0
-70.0
-65.798953818
-63.4183609816
-62.209393247
-61.743699498
-61.7394932653
-62.0123197502
-62.4422716495
-56.3618607116
0
-70.0
-70.0
-70.0
-70.0
-70.0
-70.0
-70.0
-70.0
-70.0
-70.0
-70.0
-70.0
-64.4192645295
-61.256847763
-59.6508361109
-59.0322012493
-59.026613624
-59.3890405947
-59.960195424
-54.0472421184
0
-70.0
-70.0
-70.0
-70.0
-70.0
-70.0
-70.0
-70.0
-70.0
-70.0
-70.0
-70.0
-64.6431852868
-61.6076569493
-60.0660847152
-59.4722718842
-59.4669084561
-59.8147934508
-60.3630313325
-54.4228999947
0
-70.0
-70.0
-70.0
-70.0
-70.0
-70.0
-70.0
-70.0
-70.0
-70.0
-70.0
-70.0
-65.412314383
-62.8126258667
-61.4923918946
-60.9838384483
-60.9792450989
-61.2771809192
-61.7467030475
-55.7132198671
0
-70.0
-70.0
-70.0
-70.0
-70.0
-70.0
-70.0
-70.0
-70.0
-70.0
-70.0
-70.0
-64.4524262959
-61.3088011969
-59.7123327643
-59.0973739459
-59.0918195233
-59.4520928857
-60.0198538069
-54.1028755437
0
-70.0
-70.0
-70.0
-70.0
-70.0
-70.0
-70.0
-70.0
-70.0
-70.0
-70.0
-70.0
-65.220019306
-62.5113635794
-61.1357913575
-60.6059216457
-60.6011357638
-60.9115597092
-61.4007620861
-55.3906184204
0
-70.0
-70.0
-70.0
-70.0
-70.0
-70.0
-70.0
-70.0
-70.0
-70.0
-70.0
-70.0
-64.4812809883
-61.3540068816
-59.7658421882
-59.1540819659
-59.1485564337
-59.5069558999
-60.0717637163
-54.1512832598
0
-70.0
-70.0
-70.0
-70.0
-70.0
-70.0
-70.0
-70.0
-70.0
-70.0
-70.0
-70.0
-64.6580919575
-61.6310107335
-60.0937283079
-59.501567909
-59.496219406
-59.843136324
-60.3898485973
-54.4479079857
0
-70.0
-70.0
-70.0
-70.0
-70.0
-70.0
-70.0
-70.0
-70.0
-70.0
-70.0
-70.0
-65.7751704517
-63.3811003743
-62.1652883154
-61.6969581362
-61.6927280908
-61.9670991272
-62.3994851115
-56.3219608426
0
-70.0
-70.0
-70.0
-70.0
-70.0
-70.0
-70.0
-70.0
-70.0
-70.0
-70.0
-70.0
-64.4881193525
-61.3647203189
-59.7785235548
-59.1675213779
-59.1620026924
-59.5199580581
-60.0840660089
-54.1627555566
0
-70.0
-70.0
-70.0
-70.0
-70.0
-70.0
-70.0
-70.0
-70.0
-70.0
-70.0
-70.0
-64.7001690122
-61.6969314524
-60.1717578681
-59.5842617886
-59.5789554146
-59.9231397431
-60.4655456821
-54.5184980336
0
-70.0
-70.0
-70.0
-70.0
-70.0
-70.0
-70.0
-70.0
-70.0
-70.0
-70.0
-70.0
-65.9657283951
-63.6796411523
-62.5186674348
-62.0714609566
-62.0674217044
-62.3294174296
-62.7423009504
-56.6416480088
0
-70.0
-70.0
-70.0
-70.0
-70.0
-70.0
-70.0
-70.0
-70.0
-70.0
-70.0
-70.0
-64.4860123824
-61.361419399
-59.7746162957
-59.1633805572
-59.1578597622
-59.5159519598
-60.0802755463
-54.1592208243
0
-70.0
-70.0
-70.0
-70.0
-70.0
-70.0
-70.0
-70.0
-70.0
-70.0
-70.0
-70.0
-64.9164769598
-62.0358139037
-60.5728889399
-60.009370997
-60.004281198
-60.3344179453
-60.8546860622
-54.8813843745
0
-70.0
-70.0
-70.0
-70.0
-70.0
-70.0
-70.0
-70.0
-70.0
-70.0
-70.0
-70.0
-64.8638291813
-61.953332384
-60.4752565595
-59.9059025129
-59.9007600011
-60.2343158273
-60.7599721288
-54.793060483
0
-70.0
-70.0
-70.0
-70.0
-70.0
-70.0
-70.0
-70.0
-70.0
-70.0
-70.0
-70.0
-64.7360235377
-61.7531035423
-60.2382480937
-59.6547265548
-59.6494560796
-59.9913119251
-60.5300483683
-54.5786489328
0
-70.0
-70.0
-70.0
-70.0
-70.0
-70.0
-70.0
-70.0
-70.0
-70.0
-70.0
-70.0
-65.5573914546
-63.0399132788
-61.7614292641
-61.2689578797
-61.2645097865
-61.5530239377
-62.0076982971
-55.9566066138
0
-70.0
-70.0
-70.0
-70.0
-70.0
-70.0
-70.0
-70.0
-70.0
-70.0
-70.0
-70.0
-64.4998523254
-61.3831019765
-59.8002817013
-59.1905801461
-59.1850732081
-59.5422666051
-60.1051737564
-54.1824392329
0
-70.0
-70.0
-70.0
-70.0
-70.0
-70.0
-70.0
-70.0
-70.0
-70.0
-70.0
-70.0
-64.7624055954
-61.7944354327
-60.287172154
-59.706575115
-59.7013310545
-60.041473583
-60.5775099807
-54.6229084642
0
-70.0
-70.0
-70.0
-70.0
-70.0
-70.0
-70.0
-70.0
-70.0
-70.0
-70.0
-70.0
-65.3664051212
-62.7407013565
-61.4072557191
-60.8936131461
-60.8889738307
-61.1898911138
-61.6641117799
-55.6362007644
0
-70.0
-70.0
-70.0
-70.0
-70.0
-70.0
-70.0
-70.0
-70.0
-70.0
-70.0
-70.0
-64.8996416423
-62.009438573
-60.5416687789
-59.9762846099
-59.9711779548
-60.3024080299
-60.8243991406
-54.8531408133
0
-70.0
-70.0
-70.0
-70.0
-70.0
-70.0
-70.0
-70.0
-70.0
-70.0
-70.0
-70.0
-65.1947337296
-62.4717495097
-61.0889006608
-60.5562279961
-60.5514167974
-60.8634828516
-61.3552730557
-55.3481983873
0
-70.0
-70.0
-70.0
-70.0
-70.0
-70.0
-70.0
-70.0
-70.0
-70.0
-70.0
-70.0
-64.5628620614
-61.4818172296
-59.9171297561
-59.3144129469
-59.3089690964
-59.6620704829
-60.2185289654
-54.2881467336
0
-70.0
-70.0
-70.0
-70.0
-70.0
-70.0
-70.0
-70.0
-70.0
-70.0
-70.0
-70.0
-64.8075797389
-61.8652082575
-60.3709450935
-59.795355692
-59.7901568613
-60.1273656675
-60.6587787624
-54.6986943048
0
-70.0
-70.0
-70.0
-70.0
-70.0
-70.0
-70.0
-70.0
-70.0
-70.0
-70.0
-70.0
-65.6172937052
-63.1337601382
-61.87251466
-61.3866835511
-61.3822954341
-61.6669193827
-62.1154631058
-56.0571008804
0
-70.0
-70.0
-70.0
-70.0
-70.0
-70.0
-70.0
-70.0
-70.0
-70.0
-70.0
-70.0
-64.5874249052
-61.5202990181
-59.9626801853
-59.3626862128
-59.3572669555
-59.7087731692
-60.2627177919
-54.3293542833
0
-70.0
-70.0
-70.0
-70.0
-70.0
-70.0
-70.0
-70.0
-70.0
-70.0
-70.0
-70.0
-64.8515248014
-61.9340555222
-60.4524387707
-59.8817207607
-59.8765659293
-60.2109208329
-60.7378364139
-54.772418193
0
-70.0
-70.0
-70.0
-70.0
-70.0
-70.0
-70.0
-70.0
-70.0
-70.0
-70.0
-70.0
-65.3484103033
-62.7125094752
-61.3738853291
-60.8582479972
-60.8535906648
-61.1556765765
-61.6317389044
-55.6060119818
0
-70.0
-70.0
-70.0
-70.0
-70.0
-70.0
-70.0
-70.0
-70.0
-70.0
-70.0
-70.0
-64.5925495777
-61.5283276717
-59.9721836057
-59.3727577126
-59.3673435864
-59.718516991
-60.2719371341
-54.3379516265
0
-70.0
-70.0
-70.0
-70.0
-70.0
-70.0
-70.0
-70.0
-70.0
-70.0
-70.0
-70.0
-65.4891148707
-62.9329466308
-61.6348141324
-61.1347741624
-61.1302577082
-61.4232059122
-61.8848679708
-55.8420632512
0
-70.0
-70.0
-70.0
-70.0
-70.0
-70.0
-70.0
-70.0
-70.0
-70.0
-70.0
-70.0
-64.59821407
-61.537202043
-59.9826880921
-59.3838901184
-59.3784816636
-59.7292872019
-60.2821276182
-54.3474545916
0
-70.0
-70.0
-70.0
-70.0
-70.0
-70.0
-70.0
-70.0
-70.0
-70.0
-70.0
-70.0
-64.8785347762
-61.9763711494
-60.5025272683
-59.9348033641
-59.929675576
-60.262276384
-60.786427656
-54.8177311416
0
-70.0
-70.0
-70.0
-70.0
-70.0
-70.0
-70.0
-70.0
-70.0
-70.0
-70.0
-70.0
-66.0275124727
-63.7764362072
-62.6332425744
-62.1928849755
-62.1889075837
-62.4468908958
-62.8534511865
-56.745299299
0
-70.0
-70.0
-70.0
-70.0
-70.0
-70.0
-70.0
-70.0
-70.0
-70.0
-70.0
-70.0
-64.7566719546
-61.7854527289
-60.2765394358
-59.6953068121
-59.6900570108
-60.0305718963
-60.5671950978
-54.613289493
0
-70.0
-70.0
-70.0
-70.0
-70.0
-70.0
-70.0
-70.0
-70.0
-70.0
-70.0
-70.0
-64.9184094566
-62.0388414819
-60.5764726478
-60.0131689257
-60.0080810616
-60.3380923077
-60.8581626451
-54.8846264037
0
-70.0
-70.0
-70.0
-70.0
-70.0
-70.0
-70.0
-70.0
-70.0
-70.0
-70.0
-70.0
-65.5399111924
-63.0125275348
-61.729013089
-61.2346039853
-61.2301383902
-61.5197877535
-61.976251113
-55.9272810692
0
-70.0
-70.0
-70.0
-70.0
-70.0
-70.0
-70.0
-70.0
-70.0
-70.0
-70.0
-70.0
-64.6486927542
-61.6162853148
-60.0762980074
-59.4830956894
-59.4777377756
-59.8252651015
-60.3729393269
-54.4321395289
0
-70.0
-70.0
-70.0
-70.0
-70.0
-70.0
-70.0
-70.0
-70.0
-70.0
-70.0
-70.0
-65.1310263679
-62.3719413098
-60.9707588979
-60.4310241541
-60.4261491694
-60.7423525396
-61.2406628104
-55.2413205235
0
-70.0
-70.0
-70.0
-70.0
-70.0
-70.0
-70.0
-70.0
-70.0
-70.0
-70.0
-70.0
-65.0209038079
-62.1994159657
-60.7665427282
-60.2146006947
-60.2096154515
-60.5329704572
-61.042551112
-55.0565747788
0
-70.0
-70.0
-70.0
-70.0
-70.0
-70.0
-70.0
-70.0
-70.0
-70.0
-70.0
-70.0
-64.6244857538
-61.5783610142
-60.03140747
-59.4355217612
-59.4301396105
-59.7792389998
-60.3293906666
-54.3915289555
0
-70.0
-70.0
-70.0
-70.0
-70.0
-70.0
-70.0
-70.0
-70.0
-70.0
-70.0
-70.0
-66.2334168572
-64.0990197429
-63.0150808163
-62.5975480997
-62.5937768665
-62.838388231
-63.223875442
-57.0907322315
0
-70.0
-70.0
-70.0
-70.0
-70.0
-70.0
-70.0
-70.0
-70.0
-70.0
-70.0
-70.0
-64.9845320623
-62.1424335643
-60.6990933467
-60.1431194379
-60.138097778
-60.4638148562
-60.9771179412
-54.9955561718
0
-70.0
-70.0
-70.0
-70.0
-70.0
-70.0
-70.0
-70.0
-70.0
-70.0
-70.0
-70.0
-65.013648055
-62.1880486195
-60.7530873376
-60.2003409905
-60.1953484825
-60.519174695
-61.0294979327
-55.0444022551
0
-70.0
-70.0
-70.0
-70.0
-70.0
-70.0
-70.0
-70.0
-70.0
-70.0
-70.0
-70.0
-64.6802875809
-61.6657838767
-60.1348888583
-59.5451888853
-59.5398626053
-59.8853380839
-60.4297787682
-54.4851441974
0
-70.0
-70.0
-70.0
-70.0
-70.0
-70.0
-70.0
-70.0
-70.0
-70.0
-70.0
-70.0
-65.091944042
-62.3107123324
-60.8982828956
-60.3542158036
-60.3493016884
-60.6680431629
-61.1703532755
-55.1757545449
0
-70.0
-70.0
-70.0
-70.0
-70.0
-70.0
-70.0
-70.0
-70.0
-70.0
-70.0
-70.0
-65.1859578316
-62.4580006029
-61.0726262455
-60.5389807563
-60.5341607709
-60.8467967539
-61.3394851186
-55.3334756111
0
-70.0
-70.0
-70.0
-70.0
-70.0
-70.0
-70.0
-70.0
-70.0
-70.0
-70.0
-70.0
-64.7125693433
-61.7163586378
-60.1947535932
-59.6086321134
-59.603338155
-59.9467171749
-60.4878540143
-54.539301295
0
-70.0
-70.0
-70.0
-70.0
-70.0
-70.0
-70.0
-70.0
-70.0
-70.0
-70.0
-70.0
-65.1929296686
-62.4689231474
-61.0855551298
-60.5526824816
-60.5478694766
-60.8600526911
-61.3520275301
-55.3451718267
0
-70.0
-70.0
-70.0
-70.0
-70.0
-70.0
-70.0
-70.0
-70.0
-70.0
-70.0
-70.0
-65.8373902352
-63.4785780352
-62.2806714473
-61.8192384464
-61.8150706976
-62.0854010251
-62.5114191874
-56.4263430894
0
-70.0
-70.0
-70.0
-70.0
-70.0
-70.0
-70.0
-70.0
-70.0
-70.0
-70.0
-70.0
-64.7198548247
-61.7277725586
-60.2082641137
-59.622950243
-59.6176635791
-59.9605694615
-60.5009606755
-54.5515236924
0
-70.0
-70.0
-70.0
-70.0
-70.0
-70.0
-70.0
-70.0
-70.0
-70.0
-70.0
-70.0
-64.9870071297
-62.1463111698
-60.7036832216
-60.1479836786
-60.1429644968
-60.4685208379
-60.9815706146
-54.9997084377
0
-70.0
-70.0
-70.0
-70.0
-70.0
-70.0
-70.0
-70.0
-70.0
-70.0
-70.0
-70.0
-65.0468539388
-62.2400711707
-60.8146658042
-60.2656003908
-60.2606411298
-60.5823108688
-61.0892356833
-55.1001096934
0
-70.0
-70.0
-70.0
-70.0
-70.0
-70.0
-70.0
-70.0
-70.0
-70.0
-70.0
-70.0
-64.6412687932
-61.6046544427
-60.0625306843
-59.4685054065
-59.4631400595
-59.8111495161
-60.3595835395
-54.4196848131
0
-70.0
-70.0
-70.0
-70.0
-70.0
-70.0
-70.0
-70.0
-70.0
-70.0
-70.0
-70.0
-65.6911393588
-63.2494516622
-62.0094573221
-61.5318121407
-61.5274979604
-61.807326187
-62.24831225
-56.1809871237
0
-70.0
-70.0
-70.0
-70.0
-70.0
-70.0
-70.0
-70.0
-70.0
-70.0
-70.0
-70.0
-64.7285886991
-61.7414556286
-60.2244605986
-59.6401148941
-59.6348369748
-59.9771756575
-60.5166730118
-54.5661759683
0
-70.0
-70.0
-70.0
-70.0
-70.0
-70.0
-70.0
-70.0
-70.0
-70.0
-70.0
-70.0
-65.0227442294
-62.2022992927
-60.7699556876
-60.2182176683
-60.2132342677
-60.5364697518
-61.0458620505
-55.059662339
0
-70.0
-70.0
-70.0
-70.0
-70.0
-70.0
-70.0
-70.0
-70.0
-70.0
-70.0
-70.0
-66.2671865061
-64.1519255263
-63.0777047541
-62.6639154657
-62.6601780438
-62.9025963225
-63.2846274124
-57.1473854634
0
-70.0
-70.0
-70.0
-70.0
-70.0
-70.0
-70.0
-70.0
-70.0
-70.0
-70.0
-70.0
-65.2536935923
-62.5641199613
-61.1982384507
-60.6721015959
-60.6673494299
-60.9755864826
-61.4613424981
-55.4471116684
0
-70.0
-70.0
-70.0
-70.0
-70.0
-70.0
-70.0
-70.0
-70.0
-70.0
-70.0
-70.0
-65.2329376619
-62.531602337
-61.1597477309
-60.6313100428
-60.6265370952
-60.9361220901
-61.4240023508
-55.4122907397
0
-70.0
-70.0
-70.0
-70.0
-70.0
-70.0
-70.0
-70.0
-70.0
-70.0
-70.0
-70.0
-65.1695452181
-62.4322875084
-61.0421899656
-60.5067251077
-60.5018886894
-60.8155905488
-61.3099586461
-55.3059411939
0
-70.0
-70.0
-70.0
-70.0
-70.0
-70.0
-70.0
-70.0
-70.0
-70.0
-70.0
-70.0
-64.7843557305
-61.8288239778
-60.3278774603
-59.7497136344
-59.7444915511
-60.0832085827
-60.6169985156
-54.6597328357
0
-70.0
-70.0
-70.0
-70.0
-70.0
-70.0
-70.0
-70.0
-70.0
-70.0
-70.0
-70.0
-66.0195039374
-63.7638895019
-62.6183911906
-62.1771458308
-62.1731604205
-62.431663827
-62.8390437433
-56.7318638793
0
-70.0
-70.0
-70.0
-70.0
-70.0
-70.0
-70.0
-70.0
-70.0
-70.0
-70.0
-70.0
-64.637048403
-61.5980424981
-60.0547042052
-59.4602110893
-59.4548415167
-59.803125056
-60.351991011
-54.4126045279
0
-70.0
-70.0
-70.0
-70.0
-70.0
-70.0
-70.0
-70.0
-70.0
-70.0
-70.0
-70.0
-65.1114840895
-62.3413250735
-60.9345188282
-60.3926177867
-60.3877232356
-60.7051957304
-61.2055060363
-55.2085356628
0
-70.0
-70.0
-70.0
-70.0
-70.0
-70.0
-70.0
-70.0
-70.0
-70.0
-70.0
-70.0
-65.9872860844
-63.7134148656
-62.5586449721
