-70.0
-70.0
-70.0
-70.0
-70.0
-70.0
-70.0
-70.0
-70.0
-70.0
-70.0
-70.0
-70.0
-70.0
-64.6305144933
-61.5878060395
-60.0425874326
-59.4473700207
-59.6242568692
-60.6478221005
-63.8773756613
-70.0
-70.0
-70.0
-70.0
-70.0
-70.0
-70.0
-70.0
-70.0
-70.0
-70.0
-63.8241128694
-61.2704574833
-62.1490632811
-66.6030067032
-70.0
-70.0
-70.0
-70.0
-70.0
-70.0
-64.1319408316
-60.8067073029
-59.1180102756
-58.8373151211
-65.0193318719
-70.0
-70.0
-70.0
-70.0
-70.0
-70.0
-70.0
-70.0
-70.0
-70.0
-70.0
-70.0
-70.0
-70.0
-70.0
-70.0
-70.0
-70.0
-70.0
-70.0
-70.0
-70.0
-70.0
-70.0
-70.0
-70.0
-70.0
-70.0
-70.0
-70.0
-70.0
-70.0
-70.0
-70.0
-70.0
-64.0577265662
-58.5604987036
-55.643478696
-54.7566256569
-58.7340022844
-68.600806216
-70.0
-70.0
-70.0
-70.0
-70.0
-70.0
-70.0
-64.4224923112
-61.2619046209
-56.1102037972
0
-70.0
-70.0
-70.0
-70.0
-70.0
-70.0
-70.0
-70.0
-70.0
-70.0
-70.0
-70.0
-70.0
-70.0
-70.0
-70.0
-70.0
-70.0
-70.0
-70.0
-70.0
-70.0
-70.0
-70.0
-70.0
-70.0
-70.0
-63.9219813759
-60.4777708223
-59.6790083434
-64.7930761299
-70.0
-70.0
-70.0
-70.0
-70.0
-70.0
-70.0
-70.0
-70.0
-70.0
-70.0
-70.0
-70.0
-70.0
-70.0
-70.0
-70.0
-65.6429049104
-63.1738843596
-61.9200092171
-61.4370171577
-61.4326546835
-61.7156153762
-63.5295235414
-67.3482137989
-70.0
-70.0
-70.0
-70.0
-70.0
-70.0
-70.0
-70.0
-64.5243030478
-62.7653808805
-67.2309534427
-70.0
-70.0
-70.0
-70.0
-70.0
-70.0
-70.0
-70.0
-70.0
-70.0
-70.0
-70.0
-70.0
-70.0
-70.0
-70.0
-70.0
-70.0
-70.0
-70.0
-70.0
-64.4874771359
-61.3637141796
-59.7773325999
-59.166259232
-59.1607399036
-61.6828679812
-67.9216745656
-70.0
-70.0
-70.0
-70.0
-70.0
-70.0
-70.0
-70.0
-70.0
-70.0
-70.0
-70.0
-70.0
-70.0
-70.0
-70.0
-70.0
-70.0
-70.0
-70.0
-70.0
-70.0
-70.0
-70.0
-70.0
-70.0
-70.0
-70.0
-70.0
-70.0
-70.0
-70.0
-70.0
-70.0
-70.0
-70.0
-70.0
-70.0
-70.0
-70.0
-70.0
-70.0
-70.0
-70.0
-70.0
-70.0
-70.0
-70.0
-70.0
-70.0
-69.0712980424
-70.0
-70.0
-70.0
-65.7102602755
-63.2794077649
-62.0449159998
-61.5693904074
-61.5650953717
-61.8436818378
-62.2827109896
-62.8033714477
-67.6409234635
-70.0
-70.0
-70.0
-70.0
-70.0
-67.7375968884
-66.4555684584
-65.8044991185
-65.553707544
-65.5514423478
-65.6983684851
-60.1263273511
-57.1122250923
0
-70.0
-70.0
-70.0
-70.0
-70.0
-70.0
-70.0
-70.0
-70.0
-70.0
-70.0
-70.0
-70.0
-70.0
-69.1045141263
-70.0
-70.0
-70.0
-70.0
-70.0
-66.257549478
-64.1368275155
-63.0598334208
-62.64497585
-62.6412287791
-62.8842729107
-63.2672902926
-63.7215243786
-68.8557943812
-70.0
-70.0
-70.0
-70.0
-70.0
-66.8646669295
-65.0879781896
-64.185699006
-63.838141529
-63.8350023251
-64.0386187253
-64.3595012746
-64.7400474283
-66.5622198915
-65.4740284659
-70.0
-70.0
-70.0
-70.0
-70.0
-70.0
-70.0
-70.0
-70.0
-70.0
-70.0
-70.0
-70.0
-70.0
-70.0
-70.0
-70.0
-70.0
-70.0
-70.0
-70.0
-70.0
-70.0
-70.0
-70.0
-70.0
-70.0
-70.0
-70.0
-70.0
-70.0
-70.0
-70.0
-70.0
-70.0
-70.0
-70.0
-70.0
-70.0
-70.0
-70.0
-70.0
-70.0
-70.0
-70.0
-70.0
-70.0
-70.0
-70.0
-70.0
-70.0
-70.0
-70.0
-70.0
-70.0
-70.0
-70.0
-70.0
-70.0
-70.0
-70.0
-70.0
-70.0
-70.0
-70.0
-70.0
-70.0
-70.0
-70.0
-70.0
-70.0
-70.0
-70.0
-70.0
-70.0
-70.0
-70.0
-70.0
-70.0
-70.0
-70.0
-70.0
-70.0
-70.0
-70.0
-70.0
-70.0
-70.0
-70.0
-70.0
-70.0
-70.0
-70.0
-70.0
-70.0
-70.0
-70.0
-70.0
-70.0
-70.0
-70.0
-70.0
-70.0
-70.0
-70.0
-65.0779437409
-62.2887785275
-60.8723201151
-60.3267010639
-60.321772931
-60.6414236203
-61.1451665798
-62.8825779455
-70.0
-70.0
-70.0
-70.0
-69.069493704
-68.5422068029
-68.2744277688
-68.1712794227
-68.1703477676
-68.2307771823
-68.3260089251
-68.4389476732
-68.5587459997
-69.2622530743
-70.0
-70.0
-70.0
-70.0
-70.0
-70.0
-70.0
-70.0
-70.0
-70.0
-70.0
-70.0
-70.0
-70.0
-68.5521994788
-70.0
-70.0
-70.0
-70.0
-70.0
-70.0
-70.0
-70.0
-64.7716396954
-61.8089021894
-60.3042962795
-59.7247228576
-59.7194880426
-60.0590308854
-55.9482018941
-62.5596887416
-68.8699168436
-70.0
-70.0
-70.0
-67.8975938029
-66.7062302912
-66.1012045078
-65.8681488875
-65.8660438858
-66.0025794219
-66.2177480961
-66.4729243641
-66.7435993128
-70.0
-70.0
-70.0
-70.0
-70.0
-70.0
-70.0
-70.0
-70.0
-70.0
-70.0
-70.0
-70.0
-70.0
-70.0
-64.7434609054
-63.13795726
-65.9562393261
-70.0
-70.0
-70.0
-70.0
-70.0
-70.0
-70.0
-70.0
-70.0
-70.0
-70.0
-70.0
-70.0
-70.0
-70.0
-70.0
-70.0
-70.0
-70.0
-70.0
-70.0
-70.0
-70.0
-70.0
-70.0
-70.0
-70.0
-70.0
-68.409880949
-70.0
-70.0
-70.0
-70.0
-70.0
-70.0
-70.0
-70.0
-70.0
-70.0
-64.0649520014
-61.2906167319
-61.8724806962
-66.7540934097
-70.0
-70.0
-70.0
-70.0
-70.0
-70.0
-70.0
-70.0
-70.0
-70.0
-70.0
-70.0
-70.0
-70.0
-70.0
-70.0
-70.0
-70.0
-70.0
-70.0
-70.0
-70.0
-70.0
-70.0
-70.0
-70.0
-70.0
-70.0
-70.0
-70.0
-70.0
-70.0
-70.0
-67.2977560293
-65.7664844459
-64.988838681
-64.6892899327
-64.6865843527
-64.8620748595
-59.3724636033
-56.4329480629
-55.1214738031
-55.8198882538
-61.0410733943
-70.0
-70.0
-70.0
-70.0
-70.0
-70.0
-70.0
-70.0
-70.0
-70.0
-64.0732384878
-58.6090600891
-55.9095197199
-59.1219658778
-69.3231258561
-70.0
-70.0
-70.0
-70.0
-70.0
-65.292193772
-62.6244369095
-61.269634895
-60.7477658565
-55.6779824079
0
-70.0
-70.0
-70.0
-70.0
-70.0
-70.0
-70.0
-70.0
-70.0
-70.0
-70.0
-70.0
-70.0
-70.0
-63.9966442389
-60.5947426409
-62.6726692787
-70.0
-70.0
-70.0
-70.0
-70.0
-70.0
-70.0
-70.0
-70.0
-70.0
-70.0
-70.0
-63.8857579896
-62.4206213721
-70.0
-70.0
-70.0
-69.5504276788
-69.4541489653
-69.4145767717
-69.4103475631
-69.4274651192
-69.4568201489
-69.4925391617
-69.5308859307
-69.5695311277
-69.6070672084
-70.0
-70.0
-70.0
-70.0
-70.0
-70.0
-70.0
-70.0
-70.0
-70.0
-70.0
-70.0
-70.0
-70.0
-70.0
-70.0
-70.0
-70.0
-70.0
-70.0
-70.0
-70.0
-70.0
-70.0
-70.0
-70.0
-70.0
-70.0
-70.0
-70.0
-70.0
-70.0
-70.0
-70.0
-70.0
-70.0
-70.0
-70.0
-70.0
-70.0
-70.0
-70.0
-70.0
-70.0
-70.0
-70.0
-70.0
-70.0
-70.0
-70.0
-70.0
-70.0
-70.0
-70.0
-70.0
-70.0
-70.0
-70.0
-70.0
-70.0
-70.0
-70.0
-70.0
-70.0
-70.0
-70.0
-70.0
-70.0
-70.0
-70.0
-70.0
-70.0
-70.0
-70.0
-70.0
-70.0
-70.0
-70.0
-70.0
-70.0
-70.0
-70.0
-70.0
-70.0
-70.0
-70.0
-70.0
-70.0
-70.0
-70.0
-70.0
-70.0
-70.0
-70.0
-70.0
-70.0
-70.0
-70.0
-70.0
-70.0
-70.0
-70.0
-70.0
-70.0
-70.0
-66.8647114758
-65.0880479788
-64.1857816146
-59.4120229414
-56.9007003061
-55.830550048
-55.6607748916
-56.036883968
-56.9324432041
-58.305430629
-63.5107807074
-68.2707599423
-70.0
-70.0
-70.0
-70.0
-70.0
-70.0
-70.0
-70.0
-70.0
-70.0
-70.0
-70.0
-70.0
-70.0
-70.0
-65.1664313106
-62.4274090533
-61.0364153971
-60.5006053568
-60.4957658208
-60.8096699051
-62.5072036487
-69.8379310324
-70.0
-70.0
-70.0
-70.0
-70.0
-70.0
-70.0
-64.8100152163
-61.8690238388
-60.375461551
-59.8001421267
-59.7949457345
-60.1319963747
-61.6618215827
-70.0
-70.0
-70.0
-70.0
-70.0
-70.0
-65.8468312747
-61.3967669137
-59.0135027334
-57.9497608007
-57.7131902811
-57.9808082932
-58.5420188241
-60.2493108807
-70.0
-70.0
-70.0
-70.0
-70.0
-70.0
-70.0
-70.0
-65.1868716885
-62.459432312
-57.5799841368
-55.0663157605
-54.0559042093
0
-70.0
-70.0
-70.0
-70.0
-70.0
-70.0
-70.0
-70.0
-70.0
-70.0
-70.0
-70.0
-70.0
-70.0
-70.0
-70.0
-70.0
-63.829889624
-62.138402753
-68.5557747274
-70.0
-70.0
-70.0
-70.0
-70.0
-70.0
-70.0
-70.0
-70.0
-70.0
-70.0
-70.0
-70.0
-70.0
-70.0
-70.0
-70.0
-70.0
-70.0
-70.0
-70.0
-70.0
-70.0
-70.0
-70.0
-70.0
-70.0
-70.0
-70.0
-70.0
-70.0
-70.0
-70.0
-70.0
-70.0
-70.0
-70.0
-70.0
-70.0
-70.0
-70.0
-70.0
-70.0
-70.0
-70.0
-70.0
-70.0
-70.0
-70.0
-70.0
-70.0
-70.0
-70.0
-70.0
-70.0
-70.0
-70.0
-70.0
-70.0
-70.0
-70.0
-70.0
-70.0
-70.0
-70.0
-70.0
-70.0
-70.0
-70.0
-70.0
-64.0070984041
-60.6111208332
-58.8864969295
-58.2221726896
0
-70.0
-70.0
-70.0
-70.0
-70.0
-70.0
-70.0
-67.2306072113
-65.6612846311
-64.8643149286
-64.5573226094
-64.5545497977
-64.7344011173
-65.0178318719
-65.7404663928
-66.5080300569
-70.0
-70.0
-70.0
-70.0
-70.0
-69.9322235581
-69.8938169077
-69.8743123538
-69.8667992097
-69.8667313496
-69.8711329219
-69.8780694345
-63.9832141285
-60.6468604739
-58.9568195987
-59.123530799
-65.4238361394
-70.0
-70.0
-70.0
-70.0
-70.0
-70.0
-70.0
-70.0
-70.0
-70.0
-70.0
-63.9177945157
-60.471211408
-60.1362385852
-66.1467759224
-70.0
-70.0
-70.0
-70.0
-70.0
-70.0
-70.0
-70.0
-70.0
-70.0
-70.0
-70.0
-70.0
-70.0
-67.4931792439
-70.0
-70.0
-70.0
-70.0
-70.0
-70.0
-70.0
-70.0
-70.0
-70.0
-70.0
-70.0
-70.0
-65.8477622126
-63.8563303991
-62.8662602978
-64.5298474517
-66.7030969518
-68.1169434201
-69.0280198538
-69.6070650522
-69.9675900028
-70.0
-70.0
-70.0
-70.0
-70.0
-70.0
-70.0
-70.0
-70.0
-70.0
-64.1157136735
-60.7812847552
-59.0879179124
-59.8237065459
-67.2679966506
-70.0
-70.0
-70.0
-70.0
-70.0
-70.0
-70.0
-70.0
-70.0
-70.0
-70.0
-70.0
-70.0
-70.0
-70.0
-70.0
-70.0
-70.0
-70.0
-70.0
-70.0
-70.0
-70.0
-70.0
-70.0
-70.0
-70.0
-70.0
-70.0
-70.0
-70.0
-70.0
-70.0
-70.0
-70.0
-70.0
-70.0
-70.0
-70.0
-70.0
-70.0
-70.0
-70.0
-70.0
-70.0
-70.0
-70.0
-70.0
-70.0
-70.0
-70.0
-70.0
-70.0
-70.0
-70.0
-70.0
-70.0
-70.0
-70.0
-70.0
-70.0
-70.0
-70.0
-70.0
-70.0
-70.0
-70.0
-70.0
-70.0
-70.0
-70.0
-70.0
-70.0
-70.0
-65.9371722999
-63.6349032698
-62.4657117428
-62.0153397685
-62.0112719249
-62.2751221546
-62.6909282207
-57.5035081249
-57.8647523452
-67.7739276114
-70.0
-70.0
-70.0
-70.0
-70.0
-70.0
-70.0
-70.0
-70.0
-70.0
-70.0
-70.0
-70.0
-70.0
-70.0
-70.0
-70.0
-70.0
-70.0
-70.0
-70.0
-70.0
-70.0
-70.0
-70.0
-70.0
-70.0
-70.0
-70.0
-70.0
-70.0
-70.0
-70.0
-70.0
-70.0
-67.0227138757
-65.3355850719
-64.4787882872
-59.7570875281
-57.2654974884
-56.1950268816
-56.0129102882
-56.3698766558
-57.0383939212
-59.2759936387
-68.0188440154
-70.0
-70.0
-70.0
-70.0
-70.0
-70.0
-70.0
-70.0
-70.0
-70.0
-64.0513235937
-60.6804069635
-59.1852892475
-60.2766152687
-65.7320118062
-70.0
-70.0
-70.0
-70.0
-65.1164546289
-62.349112252
-60.9437364174
-60.4023863694
-60.397496795
-55.2982580389
-57.1685680999
-66.9115735754
-70.0
-70.0
-70.0
-70.0
-70.0
-70.0
-70.0
-70.0
-70.0
-70.0
-70.0
-65.1483168727
-64.1938758828
-66.6031116807
-68.4948383257
-69.6800463684
-70.0
-70.0
-70.0
-70.0
-70.0
-70.0
-70.0
-70.0
-70.0
-70.0
-70.0
-70.0
-70.0
-70.0
-64.1468519482
-58.7533065938
-55.8920691614
0
-70.0
-70.0
-70.0
-70.0
-70.0
-70.0
-70.0
-70.0
-70.0
-70.0
-70.0
-70.0
-70.0
-70.0
-70.0
-70.0
-70.0
-70.0
-70.0
-70.0
-70.0
-70.0
-70.0
-70.0
-70.0
-70.0
-70.0
-70.0
-70.0
-70.0
-70.0
-70.0
-70.0
-70.0
-70.0
-70.0
-70.0
-70.0
-70.0
-70.0
-70.0
-70.0
-63.9769286028
-60.9649799955
-64.4010836374
-70.0
-70.0
-70.0
-70.0
-70.0
-70.0
-70.0
-70.0
-70.0
-70.0
-70.0
-70.0
-70.0
-70.0
-70.0
-70.0
-70.0
-70.0
-70.0
-70.0
-70.0
-70.0
-70.0
-70.0
-70.0
-70.0
-70.0
-70.0
-70.0
-70.0
-70.0
-70.0
-70.0
-70.0
-70.0
-70.0
-70.0
-70.0
-70.0
-70.0
-70.0
-70.0
-70.0
-70.0
-70.0
-70.0
-70.0
-70.0
-70.0
-70.0
-70.0
-64.7361565219
-61.7533118843
-60.2384947056
-59.6549879082
-59.6497175662
-59.9915647754
-61.5489767136
-66.2595771804
-70.0
-70.0
-70.0
-70.0
-70.0
-70.0
-70.0
-70.0
-70.0
-70.0
-70.0
-70.0
-70.0
-70.0
-70.0
-70.0
-70.0
-70.0
-70.0
-64.5575916679
-61.4735602798
-59.9073561042
-59.3040550621
-59.2986059347
-59.6520495938
-61.0154321099
-63.7557164374
-69.3084486696
-70.0
-70.0
-70.0
-70.0
-70.0
-70.0
-70.0
-70.0
-70.0
-70.0
-70.0
-70.0
-70.0
-70.0
-70.0
-70.0
-70.0
-70.0
-70.0
-70.0
-70.0
-70.0
-70.0
-70.0
-70.0
-70.0
-70.0
-70.0
-70.0
-70.0
-70.0
-64.0898758238
-60.7408054572
-59.0400030554
-58.3848548458
-60.2382969421
-64.9138550166
-70.0
-69.3300341187
-68.950386786
-68.7575854935
-68.6833185349
-68.6826477419
-68.7261570081
-68.7947240008
-63.0297998896
-57.7332927183
0
-70.0
-70.0
-70.0
-70.0
-70.0
-70.0
-70.0
-70.0
-70.0
-70.0
-64.8070096124
-61.8643150595
-60.3698878257
-59.9945046691
-60.9155222087
-62.8132760754
-65.8571312102
-70.0
-70.0
-70.0
-70.0
-70.0
-70.0
-70.0
-70.0
-70.0
-70.0
-70.0
-70.0
-70.0
-70.0
-70.0
-70.0
-70.0
-70.0
-70.0
-70.0
-70.0
-70.0
-70.0
-70.0
-70.0
-70.0
-70.0
-70.0
-70.0
-70.0
-70.0
-70.0
-70.0
-70.0
-70.0
-70.0
-70.0
-70.0
-70.0
-70.0
-70.0
-70.0
-70.0
-70.0
-70.0
-70.0
-70.0
-70.0
-70.0
-70.0
-70.0
-70.0
-70.0
-70.0
-70.0
-70.0
-70.0
-70.0
-70.0
-70.0
-70.0
-70.0
-70.0
-70.0
-70.0
-70.0
-66.6897774305
-64.8139846412
-63.8613761462
-63.4944318443
-63.491117535
-63.7060916983
-64.0448731397
-64.4466462331
-64.8728218815
-60.4940230825
-67.7515454737
-70.0
-70.0
-70.0
-70.0
-70.0
-70.0
-70.0
-70.0
-70.0
-70.0
-64.1117626086
-60.7750947535
-59.080590882
-58.4278688631
-59.222856476
-67.5533536557
-70.0
-70.0
-70.0
-70.0
-70.0
-70.0
-70.0
-70.0
-70.0
-64.4176948344
-61.2543885739
-59.6479251984
-59.0291163332
-59.4279720786
-63.5225965881
-70.0
-70.0
-70.0
-70.0
-70.0
-70.0
-70.0
-70.0
-70.0
-70.0
-70.0
-70.0
-70.0
-70.0
-70.0
-70.0
-70.0
-70.0
-70.0
-70.0
-70.0
-70.0
-70.0
-70.0
-70.0
-70.0
-70.0
-70.0
-70.0
-70.0
-70.0
-70.0
-70.0
-70.0
-70.0
-70.0
-70.0
-64.5054000875
-61.3917934704
-59.8105697178
-59.2014831423
-61.4824558992
-69.933610798
-70.0
-70.0
-70.0
-70.0
-70.0
-70.0
-70.0
-64.5117032689
-61.4016684546
-59.8222586176
-59.2138707614
-59.8125842315
-64.8593963481
-70.0
-70.0
-70.0
-70.0
-70.0
-70.0
-70.0
-70.0
-70.0
-70.0
-70.0
-70.0
-70.0
-70.0
-70.0
-70.0
-70.0
-70.0
-70.0
-70.0
-70.0
-70.0
-70.0
-70.0
-70.0
-70.0
-70.0
-70.0
-70.0
-70.0
-70.0
-70.0
-70.0
-70.0
-64.5792018481
-62.7053532467
-63.4662562928
-68.1209606518
-70.0
-70.0
-70.0
-70.0
-70.0
-70.0
-70.0
-70.0
-70.0
-70.0
-70.0
-70.0
-70.0
-70.0
-70.0
-70.0
-70.0
-70.0
-70.0
-70.0
-70.0
-70.0
-70.0
-70.0
-70.0
-70.0
-70.0
-70.0
-70.0
-70.0
-70.0
-65.7346239752
-63.3175775612
-62.0900971274
-61.6172722962
-61.6130016542
-61.8900058806
-62.3265415538
-62.8442449058
-65.0418027535
-70.0
-70.0
-70.0
-70.0
-70.0
-70.0
-70.0
-70.0
-70.0
-70.0
-70.0
-70.0
-70.0
-70.0
-70.0
-70.0
-70.0
-70.0
-70.0
-70.0
-70.0
-70.0
-70.0
-64.2892491904
-61.053157065
-59.8245381919
-60.0475812975
-62.366695207
-70.0
-70.0
-70.0
-70.0
-70.0
-67.6455335527
-66.3113358993
-65.6337727773
-65.3727758115
-65.3704184383
-65.5233233997
-65.76428893
-66.0500586171
-66.3531851421
-67.2821727398
-67.9301595405
-68.807468137
-70.0
-70.0
-70.0
-70.0
-70.0
-70.0
-70.0
-70.0
-65.3533283819
-62.720214465
-61.3830056327
-60.8679134789
-60.8632610707
-61.16502759
-61.640586582
-62.2045690911
-64.6777466769
-70.0
-70.0
-70.0
-70.0
-70.0
-70.0
-70.0
-70.0
-70.0
-70.0
-70.0
-70.0
-70.0
-70.0
-70.0
-70.0
-70.0
-70.0
-70.0
-70.0
-70.0
-66.8712332307
-65.0982653948
-64.1978758468
-63.8510462564
-63.8479136269
-58.6848602051
-55.9641994785
-54.7996630599
-55.0231554699
-57.1438820153
-61.1294828502
-67.8817805546
-70.0
-70.0
-70.0
-70.0
-70.0
-70.0
-64.9257326071
-62.0503144177
-60.5900530235
-60.0275610862
-60.0224805543
-60.5656216328
-61.4189855588
-62.8495574005
-68.3137807363
-70.0
-70.0
-70.0
-70.0
-70.0
-70.0
-70.0
-70.0
-70.0
-70.0
-70.0
-70.0
-70.0
-70.0
-70.0
-70.0
-70.0
-70.0
-70.0
-70.0
-70.0
-70.0
-70.0
-70.0
-70.0
-70.0
-70.0
-70.0
-70.0
-70.0
-70.0
-70.0
-70.0
-70.0
-70.0
-70.0
-70.0
-70.0
-70.0
-70.0
-70.0
-70.0
-70.0
-70.0
-70.0
-70.0
-70.0
-70.0
-70.0
-70.0
-70.0
-70.0
-70.0
-70.0
-70.0
-70.0
-70.0
-70.0
-70.0
-70.0
-70.0
-70.0
-65.7905851564
-63.4052500783
-62.1938740288
-61.7272525982
-61.7230379865
-61.9964079533
-62.427216335
-64.4187805983
-68.9070564281
-70.0
-70.0
-70.0
-70.0
-70.0
-70.0
-65.5390243585
-63.0111381617
-61.7273685048
-61.2328610939
-61.2283946109
-61.5181015674
-61.974655689
-62.516099639
-63.2947117754
-68.3602012468
-70.0
-70.0
-70.0
-70.0
-70.0
-70.0
-70.0
-70.0
-70.0
-70.0
-70.0
-70.0
-70.0
-70.0
-70.0
-70.0
-70.0
-70.0
-70.0
-70.0
-70.0
-70.0
-70.0
-70.0
-70.0
-70.0
-70.0
-70.0
-70.0
-70.0
-70.0
-70.0
-70.0
-70.0
-70.0
-70.0
-70.0
-64.4893268226
-61.3666120221
-59.7807627411
-59.1698944144
-59.1643769379
-61.8448351469
-70.0
-70.0
-70.0
-70.0
-70.0
-70.0
-70.0
-70.0
-70.0
-70.0
-70.0
-70.0
-64.0688489729
-60.7078633909
-55.5696731231
-54.0091964075
-61.6901280686
-70.0
-70.0
-70.0
-70.0
-70.0
-70.0
-70.0
-70.0
-70.0
-70.0
-70.0
-70.0
-64.0019400089
-58.5465341389
-55.6550728123
-57.7353973346
-70.0
-70.0
-70.0
-70.0
-70.0
-70.0
-70.0
-70.0
-70.0
-64.8379042674
-61.9127166855
-60.4271802469
-55.5194910329
0
-70.0
-70.0
-70.0
-70.0
-70.0
-70.0
-70.0
-70.0
-70.0
-70.0
-70.0
-70.0
-70.0
-70.0
-70.0
-70.0
-70.0
-70.0
-70.0
-70.0
-70.0
-70.0
-70.0
-70.0
-70.0
-70.0
-70.0
-70.0
-70.0
-70.0
-70.0
-63.9435692399
-63.6442129824
-70.0
-70.0
-70.0
-70.0
-70.0
-70.0
-70.0
-70.0
-70.0
-70.0
-70.0
-64.2630548567
