-70.0
-70.0
-70.0
-63.0
-56.7
0
-70.0
-70.0
-70.0
-70.0
-70.0
-70.0
-70.0
-70.0
-70.0
-70.0
-70.0
-70.0
-63.9438981928
-60.5121071687
-56.0606609619
-63.8001742909
-70.0
-70.0
-70.0
-70.0
-70.0
-70.0
-70.0
-70.0
-63.661152986
-60.0691396781
-58.2449603707
0
-70.0
-70.0
-70.0
-70.0
-70.0
-70.0
-70.0
-70.0
-70.0
-70.0
-70.0
-70.0
-70.0
-70.0
-70.0
-70.0
-70.0
-70.0
-70.0
-70.0
-70.0
-70.0
-70.0
-70.0
-70.0
-64.6354271313
-61.5955025057
-60.0516976468
-54.531098884
0
-70.0
-70.0
-70.0
-70.0
-70.0
-70.0
-70.0
-70.0
-70.0
-70.0
-65.38215556
-62.765377044
-61.4364640329
-60.9245674252
-60.9198102828
-61.219628988
-61.9810264262
-68.2749012695
-70.0
-70.0
-70.0
-70.0
-70.0
-70.0
-70.0
-70.0
-70.0
-70.0
-70.0
-70.0
-62.8916298515
-62.6969088022
-70.0
-70.0
-70.0
-70.0
-70.0
-70.0
-70.0
-70.0
-64.4856540219
-62.3218395254
-61.6128228432
-61.4669854059
-61.6639167632
-62.2451501026
-62.8523851028
-64.1626668877
-66.5902244693
-70.0
-70.0
-70.0
-70.0
-70.0
-70.0
-70.0
-70.0
-65.0544512209
-59.9186402461
-57.1731989864
-55.9534942643
-55.6898882889
-56.0087284274
0
-70.0
-70.0
-70.0
-70.0
-70.0
-70.0
-70.0
-70.0
-70.0
-70.0
-70.0
-70.0
-70.0
-70.0
-70.0
-70.0
-70.0
-70.0
-70.0
-70.0
-70.0
-70.0
-70.0
-70.0
-70.0
-64.5327530096
-59.1013130483
-56.2057386367
-54.9282027018
-54.6640743841
-55.016794914
0
-70.0
-70.0
-70.0
-70.0
-70.0
-70.0
-70.0
-70.0
-70.0
-70.0
-70.0
-70.0
-70.0
-70.0
-70.0
-70.0
-70.0
-70.0
-70.0
-70.0
-70.0
-70.0
-70.0
-70.0
-63.4538855175
-59.7444206441
-57.8605943653
-57.1349454525
-57.1283912564
-61.3499424639
-70.0
-70.0
-70.0
-70.0
-70.0
-67.6000499729
-63.9067449576
-61.8938704498
-60.9563500634
-60.6952928295
-59.9073430583
0
-70.0
-70.0
-70.0
-70.0
-70.0
-70.0
-70.0
-70.0
-70.0
-70.0
-70.0
-69.7498284762
-69.6080646128
-69.5360708076
-70.0
-70.0
-70.0
-70.0
-70.0
-70.0
-70.0
-70.0
-70.0
-70.0
-70.0
-69.0276364073
-68.4766303714
-68.1968057375
-68.0890174325
-70.0
-70.0
-70.0
-70.0
-70.0
-70.0
-70.0
-70.0
-70.0
-70.0
-70.0
-70.0
-70.0
-70.0
-70.0
-65.6936026346
-70.0
-70.0
-70.0
-70.0
-70.0
-70.0
-70.0
-70.0
-65.3648525379
-62.7382689761
-61.4043765398
-60.89056186
-60.8859209901
-61.1869391018
-61.6613186655
-63.1759018245
-70.0
-70.0
-70.0
-70.0
-70.0
-66.8415505669
-65.0517625549
-64.1428309958
-58.8667851013
-56.0722647278
-54.8598103461
-54.6370107056
-55.0154305644
-58.9790731552
-70.0
-70.0
-70.0
-70.0
-70.0
-66.8057977021
-64.9957497333
-64.0765292943
-62.7228971474
-62.1532879543
-62.0730795067
-62.2891851212
-62.8574265751
-59.7300456644
-61.1979741444
-65.0899582217
-66.1368014457
-68.3244076976
-69.6928245255
-65.5981878788
-63.2881329615
-62.1258289124
-61.6909188525
-55.0919418958
0
-70.0
-70.0
-70.0
-70.0
-70.0
-70.0
-70.0
-69.6799059871
-69.4985193798
-69.4064034361
-70.0
-69.476889208
-69.1804597591
-69.0299200979
-69.3804437401
-70.0
-70.0
-70.0
-70.0
-70.0
-70.0
-70.0
-70.0
-70.0
-70.0
-64.7742178719
-59.4796079993
-56.6535218091
0
-70.0
-70.0
-70.0
-70.0
-70.0
-70.0
-70.0
-70.0
-70.0
-70.0
-70.0
-70.0
-70.0
-69.4298450771
-70.0
-70.0
-70.0
-70.0
-70.0
-67.3514500119
-65.8506050186
-66.0884033661
-66.361468929
-66.6465926358
-66.9294471053
-67.2015115502
-68.6219991013
-67.4029007752
-70.0
-70.0
-70.0
-70.0
-70.0
-70.0
-66.5877210297
-64.6540962799
-59.7832293317
-57.2012681851
-56.078715891
-55.8692273182
-56.2145599305
0
-70.0
-70.0
-70.0
-70.0
-70.0
-70.0
-70.0
-70.0
-70.0
-70.0
-70.0
-69.3703855951
-69.013604099
-68.8324150647
-62.9772225746
-70.0
-70.0
-70.0
-70.0
-70.0
-70.0
-70.0
-70.0
-70.0
-70.0
-70.0
-70.0
-70.0
-63.4071857279
-60.6689739821
-64.2750358125
-70.0
-70.0
-70.0
-70.0
-70.0
-70.0
-65.7904249383
-63.40499907
-62.1935769133
-61.7269377222
-62.7150156035
-63.5506951455
-65.0134248026
-69.4960608344
-70.0
-70.0
-70.0
-70.0
-70.0
-68.3046363531
-68.3049118442
-68.3615800773
-63.5242690888
-60.8377401926
-59.5312315152
-58.0963248604
0
-70.0
-70.0
-70.0
-70.0
-70.0
-70.0
-70.0
-70.0
-70.0
-70.0
-70.0
-70.0
-63.6049409801
-59.9810742021
-61.7769158478
-68.7951659514
-70.0
-70.0
-70.0
-70.0
-70.0
-70.0
-70.0
-69.7320535243
-69.5802171881
-69.5031081467
-65.7995609963
-70.0
-70.0
-70.0
-70.0
-70.0
-70.0
-70.0
-70.0
-70.0
-70.0
-69.5407692379
-69.2805384728
-61.6287941266
-59.7167804674
-66.659255285
-70.0
-70.0
-70.0
-70.0
-70.0
-70.0
-70.0
-70.0
-70.0
-69.4270348282
-62.1383221818
-58.2075574419
-59.2530509095
-68.0787447694
-70.0
-70.0
-70.0
-70.0
-70.0
-65.7629697301
-61.0286525772
-58.4871071996
0
-70.0
-70.0
-70.0
-70.0
-70.0
-70.0
-70.0
-70.0
-70.0
-69.9256475357
-69.8835144726
-69.8621174856
-69.1501716735
-69.7503168379
-70.0
-70.0
-70.0
-70.0
-70.0
-70.0
-70.0
-70.0
-70.0
-70.0
-70.0
-65.9771039575
-64.2530184223
-63.4101331538
-63.6796197765
-64.0519910908
-64.4736808431
-64.910905333
-65.6971161831
-70.0
-70.0
-70.0
-70.0
-70.0
-70.0
-70.0
-70.0
-70.0
-70.0
-70.0
-70.0
-70.0
-70.0
-70.0
-70.0
-70.0
-70.0
-70.0
-66.1595209406
-63.9832494736
-62.8780449443
-62.4523207286
-62.4484755082
-62.697885859
-62.0909358821
-62.457722403
-70.0
-70.0
-70.0
-70.0
-70.0
-67.5339778547
-66.1365653057
-65.4268989328
-65.1535358113
-59.5337827941
-54.1774715573
0
-70.0
-70.0
-70.0
-70.0
-70.0
-70.0
-70.0
-70.0
-70.0
-70.0
-70.0
-70.0
-70.0
-70.0
-70.0
-70.0
-70.0
-70.0
-70.0
-70.0
-70.0
-70.0
-70.0
-70.0
-64.4971940743
-61.3789373831
-59.7953521223
-59.1853558951
0
-70.0
-70.0
-70.0
-70.0
-70.0
-70.0
-70.0
-70.0
-64.645467169
-61.6112318981
-60.408063719
-61.827003039
-70.0
-70.0
-70.0
-70.0
-70.0
-70.0
-70.0
-70.0
-70.0
-64.1237808924
-60.793923398
-55.2139892326
0
-70.0
-70.0
-70.0
-70.0
-70.0
-70.0
-70.0
-70.0
-70.0
-70.0
-70.0
-70.0
-70.0
-70.0
-70.0
-69.2427554653
-63.1839113107
-64.984951042
-70.0
-70.0
-70.0
-70.0
-70.0
-70.0
-70.0
-70.0
-64.3595676196
-61.1633226041
-59.5401315079
0
-70.0
-70.0
-70.0
-70.0
-70.0
-70.0
-70.0
-70.0
-70.0
-70.0
-70.0
-70.0
-70.0
-70.0
-70.0
-70.0
-64.617659638
-61.8724494259
-69.9209131593
-70.0
-70.0
-70.0
-70.0
-70.0
-70.0
-70.0
-70.0
-69.6161549693
-62.6717718815
-58.7494162994
-56.9525781227
-59.0517955706
-60.5696083843
-69.9751472553
-70.0
-70.0
-70.0
-70.0
-70.0
-70.0
-70.0
-69.5479842386
-69.2918419738
-69.1617618825
-69.1116550983
-70.0
-70.0
-70.0
-70.0
-70.0
-70.0
-70.0
-70.0
-70.0
-70.0
-64.2106666055
-60.9300443487
-59.2640028496
-58.6222445218
-60.9662966696
-70.0
-70.0
-70.0
-70.0
-70.0
-70.0
-70.0
-70.0
-70.0
-64.515603369
-61.4077786114
-59.0270220006
-57.9643339675
0
-70.0
-70.0
-70.0
-70.0
-70.0
-70.0
-70.0
-70.0
-70.0
-67.610696662
-66.2567581038
-65.5691696987
-65.3043109991
-65.301918746
-65.4570861026
-60.5354669526
-58.9794313152
-61.8552874811
-68.9381883266
-70.0
-70.0
-70.0
-70.0
-70.0
-70.0
-70.0
-70.0
-70.0
-70.0
-70.0
-70.0
-70.0
-70.0
-70.0
-70.0
-70.0
-70.0
-70.0
-70.0
-63.7805806562
-61.2485356814
-60.0210241738
-61.3344455936
-70.0
-70.0
-70.0
-70.0
-70.0
-67.7935136065
-66.5431713168
-62.0193046769
-57.2376745371
-54.7941073019
0
-70.0
-70.0
-70.0
-70.0
-70.0
-70.0
-70.0
-70.0
-70.0
-70.0
-70.0
-70.0
-70.0
-70.0
-63.0672482153
-60.1271278507
-58.6921513703
-58.2080937697
-58.8440868022
-69.0960756501
-70.0
-70.0
-70.0
-70.0
-70.0
-70.0
-70.0
-70.0
-70.0
-70.0
-70.0
-70.0
-70.0
-70.0
-70.0
-70.0
-70.0
-70.0
-70.0
-70.0
-64.4744770526
-61.3433473824
-59.7532246676
-59.1407102164
-59.1351778718
-61.5778754818
-68.830068203
-70.0
-70.0
-70.0
-70.0
-70.0
-70.0
-70.0
-70.0
-70.0
-70.0
-70.0
-70.0
-70.0
-70.0
-70.0
-70.0
-70.0
-70.0
-70.0
-70.0
-70.0
-70.0
-70.0
-70.0
-70.0
-70.0
-70.0
-70.0
-70.0
-70.0
-70.0
-70.0
-70.0
-70.0
-70.0
-63.9837178556
-60.2411579737
-58.3209167788
-57.5580748359
-57.811053525
-67.1067423983
-70.0
-70.0
-70.0
-70.0
-70.0
-70.0
-66.8048985709
-64.1260283373
-62.7145052525
-62.1104412265
-62.0109881034
-62.2176166261
-62.6010065188
-63.5138600953
-68.4783240065
-70.0
-70.0
-70.0
-70.0
-70.0
-70.0
-70.0
-65.2478884235
-62.5550251969
-61.7430286432
-61.8643964229
-57.1555822327
-58.0677073791
-64.3319905784
-68.1506499982
-70.0
-70.0
-70.0
-70.0
-70.0
-63.9609697678
-60.5388526362
-59.7619354938
-54.7111280992
0
-70.0
-70.0
-70.0
-70.0
-70.0
-70.0
-70.0
-70.0
-70.0
-70.0
-70.0
-70.0
-70.0
-63.5061518972
-59.8263046389
-57.9575194627
-57.2376643748
-59.0000615794
-65.3201388958
-70.0
-70.0
-70.0
-70.0
-70.0
-70.0
-70.0
-70.0
-64.0467273238
-61.2287616962
-55.9414680408
-54.2799596369
-62.1657767613
-70.0
-70.0
-70.0
-70.0
-70.0
-67.4176250181
-65.954279195
-62.2962278776
-60.3581894912
-59.516760143
-58.3613443205
-58.0560500163
-58.2710050999
-60.0886651083
-67.1768504266
-70.0
-70.0
-70.0
-70.0
-70.0
-70.0
-70.0
-70.0
-70.0
-70.0
-70.0
-70.0
-70.0
-70.0
-70.0
-70.0
-70.0
-70.0
-70.0
-70.0
-70.0
-70.0
-70.0
-70.0
-70.0
-70.0
-63.4812167968
-63.2566208183
-66.7596219077
-70.0
-70.0
-69.352074346
-69.7385080609
-69.9790846879
-70.0
-70.0
-69.1220617177
-62.2391038241
-58.3680256272
-56.4331111881
-56.8924133376
-66.1432149262
-70.0
-70.0
-70.0
-70.0
-70.0
-70.0
-66.0560980371
-63.8212202581
-63.4887220512
-63.5062657254
-63.7332497391
-63.117350265
-62.9772322383
-65.7351943254
-69.5592885386
-70.0
-70.0
-70.0
-70.0
-67.7592913982
-66.4895565239
-61.9558414929
-59.5037510912
-58.3823718139
-58.0967985203
-58.3222279268
-58.8467446398
-59.5332298463
0
-70.0
-70.0
-70.0
-70.0
-70.0
-70.0
-70.0
-70.0
-70.0
-70.0
-70.0
-70.0
-70.0
-70.0
-63.8268385931
-60.7305391021
-61.6726579869
-67.8853713193
-70.0
-70.0
-70.0
-70.0
-65.9973399392
-63.7291659048
-63.5657282673
-63.6821414093
-64.5181401364
-64.3341552775
-64.412625853
-64.6459540032
-64.9644190932
-67.9801758256
-70.0
-70.0
-70.0
-70.0
-70.0
-70.0
-70.0
-70.0
-70.0
-70.0
-70.0
-63.5113601431
-59.8344642242
-57.9671778654
-57.9715682452
-67.0388277202
-70.0
-70.0
-70.0
-70.0
-69.281480043
-68.874318734
-68.6675446574
-68.5878953896
-68.5871759826
-68.6338384723
-62.3219151501
-58.7906973184
-58.6636411023
-58.5135517428
-70.0
-70.0
-70.0
-70.0
-70.0
-67.8362667839
-66.6101512947
-65.9874769581
-64.7476825273
-58.5615991674
-55.2312291791
0
-70.0
-70.0
-70.0
-70.0
-70.0
-70.0
-70.0
-70.0
-70.0
-70.0
-70.0
-70.0
-70.0
-69.6864416971
-62.6908447229
-58.7371250476
-56.0366187038
-54.8817609408
0
-70.0
-70.0
-70.0
-70.0
-70.0
-70.0
-70.0
-70.0
-70.0
-70.0
-70.0
-70.0
-70.0
-70.0
-70.0
-70.0
-70.0
-70.0
-70.0
-70.0
-70.0
-70.0
-70.0
-70.0
-70.0
-70.0
-70.0
-67.8510305584
-70.0
-70.0
-70.0
-70.0
-70.0
-70.0
-70.0
-70.0
-70.0
-63.513684583
-59.8381058466
-57.9714884099
0
-70.0
-70.0
-70.0
-70.0
-70.0
-70.0
-70.0
-70.0
-69.7407161193
-69.2604552536
-68.9969502257
-68.3167266459
-67.9647016098
-67.8213298678
-67.8079291604
-67.8729577639
-70.0
-70.0
-70.0
-70.0
-70.0
-70.0
-66.8369273481
-64.0522268586
-63.0488014721
-62.6784528578
-62.7002952606
-62.9567241936
-63.3453574136
-65.8845970713
-70.0
-70.0
-70.0
-70.0
-70.0
-66.8067053067
-63.2193938695
-61.2930272114
-60.4274396429
-60.227172447
-60.4327730479
-60.8750409735
-62.5104438558
-66.4014252572
-70.0
-70.0
-70.0
-70.0
-70.0
-70.0
-64.112150584
-60.7757025815
-60.0797879218
-60.8569271774
-58.316296991
-65.2722366786
-70.0
-70.0
-68.6523963903
-67.8887543449
-67.5009439727
-66.3522362565
-65.7846037516
-65.5845374569
-65.6116797649
-65.7742424908
-66.2556828261
-69.3464145121
-70.0
-70.0
-70.0
-70.0
-70.0
-70.0
-70.0
-70.0
-70.0
-70.0
-70.0
-64.3444464744
-61.1396328099
-61.4545070196
-69.4190836322
-70.0
-70.0
-70.0
-70.0
-70.0
-70.0
-70.0
-70.0
-70.0
-64.6555537904
-61.6270342717
-60.089021418
-59.4965796586
-59.4912286143
-60.4337122494
-68.3001816064
-70.0
-70.0
-70.0
-70.0
-70.0
-70.0
-70.0
-66.0912273592
-63.876256196
-62.7513982916
-62.3181036059
-62.3141900076
-62.568035515
-62.968074969
-66.012998363
-70.0
-70.0
-70.0
-70.0
-70.0
-70.0
-70.0
-70.0
-70.0
-70.0
-63.0949914768
-59.1821533136
-57.6379062283
-58.8595868717
-70.0
-70.0
-70.0
-70.0
-70.0
-70.0
-70.0
-70.0
-70.0
-70.0
-70.0
-70.0
-70.0
-70.0
-70.0
-70.0
-70.0
-70.0
-70.0
-70.0
-70.0
-70.0
-70.0
-70.0
-70.0
-70.0
-70.0
-70.0
-69.7093243766
-69.54460819
-69.460958205
-70.0
-70.0
-70.0
-70.0
-70.0
-70.0
-70.0
-70.0
-64.0206488511
-60.6323498667
-55.0227365916
0
-70.0
-70.0
-70.0
-70.0
-70.0
-70.0
-70.0
-70.0
-70.0
-70.0
-70.0
-70.0
-70.0
-70.0
-70.0
-70.0
-70.0
-70.0
-70.0
-70.0
-70.0
-70.0
-66.1562356165
-63.9781024659
-62.8719524933
-63.149567797
-63.8778180526
-64.5188409376
-64.1035015006
-58.2076252017
-68.8517605182
-70.0
-70.0
-70.0
-70.0
-70.0
-70.0
-70.0
-70.0
-70.0
-70.0
-70.0
-70.0
-70.0
-70.0
-70.0
-70.0
-70.0
-70.0
-70.0
-70.0
-70.0
-70.0
-70.0
-70.0
-63.976201674
-60.562715956
-57.8407616799
-56.6128970582
0
-70.0
-70.0
-70.0
-70.0
-70.0
-70.0
-70.0
-70.0
-65.8959586298
-63.5703351867
-62.3892832813
-61.9343426953
-60.9692520295
-61.9152275254
-68.8381308004
-70.0
-70.0
-70.0
-70.0
-70.0
-70.0
-70.0
-70.0
-70.0
-70.0
-70.0
-70.0
-70.0
-70.0
-70.0
-70.0
-70.0
-70.0
-70.0
-70.0
-70.0
-70.0
-70.0
-70.0
-64.3088246542
-61.0838252916
-59.4460314976
-58.8151541713
-58.8094559699
-60.3610483802
-64.70423954
-70.0
-70.0
-70.0
-70.0
-70.0
-70.0
-70.0
-70.0
-70.0
-70.0
-70.0
-67.1043662604
-70.0
-70.0
-70.0
-70.0
-70.0
-70.0
-70.0
-70.0
-70.0
-63.8844704376
-60.4190036856
-58.6590901782
-57.9811724011
-62.7005570557
-70.0
-70.0
-70.0
-70.0
-70.0
-70.0
-70.0
-70.0
-70.0
-70.0
-63.4918622754
-59.8039175647
-58.3085219094
-61.1412648463
-64.403521045
-70.0
-70.0
-70.0
-70.0
-65.8374322272
-63.4786438227
-62.2807493192
-61.8193209731
-61.8151532664
-62.0854808668
-62.5114947315
-64.233872571
-70.0
-70.0
-70.0
-70.0
-70.0
-70.0
-70.0
-70.0
-70.0
-70.0
-62.9544348412
-58.6286145845
-56.412168611
-54.9796731843
-55.8993384748
-70.0
-70.0
-70.0
-70.0
-70.0
-70.0
-70.0
-70.0
-70.0
-70.0
-70.0
-70.0
-64.2794126357
-58.7044131293
-59.7989272966
-70.0
-70.0
-70.0
-70.0
-70.0
-70.0
-70.0
-70.0
-70.0
-64.3851756902
-61.2034419146
-54.7160728932
0
-70.0
-70.0
-70.0
-70.0
-70.0
-70.0
-70.0
-70.0
-70.0
-65.6689464319
-63.2146827433
-61.968301772
-56.5622705376
-54.6953361209
-65.3412541199
-70.0
-70.0
-70.0
-70.0
-68.3937210871
-65.1501630364
-63.3656894381
-62.5161489646
-62.2558863816
-62.3578659524
-61.6853525165
-61.558999371
-61.9908451223
-66.1840100299
-70.0
-70.0
-70.0
-70.0
-70.0
-70.0
-70.0
-70.0
-70.0
-70.0
-70.0
-70.0
-63.3444876438
-63.6183586881
-70.0
-70.0
-70.0
-70.0
-70.0
-70.0
-70.0
-70.0
-70.0
-70.0
-64.9085623547
-62.0234143557
-55.6693822587
0
-70.0
-70.0
-70.0
-70.0
-70.0
-70.0
-70.0
-70.0
-66.8493132832
-65.0639241437
-64.1572265219
-63.8079670647
-64.8032900494
-65.5737075052
-69.4267009053
-70.0
-70.0
-70.0
-70.0
-70.0
-70.0
-70.0
-70.0
-70.0
-70.0
-70.0
-70.0
-70.0
-70.0
-68.2051852752
-70.0
-70.0
-70.0
-70.0
-70.0
-70.0
-70.0
-70.0
-70.0
-70.0
-70.0
-70.0
-70.0
-70.0
-70.0
-70.0
-70.0
-70.0
-70.0
-70.0
-70.0
-67.2972028378
-65.7656177793
-64.9878128181
-64.6882027475
-59.9365254202
-55.4209681764
0
-70.0
-70.0
-70.0
-70.0
-70.0
-70.0
-70.0
-70.0
-70.0
-70.0
-70.0
-70.0
-70.0
-70.0
-63.6374698597
-61.7255055719
-69.7874144624
-70.0
-70.0
-70.0
-70.0
-70.0
-70.0
-70.0
-70.0
-70.0
-70.0
-63.7200036511
-60.1613390533
-59.9002998962
-64.5774282121
-70.0
-70.0
-70.0
-70.0
-70.0
-70.0
-66.3272692304
-64.2460551276
-59.3002359395
-56.6894032286
-55.5665901612
0
-70.0
-70.0
-70.0
-70.0
-70.0
-70.0
-70.0
-70.0
-70.0
-70.0
-70.0
-63.2106384784
-59.3633336162
-57.4095062449
-56.6568929474
-57.282623061
-70.0
-70.0
-70.0
-70.0
-70.0
-70.0
-70.0
-70.0
-70.0
-70.0
-70.0
-70.0
-70.0
-63.2322142888
-59.5958141482
-60.6087333541
-67.3095179501
-70.0
-70.0
-70.0
-70.0
-70.0
-70.0
-70.0
-63.7730473985
-60.2444409244
-54.5635734535
0
-70.0
-70.0
-70.0
-70.0
-70.0
-70.0
-70.0
-70.0
-70.0
-70.0
-64.9819566162
-62.1383986986
-60.6943173249
-60.1380579231
-60.198877306
-62.4201007491
-70.0
-70.0
-70.0
-70.0
-70.0
-70.0
-70.0
-70.0
-70.0
-70.0
-70.0
-70.0
-70.0
-63.2666880809
-63.8261349809
-70.0
-70.0
-70.0
-70.0
-70.0
-70.0
-70.0
-70.0
-63.7548037288
-59.5121554715
-57.3161613347
-56.4213594748
-57.336798981
-59.1678945723
-61.5005476355
-70.0
-70.0
-70.0
-70.0
-70.0
-70.0
-70.0
-70.0
-70.0
-70.0
-70.0
-70.0
-70.0
-70.0
-69.6595664469
-70.0
-70.0
-70.0
-70.0
-70.0
-70.0
-70.0
-70.0
-70.0
-70.0
-69.5100763602
-70.0
-70.0
-70.0
-70.0
-70.0
-70.0
-70.0
-67.5389178369
-62.8369835728
-60.2545902285
-59.0300012143
0
-70.0
-70.0
-70.0
-70.0
-70.0
-70.0
-70.0
-70.0
-70.0
-70.0
-70.0
-70.0
-70.0
-69.6334845602
-69.4257924776
-70.0
-70.0
-70.0
-70.0
-70.0
-70.0
-70.0
-69.4442398558
-69.1293091074
-68.9693736881
-68.907766647
-68.9072102007
-69.9259611297
-70.0
-69.4627374186
-70.0
-70.0
-70.0
-70.0
-70.0
-70.0
-70.0
-65.6407889825
-63.1705694059
-61.9160853465
-61.4328587326
-55.8112101892
0
-70.0
-70.0
-70.0
-70.0
-70.0
-70.0
-70.0
-70.0
-70.0
-67.1114689032
-65.4746346149
-64.6433795549
-63.362198976
-62.8147506627
-62.7257899861
-62.9148872472
-65.7462859476
-70.0
-70.0
-70.0
-70.0
-70.0
-70.0
-67.7065099864
-66.4068656453
-65.7468501859
-65.4926125707
-65.4903162492
-65.639261248
-65.8739862057
-66.1523549734
-63.4254893346
-65.6556857746
-70.0
-70.0
-70.0
-70.0
-65.5974195213
-63.1026239168
-61.8356590901
-61.3476248911
-61.3432168754
-60.6291367185
-62.5797786523
-66.4061441377
-70.0
-70.0
-70.0
-66.1712449846
-61.8905175032
-60.3258321647
-60.7094925361
-62.3632139266
-57.004283366
-54.9258192878
-54.1812135313
-55.3798089289
-58.9709452065
-67.073863361
-70.0
-70.0
-69.8365166111
-69.743876024
-69.6968291377
-69.6787067013
-64.0612590654
-58.5554151817
-55.6333950121
-54.3590697433
0
-70.0
-70.0
-70.0
-70.0
-70.0
-70.0
-70.0
-70.0
-70.0
-67.8500869274
-66.6318028529
-66.0131056464
-65.774783801
-65.7726312337
-65.9122519856
-66.1322827038
-69.2121853243
-70.0
-70.0
-70.0
-70.0
-70.0
-70.0
-70.0
-70.0
-70.0
-70.0
-70.0
-70.0
-70.0
-70.0
-70.0
-70.0
-70.0
-70.0
-70.0
-70.0
-70.0
-70.0
-70.0
-70.0
-70.0
-70.0
-63.7287217186
-60.1749973591
-58.3702628314
-57.6750800205
-54.839157036
-57.2841360409
-65.3668291241
-70.0
-70.0
-70.0
-68.6685825669
-68.2474460214
-64.1642936712
-61.9089258054
-60.825407559
-60.4811163593
0
-70.0
-70.0
-70.0
-70.0
-70.0
-69.8935375282
-70.0
-70.0
