-67.93
-66.067
-64.3903
-62.88127
-61.523143
-60.3008287
-58.38074583
-56.9260045803
-56.6189596779
-56.1907674138
-55.7041598082
-55.1987232512
-54.6988372087
-54.2189443429
0
-70.0
-70.0
-70.0
-70.0
-70.0
-70.0
-70.0
-70.0
-70.0
-70.0
-70.0
-70.0
-70.0
-70.0
-70.0
-69.7672450947
-68.1253506484
-66.5127022923
-64.9713565356
-63.5241705304
-62.1817199095
-60.9468588734
-59.8177136226
-58.789636018
-58.6764682547
-58.2960186549
-57.7678816065
-57.1687366572
-56.5469584658
-55.9323262687
-55.3424694082
-65.7670999059
-70.0
-70.0
-70.0
-70.0
-70.0
-70.0
-70.0
-70.0
-70.0
-70.0
-70.0
-69.7973916913
-69.8125803164
-69.1379408143
-68.0718924192
-66.8065336348
-65.463767243
-64.1193151665
-62.8186667484
-61.5876554726
-60.4394601913
-59.3792276829
-58.4071139217
-57.520275201
-56.7141627951
-55.9833565918
-55.3220943167
-54.7246004745
-54.1852841533
-70.0
-70.0
-70.0
-70.0
-70.0
-70.0
-70.0
-70.0
-70.0
-70.0
-70.0
-70.0
-70.0
-70.0
-70.0
-69.6236623519
-68.7204043512
-67.5311027392
-66.2098183473
-64.8533871006
-63.5210821159
-62.2476630545
-61.0520228492
-59.9429046311
-58.9226702125
-57.9897738876
-56.320376963
-55.0847262429
-54.1505116027
0
-70.0
-70.0
-70.0
-70.0
-70.0
-70.0
-70.0
-70.0
-70.0
-70.0
-70.0
-70.0
-70.0
-70.0
-70.0
-69.38023815
-68.3390397683
-67.0796860804
-65.7314176649
-65.1947426935
-65.1629129542
-64.6150513454
-63.7758326687
-62.789773707
-61.7484792065
-59.8887531992
-58.4199591549
-56.4146840898
-54.9743629145
0
-70.0
-70.0
-70.0
-70.0
-70.0
-70.0
-70.0
-70.0
-70.0
-70.0
-70.0
-70.0
-70.0
-70.0
-70.0
-69.5919984791
-68.6707976173
-67.4723838462
-66.1475894554
-64.7911265058
-63.4608778524
-62.1906993987
-60.9989023465
-59.8938607036
-58.8777070278
-57.9487579213
-57.1030965268
-56.3355964725
-55.6405765575
-55.0122120566
-54.4447862875
0
-70.0
-70.0
-70.0
-70.0
-70.0
-70.0
-70.0
-70.0
-70.0
-70.0
-70.0
-70.0
-69.8255281392
-69.0366607513
-67.9054516269
-66.6065444314
-65.2503152997
-63.904900644
-62.6108218291
-61.3906804792
-60.2555729867
-59.2093227249
-58.2512618103
-57.3780498679
-55.7648543735
-54.5814419311
0
-70.0
-70.0
-70.0
-70.0
-70.0
-70.0
-70.0
-70.0
-70.0
-70.0
-70.0
-70.0
-70.0
-70.0
-70.0
-69.4016516731
-68.3725876212
-66.2993962694
-64.4888349159
-62.8962036067
-61.4874180342
-60.235899423
-59.1204582754
-58.1238449777
-57.2317488332
-56.4320995187
-55.7145732794
-54.2502384265
0
-70.0
-70.0
-70.0
-70.0
-70.0
-70.0
-70.0
-70.0
-70.0
-70.0
-70.0
-70.0
-70.0
-70.0
-70.0
-69.3508005807
-68.2929209097
-67.0250957435
-65.673564119
-64.3168596736
-63.0022750173
-61.7567817229
-60.5942596889
-59.5202711455
-58.5352023146
-56.8163209389
-55.5344480822
-54.5575094321
0
-70.0
-70.0
-70.0
-70.0
-70.0
-70.0
-70.0
-70.0
-70.0
-70.0
-70.0
-70.0
-70.0
-70.0
-70.0
-69.7637185689
-68.939825758
-67.7908292129
-66.485070312
-65.1287792944
-63.7873787074
-62.4996257316
-60.4669864217
-58.0551699551
-56.3162410766
-54.219009047
0
-70.0
-70.0
-70.0
-70.0
-70.0
-70.0
-70.0
-70.0
-70.0
-70.0
-70.0
-70.0
-70.0
-70.0
-70.0
-70.0
-69.9288755326
-69.1985716677
-68.0971036266
-66.809652681
-65.4535270242
-64.1014007294
-62.7967449282
-62.3840599499
-62.5203136312
-62.161388719
-61.5173208143
-60.7236360444
-59.8666373143
-59.0002168324
-58.1570239822
-57.3558741393
-56.6066550956
-66.0735684991
-70.0
-70.0
-70.0
-70.0
-70.0
-70.0
-70.0
-70.0
-70.0
-70.0
-70.0
-70.0
-70.0
-69.6331561218
-68.7352779242
-67.5487084082
-66.2284764183
-64.872054677
-63.5391331431
-62.2647424513
-60.2479499545
-58.6729427912
-57.4155070669
-56.3905287301
-55.5391907703
-54.8204149688
-54.2051356556
0
-70.0
-70.0
-70.0
-70.0
-70.0
-70.0
-70.0
-70.0
-70.0
-70.0
-70.0
-70.0
-70.0
-70.0
-70.0
-69.6794259805
-69.6277673695
-68.9191799572
-67.8400548446
-66.5745779489
-64.4194725465
-62.6224268869
-61.1001185948
-58.9733963331
-57.3749164317
-56.1466646097
-55.1814913629
-54.4063377027
0
-70.0
-70.0
-70.0
-70.0
-70.0
-70.0
-70.0
-70.0
-70.0
-70.0
-70.0
-70.0
-70.0
-70.0
-70.0
-70.0
-70.0
-70.0
-69.5083707434
-68.5397808313
-67.3173008563
-65.9832361761
-64.6266894955
-63.3018718372
-62.040252181
-60.8586053146
-60.584330351
-60.0436210277
-59.3610747329
-58.6161777982
-57.8587003774
-56.2989239124
-55.1297605696
-59.3139239653
-70.0
-70.0
-70.0
-70.0
-70.0
-70.0
-70.0
-70.0
-70.0
-70.0
-70.0
-69.4406568002
-68.4336956536
-67.1917291105
-65.8501582143
-63.6735437361
-61.8884569247
-60.397789607
-59.1334628961
-58.0470847731
-57.1036884068
-57.0975276402
-56.8339135922
-56.4246147103
-55.9415482242
-55.4303233917
-54.9192443791
-54.4252888256
-70.0
-70.0
-70.0
-70.0
-70.0
-70.0
-70.0
-70.0
-70.0
-70.0
-70.0
-70.0
-69.7902792421
-68.9814374793
-67.8400845057
-66.5372699046
-65.1810054805
-63.8378799767
-62.5474086752
-62.1515456051
-61.4856429095
-60.6799131952
-59.8171449268
-58.9489124682
-57.2863425774
-56.0225892237
-55.040250904
-54.2595062154
0
-70.0
-70.0
-70.0
-70.0
-70.0
-70.0
-70.0
-70.0
-70.0
-70.0
-70.0
-69.9357012403
-69.2092652765
-67.2897615223
-65.5384005524
-63.946303952
-62.5028358601
-61.1966604762
-60.0163998967
-58.9510302191
-57.9901074053
-57.1238834701
-56.3433529933
-55.6402562742
-54.1870563669
0
-70.0
-70.0
-70.0
-70.0
-70.0
-70.0
-70.0
-70.0
-70.0
-70.0
-70.0
-70.0
-70.0
-70.0
-69.6993446167
-68.0189732328
-65.566784628
-63.5532453109
-61.8700135436
-60.4410740318
-59.2123411903
-58.1446901124
-57.2092764619
-56.3843857229
-55.6533050887
-55.0028798719
0
-70.0
-70.0
-70.0
-70.0
-70.0
-70.0
-70.0
-70.0
-70.0
-70.0
-70.0
-70.0
-70.0
-70.0
-70.0
-70.0
-70.0
-70.0
-69.8472788077
-69.0707367987
-67.9457870334
-66.6492909398
-64.4730835856
-63.4815897202
-63.2339737437
-62.6209383663
-61.809085861
-60.9050048291
-60.7957227156
-60.3469626904
-59.7094745856
-58.9799992365
-58.2196473858
-58.2861146959
-63.1064380557
-70.0
-70.0
-70.0
-70.0
-70.0
-70.0
-70.0
-70.0
-70.0
-70.0
-70.0
-69.5443843832
-69.4162022003
-68.6687528173
-67.5746580935
-66.3090459895
-64.9827105274
-64.4841522326
-63.678878848
-62.7164188556
-61.6917288983
-61.483857294
-60.9530057549
-60.2460613063
-60.277025927
-59.9297038351
-59.3669871188
-58.6937908518
-58.7967467298
-61.0819620321
-70.0
-70.0
-70.0
-70.0
-70.0
-70.0
-70.0
-70.0
-70.0
-70.0
-70.0
-69.8534813907
-69.0804541787
-67.9572893789
-66.6614808531
-64.4852797091
-61.8533830325
-59.0357989254
-57.0207218303
-55.5543181789
-54.4659987154
0
-70.0
-70.0
-70.0
-70.0
-67.8893624015
-66.003334429
-67.6749398312
-70.0
-70.0
-70.0
-70.0
-70.0
-70.0
-70.0
-70.0
-70.0
-70.0
-70.0
-70.0
-69.8871670965
-69.1332284512
-68.019757649
-66.727683246
-65.3715158293
-63.202098185
-61.4370443256
-59.9734438658
-58.7395021277
-57.6844870139
-56.7719950452
-56.7954333624
-56.559648574
-56.1761894152
-56.5369076061
-56.512108267
-56.2568250547
-58.4117609588
-70.0
-70.0
-70.0
-70.0
-70.0
-70.0
-70.0
-70.0
-70.0
-70.0
-70.0
-70.0
-69.5543199844
-68.6117679756
-67.4025111712
-66.0735400494
-63.8970393747
-62.1045709908
-60.6022709274
-59.3241485251
-58.2231367995
-57.2650918709
-56.4247618513
-56.5030717779
-56.3099553412
-55.9604203012
-56.3486852671
-56.3466880711
-56.9306001512
-57.0265940608
-70.0
-70.0
-70.0
-70.0
-70.0
-70.0
-70.0
-70.0
-70.0
-70.0
-70.0
-70.0
-69.5216738286
-67.7406223315
-66.0573040222
-64.4887362359
-63.0413043562
-61.7148017499
-59.6850734611
-58.1210673724
-56.8886281402
-55.8962103295
-55.0808859654
0
-70.0
-70.0
-70.0
-70.0
-70.0
-70.0
-70.0
-70.0
-70.0
-70.0
-70.0
-70.0
-70.0
-70.0
-70.0
-70.0
-70.0
-70.0
-70.0
-69.7300816548
-68.8871279258
-67.7284514243
-66.4189638092
-64.2426391132
-62.4387563251
-60.9184681081
-58.7990129076
-57.2107060238
-55.9940316927
-55.0408927042
-54.277646221
0
-70.0
-70.0
-70.0
-70.0
-70.0
-70.0
-70.0
-70.0
-70.0
-70.0
-70.0
-70.0
-70.0
-70.0
-70.0
-70.0
-70.0
-69.4447087185
-68.4400436589
-67.1992431679
-65.8581214344
-64.5015110131
-63.1808277266
-61.9257234971
-59.9318035095
-57.5610580666
-55.8632421987
-54.625777938
0
-70.0
-70.0
-70.0
-70.0
-70.0
-70.0
-70.0
-70.0
-70.0
-70.0
-70.0
-70.0
-70.0
-70.0
-70.0
-70.0
-69.7388303227
-68.9008341723
-67.7446753429
-66.4361575339
-65.0798415973
-63.7400573155
-62.4548515025
-61.2452329647
-60.1212874098
-59.0862104966
-58.1389573321
-57.2759735223
-56.4923174524
-55.7823798953
-55.9603380312
-55.8451016451
-54.7377897586
-61.5121032289
-70.0
-70.0
-70.0
-70.0
-70.0
-70.0
-70.0
-70.0
-70.0
-70.0
-70.0
-69.8440283372
-69.0656443949
-67.9397592164
-66.6429028021
-65.2866921934
-64.7600760884
-63.9287705558
-62.9423615511
-61.8957707632
-60.027957265
-58.5496705906
-58.1743762329
-57.6533870772
-57.0623473479
-56.4489785987
-55.0226580626
0
-70.0
-70.0
-70.0
-70.0
-70.0
-70.0
-70.0
-70.0
-70.0
-70.0
-70.0
-70.0
-70.0
-69.7781897494
-68.9624972741
-67.8176652131
-66.5135104694
-65.1572339409
-63.8148935591
-62.5256595447
-61.3112638179
-60.1822509212
-59.1421014858
-58.1899417751
-57.3223145561
-55.7143277396
-54.535724725
0
-70.0
-70.0
-70.0
-70.0
-70.0
-70.0
-70.0
-70.0
-70.0
-70.0
-70.0
-70.0
-70.0
-70.0
-70.0
-69.8049549455
-69.0044294146
-67.8672997822
-66.56611201
-64.3898622797
-62.5811170322
-61.8731659827
-61.0292898202
-60.1319877953
-59.2325403206
-58.3617871584
-57.5372756891
-56.7679929512
-56.0574902102
-55.4059388918
0
-70.0
-70.0
-70.0
-70.0
-70.0
-70.0
-70.0
-70.0
-70.0
-70.0
-70.0
-70.0
-70.0
-70.0
-69.5791232607
-68.6506264417
-67.4485074689
-66.1222858363
-64.7658099955
-63.4363974912
-61.3475367389
-59.6926357296
-58.353273933
-57.2478810572
-56.3197159632
-54.7088263747
0
-70.0
-70.0
-70.0
-70.0
-70.0
-70.0
-70.0
-70.0
-70.0
-70.0
-70.0
-70.0
-70.0
-70.0
-70.0
-69.9773807505
-70.0
-68.5666136669
-67.0643614115
-65.5708646778
-64.1324044817
-62.7749148813
-61.5112572917
-61.1660208282
-60.5633449225
-59.8262945483
-59.0331878389
-58.2328842186
-57.4549392391
-56.7163409435
-55.2059706013
-59.1828827088
-70.0
-70.0
-70.0
-70.0
-70.0
-70.0
-70.0
-70.0
-70.0
-70.0
-69.7601665173
-68.9342608771
-67.7842421304
-66.4780894781
-65.1217949041
-63.7806249962
-62.4932355516
-61.2810273664
-60.1543348765
-59.1165082199
-57.3465952854
-56.0164276818
-55.8144461969
-55.4761090994
-55.0672365376
-54.6296717826
-54.1894772035
-69.002377878
-70.0
-70.0
-70.0
-70.0
-70.0
-70.0
-70.0
-70.0
-70.0
-70.0
-70.0
-70.0
-68.609737714
-67.1319224186
-65.6508358274
-64.2171560118
-62.8597095887
-61.5932514152
-60.423601464
-59.3510247777
-59.1924446067
-58.7675483506
-58.1970256519
-57.5581445109
-56.8995443426
-56.2510660969
-55.6302769463
-55.0467942243
-57.0451447832
-70.0
-70.0
-70.0
-70.0
-70.0
-70.0
-70.0
-70.0
-70.0
-70.0
-69.3902475862
-68.3547212185
-67.0982480238
-65.7510891729
-64.3944242233
-63.0772777794
-61.0077473204
-59.375770801
-58.8807258627
-58.2643413709
-57.5956992968
-56.9179907425
-57.0774325851
-56.9138499379
-56.5619053516
-56.1086750881
-55.6097810937
-55.1001186607
-68.1209839111
-70.0
-70.0
-70.0
-70.0
-70.0
-70.0
-70.0
-70.0
-70.0
-70.0
-69.9171822453
-69.1802521843
-68.0754190749
-66.7866719068
-65.4305345424
-64.079167639
-62.7757085756
-60.7244428517
-59.1128686557
-57.8188285162
-57.578443482
-57.1582643454
-56.6442147186
-56.0909777852
-55.532669699
-54.9899291907
0
-70.0
-70.0
-70.0
-70.0
-70.0
-70.0
-70.0
-70.0
-70.0
-70.0
-70.0
-70.0
-68.9011083382
-67.5884030632
-66.1911664627
-64.7897856204
-63.4326309276
-62.1472504144
-60.9477804259
-59.8398390853
-59.6437463115
-60.0012991034
-59.8591208085
-60.2418431379
-60.926748431
-60.1301333258
-59.2911598185
-58.4547370535
-60.1877254927
-70.0
-70.0
-70.0
-70.0
-70.0
-70.0
-70.0
-70.0
-70.0
-70.0
-70.0
-69.5728246167
-68.6407585662
-67.4368269837
-66.1099071348
-64.7534249876
-62.604421533
-61.6915387425
-60.7307577767
-59.7732639381
-58.849658837
-57.977173815
-57.1644436747
-55.5946574681
-54.4429638284
0
-70.0
-70.0
-70.0
-70.0
-70.0
-70.0
-70.0
-70.0
-70.0
-70.0
-70.0
-70.0
-70.0
-70.0
-70.0
-70.0
-69.80079036
-68.9979048973
-67.8595767898
-66.5579273656
-65.2016734656
-63.8578653434
-62.566318292
-62.1691794514
-61.5019234986
-60.6948391437
-59.0107605593
-57.67662139
-56.5969171754
-55.7058640742
-55.7777034109
-55.604883566
-62.9109791997
-70.0
-70.0
-70.0
-70.0
-70.0
-70.0
-70.0
-70.0
-70.0
-70.0
-70.0
-70.0
-69.4527594479
-68.4526564683
-67.2141727983
-66.6939435031
-65.8020078091
-65.5367794658
-64.8364164776
-63.8983181354
-62.8488485256
-61.7675384755
-60.7031678296
-59.6844398478
-58.7270550637
-58.6583890245
-58.3052431002
-58.6131807756
-58.4875040216
-60.6458478351
-70.0
-70.0
-70.0
-70.0
-70.0
-70.0
-70.0
-70.0
-70.0
-70.0
-70.0
-70.0
-69.9289175271
-69.1986374591
-68.9171815029
-68.0944018792
-66.9742540423
-65.7130235387
-64.409184452
-63.1232415182
-61.8909010407
-60.7318000528
-58.8352794583
-57.379524453
-56.236753968
-55.3198665448
-55.3890718727
-54.407626007
0
-70.0
-70.0
-70.0
-70.0
-70.0
-70.0
-70.0
-70.0
-70.0
-70.0
-70.0
-70.0
-70.0
-70.0
-69.5402199325
-68.5896778943
-67.3763634082
-66.0458292696
-64.6893144774
-63.3624284529
-62.9175492231
-61.3767033778
-60.8696390913
-59.3597458831
-58.1184850953
-57.0797791195
-56.1972295634
-55.4377921776
-54.7775366735
0
-70.0
-70.0
-70.0
-70.0
-70.0
-70.0
-70.0
-70.0
-70.0
-70.0
-70.0
-70.0
-70.0
-70.0
-70.0
-69.5199223553
-68.5578783567
-67.3387226789
-66.8259385163
-65.9340700682
-64.8444799971
-63.6725766212
-62.4903487082
-61.3413336702
-60.2505468584
-59.2310565427
-59.1083271352
-58.7077452528
-58.153804615
-57.5263134118
-56.8756082428
-56.2326648667
-65.775760338
-70.0
-70.0
-70.0
-70.0
-70.0
-70.0
-70.0
-70.0
-70.0
-70.0
-70.0
-69.6386489809
-68.7438834034
-67.5588946101
-66.2392715138
-64.8828552722
-63.5495770182
-62.2746241652
-61.0771649812
-59.1461173048
-57.6592847887
-56.4885424528
-55.5464789695
0
-70.0
-70.0
-70.0
-70.0
-67.8024205882
-70.0
-70.0
-70.0
-70.0
-70.0
-70.0
-70.0
-70.0
-70.0
-70.0
-70.0
-70.0
-70.0
-70.0
-70.0
-69.3252102289
-68.2528293585
-66.9776398577
-65.6232714953
-64.266541428
-62.9536186734
-61.7107443982
-60.5513283531
-59.4806344476
-58.4988636227
-57.6031723404
-56.7889851596
-56.0508400125
-55.3829249238
0
-70.0
-70.0
-70.0
-70.0
-70.0
-70.0
-70.0
-70.0
-70.0
-70.0
-70.0
-70.0
-69.3703017039
-68.3234726695
-67.8812594932
-67.816556271
-67.1605157953
-66.1715409834
-65.0157713968
-64.6184505982
-64.6894430992
-64.2190571631
-63.439523696
-62.5004861592
-61.4970474319
-60.4884159477
-59.510289859
-58.5830712104
-57.7173043143
-69.6172375611
-70.0
-70.0
-70.0
-70.0
-70.0
-70.0
-70.0
-70.0
-70.0
-70.0
-70.0
-70.0
-70.0
-69.609197874
-68.6977433359
-67.5042791685
-66.1813913624
-65.6449456334
-64.7782466749
-63.7422857439
-62.6392996605
-61.5328646885
-60.461241549
-59.4462262803
-58.4990095764
-57.6240459016
-56.8215994999
-56.0894116756
-55.4237852585
-57.3602633634
-70.0
-70.0
-70.0
-70.0
-70.0
-70.0
-70.0
-70.0
-70.0
-70.0
-70.0
-70.0
-69.4404785444
-68.4334163862
-67.1913985451
-65.849807889
-65.3131932323
-63.6374513305
-62.1540911451
-61.6556053291
-60.9446603285
-60.9499379838
-60.5647733109
-59.1381820634
-57.1342879129
-55.6708084921
-55.4003605565
-55.0347464433
-54.6242197606
-54.200429759
-57.1427782951
-70.0
-70.0
-70.0
-70.0
-70.0
-70.0
-70.0
-70.0
-70.0
-70.0
-70.0
-70.0
-69.4261623517
-68.4109876843
-67.1648499611
-65.8216723284
-64.4650433379
-63.965564499
-63.1770250456
-62.2413338721
-61.2485413723
-60.25458116
-59.2930523273
-58.3830332834
-56.7142540809
-55.4658447568
-54.5112710037
0
-70.0
-70.0
-70.0
-70.0
-70.0
-70.0
-70.0
-70.0
-70.0
-70.0
-70.0
-70.0
-70.0
-69.9560715308
-69.2411787315
-68.1475370943
-66.8631008754
-65.5070024483
-64.1531099771
-62.8456708284
-61.6096849783
-61.2777706356
-60.6793630088
-59.9410063324
-59.1432921155
-59.1565538482
-58.0159590929
-57.0410702699
-56.1981013005
-55.4623832088
-70.0
-70.0
-70.0
-70.0
-70.0
-70.0
-70.0
-70.0
-70.0
-70.0
-69.332253558
-68.2638639075
-66.9907013203
-65.6371137239
-64.2803907087
-62.1470105426
-60.4387487581
-59.0425000622
-57.8800008426
-56.8965012827
-56.8731848374
-57.4267554756
-57.4880060093
-57.2518227959
-56.025052108
-55.0648212917
-54.2965220922
0
-70.0
-70.0
-70.0
-70.0
-70.0
-70.0
-70.0
-70.0
-70.0
-70.0
-70.0
-70.0
-69.7131135217
-68.8605445173
-66.8769849641
-65.1009497334
-63.5086302705
-62.8996175838
-61.2608893856
-59.0589561538
-56.5924976763
-54.0495393339
0
-70.0
-70.0
-70.0
-70.0
-67.2241051457
-64.9610980616
-70.0
-70.0
-70.0
-70.0
-70.0
-70.0
-70.0
-70.0
-70.0
-70.0
-70.0
-70.0
-70.0
-68.8538892857
-67.5144265476
-66.1036013532
-64.6969861914
-63.3397842213
-62.0574702318
-60.0428328304
-58.4759559619
-57.2299646421
-57.0380376954
-56.6649469376
-56.1955942517
-56.5041294984
-56.4491129964
-56.1777993287
-55.7857511505
-70.0
-70.0
-70.0
-70.0
-70.0
-70.0
-70.0
-70.0
-70.0
-70.0
-70.0
-70.0
-69.6092053437
-68.6977550384
-67.5042930206
-66.1814060426
-64.824960321
-63.4935942107
-62.2216547375
-60.207769229
-58.6358456163
-57.3814965948
-56.359503962
-55.5109915836
0
-70.0
-70.0
-70.0
-70.0
-70.0
-70.0
-70.0
-70.0
-70.0
-70.0
-70.0
-70.0
-70.0
-70.0
-70.0
-69.9476187446
-68.4079360331
-66.0271952052
-64.0411775349
-62.3581943482
-60.9131312913
-59.6589890808
-58.5612041184
-57.593826337
-56.7369387903
-55.9749083026
-55.2951930666
-54.6875241561
-54.1433386712
0
-70.0
-70.0
-70.0
-70.0
-70.0
-70.0
-70.0
-70.0
-70.0
-70.0
-70.0
-70.0
-70.0
-70.0
-70.0
-70.0
-68.7889452198
-67.4126808444
-65.163166191
-63.2846851926
-61.6914404205
-60.3224455432
-59.1336337654
-58.0925589065
-57.1748286943
-56.3616962772
-54.818426951
0
-70.0
-70.0
-70.0
-70.0
-68.6765097658
-70.0
-70.0
-70.0
-70.0
-70.0
-70.0
-70.0
-70.0
-70.0
-70.0
-70.0
-70.0
-70.0
-69.7042059101
-68.8465892591
-67.6804662932
-66.3681103039
-65.0117597002
-63.6742240146
-62.3925618028
-60.3671457489
-58.7829912583
-57.5163988554
-57.3025634517
-56.9075100945
-57.2368944103
-57.1699618528
-56.8674702566
-56.4337262902
-56.7556890341
-63.5003139082
-70.0
-70.0
-70.0
-70.0
-70.0
-70.0
-70.0
-70.0
-70.0
-70.0
-70.0
-69.5026538631
-68.5308243855
-67.3066992194
-65.9720008124
-64.6154484078
-63.2910020182
-62.0299674504
-60.8490144614
-60.5754755193
-60.0355029701
-59.3536693415
-59.429446853
-59.1372651315
-57.8140472608
-56.7363149631
-55.841798419
-55.0870285452
-56.9812656693
-60.4017657546
-70.0
-70.0
-70.0
-70.0
-70.0
-70.0
-70.0
-70.0
-70.0
-69.7519421455
-68.9213760279
-67.7689904898
-66.4619261506
-64.285623342
-62.4803208789
-60.9577953716
-59.6556868883
-58.5292322353
-56.725718369
-55.3960861036
-54.3951038742
0
-70.0
-70.0
-70.0
-70.0
-67.8956407248
-66.0131704689
-70.0
-70.0
-70.0
-70.0
-70.0
-70.0
-70.0
-70.0
-70.0
-70.0
-70.0
-70.0
-70.0
-69.4437245233
-68.4385017531
-67.1974180326
-65.0361871992
-63.2149091258
-61.6583119776
-60.3124099561
-59.1377884113
-58.1050892041
-57.1919667063
-56.3810276507
-55.6584299623
-55.0129236839
-54.4351891274
0
-70.0
-70.0
-70.0
-70.0
-70.0
-70.0
-70.0
-70.0
-70.0
-70.0
-70.0
-70.0
-70.0
-69.9949428254
-69.3020770931
-68.2196217507
-66.9394944868
-65.583434979
-64.2270181083
-62.9156007156
-61.6748969228
-60.517978083
-60.2698941764
-59.7553806932
-59.9181599135
-59.6618887819
-59.1627298102
-58.5344767669
-58.6697090486
-57.6185247827
-56.7105300638
-70.0
-70.0
-70.0
-70.0
-70.0
-70.0
-70.0
-70.0
-70.0
-70.0
-70.0
-69.8496049833
-69.0743811405
-67.9501007968
-66.653862564
-65.2976575389
-63.9506792725
-62.6541363369
-61.4310726977
-60.2928654242
-59.2435122127
-58.2824498786
-58.2263974823
-57.8952194617
-57.410005334
-57.6685433462
-57.5447147087
-57.1955937025
-69.4228899349
-70.0
-70.0
-70.0
-70.0
-70.0
-70.0
-70.0
-70.0
-70.0
-70.0
-70.0
-69.7614348658
-68.9362479564
-67.7865942122
-66.4805821586
-65.1242888545
-63.7830365769
-62.4955173244
-61.2831551954
-60.1562994116
-58.2983092942
-56.8835715806
-55.7819432331
-54.9049014502
-54.1918463321
0
-70.0
-70.0
-70.0
-70.0
-70.0
-70.0
-70.0
-70.0
-70.0
-70.0
-70.0
-70.0
-70.0
-70.0
-70.0
-69.9789146415
-68.4569662716
-66.0852317073
-63.2826832452
-60.3150647264
-58.1673247909
-56.5831033366
-55.3898003528
-54.4708252174
-54.5670792956
-54.4492624326
-54.2069302338
0
-70.0
-70.0
-70.0
-70.0
-70.0
-70.0
-70.0
-70.0
-70.0
-70.0
-70.0
-70.0
-70.0
-70.0
-70.0
-70.0
-69.0335854017
-67.7959504627
-66.4368378172
-65.0501423026
-63.6931202505
-61.5791363442
-59.9014414556
-58.5414431406
-57.4173960469
-56.4723879225
-56.4863034504
-56.2551093188
-55.8845558625
-56.2627385934
-56.2575569454
-56.0225293918
-55.6574285466
-55.2264537546
-70.0
-70.0
-70.0
-70.0
-70.0
-70.0
-70.0
-70.0
-70.0
-70.0
-70.0
-70.0
-70.0
-69.3250097556
-68.2525152837
-67.7972680912
-66.9075441726
-65.7867916823
-64.5647804655
-63.3227477198
-62.1101031484
-61.7755129673
-61.1589084264
-60.3936487543
-59.5647046593
-58.7251813802
-57.9072947002
-57.9496528688
-56.8667460076
-60.2247770237
-70.0
-70.0
-70.0
-70.0
-70.0
-70.0
-70.0
-70.0
-70.0
-70.0
-70.0
-69.3696979629
-68.3225268085
-67.060139889
-65.7107030743
-64.3540175496
-63.0382056499
-62.6107783217
-61.9106293141
-61.070185599
-60.17357985
-60.0931637389
-59.6851419477
-59.0941574747
-58.413094875
-57.7006874861
-56.9932201365
-56.3122990555
-55.6700031051
-62.6922622936
-70.0
-70.0
-70.0
-70.0
-70.0
-70.0
-70.0
-70.0
-70.0
-70.0
-70.0
-69.4494757706
-68.4475120406
-67.2080834012
-65.8674901042
-64.5108844559
-63.189891585
-61.9342994764
-59.9398008953
-58.3884417168
-57.9746781524
-57.4372640754
-56.0235734934
-54.9512400277
-54.1194652807
-54.2797515898
-54.2099316556
-54.8243753066
-55.0088956536
-65.0893113397
-70.0
-70.0
-70.0
-70.0
-70.0
-70.0
-70.0
-70.0
-70.0
-69.9822612608
-69.2822093086
-68.1961044937
-66.914571455
-65.5584992499
-64.2029059518
-62.0727864413
-60.3689551869
-59.7976912614
-59.105009864
-58.3625673635
-57.6150162844
-56.0693184274
-54.9162557657
-54.0372096431
-54.1718749814
-54.0902783517
-54.7016444289
-70.0
-70.0
-70.0
-70.0
-70.0
-70.0
-70.0
-70.0
-70.0
-70.0
-70.0
-70.0
-70.0
-69.7283972835
-68.8844890775
-67.7253278513
-66.4156535205
-65.059327138
-63.720220404
-62.43608235
-61.227730106
-60.1051277561
-59.0713954209
-58.1254428391
-57.2636898621
-56.4811817471
-55.7723041532
-54.3112341251
0
-70.0
-70.0
-70.0
-70.0
-70.0
-70.0
-70.0
-70.0
-70.0
-70.0
-70.0
-70.0
-70.0
-70.0
-69.9496669061
-69.2311448196
-68.1356600737
-66.8505138904
-65.4944090507
-64.1409325119
-62.8341488382
-60.7789403394
-59.1631838954
-57.8649572325
-57.6205226604
-57.1965111618
-56.6788872239
-56.1223499537
-55.5610159264
-55.0155149792
-54.4976972449
0
-70.0
-70.0
-70.0
-70.0
-70.0
-70.0
-70.0
-70.0
-70.0
-70.0
-70.0
-70.0
-70.0
-69.9236477456
-68.3703814681
-65.9827423193
-63.9940674194
-61.4910602321
-59.5828872454
-58.9152205452
-58.1941131735
-57.4649783114
-55.9353314504
-54.7963656188
0
-70.0
-70.0
-70.0
-70.0
-67.8882610536
-70.0
-70.0
-70.0
-70.0
-70.0
-70.0
-70.0
-70.0
-70.0
-70.0
-70.0
-70.0
-70.0
-69.7547298672
-68.9257434586
-67.7741601649
-66.4674048498
-65.1111048324
-63.7702879942
-63.3034549582
-63.3765733046
-62.1312252023
-60.9563088342
-59.8628153855
-59.6746254701
-59.2158906719
-58.6101201039
-57.9363204263
-57.2441632722
-56.5640635373
-55.0938682451
-56.5586221283
-70.0
-70.0
-70.0
-70.0
-70.0
-70.0
-70.0
-70.0
-70.0
-70.0
-70.0
-70.0
-69.3887048936
-68.3523043333
-67.915387186
-66.2127239915
-64.6273686083
-63.1652430915
-62.6457930117
-61.8892631968
-61.0157032012
-60.1010437639
-59.1922133093
-58.317174593
-58.3115788767
-58.0078354844
-57.5353282662
-56.9773129931
-56.3865933961
-60.8759418578
-70.0
-70.0
-70.0
-70.0
-70.0
-70.0
-70.0
-70.0
-70.0
-70.0
-70.0
-70.0
-69.3234540207
-68.2500779658
-66.1543830673
-64.3351533593
-61.9224437559
-60.0540698686
-58.5745765406
-57.3777279925
-57.2103612639
-56.8462625179
-56.3762611864
-55.8583850146
-55.3290464777
-54.8104751396
-54.3156498321
0
-70.0
-70.0
-70.0
-70.0
-70.0
-70.0
-70.0
-70.0
-70.0
-70.0
-70.0
-70.0
-70.0
-70.0
-69.5871478327
-68.6631982713
-67.463388592
-66.1380564981
-64.7815886918
-63.4516550516
-63.0019730324
-62.2754313865
-61.4069920194
-60.4823619985
-60.374838586
-59.9411632523
-58.5062526104
-57.3384311382
-55.5497905503
-54.2682798458
0
-70.0
-70.0
-70.0
-70.0
-70.0
-70.0
-70.0
-70.0
-70.0
-70.0
-70.0
-70.0
-70.0
-68.6290085902
-67.162113458
-65.6865725967
-63.4350289934
-61.6129351983
-60.109247748
-58.0267270195
-56.4863236818
-55.3225375564
-54.4235146293
0
-70.0
-70.0
-70.0
-70.0
-68.8859214994
-70.0
-70.0
-70.0
-70.0
-70.0
-70.0
-70.0
-70.0
-70.0
-70.0
-70.0
-70.0
-70.0
-69.6105275313
-68.6998264656
-66.6867449441
-64.8993378663
-63.3069156908
-61.8845651958
-60.6116693923
-59.4708762638
-57.6273711778
-56.243689087
-55.1820235297
-54.3489567442
0
-70.0
-70.0
-70.0
-70.0
-70.0
-70.0
-70.0
-70.0
-70.0
-70.0
-70.0
-70.0
-70.0
-70.0
-70.0
-70.0
-70.0
-69.4908215215
-68.5122870503
-67.2847567993
-65.9487467554
-64.5921825038
-63.2685045361
-62.0086809376
-60.8291640806
-59.737148497
-58.734034197
-57.8176978104
-56.9839727181
-56.2276052388
-54.7228645766
0
-70.0
-70.0
-70.0
-70.0
-70.0
-70.0
-70.0
-70.0
-70.0
-70.0
-70.0
-70.0
-70.0
-70.0
-69.9371119801
-69.2114754354
-68.1123776608
-66.8258397407
-65.4697223306
-64.1170611401
-61.9915623879
-60.2932110569
-58.9077598898
-56.9362305265
-55.498771891
-54.42967098
0
-70.0
-70.0
-70.0
-70.0
-70.0
-70.0
-70.0
-70.0
-70.0
-70.0
-70.0
-70.0
-70.0
-70.0
-70.0
-70.0
-70.0
-69.857527417
-69.0867929534
-67.96479251
-66.6694324937
-66.1332354008
-65.2504092984
-64.1890333269
-63.0559066332
-61.9175003958
-59.9938733069
-59.30323461
-58.5554102382
-57.7982019405
-57.0606035638
-56.3593577524
-55.7032983404
-55.0962194153
-57.0787647462
-58.0089997866
-67.6167944557
-70.0
-70.0
-70.0
-70.0
-70.0
-70.0
-70.0
-70.0
-70.0
-69.8685177886
-69.1040112022
-68.8051735436
-67.975698497
-66.8554901858
-65.5981821929
-64.3005246574
