-70.0
-70.0
-70.0
-70.0
-70.0
-70.0
-70.0
-70.0
-70.0
-70.0
-70.0
-70.0
-70.0
-70.0
-70.0
-70.0
-70.0
-70.0
-70.0
-70.0
-70.0
-70.0
-70.0
-70.0
-70.0
-70.0
-70.0
-70.0
-70.0
-70.0
-70.0
-70.0
-70.0
-70.0
-70.0
-70.0
-70.0
-70.0
-70.0
-67.6180746969
-66.2683170251
-65.5828518545
-65.3188110237
-65.3164261577
-65.4711143662
-65.7148901458
-66.0039926087
-67.1371543328
-70.0
-70.0
-70.0
-70.0
-70.0
-70.0
-70.0
-70.0
-70.0
-70.0
-70.0
-70.0
-70.0
-70.0
-70.0
-70.0
-70.0
-70.0
-70.0
-70.0
-70.0
-70.0
-70.0
-70.0
-70.0
-70.0
-70.0
-70.0
-70.0
-70.0
-63.2438611064
-61.4532462879
-65.9459433257
-70.0
-70.0
-70.0
-70.0
-70.0
-64.8228803739
-61.8891792524
-60.3993192711
-59.8254259733
-59.8202424622
-60.4046977755
-60.1337420345
-61.6320321017
-70.0
-70.0
-70.0
-70.0
-70.0
-70.0
-70.0
-70.0
-70.0
-70.0
-70.0
-70.0
-70.0
-69.2448591675
-69.1121812285
-70.0
-70.0
-70.0
-70.0
-70.0
-70.0
-70.0
-67.2944457355
-65.7612983189
-63.9942609449
-62.8008964891
-62.3248479326
-57.0851806577
-54.3718742709
0
-70.0
-70.0
-70.0
-70.0
-70.0
-70.0
-70.0
-70.0
-70.0
-70.0
-70.0
-70.0
-70.0
-69.8461953068
-70.0
-70.0
-70.0
-70.0
-70.0
-70.0
-70.0
-70.0
-70.0
-70.0
-70.0
-70.0
-70.0
-70.0
-70.0
-70.0
-65.9762455869
-69.5743850673
-70.0
-70.0
-70.0
-70.0
-70.0
-70.0
-70.0
-70.0
-70.0
-70.0
-70.0
-69.1526075841
-70.0
-70.0
-70.0
-70.0
-70.0
-70.0
-70.0
-70.0
-70.0
-69.6049686143
-69.3811174957
-69.2674362413
-69.2236462807
-69.2232507616
-70.0
-70.0
-70.0
-70.0
-70.0
-70.0
-70.0
-70.0
-70.0
-70.0
-70.0
-70.0
-70.0
-70.0
-70.0
-70.0
-70.0
-70.0
-70.0
-70.0
-70.0
-70.0
-70.0
-70.0
-70.0
-70.0
-64.9646623753
-67.2141022163
-70.0
-70.0
-70.0
-70.0
-70.0
-70.0
-70.0
-70.0
-70.0
-69.7368637417
-69.5877531953
-70.0
-70.0
-70.0
-70.0
-70.0
-70.0
-70.0
-70.0
-70.0
-70.0
-70.0
-70.0
-70.0
-70.0
-70.0
-70.0
-70.0
-70.0
-70.0
-70.0
-70.0
-70.0
-70.0
-70.0
-70.0
-70.0
-70.0
-70.0
-70.0
-70.0
-70.0
-70.0
-70.0
-70.0
-70.0
-70.0
-70.0
-70.0
-70.0
-70.0
-70.0
-70.0
-70.0
-70.0
-70.0
-70.0
-70.0
-70.0
-70.0
-70.0
-70.0
-70.0
-70.0
-70.0
-70.0
-70.0
-70.0
-70.0
-70.0
-70.0
-70.0
-70.0
-70.0
-70.0
-70.0
-70.0
-70.0
-64.7690664548
-61.8048707792
-60.2995243479
-59.7196656775
-59.714428286
-59.0544389702
-59.9873318548
-65.3002547437
-70.0
-70.0
-70.0
-70.0
-70.0
-70.0
-70.0
-70.0
-70.0
-70.0
-70.0
-70.0
-70.0
-70.0
-70.0
-70.0
-70.0
-70.0
-70.0
-70.0
-70.0
-64.309860755
-61.0854485161
-59.4479528889
-58.8171904163
-59.5345254758
-69.9467351666
-70.0
-70.0
-70.0
-70.0
-70.0
-70.0
-70.0
-70.0
-70.0
-70.0
-70.0
-70.0
-70.0
-70.0
-70.0
-70.0
-70.0
-70.0
-70.0
-70.0
-70.0
-70.0
-70.0
-70.0
-70.0
-63.8095244112
-64.2188806987
-70.0
-70.0
-70.0
-70.0
-70.0
-70.0
-70.0
-70.0
-70.0
-63.6661393863
-57.7436183719
0
-70.0
-70.0
-70.0
-70.0
-70.0
-70.0
-70.0
-70.0
-70.0
-70.0
-70.0
-70.0
-70.0
-70.0
-70.0
-70.0
-64.4294449922
-64.0021961101
-67.3040265637
-65.6819072838
-64.8525721397
-64.5265519819
-64.5133881545
-64.6883769196
-64.9704242813
-65.3073052223
-67.0982397177
-70.0
-70.0
-70.0
-70.0
-70.0
-70.0
-70.0
-70.0
-70.0
-70.0
-70.0
-70.0
-70.0
-70.0
-70.0
-70.0
-70.0
-70.0
-69.5542763252
-69.3016995761
-62.4577623338
-60.9302668371
-66.9021661957
-70.0
-70.0
-70.0
-70.0
-70.0
-70.0
-70.0
-70.0
-70.0
-70.0
-70.0
-70.0
-70.0
-70.0
-70.0
-67.0044820182
-65.3070218285
-64.4449783205
-64.1129196049
-64.1099203888
-64.3044568461
-57.3133621206
0
-70.0
-70.0
-70.0
-70.0
-70.0
-70.0
-70.0
-70.0
-70.0
-70.0
-70.0
-70.0
-70.0
-70.0
-70.0
-70.0
-70.0
-70.0
-70.0
-70.0
-70.0
-70.0
-70.0
-70.0
-70.0
-70.0
-70.0
-70.0
-70.0
-70.0
-69.667151512
-69.4785373688
-62.3827581816
-62.2778275345
-70.0
-70.0
-70.0
-70.0
-70.0
-70.0
-70.0
-70.0
-66.12563908
-63.930167892
-58.9263240272
-56.2931402408
-55.1701252943
0
-70.0
-70.0
-70.0
-70.0
-70.0
-70.0
-70.0
-70.0
-70.0
-70.0
-65.6040169337
-63.1129598628
-61.8478936248
-61.3605907612
-65.9892995635
-70.0
-70.0
-70.0
-70.0
-68.4082348299
-67.5062345668
-67.0481599234
-66.8717098066
-66.8701160763
-60.8953000018
-57.613900357
-56.0579305583
-55.5890843271
-56.849865985
-63.316302132
-70.0
-70.0
-70.0
-70.0
-70.0
-70.0
-70.0
-64.7419250813
-61.762349294
-60.2491921785
-59.6663248366
-59.6610602702
-59.7369471313
-67.1390798771
-70.0
-70.0
-70.0
-68.6734796185
-67.9217847356
-67.5400416481
-67.4320127591
-67.4527950005
-61.4719818782
-58.8714649792
-57.6821060072
-57.3790870904
-60.6965714414
-70.0
-70.0
-70.0
-70.0
-70.0
-70.0
-70.0
-70.0
-70.0
-70.0
-70.0
-70.0
-70.0
-70.0
-70.0
-70.0
-70.0
-70.0
-70.0
-70.0
-68.419126657
-67.5232984293
-67.0683582117
-66.8931154741
-65.8915361257
-65.0942039792
-64.7793312254
-58.5975752907
-59.9423258551
-70.0
-70.0
-70.0
-70.0
-70.0
-67.6423796776
-66.3063948283
-66.6264016522
-66.9308590249
-66.7765319342
-66.7913846154
-67.4628056258
-67.9502313779
-70.0
-70.0
-70.0
-70.0
-70.0
-70.0
-70.0
-70.0
-69.20606283
-68.7561651003
-68.5276876258
-68.4396782203
-69.1801080968
-70.0
-70.0
-70.0
-70.0
-70.0
-70.0
-70.0
-70.0
-70.0
-70.0
-70.0
-70.0
-70.0
-70.0
-70.0
-70.0
-70.0
-70.0
-70.0
-70.0
-70.0
-70.0
-70.0
-70.0
-70.0
-70.0
-63.9755685147
-60.5617240064
-58.8280265012
-60.2935062608
-70.0
-70.0
-70.0
-70.0
-70.0
-70.0
-70.0
-70.0
-70.0
-70.0
-70.0
-70.0
-64.2925836663
-61.0583810772
-64.5963492347
-70.0
-70.0
-70.0
-70.0
-70.0
-70.0
-70.0
-70.0
-64.7718354392
-60.848227297
-58.7991215018
-57.9430206413
-58.0716423322
-58.4518164238
-61.3028087099
-66.987050806
-70.0
-70.0
-66.4602540505
-64.4543980125
-64.4305995582
-64.601967167
-65.4402777156
-66.0952547876
-66.6183992045
-64.1835940608
-70.0
-70.0
-70.0
-70.0
-70.0
-70.0
-70.0
-70.0
-64.4788512714
-61.9057558807
-60.965040117
-60.7017759881
-60.8537583112
-61.5468223676
-65.2206336062
-70.0
-70.0
-70.0
-70.0
-70.0
-70.0
-70.0
-70.0
-64.4704269926
-61.3370022884
-59.7457140562
-59.1327506484
0
-70.0
-70.0
-70.0
-70.0
-70.0
-70.0
-70.0
-70.0
-70.0
-70.0
-70.0
-70.0
-70.0
-70.0
-70.0
-70.0
-70.0
-70.0
-70.0
-70.0
-70.0
-70.0
-70.0
-70.0
-70.0
-70.0
-70.0
-70.0
-70.0
-70.0
-70.0
-70.0
-70.0
-70.0
-70.0
-70.0
-70.0
-70.0
-70.0
-70.0
-70.0
-70.0
-70.0
-70.0
-69.2017222149
-70.0
-70.0
-70.0
-70.0
-70.0
-70.0
-70.0
-70.0
-70.0
-70.0
-69.6861254107
-69.5082631434
-69.4179370115
-70.0
-70.0
-70.0
-70.0
-70.0
-70.0
-70.0
-70.0
-70.0
-63.7976975878
-60.2830595542
-58.4981747489
-57.8106380408
-57.8044280812
-60.0178164122
-70.0
-70.0
-70.0
-70.0
-70.0
-70.0
-70.0
-70.0
-70.0
-70.0
-69.6881434464
-69.5114247327
-69.4216793467
-69.3871094702
-69.3867972287
-70.0
-70.0
-70.0
-70.0
-70.0
-70.0
-70.0
-70.0
-70.0
-70.0
-70.0
-70.0
-70.0
-63.121686575
-59.2239756342
-57.4470482978
-61.6575889646
-70.0
-70.0
-70.0
-70.0
-70.0
-70.0
-70.0
-70.0
-70.0
-64.0827258416
-60.7296038185
-59.0267438106
-58.3708030123
-58.3648784328
-66.9901825435
-70.0
-70.0
-70.0
-70.0
-70.0
-70.0
-64.8625998363
-61.9514064102
-60.4729768075
-60.8861449557
-61.4378410128
-62.0542639466
-62.6889755754
-64.118199221
-68.674412948
-70.0
-70.0
-70.0
-70.0
-68.1448744938
-67.093636707
-66.5597728113
-65.3541294003
-64.785605707
-64.6183046341
-64.6973138359
-64.9214755625
-65.2252567463
-65.5666835651
-70.0
-70.0
-70.0
-70.0
-70.0
-70.0
-64.6291241702
-59.2522945333
-56.3844536
-55.1176005867
-54.8535687592
-55.200030704
-54.989031676
-60.8471090677
-70.0
-70.0
-70.0
-70.0
-70.0
-67.5144606011
-67.1059881846
-66.9573717952
-66.9696229017
-67.0779861356
-67.240404538
-67.4298420949
-67.6291765592
-61.100933782
-59.3207109276
-69.8106433699
-70.0
-70.0
-70.0
-70.0
-70.0
-70.0
-70.0
-70.0
-70.0
-70.0
-70.0
-70.0
-64.6173921561
-62.3290994337
-67.9725939334
-70.0
-70.0
-70.0
-70.0
-70.0
-70.0
-65.5838861982
-63.0814217106
-62.3661178498
-62.1913982717
-62.3468532492
-62.6952311273
-63.1477501499
-67.9573581696
-70.0
-70.0
-70.0
-70.0
-70.0
-70.0
-70.0
-70.0
-70.0
-70.0
-70.0
-70.0
-70.0
-70.0
-70.0
-70.0
-70.0
-70.0
-70.0
-70.0
-67.6041810376
-67.2442666339
-67.1201757706
-67.1417153936
-66.2499168662
-65.8398405208
-65.7324666963
-65.1065898079
-64.894177348
-59.2271017815
-69.00073771
-70.0
-70.0
-70.0
-70.0
-70.0
-68.2012044613
-67.1818869894
-66.6642336066
-66.46483379
-66.4630327737
-66.5798510715
-66.7639470145
-66.9822730131
-67.4605117037
-69.0646433713
-70.0
-70.0
-70.0
-70.0
-70.0
-70.0
-70.0
-70.0
-70.0
-70.0
-63.4583066398
-58.7903655113
-56.3632553172
-55.3615473568
-59.2115463531
-67.0210316929
-70.0
-70.0
-70.0
-70.0
-70.0
-70.0
-70.0
-63.4261413146
-60.7008656214
-58.3790968389
-61.7554517108
-69.4386159695
-70.0
-70.0
-70.0
-70.0
-70.0
-70.0
-70.0
-70.0
-70.0
-70.0
-70.0
-70.0
-70.0
-70.0
-70.0
-70.0
-70.0
-70.0
-70.0
-70.0
-70.0
-70.0
-63.3349530443
-57.2247597693
0
-70.0
-70.0
-70.0
-70.0
-70.0
-70.0
-70.0
-70.0
-70.0
-70.0
-70.0
-70.0
-70.0
-70.0
-70.0
-66.3073733169
-70.0
-70.0
-70.0
-70.0
-70.0
-70.0
-70.0
-70.0
-70.0
-70.0
-70.0
-70.0
-70.0
-70.0
-70.0
-70.0
-70.0
-70.0
-70.0
-70.0
-70.0
-70.0
-70.0
-70.0
-70.0
-68.8897721279
-70.0
-70.0
-70.0
-70.0
-70.0
-70.0
-70.0
-70.0
-70.0
-70.0
-70.0
-70.0
-70.0
-70.0
-70.0
-69.3594030483
-69.9344653927
-70.0
-70.0
-70.0
-70.0
-70.0
-70.0
-70.0
-70.0
-70.0
-64.1036718747
-60.7624192703
-60.0540260454
-58.9682299223
0
-70.0
-70.0
-70.0
-70.0
-70.0
-70.0
-70.0
-70.0
-70.0
-70.0
-70.0
-70.0
-70.0
-64.1464205137
-65.7093858228
-70.0
-70.0
-70.0
-70.0
-70.0
-70.0
-70.0
-70.0
-70.0
-70.0
-70.0
-70.0
-63.8363767916
-64.481222641
-70.0
-70.0
-70.0
-70.0
-70.0
-70.0
-70.0
-70.0
-70.0
-70.0
-70.0
-70.0
-70.0
-70.0
-70.0
-70.0
-70.0
-70.0
-70.0
-65.6286592181
-63.1515661083
-61.8935913722
-61.4090201514
-61.4046434139
-61.6885292576
-62.1359097886
-65.9180405996
-70.0
-70.0
-70.0
-70.0
-70.0
-70.0
-70.0
-70.0
-64.3696750018
-61.9816266386
-56.9271878438
-54.3302849722
0
-70.0
-70.0
-70.0
-70.0
-70.0
-70.0
-70.0
-70.0
-70.0
-70.0
-70.0
-70.0
-70.0
-70.0
-70.0
-70.0
-70.0
-66.0560681714
-70.0
-70.0
-70.0
-70.0
-70.0
-70.0
-70.0
-70.0
-70.0
-70.0
-70.0
-63.6462534801
-60.0457971187
-58.2173300647
-57.5130054967
-68.5885019428
-70.0
-70.0
-70.0
-70.0
-70.0
-70.0
-70.0
-70.0
-70.0
-70.0
-70.0
-63.9513162586
-60.5237288051
-58.7830520395
-54.9552951727
-67.3234034342
-70.0
-70.0
-70.0
-70.0
-70.0
-70.0
-70.0
-64.421437667
-62.2579686867
-61.217955009
-60.8866816353
-60.99169489
-61.3549796798
-61.8611178977
-64.7396043503
-70.0
-70.0
-70.0
-70.0
-70.0
-70.0
-70.0
-70.0
-70.0
-70.0
-70.0
-64.100523533
-60.7574868683
-59.0597486406
-63.2420705423
-70.0
-70.0
-70.0
-70.0
-70.0
-70.0
-70.0
-70.0
-63.9690611481
-60.551529132
-58.8159589513
-58.1474182111
-58.1413798267
-65.5146882177
-70.0
-70.0
-70.0
-70.0
-68.365134004
-67.4387099396
-65.9692467955
-66.0902401064
-66.2931614227
-66.5384754985
-66.8010480939
-67.0652233814
-68.1142817789
-70.0
-70.0
-70.0
-70.0
-70.0
-70.0
-70.0
-70.0
-70.0
-70.0
-70.0
-70.0
-70.0
-70.0
-70.0
-70.0
-70.0
-70.0
-70.0
-70.0
-70.0
-70.0
-70.0
-70.0
-70.0
-70.0
-70.0
-70.0
-70.0
-70.0
-69.7108693872
-68.9746993593
-68.5671740307
-68.3704196991
-68.3066864435
-67.5224211396
-67.1344479193
-66.9971823898
-67.0149169924
-67.1250605209
-68.6965461937
-67.8773338746
-69.3417070428
-70.0
-70.0
-70.0
-70.0
-70.0
-70.0
-70.0
-69.8577700217
-70.0
-70.0
-70.0
-70.0
-70.0
-70.0
-70.0
-69.5450104727
-69.2871830739
-69.1562471988
-63.1914458611
-59.5061835298
-57.6448200134
-56.9398412364
-56.9521925957
-59.4634493599
-70.0
-70.0
-70.0
-70.0
-70.0
-70.0
-70.0
-70.0
-70.0
-70.0
-70.0
-70.0
-70.0
-70.0
-70.0
-70.0
-70.0
-70.0
-70.0
-70.0
-70.0
-70.0
-70.0
-70.0
-70.0
-70.0
-70.0
-69.5875570752
-70.0
-70.0
-70.0
-70.0
-70.0
-70.0
-70.0
-64.6279271222
-61.5837524914
-61.0326510655
-61.3342351744
-56.52009385
-54.0809392604
-54.1438981428
-61.1409575978
-70.0
-70.0
-70.0
-70.0
-70.0
-70.0
-70.0
-70.0
-70.0
-70.0
-70.0
-70.0
-70.0
-70.0
-70.0
-70.0
-70.0
-70.0
-70.0
-69.5679395454
-69.3231052879
-69.1987678904
-69.1508731889
-70.0
-70.0
-70.0
-70.0
-70.0
-70.0
-70.0
-70.0
-70.0
-70.0
-70.0
-64.5156205935
-61.4078055965
-59.8295230785
-59.221569465
-59.2160783148
-58.5725484094
-67.2967750206
-70.0
-70.0
-70.0
-70.0
-70.0
-70.0
-70.0
-70.0
-70.0
-70.0
-70.0
-69.5253728541
-70.0
-70.0
-70.0
-70.0
-70.0
-70.0
-70.0
-70.0
-68.0302651241
-65.9314235576
-64.8077378325
-64.306601803
-64.1957001252
-64.322635781
-64.5880426485
-64.9276853474
-65.615548118
-70.0
-70.0
-70.0
-70.0
-70.0
-70.0
-70.0
-65.3932800255
-63.7825046446
-62.0243042204
-61.2352404919
-56.1403806582
0
-70.0
-70.0
-70.0
-70.0
-70.0
-70.0
-70.0
-70.0
-70.0
-70.0
-70.0
-70.0
-70.0
-70.0
-70.0
-70.0
-70.0
-70.0
-70.0
-68.3018403052
-67.3395498115
-66.8508571882
-66.6626130413
-67.4633819209
-68.0283971847
-68.4331264368
-68.7281931068
-70.0
-70.0
-70.0
-70.0
-70.0
-70.0
-70.0
-70.0
-70.0
-64.5174788327
-62.393375308
-61.3724673496
-61.0475069963
-61.1509472177
-61.5079797766
-62.9191049019
-70.0
-70.0
-70.0
-70.0
-70.0
-70.0
-70.0
-70.0
-70.0
-70.0
-70.0
-70.0
-70.0
-70.0
-69.9464420262
-69.9160925077
-70.0
-70.0
-70.0
-70.0
-70.0
-70.0
-70.0
-70.0
-65.4780099282
-62.0033403827
-60.185093976
-60.4178841787
-60.876962161
-61.4565102117
-62.0890220351
-63.4487680857
-70.0
-70.0
-70.0
-70.0
-70.0
-70.0
-70.0
-70.0
-70.0
-70.0
-70.0
-63.3587858892
-59.5954312264
-56.9950460668
-65.8964622267
-70.0
-70.0
-70.0
-70.0
-70.0
-70.0
-70.0
-70.0
-70.0
-70.0
-70.0
-70.0
-70.0
-70.0
-70.0
-70.0
-70.0
-70.0
-70.0
-70.0
-70.0
-70.0
-70.0
-70.0
-70.0
-70.0
-64.3360360139
-61.1264564217
-59.4964934524
-58.8686325557
-58.8629615992
-62.0493283037
-70.0
-70.0
-70.0
-70.0
-70.0
-70.0
-70.0
-70.0
-70.0
-70.0
-70.0
-70.0
-70.0
-70.0
-70.0
-70.0
-70.0
-70.0
-70.0
-70.0
-70.0
-63.4943845006
-59.8078690509
-57.9356974794
-57.2145379538
-62.2879882665
-70.0
-70.0
-70.0
-70.0
-70.0
-70.0
-70.0
-70.0
-70.0
-70.0
-63.4262751044
-60.2201538858
-63.8545091472
-70.0
-70.0
-70.0
-70.0
-70.0
-70.0
-70.0
-70.0
-70.0
-70.0
-70.0
-70.0
-70.0
-70.0
-70.0
-70.0
-70.0
-64.7557458774
-61.7840018745
-60.274822077
-59.6934867959
-59.6882360674
-64.5715751268
-70.0
-70.0
-70.0
-69.5227352309
-68.2523445983
-63.3261431766
-60.5928842177
-59.2664993684
0
-70.0
-70.0
-70.0
-70.0
-70.0
-70.0
-70.0
-70.0
-70.0
-70.0
-70.0
-70.0
-70.0
-70.0
-70.0
-70.0
-70.0
-70.0
-70.0
-70.0
-70.0
-70.0
-70.0
-70.0
-70.0
-70.0
-70.0
-63.3090735604
-58.6053400731
-62.2326461131
-70.0
-70.0
-70.0
-70.0
-70.0
-70.0
-65.6897064563
-63.2472067815
-61.0241416138
-55.0635718669
0
-70.0
-70.0
-70.0
-70.0
-70.0
-70.0
-70.0
-70.0
-65.7965464853
-62.8590339381
-61.3345586118
-60.7087214623
-60.6429284572
-60.9153550389
-63.3110251927
-70.0
-70.0
-70.0
-70.0
-70.0
-70.0
-70.0
-70.0
-70.0
-70.0
-70.0
-70.0
-63.4532696477
-59.7434557814
-60.1978928442
-66.6211301368
-70.0
-70.0
-70.0
-70.0
-70.0
-70.0
-70.0
-70.0
-70.0
-70.0
-70.0
-70.0
-70.0
-70.0
-70.0
-70.0
-70.0
-70.0
-70.0
-70.0
-69.2073333199
-68.7581555346
-68.5300436789
-68.4421751095
-70.0
-70.0
-70.0
-70.0
-70.0
-70.0
-70.0
-70.0
-70.0
-70.0
-70.0
-70.0
-69.7685014338
-70.0
-70.0
-70.0
-70.0
-70.0
-70.0
-70.0
-70.0
-70.0
-70.0
-70.0
-70.0
-70.0
-70.0
-70.0
-63.5011339468
-63.7447875126
-70.0
-70.0
-70.0
-70.0
-70.0
-70.0
-66.9173024564
-65.8741442187
-64.3858042036
-63.6799400544
-62.9115346741
-62.6867736235
-62.7956912057
-63.1011853815
-67.907762222
-70.0
-70.0
-70.0
-70.0
-70.0
-70.0
-70.0
-70.0
-70.0
-70.0
-70.0
-70.0
-63.477974479
-59.782160017
-59.3325306903
-64.2514613591
-70.0
-70.0
-70.0
-70.0
-70.0
-70.0
-70.0
-64.2587318953
-61.005346636
-59.3531372593
-58.7167070579
-58.7109587018
-59.0838110647
-65.7231832239
-70.0
-70.0
-70.0
-70.0
-67.3592086193
-66.8627523476
-66.6694535063
-66.664492418
-66.7726993511
-59.8676875383
-56.0624241994
-54.243852056
-54.1478737887
-56.8993036926
-60.3931824582
-70.0
-70.0
-70.0
-70.0
-70.0
-70.0
-70.0
-70.0
-70.0
-70.0
-70.0
-70.0
-70.0
-70.0
-70.0
-70.0
-70.0
-70.0
-70.0
-70.0
-63.8318053136
-60.3364949913
-58.5614256316
-57.877669828
-57.8714940183
0
-70.0
-70.0
-70.0
-70.0
-70.0
-70.0
-70.0
-70.0
-70.0
-70.0
-65.4752964713
-62.911297805
-61.6091886784
-56.1816909872
0
-70.0
-70.0
-70.0
-70.0
-70.0
-70.0
-70.0
-70.0
-70.0
-70.0
-70.0
-70.0
-70.0
-70.0
-70.0
-70.0
-70.0
-70.0
-70.0
-70.0
-70.0
-70.0
-70.0
-70.0
-69.8923497949
-69.831348012
-70.0
-70.0
-70.0
-70.0
-70.0
-70.0
-70.0
-70.0
-70.0
-70.0
-70.0
-69.3638744923
-69.0034033713
-68.8203405863
-70.0
-70.0
-70.0
-70.0
-70.0
-70.0
-70.0
-70.0
-67.0182254873
-65.3285532635
-64.4704648204
-64.8436332976
-64.2784317162
-64.1300297103
-63.6810986274
-64.6052495256
-66.2614699048
-70.0
-70.0
-70.0
-70.0
-70.0
-70.0
-70.0
-70.0
-70.0
-70.0
-70.0
-70.0
-70.0
-70.0
-69.2088133873
-70.0
-70.0
-70.0
-70.0
-70.0
-70.0
-70.0
-70.0
-70.0
-70.0
-70.0
-70.0
-70.0
-70.0
-70.0
-70.0
-69.7992647658
-70.0
-70.0
-70.0
-70.0
-65.5605161509
-63.0448086364
-62.6794323446
-62.7042254914
-62.9622938631
-64.1767691907
-70.0
-70.0
-70.0
-70.0
-70.0
-70.0
-70.0
-70.0
-70.0
-70.0
-70.0
-70.0
-70.0
-69.0350502741
-70.0
-70.0
-70.0
-70.0
-70.0
-70.0
-70.0
-69.3496873077
-68.9811767821
-68.7940312407
-68.7219428745
-67.9188226231
-67.7398668518
-70.0
-70.0
-70.0
-70.0
-70.0
-70.0
-70.0
-70.0
-70.0
-70.0
-70.0
