-70.0
-63.329371875
-57.3258065625
-54.1461404896
0
-70.0
-70.0
-70.0
-70.0
-70.0
-70.0
-70.0
-70.0
-66.0460291409
-63.8054456541
-58.9632439014
-56.4258147197
-55.3558300533
-55.5435402062
-57.4866388404
-61.7888047654
-63.9603572959
-68.5190358159
-70.0
-70.0
-67.0632569464
-65.3991025494
-64.5539731595
-64.2284297536
-64.2254893849
-64.4162088509
-64.7167669021
-65.0732095028
-59.8801734069
-59.6596658379
-62.0972761183
-65.3671593175
-67.794467774
-63.5402706788
-61.2030767323
-60.0939911401
-59.75874008
-59.8989647747
-60.3198007656
-54.818472603
0
-70.0
-70.0
-70.0
-70.0
-70.0
-70.0
-70.0
-66.4248178409
-64.3988812841
-63.3700233072
-62.9737077442
-62.9701281482
-63.2023094523
-64.4112789258
-70.0
-70.0
-70.0
-70.0
-70.0
-70.0
-70.0
-70.0
-70.0
-70.0
-63.7586970628
-60.2219587317
-58.9291564583
-56.8789326719
-61.3777604047
-67.7617588624
-70.0
-70.0
-70.0
-70.0
-70.0
-70.0
-70.0
-70.0
-70.0
-64.7196613421
-65.9703663195
-70.0
-70.0
-70.0
-70.0
-70.0
-70.0
-70.0
-70.0
-70.0
-70.0
-70.0
-70.0
-70.0
-70.0
-70.0
-70.0
-70.0
-70.0
-70.0
-70.0
-70.0
-64.3007010327
-61.0710982846
-55.7434736373
0
-70.0
-70.0
-70.0
-70.0
-70.0
-70.0
-70.0
-70.0
-70.0
-70.0
-70.0
-70.0
-70.0
-70.0
-70.0
-70.0
-70.0
-70.0
-70.0
-70.0
-70.0
-70.0
-70.0
-70.0
-64.2615513136
-61.0097637246
-59.3583657138
-58.7222480501
-58.886008797
-61.5853878042
-69.0530043826
-70.0
-70.0
-70.0
-70.0
-70.0
-70.0
-70.0
-63.9864263696
-60.5787346456
-58.8481617898
-58.8787392244
-63.0150959731
-70.0
-70.0
-70.0
-70.0
-70.0
-70.0
-70.0
-70.0
-70.0
-64.0740462635
-66.4208639002
-70.0
-70.0
-70.0
-70.0
-70.0
-66.3934627433
-62.1446999645
-59.8572856318
-58.8229275111
-58.5748817216
-58.8068915239
-59.3192010211
-60.1550979815
-64.0859277821
-70.0
-70.0
-70.0
-70.0
-70.0
-70.0
-70.0
-70.0
-70.0
-70.0
-70.0
-70.0
-70.0
-70.0
-70.0
-70.0
-70.0
-70.0
-70.0
-65.0659657007
-62.270012931
-60.8501075049
-60.3031606657
-60.29822054
-54.8746082696
0
-70.0
-70.0
-70.0
-70.0
-70.0
-70.0
-70.0
-66.4542426496
-64.444980151
-63.4245899801
-58.3820009107
-55.7437141054
-54.635951552
-55.719210885
-60.4713996337
-67.2713437061
-70.0
-70.0
-68.0207708063
-64.6978680132
-62.8808640702
-62.0279662354
-57.1346895397
-54.6275672042
0
-70.0
-70.0
-70.0
-70.0
-70.0
-70.0
-70.0
-70.0
-70.0
-70.0
-70.0
-70.0
-70.0
-70.0
-70.0
-70.0
-70.0
-70.0
-64.5532220979
-61.4667146201
-59.8992529794
-54.6510121225
0
-70.0
-70.0
-70.0
-70.0
-70.0
-70.0
-70.0
-70.0
-70.0
-70.0
-70.0
-70.0
-64.5018866456
-61.386289078
-59.8040542349
-54.5598206647
0
-70.0
-70.0
-70.0
-70.0
-70.0
-70.0
-70.0
-70.0
-70.0
-70.0
-70.0
-70.0
-70.0
-70.0
-70.0
-70.0
-70.0
-70.0
-70.0
-70.0
-70.0
-70.0
-70.0
-70.0
-70.0
-70.0
-63.6850287203
-60.2798387347
-64.3017234676
-70.0
-70.0
-70.0
-70.0
-70.0
-70.0
-70.0
-70.0
-70.0
-70.0
-63.850017669
-60.3650276814
-58.5951994328
-58.7994685084
-57.5480834308
-63.4495263374
-70.0
-70.0
-70.0
-70.0
-70.0
-70.0
-70.0
-70.0
-70.0
-63.7237980779
-60.1672836553
-59.5817986903
-60.8201848457
-58.5478144744
-60.2086152083
-62.75150625
-64.6898767779
-66.2084157529
-67.5984423795
-68.5125102761
-69.1105340048
-69.4989971086
-63.3595587761
-59.8972438173
-58.6906937531
-61.4961071118
-64.8548273397
-70.0
-70.0
-70.0
-70.0
-65.9637194205
-63.6764937588
-58.8739332226
-56.3632657935
-55.3114231429
-55.1699367811
-55.5793804047
-56.3057338986
-57.5626347573
-65.9559618855
-70.0
-70.0
-70.0
-70.0
-70.0
-70.0
-70.0
-70.0
-70.0
-64.0834432771
-58.5461225925
-55.6055260953
-54.4993459863
-55.0241223666
-62.7531522002
-69.9251083854
-70.0
-70.0
-70.0
-70.0
-70.0
-70.0
-70.0
-70.0
-70.0
-70.0
-70.0
-70.0
-70.0
-70.0
-70.0
-70.0
-70.0
-70.0
-70.0
-70.0
-70.0
-70.0
-70.0
-70.0
-70.0
-70.0
-70.0
-70.0
-70.0
-70.0
-70.0
-66.2555882668
-64.1337549514
-63.0561964637
-62.641121489
-62.6373724545
-62.880543952
-63.2637620521
-63.7182341771
-68.3891285248
-70.0
-70.0
-70.0
-70.0
-70.0
-70.0
-70.0
-65.0687983511
-62.2744507501
-60.8553604978
-60.3087276631
-55.0509803813
0
-70.0
-70.0
-70.0
-70.0
-70.0
-70.0
-70.0
-70.0
-70.0
-70.0
-70.0
-70.0
-64.1188195509
-60.7861506297
-59.0936775893
-59.8526245209
-65.2580388012
-70.0
-70.0
-70.0
-70.0
-70.0
-70.0
-70.0
-64.5803048241
-61.5091442244
-59.9494763904
-59.3486931437
-59.5165266843
-60.6688402449
-67.881759303
-70.0
-70.0
-70.0
-70.0
-70.0
-70.0
-66.1579402294
-63.9807730261
-59.248578881
-56.7676430979
-55.7201601914
-55.5676651078
0
-70.0
-70.0
-70.0
-70.0
-70.0
-70.0
-70.0
-70.0
-67.2047263865
-63.4487765471
-61.4135807586
-60.4786772602
-60.2351125858
-60.4144700283
-60.8416021596
-61.5832624829
-68.5489039752
-70.0
-70.0
-70.0
-70.0
-70.0
-67.9223102304
-66.7449526942
-66.1470397494
-65.9167239909
-65.914643736
-60.391748598
-57.3982865619
-56.0222664549
-55.6625788422
-57.0006697717
-61.0968429887
-67.738870654
-70.0
-70.0
-70.0
-70.0
-70.0
-65.4204781223
-62.8254157249
-61.5075310956
-60.9998826149
-60.9952974393
-61.292703086
-61.7613897044
-64.6443653427
-70.0
-70.0
-70.0
-70.0
-68.5636501932
-67.7497186361
-67.3363690806
-67.1771470446
-67.1757089215
-67.2689890836
-67.4159908781
-67.5903255922
-67.7752489009
-68.1401825208
-69.8628487771
-70.0
-70.0
-70.0
-70.0
-70.0
-70.0
-70.0
-70.0
-70.0
-63.9731794291
-60.5579811056
-59.0012537659
-59.1450211309
-60.8363422347
-66.464217405
-70.0
-70.0
-70.0
-70.0
-70.0
-70.0
-64.4092843493
-59.0706069388
-56.2317135946
-54.9873204683
-54.7411072435
-55.1020090672
-58.6839889085
-66.3761344077
-70.0
-70.0
-70.0
-70.0
-70.0
-64.8557148926
-61.9406199984
-60.4602090619
-59.8899555313
-59.8848048953
-60.2188876838
-60.7453744341
-61.5535040031
-70.0
-70.0
-70.0
-70.0
-70.0
-70.0
-70.0
-70.0
-70.0
-70.0
-70.0
-70.0
-70.0
-70.0
-63.8219719426
-61.2296798424
-64.9607771948
-70.0
-70.0
-70.0
-70.0
-70.0
-70.0
-65.4111617198
-60.6431460693
-58.09423181
-56.9617421942
-56.7168570182
-57.0126973453
0
-70.0
-70.0
-70.0
-70.0
-70.0
-69.5742994487
-69.3330691363
-69.2105619776
-69.1633722832
-69.1629460571
-69.1905921195
-69.2341600197
-69.2858287591
-69.3406357108
-66.1487326066
-70.0
-70.0
-70.0
-70.0
-69.2608547233
-68.8420057331
-65.0259489257
-62.9021165438
-58.2610660076
-55.8677334856
-54.9028095229
-54.8270948278
-55.2874295165
-56.0540493459
-60.3829819504
-70.0
-70.0
-70.0
-70.0
-70.0
-70.0
-70.0
-70.0
-70.0
-70.0
-70.0
-70.0
-70.0
-70.0
-70.0
-70.0
-70.0
-70.0
-70.0
-70.0
-65.7235920332
-63.3002941854
-62.0696390039
-61.5955912615
-61.591309574
-61.8690302424
-62.3066949686
-63.5584650953
-65.972706132
-70.0
-70.0
-70.0
-70.0
-70.0
-70.0
-70.0
-70.0
-70.0
-70.0
-70.0
-70.0
-70.0
-70.0
-70.0
-70.0
-70.0
-70.0
-70.0
-70.0
-70.0
-70.0
-70.0
-70.0
-64.5452613539
-61.4542427877
-59.8844902218
-59.2798223415
-59.8299418654
-62.6804771437
-68.2368371522
-70.0
-68.2624198778
-67.4230293363
-67.0052940336
-66.8544763841
-61.6658448764
-58.8304711426
-57.5015645309
-57.3000939204
-57.7802692338
-60.6836676236
-69.8420934101
-70.0
-70.0
-70.0
-70.0
-70.0
-70.0
-70.0
-70.0
-70.0
-70.0
-70.0
-70.0
-64.5491550033
-67.0871564849
-70.0
-70.0
-70.0
-70.0
-70.0
-70.0
-70.0
-70.0
-63.7977150562
-60.2830869213
-58.498207143
-59.2565792097
-66.9796923882
-70.0
-70.0
-70.0
-70.0
-70.0
-66.3835274167
-64.3341929529
-63.2934525095
-62.8925598265
-62.8889388891
-63.123801697
-63.4939259919
-63.9328697024
-66.9123894517
-70.0
-70.0
-70.0
-70.0
-66.5502435738
-64.5953815989
-63.6026183607
-63.2202064724
-63.216752457
-63.4407882992
-63.7938501946
-58.1173288065
-55.4706762884
-57.6392121435
-65.9127337978
-70.0
-70.0
-70.0
-70.0
-70.0
-70.0
-70.0
-70.0
-70.0
-70.0
-70.0
-70.0
-70.0
-70.0
-70.0
-70.0
-70.0
-70.0
-70.0
-70.0
-70.0
-70.0
-70.0
-70.0
-70.0
-70.0
-70.0
-68.5382169809
-68.5915809439
-68.6705466235
-68.7622411439
-68.8585164846
-68.9543311396
-69.0466755612
-69.1338596955
-69.2150415196
-69.4691658967
-70.0
-70.0
-70.0
-70.0
-70.0
-70.0
-70.0
-70.0
-70.0
-70.0
-70.0
-70.0
-70.0
-70.0
-70.0
-70.0
-70.0
-70.0
-70.0
-70.0
-70.0
-70.0
-70.0
-70.0
-70.0
-70.0
-70.0
-70.0
-70.0
-70.0
-70.0
-70.0
-70.0
-70.0
-70.0
-70.0
-70.0
-70.0
-70.0
-64.6573687393
-61.6298776916
-60.0923871399
-59.5001465709
-59.4947973438
-54.22741375
0
-70.0
-70.0
-70.0
-70.0
-70.0
-70.0
-70.0
-70.0
-70.0
-65.2423488224
-62.5463464885
-61.1772002051
-60.6498057616
-60.6450422368
-60.9540160474
-61.7991606241
-59.8240475224
-67.8718922793
-70.0
-70.0
-70.0
-70.0
-70.0
-70.0
-70.0
-70.0
-64.5707930555
-61.4942424536
-59.931837344
-59.3299997001
-54.1550651407
0
-70.0
-70.0
-70.0
-70.0
-70.0
-70.0
-70.0
-68.6640232335
-67.9069697325
-67.5225053075
-67.3744098089
-67.3730721828
-67.4598338677
-67.596563083
-67.9379651713
-70.0
-70.0
-70.0
-70.0
-70.0
-70.0
-66.5699464702
-64.62624947
-63.6391562875
-58.7332494509
-56.1652637005
-55.085630127
-54.9349956453
-55.3467817681
-56.2615495497
-59.4852755649
-67.6917163846
-70.0
-70.0
-70.0
-70.0
-70.0
-70.0
-70.0
-70.0
-70.0
-70.0
-70.0
-70.0
-70.0
-70.0
-70.0
-70.0
-70.0
-70.0
-70.0
-70.0
-70.0
-70.0
-70.0
-70.0
-70.0
-63.7832112515
-60.260364294
-58.471310643
-57.9599375421
-54.5442395559
-59.2581439804
-65.3535026403
-70.0
-70.0
-70.0
-70.0
-70.0
-70.0
-70.0
-70.0
-70.0
-70.0
-70.0
-70.0
-70.0
-70.0
-70.0
-70.0
-70.0
-70.0
-70.0
-70.0
-70.0
-70.0
-70.0
-70.0
-64.1298479049
-60.8034283843
-59.1141290592
-58.4634118288
-59.7481865687
-67.42388045
-70.0
-70.0
-70.0
-69.2896341921
-68.8870935676
-65.1156678101
-60.8754244703
-58.635430984
-57.6702538595
-57.5021391228
-57.8178656433
-58.4133727009
-59.1568978454
-62.1871705117
-69.2576886062
-70.0
-70.0
-70.0
-68.8382672179
-68.1799519746
-67.8456310962
-67.716850866
-67.7156876989
-62.2165602139
-59.1765317158
-57.713296893
-57.2449127696
-57.3890518699
0
-70.0
-70.0
-70.0
-70.0
-70.0
-70.0
-70.0
-70.0
-70.0
-70.0
-70.0
-70.0
-70.0
-70.0
-70.0
-70.0
-70.0
-70.0
-70.0
-70.0
-70.0
-70.0
-70.0
-70.0
-70.0
-70.0
-70.0
-70.0
-70.0
-70.0
-70.0
-64.9570381975
-62.0993598428
-60.6481075019
-60.0890858473
-60.454562108
-63.3894254969
-70.0
-70.0
-70.0
-70.0
-70.0
-70.0
-70.0
-70.0
-64.4736929872
-61.3421190133
-59.7517706618
-59.1391692956
-59.4996619683
-62.4735803195
-68.9386458721
-70.0
-70.0
-70.0
-70.0
-70.0
-70.0
-70.0
-64.2399485481
-60.975919392
-59.3183045852
-58.679792215
0
-70.0
-70.0
-70.0
-70.0
-70.0
-70.0
-70.0
-70.0
-70.0
-70.0
-64.3003559083
-61.0705575897
-59.6215983013
-63.0386481295
-70.0
-70.0
-70.0
-70.0
-67.482982936
-63.9250274331
-61.9927532169
-61.1002969132
-60.8614799006
-61.0228070297
-55.8660372601
0
-70.0
-70.0
-70.0
-70.0
-70.0
-70.0
-70.0
-70.0
-70.0
-70.0
-70.0
-70.0
-70.0
-70.0
-70.0
-70.0
-70.0
-70.0
-70.0
-70.0
-70.0
-70.0
-70.0
-70.0
-70.0
-70.0
-70.0
-70.0
-70.0
-70.0
-70.0
-70.0
-70.0
-70.0
-70.0
-70.0
-70.0
-70.0
-70.0
-70.0
-70.0
-70.0
-70.0
-63.8627522411
-60.384978511
-58.9948361957
-61.7187546727
-69.724560607
-70.0
-70.0
-70.0
-70.0
-70.0
-70.0
-70.0
-70.0
-70.0
-70.0
-70.0
-70.0
-70.0
-70.0
-70.0
-70.0
-70.0
-70.0
-70.0
-70.0
-70.0
-70.0
-70.0
-70.0
-70.0
-70.0
-70.0
-70.0
-65.8505080328
-69.679211858
-70.0
-70.0
-70.0
-70.0
-70.0
-70.0
-70.0
-70.0
-70.0
-70.0
-70.0
-70.0
-70.0
-70.0
-70.0
-70.0
-70.0
-66.562296157
-64.6142639793
-63.6249692067
-63.2438933696
-63.2404514217
-63.4637045389
-63.8155329245
-64.4112788423
-68.5059758904
-70.0
-70.0
-70.0
-70.0
-70.0
-70.0
-65.3531924717
-60.5958369557
-55.9307311642
0
-70.0
-70.0
-70.0
-70.0
-70.0
-70.0
-70.0
-70.0
-70.0
-70.0
-70.0
-70.0
-70.0
-70.0
-70.0
-70.0
-70.0
-70.0
-65.5175024939
-62.9774205737
-61.6874574025
-61.190564253
-61.1860762216
-61.477180862
-56.3166011913
-56.4903312731
-65.6416345445
-70.0
-70.0
-70.0
-70.0
-70.0
-70.0
-70.0
-70.0
-64.2706920332
-61.0240841854
-55.8407663233
0
-70.0
-70.0
-70.0
-70.0
-70.0
-70.0
-68.5212855095
-67.6833472983
-67.2578061283
-67.0938878886
-67.0924073486
-67.1884387796
-67.3397763455
-67.5192530069
-67.9068753625
-69.9079437696
-70.0
-70.0
-70.0
-70.0
-70.0
-70.0
-70.0
-70.0
-70.0
-70.0
-64.1523928104
-60.8387487362
-59.1559373339
-54.412430205
-56.625247973
-69.3322353573
-70.0
-70.0
-70.0
-70.0
-70.0
-66.0277093528
-61.6614175694
-59.319595247
-58.2705153454
-58.0320502262
-58.2879028138
-58.8318176059
-59.5304392277
-59.2799996497
-66.4763807212
-70.0
-70.0
-70.0
-70.0
-70.0
-70.0
-70.0
-70.0
-70.0
-70.0
-70.0
-70.0
-70.0
-70.0
-70.0
-70.0
-70.0
-70.0
-67.8449658379
-66.6237798127
-66.0036088705
-65.7647193429
-60.6751631142
-57.9322572732
-56.6887718595
-56.386388216
-56.8467907803
-65.6112473647
-70.0
-70.0
-70.0
-70.0
-70.0
-70.0
-70.0
-70.0
-70.0
-70.0
-70.0
-70.0
-70.0
-70.0
-68.9041305076
-70.0
-70.0
-70.0
-70.0
-70.0
-70.0
-70.0
-70.0
-70.0
-64.0367140072
-61.0266710784
-62.3556863928
-68.2758787399
-70.0
-70.0
-70.0
-70.0
-70.0
-70.0
-70.0
-70.0
-70.0
-63.9363864775
-60.5003388147
-58.7553655899
-59.0335500078
-61.2935653629
-67.6792969624
-70.0
-70.0
-70.0
-70.0
-70.0
-70.0
-70.0
-70.0
-70.0
-70.0
-70.0
-70.0
-70.0
-70.0
-70.0
-70.0
-70.0
-70.0
-70.0
-70.0
-70.0
-70.0
-70.0
-70.0
-70.0
-70.0
-70.0
-65.461167039
-60.7798721111
-58.2784327507
-57.1682880427
-56.9299249499
-57.2225762625
-57.8240811746
-58.7848461277
-55.4982969701
-55.3371949475
-58.4864501735
-62.0794791154
-64.840027696
-66.6683559211
-67.8764076588
-68.6720251128
-69.1936614148
-63.455204686
-60.2302904926
-58.6209989601
-58.2267564623
-59.5345589941
-65.4109509575
-70.0
-70.0
-70.0
-70.0
-70.0
-70.0
-70.0
-70.0
-70.0
-64.1680219555
-60.863234397
-59.1849207153
-54.4666584797
0
-70.0
-70.0
-70.0
-70.0
-70.0
-70.0
-70.0
-70.0
-70.0
-70.0
-70.0
-70.0
-70.0
-70.0
-70.0
-70.0
-70.0
-70.0
-70.0
-70.0
-70.0
-65.8414794151
-63.484984417
-62.2882546043
-61.8272748965
-61.8231112419
-62.0931760078
-62.5187756671
-63.3925063597
-66.0393485192
-70.0
-70.0
-70.0
-70.0
-70.0
-70.0
-65.9764518059
-63.6964411626
-62.5385534045
-62.0925356362
-62.0885071207
-62.3498064406
-62.7615924846
-63.2499443615
-63.7679573423
-68.2752995235
-70.0
-70.0
-70.0
-70.0
-70.0
-70.0
-70.0
-70.0
-70.0
-70.0
-70.0
-70.0
-70.0
-63.8741687405
-60.5860312459
-62.3428857038
-66.4711488023
-70.0
-70.0
-70.0
-70.0
-70.0
-70.0
-70.0
-70.0
-70.0
-70.0
-70.0
-63.8976395533
-60.4396353002
-61.5209595582
-67.7138538807
-70.0
-70.0
-70.0
-70.0
-70.0
-70.0
-70.0
-70.0
-70.0
-70.0
-70.0
-70.0
-70.0
-70.0
-70.0
-70.0
-70.0
-70.0
-70.0
-70.0
-70.0
-70.0
-70.0
-70.0
-70.0
-70.0
-70.0
-70.0
-63.9149681332
-59.6826599553
-61.9342198329
-70.0
-70.0
-70.0
-68.602749757
-67.8109746192
-67.4088770493
-67.2539892724
-67.2525902971
-67.3433312354
-67.4863314239
-67.6559204895
-68.0300599125
-70.0
-70.0
-70.0
-70.0
-70.0
-69.9699897325
-69.9529839143
-69.9443476262
-69.9410209325
-69.9409908852
-69.9429398273
-64.2045651678
-60.9547215332
-59.3063246346
-58.673742341
-61.0106815244
-70.0
-70.0
-70.0
-70.0
-70.0
-70.0
-70.0
-70.0
-64.7020270255
-61.6998423399
-60.1752034506
-55.1612453955
0
-70.0
-70.0
-70.0
-70.0
-70.0
-70.0
-70.0
-70.0
-65.6510421406
-63.1866326869
-61.9350992584
-57.0326680224
-54.52345368
-54.4887398107
-58.7693123814
-64.0765276459
-68.356698347
-67.4923500588
-67.2164102044
-67.1436326182
-67.1951783126
-67.3195997854
-67.483599343
-67.6658790994
-67.8530509833
-68.0369190808
-69.7440620036
-70.0
-70.0
-70.0
-70.0
-70.0
-70.0
-70.0
-70.0
-70.0
-70.0
-70.0
-70.0
-70.0
-70.0
-70.0
-70.0
-70.0
-70.0
-70.0
-70.0
-64.6052726791
-61.5482605307
-60.570301042
-61.0601257272
-64.9028347345
-69.133442081
-70.0
-70.0
-70.0
-70.0
-70.0
-70.0
-70.0
-64.0257145134
-60.6402860709
-60.4510349391
-65.0829539678
-70.0
-70.0
-70.0
-70.0
-70.0
-70.0
-70.0
-70.0
-70.0
-70.0
-70.0
-70.0
-70.0
-70.0
-70.0
-70.0
-70.0
-70.0
-70.0
-70.0
-70.0
-70.0
-70.0
-70.0
-70.0
-70.0
-70.0
-64.0718641442
-60.3631100003
-62.5337699347
-66.6680931765
-70.0
-70.0
-70.0
-70.0
-70.0
-70.0
-70.0
-70.0
-70.0
-70.0
-70.0
-70.0
-70.0
-70.0
-70.0
-70.0
-67.0058822118
-65.3092154651
-64.4475749016
-64.1156714001
-59.0873635936
-54.3466969983
0
-70.0
-70.0
-70.0
-70.0
-70.0
-70.0
-70.0
-70.0
-70.0
-70.0
-70.0
-70.0
-70.0
-70.0
-70.0
-70.0
-70.0
-70.0
-70.0
-70.0
-67.0171531101
-70.0
-70.0
-70.0
-70.0
-70.0
-70.0
-70.0
-70.0
-64.7941024567
-59.7609230155
-57.082317917
-55.9057442606
-55.6696085914
-56.0056069035
-56.6736856607
-58.7008807946
-66.8265756781
-70.0
-70.0
-70.0
-70.0
-70.0
-70.0
-70.0
-70.0
-64.4084624546
-61.2399245122
-59.630804263
-59.0109719714
-59.0053735307
-59.3685020152
-61.0856445924
-65.908777022
-70.0
-70.0
-70.0
-70.0
-70.0
-70.0
-70.0
-70.0
-70.0
-70.0
-70.0
-70.0
-70.0
-65.0863669455
-66.222870347
-68.6006111274
-70.0
-70.0
-70.0
-70.0
-70.0
-70.0
-70.0
-70.0
-70.0
-64.1062100222
-60.7663957014
-59.0702939189
-58.6157258299
-59.6928078121
-65.4273437466
-70.0
-70.0
-70.0
-70.0
-70.0
-70.0
-70.0
-70.0
-70.0
-64.0230169723
-58.7540593738
-56.741469313
-57.9231017961
-60.6293022746
-65.6839089669
-66.2703031134
-66.7464628308
-67.1406099003
-67.4724111452
-67.755744854
-68.0005535842
-68.2140870362
-68.4017375395
-68.5676032568
-68.7148692453
-68.8460665302
-70.0
-70.0
-70.0
-70.0
-70.0
-70.0
-70.0
-70.0
-70.0
-70.0
-70.0
-70.0
-70.0
-70.0
-70.0
-70.0
-70.0
-70.0
-70.0
-70.0
-70.0
-70.0
-70.0
-70.0
-70.0
-70.0
-70.0
-70.0
-64.534120456
-62.030306045
-63.5495276259
-70.0
-70.0
-70.0
-70.0
-66.3417660804
-64.2687668594
-63.2160084314
-62.8104864269
-62.8068236767
-63.0443985706
-63.418796888
-63.8628093155
-65.5132283058
-69.5987700957
-70.0
-70.0
-70.0
-70.0
-70.0
-70.0
-70.0
-70.0
-70.0
-70.0
-64.1467089261
-60.8298439843
-59.1453968863
-58.4965487314
0
-70.0
-70.0
-70.0
-70.0
-70.0
-70.0
-70.0
-70.0
-70.0
-64.9237244587
-62.0471683187
-60.5863290241
-60.0236144798
-60.0185319372
-67.8224398156
-70.0
-70.0
-70.0
-70.0
-68.319430599
-67.3671079384
-66.8834774108
-66.6971831805
-66.6955005363
-66.804640932
-66.9766371383
-67.1806136241
-67.3969790615
-68.0126273937
-70.0
-70.0
-70.0
-70.0
-70.0
-70.0
-70.0
-70.0
-65.0143877429
-62.1892074639
-57.2973462005
0
-70.0
-70.0
-70.0
-70.0
-70.0
-70.0
-70.0
-70.0
-70.0
-70.0
-70.0
-70.0
-70.0
-70.0
-70.0
-70.0
-70.0
-70.0
-70.0
-70.0
-70.0
-70.0
-70.0
-70.0
-70.0
-70.0
-70.0
-70.0
-70.0
-70.0
-70.0
-70.0
-70.0
-70.0
-70.0
-70.0
-70.0
-70.0
-70.0
-70.0
-70.0
-70.0
-70.0
-70.0
-65.5847079258
-63.0827090837
-61.8120861424
-61.3226428395
-61.3182220964
-61.6049622474
-62.0568409297
-57.3316387063
-60.3696858651
-70.0
-70.0
-70.0
-70.0
-70.0
-70.0
-70.0
-65.0323485608
-62.2173460786
-60.7877663867
-55.8714295993
0
-70.0
-70.0
-70.0
-70.0
-70.0
-70.0
-70.0
-70.0
-70.0
-70.0
-70.0
-70.0
-70.0
-64.3054428167
-61.0785270794
-59.4397600678
-58.8085078585
-62.146591947
-70.0
-70.0
-70.0
-70.0
-70.0
-70.0
-70.0
-70.0
-70.0
-70.0
-70.0
-70.0
