-67.93
-66.067
-64.3903
-62.88127
-61.523143
-60.3008287
-58.38074583
-56.9260045803
-54.9789596779
0
-70.0
-70.0
-70.0
-70.0
-67.8260158512
-70.0
-70.0
-70.0
-70.0
-70.0
-70.0
-70.0
-70.0
-70.0
-70.0
-70.0
-70.0
-70.0
-70.0
-70.0
-70.0
-69.9049337977
-69.1610629497
-68.8727050093
-68.0472667447
-66.9270948945
-65.6674219545
-64.3660374587
-63.0830055126
-61.8537528279
-60.6977427894
-59.6242120067
-57.8159531369
-56.4471327104
-55.3876026975
-54.5489645998
0
-70.0
-70.0
-70.0
-70.0
-70.0
-70.0
-70.0
-70.0
-70.0
-70.0
-70.0
-70.0
-70.0
-70.0
-70.0
-70.0
-70.0
-70.0
-70.0
-69.3165022134
-68.239186801
-66.9614913268
-65.6061576648
-64.2494188787
-62.9370616444
-61.6950785824
-60.5367194591
-59.4671466698
-58.4864981073
-56.7718923661
-55.4940658426
-54.5209010671
0
-70.0
-70.0
-70.0
-70.0
-70.0
-70.0
-70.0
-70.0
-70.0
-70.0
-70.0
-70.0
-70.0
-70.0
-70.0
-70.0
-70.0
-69.3422817689
-68.2795747713
-67.0092980803
-65.6568221297
-63.4801091551
-61.7014110651
-60.2208118423
-58.9684252472
-57.8947124485
-56.9639943544
-56.9700970194
-56.7180887178
-56.3196141129
-56.6665422129
-56.6291476658
-56.3624060153
-55.9669474912
-70.0
-70.0
-70.0
-70.0
-70.0
-70.0
-70.0
-70.0
-70.0
-70.0
-70.0
-70.0
-69.5221711706
-67.7414015006
-66.8782263152
-65.7743803269
-64.5629267229
-63.3272903365
-62.11833216
-60.9656795155
-59.885231945
-58.8841223378
-57.9639858289
-57.1231043959
-56.3578053896
-55.6633658062
-55.0345898626
-54.466171301
0
-70.0
-70.0
-70.0
-70.0
-70.0
-70.0
-70.0
-70.0
-70.0
-70.0
-70.0
-70.0
-70.0
-70.0
-70.0
-69.1052306706
-67.0881947173
-65.2850333214
-63.6703020398
-62.2224532029
-60.9229954606
-59.7558876332
-59.527093349
-59.0489136669
-58.4370420687
-58.5853510408
-58.3648247227
-57.9303481078
-57.3819838686
-56.7835658627
-56.1750628638
-61.1207923024
-70.0
-70.0
-70.0
-70.0
-70.0
-70.0
-70.0
-70.0
-70.0
-70.0
-70.0
-69.4120930171
-68.3889457268
-67.1387591617
-65.7940219173
-64.4373788401
-63.938813699
-62.3317141578
-60.9330639611
-59.7061050444
-58.6230595263
-57.6624635645
-57.6273572019
-57.328714811
-56.8819055494
-56.3610898075
-56.6332307021
-57.3720742154
-57.5463111829
-58.195976324
-69.369242864
-70.0
-70.0
-70.0
-70.0
-70.0
-70.0
-70.0
-70.0
-70.0
-70.0
-70.0
-70.0
-69.9969085407
-70.0
-68.5752926848
-66.2579585394
-64.3022927676
-62.6288168789
-61.1804374498
-59.0953952106
-57.5178566934
-56.2974050266
-55.3318871924
-55.3715135854
-56.012905635
-56.1739773436
-56.0414877907
-55.7372777992
-55.3401758777
-54.9005755289
-70.0
-70.0
-70.0
-70.0
-70.0
-70.0
-70.0
-70.0
-70.0
-70.0
-70.0
-70.0
-70.0
-69.5131453198
-68.547261001
-67.326155043
-65.9926196334
-64.6360777332
-63.310950002
-61.2288416966
-59.5819486567
-58.2510812109
-57.1541913698
-56.2342510861
-55.451145213
-55.5962435154
-56.293427713
-56.4786239744
-56.3504542655
-56.0385372979
-56.5267692075
-62.3588160463
-70.0
-70.0
-70.0
-70.0
-70.0
-70.0
-70.0
-70.0
-70.0
-70.0
-70.0
-70.0
-68.8479643809
-67.5051441968
-65.2726139464
-62.5806753313
-60.5228229846
-58.914017477
-57.6282669232
-56.5792076935
-55.7071318993
-54.9703153594
-54.3392149235
0
-70.0
-70.0
-70.0
-70.0
-67.6814123325
-65.6775459876
-70.0
-70.0
-70.0
-70.0
-70.0
-70.0
-70.0
-70.0
-70.0
-70.0
-70.0
-70.0
-70.0
-69.8384189509
-69.0568563564
-68.7493569212
-67.9165453626
-66.7963069154
-65.5409536166
-63.4263765168
-61.6867510396
-60.230084052
-58.9917477244
-57.9256876703
-56.9985287156
-56.1856157188
-55.4683473968
-54.8323748238
-54.2663787858
0
-70.0
-70.0
-70.0
-70.0
-70.0
-70.0
-70.0
-70.0
-70.0
-70.0
-70.0
-70.0
-70.0
-70.0
-70.0
-70.0
-69.9435081512
-69.2214961035
-68.1242390048
-66.8384101121
-64.6622991061
-62.8445558656
-61.3024247258
-59.9770652177
-58.0059473389
-56.533078367
-55.4082543716
-54.5297514954
-54.6483247198
0
-70.0
-70.0
-70.0
-70.0
-70.0
-70.0
-70.0
-70.0
-70.0
-70.0
-70.0
-70.0
-70.0
-70.0
-70.0
-69.8808745723
-69.1233701633
-68.0080885124
-66.7153165715
-65.3591428545
-64.0101338626
-62.710390672
-61.4835317352
-60.3412986486
-59.2879155084
-58.3229551073
-57.4432136964
-56.6439283933
-55.9195595984
-55.2642863348
-54.6723128321
-54.1380516362
-59.1962265307
-70.0
-70.0
-70.0
-70.0
-70.0
-70.0
-70.0
-70.0
-70.0
-70.0
-70.0
-70.0
-69.7179946592
-68.8681916328
-67.7060367625
-66.3952092816
-65.0388724837
-63.7004413221
-62.4173679144
-61.2102782727
-60.0890152119
-59.056623535
-58.1119677444
-57.2514420119
-56.4700785053
-55.7622577845
-55.1221567592
-54.5440242521
-54.0223439394
0
-70.0
-70.0
-70.0
-70.0
-70.0
-70.0
-70.0
-70.0
-70.0
-70.0
-70.0
-70.0
-70.0
-70.0
-69.9525788617
-69.2357068833
-68.1410601335
-66.8562367458
-65.5001348217
-64.1464691732
-62.8393874783
-60.7838255454
-58.3476942008
-56.5844255874
-56.1036502331
-55.5883966794
-55.0696313245
-54.5660510675
-54.0883678776
0
-70.0
-70.0
-70.0
-70.0
-70.0
-70.0
-70.0
-70.0
-70.0
-70.0
-70.0
-70.0
-70.0
-70.0
-68.9158175764
-66.7914475364
-64.9337772611
-63.2980491873
-61.8500107034
-61.382853923
-60.6997980573
-59.9099712693
-58.2624094875
-56.9751254355
-55.9469174898
-55.1084288061
-54.4117213023
0
-70.0
-70.0
-70.0
-70.0
-70.0
-70.0
-70.0
-70.0
-70.0
-70.0
-70.0
-70.0
-70.0
-70.0
-70.0
-70.0
-69.7634202672
-68.9393584187
-67.7902760289
-66.4844840608
-65.1281927445
-63.7868115299
-61.6790890835
-60.0018193129
-58.6387301401
-57.5095856317
-57.3784460723
-57.030480801
-56.5640189448
-56.0420078662
-55.5040676235
-54.9745012238
-54.4676113432
-65.071223703
-70.0
-70.0
-70.0
-70.0
-70.0
-70.0
-70.0
-70.0
-70.0
-70.0
-70.0
-69.8609146335
-69.0920995926
-67.9710739149
-66.6760893778
-65.3198956763
-63.9721829328
-62.6744825223
-61.4500461919
-60.310382854
-59.2595720894
-58.2970998943
-57.4197132475
-56.6226241511
-55.9002832216
-55.2468692232
-54.65659185
0
-70.0
-70.0
-70.0
-70.0
-70.0
-70.0
-70.0
-70.0
-70.0
-70.0
-70.0
-70.0
-70.0
-70.0
-70.0
-69.6204879009
-67.8954310447
-67.0605492295
-66.7876018327
-66.0409133336
-65.0348697896
-63.9067480036
-62.7429833319
-61.5966250845
-61.3189226332
-60.751670408
-60.0295967259
-59.2386992925
-58.432870856
-57.6449447656
-56.8940242858
-70.0
-70.0
-70.0
-70.0
-70.0
-70.0
-70.0
-70.0
-70.0
-70.0
-70.0
-70.0
-69.432634025
-68.4211266391
-67.1768513196
-65.8343910839
-64.4777685731
-63.1578694474
-61.9040009905
-60.73154655
-59.647022334
-58.6514070599
-57.7423243268
-56.9154638761
-56.1654988098
-55.4866698096
-54.8731500826
-54.3192665769
0
-70.0
-70.0
-70.0
-70.0
-70.0
-70.0
-70.0
-70.0
-70.0
-70.0
-70.0
-70.0
-70.0
-70.0
-70.0
-69.8794359927
-68.3011163886
-66.7207540798
-65.1918448919
-63.744771216
-62.3950346367
-61.1486915345
-60.0059292887
-58.9634076316
-58.0157810497
-57.1566790655
-56.3793285728
-55.6769406581
-54.2229432207
0
-70.0
-70.0
-70.0
-70.0
-70.0
-70.0
-70.0
-70.0
-70.0
-70.0
-70.0
-70.0
-70.0
-70.0
-69.3619011069
-68.3103117342
-67.0456810527
-65.6953799421
-64.338686611
-62.2033810586
-60.4920850253
-59.9122379044
-59.2105883684
-59.2792457012
-58.9877985775
-58.490003684
-57.8849932918
-57.2358206134
-57.4017896526
-57.231311421
-56.8646474347
-56.3924941284
-67.7727856733
-70.0
-70.0
-70.0
-70.0
-70.0
-70.0
-70.0
-70.0
-70.0
-70.0
-70.0
-69.6202158242
-68.7150047912
-67.5247113451
-66.2030448992
-64.8466102017
-63.5145290432
-61.4214627133
-58.9415741582
-57.1322552199
-55.7855886829
-54.7614024713
0
-70.0
-70.0
-70.0
-70.0
-67.9780107682
-66.9622168702
-70.0
-70.0
-70.0
-70.0
-70.0
-70.0
-70.0
-70.0
-70.0
-70.0
-70.0
-70.0
-69.4369400726
-68.4278727805
-67.1848366458
-65.8428537435
-64.486235544
-63.9860567728
-63.1964142843
-62.2594149818
-61.2652349009
-60.2698856889
-59.3070133055
-58.3957227652
-57.5457576822
-56.760920043
-56.0413201248
-54.564849503
0
-70.0
-70.0
-70.0
-70.0
-70.0
-70.0
-70.0
-70.0
-70.0
-70.0
-70.0
-70.0
-70.0
-68.8497956618
-67.5080132036
-66.0960099551
-64.6889410076
-63.3317349388
-62.0496867995
-60.855468356
-60.5737550114
-59.2089351709
-58.0597454275
-57.0782400673
-56.2300621822
-55.4901533785
-54.8398696502
-54.2650370916
0
-70.0
-70.0
-70.0
-70.0
-70.0
-70.0
-70.0
-70.0
-70.0
-70.0
-70.0
-70.0
-70.0
-70.0
-70.0
-69.6209883988
-69.5362151582
-68.8108107085
-66.9052076818
-65.9950056097
-64.8923841794
-63.7110651819
-62.5219049441
-61.3676786365
-60.2728868975
-59.2502489574
-58.3049912282
-57.4376702163
-56.6460219354
-56.7461655689
-56.5580462301
-56.2032397525
-55.7602478742
-60.8190822597
-70.0
-70.0
-70.0
-70.0
-70.0
-70.0
-70.0
-70.0
-69.2218010515
-68.0908216474
-66.7858732834
-65.4200418221
-64.063208218
-62.7570011149
-61.5247101493
-60.3778452315
-59.3204647732
-58.3520210057
-57.4692207117
-56.6672331783
-55.9404662189
-55.2830571694
-54.6891765006
-54.1532088827
0
-70.0
-70.0
-70.0
-70.0
-70.0
-70.0
-70.0
-70.0
-70.0
-70.0
-70.0
-70.0
-70.0
-70.0
-70.0
-70.0
-69.443701075
-68.4384650174
-67.197374549
-65.0361411163
-63.2148630195
-62.4782673941
-61.597034439
-60.658393518
-59.7165958482
-58.8042973847
-57.9401083937
-57.133591386
-56.3885614685
-55.7052581358
-55.9017675316
-54.9796142514
-55.0570018082
-60.451534282
-70.0
-70.0
-70.0
-70.0
-70.0
-70.0
-70.0
-70.0
-70.0
-70.0
-70.0
-69.6916050314
-68.8268478826
-67.6570986638
-66.3433458438
-65.8069826237
-64.1149319374
-63.4258704611
-62.5415712267
-61.5696059784
-60.5774399635
-59.6062256891
-58.6799562682
-57.8115294067
-57.0067556429
-56.2669995299
-55.5909125444
-54.1555632683
0
-70.0
-70.0
-70.0
-70.0
-70.0
-70.0
-70.0
-70.0
-70.0
-70.0
-70.0
-69.5510731592
-68.6066812827
-67.3964901141
-66.0671590758
-64.7106551503
-63.38306429
-62.9370742974
-62.2149111587
-61.3511162368
-61.2511354091
-60.7927757322
-59.3146674016
-58.0939801566
-57.0684351377
-56.1941602884
-54.6197900359
-54.3178415498
-70.0
-70.0
-70.0
-70.0
-70.0
-70.0
-70.0
-70.0
-70.0
-70.0
-70.0
-70.0
-70.0
-69.3285061009
-68.2579928914
-66.1637518693
-65.1650821938
-64.0370443153
-62.8689867777
-61.7158526959
-59.7901104903
-59.1049948173
-59.1870922529
-58.9067809725
-58.4183681718
-57.0013748857
-55.8944664178
-54.1905057898
0
-70.0
-70.0
-70.0
-70.0
-70.0
-70.0
-70.0
-70.0
-70.0
-70.0
-70.0
-70.0
-70.0
-70.0
-70.0
-70.0
-69.9378140946
-69.2125754148
-68.1136796931
-66.8272196037
-65.4711028966
-64.1183961091
-62.8128254996
-61.5790556173
-61.249491834
-60.6534371695
-59.9173564652
-59.1217961604
-58.3170667722
-58.3536602469
-57.2538276568
-56.3288005142
-55.5394908781
-54.8579220672
-70.0
-70.0
-70.0
-70.0
-70.0
-70.0
-70.0
-70.0
-70.0
-70.0
-70.0
-69.3884364466
-68.3518837664
-66.2748893661
-64.4628630803
-62.8702185395
-61.4622911971
-60.212125085
-59.098287915
-57.2833760157
-55.9283163424
-54.8943366603
-54.0874709623
0
-70.0
-70.0
-70.0
-70.0
-70.0
-70.0
-70.0
-70.0
-70.0
-70.0
-70.0
-70.0
-70.0
-70.0
-70.0
-70.0
-69.9038486431
-69.1593628742
-68.0506926504
-66.7604674278
-65.4043167133
-64.0538157275
-62.7517212784
-60.7020738997
-58.2722163425
-56.51522793
-55.2205272849
-55.0663559884
-54.7816413441
-54.4280911795
-54.045024708
0
-70.0
-70.0
-70.0
-70.0
-70.0
-70.0
-70.0
-70.0
-70.0
-70.0
-70.0
-70.0
-70.0
-70.0
-69.5532801367
-68.6101388809
-67.4005828313
-66.0714964405
-64.7149947247
-63.3872605378
-62.1210446743
-61.7539470004
-61.1185568294
-60.3433708325
-59.5101468733
-58.6698742686
-57.8533815635
-57.0783732217
-56.3540891092
-56.5043823381
-56.3544121975
-56.0292830399
-55.6098961106
-55.1479340827
-70.0
-70.0
-70.0
-70.0
-70.0
-70.0
-70.0
-70.0
-70.0
-70.0
-70.0
-69.3482702802
-68.2889567724
-67.0204034419
-64.8485913289
-63.0272176835
-61.4768195734
-60.1406867216
-58.9776507865
-57.9572408658
-57.0564202179
-55.4373804886
-54.2613773014
0
-70.0
-70.0
-70.0
-70.0
-70.0
-70.0
-70.0
-70.0
-70.0
-70.0
-70.0
-70.0
-70.0
-70.0
-70.0
-70.0
-70.0
-68.9918237703
-66.9105239068
-65.0747265251
-63.4474238786
-62.8194614947
-61.9920353479
-61.0725118149
-60.1283806346
-59.2009559053
-58.3144692042
-57.4820948767
-55.8899337843
-54.7149726694
0
-70.0
-70.0
-70.0
-70.0
-70.0
-70.0
-70.0
-70.0
-70.0
-70.0
-70.0
-70.0
-70.0
-70.0
-70.0
-69.8300599055
-69.0437605186
-67.9138555358
-66.615450695
-65.2592261007
-63.9135171407
-62.6189745267
-61.3982831407
-60.2625922045
-59.2157579026
-58.257132058
-57.3833854827
-56.5896913547
-55.8704851661
-54.3999452807
0
-70.0
-70.0
-70.0
-70.0
-70.0
-70.0
-70.0
-70.0
-70.0
-70.0
-70.0
-70.0
-70.0
-70.0
-70.0
-70.0
-70.0
-69.3795652139
-68.3379855018
-66.2584381578
-64.4454284794
-63.6727750565
-61.9100905008
-60.4321434174
-59.1743037201
-58.0904564443
-57.1471328641
-57.1395676205
-56.0537095536
-55.1770710617
-54.4551855979
0
-70.0
-70.0
-70.0
-70.0
-70.0
-70.0
-70.0
-70.0
-70.0
-70.0
-70.0
-70.0
-70.0
-70.0
-70.0
-69.4498427737
-68.4480870122
-67.2087639882
-65.8682113742
-63.6916060933
-61.9059227217
-60.4143152746
-59.1488736306
-58.0613128565
-57.1167326301
-56.28942674
-55.5600623146
-54.9137749155
-54.3388766455
0
-70.0
-70.0
-70.0
-70.0
-70.0
-70.0
-70.0
-70.0
-70.0
-70.0
-70.0
-70.0
-70.0
-70.0
-70.0
-70.0
-69.6814975311
-67.9910127988
-66.3536881994
-63.9828371665
-62.0708986412
-60.4980389046
-58.3610550992
-55.956829646
-54.2924000525
0
-70.0
-70.0
-70.0
-70.0
-67.8423185401
-65.9296323795
-64.2276996039
-62.7089499517
-70.0
-70.0
-70.0
-70.0
-70.0
-70.0
-70.0
-70.0
-70.0
-70.0
-70.0
-70.0
-69.3167414549
-68.2395616126
-66.9619349868
-65.6066278451
-64.2498892986
-62.9375165274
-61.6955089805
-60.5371208196
-59.4675172291
-58.4868378338
-57.5922022689
-56.7790141876
-56.0418008659
-55.3747461774
-54.772021825
-54.2279864861
0
-70.0
-70.0
-70.0
-70.0
-70.0
-70.0
-70.0
-70.0
-70.0
-70.0
-70.0
-70.0
-69.4996472466
-68.5261140197
-67.3011236163
-65.9660919203
-64.6095365054
-64.1052853729
-63.309225181
-62.3646148932
-61.3623615574
-60.3589308373
-59.3882413773
-58.4695529888
-57.6126881894
-56.8214797034
-56.0960386217
-55.434239352
-54.8326851451
-54.2873297828
0
-70.0
-70.0
-70.0
-70.0
-70.0
-70.0
-70.0
-70.0
-70.0
-70.0
-70.0
-70.0
-70.0
-69.8656602615
-69.9195344098
-69.264541085
-68.2060603873
-66.9407699558
-66.4135700317
-65.5267977429
-64.4538411115
-63.3049390956
-62.1487665829
-61.0267708558
-59.9626810577
-58.9688044769
-58.0501850459
-57.2073405524
-56.4380558379
-55.7385498146
-55.1042278735
-54.5301604463
-70.0
-70.0
-70.0
-70.0
-70.0
-70.0
-70.0
-70.0
-70.0
-70.0
-70.0
-70.0
-69.0635138265
-67.8428383282
-66.4923384183
-65.9289605251
-65.036635105
-63.9766853494
-62.8514926511
-61.7246606104
-61.4544060323
-60.8871064177
-60.1604897683
-59.3625034531
-58.5482948822
-56.9314932436
-54.8870291523
0
-70.0
-70.0
-70.0
-70.0
-70.0
-70.0
-70.0
-70.0
-70.0
-70.0
-70.0
-70.0
-70.0
-70.0
-70.0
-70.0
-69.8474031287
-69.0709315683
-67.9460175798
-66.6495352674
-65.2933280376
-63.9464927652
-62.6501751763
-61.4273787837
-60.2894549887
-59.2403855454
-58.2795976946
-57.4038050609
-56.6082026454
-56.7072344412
-56.519745704
-56.1665942715
-55.7258169363
-55.2471566373
-66.6617219032
-70.0
-70.0
-70.0
-70.0
-70.0
-70.0
-70.0
-70.0
-70.0
-70.0
-70.0
-68.5732229804
-67.0747160025
-65.5831212825
-64.145393741
-61.9679107581
-60.2391572764
-59.6572666115
-58.9628899922
-58.2241676875
-57.4834620485
-55.9462565967
-54.8023914392
0
-70.0
-70.0
-70.0
-70.0
-67.8879268479
-66.8210853951
-70.0
-70.0
-70.0
-70.0
-70.0
-70.0
-70.0
-70.0
-70.0
-70.0
-70.0
-70.0
-70.0
-70.0
-70.0
-69.3845244179
-68.3457549213
-67.087634726
-65.7398414513
-64.3831707714
-63.8863960045
-63.9221179441
-62.6361471765
-61.4200264766
-60.2863531742
-59.2399374203
-58.2807567206
-57.4058897434
-56.6107732323
-55.8900108846
-55.2378864464
-54.6486822354
-60.4768703008
-70.0
-70.0
-70.0
-70.0
-70.0
-70.0
-70.0
-70.0
-70.0
-70.0
-70.0
-69.5162451409
-67.7321173875
-66.0472368225
-64.4780672561
-63.030629941
-61.7044798873
-60.4953071921
-59.3966266686
-57.5808641323
-56.215377806
-55.1655734167
-54.3401716693
0
-70.0
-70.0
-70.0
-70.0
-68.4556981592
-70.0
-70.0
-70.0
-70.0
-70.0
-70.0
-70.0
-70.0
-70.0
-70.0
-70.0
-70.0
-70.0
-70.0
-70.0
-69.8011424635
-68.9984565262
-67.8602297463
-66.5586193534
-65.2023658059
-63.8585348172
-62.5669517301
-60.5297701535
-58.9331355358
-57.6540502473
-56.6081307326
-55.736974666
-54.9997152039
-54.3673690198
0
-70.0
-70.0
-70.0
-70.0
-70.0
-70.0
-70.0
-70.0
-70.0
-70.0
-70.0
-70.0
-70.0
-70.0
-70.0
-70.0
-70.0
-70.0
-70.0
-69.4342585932
-68.423671796
-67.1798639912
-65.8375838419
-64.4809629576
-63.1609583284
-61.9069236067
-60.7342719867
-59.6495386152
-58.6537139717
-58.56442872
-58.2020432782
-58.5078772373
-58.3844483714
-58.0075761062
-63.0312002101
-70.0
-70.0
-70.0
-70.0
-70.0
-70.0
-70.0
-70.0
-70.0
-70.0
-70.0
-70.0
-70.0
-69.4830314756
-68.5000826451
-67.270310592
-65.9334370071
-64.5768649559
-63.2536928933
-61.9946665593
-60.8160952069
-59.7250825553
-58.7229722124
-56.987606933
-55.6901342009
-55.5186460883
-56.0284650177
-56.1100742082
-55.9320372488
-55.6041471649
-65.4572748755
-70.0
-70.0
-70.0
-70.0
-70.0
-70.0
-70.0
-70.0
-69.6077551045
-68.6954829971
-67.5016036327
-66.178555893
-64.8221087194
-63.4908367913
-62.2190457414
-61.0253362534
-59.9182660188
-58.9000816774
-57.14916835
-55.8369814086
-55.6517698634
-55.3289172742
-54.9342418115
-54.5096284736
-54.0812061883
0
-70.0
-70.0
-70.0
-70.0
-70.0
-70.0
-70.0
-70.0
-70.0
-70.0
-70.0
-70.0
-70.0
-70.0
-69.844784283
-68.2468287101
-66.6564944093
-65.1237440152
-63.6766356449
-62.3291494346
-61.0863527272
-59.9477962785
-58.9097358667
-57.9665750908
-57.1117927888
-56.3385303147
-55.6399551531
-55.0094782176
-54.4408761158
0
-70.0
-70.0
-70.0
-70.0
-70.0
-70.0
-70.0
-70.0
-70.0
-70.0
-70.0
-70.0
-70.0
-70.0
-69.589868767
-68.6674610682
-67.4684344134
-66.14340394
-64.786938858
-63.4568285135
-62.1868680231
-60.1753294614
-58.6058953423
-57.3540383594
-56.3344562244
-55.4882250692
-54.7742122072
-54.1633307497
0
-70.0
-70.0
-70.0
-70.0
-70.0
-70.0
-70.0
-70.0
-70.0
-70.0
-70.0
-70.0
-70.0
-70.0
-70.0
-70.0
-70.0
-69.5805895137
-68.6529235715
-67.4512265538
-66.1251674581
-64.7686930853
-63.4391853589
-62.1701745444
-60.9797622375
-59.8761894455
-58.8615061221
-57.9339792573
-56.2696638299
-55.8587524457
-55.3935805337
-54.9113580354
-54.4349792686
-65.0579860326
-70.0
-70.0
-70.0
-70.0
-70.0
-70.0
-70.0
-70.0
-70.0
-70.0
-70.0
-70.0
-70.0
-69.4655006695
-68.4726177155
-67.2378006859
-65.8989837786
-64.542394175
-63.220360607
-61.9631284459
-61.6066848678
-60.9825958919
-60.2187226434
-60.2164412728
-59.8511910747
-59.2803345867
-58.6051428743
-57.8898564177
-56.3543559965
-55.1979105439
0
-70.0
-70.0
-70.0
-70.0
-70.0
-70.0
-70.0
-70.0
-70.0
-70.0
-70.0
-70.0
-70.0
-69.849301862
-69.0739062504
-67.9495386752
-67.4732668408
-66.5817281789
-66.2907473757
-65.549800648
-64.5635725897
-63.4630500018
-62.3306347823
-61.2168311579
-60.971321278
-60.4349713074
-59.7419956148
-58.9781436788
-58.1972277279
-57.4321038997
-56.7019594728
-56.0171408343
-70.0
-70.0
-70.0
-70.0
-70.0
-70.0
-70.0
-70.0
-70.0
-70.0
-70.0
-70.0
-69.7205760268
-68.8722357753
-67.7108237652
-66.4002824337
-65.0439482203
-63.7053494183
-62.4220118231
-60.3946088719
-57.9883468054
-56.2549780054
-54.9831241252
-54.0305743262
0
-70.0
-70.0
-70.0
-70.0
-67.6533042624
-70.0
-70.0
-70.0
-70.0
-70.0
-70.0
-70.0
-70.0
-70.0
-70.0
-70.0
-70.0
-70.0
-70.0
-69.3703959958
-68.3236203934
-67.0614343522
-65.7120749157
-64.35539009
-63.0395328582
-61.7920340906
-60.6271336936
-58.7306223323
-57.2783614378
-55.3210595198
0
-70.0
-70.0
-70.0
-70.0
-67.5852458031
-70.0
-70.0
-70.0
-70.0
-70.0
-70.0
-70.0
-70.0
-70.0
-70.0
-70.0
-70.0
-70.0
-70.0
-69.3664227286
-69.1373956082
-68.3387328157
-67.224910713
-65.9591204276
-64.6443422421
-63.3439972561
-62.0956570226
-60.9201309817
-59.8274776578
-58.8209697416
-57.0796993338
-56.5956137779
-56.0619753185
-55.5163930656
-54.9818306116
-55.2916987856
-55.277896397
-70.0
-70.0
-70.0
-70.0
-70.0
-70.0
-70.0
-70.0
-70.0
-69.8135550163
-69.0179028589
-67.8832481358
-66.5830136974
-65.2267725778
-63.8821354868
-62.5892820493
-61.3705939185
-60.2370279093
-59.1923207069
-58.2357523619
-58.1839529428
-57.8567415266
-57.3751899593
-56.8170860203
-56.2316541229
-55.649339847
-55.9083066199
-55.8434097963
-61.1263580418
-70.0
-70.0
-70.0
-70.0
-70.0
-70.0
-70.0
-70.0
-70.0
-70.0
-70.0
-70.0
-70.0
-69.5822441738
-68.6555158723
-67.454295029
-66.1284193553
-64.7719466393
-63.4423314551
-62.173151296
-60.9825381574
-59.8787523356
-58.8638557647
-57.93612263
-57.0916119948
-56.3251852139
-55.6311563049
-55.003700416
-54.4371035355
0
-70.0
-70.0
-70.0
-70.0
-70.0
-70.0
-70.0
-70.0
-70.0
-70.0
-70.0
-70.0
-70.0
-70.0
-69.469629179
-68.4790857137
-67.2454567774
-65.9070975231
-64.550512053
-63.2282103693
-61.97055568
-60.7936110104
-59.7043238417
-59.5239407457
-59.0749128633
-58.4796657051
-56.9965285533
-55.8500953104
-54.9438988544
-54.2120510189
-70.0
-70.0
-70.0
-70.0
-70.0
-70.0
-70.0
-70.0
-70.0
-70.0
-70.0
-70.0
-69.651266266
-69.5836504833
-68.866959331
-67.7847126619
-66.5192075717
-66.0059309318
-65.1411005835
-64.0941656884
-63.7928658951
-63.1289904893
-62.2696988961
-61.3218006437
-61.1723350041
-60.6869111202
-59.1960930859
-57.9717324958
-56.9480583918
-55.2589186497
-54.0468041828
-70.0
-70.0
-70.0
-70.0
-70.0
-70.0
-70.0
-70.0
-70.0
-70.0
-70.0
-69.6544726873
-68.7686738768
-67.5882387946
-65.4503697854
-62.8093027204
-60.7743523907
-59.1709037799
-57.8798044874
-57.639151429
-57.2167878796
-55.8794768207
-54.8577742913
-54.0594936307
0
-70.0
-70.0
-70.0
-70.0
-70.0
-70.0
-70.0
-70.0
-70.0
-70.0
-70.0
-70.0
-70.0
-70.0
-70.0
-70.0
-69.4712210663
-68.4815796706
-67.2484088441
-65.9102260534
-64.5536421772
-63.2312371122
-61.9734195029
-60.7962816205
-59.7067895037
-58.7062012502
-58.6123082564
-59.0655621849
-59.0119958025
-58.6561227797
-58.1307282066
-57.5211338559
-56.8813394503
-67.3247514909
-70.0
-70.0
-70.0
-70.0
-70.0
-70.0
-70.0
-70.0
-70.0
-70.0
-69.5005342981
-68.5275037337
-68.1227686039
-67.2525019059
-66.1319251569
-64.8985149356
-63.638518305
-62.4045697164
-60.4073815728
-58.8388226341
-57.5797265165
-56.548277962
-55.6877995639
-54.9585858729
-54.3324381293
-54.6090015454
-54.5979728769
-54.4147565799
-54.1343349157
-70.0
-70.0
-70.0
-70.0
-70.0
-70.0
-70.0
-70.0
-70.0
-69.4471420225
-68.4438558353
-67.2037555951
-65.8629035978
-63.6862956129
-61.9007876348
-60.4094565934
-58.3243427489
-55.9524630171
-54.3075864109
0
-70.0
-70.0
-70.0
-70.0
-67.8439967908
-65.932261639
-65.0508118265
-70.0
-70.0
-70.0
-70.0
-70.0
-70.0
-70.0
-70.0
-70.0
-70.0
-70.0
-70.0
-70.0
-70.0
-69.760786337
-68.935231928
-67.7853915517
-65.6593076075
-63.8383469874
-62.2611590491
-60.8828076511
-60.489703224
-59.0608504602
-58.69817712
-58.1673005452
-57.5531979154
-56.9096297404
-56.2698345107
-56.4736295559
-56.3567855978
-56.0514530363
-61.1832050649
-70.0
-70.0
-70.0
-70.0
-70.0
-70.0
-70.0
-70.0
-70.0
-70.0
-70.0
-69.8623779061
-69.0943920529
-67.9737874725
-66.6789651419
-65.3227729054
-63.1549651334
-60.572448299
-58.6471899218
-57.1804618981
-56.0377430205
-55.12752026
-55.2071359284
-55.0580007984
-54.7765863605
-54.4251848191
-54.0435044003
-54.4763793356
-54.563558319
-54.440413765
-70.0
-70.0
-70.0
-70.0
-70.0
-70.0
-70.0
-70.0
-70.0
-70.0
-70.0
-68.8397145265
-66.6722194249
-64.7926483831
-63.1484841452
-62.5203694643
-61.7028216736
-60.7988656101
-59.8731964517
-58.9653550749
-58.0984717463
-57.2850593576
-55.7108432791
-54.5526188561
0
-70.0
-70.0
-70.0
-70.0
-67.8845994978
-70.0
-70.0
-70.0
-70.0
-70.0
-70.0
-70.0
-70.0
-70.0
-70.0
-70.0
-70.0
-69.5536019709
-68.6106430878
-67.401179655
-66.0721289401
-64.7156275465
-63.3878724588
-62.1216236576
-60.9344869216
-59.8343886492
-58.8231833975
-57.8990207999
-57.0578892147
-55.4746139564
-54.3188283362
0
-70.0
-70.0
-70.0
-70.0
-70.0
-70.0
-70.0
-70.0
-70.0
-70.0
-70.0
-70.0
-70.0
-70.0
-70.0
-70.0
-68.7802801807
-68.2191056164
-67.251764024
-66.0729669344
-64.8065897828
-63.5298771657
-62.2895203567
-61.1123222593
-60.0122593256
-58.1751462545
-56.7770402034
-55.6889418993
-55.6431181868
-54.5841866865
0
-70.0
-70.0
-70.0
-70.0
-70.0
-70.0
-70.0
-70.0
-70.0
-70.0
-70.0
-70.0
-70.0
-70.0
-70.0
-69.6786918684
-68.8066172605
-67.6331519204
-66.3179676524
-64.9615915031
-63.6257127635
-62.3466617609
-61.144342434
-60.0281394234
-59.8208129696
-59.3457233316
-58.7258121045
-58.0396716314
-58.1566649598
-57.9316387915
-56.6889017975
-54.8769628745
-59.143900758
-70.0
-70.0
-70.0
-70.0
-70.0
-70.0
-70.0
-70.0
-70.0
-70.0
-70.0
-70.0
-69.47059005
-68.4805910783
-67.2472386594
-65.9089859193
-64.5524014113
-62.4100373262
-60.6876176309
-59.2745785593
-58.0942691644
-57.092941222
-57.0523797491
-56.7696302071
-55.5309928083
-54.5801106088
0
-70.0
-70.0
-70.0
-70.0
-70.0
-70.0
-70.0
-70.0
-70.0
-70.0
-70.0
-70.0
-70.0
-70.0
-70.0
-69.9288990321
-69.1986084836
-68.917147205
-68.9143655311
-68.2588843423
-67.2336328177
-66.0206941423
-64.7355744656
-63.4499835108
-62.2069628209
-61.0309183129
-59.9342609977
-58.1017912419
-56.7089163471
-55.626227532
-54.7657399918
-54.0672561347
0
-70.0
-70.0
-70.0
-70.0
-70.0
-70.0
-70.0
-70.0
-70.0
-70.0
-70.0
-70.0
-70.0
-69.4533446996
-68.4535733627
-67.2152581151
-65.8750936961
-64.5184919214
-63.1972477926
-61.9412597222
-60.7662915559
-59.6791009376
-59.5008165354
-59.0538186762
-58.4604926715
-57.7991473129
-56.2990351874
-55.1656667391
-54.2901234455
0
-70.0
-70.0
-70.0
-70.0
-70.0
-70.0
-70.0
-70.0
-70.0
-70.0
-70.0
-70.0
-69.8470562562
-69.0703881347
-67.945374324
-66.6488535601
-65.2926459831
-63.1258332375
-61.3648844822
-59.9061524129
-58.6773747576
-57.6275290058
-57.5400372546
-57.2128742953
-56.7528140433
-56.2283507573
-55.6827277604
-55.1425963703
-54.6237643239
-54.1350062852
0
-70.0
-70.0
-70.0
-70.0
-70.0
-70.0
-70.0
