-70.0
-70.0
-70.0
-70.0
-70.0
-70.0
-70.0
-70.0
-70.0
-70.0
-70.0
-70.0
-70.0
-70.0
-70.0
-70.0
-70.0
-70.0
-70.0
-70.0
-70.0
-70.0
-70.0
-70.0
-70.0
-70.0
-70.0
-65.365106528
-62.7386668938
-61.4048475502
-60.8910610257
-60.8864204101
-61.1874220271
-61.8110048617
-63.9512427427
-67.2304568284
-70.0
-70.0
-70.0
-70.0
-70.0
-70.0
-70.0
-70.0
-70.0
-70.0
-70.0
-70.0
-70.0
-70.0
-70.0
-70.0
-70.0
-70.0
-70.0
-70.0
-70.0
-70.0
-70.0
-70.0
-70.0
-70.0
-70.0
-70.0
-70.0
-70.0
-70.0
-70.0
-70.0
-70.0
-70.0
-70.0
-70.0
-70.0
-70.0
-70.0
-70.0
-70.0
-70.0
-70.0
-70.0
-70.0
-70.0
-70.0
-70.0
-70.0
-70.0
-70.0
-70.0
-70.0
-70.0
-70.0
-70.0
-63.9083886752
-60.4564755912
-58.7034452211
-58.0281788249
-58.6233339048
-62.365479356
-69.201851038
-70.0
-70.0
-70.0
-70.0
-70.0
-70.0
-70.0
-63.3938967251
-59.6504382026
-58.8037161508
-65.2780323048
-70.0
-70.0
-70.0
-70.0
-70.0
-70.0
-70.0
-70.0
-70.0
-70.0
-70.0
-70.0
-70.0
-70.0
-70.0
-70.0
-70.0
-65.3385820514
-62.6971118806
-61.355659382
-60.8389325702
-60.8342653974
-61.1369895805
-61.9130647927
-64.593630251
-70.0
-70.0
-70.0
-70.0
-70.0
-70.0
-70.0
-70.0
-70.0
-70.0
-70.0
-70.0
-70.0
-70.0
-70.0
-70.0
-70.0
-70.0
-70.0
-70.0
-70.0
-70.0
-70.0
-70.0
-70.0
-70.0
-70.0
-70.0
-70.0
-70.0
-70.0
-70.0
-70.0
-70.0
-70.0
-70.0
-70.0
-70.0
-70.0
-63.2605906388
-59.4415920007
-58.1070512315
-60.5740664024
-66.6188583467
-70.0
-70.0
-70.0
-70.0
-70.0
-70.0
-70.0
-70.0
-70.0
-70.0
-70.0
-70.0
-70.0
-70.0
-70.0
-70.0
-70.0
-70.0
-70.0
-70.0
-70.0
-70.0
-68.943229151
-70.0
-70.0
-70.0
-70.0
-70.0
-70.0
-70.0
-70.0
-70.0
-70.0
-70.0
-70.0
-70.0
-70.0
-70.0
-70.0
-70.0
-70.0
-70.0
-70.0
-70.0
-70.0
-70.0
-70.0
-70.0
-70.0
-70.0
-70.0
-70.0
-70.0
-70.0
-70.0
-70.0
-70.0
-70.0
-70.0
-70.0
-70.0
-70.0
-70.0
-70.0
-70.0
-70.0
-70.0
-70.0
-64.5955223332
-61.5329849886
-59.9776964156
-59.3786000579
0
-70.0
-70.0
-70.0
-70.0
-70.0
-70.0
-70.0
-70.0
-70.0
-70.0
-70.0
-70.0
-70.0
-70.0
-70.0
-70.0
-70.0
-70.0
-70.0
-70.0
-70.0
-70.0
-70.0
-70.0
-70.0
-70.0
-70.0
-70.0
-70.0
-70.0
-70.0
-70.0
-64.3775650928
-61.1915186454
-59.5735068221
-58.9502495007
-58.9446201245
-59.616508774
-64.6313167392
-70.0
-70.0
-70.0
-70.0
-70.0
-70.0
-70.0
-70.0
-70.0
-63.3887287804
-59.7928840114
-58.5866779619
-60.0765766713
-64.2091296299
-68.9183596574
-66.1911665999
-65.5290367702
-65.28079098
-65.2891504733
-65.4511944868
-65.7000477453
-65.9926914423
-66.3018546123
-67.9801240403
-70.0
-70.0
-70.0
-70.0
-67.39477733
-65.9184844837
-65.1687592931
-59.979161832
-57.1994312942
-55.9582785951
-55.6816443558
-55.9929423337
-56.6466230426
-60.6779964609
-70.0
-70.0
-70.0
-70.0
-70.0
-70.0
-70.0
-70.0
-70.0
-70.0
-70.0
-70.0
-70.0
-70.0
-70.0
-70.0
-65.27031109
-62.590154041
-61.2290546769
-60.7047599025
-60.7000243745
-61.0071822452
-61.6449670096
-63.6770468904
-68.2995841707
-70.0
-70.0
-69.686315301
-69.6170210549
-69.7123692684
-69.7791658875
-69.8266049961
-69.8608482947
-69.886032664
-69.9049421968
-69.91945651
-69.9308498808
-70.0
-70.0
-70.0
-70.0
-70.0
-70.0
-70.0
-70.0
-70.0
-70.0
-63.4740640278
-59.7760336436
-57.8980142916
-57.635453117
-63.8570240267
-70.0
-70.0
-70.0
-70.0
-70.0
-70.0
-70.0
-70.0
-70.0
-70.0
-70.0
-70.0
-70.0
-70.0
-70.0
-70.0
-70.0
-70.0
-70.0
-70.0
-70.0
-64.1013465199
-60.7587762146
-59.0612748242
-58.4073981625
-59.0122616001
-62.8047376435
-68.0782582952
-70.0
-70.0
-70.0
-70.0
-70.0
-70.0
-70.0
-70.0
-70.0
-70.0
-70.0
-70.0
-70.0
-70.0
-70.0
-70.0
-70.0
-70.0
-70.0
-70.0
-63.3462530934
-59.575796513
-57.6609960144
-56.923415848
-57.6813210014
-65.9243698519
-70.0
-70.0
-70.0
-70.0
-70.0
-70.0
-70.0
-70.0
-70.0
-70.0
-70.0
-70.0
-70.0
-70.0
-70.0
-70.0
-70.0
-70.0
-70.0
-70.0
-70.0
-70.0
-70.0
-70.0
-70.0
-70.0
-70.0
-70.0
-70.0
-70.0
-70.0
-70.0
-70.0
-70.0
-70.0
-70.0
-70.0
-70.0
-70.0
-70.0
-64.1155920136
-64.788720681
-70.0
-70.0
-70.0
-70.0
-70.0
-70.0
-70.0
-70.0
-70.0
-70.0
-70.0
-70.0
-70.0
-70.0
-70.0
-70.0
-70.0
-70.0
-66.2320896324
-64.096940424
-63.0126195516
-62.5949397097
-62.5911671476
-62.8358647054
-63.2214877499
-63.678811985
-67.5466062276
-70.0
-70.0
-70.0
-70.0
-70.0
-70.0
-70.0
-70.0
-70.0
-70.0
-70.0
-70.0
-70.0
-70.0
-70.0
-70.0
-70.0
-70.0
-70.0
-70.0
-70.0
-70.0
-70.0
-70.0
-70.0
-70.0
-70.0
-70.0
-70.0
-70.0
-70.0
-70.0
-70.0
-70.0
-64.0861131082
-60.7349105362
-59.0330253084
-58.3774599948
-58.3715388069
-58.7556014672
-59.822716924
-67.1068133012
-70.0
-70.0
-70.0
-70.0
-70.0
-70.0
-70.0
-70.0
-70.0
-70.0
-70.0
-70.0
-70.0
-70.0
-70.0
-70.0
-70.0
-70.0
-70.0
-70.0
-70.0
-70.0
-70.0
-70.0
-63.3050094626
-59.6669130516
-59.8378526964
-56.9334725219
-61.665771006
-67.6478274055
-70.0
-67.5391230009
-66.1446260348
-65.4364403206
-65.1636475481
-59.5907688953
-56.5940160738
-55.2428305118
-54.9240248241
-56.3193797333
-65.1769970377
-70.0
-70.0
-70.0
-67.9943308731
-66.8577850346
-66.2805980303
-66.0582658934
-66.0562577481
-66.186510936
-66.3917791509
-66.6352141081
-66.8934346122
-67.1519190942
-67.5551691449
-63.6460526288
-64.9300181954
-67.4340231508
-69.3005578487
-70.0
-70.0
-64.1502252501
-60.8353528918
-59.1519177137
-58.5034593498
-58.4976023531
-59.8094929652
-66.9760510799
-70.0
-70.0
-70.0
-70.0
-65.8324852217
-63.4708935141
-62.2715753723
-61.8095986415
-61.8054259817
-62.076074853
-62.5025950141
-63.3186203987
-65.8837321526
-70.0
-70.0
-70.0
-70.0
-70.0
-70.0
-70.0
-70.0
-70.0
-70.0
-70.0
-70.0
-70.0
-70.0
-70.0
-70.0
-70.0
-70.0
-70.0
-70.0
-70.0
-70.0
-70.0
-70.0
-70.0
-65.8484268866
-66.5885999856
-67.613656689
-68.5720243769
-69.1946441771
-69.5950612513
-69.8488094541
-70.0
-70.0
-70.0
-70.0
-70.0
-70.0
-70.0
-70.0
-65.6347591091
-63.1611226043
-61.9049032812
-61.4210082447
-61.4166376146
-61.8535585309
-62.8466550409
-64.3046482908
-66.1461660013
-68.6114600875
-70.0
-70.0
-70.0
-70.0
-70.0
-70.0
-64.0157489095
-60.6246732916
-59.049481558
-58.4693837992
-58.8179910354
-62.3618234357
-70.0
-70.0
-70.0
-70.0
-70.0
-70.0
-70.0
-70.0
-70.0
-70.0
-70.0
-70.0
-70.0
-70.0
-70.0
-70.0
-70.0
-70.0
-65.0966082243
-62.3180195514
-60.9069323626
-60.3633823039
-54.7956414543
0
-70.0
-70.0
-70.0
-70.0
-70.0
-70.0
-70.0
-70.0
-70.0
-70.0
-70.0
-63.7997219849
-57.9780540263
-54.8857847836
-54.6264810157
-63.7104151968
-70.0
-70.0
-70.0
-70.0
-70.0
-70.0
-70.0
-70.0
-70.0
-70.0
-70.0
-70.0
-70.0
-70.0
-70.0
-70.0
-70.0
-70.0
-70.0
-70.0
-70.0
-70.0
-70.0
-70.0
-70.0
-70.0
-70.0
-70.0
-70.0
-70.0
-70.0
-64.5391601209
-61.4446841894
-59.8731758241
-59.2678316109
-59.2623640292
-59.6170046793
-62.0532562783
-70.0
-70.0
-70.0
-70.0
-70.0
-70.0
-70.0
-70.0
-70.0
-70.0
-70.0
-70.0
-70.0
-70.0
-70.0
-70.0
-70.0
-70.0
-70.0
-70.0
-70.0
-70.0
-70.0
-70.0
-70.0
-70.0
-70.0
-70.0
-70.0
-70.0
-70.0
-70.0
-70.0
-70.0
-70.0
-70.0
-70.0
-63.3998012502
-59.6596886253
-58.2323659668
-58.0807796485
-55.1881635236
-56.1048871857
-58.6910634405
-61.0911450999
-62.8281559256
-64.2469417914
-65.2899819178
-66.0728065964
-60.1850605417
-57.2870760181
-58.9532293863
-66.4244699971
-70.0
-70.0
-70.0
-70.0
-70.0
-70.0
-70.0
-70.0
-70.0
-70.0
-70.0
-70.0
-70.0
-70.0
-70.0
-70.0
-70.0
-70.0
-70.0
-70.0
-70.0
-70.0
-70.0
-70.0
-70.0
-70.0
-70.0
-70.0
-70.0
-70.0
-70.0
-70.0
-70.0
-70.0
-70.0
-70.0
-70.0
-70.0
-70.0
-70.0
-70.0
-70.0
-70.0
-70.0
-70.0
-70.0
-70.0
-70.0
-70.0
-70.0
-70.0
-70.0
-70.0
-70.0
-70.0
-70.0
-70.0
-70.0
-70.0
-70.0
-70.0
-70.0
-70.0
-70.0
-70.0
-70.0
-70.0
-70.0
-70.0
-70.0
-70.0
-70.0
-70.0
-70.0
-70.0
-70.0
-70.0
-70.0
-70.0
-70.0
-70.0
-70.0
-70.0
-70.0
-70.0
-70.0
-70.0
-70.0
-70.0
-70.0
-70.0
-70.0
-70.0
-70.0
-70.0
-70.0
-70.0
-70.0
-70.0
-70.0
-70.0
-70.0
-70.0
-70.0
-70.0
-70.0
-70.0
-70.0
-70.0
-70.0
-70.0
-70.0
-70.0
-70.0
-70.0
-70.0
-70.0
-70.0
-70.0
-70.0
-70.0
-70.0
-70.0
-70.0
-70.0
-70.0
-70.0
-70.0
-70.0
-70.0
-70.0
-70.0
-63.4101501942
-59.6759019709
-57.7794896379
-57.5185467982
-57.9385406229
-61.4359737004
-70.0
-70.0
-70.0
-70.0
-70.0
-70.0
-70.0
-70.0
-70.0
-70.0
-70.0
-70.0
-70.0
-70.0
-70.0
-70.0
-70.0
-70.0
-70.0
-70.0
-70.0
-70.0
-70.0
-70.0
-70.0
-70.0
-70.0
-70.0
-70.0
-70.0
-70.0
-70.0
-70.0
-70.0
-70.0
-70.0
-70.0
-70.0
-70.0
-70.0
-70.0
-70.0
-70.0
-70.0
-70.0
-70.0
-70.0
-70.0
-70.0
-70.0
-70.0
-70.0
-70.0
-70.0
-70.0
-70.0
-70.0
-70.0
-70.0
-70.0
-70.0
-70.0
-70.0
-70.0
-70.0
-70.0
-70.0
-70.0
-70.0
-70.0
-70.0
-70.0
-70.0
-70.0
-70.0
-70.0
-70.0
-70.0
-70.0
-70.0
-70.0
-70.0
-70.0
-70.0
-70.0
-70.0
-70.0
-70.0
-70.0
-70.0
-70.0
-70.0
-70.0
-70.0
-70.0
-70.0
-70.0
-70.0
-70.0
-70.0
-70.0
-70.0
-70.0
-70.0
-70.0
-70.0
-70.0
-70.0
-70.0
-70.0
-70.0
-70.0
-70.0
-70.0
-70.0
-70.0
-70.0
-70.0
-63.3710243682
-59.6146048435
-58.8149205283
-66.5799610121
-70.0
-70.0
-70.0
-70.0
-70.0
-70.0
-70.0
-70.0
-70.0
-70.0
-70.0
-70.0
-70.0
-70.0
-70.0
-70.0
-70.0
-70.0
-70.0
-70.0
-70.0
-70.0
-70.0
-70.0
-70.0
-70.0
-63.2371259337
-60.0382149353
-60.6829528927
-65.9664720055
-70.0
-70.0
-70.0
-70.0
-70.0
-70.0
-70.0
-70.0
-70.0
-70.0
-70.0
-70.0
-70.0
-70.0
-70.0
-70.0
-70.0
-70.0
-70.0
-70.0
-70.0
-70.0
-70.0
-70.0
-70.0
-70.0
-70.0
-70.0
-70.0
-70.0
-70.0
-70.0
-70.0
-70.0
-70.0
-70.0
-70.0
-70.0
-70.0
-70.0
-70.0
-70.0
-70.0
-70.0
-70.0
-70.0
-70.0
-70.0
-70.0
-70.0
-70.0
-70.0
-70.0
-70.0
-70.0
-70.0
-70.0
-70.0
-70.0
-70.0
-70.0
-70.0
-70.0
-70.0
-70.0
-70.0
-70.0
-70.0
-70.0
-70.0
-70.0
-70.0
-70.0
-70.0
-70.0
-70.0
-70.0
-70.0
-70.0
-70.0
-70.0
-70.0
-68.6072933461
-70.0
-69.3692710679
-69.2520195805
-69.2066013687
-69.2057970627
-69.2317879103
-69.2729894885
-69.3219441192
-69.3739187603
-62.8071944226
-59.586715398
-62.5985455043
-70.0
-70.0
-70.0
-70.0
-70.0
-70.0
-70.0
-70.0
-70.0
-70.0
-70.0
-70.0
-70.0
-70.0
-70.0
-70.0
-70.0
-70.0
-70.0
-66.9532071096
-65.2266911384
-64.349891851
-64.0121492169
-64.0090986625
-64.2069650412
-64.5187860336
-64.8885857613
-65.5972686275
-70.0
-70.0
-70.0
-70.0
-68.3597195141
-67.4302272388
-66.9581909656
-66.7763628362
-66.7747205307
-66.881244463
-67.0491173403
-67.248203822
-67.4593822503
-67.8289595868
-70.0
-70.0
-70.0
-70.0
-70.0
-70.0
-70.0
-70.0
-70.0
-70.0
-70.0
-70.0
-70.0
-70.0
-70.0
-70.0
-70.0
-70.0
-70.0
-68.0893972602
-67.0067223743
-66.4568933636
-66.2450995117
-66.2431865502
-66.3672658883
-66.5628046282
-66.7947010512
-67.3574336131
-69.0547405549
-70.0
-70.0
-70.0
-70.0
-70.0
-65.7279536234
-63.3071273434
-62.0777273306
-61.6041630785
-61.599885758
-61.8773231738
-62.3145415175
-63.154425202
-62.1919871941
-67.1478857917
-70.0
-70.0
-70.0
-70.0
-70.0
-70.0
-70.0
-70.0
-70.0
-70.0
-70.0
-70.0
-70.0
-70.0
-70.0
-70.0
-70.0
-70.0
-70.0
-66.2657011385
-64.1495984504
-63.0749502224
-62.6609962783
-62.6572573692
-62.8997721114
-63.2819552197
-64.0500736605
-65.1824659682
-70.0
-70.0
-70.0
-70.0
-70.0
-70.0
-70.0
-70.0
-70.0
-70.0
-70.0
-70.0
-70.0
-70.0
-70.0
-70.0
-70.0
-70.0
-70.0
-70.0
-70.0
-70.0
-70.0
-70.0
-63.7457463941
-60.2016693508
-58.4018341465
-57.7085385523
0
-70.0
-70.0
-70.0
-70.0
-70.0
-70.0
-70.0
-70.0
-70.0
-64.7000640049
-61.696766941
-60.1715631379
-59.5840554182
-59.578748939
-59.9229400869
-57.5616549865
-64.9315183666
-70.0
-70.0
-70.0
-70.0
-70.0
-70.0
-70.0
-70.0
-63.8658872288
-60.3898899918
-58.6246286499
-57.9446508897
-57.938509204
-58.9857561201
-64.3354534115
-70.0
-70.0
-70.0
-70.0
-70.0
-70.0
-64.5548552596
-61.46927324
-59.9022815869
-59.2986772088
-59.2932253417
-59.64684671
-60.5253962948
-62.9749088899
-67.4019139558
-70.0
-70.0
-70.0
-70.0
-70.0
-70.0
-70.0
-70.0
-70.0
-70.0
-70.0
-70.0
-70.0
-70.0
-70.0
-70.0
-70.0
-70.0
-70.0
-70.0
-70.0
-70.0
-70.0
-70.0
-70.0
-70.0
-70.0
-70.0
-70.0
-70.0
-70.0
-64.7106685966
-61.7133808014
-60.1912287642
-59.6048965831
-59.5996007217
-59.9431031807
-60.4844345502
-61.286840347
-65.1497600024
-67.0545036161
-70.0
-70.0
-70.0
-70.0
-70.0
-70.0
-70.0
-70.0
-70.0
-70.0
-70.0
-70.0
-70.0
-67.1577094517
-70.0
-70.0
-70.0
-70.0
-70.0
-70.0
-70.0
-70.0
-70.0
-70.0
-70.0
-63.3709835099
-59.9388869865
-62.7621200266
-70.0
-70.0
-70.0
-70.0
-70.0
-70.0
-70.0
-70.0
-70.0
-70.0
-70.0
-70.0
-70.0
-70.0
-70.0
-70.0
-70.0
-70.0
-70.0
-70.0
-70.0
-70.0
-70.0
-63.5446848108
-59.8866728703
-58.0289766103
-58.3047262688
-61.6361712921
-65.7133599307
-69.1831332496
-70.0
-70.0
-70.0
-70.0
-63.6379897076
-60.0328505419
-58.2020053578
-57.827114079
-58.5036943422
-60.5950260185
-64.7615096767
-70.0
-70.0
-70.0
-70.0
-70.0
-70.0
-70.0
-70.0
-70.0
-70.0
-70.0
-70.0
-70.0
-66.8122725155
-67.1149242635
-68.1706246165
-69.0240434459
-69.5686266286
-69.9097556507
-70.0
-70.0
-70.0
-70.0
-70.0
-70.0
-70.0
-70.0
-70.0
-70.0
-70.0
-70.0
-70.0
-70.0
-63.6398756919
-57.7559781673
-54.6337737136
0
-70.0
-70.0
-70.0
-70.0
-70.0
-70.0
-70.0
-70.0
-70.0
-70.0
-70.0
-70.0
-70.0
-70.0
-70.0
-70.0
-70.0
-70.0
-70.0
-70.0
-70.0
-70.0
-70.0
-70.0
-70.0
-70.0
-70.0
-70.0
-70.0
-70.0
-70.0
-70.0
-70.0
-70.0
-70.0
-70.0
-70.0
-70.0
-70.0
-70.0
-70.0
-70.0
-70.0
-70.0
-70.0
-70.0
-70.0
-70.0
-70.0
-70.0
-70.0
-70.0
-70.0
-70.0
-70.0
-70.0
-70.0
-70.0
-70.0
-70.0
-70.0
-70.0
-70.0
-70.0
-70.0
-70.0
-70.0
-70.0
-70.0
-70.0
-70.0
-70.0
-70.0
-70.0
-70.0
-70.0
-70.0
-70.0
-67.6121250921
-66.2589959776
-65.571818643
-65.3071182874
-65.3047274645
-65.4598020553
-65.7041867412
-65.9940113281
-66.9465063688
-70.0
-70.0
-70.0
-70.0
-70.0
-70.0
-70.0
-70.0
-70.0
-70.0
-70.0
-70.0
-70.0
-70.0
-70.0
-70.0
-70.0
-70.0
-70.0
-70.0
-70.0
-70.0
-70.0
-70.0
-70.0
-70.0
-70.0
-70.0
-70.0
-70.0
-70.0
-70.0
-70.0
-70.0
-70.0
-70.0
-70.0
-70.0
-70.0
-70.0
-70.0
-70.0
-70.0
-70.0
-70.0
-70.0
-70.0
-70.0
-70.0
-65.1068846532
-62.33411929
-60.9259894291
-60.3835785315
-60.3786793753
-60.6964505691
-61.1972315997
-62.5969388853
-64.9881379525
-70.0
-70.0
-70.0
-70.0
-70.0
-70.0
-70.0
-70.0
-70.0
-70.0
-70.0
-70.0
-70.0
-66.2087200837
-70.0
-70.0
-70.0
-70.0
-70.0
-70.0
-70.0
-70.0
-70.0
-70.0
-70.0
-70.0
-70.0
-70.0
-70.0
-70.0
-70.0
-70.0
-70.0
-70.0
-70.0
-70.0
-70.0
-70.0
-70.0
-63.6021278553
-59.9766669734
-58.1355015451
-57.4262855699
-59.0688650574
-64.5210545203
-69.7921629881
-70.0
-70.0
-70.0
-70.0
-70.0
-70.0
-70.0
-70.0
-70.0
-70.0
-70.0
-70.0
-70.0
-70.0
-70.0
-70.0
-70.0
-70.0
-70.0
-70.0
-70.0
-70.0
-70.0
-70.0
-70.0
-70.0
-70.0
-70.0
-70.0
-70.0
-70.0
-70.0
-70.0
-70.0
-70.0
-70.0
-70.0
-70.0
-70.0
-70.0
-70.0
-70.0
-70.0
-70.0
-70.0
-70.0
-70.0
-70.0
-70.0
-70.0
-70.0
-70.0
-70.0
-70.0
-70.0
-70.0
-70.0
-70.0
-70.0
-70.0
-70.0
-70.0
-70.0
-70.0
-70.0
-70.0
-70.0
-67.6834955091
-66.3708096309
-65.7041711163
-65.4473823036
-65.4450629393
-65.595502556
-65.8325829075
-66.1137450215
-66.4119841225
-60.720624368
-64.1935680413
-70.0
-70.0
-70.0
-70.0
-70.0
-65.3399700131
-62.6992863538
-61.3582332798
-60.8416603261
-60.8369945429
-61.1396285883
-61.6165547293
-62.5061585893
-66.3845316939
-70.0
-70.0
-70.0
-70.0
-70.0
-70.0
-70.0
-70.0
-64.165195812
-60.8588067722
-59.1796797892
-58.5328809397
0
-70.0
-70.0
-70.0
-70.0
-70.0
-70.0
-70.0
-70.0
-70.0
-70.0
-70.0
-70.0
-70.0
-70.0
-70.0
-70.0
-70.0
-70.0
-70.0
-70.0
-70.0
-70.0
-70.0
-70.0
-70.0
-70.0
-63.3217521083
-59.5374116363
-58.7851130716
-62.5063553261
-69.486075875
-70.0
-70.0
-70.0
-70.0
-70.0
-70.0
-70.0
-70.0
-70.0
-70.0
-70.0
-70.0
-70.0
-70.0
-70.0
-68.9356196927
-68.3324708519
-68.0261658524
-67.9081773242
-67.9071116299
-67.9762351589
-68.0851681044
-68.2143556015
-68.3513895798
-68.4885636474
-69.6070321391
-70.0
-70.0
-70.0
-70.0
-70.0
-70.0
-70.0
-70.0
-70.0
-70.0
-70.0
-70.0
-70.0
-70.0
-70.0
-70.0
-70.0
-70.0
-70.0
-70.0
-70.0
-70.0
-70.0
-70.0
-70.0
-70.0
-70.0
-70.0
-70.0
-70.0
-70.0
-70.0
-70.0
-70.0
-70.0
-70.0
-63.9049443751
-60.451079521
-58.6970579578
-58.0214097547
-58.0153071743
-59.3939030453
-65.33103265
-70.0
-70.0
-70.0
-70.0
-70.0
-70.0
-70.0
-70.0
-70.0
-70.0
-70.0
-63.4132642464
-59.6807806526
-58.4476248297
-63.5304784063
-70.0
-70.0
-70.0
-70.0
-70.0
-70.0
-70.0
-70.0
-70.0
-63.5724836845
-59.930224439
-58.2485528282
-59.2975182121
-63.7970721174
-70.0
-69.1723955752
-68.7034197344
-68.6026531092
-68.5887713638
-68.6274832711
-68.6964609731
-68.7812988952
-68.8728250186
-68.965313192
-69.0552956563
-69.1407752797
-69.7262478722
-70.0
-70.0
-70.0
-70.0
-70.0
-70.0
-70.0
-70.0
-70.0
-70.0
-70.0
-70.0
-70.0
-70.0
-70.0
-70.0
-70.0
-70.0
-70.0
