-70.0
-63.0
-59.0333333333
-57.0188888889
-56.2429259259
-56.235917284
-56.690514856
-57.406922904
-58.2565369693
-59.1577541762
-62.8659804029
-70.0
-70.0
-70.0
-70.0
-70.0
-70.0
-70.0
-70.0
-67.4977817273
-66.0798580394
-65.3597752253
-65.082399696
-65.0798943886
-65.2423947245
-65.4984817686
-65.8021846028
-66.1243334832
-66.4468116953
-66.7587382327
-67.0539362141
-67.3292571291
-70.0
-70.0
-70.0
-70.0
-70.0
-70.0
-70.0
-70.0
-70.0
-70.0
-70.0
-70.0
-70.0
-70.0
-70.0
-70.0
-70.0
-70.0
-70.0
-70.0
-70.0
-70.0
-70.0
-70.0
-70.0
-70.0
-70.0
-70.0
-70.0
-70.0
-70.0
-70.0
-70.0
-70.0
-70.0
-70.0
-70.0
-70.0
-70.0
-70.0
-70.0
-63.0330480479
-70.0
-70.0
-70.0
-70.0
-70.0
-70.0
-70.0
-70.0
-70.0
-70.0
-70.0
-70.0
-70.0
-70.0
-70.0
-70.0
-70.0
-63.1450687634
-59.2606077293
-57.2879108512
-56.5280290294
-63.0965826559
-70.0
-70.0
-70.0
-70.0
-70.0
-70.0
-70.0
-70.0
-70.0
-70.0
-70.0
-70.0
-70.0
-63.2634424756
-59.4460598785
-57.5074283242
-56.7606684475
-56.7539235733
-57.1914125296
-65.9318720173
-70.0
-70.0
-70.0
-70.0
-70.0
-70.0
-70.0
-70.0
-70.0
-70.0
-70.0
-64.3750730698
-61.187614476
-59.5688855039
-58.9453519371
-58.9397200659
-59.3050169409
-59.8806945012
-60.5634112207
-61.2875942117
-62.0125175326
-70.0
-70.0
-70.0
-70.0
-70.0
-70.0
-70.0
-70.0
-65.9663002977
-63.6805371331
-62.5197279965
-62.0725849147
-62.0685462351
-62.3305048195
-62.7433298095
-63.2329138099
-63.7522337498
-64.2720845887
-64.7749256058
-67.8482796138
-70.0
-70.0
-70.0
-70.0
-70.0
-70.0
-70.0
-70.0
-70.0
-70.0
-70.0
-70.0
-70.0
-70.0
-70.0
-70.0
-70.0
-70.0
-70.0
-70.0
-70.0
-70.0
-70.0
-70.0
-70.0
-70.0
-70.0
-70.0
-70.0
-70.0
-70.0
-70.0
-70.0
-70.0
-70.0
-70.0
-70.0
-70.0
-70.0
-70.0
-70.0
-70.0
-69.2434177061
-70.0
-70.0
-70.0
-70.0
-70.0
-70.0
-70.0
-70.0
-70.0
-70.0
-70.0
-70.0
-70.0
-70.0
-70.0
-70.0
-70.0
-63.054353913
-59.1184877971
-57.119685201
-70.0
-70.0
-70.0
-70.0
-70.0
-70.0
-70.0
-70.0
-70.0
-70.0
-70.0
-70.0
-70.0
-70.0
-70.0
-63.3064877369
-59.5134974545
-57.5872533699
-56.8452651401
-56.8385633642
-57.2732568532
-66.4760544298
-70.0
-70.0
-70.0
-70.0
-70.0
-70.0
-70.0
-70.0
-70.0
-70.0
-70.0
-63.6043850981
-59.9802033203
-58.1396874763
-57.4307217207
-57.42431821
-57.8396654965
-58.4942183519
-61.5959440322
-70.0
-70.0
-70.0
-70.0
-70.0
-70.0
-70.0
-70.0
-70.0
-70.0
-64.0360842461
-60.6565319855
-58.940249563
-58.2791384574
-58.2731671788
-58.660478839
-59.2708498738
-59.9947108323
-60.7625370463
-61.5311482064
-62.6118350016
-63.5065192453
-70.0
-70.0
-70.0
-70.0
-70.0
-70.0
-70.0
-70.0
-70.0
-70.0
-70.0
-70.0
-70.0
-70.0
-70.0
-70.0
-70.0
-70.0
-70.0
-70.0
-70.0
-70.0
-70.0
-70.0
-70.0
-70.0
-70.0
-70.0
-70.0
-70.0
-70.0
-70.0
-70.0
-70.0
-70.0
-70.0
-70.0
-70.0
-70.0
-70.0
-70.0
-70.0
-70.0
-70.0
-70.0
-70.0
-70.0
-70.0
-70.0
-70.0
-70.0
-70.0
-70.0
-70.0
-70.0
-70.0
-70.0
-70.0
-70.0
-70.0
-63.0844412102
-59.1656245627
-57.175480422
-64.9277960877
-70.0
-70.0
-70.0
-70.0
-70.0
-70.0
-70.0
-70.0
-70.0
-70.0
-70.0
-70.0
-70.0
-70.0
-63.4290883028
-59.7055716744
-57.8146093082
-57.0862115782
-57.0796325543
-57.5063640548
-58.1788574866
-67.2633984916
-70.0
-70.0
-70.0
-70.0
-70.0
-70.0
-70.0
-70.0
-70.0
-70.0
-63.9455252866
-60.5146562823
-58.7723130037
-58.1011632697
-58.0951013204
-58.4882941067
-59.1079333083
-59.842785719
-60.6222709748
-70.0
-70.0
-70.0
-70.0
-70.0
-70.0
-70.0
-70.0
-70.0
-66.0234164961
-63.7700191772
-62.6256468133
-62.1848351678
-62.1808536749
-62.4391029901
-62.8460824795
-63.3287340904
-63.8407005874
-64.3531904659
-64.8489113775
-65.3180468786
-70.0
-70.0
-70.0
-70.0
-70.0
-70.0
-70.0
-70.0
-70.0
-70.0
-70.0
-70.0
-70.0
-70.0
-70.0
-70.0
-70.0
-70.0
-70.0
-70.0
-70.0
-70.0
-70.0
-70.0
-70.0
-70.0
-70.0
-70.0
-70.0
-70.0
-70.0
-70.0
-70.0
-70.0
-70.0
-70.0
-70.0
-70.0
-70.0
-70.0
-70.0
-70.0
-67.7371138576
-70.0
-70.0
-70.0
-70.0
-70.0
-70.0
-70.0
-70.0
-70.0
-70.0
-70.0
-70.0
-70.0
-70.0
-70.0
-70.0
-70.0
-63.1231699011
-59.2262995117
-57.2473006276
-56.4849912763
-64.3662983077
-70.0
-70.0
-70.0
-70.0
-70.0
-70.0
-70.0
-70.0
-70.0
-70.0
-70.0
-70.0
-70.0
-63.3085268012
-59.5166919885
-57.5910347013
-56.8492725056
-56.8425727713
-57.2771338384
-70.0
-70.0
-70.0
-70.0
-70.0
-70.0
-70.0
-70.0
-70.0
-70.0
-70.0
-70.0
-63.91880306
-60.4727914607
-58.722758119
-58.0486461768
-58.0425574722
-58.437485667
-59.0598597284
-59.7979555075
-60.5808811248
-69.6509456446
-70.0
-70.0
-70.0
-70.0
-70.0
-70.0
-70.0
-70.0
-66.3568792704
-64.2924441902
-63.2440350025
-62.8401883231
-62.8365407047
-63.0731341102
-63.4459856831
-63.8881637708
-64.3571984977
-64.8267127172
-65.2808641584
-65.7106595511
-70.0
-70.0
-70.0
-70.0
-70.0
-70.0
-70.0
-70.0
-70.0
-70.0
-70.0
-70.0
-70.0
-70.0
-70.0
-70.0
-70.0
-70.0
-70.0
-70.0
-70.0
-70.0
-70.0
-70.0
-70.0
-70.0
-70.0
-70.0
-70.0
-70.0
-70.0
-70.0
-70.0
-70.0
-70.0
-70.0
-70.0
-70.0
-70.0
-70.0
-70.0
-70.0
-70.0
-70.0
-70.0
-70.0
-70.0
-70.0
-70.0
-70.0
-70.0
-70.0
-70.0
-70.0
-70.0
-70.0
-70.0
-70.0
-70.0
-70.0
-63.0533055669
-59.383108659
-70.0
-70.0
-70.0
-70.0
-70.0
-70.0
-70.0
-70.0
-70.0
-70.0
-70.0
-70.0
-70.0
-70.0
-70.0
-70.0
-63.2145583777
-59.3694747917
-57.4167754804
-56.6645967109
-56.6578028922
-57.0984665046
-70.0
-70.0
-70.0
-70.0
-70.0
-70.0
-70.0
-70.0
-70.0
-70.0
-70.0
-70.0
-64.3717181188
-61.1823583861
-59.5626639336
-58.9387584643
-58.933123234
-59.2986379879
-59.8746589074
-60.5577828288
-61.282397754
-62.0077534507
-70.0
-70.0
-70.0
-70.0
-70.0
-70.0
-70.0
-70.0
-65.7720067482
-63.3761439056
-62.1594214031
-61.6907405216
-61.6865073086
-61.9610838038
-62.3937935742
-62.9069596506
-63.4512939747
-63.9961847701
-64.5232464216
-70.0
-70.0
-70.0
-70.0
-70.0
-70.0
-70.0
-70.0
-70.0
-70.0
-70.0
-70.0
-70.0
-70.0
-70.0
-70.0
-70.0
-70.0
-70.0
-70.0
-70.0
-70.0
-70.0
-70.0
-70.0
-70.0
-70.0
-70.0
-70.0
-70.0
-70.0
-70.0
-70.0
-70.0
-70.0
-70.0
-70.0
-70.0
-70.0
-70.0
-70.0
-70.0
-70.0
-69.9820165403
-70.0
-70.0
-70.0
-70.0
-70.0
-70.0
-70.0
-70.0
-70.0
-70.0
-70.0
-70.0
-70.0
-70.0
-70.0
-70.0
-70.0
-63.0538823893
-59.1177490766
-57.1188107864
-70.0
-70.0
-70.0
-70.0
-70.0
-70.0
-70.0
-70.0
-70.0
-70.0
-70.0
-70.0
-70.0
-70.0
-70.0
-63.449813344
-59.7380409055
-57.8530427456
-57.1269424248
-57.1203841515
-57.5457697158
-58.2161420639
-67.529423342
-70.0
-70.0
-70.0
-70.0
-70.0
-70.0
-70.0
-70.0
-70.0
-70.0
-64.0571456534
-60.6895281903
-58.9793067727
-58.3205303631
-58.3145801719
-58.7005240514
-59.3087395775
-60.0300442405
-60.795158897
-65.7875394228
-70.0
-70.0
-70.0
-70.0
-70.0
-70.0
-70.0
-70.0
-64.8682297584
-61.9602266216
-60.4834171854
-59.9145509508
-59.9094128451
-60.2426828868
-60.7678888156
-61.3907494123
-62.05144079
-62.7128075902
-63.352534084
-63.9579521775
-70.0
-70.0
-70.0
-70.0
-70.0
-70.0
-70.0
-70.0
-70.0
-70.0
-70.0
-70.0
-70.0
-70.0
-70.0
-70.0
-70.0
-70.0
-70.0
-70.0
-70.0
-70.0
-70.0
-70.0
-70.0
-70.0
-70.0
-70.0
-70.0
-70.0
-70.0
-70.0
-70.0
-70.0
-70.0
-70.0
-70.0
-70.0
-70.0
-70.0
-70.0
-70.0
-70.0
-70.0
-70.0
-70.0
-70.0
-70.0
-70.0
-70.0
-70.0
-70.0
-70.0
-70.0
-70.0
-70.0
-70.0
-70.0
-70.0
-70.0
-63.0811039536
-59.160396194
-57.1692916651
-67.7741158758
-70.0
-70.0
-70.0
-70.0
-70.0
-70.0
-70.0
-70.0
-70.0
-70.0
-70.0
-70.0
-70.0
-70.0
-63.4216410878
-59.6939043709
-57.8007988618
-57.0715755942
-57.0649891139
-57.4922042552
-58.1654598648
-68.6566649964
-70.0
-70.0
-70.0
-70.0
-70.0
-70.0
-70.0
-70.0
-70.0
-70.0
-63.9655308951
-60.5459984023
-58.8094122932
-58.140480218
-58.1344382989
-58.5263318708
-59.1439236183
-59.8763478795
-60.6532575069
-70.0
-70.0
-70.0
-70.0
-70.0
-70.0
-70.0
-70.0
-70.0
-66.0143292416
-63.7557824786
-62.6087950048
-62.1669760203
-62.162985429
-62.4218248932
-62.8297344086
-63.313488971
-63.8266254093
-64.3402864253
-64.8371401541
-65.3073477196
-70.0
-70.0
-70.0
-70.0
-70.0
-70.0
-70.0
-70.0
-70.0
-70.0
-70.0
-70.0
-70.0
-70.0
-70.0
-70.0
-70.0
-70.0
-70.0
-70.0
-70.0
-70.0
-70.0
-70.0
-70.0
-70.0
-70.0
-70.0
-70.0
-70.0
-70.0
-70.0
-70.0
-70.0
-70.0
-70.0
-70.0
-70.0
-70.0
-70.0
-70.0
-70.0
-67.7371138663
-70.0
-70.0
-70.0
-70.0
-70.0
-70.0
-70.0
-70.0
-70.0
-70.0
-70.0
-70.0
-70.0
-70.0
-70.0
-70.0
-70.0
-63.1231699011
-59.2262995117
-57.2473006276
-56.4849912763
-64.3662983077
-70.0
-70.0
-70.0
-70.0
-70.0
-70.0
-70.0
-70.0
-70.0
-70.0
-70.0
-70.0
-70.0
-63.3085268012
-59.5166919885
-57.5910347013
-56.8492725056
-56.8425727713
-57.2771338384
-70.0
-70.0
-70.0
-70.0
-70.0
-70.0
-70.0
-70.0
-70.0
-70.0
-70.0
-70.0
-63.91880306
-60.4727914607
-58.722758119
-58.0486461768
-58.0425574722
-58.437485667
-59.0598597284
-59.7979555075
-60.5808811248
-69.6509456446
-70.0
-70.0
-70.0
-70.0
-70.0
-70.0
-70.0
-70.0
-66.3568792704
-64.2924441902
-63.2440350025
-62.8401883231
-62.8365407047
-63.0731341102
-63.4459856831
-63.8881637708
-64.3571984977
-64.8267127172
-65.2808641584
-65.7106595511
-70.0
-70.0
-70.0
-70.0
-70.0
-70.0
-70.0
-70.0
-70.0
-70.0
-70.0
-70.0
-70.0
-70.0
-70.0
-70.0
-70.0
-70.0
-70.0
-70.0
-70.0
-70.0
-70.0
-70.0
-70.0
-70.0
-70.0
-70.0
-70.0
-70.0
-70.0
-70.0
-70.0
-70.0
-70.0
-70.0
-70.0
-70.0
-70.0
-70.0
-70.0
-70.0
-70.0
-70.0
-70.0
-70.0
-70.0
-70.0
-70.0
-70.0
-70.0
-70.0
-70.0
-70.0
-70.0
-70.0
-70.0
-70.0
-70.0
-70.0
-63.0533055669
-59.383108659
-70.0
-70.0
-70.0
-70.0
-70.0
-70.0
-70.0
-70.0
-70.0
-70.0
-70.0
-70.0
-70.0
-70.0
-70.0
-70.0
-63.2145583777
-59.3694747917
-57.4167754804
-56.6645967109
-56.6578028922
-57.0984665046
-70.0
-70.0
-70.0
-70.0
-70.0
-70.0
-70.0
-70.0
-70.0
-70.0
-70.0
-70.0
-64.4829700358
-61.3566530562
-59.7689744331
-59.1574014449
-59.1518776038
-59.510167379
-60.0748023315
-60.7444232253
-61.4547149873
-62.1657328784
-70.0
-70.0
-70.0
-70.0
-70.0
-70.0
-70.0
-70.0
-66.1148281289
-63.9132307353
-62.7951646079
-62.3644861113
-62.3605961429
-62.6129089571
-63.0105330137
-63.4820896806
-63.982287358
-64.4829963858
-64.967321923
-65.4256731812
-70.0
-70.0
-70.0
-70.0
-70.0
-70.0
-70.0
-70.0
-70.0
-70.0
-70.0
-70.0
-70.0
-70.0
-70.0
-70.0
-70.0
-70.0
-70.0
-70.0
-70.0
-70.0
-70.0
-70.0
-70.0
-70.0
-70.0
-70.0
-70.0
-70.0
-70.0
-70.0
-70.0
-70.0
-70.0
-70.0
-70.0
-70.0
-70.0
-70.0
-70.0
-70.0
-70.0
-70.0
-70.0
-70.0
-70.0
-70.0
-70.0
-70.0
-70.0
-70.0
-70.0
-70.0
-70.0
-70.0
-70.0
-70.0
-70.0
-70.0
-63.063294608
-59.1324948858
-57.136265223
-70.0
-70.0
-70.0
-70.0
-70.0
-70.0
-70.0
-70.0
-70.0
-70.0
-70.0
-70.0
-70.0
-70.0
-70.0
-63.3045662315
-59.510487096
-57.5836900448
-56.8414888126
-56.8347851129
-57.2696033893
-66.4725164544
-70.0
-70.0
-70.0
-70.0
-70.0
-70.0
-70.0
-70.0
-70.0
-70.0
-70.0
-63.6043830038
-59.9802000392
-58.1396835926
-57.4307176048
-57.424314092
-57.8396615145
-58.4942145843
-61.5959404443
-70.0
-70.0
-70.0
-70.0
-70.0
-70.0
-70.0
-70.0
-70.0
-70.0
-63.9189297522
-60.4729899451
-58.7229930627
-58.0488951645
-58.0428065868
-58.4377265539
-59.060087649
-59.7981680512
-70.0
-70.0
-70.0
-70.0
-70.0
-70.0
-70.0
-70.0
-70.0
-70.0
-63.8819084431
-60.4149898942
-58.6543391017
-57.9761373228
-57.970011678
-58.3673359019
-58.9934859062
-59.7360597119
-60.5237353382
-69.0125589983
-70.0
-70.0
-70.0
-70.0
-70.0
-70.0
-70.0
-70.0
-67.6796620775
-66.3648039214
-65.6970622303
-65.4398484747
-65.4375252722
-65.5882138416
-65.8256865218
-66.1073139126
-66.40604655
-66.7050845807
-66.9943379131
-67.2680786488
-70.0
-70.0
-70.0
-70.0
-70.0
-70.0
-70.0
-70.0
-70.0
-70.0
-70.0
-70.0
-70.0
-70.0
-70.0
-70.0
-70.0
-70.0
-70.0
-70.0
-70.0
-70.0
-70.0
-70.0
-70.0
-70.0
-70.0
-70.0
-70.0
-70.0
-70.0
-70.0
-70.0
-70.0
-70.0
-70.0
-70.0
-70.0
-70.0
-70.0
-70.0
-70.0
-70.0
-70.0
-70.0
-70.0
-70.0
-70.0
-70.0
-70.0
-70.0
-70.0
-70.0
-70.0
-70.0
-70.0
-70.0
-70.0
-70.0
-70.0
-63.053872805
-59.3839973319
-70.0
-70.0
-70.0
-70.0
-70.0
-70.0
-70.0
-70.0
-70.0
-70.0
-70.0
-70.0
-70.0
-70.0
-70.0
-70.0
-63.2192121967
-59.3767657748
-57.4254057292
-56.6737428442
-56.6669536851
-62.782658637
-70.0
-70.0
-70.0
-70.0
-70.0
-70.0
-70.0
-70.0
-70.0
-70.0
-70.0
-70.0
-63.5064702596
-59.8268034068
-57.9581098481
-57.2382900514
-57.2317885049
-57.6534946269
-58.3180684792
-59.1062105079
-68.4579310376
-70.0
-70.0
-70.0
-70.0
-70.0
-70.0
-70.0
-70.0
-70.0
-64.5100455799
-61.3990714085
-59.8191845253
-59.2106129113
-59.2051161791
-59.5616476006
-60.1235115334
-60.7898461753
-61.4966520879
-62.2041805659
-62.8885583005
-70.0
-70.0
-70.0
-70.0
-70.0
-70.0
-70.0
-70.0
-70.0
-70.0
-70.0
-70.0
-70.0
-70.0
-70.0
-70.0
-70.0
-70.0
-70.0
-70.0
-70.0
-70.0
-70.0
-70.0
-70.0
-70.0
-70.0
-70.0
-70.0
-70.0
-70.0
-70.0
-70.0
-70.0
-70.0
-70.0
-70.0
-70.0
-70.0
-70.0
-70.0
-70.0
-70.0
-70.0
-70.0
-70.0
-70.0
-70.0
-70.0
-70.0
-70.0
-70.0
-70.0
-70.0
-70.0
-70.0
-70.0
-70.0
-70.0
-70.0
-70.0
-70.0
-70.0
-70.0
-70.0
-70.0
-70.0
-70.0
-70.0
-70.0
-70.0
-70.0
-70.0
-70.0
-70.0
-70.0
-70.0
-70.0
-70.0
-70.0
-70.0
-70.0
-70.0
-70.0
-70.0
-70.0
-70.0
-70.0
-70.0
-70.0
-70.0
-70.0
-70.0
-70.0
-70.0
-70.0
-70.0
-63.0806774292
-59.1597279725
-65.2113234326
-70.0
-70.0
-70.0
-70.0
-70.0
-70.0
-70.0
-70.0
-70.0
-70.0
-70.0
-70.0
-70.0
-70.0
-70.0
-63.1266203063
-59.2317051466
-57.2536992125
-56.491772345
-61.2798232459
-70.0
-70.0
-70.0
-70.0
-70.0
-70.0
-70.0
-70.0
-70.0
-70.0
-70.0
-70.0
-70.0
-63.6677662863
-60.0795005152
-58.2572243688
-57.5552845352
-57.548944484
-57.9601756371
-58.6082418077
-59.3768067831
-68.0180456966
-70.0
-70.0
-70.0
-70.0
-70.0
-70.0
-70.0
-70.0
-70.0
-64.384645315
-61.2026109935
-59.5866367008
-58.9641642352
-58.958541948
-59.3232171774
-59.8979150758
-60.579469979
-61.3024205882
-62.0261102675
-70.0
-70.0
-70.0
-70.0
-70.0
-70.0
-70.0
-70.0
-67.9369056444
-66.7678188429
-66.1741061339
-65.945408304
-65.9433426626
-66.077325189
-66.2884705319
-66.5388753866
-66.8044891198
-67.0703743891
-67.3275597377
-67.5709522889
-67.7979560767
-70.0
-70.0
-70.0
-70.0
-70.0
-70.0
-70.0
-70.0
-70.0
-70.0
-70.0
-70.0
-70.0
-70.0
-70.0
-70.0
-70.0
-70.0
-70.0
-70.0
-70.0
-70.0
-70.0
-70.0
-70.0
-70.0
-70.0
-70.0
-70.0
-70.0
-70.0
-70.0
-70.0
-70.0
-70.0
-70.0
-70.0
-70.0
-70.0
-70.0
-70.0
-63.0233156956
-70.0
-70.0
-70.0
-70.0
-70.0
-70.0
-70.0
-70.0
-70.0
-70.0
-70.0
-70.0
-70.0
-70.0
-70.0
-70.0
-70.0
-63.1187368902
-59.2193544613
-57.2390798553
-56.4762790965
-69.952813208
-70.0
-70.0
-70.0
-70.0
-70.0
-70.0
-70.0
-70.0
-70.0
-70.0
-70.0
-70.0
-70.0
-63.3036328852
-59.5090248535
-57.5819592061
-56.8396545107
-56.8329498765
-57.2678287667
-69.2709049282
-70.0
-70.0
-70.0
-70.0
-70.0
-70.0
-70.0
-70.0
-70.0
-70.0
-70.0
-64.2973117243
-61.065788368
-59.4246814087
-58.7925278528
-58.7868181242
-59.1571650162
-59.7408009842
-60.4329558655
-61.1671502654
-61.9020952299
-70.0
-70.0
-70.0
-70.0
-70.0
-70.0
-70.0
-70.0
-70.0
-70.0
-70.0
-70.0
-70.0
-70.0
-70.0
-70.0
-70.0
-70.0
-70.0
-70.0
-70.0
-70.0
-70.0
-70.0
-70.0
-70.0
-70.0
-70.0
-70.0
-70.0
-70.0
-70.0
-70.0
-70.0
-70.0
-70.0
-70.0
-70.0
-70.0
-70.0
-70.0
-70.0
-70.0
-70.0
-70.0
-70.0
-70.0
-70.0
-70.0
-70.0
-70.0
-70.0
-70.0
-70.0
-70.0
-70.0
-70.0
-70.0
-70.0
-70.0
-70.0
-70.0
-63.0377220626
-67.6111903563
-70.0
-70.0
-70.0
-70.0
-70.0
-70.0
-70.0
-70.0
-70.0
-70.0
-70.0
-70.0
-70.0
-70.0
-70.0
-70.0
-63.1328066128
-59.2413970267
-57.2651713742
-56.5039302702
-63.0166542015
-70.0
-70.0
-70.0
-70.0
-70.0
-70.0
-70.0
-70.0
-70.0
-70.0
-70.0
-70.0
-70.0
-63.2828685691
-59.4764940917
-57.5434529354
-56.7988464772
-56.792121053
-57.2283484301
-57.9158065753
-70.0
-70.0
-70.0
-70.0
-70.0
-70.0
-70.0
-70.0
-70.0
-70.0
-70.0
-65.0828193312
-62.2964169522
-60.8813616264
-60.3362830434
-60.3313597921
-60.6506938483
-61.1539378204
-61.750752943
-62.3838169184
-63.0175280731
-63.6305038301
-70.0
-70.0
-70.0
-70.0
-70.0
-70.0
-70.0
-70.0
-70.0
-70.0
-70.0
-70.0
-70.0
-70.0
-70.0
-70.0
-70.0
-70.0
-70.0
-70.0
-70.0
-70.0
-70.0
-70.0
-70.0
-70.0
-70.0
-70.0
-70.0
-70.0
-70.0
-70.0
-70.0
-70.0
-70.0
-70.0
-70.0
-70.0
-70.0
-70.0
-70.0
-70.0
-70.0
-70.0
-70.0
-70.0
-70.0
-70.0
-70.0
-70.0
-70.0
-70.0
-70.0
-70.0
-70.0
-70.0
-70.0
-70.0
-70.0
-70.0
-70.0
-63.0544798584
-59.1186851115
-66.8447850993
-70.0
-70.0
-70.0
-70.0
-70.0
-70.0
-70.0
-70.0
-70.0
-70.0
-70.0
-70.0
-70.0
-70.0
-70.0
-63.1785819579
-59.3131117341
-57.3500592087
-56.5938923865
-56.5870625469
-70.0
-70.0
-70.0
-70.0
-70.0
-70.0
-70.0
-70.0
-70.0
-70.0
-70.0
-70.0
-70.0
-63.5375224047
-59.8754517673
-58.015694326
-57.299316717
-57.2928462611
-57.7125357788
-58.3739316301
-59.1583047532
-70.0
-70.0
-70.0
-70.0
-70.0
-70.0
-70.0
-70.0
-70.0
-70.0
-65.7484845752
-63.3392925011
-62.11580084
-61.6445124819
-61.6402557177
-61.916359802
-62.3514769258
-62.8674979692
-63.4148606629
-63.9627829237
-64.4927768494
-70.0
-70.0
-70.0
-70.0
-70.0
-70.0
-70.0
-70.0
