-70.0
-67.1725518013
-65.5703311553
-64.7566543959
-64.4432265271
-64.4403955882
-64.6240171719
-64.9133895498
-65.2565666582
-65.6205873679
-65.9849802148
-66.3374499158
-66.6710167392
-66.982122942
-67.2693825655
-67.7452960975
-68.6569284047
-70.0
-68.1470490646
-68.06361614
-68.3451566829
-69.0537269984
-69.510411621
-69.8007420073
-69.9815821721
-67.4287359365
-65.9827369973
-65.2490464005
-64.9671971624
-63.9658477142
-63.5661764547
-62.9852789284
-62.8705644483
-63.0393836119
-63.5798743737
-61.6906669068
-61.0850384524
-61.0188267646
-61.7270933082
-62.4278167907
-63.1006569872
-64.2285562518
-65.9116388375
-67.5085050513
-68.9318665285
-66.0464974301
-64.44705939
-62.1016900314
-61.2067297572
-62.209420187
-64.3111797944
-65.761862899
-66.7735439985
-67.4881011915
-68.0005654676
-69.3746913932
-70.0
-70.0
-70.0
-67.5250466352
-65.1800903289
-63.9337802008
-64.50365992
-65.2272294202
-69.297332955
-70.0
-70.0
-70.0
-70.0
-70.0
-68.7026678227
-67.0250301893
-65.1751305367
-64.2260197272
-63.8490192507
-63.8278516564
-64.0208893779
-64.3360156982
-64.7138909672
-66.0908074681
-67.0472637863
-68.4101241739
-69.2808362673
-70.0
-70.0
-70.0
-70.0
-70.0
-70.0
-70.0
-70.0
-70.0
-70.0
-70.0
-70.0
-70.0
-70.0
-70.0
-70.0
-70.0
-70.0
-70.0
-70.0
-70.0
-67.7870545585
-66.5330521417
-64.3254110654
-63.189979384
-62.7357210625
-61.7053681039
-61.3636440587
-61.6737821515
-62.1374056021
-65.4195311756
-68.4202914469
-70.0
-70.0
-70.0
-67.8009006315
-65.5720858526
-64.3823941235
-64.816814173
-65.2502390635
-63.2135100211
-62.2176889283
-62.6820757775
-61.214952925
-61.007623751
-61.9485500389
-62.781487477
-63.521867024
-64.1820325181
-64.7720640639
-65.3003475226
-63.9451015274
-63.652467254
-62.9720412238
-63.2796617616
-63.6882453589
-64.1437873386
-63.0308136632
-62.5953356691
-62.580871017
-59.8883384192
-60.1936074358
-62.558418931
-67.5860075449
-70.0
-70.0
-70.0
-68.6273083049
-67.8494496777
-66.8759076107
-66.3959187834
-66.2280615276
-66.2530784565
-66.3929859987
-67.4654770812
-65.6142335343
-64.6496796216
-64.9529949903
-65.3032177119
-66.22546631
-66.9046332585
-67.635572081
-67.1544720772
-67.3346660948
-67.5316269689
-68.6442910992
-69.357079874
-67.0005277344
-65.4477998303
-64.6679030935
-64.377701615
-65.0946943777
-65.6884002228
-63.7332343811
-62.7690270634
-62.431535104
-60.983632799
-61.7255145764
-62.5089179828
-64.2549696394
-66.1245221836
-65.3283337861
-64.0638602218
-63.5030474091
-63.3831248079
-63.5317337536
-64.8342243376
-65.7879112101
-66.5005262933
-67.7484481704
-67.579960371
-67.559535679
-67.0730741189
-63.7506680319
-61.9655354452
-62.4001008632
-65.5277383863
