-70.0
-70.0
-70.0
-70.0
-70.0
-70.0
-70.0
-70.0
-70.0
-70.0
-70.0
-69.0260122949
-68.4740859286
-68.1937939113
-68.0858255705
-61.0848503803
-57.1814369202
0
-70.0
-70.0
-70.0
-70.0
-68.1118957702
-61.4246860893
-57.6982040778
-56.8138470716
-55.725054957
-55.2142778564
-55.4006690008
-55.999148054
-56.8249305509
-56.9570998948
-57.471164838
0
-70.0
-70.0
-70.0
-70.0
-62.3384715644
-57.4413832287
-54.9217507863
0
-70.0
-70.0
-70.0
-70.0
-65.2750061556
-62.5975096438
-61.2377614153
-60.7139870977
-60.7092562705
-61.0161092318
-62.4996664333
-63.6398118731
-64.5359054078
-57.3786111633
0
-70.0
-70.0
-70.0
-70.0
-69.9204389575
-63.285048011
-59.527645176
-57.6222819692
-56.8916546461
-56.8902230974
0
-70.0
-70.0
-70.0
-70.0
-68.6234688584
-62.7601070133
-59.4834196725
0
-70.0
-70.0
-70.0
-70.0
-68.4700502972
-67.603078799
-67.1627932734
-66.1907263798
-65.734462031
-65.6028880206
-65.6705140138
-65.8554058092
-66.1044940261
-66.3837971554
-66.6719191278
-66.9557283403
-60.2345943044
-55.544768936
0
-70.0
-70.0
-70.0
-70.0
-68.5903327572
-60.7313170824
0
-70.0
-70.0
-70.0
-70.0
-69.1769547325
-67.8422496571
-67.1133516232
-60.0453635117
-56.136391861
0
-70.0
-70.0
-70.0
-70.0
-66.8680148251
-65.093223226
-64.1919074923
-62.8524284823
-55.9015339267
0
-70.0
-70.0
-70.0
-70.0
-70.0
-70.0
-70.0
-70.0
-70.0
-70.0
-70.0
-70.0
-70.0
-63.0208740638
-56.7327026999
0
-70.0
-70.0
-70.0
-70.0
-69.0906856762
-68.5754075593
-68.3137271039
-68.2129279272
-68.2120174902
-68.2710706451
-68.3641335165
-68.4745001221
-67.6031311013
-67.1602053188
-66.989109672
-67.986797694
-68.6525172506
-69.0968650763
-69.3935782691
-69.5918202425
-69.7243714185
-69.8130897435
-69.8725510803
-61.9243144146
-55.0912286013
0
-70.0
-70.0
-70.0
-70.0
-65.0864197531
-62.3020576132
-60.8880384088
-60.3433589392
-60.3384392928
-60.6575395285
-60.1994334613
-60.2512553723
-60.6073066731
-61.1340272312
-61.7455919917
-62.3876777816
-63.0266733294
-63.6425148805
-64.2239359818
-58.7755300888
-55.88063555
0
-70.0
-70.0
-70.0
-70.0
-66.9458941135
-60.2893081852
-56.6190463554
-54.8629210457
-54.3138151584
0
-70.0
-70.0
-70.0
-70.0
-69.1522633745
-62.5936899863
-58.9054229538
-57.864751105
-57.6448562922
-57.9247575282
-58.4952063521
-58.2286761147
-58.4611354351
-58.9852398462
0
-70.0
-70.0
-70.0
-70.0
-69.1708581009
-61.341563786
-56.5992684042
-54.2005822283
0
-70.0
-70.0
-70.0
-70.0
-69.9646395367
-69.9446019408
-69.9344259852
-68.9478477423
-68.3909725384
-68.1104816649
-68.0051710852
-67.2060098988
-66.486312857
-66.1716175366
-67.1052748621
-68.0952934287
-68.7527947877
-69.1888691101
-69.4775514
-69.6681757272
-69.7936111326
-70.0
-70.0
-70.0
-70.0
-63.9948617689
-60.5919501046
-57.8660884275
-56.301701807
-55.8196797744
-56.0031438957
-56.5797842387
-57.3731089698
-58.2700001762
-59.1991348941
-60.1166445617
-54.0775226832
0
-70.0
-70.0
-70.0
-70.0
-70.0
-70.0
-69.0347508002
-69.1914799573
-69.3124681197
-69.4079787465
-62.5659463039
-58.7085286283
0
-70.0
-70.0
-70.0
-70.0
-68.4288641637
-67.5385538564
-67.0864158768
-66.1097834241
-65.6534778383
-58.6459692683
-54.8199318173
0
-70.0
-70.0
-70.0
-70.0
-65.1359361263
-61.5113205074
-59.6195071191
-58.2748799599
-57.8589409991
-58.0140795893
-58.5066934238
0
-70.0
-70.0
-70.0
-70.0
-68.0781903306
-66.9891648512
-59.8458043795
-55.8982612838
0
-70.0
-70.0
-70.0
-70.0
-62.9739877319
-59.9925807621
-58.5373172215
-58.0462485231
-58.1500656866
-58.6073537952
-59.2614815338
-60.0119087925
-60.7951015214
-61.5718471079
-62.3188328896
-63.0230632623
-63.6781660438
-64.2819555113
-64.8348306747
-65.3387280836
-65.7964422595
-67.2096669176
-68.1506128151
-68.7768265932
-69.1933273069
-69.4701168249
-70.0
-70.0
-70.0
-70.0
-70.0
-70.0
-70.0
-63.05852746
-59.125026354
0
-70.0
-70.0
-70.0
-70.0
-69.3744855848
-69.0200274162
-68.8400182678
-68.7706788365
-68.7700525499
-68.8106750262
-68.8746926778
-68.9506135128
-68.0311455639
-67.5450932757
-68.3301538959
-69.1901851381
-69.7331977122
-63.0726351426
-59.3072097628
-57.4043808761
-56.6825375149
-56.6933469144
-58.0848599934
-59.3169391744
-60.4122887105
-61.3890888085
-61.2656247277
-54.6040828311
0
-70.0
-70.0
-70.0
-70.0
-69.1007242573
-67.7886655339
-67.0751414488
-66.7445222827
-66.654666707
-66.7122644713
-59.9103657406
0
-70.0
-70.0
-70.0
-70.0
-63.9884389801
-60.5818877354
-58.8518940641
-58.1855013925
-58.9819515456
-59.8270899193
-60.6732699462
-60.4925456036
-60.7010261446
-61.1360802644
-61.6925767274
-62.3033887144
-62.926429616
-56.5720074541
0
-70.0
-70.0
-70.0
-70.0
-69.3800358452
-69.0287228242
-68.8503109174
-68.7815867428
-68.7809660133
-68.8212280418
-68.8846776575
-68.9599248383
-63.0636316258
-59.7570679775
-54.225671967
0
-70.0
-70.0
-70.0
-70.0
-62.3723517756
-57.4944622263
-54.9845797558
0
-70.0
-70.0
-70.0
-70.0
-65.1111111111
-63.0444444444
-62.0362962963
-61.6968641975
-61.7699761317
-62.8906465569
-63.8000272602
-64.5523214401
-65.1852872334
-66.5280262707
-67.4494021508
-61.1411990335
-57.6515705287
-55.9694077415
-55.4277964778
0
-70.0
-70.0
-70.0
-70.0
-64.3448943533
-62.1326271402
-61.0675125743
-55.108909465
0
-70.0
-70.0
-70.0
-70.0
-63.1715185693
-59.3020457586
-56.3485215668
0
-70.0
-70.0
-70.0
-70.0
-68.537199802
-67.7082796899
-67.2873182996
-67.1251641887
-67.1236995826
-68.2176825403
-67.9411902435
-67.8439218573
-68.5611338008
-69.0394231734
-69.3584160246
-69.5711978678
-69.7131603782
-69.8078992051
-68.9101643034
-68.0745178856
-60.6394178727
-56.4903772692
-54.4512736648
0
-70.0
-70.0
-70.0
-70.0
-67.0604074582
-65.3946383512
-64.548688942
-63.2305370116
-62.6652946197
-62.5706393639
-62.761491565
-62.3148173643
-62.3029855984
-55.6333808252
0
-70.0
-70.0
-70.0
-70.0
-68.7192439599
-67.9934822039
-67.6249090768
-60.6650209621
-56.8002540612
-54.921385452
-54.2966847714
0
-70.0
-70.0
-70.0
-70.0
-67.2222222222
-65.9814814815
-65.3709876543
-65.1589917695
-65.1931611797
-65.3738907865
-65.636532191
-65.9395659607
-59.3781247332
-55.7953225056
0
-70.0
-70.0
-70.0
-70.0
-68.7942386831
-67.1987654321
-66.3348559671
-65.9386817558
-65.8363545039
-65.9137463359
-59.2784759547
0
-70.0
-70.0
-70.0
-70.0
-62.0077073466
-57.4787415097
-55.1787372906
-54.2927768494
-54.2847746897
-54.8038142376
-55.6217774917
-55.6503571913
-56.145826438
-56.9049137714
-57.7968690457
-58.7388132421
-59.6793526519
0
-70.0
-70.0
-70.0
-70.0
-70.0
-69.0521262003
-68.5149977138
-68.9459244018
-62.421702332
-58.7597790123
-56.9372990535
0
-70.0
-70.0
-70.0
-70.0
-69.0926405753
-68.5784702347
-67.3224905869
-66.658153112
-66.3709455233
-66.3195894527
-65.6089870261
-65.3289926692
-65.3166962995
-65.465428601
-65.7058203619
-65.9931947397
-67.2989790559
-68.5058170105
-61.3219019761
-57.3008228896
-55.3114813414
-54.6074937011
-54.6981846602
-55.262659747
-55.1803809693
-55.2916676705
-55.8487174354
-56.6546567133
-57.5830650562
-58.5540078934
-60.5129684348
-62.0045791452
-63.1660595999
-64.0907458861
-57.8531898668
-54.5155499264
0
-70.0
-70.0
-70.0
-70.0
-67.7613168724
-66.4927297668
-64.980173754
-64.2399676879
-63.4322895697
-56.439735476
0
-70.0
-70.0
-70.0
-70.0
-68.7203153058
-67.9951606457
-67.6268958282
-67.48504041
-67.4837591455
-67.5668650819
-68.6976994838
-69.4196101422
-69.8721028658
-70.0
-70.0
-70.0
-70.0
-63.0551021761
-56.7863267425
0
-70.0
-70.0
-70.0
-70.0
-69.3886845352
-69.0422724385
-68.8663494325
-68.7985839812
-61.9193626204
-55.72785105
0
-70.0
-70.0
-70.0
-70.0
-63.0000372843
-59.0333917454
0
-70.0
-70.0
-70.0
-70.0
-66.8888910711
-65.1259293446
-58.61333738
-55.0853376219
0
-70.0
-70.0
-70.0
-70.0
-69.3927755518
-69.0486816979
-68.8739359956
-68.806624041
-67.8450345092
-67.3399129731
-67.1255096191
-68.0926839491
-62.08588469
-58.7456089782
-57.1165899185
-56.5686254854
-56.6875593094
-57.2026676268
-57.938310363
0
-70.0
-70.0
-70.0
-70.0
-68.7896003507
-68.1037072162
-67.7553810949
-68.618922394
-62.3651691578
-56.5340782442
0
-70.0
-70.0
-70.0
-70.0
-66.9244818438
-64.1839718802
-63.7161919762
-57.9001283341
-54.8138192044
0
-70.0
-70.0
-70.0
-70.0
-68.1962099273
-67.1740622195
-66.6549715208
-65.4627253976
-64.8986202103
-64.730203091
-64.8048127164
-58.1441421104
0
-70.0
-70.0
-70.0
-70.0
-68.0797117393
-66.9915483915
-66.4389321031
-66.2260645933
-65.4216727985
-65.0916486284
-64.5016902831
-64.3309922665
-64.417540381
-57.6795296487
-54.0474055544
0
-70.0
-70.0
-70.0
-70.0
-67.9085867138
-66.7234525183
-66.1215902504
-65.8897532147
-65.8876592194
-59.2966099444
-55.698760048
-54.0167581085
0
-70.0
-70.0
-70.0
-70.0
-66.5185185185
-59.6197530864
-55.1227983539
0
-70.0
-70.0
-70.0
-70.0
-66.8126584136
-65.9987908347
-65.6438439262
-65.5760809836
-65.6828871852
-65.8908746667
-66.152638
-59.6200274641
-56.0464602271
-54.3674378773
0
-70.0
-70.0
-70.0
-70.0
-68.2220217364
-66.2146343776
-65.1363808164
-58.2660897855
0
-70.0
-70.0
-70.0
-70.0
-70.0
-70.0
-63.385916781
-59.6379362902
-57.7345501194
-57.0013667463
-56.9947444975
-57.424279665
-58.1011914433
0
-70.0
-70.0
-70.0
-70.0
-69.0811636948
-68.5604897885
-68.2960691185
-68.1942144125
-68.1932944418
-68.252965978
-68.3470033672
-68.4585256884
-68.5768215582
-68.6952383615
-67.8097883207
-67.3515253522
-67.1648500594
-67.1473498817
-67.2319381124
-67.3749597803
-67.5482741218
-67.7339869226
-67.9209483723
-68.1024269631
-68.2745665521
-68.4353647538
-68.583998183
-68.7203783011
-68.8448604286
-69.9580542218
-70.0
-70.0
-70.0
-70.0
-63.1313865141
-59.2391722055
-57.2625378801
-56.5011393555
-56.4942622623
-56.9403272643
-57.64328869
-57.4769735233
-57.7946186392
-58.3920517542
-58.4337395276
-58.8442942074
-59.462483875
-59.4809445094
-59.8426560731
0
-70.0
-70.0
-70.0
-70.0
-65.274845272
-62.5972575928
-56.3115371396
0
-70.0
-70.0
-70.0
-70.0
-68.8312757202
-68.1689986283
-67.8326657522
-60.9762395976
-57.1631759183
-55.3032318468
-54.6771576756
-54.8122745838
-55.3996022425
-56.238678763
0
-70.0
-70.0
-70.0
-70.0
-67.9259259259
-66.750617284
-66.153744856
-65.923829904
-59.3314469136
-55.7316355556
-54.9595693937
-54.9976773834
-55.5206195979
-56.3170309399
-56.2683182437
-56.6968133512
-56.8417944151
-57.3673899063
-58.1038342041
-58.9422396427
-59.8138749177
-60.6763935855
-61.5046916666
-62.2848474598
-63.010112687
-56.6853727817
0
-70.0
-70.0
-70.0
-70.0
-62.7039041895
-58.5694498968
-57.4697065533
-57.2275369953
-57.5079840274
0
-70.0
-70.0
-70.0
-70.0
-68.9196768785
-68.3074937764
-67.9966007892
-67.8768449706
-67.8757633137
-67.9459222091
-69.0530613187
-69.7489094071
-70.0
-63.9948617689
-60.5919501046
-58.8638047692
-57.9033502182
-57.730299147
-58.5910140883
-59.8210759168
-60.8984104833
-61.8481975405
-63.3935002271
-64.5408984982
-65.4113075109
-66.0865093348
-66.622080118
-67.0560199173
-68.3267249711
-69.4782571711
-70.0
-70.0
-70.0
-70.0
-70.0
-70.0
-70.0
-69.6662508443
-70.0
-70.0
-63.1481481481
-59.2654320988
-57.2936213992
-56.5340809328
-55.5857482853
-55.497223754
-55.9275349101
-55.9511000697
-56.4335358298
-56.6196572026
-58.1696341063
-59.4939657783
0
-70.0
-70.0
-70.0
-70.0
-68.8745618046
-68.2368134939
-67.912937391
-68.7003889877
-69.2161803128
-69.5517824307
-69.7680842872
-62.9865230644
-59.1513688952
0
-70.0
-70.0
-70.0
-70.0
-62.3448943533
-58.0070011535
-56.7988936307
-56.514065996
-56.7927005487
-57.4001245953
-58.1845748701
-59.0490925394
-59.9328333896
-60.79865012
-61.624851821
-62.3997444475
-63.1180218752
-63.7783876026
-64.381994119
-58.9422722683
-56.0470300822
-54.7749837678
-54.5192565203
0
-70.0
-70.0
-70.0
-70.0
-69.712238988
-69.5491744145
-63.5357293096
-56.8488230453
0
-70.0
-70.0
-70.0
-70.0
-68.1367169639
-67.0808565767
-66.5446451252
-66.3380967502
-66.3362311668
-65.5889246873
-66.2824384123
-67.1557987002
-67.774621583
-61.2440730049
-58.321311795
-56.9569446758
-55.6316205786
-55.315372101
-55.6151106111
0
-70.0
-70.0
-70.0
-70.0
-68.8641975309
-68.2205761317
-67.8937174211
-68.6361243713
-69.1270310623
-70.0
-63.6493251368
-59.0621704009
-56.6744718793
-55.686037037
-55.5701082305
-55.9815473388
-56.6956925592
-57.5676566061
-59.4792341859
-60.9768729275
-62.1762270749
-63.1566319942
-63.9729872127
-64.66370077
-66.1682140501
-67.1986482166
-67.9102871092
-68.4069275412
-69.5604833514
-70.0
-70.0
-70.0
-70.0
-70.0
-70.0
-70.0
-70.0
-70.0
-70.0
-70.0
-63.2962884737
-59.4975186087
-57.5683394028
-55.8252228837
-55.2518455427
-55.3994242867
-55.9746573902
-56.7873086727
-58.7037614664
-60.2301744271
-54.5930737654
0
-70.0
-70.0
-70.0
-70.0
-69.3854595336
-69.037219936
-62.1334979424
-57.4510123457
-55.0598205761
-54.1231114952
-54.0903156635
-54.6009609756
-55.4206494638
-56.3984409078
0
-70.0
-70.0
-70.0
-70.0
-62.9938150922
-59.0236436445
-57.007419321
-56.2307707496
0
-70.0
-70.0
-70.0
-70.0
-69.0780284168
-68.5555778529
-68.2902549195
-68.1880526622
-68.1871295524
-68.2470047014
-68.3413629674
-69.4532635103
-63.1745960033
-60.1904645212
-57.7269736247
-56.6579799659
-56.4613177718
-56.0909061592
-56.332295653
-56.9327194942
-57.7285498158
-58.6150963482
-59.526521056
-54.4860774552
0
-70.0
-70.0
-70.0
-70.0
-63.0800841486
-58.1639367305
-55.2754503887
-54.0331769039
0
-70.0
-70.0
-70.0
-70.0
-70.0
-70.0
-70.0
-70.0
-70.0
-70.0
-70.0
-70.0
-70.0
-70.0
-70.0
-70.0
-70.0
-63.1313865141
-56.9058388722
-54.5484546611
0
-70.0
-70.0
-70.0
-70.0
-67.7174211248
-66.4239597622
-59.6888949855
-55.99155962
-54.2401064133
0
-70.0
-70.0
-70.0
-70.0
-63.0
-56.7
0
-70.0
-70.0
-70.0
-70.0
-69.3854595336
-69.037219936
-68.8603688462
-68.7922458975
-68.7916305983
-68.8315403989
-68.8944349326
-68.9690238217
-69.0481430278
-69.1273431172
-69.2039517336
-69.2764518457
-69.3440701847
-69.4065055153
-69.4637498632
-69.5159714764
-69.5634387285
-69.6064711221
-69.6454081876
-69.6805901539
-61.7125487395
-57.8746271989
-55.9760533679
-55.304373957
-55.3912205119
-55.9302877611
-56.7227185186
-57.6407530225
-58.6035486241
-59.5611076976
-60.4836062184
-61.3543184569
-61.1764962048
-61.3639196467
-61.7642430569
-62.2789623345
-62.8451618232
-63.4233761224
-63.077316993
-56.1035952665
0
-70.0
-70.0
-70.0
-70.0
-69.3269912733
-67.9846381039
-67.2464049321
-60.0773375954
-55.4029489031
0
-70.0
-70.0
-70.0
-70.0
-68.886602652
-68.2556774882
-67.9352664736
-67.8118443157
-67.8107295438
-61.8979693466
-58.6203809168
-57.033148495
-56.5130374254
-56.6505362028
-57.1780175958
-57.9219058451
-58.7708419332
-59.6545088549
-60.5295587128
-61.3702700037
-62.1623544449
-62.8988599614
-64.5723297081
-65.7573338993
-66.6097586173
-67.9379251979
-61.8106656876
-58.4072877918
-56.7516847946
-57.002402639
0
-70.0
-70.0
-70.0
-70.0
-62.6872427984
-58.5433470508
-57.3803703704
-57.4365720165
-58.2224072702
-59.4198281802
-60.4909531201
-61.4505963134
-63.015066056
-64.186579033
-65.0832675181
-65.4940136267
-65.8906608376
-66.8211826918
-67.4854563812
-60.7369107431
-56.9965530021
-55.1857865908
-55.2968375614
-56.1869068916
-56.3130721696
-57.4005578195
-58.4730306156
0
-70.0
-70.0
-70.0
-70.0
-69.5473251029
-69.2908093278
-69.1605395519
-69.1103597013
-62.2919925316
-58.4579058121
0
-70.0
-70.0
-70.0
-70.0
-66.2299295689
-65.0884180934
-64.5672306051
-64.9911659808
-65.4124883402
-65.8181988112
-66.2010184667
-66.5573429778
-60.0072836279
-56.4103385638
-54.7051602398
-54.1918812374
-54.4108511281
-55.0618713582
-56.9388600977
0
-70.0
-70.0
-70.0
-70.0
-67.3470507545
-65.8437128487
-65.0802530102
-64.7861686735
-65.7661709191
-66.4952999025
-67.0496006291
-67.4805277107
-67.8230663694
-68.1011540189
-68.3313014747
-68.5250132323
-68.6904065125
-60.8473781561
-56.1133152037
0
-70.0
-70.0
-70.0
-70.0
-65.5418381344
-63.0155464106
-62.6008992532
-62.5987476503
-63.3997206557
-64.1003137705
-64.717325847
-65.967325935
-66.8517484567
-68.0428992433
-68.8228264072
-69.3300218253
-70.0
-70.0
-70.0
-63.2960958105
-60.2996859056
-54.9362948769
0
-70.0
-70.0
-70.0
-70.0
-68.1234489675
-67.0600700491
-65.5200438398
-58.3599004526
0
-70.0
-70.0
-70.0
-70.0
-69.8806584362
-63.4275720165
-59.7748010974
-57.9239785094
-57.2160190062
-57.2173760042
-57.6442776694
-58.3122760796
0
-70.0
-70.0
-70.0
-70.0
-68.6214072225
-67.8402046485
-67.4434762826
-67.2906567202
-67.2892764255
-68.3781290616
-69.0855030079
-69.5404106088
-69.8286748157
-70.0
-70.0
-70.0
-70.0
-69.0319137277
-69.4573192119
-69.730651862
-69.9036297233
-70.0
-70.0
-70.0
-70.0
-70.0
-70.0
-70.0
-70.0
-70.0
-70.0
-63.0017127437
-56.7026832985
0
-70.0
-70.0
-70.0
-70.0
-69.3855597765
-68.0375106404
-68.2939638135
-61.6867896544
-57.9995921704
-56.1872872743
0
-70.0
-70.0
-70.0
-70.0
-62.7297159986
-58.6098883978
-56.517662224
-55.711737779
0
-70.0
-70.0
-70.0
-70.0
-68.9471786971
-68.3505799588
-68.0476013838
-62.2038228031
-56.957428228
-54.2443438752
0
-70.0
-70.0
-70.0
-70.0
-69.6473115804
-69.4474548092
-69.3459589196
-69.3068627551
-70.0
-63.6664661809
-60.0774636834
-58.2548133955
-57.5527294428
-57.5463880898
-58.8699121799
-60.0350295612
-61.0662656713
-61.9827984816
-55.9820442826
0
-70.0
-70.0
-70.0
-70.0
-63.131686785
-59.2396426298
-57.2630947157
-57.4627110344
0
-70.0
-70.0
-70.0
-70.0
-67.8820301783
-61.0645633288
-57.2719311081
-55.4206207387
-54.7958138258
0
-70.0
-70.0
-70.0
-70.0
-70.0
-70.0
-69.5857395271
-69.3509919257
-62.267744585
-58.2755380277
-56.2710294925
-55.5259567215
0
-70.0
-70.0
-70.0
-70.0
-69.0781893004
-68.555829904
-61.7002469136
-57.8635555556
-55.9660888889
-56.278064396
-56.9226475537
-57.7453091966
-58.6473958758
-58.5704935081
-58.9053356373
0
-70.0
-70.0
-70.0
-70.0
-68.4230836537
-62.1363308439
-58.6264014632
-56.899563786
-56.3001423868
0
-70.0
-70.0
-70.0
-70.0
-68.9066707311
-67.4188047215
-66.6121249584
-66.2410462685
-66.1436975124
-66.2138316749
-66.3821177833
-66.6036855222
-66.8498366481
-67.1025327687
-67.3507326822
-68.5876608122
-69.3768956631
-69.8712067182
-70.0
-63.1941053768
-56.0063820819
0
-70.0
-70.0
-70.0
-70.0
-66.8126584136
-65.0064981814
-64.0892521026
-63.7359293853
-63.7327381087
-63.9397320725
-64.2659373816
-64.6527959878
-65.0631512852
-65.4739260875
-65.8712600992
-67.2471515125
-68.1644479767
-61.7919965305
-58.2421257784
-56.5041324679
-54.9113323898
-55.3708164348
-56.1341463139
-57.0543393643
-58.0379772157
-59.0268940194
0
-70.0
-70.0
-70.0
-70.0
-69.0839698104
-62.1794265027
-57.3025245324
-54.7996325324
-54.8011507607
-55.3086900056
0
-70.0
-70.0
-70.0
-70.0
-63.9739877051
-60.5592474047
-58.8250949776
0
-70.0
-70.0
-70.0
-70.0
-65.5298492383
-59.1078749178
-55.6177611616
-54.0031008691
0
-70.0
-70.0
-70.0
-70.0
-70.0
-70.0
-70.0
-70.0
-63.1975256491
-59.3427901836
-57.3851892315
-56.6311223525
0
-70.0
-70.0
-70.0
-70.0
-67.9310640214
-66.7586669668
-66.1632731685
-64.9339278241
-64.36518969
-64.2117738198
-64.3126651704
-64.5627778084
-64.894086131
-65.2630682535
-65.6423552518
-67.0151228726
-60.9542649571
-55.2859413759
0
-70.0
-70.0
-70.0
-70.0
-65.5802469136
-62.2074074074
-60.4434567901
-60.5719506173
-60.9633152263
-61.4993568176
-62.104336545
-56.0036422595
0
-70.0
-70.0
-70.0
-70.0
-67.5478482089
-66.1582955273
-65.4526207341
-59.1026058666
-55.6558434173
-54.0659245004
-54.5845813368
-55.4096227274
-55.3912941995
-55.8672539428
0
-70.0
-70.0
-70.0
-70.0
-69.4641060814
-63.4786770309
-60.4381303663
-58.9325313553
-57.4096485902
-56.9155973114
-57.0553133004
-57.5706324505
-58.2941361922
0
-70.0
-70.0
-70.0
-70.0
-68.6414522026
-67.167904747
-66.3781794488
-66.0250716216
-65.9457045378
-59.1546181791
-56.4408024517
-55.2644862669
-55.0498803471
-54.4584725593
-54.6216788013
-55.2322132531
-56.0907934825
-57.0695818373
-59.0488503467
-59.6892412693
-60.4171677805
-54.931006558
0
-70.0
-70.0
-70.0
-70.0
-65.3333333333
-63.4913580247
-61.7348148148
-55.3391111111
0
-70.0
-70.0
-70.0
-70.0
-68.4814814815
-67.6209876543
-67.1839917695
-67.0156611797
-67.0141407865
-60.3858862872
-55.768422487
0
-70.0
-70.0
-70.0
-70.0
-65.9122085048
-63.5957933242
-62.4194177717
-61.9662785145
-62.8304984335
-63.5880137705
-64.256255847
-64.8486592313
-64.3792381083
-64.2849441642
-64.4188696589
-64.6852626338
-65.0222563309
-65.3903773382
-65.7649040312
-66.1307899127
-66.4792951112
-66.8057550599
-67.1081058604
-67.3859128121
-67.6397332227
-60.8716366285
-56.1184829385
0
-70.0
-70.0
-70.0
-70.0
-69.7000457247
-63.6715134888
-60.2653436976
-58.5461303663
-58.6001017257
-59.0124811505
-60.1817149892
-60.2156696905
-60.562186855
-55.0615237251
0
-70.0
-70.0
-70.0
-70.0
-68.0384087791
-66.9268404207
-66.3623380582
-66.1448920388
-66.1429280259
-65.3581101791
-65.0419491318
-65.0175208656
-65.1689465437
-65.4208370658
-65.7246101436
-59.0653725932
-55.4343176433
0
-70.0
-70.0
-70.0
-70.0
-63.2222222222
-57.0481481481
0
-70.0
-70.0
-70.0
-70.0
-68.6727632983
-67.9206625006
-60.9484069163
-57.0667733351
-56.1611933953
0
-70.0
-70.0
-70.0
-70.0
-67.8148148148
-66.5765432099
-65.9476954733
-65.7054636488
-65.7032757659
-65.8451871773
-66.0688277848
-66.3340512232
-66.6153835788
-66.8970035395
-67.1694087313
-67.4272048887
-67.6676424201
-67.8896501917
-61.0979363246
-57.3196434602
-55.4753462929
-54.8529231161
-54.9843717728
-54.5642130007
-54.4933106374
-54.9676588649
-55.7533458392
-56.6996464958
-57.7107720066
-59.7270804235
-61.2792961262
-62.501315677
-56.5084619633
-54.1649368054
0
-70.0
-70.0
-70.0
-70.0
-69.5464106081
-69.2893766194
-69.1588436722
-70.0
-63.6406543718
-60.0370251825
-58.9106505332
-58.6044707258
-58.8006138172
-58.2950380322
-58.3818579601
0
-70.0
-70.0
-70.0
-70.0
-68.799234534
-68.11880077
-67.7732471526
-68.6350018459
-69.5308879337
-70.0
-63.4184321496
-59.6888770343
-57.794848064
-57.0652690797
-57.0586793865
-57.4861029243
-58.1596869495
-58.9585144664
-59.8058604942
-59.6547494006
-59.9089244311
-61.392660404
-62.5698133075
-63.5237779394
-64.3120307872
-64.9745814697
-65.5396258302
-66.0273315855
-66.4523773191
-67.7866404064
-68.6609769118
-69.230212918
-69.5974140912
-68.8345798127
-68.0823932519
-67.6950015404
-60.5395846053
-56.5616816242
-54.6228837813
0
-70.0
-70.0
-70.0
-70.0
-65.1111111111
-62.3407407407
-60.9338271605
-59.5894156379
-59.129788203
-59.2163521353
-59.6277454236
0
-70.0
-70.0
-70.0
-70.0
-66.3073210385
-64.2148029603
-63.1521320147
-62.7427917135
-63.5415636115
-64.2361079632
-64.8449643088
-65.3821126392
-65.8583312161
-66.2821179884
-66.6603194522
-66.9985630154
-60.3375246704
-56.6629841744
0
-70.0
-70.0
-70.0
-70.0
-69.5226220109
-69.2521078171
-69.1147290402
-69.0618108061
-68.0613351565
-60.6470626377
-56.5102637051
-54.4778422221
0
-70.0
-70.0
-70.0
-70.0
-62.9762713634
-59.9946360305
-57.550727983
0
-70.0
-70.0
-70.0
-70.0
-69.0489254687
-62.1245237007
-58.2323985165
-56.2893767888
0
-70.0
-70.0
-70.0
-70.0
-68.3680867121
-67.443335849
-65.9747224287
-64.8943969622
-64.0830551169
-63.7934815059
-63.826621289
-65.0262721544
-65.9118536018
-66.5794740169
-60.1300314163
-57.3918339445
-56.1691876633
-55.8966269725
-56.2032029922
-56.8470418377
-57.6717770837
-58.5775589952
-59.5017761756
-61.3672288356
-62.7742594705
-63.859335869
-64.4194508557
-64.9415381526
-64.86785037
-64.9947093548
-65.2376677672
-58.549291937
-54.9179567076
0
-70.0
-70.0
-70.0
-70.0
-69.5806721725
-63.6110439353
-59.2499395417
-56.9916122542
0
-70.0
-70.0
-70.0
-70.0
-66.9649443682
-65.2450795102
-64.3716579451
-58.6381958543
