-70.0
-69.0
-61.1
-56.6566666667
-54.4354444444
0
-70.0
-70.0
-70.0
-70.0
-70.0
-70.0
-70.0
-70.0
-66.6845823346
-64.8058456575
-63.8517421293
-58.5582960155
0
-70.0
-70.0
-70.0
-70.0
-70.0
-70.0
-70.0
-70.0
-70.0
-70.0
-70.0
-70.0
-69.8139119336
-69.375128696
-63.3472892296
-59.9523425754
-60.572963586
-69.6949838344
-70.0
-70.0
-70.0
-70.0
-70.0
-70.0
-70.0
-70.0
-63.3271382795
-59.2125166379
0
-70.0
-70.0
-70.0
-70.0
-70.0
-70.0
-70.0
-70.0
-66.1763989147
-64.0096916331
-62.9093442096
-61.6830218128
-61.2244609809
-61.2418424491
-61.544209915
-64.159054756
-70.0
-70.0
-70.0
-70.0
-70.0
-70.0
-70.0
-70.0
-64.4608574574
-61.3220100166
-59.7279678848
-58.3114745405
-57.5178627159
-57.1244335306
-58.4980065419
-66.0802457533
-70.0
-70.0
-70.0
-70.0
-70.0
-70.0
-70.0
-70.0
-70.0
-70.0
-70.0
-70.0
-63.4757011941
-61.6730341563
-65.9698690587
-70.0
-70.0
-70.0
-70.0
-70.0
-70.0
-65.3350040739
-62.6915063824
-62.3316826916
-57.4454731281
-54.932231619
0
-70.0
-70.0
-70.0
-70.0
-70.0
-70.0
-70.0
-70.0
-69.1683800083
-68.6971286796
-68.4578069265
-68.3656203103
-68.3647876637
-68.4187951535
-61.0013916151
-57.280888091
-62.8311968279
-70.0
-70.0
-70.0
-70.0
-70.0
-70.0
-70.0
-70.0
-70.0
-70.0
-70.0
-70.0
-70.0
-63.301798153
-59.5061504396
-67.0569587363
-70.0
-70.0
-70.0
-70.0
-70.0
-70.0
-67.5669390119
-66.1882044519
-65.4880235676
-65.2183142513
-65.2158781866
-65.3738872748
-65.6228964853
-65.9182054621
-66.231450666
-66.9565799858
-66.7276320152
-70.0
-70.0
-70.0
-70.0
-70.0
-70.0
-70.0
-70.0
-69.5332525937
-69.2687623968
-69.1344428654
-69.0827030511
-70.0
-66.6869237302
-70.0
-70.0
-70.0
-70.0
-70.0
-70.0
-70.0
-70.0
-70.0
-70.0
-70.0
-70.0
-70.0
-70.0
-70.0
-70.0
-70.0
-70.0
-70.0
-70.0
-63.1742615024
-57.1484871666
-57.8723912677
-70.0
-70.0
-70.0
-70.0
-70.0
-70.0
-70.0
-70.0
-70.0
-70.0
-63.5792660188
-60.9408485509
-59.6597697851
-59.2357968662
-61.8093608938
-70.0
-70.0
-70.0
-70.0
-70.0
-68.5148145393
-67.6732094449
-67.2458060734
-67.0811705147
-67.0796834957
-61.0979458674
-57.8056384281
-57.1782050202
-60.9498553756
-70.0
-70.0
-70.0
-70.0
-70.0
-70.0
-70.0
-64.6827789386
-62.4721561397
-61.396710589
-61.0382195722
-55.5045670258
0
-70.0
-70.0
-70.0
-70.0
-70.0
-70.0
-70.0
-70.0
-70.0
-66.1473794226
-63.964227762
-61.8559802666
-60.8624990938
-60.5709937537
-61.7665038745
-70.0
-70.0
-70.0
-70.0
-70.0
-70.0
-70.0
-65.0562677042
-63.2513939159
-62.3934231791
-62.1321932977
-62.2377155922
-61.5612942214
-66.7065997073
-70.0
-70.0
-70.0
-70.0
-70.0
-70.0
-69.9685284458
-65.0247686392
-62.2243538006
-60.8032931041
-60.2572135827
-54.6370414665
0
-70.0
-70.0
-70.0
-70.0
-70.0
-70.0
-70.0
-69.5860517046
-69.3514810038
-69.2323558832
-69.1864689481
-69.1860544888
-69.2129373302
-68.9946529053
-70.0
-70.0
-70.0
-70.0
-70.0
-70.0
-70.0
-70.0
-69.7260119348
-69.2374186978
-68.9696821324
-69.8433841042
-70.0
-70.0
-70.0
-70.0
-70.0
-70.0
-70.0
-70.0
-70.0
-70.0
-70.0
-70.0
-64.3862327238
-61.9638632249
-60.493268669
-67.4985579492
-70.0
-70.0
-70.0
-70.0
-70.0
-70.0
-70.0
-70.0
-70.0
-64.8535818812
-61.9372782806
-57.1229201775
-54.6635413098
-55.3659034533
-60.3775960259
-70.0
-70.0
-70.0
-70.0
-67.3390904046
-65.8312416338
-65.0654909836
-64.7705242273
-59.150576082
-56.1402546588
0
-70.0
-70.0
-70.0
-70.0
-70.0
-70.0
-70.0
-70.0
-70.0
-70.0
-70.0
-70.0
-70.0
-70.0
-70.0
-70.0
-70.0
-70.0
-70.0
-70.0
-70.0
-70.0
-70.0
-70.0
-70.0
-70.0
-70.0
-70.0
-70.0
-70.0
-70.0
-70.0
-70.0
-70.0
-70.0
-70.0
-70.0
-70.0
-70.0
-70.0
-66.9378040512
-70.0
-70.0
-70.0
-70.0
-70.0
-70.0
-70.0
-64.2087385189
-60.371468124
-58.3900569496
-57.5882083466
-57.9312590974
-63.5867452384
-70.0
-70.0
-70.0
-70.0
-70.0
-70.0
-70.0
-70.0
-70.0
-69.6348029873
-62.4385150853
-58.6818082698
-58.5088276843
-66.68249193
-70.0
-70.0
-70.0
-70.0
-70.0
-64.9736065984
-62.1253170041
-60.6788326807
-60.121647664
-59.1200405526
0
-70.0
-70.0
-70.0
-70.0
-70.0
-70.0
-70.0
-70.0
-70.0
-70.0
-70.0
-70.0
-70.0
-64.2463630638
-60.9859687999
-59.7689393765
-64.36480664
-70.0
-70.0
-70.0
-70.0
-70.0
-66.2869055156
-64.1828186412
-63.1142725618
-62.7026691621
-63.5672642408
-57.2224569986
0
-70.0
-70.0
-70.0
-70.0
-70.0
-70.0
-70.0
-70.0
-70.0
-70.0
-70.0
-70.0
-70.0
-70.0
-62.8348966979
-58.7746714934
0
-70.0
-70.0
-70.0
-70.0
-70.0
-70.0
-70.0
-70.0
-70.0
-70.0
-70.0
-70.0
-70.0
-64.192917842
-61.7883452393
-68.574730852
-70.0
-70.0
-70.0
-70.0
-70.0
-70.0
-70.0
-64.4827182786
-61.3562586364
-59.7685075633
-59.1569066673
-59.3716940011
-63.5971632235
-70.0
-70.0
-70.0
-70.0
-70.0
-68.5509037945
-67.7297492781
-63.4238427034
-61.0595040019
-60.9129050193
-60.1863764593
-60.0775801079
-60.3430496269
-60.824229684
-57.3809621586
-66.2655412743
-70.0
-70.0
-70.0
-70.0
-70.0
-70.0
-70.0
-70.0
-70.0
-70.0
-70.0
-70.0
-70.0
-70.0
-70.0
-70.0
-70.0
-70.0
-70.0
-70.0
-70.0
-70.0
-70.0
-69.8947781622
-69.5018191208
-69.2826497253
-69.1750597638
-62.9660200043
-60.7893505337
-65.8430994315
-70.0
-70.0
-70.0
-70.0
-70.0
-65.3935067
-60.4498271633
-58.2290614504
-57.2889666409
-57.1486108673
-57.4927770408
-58.1161841769
-59.5034844937
-64.4962856385
-70.0
-70.0
-70.0
-70.0
-70.0
-70.0
-70.0
-70.0
-70.0
-70.0
-70.0
-70.0
-63.3998115684
-59.6597047904
-58.6482462126
-66.3518211975
-70.0
-70.0
-70.0
-70.0
-70.0
-70.0
-70.0
-70.0
-70.0
-70.0
-70.0
-70.0
-70.0
-70.0
-70.0
-70.0
-70.0
-70.0
-70.0
-70.0
-70.0
-70.0
-70.0
-63.8806968683
-57.2772892912
0
-70.0
-70.0
-70.0
-70.0
-70.0
-70.0
-70.0
-70.0
-70.0
-70.0
-70.0
-70.0
-70.0
-63.9470356053
-58.183689115
-55.1195582503
0
-70.0
-70.0
-70.0
-70.0
-70.0
-70.0
-70.0
-70.0
-70.0
-70.0
-70.0
-69.9303200618
-70.0
-70.0
-70.0
-70.0
-70.0
-70.0
-70.0
-70.0
-70.0
-70.0
-70.0
-70.0
-70.0
-70.0
-70.0
-63.8647249882
-60.3880691482
-58.6224733392
-58.9075201682
-61.721488198
-70.0
-70.0
-70.0
-70.0
-70.0
-70.0
-70.0
-65.5992204788
-60.7721120835
-58.1834433102
-57.0241272692
-56.7610667356
-58.0411027036
-59.2077541942
-61.9199843987
-70.0
-70.0
-70.0
-70.0
-70.0
-70.0
-70.0
-70.0
-66.1784683096
-64.0129336851
-61.913208189
-60.9229326183
-60.6313361886
-60.7686671246
-61.158776782
-55.0972436613
0
-70.0
-70.0
-70.0
-70.0
-70.0
-70.0
-70.0
-70.0
-70.0
-70.0
-70.0
-70.0
-63.6133389314
-70.0
-70.0
-70.0
-70.0
-70.0
-70.0
-66.4688015809
-63.9122335878
-62.581218339
-61.4743463563
-60.7610782881
-60.6410815042
-60.8810473837
-62.7469312084
-66.6182905867
-70.0
-70.0
-70.0
-70.0
-70.0
-70.0
-70.0
-70.0
-63.7055924862
-60.1387615617
-58.3273709549
-57.6296242257
-57.6233220473
-63.8602952644
-70.0
-70.0
-70.0
-70.0
-70.0
-70.0
-70.0
-70.0
-70.0
-70.0
-70.0
-70.0
-70.0
-70.0
-70.0
-70.0
-70.0
-70.0
-70.0
-70.0
-69.1247602592
-68.6287910727
-68.376916525
-68.2798945789
-68.2790182587
-61.2576727008
-57.3362762761
-55.4055625454
-54.7336155555
-56.9676763153
-63.2926981403
-70.0
-70.0
-70.0
-70.0
-70.0
-68.1360962094
-64.7465507281
-62.3323828594
-61.1394693763
-61.5873850644
-56.5192710245
0
-70.0
-70.0
-70.0
-70.0
-70.0
-70.0
-70.0
-70.0
-70.0
-70.0
-70.0
-70.0
-70.0
-64.2515186245
-58.6607125117
-55.176277121
-57.1884655411
-66.8433969381
-70.0
-70.0
-70.0
-70.0
-70.0
-70.0
-70.0
-70.0
-70.0
-70.0
-70.0
-70.0
-70.0
-70.0
-70.0
-70.0
-70.0
-66.0644950032
-63.834375505
-62.7018246226
-62.2655666057
-56.6443422914
0
-70.0
-70.0
-70.0
-70.0
-70.0
-70.0
-70.0
-69.0956293665
-68.5831526742
-68.322894903
-68.2226437435
-68.2217382564
-68.2804703556
-68.3730272699
-69.6701722665
-70.0
-70.0
-70.0
-70.0
-70.0
-70.0
-65.936126619
-63.6332650364
-62.3759863055
-61.8757528568
-61.8464210257
-56.0224185924
0
-70.0
-70.0
-70.0
-70.0
-70.0
-70.0
-70.0
-70.0
-70.0
-70.0
-70.0
-70.0
-70.0
-70.0
-70.0
-70.0
-70.0
-70.0
-70.0
-70.0
-70.0
-67.1358243982
-65.5127915572
-64.6885454673
-60.2475895077
-55.5747629484
0
-70.0
-70.0
-70.0
-70.0
-70.0
-70.0
-70.0
-70.0
-70.0
-70.0
-70.0
-65.2209918744
-62.5128872699
-57.2487060426
-54.5152404382
0
-70.0
-70.0
-70.0
-70.0
-70.0
-70.0
-70.0
-70.0
-70.0
-65.2979102326
-62.6333926978
-61.2802357537
-60.7590003954
-60.7542925006
-61.0596580136
-62.9062196318
-70.0
-70.0
-70.0
-70.0
-70.0
-70.0
-70.0
-70.0
-70.0
-63.5270070673
-59.8589777388
-57.996194217
-57.2786509634
-58.0923215966
-70.0
-70.0
-70.0
-70.0
-70.0
-69.956128204
-69.9312675196
-70.0
-70.0
-70.0
-70.0
-70.0
-70.0
-63.3592087554
-59.5960937168
-56.6884470572
-63.8473994929
-70.0
-70.0
-70.0
-70.0
-70.0
-70.0
-70.0
-65.7242728599
-63.3013608139
-62.0709015591
-62.596628559
-63.1588438069
-63.2831925384
-63.5816953593
-64.8532856988
-70.0
-70.0
-70.0
-70.0
-70.0
-70.0
-70.0
-70.0
-70.0
-70.0
-70.0
-70.0
-70.0
-70.0
-64.0856812848
-70.0
-70.0
-70.0
-70.0
-70.0
-70.0
-70.0
-66.2777528964
-63.8351462043
-62.2417439823
-61.544311183
-61.4077077973
-61.612155506
-63.0144154709
-56.6300051546
-54.3805359309
-63.1066873719
-70.0
-70.0
-70.0
-70.0
-70.0
-70.0
-70.0
-70.0
-70.0
-70.0
-63.9891247374
-58.2496287553
0
-70.0
-70.0
-70.0
-70.0
-70.0
-70.0
-70.0
-70.0
-70.0
-70.0
-70.0
-70.0
-70.0
-70.0
-69.1463057061
-69.1806345998
-70.0
-70.0
-70.0
-70.0
-70.0
-70.0
-70.0
-70.0
-70.0
-70.0
-70.0
-70.0
-70.0
-70.0
-69.3273496624
-61.9464583526
-64.2169532886
-70.0
-70.0
-70.0
-70.0
-70.0
-70.0
-70.0
-70.0
-70.0
-63.5033333054
-57.4885555118
-54.2967369852
0
-70.0
-70.0
-70.0
-70.0
-70.0
-70.0
-70.0
-70.0
-70.0
-70.0
-64.2543264823
-61.8667575795
-60.7053243185
-60.5852718513
-70.0
-70.0
-70.0
-70.0
-70.0
-70.0
-70.0
-70.0
-70.0
-70.0
-70.0
-70.0
-70.0
-63.2496059464
-60.8482865022
-66.5531299247
-70.0
-70.0
-70.0
-70.0
-70.0
-70.0
-70.0
-70.0
-70.0
-64.0357645803
-60.6560311758
-58.9396567606
-57.2785278204
-57.7576464955
-60.3800990458
-69.5258555843
-70.0
-70.0
-70.0
-70.0
-68.0337874063
-66.9196002699
-66.353767979
-67.1347947126
-62.0816336451
-59.3136825497
-58.0091224742
-57.6260823464
-57.8087221915
-62.9153984109
-70.0
-70.0
-70.0
-70.0
-70.0
-70.0
-70.0
-70.0
-64.3105705551
-62.0280328728
-61.2575758343
-61.4200490835
-63.2558386027
-70.0
-70.0
-70.0
-70.0
-66.2237419241
-64.0838623477
-63.7996083261
-63.8357356356
-63.6769707192
-63.792479412
-64.0687019806
-64.9928626849
-69.3701443687
-70.0
-70.0
-70.0
-70.0
-67.1903627207
-65.5982349291
-64.7896837565
-64.4782302611
-63.4805553862
-63.0992652817
-63.1005157097
-56.7409424204
-54.4918333179
-57.0537538143
-70.0
-70.0
-70.0
-70.0
-70.0
-70.0
-70.0
-70.0
-63.8104068193
-59.3052543418
-56.9586543772
-56.3388096735
-58.6659183524
-70.0
-70.0
-70.0
-70.0
-70.0
-70.0
-70.0
-65.0397580787
-62.2289543233
-60.801506926
-61.1931272599
-61.7216618849
-56.2365379633
-66.5172533643
-70.0
-70.0
-70.0
-70.0
-70.0
-70.0
-70.0
-70.0
-70.0
-70.0
-64.7322863854
-61.7472486705
-60.2313177525
-62.6462491259
-70.0
-70.0
-70.0
-70.0
-70.0
-70.0
-70.0
-64.9985604361
-62.1644113499
-59.7836358499
-58.6957160216
-58.4197735906
-59.0012250626
-66.368729177
-70.0
-70.0
-70.0
-70.0
-70.0
-70.0
-70.0
-70.0
-70.0
-70.0
-70.0
-70.0
-70.0
-63.167292623
-63.5873538063
-70.0
-70.0
-70.0
-70.0
-70.0
-70.0
-70.0
-64.4763038088
-62.3459085718
-61.3228078106
-60.9981870935
-61.8071787971
-63.2089784403
-70.0
-70.0
-70.0
-70.0
-70.0
-70.0
-70.0
-70.0
-66.0738578486
-63.8490439627
-62.7191874992
-62.283967371
-62.2800363818
-55.4569542656
0
-70.0
-70.0
-70.0
-70.0
-70.0
-70.0
-70.0
-70.0
-70.0
-70.0
-70.0
-69.9100510226
-62.5497250139
-58.3818719081
-58.4409738075
-66.8668533933
-70.0
-70.0
-70.0
-70.0
-70.0
-70.0
-70.0
-70.0
-70.0
-70.0
-70.0
-70.0
-70.0
-70.0
-70.0
-70.0
-70.0
-70.0
-70.0
-70.0
-70.0
-70.0
-70.0
-64.5601050038
-61.4774978393
-56.0231280571
0
-70.0
-70.0
-70.0
-70.0
-70.0
-70.0
-70.0
-67.9460804767
-66.7821927468
-66.1911203506
-65.9634395679
-65.9613831127
-67.0937548432
-61.4845931865
-57.4614707497
-55.4655482627
-62.1072064826
-70.0
-70.0
-70.0
-70.0
-70.0
-70.0
-70.0
-70.0
-66.0034561114
-63.7387479079
-63.5008398936
-63.5747337553
-63.8332456138
-58.115721908
-55.3757329387
-54.5068004024
-64.1967864355
-70.0
-70.0
-70.0
-70.0
-70.0
-70.0
-70.0
-70.0
-63.8556842743
-57.0990996931
0
-70.0
-70.0
-70.0
-70.0
-70.0
-70.0
-70.0
-70.0
-70.0
-70.0
-70.0
-70.0
-70.0
-64.6250593513
-61.5792596503
-60.0324711748
-58.4373256897
-58.8939499436
-65.8607940662
-70.0
-70.0
-70.0
-70.0
-70.0
-69.8653517412
-67.4557177279
-66.094746729
-65.4083392387
-65.1495501032
-59.5386743345
-56.470039412
0
-70.0
-70.0
-70.0
-70.0
-70.0
-70.0
-70.0
-70.0
-70.0
-70.0
-69.959763976
-69.9369635624
-69.9253845288
-70.0
-69.8389081444
-70.0
-70.0
-70.0
-70.0
-70.0
-70.0
-70.0
-70.0
-70.0
-65.084681619
-62.2993345364
-60.8848151356
-61.3365175032
-61.8963216737
-61.5046104451
-62.8820708122
-70.0
-70.0
-70.0
-70.0
-70.0
-70.0
-70.0
-70.0
-70.0
-70.0
-70.0
-70.0
-70.0
-70.0
-70.0
-70.0
-70.0
-70.0
-70.0
-70.0
-70.0
-70.0
-70.0
-70.0
-64.3290168717
-60.3129906299
-58.2262751972
-57.9799227115
-65.3437756165
-70.0
-70.0
-70.0
-70.0
-70.0
-68.7068181004
-65.6406816907
-63.9463104551
-63.1314773653
-62.8715282659
-62.9531745307
-63.2370564719
-62.6379553187
-59.2327295062
-65.1209518642
-70.0
-70.0
-70.0
-70.0
-70.0
-70.0
-70.0
-70.0
-70.0
-70.0
-63.763537412
-60.2295419455
-58.4348266007
-59.875620313
-70.0
-70.0
-70.0
-70.0
-70.0
-70.0
-70.0
-70.0
-70.0
-70.0
-70.0
-70.0
-70.0
-70.0
-70.0
-70.0
-70.0
-70.0
-70.0
-70.0
-70.0
-70.0
-70.0
-70.0
-70.0
-70.0
-69.3746276455
-69.0202499779
-69.9681623632
-70.0
-70.0
-69.4711434633
-69.1714580925
-68.0777925971
-67.4856668799
-61.596918603
-58.3437723501
-57.7804079191
-57.8497089965
-58.2962993431
-60.8521692115
-70.0
-70.0
-70.0
-70.0
-70.0
-70.0
-70.0
-67.0560199344
-63.0544312305
-60.8849969672
-60.7554826008
-60.9859245609
-61.4246589183
-61.9737442355
-63.1211701786
-64.0121429149
-70.0
-70.0
-70.0
-70.0
-70.0
-70.0
-70.0
-70.0
-64.8811251447
-59.64709606
-54.5184420738
0
-70.0
-70.0
-70.0
-70.0
-70.0
-70.0
-70.0
-70.0
-70.0
-70.0
-70.0
-70.0
-70.0
-70.0
-62.8308563744
-58.7683416532
-55.0811402853
-66.5065022857
-70.0
-70.0
-70.0
-70.0
-70.0
-70.0
-70.0
-70.0
-70.0
-70.0
-70.0
-70.0
-70.0
-66.8215920754
-70.0
-70.0
-70.0
-70.0
-67.3049802197
-65.7778023442
-65.0022355407
-64.7034876073
-64.7007892603
-64.8758106101
-64.2394212282
-64.0496068915
-64.1340647264
-66.4623680502
-70.0
-70.0
-70.0
-70.0
-70.0
-70.0
-70.0
-70.0
-70.0
-63.8523986366
-60.368757864
-58.599614805
-57.9181418094
-57.9119866184
-58.3112272832
-61.0893529061
-69.1425477342
-70.0
-70.0
-70.0
-70.0
-70.0
-67.5787113057
-66.2066477122
-65.5098546324
-65.2414502968
-65.2390260189
-65.3962705848
-59.2586154379
-55.9340685019
-54.4082047235
0
-70.0
-70.0
-70.0
-70.0
-70.0
-70.0
-70.0
-70.0
-70.0
-70.0
-70.0
-70.0
-70.0
-70.0
-70.0
-70.0
-70.0
-70.0
-70.0
-70.0
-70.0
-70.0
-70.0
-70.0
-64.5506665176
-61.4627108775
-59.8945137976
-59.2904450897
0
-70.0
-70.0
-70.0
-70.0
-70.0
-70.0
-70.0
-70.0
-70.0
-70.0
-70.0
-70.0
-70.0
-70.0
-70.0
-63.2772076134
-58.5993125038
-65.6333750972
-70.0
-70.0
-70.0
-70.0
-70.0
-70.0
-67.9550377056
-66.7962257388
-66.2077310341
-66.9810431768
-67.5456623565
-67.9662451191
-68.286386606
-68.5355919447
-69.6022415069
-70.0
-70.0
-70.0
-70.0
-70.0
-70.0
-70.0
-66.5051541855
-64.5247415573
-63.5190025952
-64.0438009695
-64.5572199618
-65.0466973584
-65.5054938845
-67.6642770352
-70.0
-70.0
-70.0
-70.0
-70.0
-70.0
-70.0
-70.0
-70.0
-70.0
-70.0
-69.7693707779
-69.6386808854
-70.0
-70.0
-70.0
-70.0
-70.0
-70.0
-70.0
-70.0
-65.2231840924
-62.5163217448
-56.2604787358
0
-70.0
-70.0
-70.0
-70.0
-70.0
-70.0
-70.0
-70.0
-67.1889516318
-65.5960242231
-64.7870669705
-64.4754570532
-64.4726425345
-65.5674075768
-66.372019683
-68.328200557
-70.0
-70.0
-70.0
-70.0
-70.0
-70.0
-70.0
-70.0
-65.0630779969
-61.2661655013
-59.2791458206
0
-70.0
-70.0
-70.0
-70.0
-70.0
-70.0
-70.0
-70.0
-70.0
-70.0
-70.0
-70.0
-70.0
-70.0
-70.0
-70.0
-70.0
-70.0
-70.0
-63.3832168074
-63.3963940026
-68.5884470277
-67.4392494867
-66.8350893126
-66.578090231
-66.537954441
-66.6292744857
-60.7182347292
-56.1476301155
0
-70.0
-70.0
-70.0
-70.0
-70.0
-70.0
-68.4397852196
-67.5556635108
-67.1066683684
-66.9337156707
-66.9321535298
-67.0334777942
-67.1931564264
-65.3977045024
-70.0
-70.0
-70.0
-70.0
-70.0
-70.0
-70.0
-70.0
-70.0
-70.0
-70.0
-70.0
-63.4177370045
-59.6877879737
-58.2713560901
-61.9111887139
-70.0
-70.0
-70.0
-70.0
-70.0
-70.0
-70.0
-70.0
-64.4542763039
-61.3116995428
-59.7157635014
-59.1010097598
-59.0954571895
-60.9587138274
-70.0
-70.0
-70.0
-70.0
-70.0
-70.0
-70.0
-70.0
-64.1285034378
-60.8013220526
-55.2227469308
0
-70.0
-70.0
-70.0
-70.0
-70.0
-70.0
-70.0
-70.0
-70.0
-70.0
-70.0
-63.9281221179
-58.1540579848
-55.0844842387
-56.8844966407
-70.0
-70.0
-70.0
-70.0
-70.0
-70.0
-70.0
-64.2561603413
-61.0013178681
-59.3483684552
-58.7116531923
-58.7059022615
0
-70.0
-70.0
-70.0
-70.0
-70.0
-70.0
-70.0
-70.0
-70.0
-70.0
-70.0
-63.7401312416
-60.1928722786
-58.3914211581
-57.6975031139
-60.7515170325
-70.0
-70.0
-70.0
-69.7717609586
-70.0
-70.0
-69.9366554766
-69.9007602467
-69.8825311005
-69.8755092428
-69.0729766842
-68.6223579263
-69.5088080447
-70.0
-70.0
-70.0
-70.0
-70.0
-70.0
-70.0
-70.0
-70.0
-70.0
-69.8073640085
-69.6982036133
-69.6427672557
-70.0
-70.0
-70.0
-70.0
-70.0
-70.0
-70.0
-70.0
-70.0
-70.0
-70.0
-70.0
-70.0
-63.8432786706
-59.3554848765
-57.0176257708
-60.254855606
-70.0
-70.0
-70.0
-70.0
-70.0
-70.0
-70.0
-70.0
-70.0
-70.0
-64.0352418172
-60.6552121803
-58.9386873255
0
-70.0
-70.0
-70.0
-70.0
-70.0
-70.0
-70.0
-67.1170266324
-63.1500083908
-60.9981304995
-61.0066149884
-61.6448185154
-62.3062466811
-62.9595620245
-62.6447601599
-65.1122369802
-70.0
-70.0
-70.0
-70.0
-70.0
-70.0
-70.0
-70.0
-70.0
-63.1389205421
-59.2509755159
-57.2765093163
-57.2896946724
-60.2243429968
-68.4502315334
-70.0
-70.0
-70.0
-70.0
-70.0
-70.0
-70.0
-70.0
-70.0
-70.0
-70.0
-70.0
-70.0
-70.0
-70.0
-70.0
-70.0
-70.0
-70.0
-70.0
-70.0
-70.0
-70.0
-63.2521921221
-59.4284343246
0
-70.0
-70.0
-70.0
-70.0
-70.0
-70.0
-70.0
-70.0
-70.0
-70.0
-70.0
-70.0
-70.0
-70.0
-64.0995830035
-60.7560133722
-63.0993812817
-70.0
-70.0
-70.0
-70.0
-70.0
-70.0
-70.0
-70.0
-64.6243033605
-61.5780752648
-55.1595218729
0
-70.0
-70.0
-70.0
-70.0
-70.0
-70.0
-70.0
-70.0
-70.0
-70.0
