-70.0
-70.0
-70.0
-70.0
-70.0
-70.0
-70.0
-64.3
-64.085
-69.6198055556
-70.0
-70.0
-70.0
-65.1889506173
-62.4626893004
-61.0781762003
-60.5448624668
-54.9227615273
0
-70.0
-70.0
-70.0
-70.0
-70.0
-70.0
-69.7801748049
-69.8996534906
-66.0857966968
-63.927956064
-62.8356531488
-62.4190829614
-62.4218380836
-62.6760965541
-63.0727817513
-68.7931988168
-70.0
-70.0
-70.0
-70.0
-68.499254469
-67.6488320014
-67.2169507875
-67.0505903662
-67.0490877679
-61.0683606496
-57.7776456903
-56.210628525
-55.8811462787
-59.4728468564
-67.2705620409
-70.0
-70.0
-70.0
-70.0
-70.0
-70.0
-63.6677958151
-60.079546777
-58.2572791282
-57.555342568
-58.307799663
-66.8984862863
-70.0
-70.0
-70.0
-70.0
-70.0
-70.0
-70.0
-70.0
-70.0
-70.0
-70.0
-70.0
-70.0
-70.0
-70.0
-70.0
-70.0
-70.0
-70.0
-70.0
-64.008275775
-60.6129653809
-58.8886802984
-58.2244865723
-59.5842881219
-64.2439039808
-69.6496270723
-67.5269559222
-66.4885562434
-65.9825645614
-65.8128840667
-65.8506463011
-66.0116154317
-66.2411430623
-59.9138485162
-56.453676838
0
-70.0
-70.0
-70.0
-70.0
-70.0
-69.4281574508
-69.1041133396
-68.9395497616
-68.876159956
-68.8755874075
-68.9127242981
-68.9712489559
-69.040655452
-69.1142775013
-70.0
-70.0
-70.0
-70.0
-70.0
-70.0
-66.4750211865
-64.4775331922
-63.4631226225
-63.0723721933
-63.0688428627
-63.2977638355
-63.6585242914
-64.0863630885
-64.5401875972
-65.4529477731
-70.0
-70.0
-70.0
-70.0
-70.0
-70.0
-70.0
-70.0
-70.0
-70.0
-70.0
-70.0
-70.0
-70.0
-70.0
-70.0
-70.0
-70.0
-70.0
-70.0
-70.0
-70.0
-70.0
-70.0
-70.0
-70.0
-70.0
-70.0
-70.0
-70.0
-70.0
-70.0
-70.0
-70.0
-70.0
-70.0
-70.0
-70.0
-70.0
-70.0
-70.0
-70.0
-70.0
-70.0
-70.0
-70.0
-70.0
-70.0
-70.0
-63.2741053642
-59.6165014375
-63.4344490654
-67.0922528747
-70.0
-70.0
-70.0
-70.0
-70.0
-70.0
-70.0
-63.7234059713
-60.1666693551
-58.3604050735
-58.2750750065
-61.5379904444
-68.3927832146
-70.0
-70.0
-70.0
-70.0
-70.0
-70.0
-70.0
-70.0
-70.0
-70.0
-70.0
-70.0
-70.0
-70.0
-70.0
-70.0
-70.0
-70.0
-70.0
-70.0
-63.7549985644
-60.2161644175
-58.4189917822
-57.7267218082
-58.0245133577
-68.1616134962
-70.0
-70.0
-70.0
-70.0
-70.0
-70.0
-70.0
-70.0
-70.0
-70.0
-70.0
-70.0
-70.0
-70.0
-70.0
-70.0
-69.7761856837
-67.659172386
-66.4669919945
-65.8694506931
-65.6486108892
-65.6611533105
-65.8133069863
-66.0441556255
-66.3145262882
-68.1414840347
-70.0
-70.0
-68.0884571004
-67.1604982486
-66.698372996
-66.5311520778
-66.546447791
-66.6707436259
-60.4708368057
-57.0685314867
-55.6094283462
0
-70.0
-70.0
-70.0
-70.0
-70.0
-70.0
-65.2536349828
-62.5640281398
-61.1981297626
-60.6719864109
-60.6672341862
-60.9754750451
-62.2326668863
-59.2734673069
-62.9752999656
-66.7850500439
-64.407341453
-63.2912678797
-62.8452481397
-62.8161280244
-63.0381183544
-63.4033752739
-63.8424169165
-57.8760175655
-56.0821324896
-63.0781962104
-70.0
-70.0
-70.0
-70.0
-70.0
-70.0
-70.0
-70.0
-70.0
-70.0
-70.0
-70.0
-70.0
-70.0
-70.0
-70.0
-70.0
-70.0
-65.0488338305
-62.2431730011
-60.8183374035
-60.2694914648
-60.2645341861
-60.586075346
-61.0927975304
-58.8302139111
-64.5567960683
-70.0
-70.0
-70.0
-70.0
-70.0
-70.0
-64.1520473951
-60.8382075857
-59.1552967805
-58.5070404048
-58.5011852325
-59.3494142431
-68.3257840751
-70.0
-70.0
-70.0
-70.0
-70.0
-70.0
-70.0
-70.0
-70.0
-70.0
-70.0
-70.0
-70.0
-70.0
-70.0
-70.0
-70.0
-70.0
-70.0
-70.0
-70.0
-70.0
-70.0
-70.0
-63.3609238817
-59.9104772077
-59.1181680482
-61.6609721758
-59.1978126211
-58.079989801
-57.8066297822
0
-70.0
-70.0
-70.0
-70.0
-70.0
-70.0
-70.0
-70.0
-70.0
-70.0
-70.0
-70.0
-70.0
-70.0
-70.0
-70.0
-70.0
-70.0
-70.0
-70.0
-70.0
-70.0
-70.0
-63.838518332
-60.3470120535
-58.5738745513
-57.8908628983
-58.0443729774
-62.3143620073
-70.0
-70.0
-70.0
-70.0
-65.8156468735
-63.4445134352
-62.240349591
-61.7765062982
-61.7723167792
-62.0440591751
-62.4723026402
-63.4462468854
-70.0
-70.0
-70.0
-67.5612174358
-66.1792406495
-65.4774132227
-65.2070696592
-65.2046278658
-65.3630085275
-59.2271437734
-55.9047201285
-54.3811086039
-54.143571355
-55.4797416737
-54.6376592682
-58.8980932123
-58.2509202765
-56.0806679287
-55.2424942557
-55.2315069101
-55.7171976057
-56.4847054362
-57.3957199533
-58.6754935065
-64.1866916679
-63.9533808557
-64.6407421711
-65.6146579003
-66.3451854077
-66.9053290653
-67.3445709577
-67.6966303945
-67.9846450434
-68.3791323295
-70.0
-70.0
-70.0
-70.0
-70.0
-70.0
-70.0
-70.0
-70.0
-70.0
-70.0
-70.0
-70.0
-70.0
-70.0
-70.0
-70.0
-70.0
-70.0
-70.0
-70.0
-70.0
-70.0
-70.0
-70.0
-70.0
-70.0
-70.0
-70.0
-70.0
-70.0
-70.0
-70.0
-70.0
-70.0
-70.0
-70.0
-70.0
-70.0
-70.0
-70.0
-69.4935322693
-69.8372680213
-70.0
-70.0
-70.0
-70.0
-63.6531365459
-58.353996732
-55.7194627919
-55.3915655132
-55.6817749622
-57.2785888522
-54.9531697823
-58.4382008359
-62.7367797722
-61.3941188989
-60.8753850783
-60.8682986166
-61.1684367857
-61.6429051277
-62.2061559619
-62.8039012638
-63.4024184027
-57.2545771688
-54.8229626135
-59.265749489
-64.1049858837
-68.1384655201
-70.0
-70.0
-70.0
-70.0
-70.0
-70.0
-70.0
-70.0
-70.0
-70.0
-70.0
-70.0
-70.0
-70.0
-67.9589831985
-66.802407011
-66.2150477315
-61.0628713135
-58.2694697522
-56.9844464904
-56.6472843169
0
-70.0
-70.0
-70.0
-70.0
-70.0
-70.0
-70.0
-70.0
-70.0
-70.0
-70.0
-70.0
-70.0
-70.0
-70.0
-70.0
-70.0
-70.0
-70.0
-70.0
-67.427420647
-66.0991719767
-65.4322503752
-65.1843557352
-59.578856476
-56.5629283713
-55.2012738961
-54.8775720811
-55.1874319228
-56.023100083
-61.5889033169
-70.0
-70.0
-70.0
-70.0
-70.0
-65.0220640289
-62.2012336453
-60.7686942936
-55.2909549468
0
-70.0
-70.0
-70.0
-70.0
-70.0
-70.0
-70.0
-70.0
-70.0
-70.0
-70.0
-70.0
-70.0
-70.0
-70.0
-70.0
-70.0
-70.0
-70.0
-70.0
-63.7515718225
-60.2107958552
-58.4126370797
-58.2008510062
-59.7505921529
-63.5815499748
-68.7960609797
-66.4867163134
-65.3757189697
-60.9743743757
-58.6344218068
0
-70.0
-70.0
-70.0
-70.0
-70.0
-70.0
-70.0
-70.0
-70.0
-70.0
-66.0834481742
-63.8640688063
-62.7369722253
-57.3768892766
-54.5816098649
0
-70.0
-70.0
-70.0
-70.0
-70.0
-70.0
-70.0
-70.0
-70.0
-70.0
-70.0
-70.0
-70.0
-63.6364697727
-60.0304693106
-58.3562228159
-54.4271075825
-59.2419749267
-68.3961581632
-70.0
-70.0
-70.0
-70.0
-70.0
-64.8054989839
-61.861948408
-60.3670864489
-59.7912663919
-59.7860654779
-54.0452201131
0
-70.0
-70.0
-70.0
-70.0
-70.0
-70.0
-70.0
-65.3193514908
-62.6669840022
-61.3199973757
-60.8011388206
-60.7964523935
-61.2598199138
-61.9896797404
-64.3206503711
-70.0
-70.0
-70.0
-70.0
-70.0
-70.0
-70.0
-70.0
-70.0
-63.7799529836
-60.2552596743
-54.5763794774
0
-70.0
-70.0
-70.0
-70.0
-70.0
-70.0
-70.0
-70.0
-70.0
-70.0
-70.0
-70.0
-63.3813535634
-57.297453916
-54.6709283437
-54.8576994024
-57.5436542221
-60.1826410485
-62.0932784427
-63.5032182645
-64.5657415487
-65.847864382
-60.1652362469
-57.0834848242
-55.6649844765
-55.6224531162
-56.9021145677
-60.236863261
-66.1904963232
-70.0
-67.9092406335
-66.7244769925
-62.2339140193
-59.798445768
-58.677216625
-58.3819052517
-58.5919882526
-59.0983051115
0
-70.0
-70.0
-70.0
-70.0
-70.0
-70.0
-70.0
-70.0
-70.0
-70.0
-70.0
-70.0
-63.381353832
-59.6307876702
-58.8680464788
-65.0813293729
-70.0
-70.0
-70.0
-70.0
-70.0
-70.0
-70.0
-70.0
-70.0
-70.0
-70.0
-70.0
-65.8055886505
-70.0
-70.0
-70.0
-70.0
-68.3890187221
-67.4761293313
-67.0125247191
-66.8339444611
-66.832331491
-60.8587633588
-57.5793303675
-56.0256928938
-55.5593206465
-58.2637378156
-65.2950381972
-70.0
-70.0
-70.0
-70.0
-70.0
-70.0
-70.0
-63.547286002
-59.8907480697
-59.033558545
-63.4042910977
-63.4467679968
-62.1795699313
-61.8173024647
-61.8726985692
-57.2509203537
-54.9028227459
0
-70.0
-70.0
-70.0
-70.0
-70.0
-70.0
-70.0
-70.0
-70.0
-70.0
-70.0
-70.0
-64.6530015189
-61.6230357129
-60.0842883722
-59.4915636887
0
-70.0
-70.0
-70.0
-70.0
-70.0
-69.4958658955
-69.4728936067
-69.4766804465
-69.4963965355
-69.525012971
-69.5580157333
-69.5925501996
-69.6268525394
-70.0
-70.0
-70.0
-70.0
-70.0
-70.0
-68.5388483918
-67.7108624805
-67.2903755177
-62.2024782302
-57.0763239166
-54.4314205313
0
-70.0
-70.0
-70.0
-70.0
-70.0
-70.0
-70.0
-70.0
-70.0
-65.3203700138
-62.6685796884
-61.3218861701
-60.8031405202
-60.7984551129
-61.1023620314
-56.874809123
-59.9903684829
-67.3999976339
-70.0
-70.0
-70.0
-70.0
-70.0
-70.0
-70.0
-70.0
-70.0
-70.0
-67.8406207019
-70.0
-70.0
-70.0
-70.0
-70.0
-70.0
-64.5208896148
-61.4160603966
-55.9504052968
0
-70.0
-70.0
-70.0
-70.0
-70.0
-70.0
-70.0
-70.0
-70.0
-70.0
-70.0
-70.0
-70.0
-70.0
-64.4624535957
-66.0784758216
-70.0
-70.0
-70.0
-66.9273961814
-65.1862540175
-60.4131380297
-57.8688305027
-56.7466183031
-56.5150703732
-56.8256392695
-57.4511259649
-58.2447137834
-58.7863996924
-68.2285037636
-70.0
-70.0
-70.0
-70.0
-70.0
-70.0
-70.0
-70.0
-63.5584991642
-59.9083153573
-58.0545945612
-57.516183845
-58.6538908393
-64.0083490694
-70.0
-70.0
-69.4439760873
-69.4066458701
-69.4040262108
-69.4223202082
-69.4525525996
-69.4889402812
-63.1423486805
-59.5629820974
-57.7632627443
0
-70.0
-70.0
-70.0
-70.0
-70.0
-70.0
-70.0
-70.0
-70.0
-70.0
-70.0
-70.0
-70.0
-70.0
-70.0
-70.0
-70.0
-70.0
-70.0
-70.0
-70.0
-70.0
-70.0
-70.0
-70.0
-70.0
-70.0
-70.0
-64.4222120924
-67.4004419029
-70.0
-70.0
-70.0
-70.0
-70.0
-70.0
-64.1694647348
-58.5321614178
-55.5320407137
-54.2142336008
0
-70.0
-70.0
-70.0
-70.0
-70.0
-70.0
-70.0
-70.0
-70.0
-70.0
-70.0
-70.0
-70.0
-70.0
-70.0
-70.0
-63.1238644396
-62.1448941866
-70.0
-70.0
-70.0
-70.0
-70.0
-70.0
-70.0
-70.0
-70.0
-70.0
-70.0
-70.0
-70.0
-70.0
-70.0
-70.0
-70.0
-70.0
-70.0
-70.0
-70.0
-70.0
-70.0
-70.0
-70.0
-70.0
-70.0
-70.0
-70.0
-68.2895542809
-69.0355854763
-69.6396013442
-70.0
-70.0
-70.0
-70.0
-70.0
-70.0
-70.0
-70.0
-70.0
-70.0
-70.0
-70.0
-70.0
-70.0
-64.1660663615
-60.8601706329
-55.2924052859
0
-70.0
-70.0
-70.0
-70.0
-70.0
-70.0
-70.0
-70.0
-70.0
-70.0
-70.0
-63.8396825162
-60.3488359421
-58.5760334662
-57.8931508651
-60.3390022337
-65.2819035676
-70.0
-70.0
-70.0
-70.0
-70.0
-70.0
-70.0
-70.0
-70.0
-70.0
-70.0
-70.0
-70.0
-70.0
-70.0
-70.0
-70.0
-70.0
-70.0
-70.0
-70.0
-70.0
-70.0
-70.0
-70.0
-70.0
-70.0
-70.0
-70.0
-70.0
-70.0
-70.0
-70.0
-70.0
-70.0
-70.0
-70.0
-70.0
-70.0
-70.0
-70.0
-70.0
-70.0
-70.0
-70.0
-70.0
-70.0
-64.1426695148
-60.8235155732
-59.1379060225
-58.4886100913
-58.4827455295
-54.3298974939
-56.9975027105
-63.6614425639
-68.7274578211
-70.0
-70.0
-70.0
-70.0
-70.0
-70.0
-70.0
-70.0
-70.0
-70.0
-70.0
-70.0
-70.0
-70.0
-70.0
-70.0
-70.0
-70.0
-70.0
-70.0
-70.0
-63.5331934104
-59.8686696762
-58.0076664465
-58.3273521253
-65.0363908905
-70.0
-70.0
-70.0
-70.0
-70.0
-70.0
-70.0
-70.0
-63.8478348278
-60.3616078969
-58.5911514751
-57.9091725729
-57.9030128124
-60.7375752129
-68.6926331408
-70.0
-70.0
-70.0
-70.0
-70.0
-70.0
-70.0
-70.0
-70.0
-70.0
-70.0
-70.0
-70.0
-70.0
-70.0
-69.0275119409
-68.7553890777
-68.6336023906
-68.6060769653
-68.6360258113
-68.6994609251
-68.780873296
-68.8703582753
-68.961703987
-69.4007180648
-70.0
-70.0
-70.0
-66.1302028039
-63.9373177261
-62.8236760886
-62.3947019031
-56.7735433777
0
-70.0
-70.0
-70.0
-70.0
-70.0
-70.0
-70.0
-70.0
-70.0
-70.0
-70.0
-70.0
-70.0
-70.0
-70.0
-70.0
-70.0
-70.0
-70.0
-70.0
-70.0
-70.0
-70.0
-63.9945233232
-60.5914198731
-54.9742882516
0
-70.0
-70.0
-70.0
-70.0
-70.0
-70.0
-70.0
-70.0
-70.0
-70.0
-70.0
-70.0
-63.6999560711
-60.1299311781
-58.3169185363
-58.1609656774
-63.45118769
-70.0
-70.0
-67.9550971377
-66.7963188491
-66.2078412476
-65.9811599785
-65.979112551
-66.1119136762
-66.3211972288
-59.9790877636
-58.4973103035
-60.3315539405
-65.3076591806
-70.0
-70.0
-70.0
-70.0
-70.0
-64.1226917802
-58.458883789
-55.445302868
-54.1223108864
0
-70.0
-70.0
-70.0
-70.0
-70.0
-70.0
-70.0
-70.0
-70.0
-70.0
-70.0
-63.5033589983
-59.8219290973
-59.396727133
-66.7337900162
-70.0
-70.0
-70.0
-70.0
-70.0
-65.319376592
-62.6670233275
-61.3200439246
-60.801188152
-60.79650175
-55.0222838834
0
-70.0
-70.0
-70.0
-70.0
-70.0
-70.0
-70.0
-65.4313966074
-62.8425213515
-61.5277788196
-61.0213406732
-61.0167664295
-55.6007663564
-54.0765084593
-61.8695864827
-70.0
-70.0
-70.0
-70.0
-70.0
-70.0
-70.0
-70.0
-70.0
-70.0
-70.0
-70.0
-70.0
-70.0
-70.0
-70.0
-70.0
-70.0
-70.0
-70.0
-70.0
-70.0
-70.0
-70.0
-70.0
-64.2626672424
-64.2989586425
-67.6771339002
-70.0
-70.0
-65.3076327213
-62.6486245967
-61.2982655687
-60.7781079663
-60.7734098059
-61.0781439162
-61.5583795852
-63.0406778104
-61.9890092945
-67.3124241837
-70.0
-70.0
-66.9230288305
-65.1794118344
-64.2939279089
-63.9528399567
-63.9497591868
-64.1495854186
-64.4644949771
-64.8379575463
-59.9975402578
-62.4728614539
-70.0
-70.0
-70.0
-70.0
-70.0
-70.0
-70.0
-70.0
-70.0
-70.0
-70.0
-70.0
-70.0
-70.0
-70.0
-70.0
-70.0
-70.0
-70.0
-70.0
-70.0
-70.0
-70.0
-63.3273062383
-59.5461131067
-65.5870738093
-70.0
-70.0
-70.0
-70.0
-70.0
-70.0
-70.0
-70.0
-70.0
-70.0
-63.3794089948
-59.6277407585
-58.4262334303
-63.3946423623
-70.0
-70.0
-70.0
-67.5402528433
-66.1463961212
-65.4385355505
-65.1658680231
-65.1634052392
-65.3231473943
-59.1894282405
-56.2240691957
-57.8503953414
-59.7866491888
-65.8578010326
-70.0
-70.0
-70.0
-70.0
-70.0
-64.1122307601
-60.7758281908
-59.0814590428
-58.4287889193
0
-70.0
-70.0
-70.0
-70.0
-70.0
-70.0
-70.0
-70.0
-70.0
-70.0
-63.971612804
-60.5555267263
-58.8206908555
-58.1524329711
-63.3035347911
-70.0
-70.0
-70.0
-70.0
-70.0
-70.0
-70.0
-70.0
-64.0216619758
-60.6339370954
-58.913504264
-58.250794423
-58.6181578658
-61.7930078659
-70.0
-70.0
-70.0
-70.0
-70.0
-70.0
-70.0
-70.0
-70.0
-70.0
-63.4365810266
-57.3839769417
0
-70.0
-70.0
-70.0
-70.0
-70.0
-70.0
-70.0
-70.0
-70.0
-70.0
-70.0
-70.0
-70.0
-70.0
-70.0
-70.0
-70.0
-70.0
-70.0
-70.0
-70.0
-70.0
-64.3538036665
-61.1542924109
-55.6405536882
0
-70.0
-70.0
-70.0
-70.0
-70.0
-70.0
-70.0
-68.7310033092
-68.0119051844
-67.6467161367
-62.5801195776
-59.7874909895
-58.4523308037
-58.0361569988
-58.1852474825
-62.2371496523
-70.0
-70.0
-70.0
-70.0
-70.0
-70.0
-70.0
-70.0
-70.0
-70.0
-70.0
-70.0
-70.0
-70.0
-70.0
-70.0
-70.0
-70.0
-70.0
-70.0
-70.0
-70.0
-70.0
-70.0
-63.2916374177
-60.4127392224
-58.0947157597
-59.7039447062
-61.5619091047
-58.18083707
-56.5461659469
-56.0138244081
-56.1606253379
-56.8894127603
-58.4934143564
-61.3214598886
-59.874636753
-64.1149295873
-68.2695138007
-66.0470397946
-64.9917188793
-60.6365801452
-58.3356109
-57.3438423228
-57.1706530991
-57.4943844615
-58.1054771303
-59.0666168262
-64.1932208062
-70.0
-70.0
-70.0
-70.0
-70.0
-70.0
-70.0
-70.0
-70.0
-70.0
-70.0
-70.0
-70.0
-70.0
-70.0
-70.0
-70.0
-70.0
-70.0
-65.9196595894
-63.60746669
-62.433235394
-61.9809221033
-61.9768367255
-62.2418242746
-62.6594226615
-65.5494489769
-70.0
-70.0
-70.0
-70.0
-70.0
-70.0
-70.0
-70.0
-70.0
-63.6004229173
-59.9739959037
-58.1323398322
-57.9848117271
-61.1122472656
-67.9409278391
-70.0
-70.0
-70.0
-66.3273896916
-64.2462438502
-63.189348217
-62.7822325632
-62.7785554188
-63.0170639516
-63.3929336061
-65.5340794045
-70.0
-70.0
-70.0
-70.0
-70.0
-70.0
-70.0
-70.0
-64.3352698066
-61.1252560303
-59.4950725635
-58.8671267313
-58.8614550076
-61.0984943123
-67.9845220791
-70.0
-70.0
-70.0
-70.0
-64.8397547327
-61.9156157479
-60.4306118321
-59.8585890882
-54.2361385216
0
-70.0
-70.0
-70.0
-70.0
-70.0
-70.0
-70.0
-70.0
-65.4306900815
-62.8414144609
-61.5264686066
-61.0199521405
-55.3980932388
0
-70.0
-70.0
-70.0
-70.0
-70.0
-70.0
-70.0
-70.0
-70.0
-70.0
-70.0
-70.0
-70.0
-70.0
-70.0
-70.0
-70.0
-70.0
-70.0
-70.0
-64.6583450795
-61.6314072912
-60.0941977085
-59.5020653686
-59.4967171191
-59.8436175987
-62.2911049441
-70.0
-70.0
-70.0
-70.0
-66.2684278759
-61.8205370055
-57.0911179165
0
-70.0
-70.0
-70.0
-70.0
-70.0
-70.0
-69.4040742119
-69.5057995986
-69.5833081774
-69.643703052
-69.6918165418
-69.7309574176
-69.7634100291
-69.7907679284
-70.0
-70.0
-70.0
-70.0
-70.0
-70.0
-70.0
-70.0
-70.0
-70.0
-70.0
-70.0
-70.0
-70.0
-70.0
-70.0
-70.0
-70.0
-70.0
-70.0
-70.0
-70.0
-64.4194076322
-61.2570719571
-59.6511014868
-59.0324824884
-59.0268950065
-59.3893126837
-61.1125560625
-66.2330719753
-70.0
-70.0
-70.0
-69.1852663979
-69.0248062456
-68.9610366126
-68.9574069458
-68.9899822475
-69.043194687
-69.1070156611
-69.1750743901
-62.5165362441
-57.0092958444
-58.5184294131
-65.115901301
-67.8091787407
-70.0
-70.0
-66.4635652773
-64.4595856011
-63.4418782753
-63.0498579374
-63.0463171367
-63.275982085
-63.6379149845
-65.4058686305
-69.4643534074
-70.0
-70.0
-70.0
-70.0
-70.0
-70.0
-70.0
-70.0
-63.3095742312
-59.5183329621
-61.3974326587
-70.0
-70.0
-70.0
-70.0
-67.7969321657
-66.5485270595
-65.9145330939
-65.6703189447
-65.668113157
-65.8111859125
-66.0366567021
-66.3040506191
-66.587685282
-68.1658649285
-70.0
-70.0
-70.0
-70.0
-70.0
-70.0
-70.0
-70.0
-70.0
-70.0
-70.0
-70.0
-63.7388841823
-61.2867907916
-64.1558466259
-68.6088817988
-70.0
-70.0
-70.0
-70.0
-70.0
-70.0
-70.0
-70.0
-70.0
-70.0
-70.0
-70.0
-70.0
-70.0
-70.0
-70.0
-70.0
-70.0
-70.0
-70.0
-70.0
-70.0
-70.0
-64.0067636509
-61.9549498978
-70.0
-70.0
-70.0
-70.0
-70.0
-70.0
-70.0
-70.0
-70.0
-70.0
-70.0
-70.0
-65.6838054335
-68.204407042
-70.0
-70.0
-70.0
-70.0
-70.0
-65.2393111406
-62.5415874537
-61.171566993
-60.6438358169
-60.6390692506
-60.9482403358
-61.4354683091
-64.4650828213
-70.0
-70.0
-70.0
-70.0
-70.0
-66.3424637709
-64.2698599077
-59.3284133706
-56.7192650027
-55.5964671485
-55.4029061978
-55.7733394207
-56.4698213738
-63.9919053792
-70.0
-70.0
-70.0
-70.0
-70.0
-70.0
-70.0
-70.0
-70.0
-70.0
-70.0
-70.0
-70.0
-70.0
-70.0
-70.0
-68.1991603245
-67.3371196936
-66.908657992
-66.7546257046
-61.1531015247
-58.0870836326
0
-70.0
-70.0
-70.0
-70.0
-70.0
-70.0
-70.0
-70.0
-70.0
-65.3342007347
-62.6902478177
-61.3475344735
-60.8303219846
-60.8256504251
-61.1286591419
-63.3682365699
-70.0
-70.0
-70.0
-70.0
-70.0
-70.0
-70.0
-70.0
-70.0
-70.0
-70.0
-70.0
-70.0
-70.0
-70.0
-70.0
-70.0
-70.0
-70.0
-65.9245758606
-63.6151688483
-62.442352346
-61.9905840331
-61.9865035776
-62.2511718517
-62.6682670877
-63.9412008577
-69.324063506
-70.0
-70.0
-70.0
-70.0
-70.0
-70.0
-70.0
-70.0
-70.0
-70.0
-70.0
-70.0
-70.0
-70.0
-70.0
-70.0
-70.0
-70.0
-70.0
-70.0
-64.819653473
-61.8841237744
-60.3933351628
-59.819084157
-59.813897415
-60.1503221226
-62.9710590485
-62.1194458757
-64.1699490383
-65.9688344377
-62.2566119367
-57.9540580383
-55.774057098
-54.9402546305
-54.9419646623
-55.4449251927
-56.2318706711
-57.5604519897
-62.6736665798
-68.6732867711
-70.0
-66.7572277427
-64.919656797
-63.9864590029
-63.6269916931
-63.6237449174
-63.8343386881
-57.7807574606
-54.7448916478
-54.9940465804
-60.0630909118
-68.834690597
-70.0
-69.5687702693
-69.4792308293
-65.5539772488
-61.0136925255
-58.5890652741
0
-70.0
-70.0
-70.0
-70.0
-70.0
-70.0
-70.0
-70.0
-70.0
-70.0
-70.0
-70.0
-70.0
-70.0
-70.0
-70.0
-66.7440888865
-68.9865627329
-70.0
-70.0
-69.3027605255
-68.9076581567
-68.7070081301
-68.6297178432
-63.0117357923
-59.873888702
-54.4398286022
0
-70.0
-70.0
-70.0
-70.0
-70.0
-70.0
-70.0
-70.0
-70.0
-70.0
-70.0
-70.0
-70.0
-70.0
-70.0
-70.0
-70.0
-70.0
-70.0
-70.0
-70.0
-70.0
-70.0
-70.0
-70.0
-63.6596660027
-60.0668100709
-58.2422028427
0
-70.0
-70.0
-70.0
-70.0
-70.0
-70.0
-67.1010088781
-65.4582472424
-64.6239820196
-64.3026234852
-64.2997209151
-58.4097993754
-55.8412136963
-58.9817407567
-65.1567092817
-65.3122529573
-66.0465607684
-66.7659267628
-67.3053488007
-67.7188237301
-61.9647585963
-58.7801608961
-57.2433969128
-56.7465586258
-57.4848819363
-60.1157687638
-66.118951492
-70.0
-70.0
-70.0
-70.0
-65.1187308085
-62.3526782666
-60.9479574659
-60.4068597366
-60.4019724412
-60.7189743159
-61.2185429635
-63.3829877462
-70.0
-70.0
-70.0
-70.0
-70.0
-70.0
-70.0
-70.0
-63.8865481196
-60.4222587207
-58.6629431241
-57.9852556619
-57.9791346626
-58.3761575742
-60.1492805835
-59.4347724115
-63.7969717479
-67.76042025
-70.0
-70.0
-70.0
-70.0
-70.0
-63.8561472122
-58.0412972992
0
-70.0
-70.0
-70.0
-70.0
-70.0
-70.0
-70.0
-70.0
-70.0
-64.4071495588
-61.2378676422
-59.6283695708
-54.2763082057
-54.2781762228
-57.4538258034
-63.2162562899
-67.1852838165
-64.9008575386
-63.7001731873
-59.3008679147
-57.0179224873
-56.0808911479
-55.9826426394
-56.3909387796
-57.0895518378
-58.3232109487
-61.8159892319
-69.9304204481
-70.0
-69.0514790987
-68.709726199
-68.5476835858
-68.498868565
-68.5196172671
-68.5814125794
-68.6657760141
-68.7608682078
-68.8592279171
-69.7624837638
-70.0
-70.0
-70.0
-70.0
-70.0
-70.0
-70.0
-70.0
-70.0
-70.0
-70.0
-70.0
-70.0
-70.0
-70.0
-70.0
-70.0
-67.5964651922
-68.4136795013
-69.7236194325
-70.0
-70.0
-70.0
-70.0
-70.0
-70.0
-70.0
-70.0
-70.0
-70.0
-70.0
-70.0
-70.0
-70.0
-70.0
-70.0
-70.0
-70.0
-70.0
-70.0
-68.1791701638
-70.0
-70.0
-70.0
-70.0
-70.0
-70.0
-64.6718111891
-61.6525041963
-60.1191698608
-59.5285302641
-59.5231954972
-59.8692214539
-60.6124920305
-69.4806259092
-70.0
-70.0
-70.0
-69.2958175045
-68.896780757
-68.6941326833
-68.6160727496
-68.6153676977
-62.5829097763
-59.2106713642
-57.5469726048
-57.1595965399
-58.5676995678
-65.748403558
-70.0
-69.0106476398
-68.9106803402
-69.041232838
-69.1515232421
-69.2459800431
-69.3277881223
-69.3992800324
-69.4621991774
-69.5178773585
-70.0
-70.0
-70.0
-70.0
-70.0
-66.2697641052
-64.1559637648
-63.0824847684
-62.6689812116
-62.6652463705
-62.9074972535
-63.2892645415
-64.7154878524
-70.0
-70.0
-70.0
-70.0
-67.4416734692
-65.9919551017
-65.2557255779
-64.9721303443
-64.9695688593
-65.1357130064
-65.3975423944
-59.117748925
-59.0243436542
-68.0463557448
-70.0
-70.0
-70.0
-69.5899939725
-69.3576572236
-69.2396666001
-69.1942166727
-69.1938061605
-69.2204329812
-69.2623946409
-69.312158482
-69.3649448372
-69.6132754934
-70.0
-70.0
-70.0
-70.0
-70.0
-68.8101010919
-68.1358250439
-67.7933985804
-67.6614960829
-67.660304715
-67.737579737
-67.8593587591
-68.0037808803
-68.1569747904
-68.3103253101
-69.0595925426
-70.0
-70.0
-70.0
-70.0
-67.5580259238
-66.1742406139
-65.4714947408
-65.2007973923
-65.1983524034
-65.35694033
-65.6068617416
-65.9032525305
-70.0
-70.0
-70.0
-70.0
-70.0
-70.0
-70.0
-65.0417386104
-62.2320571563
-60.805179712
-60.255547255
-60.2505828723
-60.5725848136
-61.0800331512
-55.4715761573
-57.3581300373
-70.0
-70.0
-70.0
-70.0
-67.4414971857
-65.9916789243
-65.25539867
-64.971783895
-64.9692222336
-59.0571885285
-55.8747286878
-54.4360951605
-56.0984572158
-61.9561627946
-68.831566269
-70.0
-70.0
-70.0
-70.0
-70.0
-70.0
-70.0
-70.0
-70.0
-70.0
-70.0
-70.0
-70.0
-70.0
-70.0
-70.0
-70.0
-70.0
-70.0
-70.0
-70.0
-70.0
-70.0
-70.0
-70.0
-70.0
-70.0
-70.0
-70.0
-70.0
-70.0
-70.0
-70.0
-70.0
-70.0
-70.0
-63.3737844093
-59.618928908
-57.8963533066
-59.9174565649
-68.4812968871
-70.0
-70.0
-68.5160051154
-67.6750746807
-67.2480139306
-62.1575844235
-57.0314072385
-54.3879873529
0
-70.0
-70.0
-70.0
-70.0
-70.0
-70.0
-70.0
-70.0
-70.0
-70.0
-70.0
-70.0
-70.0
-70.0
-70.0
-70.0
-70.0
-70.0
-70.0
-70.0
-70.0
-70.0
-70.0
-70.0
-70.0
-70.0
-70.0
-70.0
-66.927124333
-70.0
-70.0
-70.0
-70.0
-70.0
-70.0
-70.0
-70.0
-70.0
-70.0
-70.0
-70.0
-70.0
-70.0
-70.0
-70.0
-70.0
-70.0
-67.0892524505
-65.4398288391
-64.6021803777
-64.2795186215
-64.2766042805
-64.4656355331
-64.7635331003
-65.1168205373
-66.0687293054
-69.775655722
-70.0
-70.0
-70.0
-70.0
-70.0
-70.0
-70.0
-70.0
-70.0
-70.0
-70.0
-70.0
-70.0
-70.0
-70.0
-70.0
-70.0
-70.0
-70.0
-66.8738202112
-65.1023183309
-64.2026732583
-63.8561304395
-63.8530004002
-57.9778330629
0
-70.0
-70.0
-70.0
-70.0
-70.0
-70.0
-68.4897686273
-67.6339708494
-63.3104709322
-60.9393552841
-59.8187073857
-59.4856950672
-59.6363645072
-60.0722206876
-63.5179764837
-70.0
-70.0
-70.0
-70.0
-70.0
-70.0
-70.0
-70.0
-70.0
-70.0
-70.0
-70.0
-70.0
-70.0
-70.0
-70.0
-70.0
-70.0
-70.0
-65.0501055997
-62.2451654396
-60.8206958288
-60.2719908681
-60.2670348627
-60.5884934307
-61.0950854572
-62.3003245855
-65.0587440786
-70.0
-70.0
-70.0
-67.4790455239
-66.0505046542
-65.3250299772
-65.0455775051
-65.0430534383
-59.1285812499
-55.9422785619
0
-70.0
-70.0
-70.0
-70.0
-70.0
-69.358700082
-68.9952967951
-68.8107449299
-68.7396556464
-63.1217296041
-59.9802496586
-58.4293533693
0
-70.0
-70.0
-70.0
-70.0
-70.0
-70.0
-70.0
-70.0
-70.0
-64.0957510645
-60.7500100011
-59.0508983629
-59.4310264812
-63.4195563876
-70.0
-70.0
-70.0
-70.0
-70.0
-70.0
-70.0
-63.7613887564
-60.2261757184
-58.4308420383
-58.5649108392
-63.4569580148
-70.0
-70.0
-70.0
-70.0
-65.5415698016
-60.6817926891
-58.076533332
-56.9108266067
-56.6477083513
-56.9349137863
-58.5677853928
-64.5899708051
-70.0
-70.0
-70.0
-70.0
-70.0
-66.2074909253
-64.0584024497
-59.0781137271
-56.4540033693
-55.3310703756
-55.1462749003
-55.530521785
-56.2433858564
-58.3310105117
-69.873428171
-70.0
-70.0
-70.0
-70.0
-68.1905741356
-67.1652328124
-62.7556313692
-60.3513494576
-59.2304019954
-58.9168201183
-59.0981103214
-59.5702807658
0
-70.0
-70.0
-70.0
-70.0
-70.0
-70.0
-70.0
-70.0
-70.0
-64.3162179206
-58.7620747423
-55.8041863439
-54.5026470934
0
-70.0
-70.0
-70.0
-70.0
-70.0
-70.0
-70.0
-70.0
-70.0
-70.0
-70.0
-70.0
-70.0
-70.0
-70.0
-67.9340015827
-70.0
-70.0
-70.0
-70.0
-70.0
-70.0
-70.0
-70.0
-70.0
-70.0
-70.0
-70.0
-70.0
-70.0
-70.0
-70.0
-70.0
-70.0
-65.9702821856
-61.3534420908
-58.8715566309
-57.7533734673
-57.4906844535
0
-70.0
-70.0
-70.0
-70.0
-70.0
-70.0
-70.0
-70.0
-70.0
-70.0
-70.0
-63.6481294438
-60.2662361281
-62.4702830777
-70.0
-70.0
-70.0
-70.0
-70.0
-70.0
-70.0
-64.3587189531
-61.1619930265
-59.538557703
0
-70.0
-70.0
-70.0
-70.0
-70.0
-70.0
-70.0
-68.186367906
-67.1586430528
-66.6367200391
-66.4356755629
-66.4338596917
-66.5516415126
-66.7372558881
-67.979980275
-70.0
-70.0
-70.0
-70.0
-70.0
-70.0
-70.0
-70.0
-64.3511647024
-61.1501580338
-59.5245487648
-58.8983649113
-58.8927091021
0
-70.0
-70.0
-70.0
-70.0
-70.0
-70.0
-70.0
-70.0
-70.0
-70.0
-70.0
-70.0
-70.0
-70.0
-63.9061584152
-65.5160333171
-70.0
-70.0
-70.0
-70.0
-70.0
-70.0
-70.0
-70.0
-70.0
-70.0
-70.0
-70.0
-70.0
-70.0
-70.0
-70.0
-70.0
-70.0
-64.3795017038
-61.1945526693
-59.5770981596
-54.0281295892
0
-70.0
-70.0
-70.0
-70.0
-70.0
-70.0
-70.0
-70.0
-70.0
-70.0
-70.0
-70.0
-70.0
-63.4741927918
-60.6130796711
-65.84601508
-70.0
-70.0
-70.0
-70.0
-70.0
-70.0
-70.0
-70.0
-70.0
-70.0
-70.0
-70.0
-70.0
-70.0
-70.0
-70.0
-70.0
-70.0
-70.0
-70.0
-70.0
-70.0
-70.0
-70.0
-70.0
-70.0
-63.1460649528
-60.2948114735
-64.3893908415
-70.0
-70.0
-70.0
-70.0
-70.0
-65.6696195071
-63.2157372279
-61.9695499527
-61.4895192558
-61.4851835292
-55.6882200085
0
-70.0
-70.0
-70.0
-70.0
-70.0
-70.0
-70.0
-70.0
-65.2959044115
-62.6302502447
-61.2765160698
-60.7550583626
-60.7503484594
-61.0558442356
-63.6362152554
-70.0
-70.0
-70.0
-70.0
-70.0
-70.0
-65.9921446151
-63.7210265637
-62.5676548474
-62.1233766561
-62.1193638527
-62.3796440423
-62.7898240213
-63.2762712079
-68.8795903541
-70.0
-70.0
-70.0
-70.0
-70.0
-70.0
-70.0
-70.0
-70.0
-70.0
-70.0
-70.0
-70.0
-70.0
-70.0
-70.0
-70.0
-70.0
-70.0
-70.0
-70.0
-64.8319122363
-59.5699958369
-56.7605128026
-55.516139222
-55.2523104329
-55.5856028117
-56.2660581452
-61.6997502468
-70.0
-70.0
-70.0
-70.0
-70.0
-70.0
-70.0
-70.0
-70.0
-70.0
-63.3129780798
-59.5236656584
-60.3028155554
-70.0
-70.0
-70.0
-70.0
-70.0
-70.0
-70.0
-70.0
-64.4877233789
-59.030766627
-56.1222336883
-54.8397061354
-54.5755327325
0
-70.0
-70.0
-70.0
-70.0
-70.0
-69.6656041209
-69.4761131227
-69.3798814197
-69.3428130172
-69.3424782085
-69.3641947164
-69.3984181305
-69.439004908
-69.4820568109
-70.0
-70.0
-70.0
-70.0
-70.0
-70.0
-70.0
-70.0
-70.0
-70.0
-70.0
-70.0
-70.0
-70.0
-70.0
-70.0
-70.0
-70.0
-70.0
-70.0
-70.0
-70.0
-64.5125169386
-61.4029432038
-59.8237675229
-59.2154698635
-59.2099756058
-59.7643465309
-60.5980389706
-69.4474910295
-70.0
-70.0
-70.0
-70.0
-70.0
-70.0
-70.0
-70.0
-70.0
-70.0
-70.0
-70.0
-70.0
-70.0
-70.0
-70.0
-70.0
-70.0
-65.6060295742
-63.1161129996
-61.8516259548
-56.4386202702
0
-70.0
-70.0
-70.0
-70.0
-70.0
-70.0
-70.0
-70.0
-70.0
-70.0
-70.0
-70.0
-63.4725538185
-59.7736676489
-60.5725179634
-70.0
-70.0
-70.0
-70.0
-70.0
-70.0
-70.0
-70.0
-63.9066967927
-60.4538249752
-58.7003077189
-58.0248537745
-60.5981057547
-70.0
-70.0
-70.0
-70.0
-70.0
-70.0
-70.0
-70.0
-70.0
-70.0
-70.0
-70.0
-70.0
-70.0
-70.0
-70.0
-70.0
-70.0
-70.0
-70.0
-70.0
-70.0
-70.0
-65.0824284748
-62.2958046105
-60.8806368049
-55.4095889688
0
-70.0
-70.0
-70.0
-70.0
-70.0
-70.0
-70.0
-70.0
-67.1795285177
-65.5812613444
-64.769592329
-64.4569378421
-64.4541138885
-64.6372823868
-64.9259407395
-65.476652517
-69.3706622074
-70.0
-70.0
-70.0
-70.0
-67.7287425698
-66.4416966927
-65.7880792767
-65.5363061845
-65.5340321231
-59.6033439817
-56.3914862975
-54.9179888104
0
-70.0
-70.0
-70.0
-70.0
-70.0
-70.0
-70.0
-70.0
-70.0
-64.4321084984
-61.2769699808
-59.6746545375
-59.0574434537
-59.0518686882
-61.7689139793
-63.9096201769
-68.0990456387
-70.0
-67.2680890382
-63.3866728266
-61.2782673387
-60.303948468
-60.0425588633
-60.2176398051
-60.6487670433
-61.2191511514
-62.4861556608
-62.1640146105
-68.238227533
-70.0
-70.0
-68.0440810357
-66.9357269559
-62.4839680539
-57.7301137776
-55.2867974192
-54.3112476902
-54.2488762632
-54.7364908648
-57.2313036802
-68.8855015959
-70.0
-70.0
-70.0
-68.7003977494
-67.9639564741
-67.5899598264
-67.4458965103
-67.4445953036
-67.5289947361
-67.6620012377
-61.2294320751
-57.8579624304
-57.7249955236
-63.7867740939
-70.0
-70.0
-70.0
-70.0
-70.0
-70.0
-70.0
-70.0
-70.0
-63.195822932
-59.5654953516
-55.340327554
-63.3288783974
-70.0
-70.0
-70.0
-70.0
-70.0
-70.0
-70.0
-70.0
-70.0
-70.0
-70.0
-70.0
-70.0
-70.0
-70.0
-70.0
-70.0
-70.0
-70.0
-66.0375926869
-63.7922285428
-62.6519357716
-62.2126955832
-56.5914443334
0
-70.0
-70.0
-70.0
-70.0
-70.0
-70.0
-70.0
-70.0
-70.0
-70.0
-70.0
-70.0
-70.0
-70.0
-70.0
-70.0
-70.0
-70.0
-70.0
-70.0
-70.0
-70.0
-70.0
-70.0
-70.0
-70.0
-70.0
-63.5027378063
-59.8209558966
-55.7978773801
-62.6462245488
-70.0
-70.0
-70.0
-70.0
-70.0
-70.0
-65.638292325
-63.1666579758
-61.9114554337
-61.4279520607
-61.4235849682
-61.7068452138
-62.8068009028
-70.0
-70.0
-70.0
-70.0
-70.0
-70.0
-70.0
-70.0
-70.0
-70.0
-70.0
-70.0
-70.0
-70.0
-70.0
-70.0
-70.0
-70.0
-69.239145979
-66.4746620338
-62.6001495988
-60.5221038179
-59.5912062221
-59.3796274572
-59.6066926164
-60.0893752913
-60.7093390532
-61.3910060086
-65.3607518999
-70.0
-70.0
-70.0
-70.0
-70.0
-70.0
-70.0
-65.6145657154
-63.1294862874
-61.8674557544
-61.3813222428
-61.3769313944
-61.6617325055
-62.110555422
-64.6141043441
-70.0
-70.0
-70.0
-70.0
-70.0
-70.0
-70.0
-70.0
-64.0501556192
-60.6785771368
-58.9663441427
-58.3067928749
-58.300835685
-61.1439355924
-70.0
-70.0
-70.0
-70.0
-70.0
-70.0
-70.0
-70.0
-64.2577048096
-61.003737535
-59.3512325858
-58.71468853
-58.7089391456
-59.0818582101
0
-70.0
-70.0
-70.0
-70.0
-70.0
-70.0
-70.0
-70.0
-70.0
-70.0
-70.0
-70.0
-70.0
-70.0
-70.0
-70.0
-70.0
-70.0
-70.0
-68.6748750195
-67.9239708638
-63.6537404528
-61.3031441911
-60.1826816276
-59.8376480353
-59.9693729455
-60.3827621267
-54.5659106976
0
-70.0
-70.0
-70.0
-70.0
-70.0
-70.0
-70.0
-70.0
-70.0
-70.0
-70.0
-70.0
-70.0
-70.0
-70.0
-70.0
-70.0
-70.0
-70.0
-69.6609872366
-69.468880004
-69.3713196643
-69.3337394716
-69.3334000403
-69.3554163802
-69.3901123048
-69.4312594494
-70.0
-70.0
-70.0
-70.0
-70.0
-69.2511179195
-68.8267514073
-68.6112397863
-63.602298895
-60.8101910637
-59.4412533294
-58.9718489112
-59.0578112966
-59.4741283513
-55.9255295115
-61.2963664262
-66.0528521606
-70.0
-70.0
-70.0
-70.0
-70.0
-70.0
-70.0
-70.0
-70.0
-70.0
-70.0
-70.0
-70.0
-70.0
-70.0
-70.0
-70.0
-70.0
-70.0
-70.0
-70.0
-70.0
-63.5917979932
-59.9604835227
-58.1163453897
-57.8574712823
-56.2180072866
-62.0224478975
-64.8916190431
-64.6102066512
-62.6424726981
-59.5592684215
-58.0573702414
-57.554318992
-57.667344276
-58.1462479705
0
-70.0
-70.0
-70.0
-70.0
-70.0
-70.0
-70.0
-70.0
-66.8180942235
-65.0150142835
-64.09933251
-63.7466123623
-63.7434265282
-63.9500674769
-64.2757164635
-58.7201859115
-63.3813575363
-70.0
-70.0
-70.0
-70.0
-70.0
-70.0
-70.0
-70.0
-70.0
-70.0
-70.0
-70.0
-70.0
-70.0
-70.0
-70.0
-70.0
-70.0
-70.0
-70.0
-70.0
-70.0
-70.0
-70.0
-70.0
-70.0
-70.0
-70.0
-70.0
-70.0
-70.0
-70.0
-70.0
-70.0
-70.0
-70.0
-64.5989847855
-61.5384094973
-56.0952284522
0
-70.0
-70.0
-70.0
-70.0
-70.0
-70.0
-70.0
-70.0
-70.0
-66.8305303542
-65.0344975549
-64.1223946235
-63.7710530439
-58.1505957107
0
-70.0
-70.0
-70.0
-70.0
-70.0
-70.0
-70.0
-70.0
-70.0
-70.0
-70.0
-70.0
-70.0
-70.0
-70.0
-70.0
-70.0
-70.0
-70.0
-70.0
-70.0
-70.0
-70.0
-70.0
-70.0
-68.6979854751
-67.9601772443
-63.6965975088
-61.3485630839
-56.3392347706
0
-70.0
-70.0
-70.0
-70.0
-70.0
-70.0
-70.0
-70.0
-70.0
-70.0
-70.0
-70.0
-70.0
-70.0
-70.0
-70.0
-70.0
-70.0
-70.0
-70.0
-70.0
-70.0
-70.0
-70.0
-70.0
-70.0
-70.0
-63.925914148
-60.4839321652
-54.8470563478
0
-70.0
-70.0
-70.0
-70.0
-70.0
-70.0
-70.0
-70.0
-70.0
-70.0
-70.0
-70.0
-70.0
-63.4957821744
-59.8100587399
-58.8224093304
-61.569689149
-70.0
-70.0
-70.0
-70.0
-70.0
-70.0
-70.0
-64.6014691077
-61.542301602
-59.9887243785
-59.3902872318
-59.3848820361
-61.0580293433
-70.0
-70.0
-70.0
-70.0
-70.0
-70.0
-65.1126507049
-62.343152771
-60.9366822516
-60.3949105316
-60.3900171485
-60.7074138804
-61.6623228986
-65.630688878
-70.0
-70.0
-70.0
-70.0
-70.0
-70.0
-70.0
-70.0
-70.0
-70.0
-70.0
-70.0
-70.0
-68.1414287513
-70.0
-70.0
-70.0
-70.0
-70.0
-70.0
-70.0
-70.0
-70.0
-70.0
-70.0
-70.0
-70.0
-70.0
-70.0
-70.0
-70.0
-70.0
-70.0
-70.0
-70.0
-70.0
-70.0
-63.6792891891
-60.0975530629
-58.2785929518
-57.5779304533
-65.739025746
-70.0
-70.0
-70.0
-68.0836061926
-66.9976497018
-62.5572652617
-60.1411257556
-59.0200711934
-58.7134360829
-58.9056738139
0
-70.0
-70.0
-70.0
-70.0
-70.0
-70.0
-70.0
-70.0
-66.687460548
-64.8103548586
-63.8570796163
-63.4898784837
-63.4865618547
-63.7016864822
-64.0407050426
-64.8956701643
-70.0
-70.0
-70.0
-70.0
-70.0
-70.0
-70.0
-70.0
-70.0
-70.0
-70.0
-70.0
-70.0
-70.0
-70.0
-70.0
-70.0
-70.0
-70.0
-70.0
-70.0
-67.3029679885
-65.7746498487
-64.9985039698
-64.6995329768
-64.6968326151
-64.8719846443
-65.148009707
-65.4753577543
-66.9295061211
-70.0
-70.0
-70.0
-70.0
-70.0
-70.0
-70.0
-70.0
-70.0
-63.5612333676
-59.9125989426
-58.0596649895
-57.3459157846
-62.603007691
-70.0
-70.0
-70.0
-70.0
-70.0
-70.0
-64.817964664
-59.5481446403
-56.7346478047
0
-70.0
-70.0
-70.0
-70.0
-70.0
-70.0
-70.0
-70.0
-70.0
-70.0
-70.0
-63.9754841932
-60.5615919026
-58.8278701315
-58.4082693444
-55.9560631056
-59.6373270202
-66.8569129781
-70.0
-70.0
-70.0
-65.8501060332
-63.4984994521
-62.3042521883
-61.8442287571
-61.8400737398
-62.1095782714
-62.534295048
-70.0
-70.0
-70.0
-70.0
-70.0
-70.0
-70.0
-70.0
-70.0
-70.0
-70.0
-70.0
-70.0
-70.0
-70.0
-70.0
-70.0
-70.0
-70.0
-70.0
-70.0
-70.0
-70.0
-70.0
-70.0
-70.0
-70.0
-70.0
-70.0
-70.0
-70.0
-70.0
-70.0
-70.0
-70.0
-70.0
-70.0
-70.0
-70.0
-70.0
-70.0
-70.0
-70.0
-70.0
-70.0
-70.0
-70.0
-70.0
-65.3409629241
-62.7008419144
-61.3600745782
-55.9176857645
0
-70.0
-70.0
-70.0
-70.0
-70.0
-70.0
-70.0
-70.0
-70.0
-70.0
-70.0
-70.0
-70.0
-70.0
-70.0
-70.0
-70.0
-70.0
-70.0
-70.0
-70.0
-70.0
-70.0
-70.0
-70.0
-64.0584572671
-60.6915830518
-58.9817390875
-58.3231080727
-58.3171591948
-60.1339482465
-58.3930910165
-61.9630137924
-65.8217961561
-69.1120588214
-70.0
-70.0
-70.0
-70.0
-63.6513931002
-60.0538491904
-58.2268612048
0
-70.0
-70.0
-70.0
-70.0
-70.0
-70.0
-70.0
-70.0
-70.0
-70.0
-70.0
-70.0
-70.0
-70.0
-70.0
-70.0
-70.0
-67.9871449396
-67.0434807757
-62.6869440293
-60.3167905138
-59.217472054
-58.9172985764
-59.1066178706
-59.5833221848
-60.2165673671
-61.8712322887
-70.0
-70.0
-70.0
-70.0
-70.0
-70.0
-70.0
-70.0
-70.0
-70.0
-63.3601730914
-59.5976045099
-60.0260757538
-67.4429179785
-70.0
-70.0
-70.0
-70.0
-70.0
-70.0
-70.0
-70.0
-70.0
-70.0
-70.0
-70.0
-70.0
-70.0
-70.0
-70.0
-70.0
-70.0
-70.0
-70.0
-64.8489853075
-61.9300769817
-60.4477294202
-59.8767299027
-59.8715725287
-60.2060923534
-54.3478083028
0
-70.0
-70.0
-70.0
-70.0
-70.0
-70.0
-70.0
-70.0
-70.0
-70.0
-70.0
-70.0
-70.0
-70.0
-70.0
-70.0
-70.0
-70.0
-70.0
-70.0
-70.0
-64.1255772564
-58.4634043683
-55.4506538232
-54.127981702
0
-70.0
-70.0
-70.0
-70.0
-70.0
-70.0
-70.0
-70.0
-70.0
-70.0
-64.468778111
-61.3344190405
-59.7426562969
-59.1295101075
-59.1239720569
-60.1768070595
-61.4845039721
-70.0
-70.0
-70.0
-70.0
-70.0
-70.0
-70.0
-70.0
-70.0
-70.0
-70.0
-70.0
-70.0
-70.0
-70.0
-70.0
-70.0
-70.0
-70.0
-70.0
-70.0
-70.0
-64.6741219489
-59.3227910532
-56.4678994807
-55.2060345546
-54.9420477804
0
-70.0
-70.0
-70.0
-70.0
-70.0
-70.0
-70.0
-68.5944639296
-67.7979934896
-67.3935114427
-67.2377051665
-67.2362978952
-67.3275769359
-67.4714251291
-61.0517135183
-58.2059875229
-59.5932361751
-66.3205013818
-70.0
-70.0
-70.0
-65.8058338924
-63.4291397647
-62.2221519626
-56.8312949567
-54.0357375879
0
-70.0
-70.0
-70.0
-70.0
-70.0
-70.0
-70.0
-70.0
-70.0
-70.0
-70.0
-70.0
-70.0
-70.0
-70.0
-70.0
-70.0
-70.0
-70.0
-70.0
-70.0
-70.0
-70.0
-64.2813546947
-61.0407890217
-59.3950899839
-58.7611675617
-58.7554418563
0
-70.0
-70.0
-70.0
-70.0
-70.0
-70.0
-70.0
-70.0
-70.0
-64.6972538012
-61.6923642885
-60.1663517713
-59.5785325352
-59.8128676987
-61.9219319973
-69.1199895451
-70.0
-70.0
-70.0
-70.0
-70.0
-70.0
-63.8145276263
-60.3094266146
-58.5293851203
-57.8437140531
-58.7759899372
-68.7219714389
-70.0
-70.0
-70.0
-70.0
-66.0319147993
-63.7833331856
-62.6414064446
-57.2756109258
-54.4802799171
0
-70.0
-70.0
-70.0
-70.0
-70.0
-70.0
-70.0
-70.0
-70.0
-70.0
-70.0
-70.0
-70.0
-70.0
-70.0
-70.0
-70.0
