-62.0
-57.4666666667
-55.1644444444
-54.2776296296
-54.2696197531
-54.7891598354
-65.2079118903
-70.0
-70.0
-70.0
-70.0
-70.0
-70.0
-70.0
-64.9625240055
-62.1079542753
-60.658280628
-60.0998670853
-60.0948233902
-60.4219697268
-61.0863979628
-54.998622221
-70.0
-70.0
-70.0
-70.0
-70.0
-70.0
-67.5410205761
-66.1475989026
-65.4399592684
-65.1673768456
-65.1649148304
-65.3246071269
-65.576268934
-58.4940287679
-62.4221853703
-70.0
-70.0
-70.0
-70.0
-70.0
-68.2125516326
-67.1996642244
-66.6852763054
-66.4871343437
-66.4853446886
-66.6014260726
-66.7843607006
-59.4695307618
-70.0
-70.0
-70.0
-70.0
-70.0
-70.0
-66.4510491743
-64.4399770397
-63.4186678577
-63.0252600865
-63.0217067543
-63.2521845298
-63.6153983774
-58.364552382
-70.0
-70.0
-70.0
-70.0
-70.0
-70.0
-66.6765349348
-64.7932380645
-63.8368186736
-63.4684064165
-63.4650788484
-63.6809130126
-64.021049744
-57.0503681169
-70.0
-70.0
-70.0
-70.0
-70.0
-70.0
-68.0156584362
-66.8911982167
-66.3201488112
-66.1001808741
-66.0981940827
-66.2270622052
-66.4301476718
-59.1392153371
-55.2880967515
-70.0
-70.0
-70.0
-70.0
-70.0
-70.0
-70.0
-70.0
-70.0
-70.0
-70.0
-70.0
-62.7560321767
-58.6511170768
-56.7300897557
-62.0865710729
-70.0
-70.0
-70.0
-70.0
-70.0
-70.0
-70.0
-70.0
-70.0
-70.0
-62.814946563
-58.743416282
-56.6757175707
-66.6446575137
-70.0
-70.0
-70.0
-70.0
-70.0
-70.0
-70.0
-70.0
-70.0
-70.0
-62.9965830412
-59.0279800979
-57.0125523286
-56.2362105895
-56.5627085505
-70.0
-70.0
-70.0
-70.0
-70.0
-70.0
-70.0
-70.0
-70.0
-63.8812839506
-60.4140115226
-58.6531810151
-57.9749100101
-57.96878374
-58.5374042441
-70.0
-70.0
-70.0
-70.0
-70.0
-70.0
-70.0
-70.0
-65.8739067215
-63.5357871971
-62.3483892425
-61.8910041617
-61.8868729744
-62.1548318296
-62.5771127484
-57.5152791056
-69.3035702908
-70.0
-70.0
-70.0
-70.0
-70.0
-69.2453429083
-68.8177038897
-68.6005303488
-68.5168752127
-68.5161196239
-68.5651289499
-68.6423635805
-61.2021802138
-57.5448162046
-70.0
-70.0
-70.0
-70.0
-70.0
-66.8941187167
-65.1341193229
-64.2403157092
-63.8960230173
-63.8929133016
-64.0946170288
-64.4124853641
-57.2576781609
-58.0834703158
-70.0
-70.0
-70.0
-70.0
-70.0
-70.0
-70.0
-70.0
-70.0
-70.0
-70.0
-70.0
-62.5316696303
-58.2996157541
-56.33203057
-70.0
-70.0
-70.0
-70.0
-70.0
-70.0
-70.0
-70.0
-70.0
-70.0
-70.0
-63.1762735355
-59.3094952057
-57.3457783676
-56.5893556525
-57.2814640609
-68.8115349781
-70.0
-70.0
-70.0
-70.0
-70.0
-70.0
-70.0
-70.0
-64.3853104948
-61.2036531085
-59.5878702398
-58.9654715106
-58.9598498893
-59.5087433896
-68.4470786009
-69.0341629556
-70.0
-70.0
-70.0
-70.0
-70.0
-70.0
-62.6901564981
-58.547911847
-56.4443013281
-70.0
-70.0
-70.0
-70.0
-70.0
-70.0
-70.0
-70.0
-70.0
-70.0
-70.0
-62.6411667469
-58.4711612368
-56.3534525562
-55.9046370172
-70.0
-70.0
-70.0
-70.0
-70.0
-70.0
-70.0
-70.0
-70.0
-70.0
-63.0025192712
-59.0372801915
-57.0235607373
-56.2478770402
-56.6062985655
-64.0281526438
-70.0
-70.0
-70.0
-70.0
-70.0
-70.0
-70.0
-70.0
-64.3621015089
-61.167292364
-59.5448304649
-58.9198589766
-58.9142141177
-59.2803533985
-62.3227983086
-63.0950798264
-70.0
-70.0
-70.0
-70.0
-70.0
-70.0
-67.9754142661
-66.8281490169
-66.2455182335
-66.0210891557
-66.0190620704
-66.1505437503
-66.3577479665
-59.0717002051
-56.1473572024
-70.0
-70.0
-70.0
-70.0
-70.0
-70.0
-70.0
-70.0
-70.0
-70.0
-70.0
-70.0
-62.6977433205
-58.5597978688
-56.4583706688
-56.9363068354
-70.0
-70.0
-70.0
-70.0
-70.0
-70.0
-70.0
-70.0
-70.0
-70.0
-63.6142010872
-59.9955817033
-58.1578906829
-57.4500130478
-57.4436193652
-68.0509147845
-70.0
-70.0
-70.0
-70.0
-70.0
-70.0
-70.0
-70.0
-63.7133867691
-60.150972605
-58.3418250196
-57.6449423011
-57.6386479266
-70.0
-70.0
-70.0
-70.0
-70.0
-70.0
-70.0
-70.0
-70.0
-64.5641225423
-61.4837919829
-59.9194672479
-59.3168901653
-59.3114475768
-59.6644671046
-60.4224381363
-70.0
-70.0
-70.0
-70.0
-70.0
-70.0
-70.0
-66.7136680384
-64.8514132602
-63.9056799512
-63.5413839675
-63.5380935783
-63.7515162255
-64.0878526064
-57.1576206318
-67.0036873853
-70.0
-70.0
-70.0
-70.0
-70.0
-70.0
-70.0
-70.0
-70.0
-70.0
-70.0
-70.0
-62.5488066747
-58.3264637903
-56.5825110618
-60.0124712202
-70.0
-70.0
-70.0
-70.0
-70.0
-70.0
-70.0
-70.0
-70.0
-70.0
-63.1831954064
-59.32033947
-57.3586145925
-56.6029591796
-57.556823555
-59.1109974978
-70.0
-70.0
-70.0
-70.0
-70.0
-70.0
-70.0
-70.0
-65.3704124371
-62.7469794848
-61.414687064
-60.9014887093
-60.8968534062
-61.1975104441
-61.8811171589
-55.5977514563
-70.0
-70.0
-70.0
-70.0
-70.0
-70.0
-68.8453497942
-68.191048011
-67.8587653406
-67.7307702271
-67.7296141514
-67.8046000343
-67.9227715628
-60.5311367356
-56.624554776
-62.4007592347
-70.0
-70.0
-70.0
-70.0
-70.0
-70.0
-70.0
-70.0
-70.0
-70.0
-70.0
-62.9313799726
-58.9258286237
-56.8916368602
-56.1080672402
-61.269041043
-70.0
-70.0
-70.0
-70.0
-70.0
-70.0
-70.0
-70.0
-70.0
-63.9892845603
-60.5832124778
-58.8534621457
-58.1871632082
-58.1811450722
-58.7887141581
-60.3020024305
-70.0
-70.0
-70.0
-70.0
-70.0
-70.0
-70.0
-65.5998501531
-63.1064319065
-61.8401665616
-61.3524018027
-61.3479962205
-61.6337529972
-62.0840819634
-55.6940171389
0
-70.0
-70.0
-70.0
-70.0
-70.0
-70.0
-70.0
-70.0
-70.0
-70.0
-70.0
-70.0
-63.0862002743
-59.1683804298
-57.1787425088
-56.4123350058
-70.0
-70.0
-70.0
-70.0
-70.0
-70.0
-70.0
-70.0
-70.0
-70.0
-63.635812427
-60.0294394689
-58.1979677118
-57.4924857338
-57.4861136892
-58.3316973436
-70.0
-70.0
-70.0
-70.0
-70.0
-70.0
-70.0
-70.0
-65.2519304984
-62.5613577808
-61.1949688909
-60.6686365939
-60.6638826626
-60.9722342151
-61.6827934309
-61.6952758008
-70.0
-70.0
-70.0
-70.0
-70.0
-70.0
-68.6722592593
-67.9198728395
-67.5377785597
-67.3905960398
-67.3892666599
-67.4754934766
-67.611379784
-60.2407535501
-56.3712827707
-55.3106893959
-70.0
-70.0
-70.0
-70.0
-70.0
-70.0
-70.0
-70.0
-70.0
-70.0
-70.0
-62.6594038887
-58.499732759
-56.3872723225
-55.8033743835
-66.0916577568
-70.0
-70.0
-70.0
-70.0
-70.0
-70.0
-70.0
-70.0
-70.0
-63.8334234304
-60.339030041
-58.5644263393
-57.880849907
-57.8746757173
-58.507193401
-60.0864130618
-70.0
-70.0
-70.0
-70.0
-70.0
-70.0
-70.0
-68.037824417
-66.92592492
-66.3612543911
-66.1437435941
-66.141778996
-66.269207604
-66.4700245154
-59.1764018194
-55.3961939471
-70.0
-70.0
-70.0
-70.0
-70.0
-70.0
-70.0
-70.0
-70.0
-70.0
-70.0
-70.0
-62.6751252688
-58.5243629212
-56.4164267486
-58.6804425905
-70.0
-70.0
-70.0
-70.0
-70.0
-70.0
-70.0
-70.0
-70.0
-70.0
-63.3627768125
-59.6016836729
-57.6916383334
-56.9558898519
-57.1887024483
-58.5929626898
-70.0
-70.0
-70.0
-70.0
-70.0
-70.0
-70.0
-70.0
-65.3172394112
-62.6636750776
-61.3160806415
-60.7969879585
-60.7922994167
-61.0964096444
-61.5756621262
-55.0757249056
-70.0
-70.0
-70.0
-70.0
-70.0
-70.0
-70.0
-70.0
-70.0
-70.0
-70.0
-70.0
-70.0
-62.5148965172
-58.273337877
-56.5879574858
-70.0
-70.0
-70.0
-70.0
-70.0
-70.0
-70.0
-70.0
-70.0
-70.0
-70.0
-63.0702780403
-59.1434355964
-57.1492156102
-56.3810430982
-57.5017688369
-70.0
-70.0
-70.0
-70.0
-70.0
-70.0
-70.0
-70.0
-70.0
-64.8586672763
-61.9452453996
-60.4656840935
-59.8957578401
-59.8906101601
-60.2245012134
-60.9999993341
-70.0
-70.0
-70.0
-70.0
-70.0
-70.0
-70.0
-65.8909817547
-63.5625380823
-62.3800539428
-61.924561661
-61.9204475699
-62.1872975296
-62.6078309211
-55.8246058519
-54.9843372963
-70.0
-70.0
-70.0
-70.0
-70.0
-70.0
-70.0
-70.0
-70.0
-70.0
-70.0
-70.0
-62.5913693167
-58.3931452628
-56.5139079283
-56.7118931322
-70.0
-70.0
-70.0
-70.0
-70.0
-70.0
-70.0
-70.0
-70.0
-70.0
-64.2422338058
-60.9794996291
-59.3225424688
-58.6842834236
-58.6785185491
-59.0524423394
-70.0
-70.0
-70.0
-70.0
-70.0
-70.0
-70.0
-70.0
-65.9795546411
-63.701302271
-62.5443074399
-62.0986336266
-62.0946082177
-62.3557060318
-62.7671745192
-56.2143001568
-70.0
-70.0
-70.0
-70.0
-70.0
-70.0
-70.0
-70.0
-70.0
-70.0
-70.0
-70.0
-70.0
-62.4750834956
-58.4704380462
-57.1355845168
-70.0
-70.0
-70.0
-70.0
-70.0
-70.0
-70.0
-70.0
-70.0
-70.0
-70.0
-63.218936859
-59.3763344124
-57.4248951307
-56.673201724
-56.9291275496
-70.0
-70.0
-70.0
-70.0
-70.0
-70.0
-70.0
-70.0
-70.0
-63.8274889889
-60.3297327493
-58.5534212472
-57.869186971
-57.8630068396
-58.5277870779
-59.7768960651
-70.0
-70.0
-70.0
-70.0
-70.0
-70.0
-70.0
-68.5913854595
-67.7931705533
-67.3878025911
-67.2316550607
-67.2302447071
-67.3217236714
-67.4658869276
-60.1050766248
-56.0184212223
-70.0
-70.0
-70.0
-70.0
-70.0
-70.0
-70.0
-70.0
-70.0
-70.0
-70.0
-70.0
-63.0668563397
-59.1380749321
-57.1428702565
-56.3743184426
-70.0
-70.0
-70.0
-70.0
-70.0
-70.0
-70.0
-70.0
-70.0
-70.0
-63.3607914802
-59.5985733189
-57.6879566449
-56.9519880857
-56.9453406806
-63.4022616438
-70.0
-70.0
-70.0
-70.0
-70.0
-70.0
-70.0
-70.0
-65.452513946
-62.8756051821
-61.5669397511
-61.0628425007
-61.0582894005
-61.3536145603
-62.0910903335
-56.1888906763
-70.0
-70.0
-70.0
-70.0
-70.0
-70.0
-70.0
-70.0
-70.0
-70.0
-70.0
-70.0
-70.0
-62.5448618373
-58.3202835451
-56.4509716629
-70.0
-70.0
-70.0
-70.0
-70.0
-70.0
-70.0
-70.0
-70.0
-70.0
-70.0
-63.2755088147
-59.4649638097
-57.5298046797
-56.7843823791
-57.05565672
-70.0
-70.0
-70.0
-70.0
-70.0
-70.0
-70.0
-70.0
-70.0
-64.8654942844
-61.9559410456
-60.4783444008
-59.9091749338
-59.9040340892
-60.2374817795
-60.7629676677
-70.0
-70.0
-70.0
-70.0
-70.0
-70.0
-70.0
-69.821563786
-69.7204499314
-69.6690999543
-69.6493199695
-69.649141313
-69.6607294087
-69.6789912858
-62.1688700102
-57.9238349113
-70.0
-70.0
-70.0
-70.0
-70.0
-70.0
-70.0
-70.0
-70.0
-70.0
-70.0
-70.0
-62.5862987629
-58.3852013952
-56.2517029281
-55.7156664816
-70.0
-70.0
-70.0
-70.0
-70.0
-70.0
-70.0
-70.0
-70.0
-70.0
-63.337547535
-59.5621578048
-57.6448520398
-56.9063068462
-56.8996361685
-57.8770094694
-70.0
-70.0
-70.0
-70.0
-70.0
-70.0
-70.0
-70.0
-67.3633360768
-65.8692265203
-65.1104532358
-64.8181741572
-64.8155342381
-64.9867658121
-65.2566125627
-58.0448548354
-70.0
-70.0
-70.0
-70.0
-70.0
-70.0
-70.0
-70.0
-70.0
-70.0
-70.0
-70.0
-70.0
-62.6273428509
-58.4495037997
-56.6199092983
-70.0
-70.0
-70.0
-70.0
-70.0
-70.0
-70.0
-70.0
-70.0
-70.0
-70.0
-63.2371555827
-59.4048770795
-57.4586807416
-56.7090069142
-56.9976966386
-70.0
-70.0
-70.0
-70.0
-70.0
-70.0
-70.0
-70.0
-70.0
-64.9187856425
-62.0394308399
-60.5771702637
-60.0139082425
-60.008820755
-60.3388075707
-61.1557829843
-70.0
-70.0
-70.0
-70.0
-70.0
-70.0
-70.0
-66.5588983075
-64.6089406818
-63.6186680836
-63.2372155886
-63.2337702386
-63.4572440207
-63.8094201559
-56.6952998062
0
-70.0
-70.0
-70.0
-70.0
-70.0
-70.0
-70.0
-70.0
-70.0
-70.0
-70.0
-70.0
-63.0517253129
-59.1143696568
-57.114810608
-56.3445814917
-70.0
-70.0
-70.0
-70.0
-70.0
-70.0
-70.0
-70.0
-70.0
-70.0
-64.4690419143
-61.3348323325
-59.7431455056
-59.1300285593
-59.1244907729
-59.4836850752
-70.0
-70.0
-70.0
-70.0
-70.0
-70.0
-70.0
-70.0
-65.1309000832
-62.3717434638
-60.9705247099
-60.4307759673
-60.4259008562
-60.7421124276
-61.2404356229
-55.8142301527
-70.0
-70.0
-70.0
-70.0
-70.0
-70.0
-70.0
-70.0
-70.0
-70.0
-70.0
-70.0
-70.0
-62.5110739141
-58.2673491321
-56.4203152746
-70.0
-70.0
-70.0
-70.0
-70.0
-70.0
-70.0
-70.0
-70.0
-70.0
-70.0
-63.3083061312
-59.5163462721
-57.590625481
-56.8488388236
-56.8421388684
-70.0
-70.0
-70.0
-70.0
-70.0
-70.0
-70.0
-70.0
-70.0
-65.1240981558
-62.3610871107
-60.9579109133
-60.4174081644
-60.412526243
-60.7291795486
-61.5380745007
-70.0
-70.0
-70.0
-70.0
-70.0
-70.0
-70.0
-68.9609862826
-68.3722118427
-68.073206784
-67.9580301894
-67.9569898929
-68.0244660519
-68.130802879
-60.7251328536
-56.5908930766
-70.0
-70.0
-70.0
-70.0
-70.0
-70.0
-70.0
-70.0
-70.0
-70.0
-70.0
-70.0
-63.1163620722
-59.2156339131
-57.2346758872
-56.4716118754
-70.0
-70.0
-70.0
-70.0
-70.0
-70.0
-70.0
-70.0
-70.0
-70.0
-63.390315956
-59.6448283311
-57.7427081451
-57.0100124287
-57.0033945846
-58.0294941412
-70.0
-70.0
-70.0
-70.0
-70.0
-70.0
-70.0
-70.0
-65.1781259795
-62.4457307012
-61.0581025108
-60.5235888462
-60.5187610193
-60.8319056225
-61.3253955303
-54.6973902068
-70.0
-70.0
-70.0
-70.0
-70.0
-70.0
-70.0
-70.0
-70.0
-70.0
-70.0
-70.0
-70.0
-62.8066672763
-58.7304453996
-56.6603640935
-57.0037745433
-70.0
-70.0
-70.0
-70.0
-70.0
-70.0
-70.0
-70.0
-70.0
-70.0
-63.8622917238
-60.384257034
-58.6179609856
-57.9375846571
-57.9314393714
-58.3300375543
-70.0
-70.0
-70.0
-70.0
-70.0
-70.0
-70.0
-70.0
-65.3988719574
-62.7915660666
-61.4674636632
-60.9574200991
-60.9528132907
-61.2516220959
-61.7225199759
-68.6334445013
-70.0
-70.0
-70.0
-70.0
-70.0
-70.0
-68.5212885566
-67.683352072
-67.2578117788
-67.093893877
-67.09241334
-67.1884445731
-67.3397818272
-59.9874794265
-55.9098486718
-70.0
-70.0
-70.0
-70.0
-70.0
-70.0
-70.0
-70.0
-70.0
-70.0
-70.0
-70.0
-62.6751217932
-58.524357476
-56.4164203031
-55.9341390039
-70.0
-70.0
-70.0
-70.0
-70.0
-70.0
-70.0
-70.0
-70.0
-70.0
-64.1420064015
-60.8224766956
-59.1366763156
-58.4873068771
-58.4814416514
-58.8618744609
-70.0
-70.0
-70.0
-70.0
-70.0
-70.0
-70.0
-70.0
-68.1075500686
-67.0351617741
-66.4905567383
-66.2807751589
-66.2788803726
-66.4017808217
-66.5954617305
-59.2933761924
-58.9860789947
-70.0
-70.0
-70.0
-70.0
-70.0
-70.0
-70.0
-70.0
-70.0
-70.0
-70.0
-70.0
-62.5528710907
-58.3328313754
-56.1897131671
-70.0
-70.0
-70.0
-70.0
-70.0
-70.0
-70.0
-70.0
-70.0
-70.0
-70.0
-63.0514903568
-59.114001559
-57.114374895
-56.3441197335
-56.6757882939
-70.0
-70.0
-70.0
-70.0
-70.0
-70.0
-70.0
-70.0
-70.0
-65.1818326475
-62.4515378144
-61.0649763207
-60.5308735472
-60.5260494315
-60.8389533143
-61.3320638669
-70.0
-70.0
-70.0
-70.0
-70.0
-70.0
-70.0
-69.5695967078
-69.3257015089
-69.2018410059
-69.154130004
-69.1536990693
-69.1816505395
-69.225699737
-61.746160572
-57.5335650539
-70.0
-70.0
-70.0
-70.0
-70.0
-70.0
-70.0
-70.0
-70.0
-70.0
-70.0
-70.0
-63.0070876729
-59.0444373543
-57.0320325846
-56.2568553033
-70.0
-70.0
-70.0
-70.0
-70.0
-70.0
-70.0
-70.0
-70.0
-70.0
-63.8417123937
-60.3520160835
-58.5797977612
-57.8971401758
-57.8909742854
-58.6371183652
-70.0
-70.0
-70.0
-70.0
-70.0
-70.0
-70.0
-70.0
-65.4099408034
-62.8089072587
-61.4879902232
-60.9791736611
-60.9745779352
-61.2726679018
-61.7424329517
-55.1160602456
-70.0
-70.0
-70.0
-70.0
-70.0
-70.0
-69.6476219952
-69.4479411258
-69.3465345667
-69.3074728123
-69.3071199993
-69.3300043115
-69.3660680884
-61.877058726
-57.6544178177
-55.8836300586
-70.0
-70.0
-70.0
-70.0
-70.0
-70.0
-70.0
-70.0
-70.0
-70.0
-70.0
-63.9555913225
-60.5304264052
-58.790979908
-58.1209460127
-58.1148941418
-58.8616874723
-70.0
-70.0
-70.0
-70.0
-70.0
-70.0
-70.0
-70.0
-66.6874412437
-64.8103246152
-63.8570438175
-63.489840545
-63.4865238967
-63.7016497778
-64.0406703139
-56.9109482661
-70.0
-70.0
-70.0
-70.0
-70.0
-70.0
-70.0
-70.0
-70.0
-70.0
-70.0
-70.0
-70.0
-62.4682472983
-58.2002541007
-59.7700638597
-70.0
-70.0
-70.0
-70.0
-70.0
-70.0
-70.0
-70.0
-70.0
-70.0
-70.0
-62.9666397925
-58.9810690082
-56.9570242373
-56.1773632336
-61.8290989872
-70.0
-70.0
-70.0
-70.0
-70.0
-70.0
-70.0
-70.0
-70.0
-64.0231405209
-60.6362534827
-58.9162461438
-58.2537002022
-58.2477159639
-58.6358682221
-70.0
-70.0
-70.0
-70.0
-70.0
-70.0
-70.0
-70.0
-67.6340356653
-66.2933225423
-65.6124505838
-65.3501790558
-65.3478101706
-65.5014618337
-65.7436041038
-58.4989906368
-66.3734841238
-70.0
-70.0
-70.0
-70.0
-70.0
-70.0
-70.0
-70.0
-70.0
-70.0
-70.0
-70.0
-62.7740175109
-58.6792941004
-56.5998169174
-57.9449388662
-70.0
-70.0
-70.0
-70.0
-70.0
-70.0
-70.0
-70.0
-70.0
-70.0
-63.5576886743
-59.9070455897
-58.0530915526
-57.338949412
-57.3324991472
-62.1033015281
-70.0
-70.0
-70.0
-70.0
-70.0
-70.0
-70.0
-70.0
-65.1854363088
-62.4571835505
-61.0716591104
-60.5379558094
-60.5331353018
-60.8458051539
-61.3385468933
-65.3656740623
-70.0
-70.0
-70.0
-70.0
-70.0
-70.0
-69.768823046
-69.6378227721
-69.571295182
-69.5456687886
-69.5454373262
-69.5604505379
-69.5841101137
-62.0803901631
-57.8421451873
-68.5435310017
-70.0
-70.0
-70.0
-70.0
-70.0
-70.0
-70.0
-70.0
-70.0
-70.0
-70.0
-63.2190114651
-59.3764512953
-57.4250334835
-56.673348347
-56.6665589869
-70.0
-70.0
-70.0
-70.0
-70.0
-70.0
-70.0
-70.0
-70.0
-65.291934766
-62.6240311335
-61.2691545828
-60.747256833
-60.7425429553
-61.0482965302
-61.5301387908
-70.0
-70.0
-70.0
-70.0
-70.0
-70.0
-70.0
-67.6066749513
-66.2504574237
-65.5617116597
-65.296407146
-65.2940108662
-65.4494394028
-65.694381878
-58.4530892749
-55.171980842
-70.0
-70.0
-70.0
-70.0
-70.0
-70.0
-70.0
-70.0
-70.0
-70.0
-70.0
-70.0
-62.8959615645
-58.8703397843
-56.8259553901
-56.0384595739
-70.0
-70.0
-70.0
-70.0
-70.0
-70.0
-70.0
-70.0
-70.0
-70.0
-64.4478658741
-61.3016565361
-59.7038757154
-59.0884113658
-59.0828523772
-59.4434219048
-70.0
-70.0
-70.0
-70.0
-70.0
-70.0
-70.0
-70.0
-67.693048011
-66.3857752172
-65.7218857004
-65.4661558002
-65.4638460002
-65.6136652534
-65.8497679636
-58.5979919653
-62.9816408536
-70.0
-70.0
-70.0
-70.0
-70.0
-70.0
-70.0
-70.0
-70.0
-70.0
-70.0
-70.0
-62.5282226224
-58.2942154418
-56.144003952
-70.0
-70.0
-70.0
-70.0
-70.0
-70.0
-70.0
-70.0
-70.0
-70.0
-70.0
-63.12739583
-59.2329201337
-57.2551373781
-56.4932964788
-56.8756479637
-70.0
-70.0
-70.0
-70.0
-70.0
-70.0
-70.0
-70.0
-70.0
-64.9052979732
-62.018300158
-60.5521581303
-59.987400976
-59.9822999842
-60.313162723
-61.2252901744
-70.0
-70.0
-70.0
-70.0
-70.0
-70.0
-70.0
-70.0
-70.0
-70.0
-70.0
-70.0
-70.0
-70.0
-62.4909543675
-58.235828509
-70.0
-70.0
-70.0
-70.0
-70.0
-70.0
-70.0
-70.0
-70.0
-70.0
-70.0
-70.0
-63.1792841877
-59.3142118941
-57.3513614548
-56.595272476
-60.9490348715
-70.0
-70.0
-70.0
-70.0
-70.0
-70.0
-70.0
-70.0
-70.0
-63.8272407043
-60.3293437701
-58.5529608172
-57.8686990183
-57.8625186383
-58.2633931223
-70.0
-70.0
-70.0
-70.0
-70.0
-70.0
-70.0
-70.0
-66.6155605345
-64.6977115041
-63.7237450357
-63.3485736535
-63.3451850357
-63.5649790305
-63.9113561264
-56.7903584874
-70.0
-70.0
-70.0
-70.0
-70.0
-70.0
-70.0
-70.0
-70.0
-70.0
-70.0
-70.0
-70.0
-62.4874516402
-58.2303409031
-57.0731746751
-70.0
-70.0
-70.0
-70.0
-70.0
-70.0
-70.0
-70.0
-70.0
-70.0
-70.0
-63.7674018527
-60.2355962359
-58.4419929913
-57.7510979448
-57.7448576521
-60.9118326544
-70.0
-70.0
-70.0
-70.0
-70.0
-70.0
-70.0
-70.0
-66.9075262917
-65.1551245237
-64.2651793121
-63.9223728747
-63.9192765832
-64.1201095888
-64.4366057392
-57.2801712125
-54.7293574081
-69.8904211381
-70.0
-70.0
-70.0
-70.0
-70.0
-70.0
-70.0
-70.0
-70.0
-70.0
-70.0
-63.0597316411
-59.1269129045
-57.129657899
-56.360316299
-56.7637517958
-70.0
-70.0
-70.0
-70.0
-70.0
-70.0
-70.0
-70.0
-70.0
-65.2930126505
-62.6257198191
-61.2711534597
-60.7493751953
-60.7446623969
-61.0503459713
-61.5320779168
-70.0
-70.0
-70.0
-70.0
-70.0
-70.0
-70.0
-69.3887826595
-69.0424261666
-68.8665313986
-68.7987768245
-68.7981648526
-68.837858841
-68.9004132727
-61.4428201303
-57.2535035739
-70.0
-70.0
-70.0
-70.0
-70.0
-70.0
-70.0
-70.0
-70.0
-70.0
-70.0
-70.0
-62.9651047248
-58.9786640688
-56.9541775396
-56.1743463708
-70.0
-70.0
-70.0
-70.0
-70.0
-70.0
-70.0
-70.0
-70.0
-70.0
-63.8606526727
-60.3816891872
-58.6149214564
-57.934363436
-57.9282165092
-58.7444340506
-70.0
-70.0
-70.0
-70.0
-70.0
-70.0
-70.0
-70.0
-67.6566803841
-66.3287992684
-65.6544439567
-65.3946826378
-65.3923364252
-65.5445174835
-65.7843422023
-58.5369802679
-59.4005059111
-70.0
-70.0
-70.0
-70.0
-70.0
-70.0
-70.0
-70.0
-70.0
-70.0
-70.0
-70.0
-62.8317434871
-58.7697314631
-56.7068665333
-56.3349744752
-70.0
