-70.0
-70.0
-70.0
-70.0
-63.1481481481
-59.2654320988
-57.2936213992
-57.4896357599
-65.6809602181
-70.0
-70.0
-70.0
-70.0
-70.0
-70.0
-65.3454735006
-62.7079084842
-62.3661555333
-62.415565245
-62.6980255639
-62.111351996
-62.2417783586
-56.988791726
-61.8798796757
-66.9089448626
-70.0
-70.0
-70.0
-70.0
-70.0
-70.0
-70.0
-70.0
-70.0
-70.0
-70.0
-70.0
-70.0
-70.0
-70.0
-70.0
-70.0
-70.0
-70.0
-64.6735235586
-61.6551869085
-60.1223453548
-59.5318955774
-60.5262617964
-61.4386728013
-63.7859478908
-70.0
-70.0
-70.0
-70.0
-70.0
-66.9239130218
-65.1807970675
-63.7400120371
-63.0842072843
-62.9212508565
-62.3557316008
-62.2712289941
-55.8878467745
0
-70.0
-70.0
-70.0
-70.0
-70.0
-70.0
-70.0
-70.0
-66.0803698002
-63.8592460203
-62.7312635517
-62.2967652854
-62.2928408162
-62.5473914408
-62.9485421008
-63.8199636363
-67.0794881941
-70.0
-70.0
-70.0
-70.0
-70.0
-70.0
-70.0
-70.0
-70.0
-70.0
-70.0
-70.0
-70.0
-70.0
-64.7383114745
-68.1596997634
-70.0
-70.0
-70.0
-70.0
-70.0
-70.0
-64.6196079681
-62.5707188447
-61.9223614092
-61.8026015676
-61.2015231413
-61.1341586474
-63.3776754291
-70.0
-70.0
-70.0
-70.0
-70.0
-70.0
-70.0
-70.0
-64.4633885293
-61.3259753626
-59.7326616171
-59.1189179826
-59.1133745358
-61.189538119
-65.5657545045
-70.0
-70.0
-70.0
-70.0
-70.0
-70.0
-70.0
-70.0
-70.0
-70.0
-70.0
-70.0
-70.0
-70.0
-70.0
-70.0
-70.0
-70.0
-70.0
-70.0
-67.2031666367
-65.6182943975
-64.8134279074
-64.5033937497
-64.5005934635
-64.682226843
-64.9684659759
-65.3079272564
-63.5330168685
-70.0
-70.0
-70.0
-70.0
-70.0
-66.4478185795
-64.4349157746
-58.5237880281
-55.3596517793
0
-70.0
-70.0
-70.0
-70.0
-70.0
-70.0
-70.0
-70.0
-70.0
-70.0
-70.0
-70.0
-70.0
-70.0
-70.0
-70.0
-70.0
-69.6003080573
-67.4435278312
-70.0
-70.0
-70.0
-70.0
-70.0
-70.0
-70.0
-69.457595489
-69.1502329328
-68.9941409679
-68.9340144234
-68.9334713493
-70.0
-70.0
-70.0
-70.0
-70.0
-70.0
-70.0
-70.0
-70.0
-70.0
-70.0
-70.0
-70.0
-69.4757599257
-69.1786905502
-69.2010915849
-70.0
-70.0
-70.0
-70.0
-70.0
-70.0
-70.0
-70.0
-70.0
-70.0
-70.0
-70.0
-70.0
-70.0
-70.0
-70.0
-70.0
-70.0
-70.0
-70.0
-70.0
-70.0
-70.0
-70.0
-63.5174116868
-59.5106116427
-57.4561778948
-56.6416450496
-56.5982038408
-57.7148990286
-70.0
-70.0
-70.0
-70.0
-70.0
-70.0
-70.0
-70.0
-70.0
-70.0
-70.0
-70.0
-70.0
-70.0
-63.1430637167
-64.9093126041
-70.0
-70.0
-70.0
-70.0
-70.0
-70.0
-70.0
-70.0
-70.0
-70.0
-70.0
-70.0
-70.0
-70.0
-70.0
-70.0
-70.0
-70.0
-70.0
-70.0
-70.0
-70.0
-70.0
-69.7019764442
-69.5330964293
-69.4473318726
-69.4142954096
-68.6115278823
-68.1761497698
-67.9757179101
-68.866378534
-70.0
-70.0
-70.0
-70.0
-70.0
-70.0
-70.0
-70.0
-64.40837748
-58.9064580521
-55.0141095692
0
-70.0
-70.0
-70.0
-70.0
-70.0
-70.0
-70.0
-70.0
-69.6469655826
-68.5785999889
-67.9849606331
-67.6959449985
-66.8956337474
-66.5189258718
-66.4089369508
-66.4626456998
-59.8859118553
-58.8187670121
-64.9878749031
-70.0
-70.0
-70.0
-70.0
-70.0
-70.0
-70.0
-70.0
-70.0
-70.0
-70.0
-70.0
-70.0
-70.0
-70.0
-70.0
-70.0
-70.0
-70.0
-70.0
-70.0
-70.0
-70.0
-69.4788992337
-62.1837320061
-59.9690399283
-57.0184577813
-61.28015613
-67.8663927651
-70.0
-70.0
-70.0
-70.0
-70.0
-70.0
-69.806630116
-69.6970538484
-69.6414062928
-62.6739223095
-59.649843014
-67.7963616975
-70.0
-70.0
-70.0
-70.0
-70.0
-70.0
-70.0
-70.0
-70.0
-70.0
-70.0
-70.0
-70.0
-70.0
-70.0
-70.0
-70.0
-70.0
-70.0
-70.0
-67.7759698897
-66.5156861605
-65.8756597176
-65.6291218613
-64.6269544887
-64.2047555821
-64.1446110521
-66.0212979508
-69.3347197987
-70.0
-70.0
-70.0
-70.0
-67.9452970007
-66.780965301
-62.300778549
-58.8770145595
-57.1935223471
-56.6103096081
-57.0091497478
-59.8561249323
-70.0
-70.0
-70.0
-70.0
-69.6595181022
-69.4665783602
-69.3685952362
-70.0
-70.0
-70.0
-64.0284168565
-60.6445197418
-59.530928157
-64.4824127035
-70.0
-70.0
-70.0
-70.0
-70.0
-70.0
-70.0
-70.0
-70.0
-63.4699853972
-59.7696437889
-60.2886142292
-70.0
-70.0
-70.0
-70.0
-70.0
-70.0
-70.0
-70.0
-70.0
-70.0
-70.0
-70.0
-70.0
-69.8843573874
-69.8188265737
-70.0
-70.0
-70.0
-70.0
-70.0
-70.0
-70.0
-70.0
-66.9426325523
-65.2101243319
-64.330281922
-63.9913670786
-63.9883059366
-64.1868590536
-58.114302755
-54.866958884
-57.3207148041
-70.0
-70.0
-70.0
-70.0
-70.0
-70.0
-70.0
-70.0
-70.0
-69.8011058147
-69.6883991096
-69.631161783
-69.6091139942
-69.6089148545
-70.0
-70.0
-70.0
-70.0
-70.0
-70.0
-70.0
-70.0
-70.0
-70.0
-70.0
-70.0
-70.0
-70.0
-70.0
-70.0
-64.6769004566
-70.0
-70.0
-70.0
-70.0
-70.0
-70.0
-70.0
-70.0
-70.0
-70.0
-64.6904049477
-61.6816344181
-60.1536509531
-60.0177630786
-63.2502909057
-70.0
-70.0
-70.0
-70.0
-70.0
-70.0
-70.0
-70.0
-70.0
-70.0
-69.7328817167
-69.5815146895
-69.5046439835
-69.4750334272
-70.0
-70.0
-70.0
-70.0
-70.0
-70.0
-70.0
-70.0
-70.0
-70.0
-70.0
-69.7080431
-69.5426008566
-69.4585821487
-69.4262181857
-68.2051640971
-70.0
-70.0
-70.0
-70.0
-70.0
-70.0
-70.0
-70.0
-70.0
-70.0
-70.0
-70.0
-70.0
-70.0
-70.0
-70.0
-70.0
-70.0
-70.0
-70.0
-70.0
-70.0
-70.0
-70.0
-70.0
-70.0
-70.0
-70.0
-70.0
-70.0
-70.0
-70.0
-70.0
-70.0
-68.8943258472
-68.2677771606
-68.9235764151
-69.3529367539
-69.6321217321
-70.0
-70.0
-70.0
-64.1911325864
-69.2423890861
-70.0
-70.0
-70.0
-70.0
-70.0
-70.0
-70.0
-70.0
-70.0
-70.0
-70.0
-62.4969821002
-55.9119386237
0
-70.0
-70.0
-70.0
-70.0
-70.0
-70.0
-70.0
-70.0
-70.0
-70.0
-70.0
-70.0
-70.0
-70.0
-70.0
-70.0
-70.0
-70.0
-70.0
-70.0
-70.0
-70.0
-70.0
-69.8523064747
-69.768613477
-69.7261105625
-69.7097384617
-69.7095905858
-69.7191821741
-70.0
-70.0
-70.0
-70.0
-70.0
-70.0
-70.0
-70.0
-70.0
-63.8715763352
-60.3988029252
-59.634878053
-58.5227038341
-58.2379758416
-62.9237438522
-70.0
-70.0
-70.0
-70.0
-70.0
-70.0
-65.1353414399
-62.0453682558
-60.4565387369
-59.8213564009
-59.7795351193
-60.095124513
-60.6146406655
-63.1681744082
-70.0
-70.0
-70.0
-70.0
-70.0
-70.0
-68.7674900291
-68.0690677123
-67.7143787318
-67.5777527191
-67.5765186875
-67.6565609789
-67.7827009879
-66.9325956889
-66.978249237
-70.0
-70.0
-70.0
-70.0
-70.0
-70.0
-66.50598055
-65.5258357092
-65.4202209478
-65.5095113927
-65.7127686132
-65.9776306584
-66.2706268636
-67.7014911748
-70.0
-70.0
-70.0
-70.0
-70.0
-70.0
-70.0
-70.0
-70.0
-70.0
-63.3114377165
-59.5212524225
-54.0326191841
0
-70.0
-70.0
-70.0
-70.0
-70.0
-70.0
-70.0
-70.0
-70.0
-70.0
-69.958904587
-69.9356171864
-62.9477692515
-58.5411764754
-61.0594949381
-68.7256911462
-70.0
-70.0
-70.0
-70.0
-70.0
-70.0
-70.0
-70.0
-69.3322059263
-68.9537892846
-61.9436990542
-58.0061882808
-59.5812833875
-70.0
-70.0
-70.0
-70.0
-70.0
-70.0
-70.0
-70.0
-70.0
-70.0
-70.0
-70.0
-70.0
-63.9091841802
-60.7046797962
-65.1069488316
-68.9401253408
-70.0
-70.0
-70.0
-66.066792543
-63.8379749841
-62.7060852826
-62.2700819522
-62.266143889
-62.5215762547
-64.0468021544
-69.2949745936
-70.0
-70.0
-70.0
-70.0
-70.0
-70.0
-70.0
-70.0
-63.4481225975
-59.7353920694
-58.7874240509
-65.9882940131
-70.0
-70.0
-70.0
-70.0
-70.0
-70.0
-69.5818101984
-69.3448359775
-69.2244902457
-64.0997433456
-61.2215704274
-58.9189682383
-59.9876006963
-65.2662556199
-70.0
-70.0
-70.0
-65.415248538
-62.8172227096
-61.4978331222
-60.9896049324
-60.9850145207
-61.2827597897
-62.219551953
-70.0
-70.0
-70.0
-70.0
-70.0
-70.0
-70.0
-70.0
-70.0
-70.0
-70.0
-70.0
-70.0
-70.0
-70.0
-70.0
-70.0
-70.0
-70.0
-70.0
-70.0
-70.0
-70.0
-64.7181593236
-61.7251162737
-60.2051199012
-59.6196180811
-59.6143297196
-59.9573457121
-60.4979104505
-66.156683265
-70.0
-70.0
-70.0
-70.0
-70.0
-70.0
-65.577177307
-60.737577781
-58.1425654726
-56.9808059052
-56.7177233013
-57.0026162955
-57.6067982156
-59.6853528255
-69.2234863919
-70.0
-70.0
-70.0
-70.0
-70.0
-70.0
-70.0
-70.0
-70.0
-70.0
-70.0
-70.0
-70.0
-70.0
-70.0
-70.0
-70.0
-70.0
-70.0
-70.0
-70.0
-70.0
-70.0
-70.0
-70.0
-63.2112684641
-59.3643205938
-55.8280535692
-66.7150563248
-70.0
-70.0
-70.0
-70.0
-70.0
-70.0
-70.0
-70.0
-70.0
-70.0
-70.0
-69.1274599442
-70.0
-70.0
-70.0
-70.0
-70.0
-70.0
-70.0
-70.0
-70.0
-70.0
-70.0
-70.0
-70.0
-69.3160293727
-69.9284460173
-70.0
-70.0
-70.0
-70.0
-70.0
-70.0
-70.0
-70.0
-70.0
-70.0
-70.0
-70.0
-70.0
-63.9612135926
-60.5392346284
-60.8781325913
-67.0031143568
-70.0
-70.0
-70.0
-70.0
-70.0
-70.0
-70.0
-70.0
-70.0
-70.0
-70.0
-70.0
-70.0
-70.0
-70.0
-70.0
-70.0
-70.0
-70.0
-70.0
-70.0
-70.0
-70.0
-70.0
-70.0
-70.0
-70.0
-70.0
-70.0
-70.0
-70.0
-70.0
-70.0
-70.0
-70.0
-70.0
-70.0
-70.0
-70.0
-70.0
-70.0
-70.0
-70.0
-70.0
-70.0
-70.0
-70.0
-70.0
-70.0
-66.8150717305
-65.0102790444
-65.0936680614
-64.3462643119
-64.0862799185
-64.1274132851
-57.962386662
-54.664624466
-56.4594084935
-70.0
-70.0
-70.0
-70.0
-70.0
-70.0
-70.0
-70.0
-64.1388981712
-60.8176071349
-58.2187037705
-57.0520716262
-56.783689952
-57.0632046158
-66.7922675325
-70.0
-70.0
-70.0
-70.0
-70.0
-70.0
-70.0
-70.0
-70.0
-64.9324481548
-62.0608354425
-61.1580621893
-60.9111294977
-63.2747483079
-70.0
-70.0
-70.0
-70.0
-70.0
-70.0
-70.0
-70.0
-70.0
-64.441436359
-61.291583629
-59.6919525368
-54.1498495376
0
-70.0
-70.0
-70.0
-70.0
-70.0
-70.0
-70.0
-68.7242668281
-68.0013513641
-63.7453348179
-61.4002137297
-61.2537883242
-61.4574734701
-61.8644354419
-62.579184961
-64.431033403
-70.0
-70.0
-70.0
-70.0
-70.0
-70.0
-70.0
-70.0
-69.9690978066
-70.0
-70.0
-70.0
-70.0
-70.0
-70.0
-70.0
-70.0
-70.0
-70.0
-70.0
-70.0
-70.0
-70.0
-70.0
-70.0
-70.0
-70.0
-70.0
-70.0
-70.0
-70.0
-70.0
-64.8606415709
-61.9483384611
-60.4693453131
-59.8996379139
-54.27720826
-54.4805808853
-59.6439012887
-70.0
-70.0
-70.0
-70.0
-70.0
-70.0
-70.0
-70.0
-63.8504112257
-60.3656442535
-58.5959292618
-57.9142359581
-57.9080787772
-58.9815962876
-64.6255887257
-70.0
-70.0
-70.0
-70.0
-70.0
-70.0
-70.0
-70.0
-70.0
-70.0
-70.0
-70.0
-70.0
-70.0
-70.0
-70.0
-70.0
-70.0
-70.0
-70.0
-70.0
-70.0
-70.0
-70.0
-69.7145346798
-62.2194538898
-57.6484236195
-60.5560780439
-70.0
-70.0
-70.0
-70.0
-70.0
-70.0
-70.0
-70.0
-70.0
-70.0
-70.0
-70.0
-70.0
-70.0
-69.5511242104
-70.0
-70.0
-70.0
-70.0
-70.0
-70.0
-70.0
-70.0
-70.0
-70.0
-70.0
-70.0
-70.0
-70.0
-63.1850220237
-59.796654987
-65.8519330693
-70.0
-70.0
-70.0
-70.0
-70.0
-70.0
-70.0
-70.0
-70.0
-70.0
-70.0
-70.0
-70.0
-69.1584729849
-70.0
-70.0
-70.0
-70.0
-70.0
-70.0
-65.6660985116
-63.2102210015
-61.963020462
-61.4825994563
-61.4782602043
-60.7987330886
-61.6977256761
-64.1082563572
-70.0
-70.0
-70.0
-70.0
-70.0
-70.0
-70.0
-70.0
-70.0
-70.0
-70.0
-70.0
-70.0
-70.0
-70.0
-70.0
-70.0
-70.0
-70.0
-70.0
-70.0
-70.0
-65.7285626033
-62.4397686547
-61.7162163387
-56.410062923
0
-70.0
-70.0
-70.0
-70.0
-70.0
-70.0
-70.0
-70.0
-70.0
-70.0
-67.04697179
-65.3735891376
-64.5237732416
-64.9001282997
-65.2959370579
-64.7292428531
-68.0668981406
-70.0
-70.0
-70.0
-70.0
-70.0
-70.0
-70.0
-70.0
-70.0
-63.8801075196
-58.078835114
-54.9954438336
0
-70.0
-70.0
-70.0
-70.0
-70.0
-70.0
-70.0
-70.0
-70.0
-70.0
-70.0
-70.0
-70.0
-70.0
-70.0
-70.0
-70.0
-70.0
-70.0
-70.0
-70.0
-70.0
-70.0
-70.0
-70.0
-70.0
-70.0
-63.750751317
-60.2095103967
-58.4111154979
-57.7183747087
-58.5549702689
-59.9526290281
-70.0
-70.0
-70.0
-70.0
-70.0
-70.0
-70.0
-70.0
-70.0
-70.0
-70.0
-70.0
-70.0
-70.0
-70.0
-70.0
-70.0
-70.0
-70.0
-70.0
-70.0
-70.0
-70.0
-70.0
-70.0
-70.0
-70.0
-70.0
-70.0
-70.0
-70.0
-70.0
-70.0
-70.0
-70.0
-70.0
-70.0
-70.0
-70.0
-70.0
-70.0
-63.3927109292
-59.6485804557
-58.9321197936
-65.0136300206
-70.0
-70.0
-70.0
-70.0
-70.0
-68.0526771779
-66.9491942454
-66.388798011
-66.17293367
-66.1709839431
-65.3234602704
-59.5776638442
-56.4775971936
-56.0127175096
-58.1632068438
-70.0
-70.0
-70.0
-70.0
-70.0
-70.0
-70.0
-70.0
-70.0
-70.0
-70.0
-70.0
-63.9303773502
-60.4909245153
-58.7442219972
-58.9871597661
-69.3826431655
-70.0
-70.0
-70.0
-70.0
-70.0
-68.5192602714
-67.6801744252
-67.2540504367
-61.2517732649
-58.9409995605
-57.9231686858
-57.7150312048
-57.999647676
-58.5704293029
-61.5428891518
-70.0
-70.0
-70.0
-70.0
-70.0
-70.0
-70.0
-70.0
-70.0
-70.0
-70.0
-70.0
-70.0
-70.0
-69.8544729289
-70.0
-70.0
-70.0
-70.0
-70.0
-70.0
-70.0
-70.0
-70.0
-70.0
-70.0
-70.0
-70.0
-63.6272552018
-60.0160331494
-58.6513217878
-63.9535648267
-70.0
-70.0
-70.0
-70.0
-70.0
-70.0
-70.0
-70.0
-70.0
-70.0
-69.6723210236
-70.0
-70.0
-70.0
-70.0
-70.0
-70.0
-70.0
-70.0
-70.0
-70.0
-70.0
-64.3824852789
-61.3609218598
-70.0
-70.0
-70.0
-70.0
-70.0
-70.0
-70.0
-70.0
-70.0
-70.0
-70.0
-70.0
-70.0
-70.0
-70.0
-70.0
-70.0
-70.0
-70.0
-70.0
-70.0
-70.0
-70.0
-70.0
-70.0
-70.0
-69.4110630112
-69.0773320509
-68.907849073
-69.0238809532
-70.0
-70.0
-70.0
-70.0
-70.0
-70.0
-70.0
-65.5460755791
-63.0221850739
-61.7404446017
-61.2467188317
-61.2422594086
-61.5315084411
-61.9873409126
-62.8164642988
-70.0
-70.0
-70.0
-70.0
-70.0
-70.0
-70.0
-66.6662938449
-64.7771936903
-63.8178271413
-63.4482796404
-63.4449418186
-64.6612405791
-65.9023118161
-67.1168774978
-70.0
-70.0
-70.0
-70.0
-70.0
-70.0
-70.0
-70.0
-70.0
-70.0
-70.0
-70.0
-70.0
-70.0
-70.0
-70.0
-70.0
-70.0
-70.0
-70.0
-70.0
-70.0
-70.0
-70.0
-70.0
-70.0
-70.0
-70.0
-70.0
-70.0
-70.0
-70.0
-70.0
-70.0
-70.0
-70.0
-70.0
-70.0
-70.0
-70.0
-70.0
-70.0
-70.0
-70.0
-70.0
-70.0
-70.0
-70.0
-70.0
-70.0
-70.0
-70.0
-70.0
-70.0
-69.3547217744
-70.0
-70.0
-70.0
-70.0
-70.0
-70.0
-70.0
-70.0
-70.0
-70.0
-70.0
-70.0
-70.0
-70.0
-70.0
-70.0
-70.0
-70.0
-70.0
-70.0
-70.0
-70.0
-70.0
-70.0
-70.0
-70.0
-70.0
-70.0
-69.3772446051
-70.0
-70.0
-70.0
-70.0
-70.0
-70.0
-70.0
-70.0
-70.0
-70.0
-70.0
-70.0
-70.0
-63.0613652406
-63.842994601
-70.0
-70.0
-70.0
-70.0
-70.0
-70.0
-70.0
-70.0
-70.0
-64.7076568627
-61.7086624183
-56.2967547821
0
-70.0
-70.0
-70.0
-70.0
-70.0
-70.0
-70.0
-70.0
-70.0
-70.0
-70.0
-70.0
-70.0
-69.568529434
-70.0
-70.0
-70.0
-70.0
-70.0
-70.0
-70.0
-70.0
-70.0
-70.0
-70.0
-70.0
-70.0
-70.0
-70.0
-70.0
-70.0
-70.0
-70.0
-70.0
-65.2700551543
-62.5897530751
-61.2285800584
-60.7042569131
-60.6995211289
-61.0066956207
-61.8216321241
-66.4659500234
-70.0
-70.0
-70.0
-70.0
-70.0
-70.0
-70.0
-70.0
-70.0
-70.0
-63.1782224188
-59.3125484561
-57.3493924633
-62.3592506416
-70.0
-70.0
-70.0
-70.0
-70.0
-70.0
-70.0
-70.0
-70.0
-70.0
-70.0
-70.0
-70.0
-70.0
-69.305169581
-70.0
-70.0
-70.0
-70.0
-70.0
-70.0
-70.0
-70.0
-63.2798152671
-59.4717105852
-57.5377907565
-54.695417227
-54.8255877621
0
-70.0
-70.0
-70.0
-70.0
-70.0
-66.968598459
-65.2508042525
-64.3784342534
-65.997337227
-68.336695387
-70.0
-70.0
-70.0
-70.0
-70.0
-70.0
-70.0
-70.0
-70.0
-70.0
-70.0
-70.0
-70.0
-70.0
-70.0
-65.3404503743
-62.7000389198
-61.3591240831
-55.9166784524
0
-70.0
-70.0
-70.0
-70.0
-70.0
-70.0
-70.0
-70.0
-66.7754813792
-64.9482541607
-64.0203093576
-63.6628654972
-63.6596369977
-63.8690453314
-64.1990554872
-65.5379898774
-67.1042576428
-70.0
-70.0
-70.0
-70.0
-70.0
-70.0
-70.0
-69.5092105555
-69.2310965369
-69.0898582412
-69.0354533224
-69.034961927
-69.6909808229
-70.0
-70.0
-70.0
-70.0
-70.0
-70.0
-70.0
-64.9244324029
-62.0482774312
-60.5876418671
-60.0250057998
-60.019923966
-59.4080717304
-59.8479183037
-61.6510978763
-68.9097463574
-70.0
-70.0
-70.0
-70.0
-66.0437947315
-63.8019450794
-61.7219647822
-61.7492344717
-61.4850662475
-61.610396438
-61.9652480044
-62.4459840107
-66.6110962849
-70.0
-70.0
-70.0
-70.0
-70.0
-70.0
-70.0
-70.0
-64.7232237109
-60.7364759677
-58.6532114563
-57.7814790342
-56.9620199094
-57.6309553098
-68.9991489893
-70.0
-70.0
-70.0
-70.0
-70.0
-70.0
-70.0
-70.0
-70.0
-70.0
-70.0
-70.0
-70.0
-70.0
-70.0
-70.0
-70.0
-70.0
-70.0
-70.0
-70.0
-70.0
-70.0
-70.0
-70.0
-70.0
-70.0
-70.0
-70.0
-70.0
-70.0
-70.0
-70.0
-70.0
-65.6506502872
-63.1860187833
-61.9343725882
-61.4522391182
-60.4480848847
-61.1636887864
-62.1989765695
-67.5242754522
-70.0
-70.0
-68.2195587641
-67.2106420638
-66.6982706415
-66.5009054333
-66.499122794
-60.5365598169
-57.2744700367
-55.7414005007
-60.974019354
-70.0
-70.0
-70.0
-70.0
-70.0
-70.0
-65.5561739431
-63.0380058443
-61.7591714568
-61.2665651091
-61.2621157968
-61.5507090162
-62.7932239566
-70.0
-70.0
-70.0
-70.0
-70.0
-70.0
-70.0
-70.0
-70.0
-70.0
-70.0
-70.0
-70.0
-70.0
-70.0
-70.0
-70.0
-70.0
-70.0
-70.0
-70.0
-70.0
-70.0
-70.0
-70.0
-70.0
-70.0
-70.0
-70.0
-70.0
-70.0
-70.0
-70.0
-70.0
-70.0
-70.0
-70.0
-70.0
-70.0
-70.0
-70.0
-63.8001079438
-57.9535024453
-57.2337962364
-65.394708178
-70.0
-70.0
-70.0
-70.0
-70.0
-70.0
-66.0257988947
-63.7737516017
-62.6300648391
-62.189517287
-55.568387886
0
-70.0
-70.0
-70.0
-70.0
-70.0
-70.0
-70.0
-70.0
-70.0
-70.0
-70.0
-70.0
-70.0
-69.9306245011
-69.8913117183
-69.8713469914
-65.6682345585
-70.0
-70.0
-70.0
-70.0
-70.0
-70.0
-70.0
-65.0871581252
-59.9698810628
-57.2338521233
-56.0177730222
-54.7564834523
0
-70.0
-70.0
-70.0
-70.0
-70.0
-70.0
-70.0
-70.0
-70.0
-70.0
-70.0
-70.0
-70.0
-70.0
-69.9051567799
-69.8514122885
-70.0
-70.0
-70.0
-70.0
-70.0
-70.0
-70.0
-69.498068216
-70.0
-64.0529881091
-60.6830147042
-58.169127702
-57.0551579107
-58.9722362862
-70.0
-70.0
-70.0
-70.0
-70.0
-70.0
-67.0417702139
-66.0691437056
-64.7043878389
-64.0620547242
-63.8745863646
-63.2625820997
-63.1199601374
-65.3577119294
-70.0
-70.0
-70.0
-70.0
-70.0
-70.0
-70.0
-70.0
-70.0
-70.0
-70.0
-70.0
-70.0
-70.0
-70.0
-70.0
-70.0
-70.0
-70.0
-70.0
-70.0
-70.0
-70.0
-70.0
-70.0
-70.0
-70.0
-70.0
-70.0
-63.0919757699
-70.0
-70.0
-70.0
-70.0
-70.0
-70.0
-70.0
-70.0
