-67.93
-66.067
-64.3903
-62.88127
-61.523143
-60.3008287
-59.20074583
-59.030671247
-58.604270789
-58.0382881545
-57.407422302
-55.9386553805
-54.8361067148
0
-70.0
-70.0
-70.0
-70.0
-70.0
-70.0
-70.0
-70.0
-70.0
-70.0
-70.0
-70.0
-70.0
-70.0
-70.0
-69.8551671736
-68.2630952387
-66.6757489031
-65.1441494716
-63.6970514971
-62.3488909957
-61.1050316617
-59.965215006
-58.9258178456
-58.8013189546
-58.4099089881
-58.6913993753
-58.5472469618
-58.1525139483
-57.6205903419
-57.0240831667
-56.4087094226
-60.8825281955
-70.0
-70.0
-70.0
-70.0
-70.0
-70.0
-70.0
-70.0
-70.0
-70.0
-70.0
-69.0600027189
-67.8373375929
-66.4858272642
-65.1020601582
-63.745064556
-62.4493650428
-62.0536331668
-62.2110729356
-61.8751676991
-61.2544523005
-60.483541318
-58.8282100179
-57.5174042373
-56.4570072943
-55.5822022187
-54.8479124327
-54.2224081467
0
-70.0
-70.0
-70.0
-70.0
-70.0
-70.0
-70.0
-70.0
-70.0
-70.0
-70.0
-70.0
-70.0
-70.0
-70.0
-69.4258863013
-68.4105552054
-67.164338041
-65.8211298077
-64.4645005407
-63.1450396292
-61.8918617613
-60.7202263152
-59.6365708371
-58.6418251889
-58.5535836271
-57.3721859024
-56.3942744042
-55.5710516918
-54.8680830079
-54.2606990307
-59.6308833096
-70.0
-70.0
-70.0
-70.0
-70.0
-70.0
-70.0
-70.0
-70.0
-70.0
-70.0
-69.8571982453
-69.906277251
-69.248848746
-68.1894300182
-66.9241311142
-65.5774807347
-64.2269078158
-62.9190004706
-61.6802893812
-60.5243864148
-59.4566984211
-57.6575290109
-56.2994430644
-55.2512767277
-54.4240010347
0
-70.0
-70.0
-70.0
-70.0
-70.0
-70.0
-70.0
-70.0
-70.0
-70.0
-70.0
-70.0
-70.0
-70.0
-70.0
-70.0
-69.6853307919
-68.8170182407
-67.6454634353
-66.3310151042
-64.9746456021
-63.638335714
-62.3586052574
-61.1554801416
-60.0384224006
-59.0102403427
-58.0696564299
-57.2129842012
-56.4352147239
-55.7307125468
-55.0936541556
-55.3382973157
-55.2838066346
-70.0
-70.0
-70.0
-70.0
-70.0
-70.0
-70.0
-70.0
-70.0
-70.0
-70.0
-70.0
-68.7988589975
-68.2482124294
-67.2862174076
-66.1094798142
-64.8431212644
-64.3852020924
-63.6076105194
-63.484135225
-62.9372455408
-62.154536879
-62.0764271192
-61.6036803594
-60.9099096249
-60.1066501966
-59.2644728665
-59.2470173728
-58.9049768309
-63.4595866111
-70.0
-70.0
-70.0
-70.0
-70.0
-70.0
-70.0
-70.0
-70.0
-70.0
-70.0
-69.3173763592
-69.0605562961
-68.2477790484
-66.3085200648
-64.5780140058
-63.0304432369
-61.6442193343
-60.401011015
-59.2850523228
-58.2826420301
-57.3817744535
-55.7518614258
-54.5588515616
0
-70.0
-70.0
-70.0
-70.0
-70.0
-70.0
-70.0
-70.0
-70.0
-70.0
-70.0
-70.0
-70.0
-70.0
-69.9352669286
-69.2085848548
-68.9289561153
-68.1068803345
-66.9867388548
-65.7250960052
-64.4206070953
-63.9538935128
-63.1854022462
-62.2614607447
-61.2750471523
-60.2840307585
-59.3232865636
-58.4127304945
-57.5626391699
-57.5971630695
-57.3413053069
-70.0
-70.0
-70.0
-70.0
-70.0
-70.0
-70.0
-70.0
-70.0
-70.0
-70.0
-70.0
-70.0
-69.8131618577
-69.0172869104
-67.882519045
-66.5822410243
-65.2259995111
-63.8813879527
-62.5885747527
-61.3699343408
-60.2364189491
-59.1917624157
-57.4152430818
-56.0788233788
-54.2310107776
0
-70.0
-70.0
-70.0
-70.0
-70.0
-70.0
-70.0
-70.0
-70.0
-70.0
-70.0
-70.0
-70.0
-70.0
-70.0
-69.9158468626
-69.1781600847
-68.0729426818
-66.784047484
-66.2479087826
-65.3612952689
-63.4739506518
-61.8690788598
-59.6671864892
-58.8204781839
-58.815103928
-58.4947092434
-57.9959821246
-57.4068797825
-56.7831890511
-56.1595349773
-55.5566913671
-61.7864288217
-70.0
-70.0
-70.0
-70.0
-70.0
-70.0
-70.0
-70.0
-70.0
-70.0
-70.0
-70.0
-70.0
-69.5748747946
-68.6439705115
-67.4406289247
-66.1139363417
-64.7574562472
-63.4283196489
-62.1598937017
-60.9701750099
-59.8673379612
-58.8533911333
-57.9265766654
-57.0829354292
-56.3173195065
-55.6240393026
-54.9972698702
-54.4312992151
0
-70.0
-70.0
-70.0
-70.0
-70.0
-70.0
-70.0
-70.0
-70.0
-70.0
-70.0
-70.0
-70.0
-69.4066176611
-68.3803676691
-67.1286054182
-65.7832612204
-64.4266126611
-63.1084031034
-61.8571972654
-60.6879005204
-59.6067257894
-58.6144634244
-57.7086238913
-56.8848327084
-56.1377302417
-55.4615444203
-54.8504481135
-54.2987753923
0
-70.0
-70.0
-70.0
-70.0
-70.0
-70.0
-70.0
-70.0
-70.0
-70.0
-70.0
-70.0
-70.0
-69.5701654264
-68.6365925013
-67.4318956629
-66.1046810378
-64.7481962281
-62.599365468
-60.0467548297
-58.1569632857
-56.7278562498
-55.6227968199
-54.749001268
0
-70.0
-70.0
-70.0
-70.0
-68.5904430512
-70.0
-70.0
-70.0
-70.0
-70.0
-70.0
-70.0
-70.0
-70.0
-70.0
-70.0
-70.0
-69.6359978036
-68.7397298924
-66.7339781492
-64.1293944983
-62.0723311578
-60.4123487816
-59.0459477298
-57.9012421744
-56.9277107687
-56.0893348997
-55.3599982149
-54.7203962636
-54.1559552173
0
-70.0
-70.0
-70.0
-70.0
-70.0
-70.0
-70.0
-70.0
-70.0
-70.0
-70.0
-70.0
-70.0
-70.0
-70.0
-70.0
-68.5698920969
-67.0694976185
-64.7569443442
-62.8541809014
-61.2607168057
-59.9059477881
-58.7395547846
-57.7250671564
-56.8355390075
-56.0506374847
-54.5346753214
0
-70.0
-70.0
-70.0
-70.0
-70.0
-70.0
-70.0
-70.0
-70.0
-70.0
-70.0
-70.0
-70.0
-70.0
-68.9423410282
-67.6530009442
-66.2676301956
-64.8708200733
-62.6937066641
-60.9409817298
-59.5013140449
-58.2974696325
-57.2752473306
-56.3960723718
-56.4520316508
-55.4272061631
-54.6080706651
0
-70.0
-70.0
-70.0
-70.0
-70.0
-70.0
-70.0
-70.0
-70.0
-70.0
-70.0
-70.0
-70.0
-70.0
-70.0
-70.0
-70.0
-69.6652216521
-68.7855139216
-67.6081721526
-66.2914946861
-64.93510505
-63.6001011001
-62.3224286934
-61.9417442929
-61.2919421762
-61.3223295004
-60.9398175781
-60.3223165055
-59.5844053118
-58.7988450852
-58.0108807797
-57.2477395037
-61.6048969722
-70.0
-70.0
-70.0
-70.0
-70.0
-70.0
-70.0
-70.0
-70.0
-70.0
-70.0
-70.0
-69.7667077599
-68.9445088238
-67.7963725014
-66.4909449579
-65.1346569332
-63.7930622206
-62.505003319
-61.2920012008
-60.1644665565
-59.1257968847
-58.1750685188
-56.4887958819
-55.2374057704
-54.2886581779
0
-70.0
-70.0
-70.0
-70.0
-70.0
-70.0
-70.0
-70.0
-70.0
-70.0
-70.0
-70.0
-70.0
-70.0
-70.0
-69.9646723015
-69.2546532723
-68.1634867457
-66.8800039382
-65.5239141225
-64.1694630956
-62.8611437096
-61.6241139544
-59.6510923028
-58.1222429017
-56.9108584977
-55.930332572
-55.1210059309
-54.4413764151
0
-70.0
-70.0
-70.0
-70.0
-70.0
-70.0
-70.0
-70.0
-70.0
-70.0
-70.0
-70.0
-70.0
-70.0
-70.0
-69.565010771
-68.6285168745
-67.4223366408
-66.0945506126
-64.7380606419
-63.4095646381
-62.1421482145
-60.9536267532
-59.8520596514
-58.8393840685
-57.9137992499
-57.071321717
-55.4867911401
-54.3298464226
0
-70.0
-70.0
-70.0
-70.0
-70.0
-70.0
-70.0
-70.0
-70.0
-70.0
-70.0
-70.0
-70.0
-70.0
-70.0
-69.5969274707
-68.6785197041
-67.4815243874
-66.9772763844
-66.0854850365
-64.9908940598
-63.8111096719
-61.7995353834
-60.1759396308
-58.8392508582
-57.7192625661
-57.5866275053
-57.2308255519
-56.7529835282
-57.0378455297
-56.9508345463
-59.183600138
-67.8138061548
-70.0
-70.0
-70.0
-70.0
-70.0
-70.0
-70.0
-70.0
-70.0
-70.0
-70.0
-69.9671940661
-69.2586040369
-68.1681632181
-66.8849599529
-65.528872662
-64.1742578654
-62.865680392
-61.6283445615
-60.4749982445
-59.4104905128
-57.6147695233
-56.2601779456
-55.2154170674
-54.3913799716
0
-70.0
-70.0
-70.0
-70.0
-70.0
-70.0
-70.0
-70.0
-70.0
-70.0
-70.0
-70.0
-70.0
-70.0
-70.0
-69.7951322294
-68.9890404927
-67.849084101
-66.5468074625
-65.1905478974
-63.8471072284
-62.5561392527
-61.3396871589
-59.3884929973
-57.8814934004
-56.6912438623
-54.910719344
0
-70.0
-70.0
-70.0
-70.0
-70.0
-70.0
-70.0
-70.0
-70.0
-70.0
-70.0
-70.0
-70.0
-70.0
-70.0
-70.0
-70.0
-70.0
-70.0
-69.5481846008
-68.6021558746
-67.3911334431
-66.0614822028
-63.8849753851
-62.0929054484
-61.4112333047
-60.5985222417
-59.7342781958
-58.8679224951
-58.0291783248
-57.2349592118
-56.4939291037
-55.809513402
-55.1818802009
-65.5891680634
-70.0
-70.0
-70.0
-70.0
-70.0
-70.0
-70.0
-70.0
-70.0
-70.0
-70.0
-69.6267478977
-68.725238373
-68.3568247125
-66.6805490257
-65.0954319795
-63.6178473524
-62.2540349978
-60.1839464184
-58.5790950568
-57.3068810713
-56.2766566443
-56.2459667666
-55.9960206144
-55.622852236
-55.1881894677
-54.7311188245
-56.8158391443
-57.8161433647
-70.0
-70.0
-70.0
-70.0
-70.0
-70.0
-70.0
-70.0
-70.0
-70.0
-70.0
-69.8323375213
-69.0473287833
-67.9180792478
-66.6199268849
-65.2637045709
-63.9178476969
-62.6230719826
-61.4021041546
-60.2661199859
-59.2189921519
-58.2600823797
-56.5660671038
-55.3074557014
-54.3520403366
-54.4303897732
-54.3063864427
-54.0651048963
0
-70.0
-70.0
-70.0
-70.0
-70.0
-70.0
-70.0
-70.0
-70.0
-70.0
-70.0
-70.0
-70.0
-70.0
-69.5082609731
-68.5396088579
-67.3170972935
-65.9830204451
-64.6264736545
-64.1216631251
-63.3247213699
-63.1990656044
-62.6603699583
-62.7118069054
-62.2956088435
-61.6127030449
-60.7925361309
-59.9173514448
-59.0383289183
-58.1863044385
-62.4588796024
-70.0
-70.0
-70.0
-70.0
-70.0
-70.0
-70.0
-70.0
-70.0
-70.0
-69.7377146939
-68.8990863538
-67.7426064712
-67.2539649927
-67.1823146058
-65.7232472201
-64.3003652147
-62.9466238376
-61.6794915501
-61.3265624593
-60.7139195895
-59.9658698813
-59.1615110603
-58.3501787324
-56.7417067112
-56.3485666082
-55.877730326
-57.9159708791
-70.0
-70.0
-70.0
-70.0
-70.0
-70.0
-70.0
-70.0
-70.0
-70.0
-70.0
-70.0
-69.739511039
-68.9019006278
-67.7459376935
-66.4374953431
-65.0811800881
-64.5613515988
-63.7407427853
-62.7670194043
-60.913884729
-59.4148744328
-58.1783057739
-57.1404210529
-56.2563428518
-55.4940178361
-54.8301555655
0
-70.0
-70.0
-70.0
-70.0
-70.0
-70.0
-70.0
-70.0
-70.0
-70.0
-70.0
-70.0
-70.0
-70.0
-70.0
-69.541311923
-68.5913886794
-66.558388444
-64.7633086879
-63.1708172113
-61.7529617516
-60.4871497508
-59.3547575586
-58.340163658
-58.250068529
-58.717675834
-59.5043176892
-59.6361588793
-59.3707249641
-58.8757737828
-58.2596106146
-60.1312590266
-70.0
-70.0
-70.0
-70.0
-70.0
-70.0
-70.0
-70.0
-70.0
-70.0
-70.0
-69.9391383959
-69.2146501536
-68.1161355364
-66.8298222482
-65.473706867
-64.1209140761
-62.8152079323
-61.581277315
-60.4315430341
-59.370651031
-58.3984274615
-56.6918124045
-54.6014496234
0
-70.0
-70.0
-70.0
-70.0
-70.0
-70.0
-70.0
-70.0
-70.0
-70.0
-70.0
-70.0
-70.0
-70.0
-69.6377407659
-68.7424605333
-67.5572103759
-66.2374866023
-64.8810694514
-63.5478501791
-62.2729902765
-61.0756413257
-59.9647105776
-59.7626617763
-59.2926771029
-58.6775970621
-57.9959624689
-58.1171162973
-57.8959047178
-59.1966476117
-64.7272050943
-70.0
-70.0
-70.0
-70.0
-70.0
-70.0
-70.0
-70.0
-70.0
-70.0
-70.0
-69.5638262096
-67.8066610618
-66.135473271
-64.5715781542
-63.1241884789
-62.6149483912
-61.8655727254
-60.1770949018
-58.8014383776
-57.6593298505
-56.6954204059
-55.8705607256
-55.1566262265
-54.5330446529
0
-70.0
-70.0
-70.0
-70.0
-70.0
-70.0
-70.0
-70.0
-70.0
-70.0
-70.0
-70.0
-70.0
-70.0
-69.1361254519
-67.1365965414
-65.342325977
-64.5510194391
-62.7478682018
-61.217715186
-59.0823662036
-57.4750779407
-56.238202385
-55.2648036387
-54.481937603
0
-70.0
-70.0
-70.0
-70.0
-70.0
-70.0
-70.0
-70.0
-70.0
-70.0
-70.0
-70.0
-70.0
-70.0
-70.0
-70.0
-70.0
-68.8887149952
-67.5689868258
-66.1681836966
-64.7654290292
-63.4082619278
-62.1236862694
-60.9254846653
-59.8190475474
-58.8045503584
-57.0590336997
-54.9330892478
0
-70.0
-70.0
-70.0
-70.0
-70.0
-70.0
-70.0
-70.0
-70.0
-70.0
-70.0
-70.0
-70.0
-70.0
-70.0
-69.8611217524
-69.0924240788
-68.7914580054
-67.1411630944
-64.7362807114
-62.7788085912
-60.3350316994
-58.5009311743
-57.0937731535
-55.9896859025
-55.1042440218
-54.3795040927
0
-70.0
-70.0
-70.0
-70.0
-70.0
-70.0
-70.0
-70.0
-70.0
-70.0
-70.0
-70.0
-70.0
-70.0
-70.0
-70.0
-70.0
-69.9176043521
-69.1809134849
-68.0762018485
-66.7875014717
-65.4313645299
-64.0799702138
-61.9564679503
-59.4404843273
-57.5928780092
-56.2078849513
-55.1466262849
-54.3149835423
0
-70.0
-70.0
-70.0
-70.0
-70.0
-70.0
-70.0
-70.0
-70.0
-70.0
-70.0
-70.0
-70.0
-70.0
-70.0
-70.0
-68.9382882384
-67.6466515736
-66.2601145222
-64.8628551406
-63.5057376737
-61.3979426044
-59.7300008093
-58.3815690386
-57.2697910083
-56.3370644898
-56.3628597624
-56.1429082672
-55.7828404278
-55.3507050433
-54.8897336444
-54.4268263503
0
-70.0
-70.0
-70.0
-70.0
-70.0
-70.0
-70.0
-70.0
-70.0
-70.0
-70.0
-70.0
-70.0
-70.0
-69.1757267105
-68.018638513
-66.7004309775
-65.3294920902
-63.9726123549
-62.6693974352
-61.4418219022
-60.3005491856
-59.2491005829
-58.2865947351
-58.2295380686
-57.8976527998
-57.4119332118
-56.8501036853
-56.2613358465
-55.6760306151
-57.6523131223
-70.0
-70.0
-70.0
-70.0
-70.0
-70.0
-70.0
-70.0
-70.0
-70.0
-70.0
-70.0
-69.580536759
-68.6528409225
-67.4511287232
-65.3050637794
-63.4839226872
-61.918440609
-60.5585366751
-59.3673097589
-58.3169966172
-57.3862421783
-56.558248109
-55.8195100638
-55.1589502346
-54.5673159959
-54.0367582528
0
-70.0
-70.0
-70.0
-70.0
-70.0
-70.0
-70.0
-70.0
-70.0
-70.0
-70.0
-70.0
-70.0
-70.0
-70.0
-69.0578128322
-68.6539067704
-67.7664329077
-66.6184008264
-65.3523015502
-64.057565266
-62.7888046534
-61.577921464
-60.4421275016
-59.3892468741
-58.4212102684
-57.5363479628
-56.7308856473
-55.9999120697
-55.3379975209
-54.7395822075
0
-70.0
-70.0
-70.0
-70.0
-70.0
-70.0
-70.0
-70.0
-70.0
-70.0
-70.0
-70.0
-70.0
-69.8571177574
-69.0861511533
-67.964032819
-66.6686273911
-65.3124298881
-63.9649637233
-62.6676519003
-60.6236764098
-59.0198352352
-57.7335360226
-56.6806386276
-55.8028789031
-54.2394604382
0
-70.0
-70.0
-70.0
-70.0
-70.0
-70.0
-70.0
-70.0
-70.0
-70.0
-70.0
-70.0
-70.0
-70.0
-70.0
-70.0
-70.0
-69.4329303517
-68.4215908844
-67.1774008411
-65.8349734538
-64.4783512397
-63.1584328698
-61.9045340856
-60.7320436789
-59.6474813122
-58.6518278485
-57.7427081753
-56.9158127655
-56.1658150942
-55.4869559882
-54.8734086583
-54.3194999718
0
-70.0
-70.0
-70.0
-70.0
-70.0
-70.0
-70.0
-70.0
-70.0
-70.0
-70.0
-70.0
-70.0
-69.7215241721
-68.873721203
-67.712582048
-66.4021458202
-65.0458125561
-63.7071521791
-61.603717547
-59.9315328494
-58.5738376026
-57.4500925344
-55.6841757424
-54.411819809
0
-70.0
-70.0
-70.0
-70.0
-70.0
-70.0
-70.0
-70.0
-70.0
-70.0
-70.0
-70.0
-70.0
-70.0
-70.0
-69.8141158329
-69.8387814716
-69.1689548057
-68.1047603127
-66.8394182731
-65.4955657736
-64.1494020814
-62.8467237968
-61.6135593661
-60.4632087288
-59.4008913888
-58.4268046051
-56.7181257148
-55.4456475234
0
-70.0
-70.0
-70.0
-70.0
-70.0
-70.0
-70.0
-70.0
-70.0
-70.0
-70.0
-70.0
-70.0
-70.0
-70.0
-70.0
-69.4693925131
-68.4787149371
-67.2450178937
-65.9066324045
-64.5500466975
-62.4077603834
-59.8654632488
-57.9879028597
-56.5717698643
-55.4796977383
-54.618464538
0
-70.0
-70.0
-70.0
-70.0
-68.0436229639
-68.7849894407
-70.0
-70.0
-70.0
-70.0
-70.0
-70.0
-70.0
-70.0
-70.0
-70.0
-70.0
-70.0
-70.0
-69.8431601972
-68.244284309
-65.8334826325
-63.8358855388
-62.1527977646
-60.7145185079
-59.4710670037
-58.3859605343
-57.4320313016
-56.5886060519
-55.839597367
-55.1722055772
0
-70.0
-70.0
-70.0
-70.0
-70.0
-70.0
-70.0
-70.0
-70.0
-70.0
-70.0
-70.0
-70.0
-70.0
-70.0
-70.0
-70.0
-70.0
-69.7911782947
-68.982845995
-67.8417517487
-66.5390368092
-66.0027732853
-64.3042560614
-61.9650038584
-60.1392857413
-58.6825453463
-57.4957495978
-56.5104804954
-55.6789696841
-54.1474308746
0
-70.0
-70.0
-70.0
-70.0
-70.0
-70.0
-70.0
-70.0
-70.0
-70.0
-70.0
-70.0
-70.0
-70.0
-69.3518924626
-68.2946315248
-67.0271205779
-65.6757099905
-64.3190066384
-63.0043510725
-61.7587460306
-60.596091471
-59.521962353
-58.5367528037
-57.637735314
-56.8204003097
-56.0793192968
-55.4086933792
-54.802694716
0
-70.0
-70.0
-70.0
-70.0
-70.0
-70.0
-70.0
-70.0
-70.0
-70.0
-70.0
-70.0
-70.0
-69.6012488849
-68.6852899196
-68.3095382098
-67.4504359103
-66.3299600002
-65.0900091208
-64.6397049558
-63.8581989583
-62.9040220612
-61.8780485209
-60.8431961127
-59.837511464
-58.8828502926
-57.9906252467
-57.165602711
-56.4084024325
-68.4170312027
-70.0
-70.0
-70.0
-70.0
-70.0
-70.0
-70.0
-70.0
-70.0
-69.0825986848
-68.6927379394
-66.9923968943
-65.382445704
-63.8803934664
-62.4931490083
-61.2210306998
-60.0603920248
-59.0053290855
-58.0487803525
-57.1832251009
-56.4011177799
-55.6951494614
-55.0583968215
-55.3043986769
-55.2518531675
-55.0219307563
-54.6932462844
0
-70.0
-70.0
-70.0
-70.0
-70.0
-70.0
-70.0
-70.0
-70.0
-70.0
-70.0
-70.0
-70.0
-69.6992617816
-68.8388434578
-67.6712976816
-66.3583936265
-65.0020380725
-63.6648234711
-62.3836672612
-60.3588512932
-58.775333336
-56.6893781171
-55.1914923819
-54.0963778613
0
-70.0
-70.0
-70.0
-70.0
-70.0
-70.0
-70.0
-70.0
-70.0
-70.0
-70.0
-70.0
-70.0
-70.0
-69.9569079487
-69.2424891196
-68.1490881848
-67.6847446845
-66.7933137614
-66.4953447489
-65.7433851831
-64.7440966042
-63.6297202367
-62.4834370749
-61.3562192754
-60.2780146199
-59.2651580059
-59.1452721039
-58.745164826
-58.1902616317
-60.1009776599
-70.0
-70.0
-70.0
-70.0
-70.0
-70.0
-70.0
-70.0
-70.0
-70.0
-70.0
-69.9542049774
-69.2382544646
-68.1440756748
-66.8594325451
-65.503332249
-64.1495609965
-62.8423128784
-60.7865535783
-59.1702128789
-58.6914013633
-57.2710677419
-56.1531653109
-55.2539850087
-54.5160106604
0
-70.0
-70.0
-70.0
-70.0
-70.0
-70.0
-70.0
-70.0
-70.0
-70.0
-70.0
-70.0
-70.0
-70.0
-70.0
-70.0
-70.0
-70.0
-69.6198400084
-68.7144160132
-66.7040144156
-64.9176396432
-63.3252267916
-62.722271521
-61.9130893079
-61.8271436698
-61.3580048313
-60.6745880338
-59.8853850208
-59.0590170457
-58.2378956924
-57.447293024
-56.7013549889
-56.0070803348
-70.0
-70.0
-70.0
-70.0
-70.0
-70.0
-70.0
-70.0
-70.0
-70.0
-70.0
-70.0
-69.997312291
-69.305789256
-68.2240157931
-66.9441511889
-64.7680940534
-62.946856637
-61.3992189659
-60.0673290644
-58.9092841547
-57.8941477371
-56.9985942952
-56.2046424203
-55.498116548
-54.8675971397
-54.3036989234
0
-70.0
-70.0
-70.0
-70.0
-70.0
-70.0
-70.0
-70.0
-70.0
-70.0
-70.0
-70.0
-70.0
-70.0
-69.970472719
-69.2637405931
-67.3542432978
-65.6067368107
-63.1946750247
-61.284282119
-59.7385703049
-58.463190873
-57.3925235181
-56.4803723212
-55.693735859
-55.008629453
-54.4072779611
0
-70.0
-70.0
-70.0
-70.0
-70.0
-70.0
-70.0
-70.0
-70.0
-70.0
-70.0
-70.0
-70.0
-70.0
-70.0
-70.0
-69.4745832039
-68.4868470194
-67.2546437415
-66.7368336499
-65.8449198067
-64.7582741739
-63.5910109884
-62.4142860441
-61.2711082095
-60.1861645683
-59.1723262314
-59.0549456882
-58.659352506
-58.1100181798
-57.4867503114
-57.6598979133
-58.3051232107
-68.5520379412
-70.0
-70.0
-70.0
-70.0
-70.0
-70.0
-70.0
-70.0
-70.0
-70.0
-70.0
-70.0
-69.5902554618
-68.6680668901
-67.4691515175
-66.1441639099
-64.7876992151
-63.4575637577
-62.1875636913
-60.9959781951
-59.8911609576
-58.8752319164
-57.9465000946
-57.1010443316
-55.5137360628
-54.3542265661
0
-70.0
-70.0
-70.0
-70.0
-70.0
-70.0
-70.0
-70.0
-70.0
-70.0
-70.0
-70.0
-70.0
-70.0
-70.0
-69.320294532
-68.2451281002
-66.968523971
-65.6136106945
-64.2568757055
-62.9442721885
-61.7019010054
-60.5430815954
-59.4730205628
-58.4918832579
-58.4168047663
-58.0678641791
-57.5662376875
-56.9897205363
-57.2074862277
-57.0745627683
-56.7356566004
-70.0
-70.0
-70.0
-70.0
-70.0
-70.0
-70.0
-70.0
-70.0
-70.0
-69.7299995508
-69.7069992963
-69.0129658337
-67.939446895
-66.6740206353
-65.3356308583
-63.9980759635
-62.7056071612
-61.4832723077
-61.1637623187
-60.5765975814
-59.8484121529
-59.0598871574
-58.2614425882
-57.4836610937
-57.5642034939
-57.3370554842
-67.0928648284
-70.0
-70.0
-70.0
-70.0
-70.0
-70.0
-70.0
-70.0
-70.0
-70.0
-70.0
-69.8873461789
-69.1335090137
-68.0200897474
-66.7280351961
-65.3718679587
-64.8424386843
-64.8266998303
-64.2996998568
-63.4835098775
-62.5210122273
-61.5028132296
-59.66513339
-58.21702104
-56.2309195952
-54.8082280752
-54.5910055607
-54.2843052
0
-70.0
-70.0
-70.0
-70.0
-70.0
-70.0
-70.0
-70.0
-70.0
-70.0
-70.0
-70.0
-69.9928793747
-69.2988443538
-68.2157951961
-66.9354391949
-66.399377621
-65.5077614227
-65.2525329896
-64.5676448301
-63.64779044
-62.6176181247
-61.5555941313
-60.5098599309
-60.328757413
-59.8524706551
-59.2149495785
-57.6819386133
-56.4827340804
-70.0
-70.0
-70.0
-70.0
-70.0
-70.0
-70.0
-70.0
-70.0
-70.0
-70.0
-69.9922364438
-69.2978370953
-68.2146029163
-66.9341756451
-65.5781134275
-64.221872316
-62.9107319053
-61.6703565953
-60.5137861895
-59.446051073
-58.4672083007
-57.5743290273
-56.7627904957
-56.0271076935
-56.1814610891
-56.0446910901
-56.5578060544
-56.6237481645
-58.9591884915
-70.0
-70.0
-70.0
-70.0
-70.0
-70.0
-70.0
-70.0
-70.0
-70.0
-70.0
-70.0
-69.8406683499
-69.0603804149
-67.9335283067
-67.4562994316
-66.5647521255
-65.4543320043
-64.2496021981
-63.0284442411
-61.8381346589
-60.7060110876
-59.6465365752
-57.8459673153
-56.4807601821
-55.4222772295
-54.5831115503
0
-70.0
-70.0
-70.0
-70.0
-70.0
-70.0
-70.0
-70.0
-70.0
-70.0
-70.0
-70.0
-70.0
-70.0
-69.7285933919
-68.8847963139
-67.7256915234
-66.4160389316
-65.8797127455
-65.0052599423
-63.9570795956
-62.8396020678
-62.5377954821
-61.9154516814
-61.1215303448
-60.2511265314
-59.3638466923
-57.6760172325
-55.5641189821
0
-70.0
-70.0
-70.0
-70.0
-70.0
-70.0
-70.0
-70.0
-70.0
-70.0
-70.0
-70.0
-70.0
-70.0
-69.7687489541
-68.9477066947
-67.8001577826
-66.4949565093
-65.1386705283
-63.7969432554
-63.3286754498
-62.5800922515
-62.5082725908
-62.0249050413
-61.3107210103
-61.3018532246
-61.7164707791
-61.5513589525
-61.0439132248
-61.167982014
-60.846823887
-64.5292348811
-70.0
-70.0
-70.0
-70.0
-70.0
-70.0
-70.0
-70.0
-70.0
-69.8143203159
-69.0191018282
-67.8846673413
-66.5845177378
-65.2282773845
-63.883590593
-62.5906588316
-62.1918778138
-61.5228799426
-60.7140518885
-59.8482866597
-58.9772179672
-58.1320028194
-56.5104736367
-55.2972070059
-54.3693401272
0
-70.0
-70.0
-70.0
-70.0
-70.0
-70.0
-70.0
-70.0
-70.0
-70.0
-70.0
-70.0
-70.0
-70.0
-69.8207278093
-69.0291402345
-67.0765496818
-65.3124436942
-63.7202319784
-62.2842305497
-60.1698220075
-58.5388494819
-57.2523043172
-56.2153004077
-55.3625880485
-54.6488743647
-54.0423503422
0
-70.0
-70.0
-70.0
-70.0
-70.0
-70.0
-70.0
-70.0
-70.0
-70.0
-70.0
-70.0
-70.0
-70.0
-70.0
-70.0
-70.0
-69.9461641755
-69.2256572083
-68.1291644543
-66.8436299868
-65.4875216401
-64.1342725774
-62.8278473872
-61.5930640268
-60.4424252097
-59.3806277458
-58.4075283426
-58.3400844225
-57.9982819231
-57.5032576927
-56.9328012314
-56.3361006468
-65.9035303613
-70.0
-70.0
-70.0
-70.0
-70.0
-70.0
-70.0
-70.0
-70.0
-70.0
-70.0
-70.0
-69.1478404004
-67.1549499606
-65.3640506981
-63.7540427839
-62.3062366093
-61.0040116843
-59.8325430064
-58.7785770328
-57.8302448809
-56.9769040937
-56.2090028183
-55.5179619591
-55.7160720449
-55.6210690283
-55.3533649173
-54.9909636202
-54.5838240546
-54.1634128467
-64.7290126213
-70.0
-70.0
-70.0
-70.0
-70.0
-70.0
-70.0
-70.0
-70.0
-70.0
-70.0
-70.0
-70.0
-70.0
-69.4646558268
-68.4712941286
-67.2362339721
-65.0773234125
-63.2560662963
-62.5181098167
-61.6347322683
-60.6935479971
-59.7490525011
-58.8340534535
-57.9672522431
-57.1582631088
-56.4109275246
-54.9054952565
0
-70.0
-70.0
-70.0
-70.0
-70.0
-70.0
-70.0
-70.0
-70.0
-70.0
-70.0
-70.0
-70.0
-70.0
-69.9034493288
-69.1587372817
-68.0499521441
-66.7596826568
-65.4035315425
-64.0530564891
-62.7510029075
-61.5214039949
-61.1962645142
-60.6046386753
-59.0528418828
-58.6166690779
-58.044409759
-57.4095738423
-57.5783531643
-57.403675652
-57.0287466229
-59.0861444484
-70.0
-70.0
-70.0
-70.0
-70.0
-70.0
-70.0
-70.0
-70.0
-70.0
-70.0
-70.0
-68.6319409812
-67.1667075372
-65.6920105529
-65.0807920106
-64.1880344848
-63.1561121532
-62.0750883491
-61.0006377884
-59.9659461923
-59.8095996949
-59.3654718067
-59.5834793468
-59.371501226
-59.728597646
-59.5952355765
-59.9920438155
-59.8737272984
-68.7902798114
-70.0
-70.0
-70.0
-70.0
-70.0
-70.0
-70.0
-70.0
-70.0
-70.0
-70.0
-70.0
-69.7284613037
-69.7045893757
-68.1901132398
-66.6517571169
-65.1503515393
-62.9011631414
-61.0982779979
-59.6232709786
-58.3941577344
-58.1735511967
-57.7454022342
-57.2069994489
-57.4403911294
-57.3090797668
-56.9633236236
-56.5004258169
-55.982672939
-57.9892654475
-70.0
-70.0
-70.0
-70.0
-70.0
-70.0
-70.0
-70.0
-70.0
-70.0
-70.0
-69.5090915282
-68.5409100609
-67.3186375118
-66.804652732
-65.9127734397
-64.8238867496
-62.8330918439
-61.1875118391
-59.8039134415
-59.4436239549
-58.8893294645
-58.2371084547
-57.5478722337
-56.8594014266
-56.1943388949
-55.5654900793
-54.1593311206
-65.8536580408
-70.0
-70.0
-70.0
-70.0
-70.0
-70.0
-70.0
-70.0
-70.0
-70.0
-70.0
-69.8559771992
-69.0843642787
-67.9619177171
-66.6663858563
-65.3101872112
-63.9627951172
-62.6656000235
-61.4417629665
-60.3027353001
-59.2525608569
-58.2907041624
-57.413900007
-56.6173541802
-55.8955148781
-55.2425608009
-54.6527029945
-54.1203648776
0
-70.0
-70.0
-70.0
-70.0
-70.0
-70.0
-70.0
-70.0
-70.0
-70.0
-70.0
-70.0
-70.0
-70.0
-70.0
-68.6257424823
-67.1569965556
-65.680515781
-63.4286101236
-61.6065130583
-60.1030377173
-58.8408512554
-57.765511003
-56.8381231516
-56.0304196689
-55.3214502571
-54.6953536014
-54.1398504879
0
-70.0
-70.0
-70.0
-70.0
-70.0
-70.0
-70.0
-70.0
-70.0
-70.0
-70.0
-70.0
-70.0
-70.0
-69.3623299715
-68.3109836221
-67.0464763583
-65.6962227881
-64.3395298864
-63.0241964825
-61.7775232241
-61.4336018282
-60.8227955964
-60.0722186708
-59.2627985597
-58.4450532078
-57.6495708897
-56.0739624691
-54.0827986679
0
-70.0
-70.0
-70.0
-70.0
-70.0
-70.0
-70.0
-70.0
-70.0
-70.0
-70.0
-70.0
-70.0
-70.0
-69.6571730253
-68.7729044063
-67.5932464213
-66.2756767497
-64.919279055
-63.584797803
-62.3079491251
-61.1082416142
-59.9948090538
-58.9702558824
-58.8531821169
-58.4644984537
-58.7458049739
-58.5997287203
-58.2020920108
-57.6667735847
-57.0666900762
-57.2677503019
-67.2827550215
-70.0
-70.0
-70.0
-70.0
-70.0
-70.0
-70.0
-70.0
-70.0
-70.0
-69.7475963028
-68.9145675411
-67.760931366
-66.4533852821
-64.2770781224
-62.4720578891
