-70.0
-70.0
-70.0
-63.0
-59.0333333333
-57.0188888889
-56.2429259259
-57.441917284
-66.871164856
-70.0
-70.0
-70.0
-70.0
-70.0
-70.0
-70.0
-70.0
-63.5398396586
-59.8790821318
-58.0199915446
-60.160945559
-64.1803272168
-70.0
-68.3423604316
-67.7687998613
-63.6101479682
-58.9946185668
-56.5921469737
-55.597592452
-55.4809399906
-55.8949171808
-56.6134729222
-57.6408239363
-64.374350302
-70.0
-70.0
-70.0
-70.0
-70.0
-70.0
-64.3940203709
-61.217298581
-59.6040222211
-58.9825889978
-58.9769760972
-62.4984783035
-69.2095673546
-70.0
-67.6713157236
-66.5957742633
-66.0639235784
-65.8760157148
-65.9007371395
-66.0522120896
-66.2746899901
-66.5323537307
-68.4557018481
-70.0
-70.0
-70.0
-70.0
-70.0
-70.0
-70.0
-70.0
-70.0
-70.0
-70.0
-70.0
-70.0
-70.0
-70.0
-70.0
-70.0
-70.0
-70.0
-70.0
-70.0
-70.0
-70.0
-70.0
-70.0
-70.0
-70.0
-70.0
-70.0
-70.0
-70.0
-70.0
-70.0
-70.0
-70.0
-70.0
-70.0
-70.0
-70.0
-70.0
-70.0
-70.0
-70.0
-70.0
-64.134342733
-60.8104702817
-59.1224644682
0
-70.0
-70.0
-70.0
-70.0
-70.0
-70.0
-70.0
-70.0
-70.0
-70.0
-70.0
-70.0
-70.0
-70.0
-70.0
-70.0
-70.0
-70.0
-70.0
-70.0
-70.0
-70.0
-70.0
-70.0
-70.0
-70.0
-70.0
-70.0
-70.0
-70.0
-70.0
-70.0
-70.0
-70.0
-70.0
-70.0
-70.0
-70.0
-70.0
-70.0
-70.0
-70.0
-70.0
-70.0
-70.0
-70.0
-70.0
-70.0
-70.0
-70.0
-70.0
-70.0
-70.0
-70.0
-70.0
-70.0
-69.2988873768
-69.0239142977
-68.8914666403
-68.8489491578
-68.8618070298
-68.9074615186
-68.9712721613
-69.0438494749
-69.1192675472
-69.7971026339
-70.0
-70.0
-70.0
-70.0
-70.0
-67.5156638416
-66.1078733519
-65.392936613
-65.1175433492
-65.1150559459
-65.2763949725
-59.1451923557
-55.8282977071
-54.4612970342
-55.2186599034
-62.3032273462
-70.0
-70.0
-70.0
-70.0
-66.0872408474
-63.870010661
-62.7440055271
-62.3102689292
-62.3063513395
-62.560455741
-62.9609031905
-66.7522561805
-70.0
-70.0
-70.0
-70.0
-70.0
-70.0
-70.0
-70.0
-70.0
-70.0
-70.0
-70.0
-70.0
-70.0
-70.0
-70.0
-70.0
-70.0
-70.0
-70.0
-70.0
-70.0
-70.0
-70.0
-70.0
-70.0
-70.0
-70.0
-70.0
-70.0
-70.0
-70.0
-70.0
-63.8746629558
-60.4036386307
-58.6409027479
-57.9618977934
-57.9557648942
-60.328279575
-66.9024850103
-70.0
-70.0
-70.0
-70.0
-64.2537295761
-60.9975096693
-59.3438607362
-58.7068760185
-59.0063455883
-61.5283146716
-65.2839091389
-70.0
-70.0
-70.0
-70.0
-65.6367950837
-63.1643122977
-61.9086788829
-61.4250095379
-61.4206409464
-61.7039984265
-62.3027827342
-64.1214983324
-69.3316408237
-70.0
-70.0
-70.0
-70.0
-70.0
-64.2096410637
-60.9284376664
-59.2621010392
-58.6202290282
-58.6144315207
-62.4865637592
-70.0
-70.0
-70.0
-70.0
-70.0
-70.0
-70.0
-70.0
-70.0
-70.0
-70.0
-70.0
-64.8389968262
-66.4860267584
-70.0
-70.0
-70.0
-70.0
-70.0
-70.0
-70.0
-70.0
-70.0
-70.0
-70.0
-70.0
-70.0
-70.0
-70.0
-70.0
-70.0
-70.0
-70.0
-70.0
-70.0
-70.0
-70.0
-70.0
-70.0
-70.0
-70.0
-70.0
-70.0
-70.0
-70.0
-70.0
-70.0
-70.0
-70.0
-70.0
-70.0
-70.0
-70.0
-70.0
-70.0
-70.0
-67.2845873932
-65.7458535826
-64.9644181769
-64.6634096609
-64.6606908959
-64.8370366071
-58.7294832799
-55.4406351743
0
-70.0
-70.0
-70.0
-70.0
-70.0
-68.7741689484
-68.0795313525
-67.7267644166
-67.5908787744
-67.58965143
-67.6692599757
-67.7947164372
-67.9434997663
-70.0
-70.0
-70.0
-70.0
-70.0
-70.0
-65.5737086717
-63.065476919
-61.7916886367
-61.3010260462
-61.2965942903
-61.5840487604
-62.0370531505
-63.3357551759
-70.0
-70.0
-70.0
-70.0
-70.0
-65.750006254
-61.0083431313
-58.4630671533
-57.3204659947
-57.057556433
-57.3312254816
-58.2282010391
-63.1117657041
-70.0
-70.0
-70.0
-70.0
-70.0
-64.745693002
-61.7682523699
-60.2561795782
-59.6737299173
-54.3571393857
0
-70.0
-70.0
-70.0
-70.0
-70.0
-70.0
-70.0
-70.0
-70.0
-70.0
-70.0
-70.0
-70.0
-70.0
-70.0
-70.0
-70.0
-70.0
-70.0
-65.5136960305
-62.9714571144
-61.6803985277
-61.1830834247
-61.1785915821
-61.4699434237
-61.929089748
-62.4736078842
-65.1884213505
-70.0
-70.0
-70.0
-70.0
-70.0
-70.0
-70.0
-70.0
-70.0
-70.0
-70.0
-70.0
-70.0
-70.0
-70.0
-70.0
-70.0
-70.0
-70.0
-64.486242223
-61.3617794826
-59.7750425223
-59.1638322621
-59.1583116972
-60.4377170207
-65.4995604344
-70.0
-70.0
-70.0
-70.0
-70.0
-70.0
-70.0
-70.0
-70.0
-63.5185179309
-59.8456780918
-57.9804515852
-58.6381438274
-63.5601264161
-69.976221357
-70.0
-70.0
-70.0
-70.0
-70.0
-70.0
-70.0
-70.0
-70.0
-70.0
-70.0
-70.0
-70.0
-70.0
-70.0
-70.0
-70.0
-70.0
-70.0
-70.0
-70.0
-70.0
-64.1213972864
-64.3273689915
-70.0
-70.0
-70.0
-70.0
-70.0
-70.0
-70.0
-70.0
-70.0
-70.0
-70.0
-64.7078406955
-70.0
-70.0
-70.0
-70.0
-70.0
-70.0
-70.0
-70.0
-70.0
-70.0
-70.0
-70.0
-70.0
-70.0
-70.0
-70.0
-70.0
-70.0
-70.0
-70.0
-70.0
-70.0
-63.3174787523
-59.6874667119
-58.9298103775
-63.1849864712
-69.9969115733
-70.0
-70.0
-70.0
-70.0
-64.4338928052
-61.2797653948
-59.6779634355
-59.0609501453
-59.0553771664
-60.3435454161
-63.6019047497
-69.6215609502
-70.0
-70.0
-70.0
-70.0
-70.0
-63.7151056368
-60.1536654976
-58.8107307822
-58.8424283648
-61.5565374228
-66.2630071482
-70.0
-68.0107183429
-66.8834587372
-66.3109876825
-66.090472127
-66.0884803894
-66.2176693339
-66.4212603894
-66.6627063431
-66.9188170372
-67.3284987674
-69.9927238614
-70.0
-70.0
-70.0
-70.0
-70.0
-65.4138622458
-60.4817175184
-57.8397067647
0
-70.0
-70.0
-70.0
-70.0
-70.0
-70.0
-70.0
-70.0
-70.0
-70.0
-70.0
-70.0
-70.0
-70.0
-70.0
-70.0
-70.0
-68.7976312419
-68.7541018388
-68.7695141356
-68.8197777092
-68.8892765963
-68.9680000421
-69.0496341082
-69.7489979106
-70.0
-70.0
-70.0
-70.0
-70.0
-66.6473787954
-64.7475601128
-63.7827502328
-63.4111059637
-63.4077492034
-63.6254768405
-64.1176176469
-64.9277308197
-66.8162028748
-70.0
-70.0
-70.0
-70.0
-70.0
-70.0
-70.0
-70.0
-70.0
-70.0
-63.5510347382
-59.8966210899
-58.0407521979
0
-70.0
-70.0
-70.0
-70.0
-70.0
-70.0
-70.0
-70.0
-70.0
-70.0
-70.0
-70.0
-70.0
-70.0
-70.0
-70.0
-70.0
-70.0
-70.0
-70.0
-70.0
-70.0
-70.0
-70.0
-70.0
-70.0
-70.0
-70.0
-70.0
-70.0
-70.0
-70.0
-70.0
-70.0
-70.0
-70.0
-70.0
-70.0
-70.0
-70.0
-70.0
-70.0
-70.0
-70.0
-70.0
-70.0
-70.0
-70.0
-70.0
-70.0
-70.0
-70.0
-70.0
-70.0
-70.0
-70.0
-70.0
-63.8203722391
-60.3185831746
-58.5402236301
-57.8552004491
-58.1607380594
-61.701463419
-68.941077122
-70.0
-70.0
-70.0
-70.0
-65.3698186144
-62.7460491626
-61.4135858527
-60.9003216717
-60.8956857741
-61.1963813763
-61.8232526913
-63.5608511686
-69.1141212003
-70.0
-70.0
-70.0
-65.8844609792
-63.5523222008
-62.3679615271
-61.9117464052
-56.2903418347
0
-70.0
-70.0
-70.0
-70.0
-70.0
-70.0
-70.0
-65.8135999425
-63.4413065766
-62.2365536711
-61.7724834722
-56.1510079531
0
-70.0
-70.0
-70.0
-70.0
-70.0
-70.0
-70.0
-70.0
-70.0
-70.0
-70.0
-70.0
-70.0
-70.0
-69.5500860082
-70.0
-70.0
-70.0
-70.0
-70.0
-70.0
-70.0
-70.0
-70.0
-70.0
-70.0
-70.0
-70.0
-70.0
-70.0
-70.0
-70.0
-65.8823627499
-63.5490349748
-62.3640704772
-61.9076227628
-61.9035000421
-62.1709097415
-62.5923252365
-63.7232580414
-66.9865452987
-70.0
-70.0
-70.0
-70.0
-70.0
-70.0
-70.0
-70.0
-70.0
-63.2283054035
-60.3302410242
-60.6641384329
-63.8764717676
-61.244935116
-60.1153486211
-59.7670851035
-59.8992241561
-60.3152001158
-61.0488623544
-62.2561092268
-66.0753981503
-70.0
-70.0
-66.4653308505
-64.4623516658
-63.4451524328
-63.0533278119
-63.049788779
-63.2793390666
-63.6410912703
-64.0701062168
-64.8406074502
-68.4860849432
-70.0
-70.0
-70.0
-70.0
-70.0
-70.0
-70.0
-70.0
-70.0
-70.0
-65.823098669
-69.0723399645
-70.0
-70.0
-70.0
-70.0
-70.0
-70.0
-70.0
-70.0
-70.0
-70.0
-70.0
-70.0
-70.0
-70.0
-70.0
-70.0
-70.0
-70.0
-70.0
-70.0
-70.0
-70.0
-70.0
-70.0
-70.0
-70.0
-70.0
-70.0
-70.0
-70.0
-68.1561463862
-67.111296005
-66.5806759094
-66.3762813218
-66.3744351918
-66.4941796741
-66.682887041
-60.3163755374
-56.8192561173
0
-70.0
-70.0
-70.0
-70.0
-70.0
-70.0
-70.0
-70.0
-70.0
-70.0
-70.0
-70.0
-70.0
-70.0
-63.3340036022
-61.3061126964
-68.6623738551
-70.0
-70.0
-70.0
-70.0
-70.0
-70.0
-70.0
-70.0
-70.0
-70.0
-70.0
-70.0
-63.3356701382
-61.1593583202
-64.7883820695
-70.0
-70.0
-70.0
-70.0
-70.0
-70.0
-64.0056508557
-60.6088530073
-58.8838125313
-58.219327828
-58.2133260785
-60.5354095747
-70.0
-70.0
-70.0
-70.0
-70.0
-70.0
-65.0746014482
-62.2835422688
-60.8661220189
-60.3201324683
-54.6979170384
0
-70.0
-70.0
-70.0
-70.0
-70.0
-70.0
-70.0
-70.0
-70.0
-64.5182836339
-61.4119776931
-59.8344615389
-59.2268031283
-59.5467755201
-64.9118649687
-70.0
-70.0
-70.0
-70.0
-70.0
-70.0
-70.0
-64.5004338946
-61.3840131015
-59.8013601889
-59.1917231018
-59.1862167461
-60.178557369
-67.2109096392
-70.0
-70.0
-70.0
-70.0
-70.0
-65.1243079633
-62.3614158092
-60.9582999897
-55.4918945725
0
-70.0
-70.0
-70.0
-70.0
-70.0
-70.0
-70.0
-70.0
-67.6225151561
-66.2752737445
-61.7021975505
-59.2349452491
-58.1134290267
-57.8367383256
-58.0761659608
-58.6172836765
-59.6469793
-63.3402516237
-70.0
-70.0
-70.0
-70.0
-70.0
-70.0
-70.0
-70.0
-70.0
-70.0
-70.0
-70.0
-70.0
-70.0
-70.0
-70.0
-70.0
-70.0
-70.0
-70.0
-70.0
-70.0
-70.0
-70.0
-70.0
-70.0
-70.0
-70.0
-70.0
-70.0
-70.0
-70.0
-70.0
-70.0
-70.0
-70.0
-70.0
-70.0
-63.2426817096
-59.4135346783
-58.4493956751
-63.1367336138
-70.0
-70.0
-70.0
-70.0
-70.0
-70.0
-70.0
-70.0
-70.0
-70.0
-63.2856568719
-59.4808624327
-63.3812177221
-66.3895123378
-67.7761722125
-69.527823508
-70.0
-70.0
-70.0
-70.0
-70.0
-70.0
-70.0
-70.0
-70.0
-70.0
-70.0
-70.0
-70.0
-70.0
-70.0
-70.0
-70.0
-70.0
-70.0
-70.0
-70.0
-70.0
-70.0
-70.0
-70.0
-70.0
-70.0
-70.0
-70.0
-70.0
-70.0
-70.0
-70.0
-70.0
-70.0
-70.0
-70.0
-70.0
-70.0
-70.0
-70.0
-68.3831912902
-67.466999688
-67.0017180704
-66.8224918308
-66.8208730261
-66.9258726423
-67.091343324
-67.2875809556
-67.9813106374
-68.0068930768
-70.0
-70.0
-70.0
-70.0
-70.0
-70.0
-70.0
-70.0
-70.0
-70.0
-70.0
-70.0
-70.0
-70.0
-70.0
-67.5678178548
-66.7113776021
-66.3071341971
-66.1876836808
-66.2430905817
-66.4015650362
-66.616597541
-67.0196147976
-70.0
-70.0
-70.0
-70.0
-67.8315060967
-66.6026928848
-65.9786485281
-65.7382669632
-65.7360957922
-65.8769232298
-66.0988555847
-66.3620531448
-67.7776531379
-70.0
-70.0
-70.0
-70.0
-70.0
-70.0
-70.0
-70.0
-70.0
-70.0
-70.0
-70.0
-70.0
-70.0
-70.0
-70.0
-70.0
-70.0
-70.0
-70.0
-70.0
-64.2790369592
-61.0371579027
-59.3907918721
-58.7566125246
-58.7508844987
-61.0773446895
-69.9554568394
-70.0
-70.0
-70.0
-70.0
-70.0
-70.0
-70.0
-70.0
-70.0
-70.0
-70.0
-70.0
-70.0
-70.0
-70.0
-70.0
-70.0
-70.0
-64.6751302505
-61.6577040591
-60.1253248756
-54.6091272771
0
-70.0
-70.0
-70.0
-70.0
-70.0
-70.0
-70.0
-70.0
-70.0
-70.0
-70.0
-70.0
-63.7469732027
-60.2035913509
-58.8938229608
-60.4354223678
-65.2848572737
-70.0
-70.0
-70.0
-70.0
-64.9653305435
-62.1123511849
-60.6634851969
-60.1053827642
-60.1003418791
-60.427305952
-61.7557486034
-66.5922358704
-70.0
-70.0
-70.0
-70.0
-70.0
-70.0
-70.0
-70.0
-70.0
-70.0
-70.0
-70.0
-70.0
-70.0
-70.0
-70.0
-70.0
-70.0
-70.0
-70.0
-70.0
-70.0
-70.0
-70.0
-70.0
-70.0
-70.0
-70.0
-64.2201700123
-60.9449330192
-59.2816263894
-54.0471718478
0
-70.0
-70.0
-70.0
-70.0
-70.0
-70.0
-70.0
-65.6388444636
-63.167522993
-61.9124793442
-61.4290371768
-61.4246706371
-61.7078950254
-63.9640998071
-70.0
-70.0
-70.0
-70.0
-70.0
-70.0
-70.0
-70.0
-63.9021853927
-60.4467571152
-58.6919415782
-58.0159875368
-58.5066977664
-60.6786828044
-64.7611674824
-69.6751248067
-70.0
-70.0
-70.0
-70.0
-64.1280771522
-60.8006542051
-59.2765950418
-59.3780026958
-61.6191264857
-65.2470125656
-69.7297652573
-70.0
-70.0
-70.0
-70.0
-70.0
-70.0
-70.0
-70.0
-70.0
-70.0
-70.0
-70.0
-68.0820729135
-67.7056566499
-67.8378158676
-67.9891842026
-68.1470323969
-62.2253175998
-58.9314448015
-57.3240729625
-56.7821807604
-56.8976394138
-58.2339801808
-61.7611276123
-66.1226103177
-70.0
-70.0
-70.0
-70.0
-70.0
-70.0
-70.0
-70.0
-70.0
-70.0
-70.0
-70.0
-70.0
-70.0
-70.0
-70.0
-70.0
-70.0
-70.0
-70.0
-70.0
-70.0
-70.0
-70.0
-70.0
-70.0
-70.0
-70.0
-70.0
-70.0
-70.0
-70.0
-70.0
-70.0
-70.0
-70.0
-65.8399110208
-63.4825272659
-62.2853461041
-61.8241925369
-61.820027312
-62.0901939334
-62.8413976426
-65.0258348944
-70.0
-70.0
-70.0
-70.0
-70.0
-70.0
-70.0
-70.0
-70.0
-70.0
-70.0
-70.0
-70.0
-70.0
-70.0
-70.0
-67.0867728331
-63.1026107718
-60.9420265093
-59.9476084016
-54.7601113309
0
-70.0
-70.0
-70.0
-70.0
-70.0
-70.0
-70.0
-70.0
-70.0
-70.0
-70.0
-70.0
-70.0
-70.0
-70.0
-70.0
-70.0
-70.0
-70.0
-70.0
-70.0
-70.0
-66.0592136168
-63.826101333
-62.6920305849
-62.2551871166
-62.251241465
-62.5071660253
-62.9104818939
-66.3493181539
-66.906785815
-70.0
-70.0
-70.0
-70.0
-70.0
-70.0
-70.0
-70.0
-70.0
-70.0
-70.0
-70.0
-70.0
-70.0
-70.0
-70.0
-70.0
-70.0
-70.0
-70.0
-70.0
-70.0
-70.0
-70.0
-70.0
-70.0
-70.0
-70.0
-70.0
-70.0
-70.0
-70.0
-70.0
-70.0
-70.0
-70.0
-70.0
-70.0
-70.0
-70.0
-70.0
-70.0
-70.0
-70.0
-70.0
-70.0
-70.0
-70.0
-70.0
-70.0
-63.6828262882
-62.7675028036
-66.6172551296
-70.0
-70.0
-70.0
-65.1971631913
-62.4755556663
-61.0934059625
-60.5610026081
-60.7198432855
-61.7881792439
-67.5056686853
-70.0
-70.0
-70.0
-70.0
-70.0
-70.0
-70.0
-70.0
-70.0
-63.354178216
-59.5882125383
-62.4977848105
-70.0
-70.0
-70.0
-70.0
-70.0
-70.0
-70.0
-70.0
-70.0
-70.0
-70.0
-70.0
-70.0
-70.0
-70.0
-70.0
-70.0
-70.0
-70.0
-66.0033421929
-63.7385694356
-62.5884201334
-62.1453832142
-62.1413816223
-62.400934613
-62.809968587
-63.2950566852
-65.4552439992
-70.0
-70.0
-70.0
-70.0
-70.0
-70.0
-70.0
-70.0
-70.0
-70.0
-63.3994487396
-59.8259441074
-59.0338877561
-68.4130102692
-70.0
-70.0
-70.0
-70.0
-66.0697828791
-63.8426598439
-62.7116306946
-62.2759588486
-62.2720237793
-62.5272619452
-62.9294961131
-63.4065200768
-62.1871901073
-69.9136539639
-70.0
-70.0
-70.0
-70.0
-70.0
-70.0
-70.0
-70.0
-70.0
-70.0
-70.0
-70.0
-70.0
-70.0
-68.9755529546
-66.6811450411
-65.4151287916
-64.8083480822
-64.6173347205
-64.6821488794
-58.8201097784
-55.6755493252
-54.2662947424
0
-70.0
-70.0
-70.0
-70.0
-70.0
-70.0
-70.0
-70.0
-70.0
-70.0
-63.9595790607
-60.5366738617
-58.7983749469
-58.1287830998
-59.2958611754
-65.8875550252
-70.0
-70.0
-70.0
-70.0
-70.0
-70.0
-70.0
-70.0
-70.0
-70.0
-70.0
-70.0
-70.0
-70.0
-70.0
-70.0
-70.0
-70.0
-70.0
-70.0
-70.0
-70.0
-70.0
-70.0
-70.0
-70.0
-70.0
-70.0
-70.0
-70.0
-70.0
-70.0
-70.0
-70.0
-70.0
-70.0
-70.0
-70.0
-70.0
-70.0
-70.0
-70.0
-70.0
-70.0
-70.0
-70.0
-70.0
-70.0
-70.0
-70.0
-63.4620520804
-59.757214926
-54.1495999136
-55.1982244286
-63.5548552661
-70.0
-70.0
-70.0
-70.0
-70.0
-70.0
-70.0
-70.0
-70.0
-63.3454193409
-59.5744903008
-57.9901868277
-55.0366352303
-60.5331785471
-69.7023449432
-70.0
-70.0
-70.0
-70.0
-70.0
-70.0
-70.0
-70.0
-70.0
-70.0
-70.0
-70.0
-70.0
-70.0
-70.0
-70.0
-70.0
-70.0
-70.0
-70.0
-70.0
-70.0
-70.0
-70.0
-70.0
-70.0
-70.0
-70.0
-70.0
-70.0
-70.0
-70.0
-70.0
-70.0
-70.0
-70.0
-70.0
-70.0
-64.2134231583
-63.9986673011
-67.9777475048
-70.0
-70.0
-70.0
-70.0
-70.0
-70.0
-70.0
-70.0
-70.0
-70.0
-70.0
-70.0
-70.0
-70.0
-70.0
-70.0
-70.0
-70.0
-70.0
-70.0
-70.0
-70.0
-70.0
-70.0
-70.0
-70.0
-70.0
-70.0
-70.0
-70.0
-70.0
-65.715316249
-63.2873287901
-62.0542920218
-61.5793268934
-61.5750369199
-61.8532950385
-62.7999929643
-64.6130719488
-70.0
-70.0
-70.0
-70.0
-70.0
-70.0
-70.0
-70.0
-70.0
-70.0
-70.0
-70.0
-70.0
-70.0
-70.0
-70.0
-70.0
-70.0
-70.0
-70.0
-70.0
-70.0
-70.0
-70.0
-70.0
-70.0
-70.0
-70.0
-70.0
-69.3946578178
-69.0516305813
-68.8774265533
-68.8103232514
-68.8097171619
-68.8490296028
-68.9109827472
-68.984455209
-69.0623901791
-69.4668599551
-70.0
-70.0
-70.0
-70.0
-70.0
-70.0
-70.0
-70.0
-70.0
-70.0
-63.4876646352
-59.7973412618
-58.2509207257
-58.7349329004
-62.9623431771
-69.1489294858
-70.0
-70.0
-70.0
-70.0
-70.0
-63.8404122354
-60.3499791687
-58.5773866898
-57.8945849794
-58.2251614311
-55.3084376153
-58.5018920465
-64.284747092
-68.5221629873
-70.0
-70.0
-70.0
-70.0
-70.0
-70.0
-70.0
-70.0
-70.0
-70.0
-70.0
-68.9222548861
-68.6506891892
-68.532726798
-68.5108584701
-68.5473755243
-68.6177065727
-68.7059816493
-68.8020806403
-68.8996706802
-69.1570409957
-70.0
-70.0
-70.0
-70.0
-70.0
-70.0
-70.0
-70.0
-70.0
-70.0
-70.0
-63.2194252782
-57.0437662691
-54.1100641423
-56.6459472808
-62.3771208542
-68.5712601797
-70.0
-70.0
-70.0
-70.0
-63.9649471532
-60.5450838733
-58.8083297763
-58.1393329922
-59.3400299312
-62.8005491463
-70.0
-70.0
-70.0
-70.0
-70.0
-65.9961207023
-63.7272557669
-62.5750282801
-62.1311908454
-62.127182023
-62.3872039955
-62.7969770458
-56.6926352854
-56.5253578461
-58.8440433217
-62.3106219644
-61.2745793991
-61.352903065
-61.6881338291
-62.1663344933
-62.7143770753
-57.2078674216
-54.3303660487
0
-70.0
-70.0
-70.0
-70.0
-70.0
-70.0
-70.0
-70.0
-70.0
-65.4785983143
-62.9164706924
-61.6153117628
-61.114106013
-61.1095790293
-61.4032102048
-62.2009682706
-70.0
-70.0
-70.0
-70.0
-70.0
-70.0
-70.0
-70.0
-64.4891506892
-61.3663360798
-59.7804361114
-59.1695482601
-59.1640306072
-59.8632320357
-64.2152765712
-70.0
-70.0
-70.0
-70.0
-70.0
-70.0
-70.0
-70.0
-70.0
-70.0
-70.0
-70.0
-70.0
-70.0
-70.0
-70.0
-70.0
-70.0
-70.0
-70.0
-70.0
-70.0
-70.0
-70.0
-70.0
-70.0
-70.0
-70.0
-70.0
-70.0
-70.0
-70.0
-70.0
-64.4099758069
-61.2422954309
-59.6336106909
-59.0139461572
-59.1800924597
-65.490964501
-70.0
-70.0
-70.0
-70.0
-67.7390806246
-66.4578929786
-65.807250625
-65.5566235253
-65.5543598147
-65.7011895945
-65.9325811426
-66.2069967
-67.6896538812
-70.0
-70.0
-70.0
-70.0
-70.0
-66.9592829171
-65.2362099034
-64.3611590984
-64.0240899788
-64.0210455078
-64.2185173082
-64.5297164782
-64.8987787642
-65.4536628893
-70.0
-70.0
-70.0
-70.0
-70.0
-70.0
-70.0
-70.0
-70.0
-70.0
-70.0
-70.0
-70.0
-70.0
-70.0
-70.0
-70.0
-70.0
-70.0
-70.0
-70.0
-70.0
-64.7947002791
-61.8450304372
-60.3470608509
-59.7700437374
-59.7648320113
-60.102877242
-62.3425030857
-70.0
-70.0
-70.0
-70.0
-68.9190516325
-68.3065142242
-67.9954413051
-67.8756161768
-67.8745338939
-67.9447333944
-68.0553619815
-68.1865604011
-68.3257274395
-68.9691248371
-70.0
-70.0
-70.0
-70.0
-70.0
-70.0
-70.0
-70.0
-70.0
-70.0
-70.0
-64.2301115152
-64.4061865363
-65.8689570458
-68.765185516
-66.7783886364
-65.6936975541
-65.1864263196
-65.0425160349
-65.1214193296
-65.3313806621
-65.6129781062
-65.9281706358
-69.4980713783
-70.0
-70.0
-70.0
-70.0
-70.0
-70.0
-70.0
-70.0
-70.0
-63.3303469939
-59.5508769571
-57.6314990364
-60.8815650135
-70.0
-70.0
-70.0
-70.0
-70.0
-70.0
-70.0
-70.0
-70.0
-70.0
-70.0
-70.0
-70.0
-70.0
-70.0
-70.0
-70.0
-70.0
-70.0
-70.0
-70.0
-70.0
-70.0
-70.0
-70.0
-70.0
-70.0
-67.3708959372
-69.4221027352
-70.0
-67.356392296
-65.8583479304
-65.09757638
-64.8045275705
-59.1845967484
-56.1731516969
-54.8271796095
-54.5253570367
-55.2030496004
-57.9902093073
-63.7316119
-68.7678017601
-70.0
-70.0
-70.0
-70.0
-70.0
-70.0
-70.0
-70.0
-70.0
-67.65178418
-70.0
-70.0
-70.0
-70.0
-70.0
-70.0
-70.0
-70.0
-70.0
-70.0
-70.0
-70.0
-70.0
-70.0
-70.0
-70.0
-70.0
-70.0
-70.0
-70.0
-70.0
-70.0
-70.0
-70.0
-70.0
-70.0
-70.0
-70.0
-70.0
-70.0
-70.0
-70.0
-70.0
-70.0
-70.0
-64.6439400329
-61.6088393848
-60.0674843498
-59.4737551838
-59.4683925114
-59.816228491
-60.364389129
-57.5375648461
-60.753706641
-64.8764277578
-68.0353452919
-70.0
-70.0
-64.5256282948
-61.4234843286
-59.8480818045
-59.2412375633
-59.2357564331
-59.7632729272
-62.8176817548
-70.0
-70.0
-70.0
-70.0
-70.0
-70.0
-70.0
-70.0
-70.0
-70.0
-63.4708079305
-59.7709324244
-57.8919760399
-60.7936103518
-70.0
-70.0
-70.0
-70.0
-70.0
-70.0
-70.0
-70.0
-70.0
-70.0
-70.0
-70.0
-70.0
-70.0
-70.0
-70.0
-70.0
-70.0
-70.0
-70.0
-64.5035546843
-61.3889023388
-59.8071475202
-59.1978563783
-59.1923531473
-59.5493061037
-67.5556200699
-70.0
-70.0
-70.0
-69.1313239971
-68.6390742621
-68.3890886124
-68.2927942688
-68.2919245204
-62.2701492202
-56.5814123995
0
-70.0
-70.0
-70.0
-70.0
-70.0
-70.0
-70.0
-70.0
-70.0
-70.0
-70.0
-70.0
-70.0
-70.0
-70.0
-70.0
-70.0
-70.0
-70.0
-70.0
-70.0
-70.0
-70.0
-70.0
-70.0
-70.0
-70.0
-63.1890547972
-59.8584072364
-65.150186312
-70.0
-70.0
-70.0
-70.0
-70.0
-70.0
-70.0
-70.0
-70.0
-70.0
-63.3726903478
-59.6172148782
-60.8609722375
-68.37171708
-70.0
-70.0
-70.0
-70.0
-70.0
-70.0
-70.0
-70.0
-70.0
-70.0
-70.0
-70.0
-70.0
-70.0
-70.0
-70.0
-70.0
-70.0
-70.0
-70.0
-70.0
-70.0
-70.0
-70.0
-63.4584818933
-59.7516216328
-57.8691180887
-58.5350927835
-63.6932980106
-69.8149779195
-70.0
-70.0
-70.0
-70.0
-70.0
-70.0
-70.0
-70.0
-70.0
-70.0
-70.0
-70.0
-70.0
-70.0
-68.083459774
-66.9974203127
-66.4458826254
-66.2334305922
-66.2315116859
-66.3559766192
-66.5521230253
-66.7847401014
-67.031485677
-60.996641572
-64.3865153933
-70.0
-70.0
-70.0
-70.0
-70.0
-70.0
-70.0
-70.0
-70.0
-70.0
-70.0
-70.0
-70.0
-70.0
-70.0
-70.0
-70.0
-70.0
-70.0
-70.0
-70.0
-70.0
-63.4199565318
-59.6912652332
-56.1886750953
-60.3136408944
-66.4981113826
-67.7481208944
-69.1072983781
-70.0
-70.0
-70.0
-64.2002528016
-60.9137293892
-55.3558021399
0
-70.0
-70.0
-70.0
-70.0
-70.0
-70.0
-69.8876795798
-69.8240313417
-69.7917080208
-69.7792570943
-69.7791446352
-69.7864390052
-69.7979343271
-69.8115670426
-70.0
-70.0
-70.0
-70.0
-70.0
-70.0
-70.0
-70.0
-70.0
-70.0
-70.0
-70.0
-70.0
-70.0
-70.0
-70.0
-70.0
-70.0
-70.0
-70.0
-70.0
-70.0
-70.0
-70.0
-70.0
-63.5763339725
-59.9362565569
-54.1987793334
0
-70.0
-70.0
-70.0
-70.0
-70.0
-70.0
-70.0
-70.0
-70.0
-70.0
-70.0
-70.0
-63.5841412796
-59.9484880047
-59.522067446
-62.803517859
-68.0294115791
-66.9900623768
-67.6409324187
-68.1100900299
-68.6083717191
-68.9537283419
-69.1958180376
-69.3678779204
-69.4921845861
-69.9382276158
-70.0
-67.5242480093
-67.900478395
-68.5145049258
-69.2580648115
-69.7289319159
-70.0
-70.0
-70.0
-70.0
-70.0
-70.0
-70.0
-70.0
-70.0
-70.0
-66.1412825974
-63.9546760693
-62.8442229501
-62.4164769802
-62.412613499
-62.6632082936
-63.2411244697
-69.4874663385
-70.0
-70.0
-70.0
-70.0
-70.0
-70.0
-70.0
-70.0
-70.0
-70.0
-70.0
-70.0
-70.0
-70.0
-70.0
-70.0
-70.0
-70.0
-70.0
-70.0
-70.0
-64.0670574836
-60.7050567243
-58.9976877112
-58.3400100464
-58.3340697792
-61.9594266589
-68.85232419
-70.0
-70.0
-70.0
-70.0
-70.0
-70.0
-70.0
-70.0
-70.0
-70.0
-70.0
-70.0
-70.0
-70.0
-70.0
-70.0
-70.0
-70.0
-70.0
-70.0
-70.0
-70.0
-70.0
-70.0
-70.0
-70.0
-70.0
-70.0
-70.0
-70.0
-70.0
-70.0
-70.0
-70.0
-70.0
-70.0
-70.0
-70.0
-70.0
-70.0
-63.328319542
-59.5477006157
-54.1025962227
-54.9845305689
-60.1284954325
-67.5411764766
-70.0
-70.0
-70.0
-65.3174684325
-62.6640338775
-61.3165053486
-60.797438053
-60.7927497406
-61.0968450951
-62.1229092106
-66.9383616405
-70.0
-70.0
-70.0
-70.0
-70.0
-65.3759130604
-62.755597128
-61.4248876643
-60.9122990639
-55.2903853176
0
-70.0
-70.0
-70.0
-70.0
-70.0
-70.0
-70.0
-70.0
-70.0
-70.0
-70.0
-70.0
-63.6287648
-60.0183981866
-58.184898279
-60.0185839304
-70.0
-70.0
-70.0
-70.0
-70.0
-70.0
-70.0
-70.0
-70.0
-70.0
-70.0
-70.0
-70.0
-70.0
-70.0
-70.0
-70.0
-70.0
-70.0
-70.0
-70.0
-70.0
-70.0
-70.0
-70.0
-70.0
-70.0
-70.0
-70.0
-70.0
-70.0
-70.0
-70.0
-70.0
-70.0
-70.0
-70.0
-70.0
-70.0
-70.0
-70.0
-70.0
-70.0
-70.0
-70.0
-70.0
-70.0
-70.0
-70.0
-70.0
-70.0
-70.0
-70.0
-70.0
-68.8934275206
-68.7602382142
-68.7216500233
-68.7411087746
-68.7947470663
-69.206829076
-69.6581871308
-64.4454841175
-63.1603158367
-62.9711802031
-63.619306118
-64.220871463
-65.3183393519
-67.5795661797
-70.0
-70.0
-70.0
-70.0
-70.0
-64.659472098
-61.6331729536
-60.0962877018
-59.504280294
-59.4989331728
-60.5727032004
-63.3246480242
-70.0
-70.0
-70.0
-70.0
-70.0
-70.0
-70.0
-70.0
-70.0
-70.0
-70.0
-70.0
-70.0
-64.7355676199
-65.5214195626
-70.0
-70.0
-70.0
-70.0
-70.0
-70.0
-70.0
-70.0
-70.0
-63.4107136448
-59.6767847102
-57.7805345258
-58.8920342174
-67.2869370671
-70.0
-70.0
-70.0
-70.0
-70.0
-70.0
-70.0
-70.0
-70.0
-70.0
-70.0
-70.0
-70.0
-64.0512480094
-68.3074320723
-70.0
-70.0
-70.0
-70.0
-70.0
-70.0
-70.0
-70.0
-70.0
-70.0
-70.0
-70.0
-70.0
-70.0
-70.0
-70.0
-70.0
-66.8458404169
-65.0584833198
-64.1507862842
-63.8011418534
-63.7979837997
-64.0028228409
-64.3256321709
-58.1181570075
-56.3994373788
-60.7387438436
-67.9740019444
-70.0
-70.0
-66.2705439434
-64.1571855113
-63.083930935
-62.6705138247
-62.6667797644
-62.9089800027
-63.2906674789
-63.7433243821
-64.5827243526
-70.0
-70.0
-70.0
-70.0
-70.0
-70.0
-65.9361957967
-63.6333734149
-62.463900872
-62.0134206505
-62.0093518292
-62.2732654755
-62.6891714808
-63.363254704
-67.4490732869
-70.0
-70.0
-70.0
-70.0
-70.0
-70.0
-70.0
-70.0
-70.0
-70.0
-70.0
-70.0
-70.0
-70.0
-70.0
-70.0
-70.0
-70.0
-70.0
-70.0
-70.0
-70.0
-70.0
-70.0
-63.4911148486
-59.8027465961
-58.8476970471
-64.4783683342
-70.0
-70.0
-70.0
-70.0
-70.0
-70.0
-70.0
-70.0
-70.0
-70.0
-70.0
-70.0
-70.0
-70.0
-70.0
-70.0
-70.0
-70.0
-70.0
-70.0
-70.0
-70.0
-70.0
-70.0
-70.0
-70.0
-68.3258611907
-70.0
-70.0
-70.0
-70.0
-70.0
-70.0
-70.0
-70.0
-70.0
-70.0
-70.0
-63.1939088592
-61.7000828661
-64.547163753
-62.222439446
-61.0868568803
-56.9601213708
-54.918742686
0
-70.0
-70.0
-70.0
-70.0
-70.0
-70.0
-70.0
-70.0
-70.0
-70.0
-70.0
-70.0
-70.0
-70.0
-70.0
-70.0
-70.0
-70.0
-70.0
-70.0
-70.0
-70.0
-70.0
-70.0
-70.0
-70.0
-70.0
-70.0
-70.0
-70.0
-70.0
-70.0
-70.0
-70.0
-70.0
-70.0
-70.0
-70.0
-70.0
-70.0
-70.0
-70.0
-70.0
-70.0
-70.0
-70.0
-70.0
-70.0
-70.0
-70.0
-70.0
-70.0
-70.0
-70.0
-70.0
-70.0
-70.0
-70.0
-70.0
-66.0292476728
-63.7791546873
-62.6364604065
-62.1962951578
-62.1923195033
-62.4501901271
-62.8565728306
-64.9840676542
-66.0940853559
-70.0
-70.0
-70.0
-70.0
-70.0
-64.24086594
-60.9773566393
-59.3200058376
-58.681595162
-58.6758289179
-59.2358415398
-63.9233697432
-70.0
-70.0
-70.0
-70.0
-70.0
-70.0
-64.9488197968
-59.753151015
-56.9773113787
-55.7458972177
-55.4821854805
-55.8078855888
-56.4763761341
-59.0114754567
-61.8346455444
-70.0
-70.0
-70.0
-70.0
-70.0
-70.0
-70.0
-70.0
-70.0
-70.0
-70.0
-63.3031364725
-59.6932952829
-59.8786541085
-70.0
-70.0
-70.0
-70.0
-70.0
-70.0
-70.0
-70.0
-70.0
-70.0
-70.0
-70.0
-70.0
-70.0
-70.0
-70.0
-70.0
-70.0
-70.0
-70.0
-70.0
-70.0
-70.0
-70.0
-70.0
-70.0
-70.0
-70.0
-70.0
-70.0
-70.0
-65.9951266597
-63.7256984335
-62.5731848833
-62.1292372571
-56.5079434889
0
-70.0
-70.0
-70.0
-70.0
-70.0
-70.0
-70.0
-70.0
-70.0
-67.7293373253
-66.4426284762
-65.7891822176
-65.5374750552
-65.5352015892
-65.6826641233
-65.9150528397
-66.1906509748
-67.2261434107
-70.0
-70.0
-70.0
-70.0
-70.0
-70.0
-70.0
-70.0
-70.0
-70.0
-70.0
-70.0
-70.0
-70.0
-65.5443087009
-69.3378092963
-70.0
-70.0
-70.0
-70.0
-70.0
-70.0
-70.0
-70.0
-70.0
-70.0
-70.0
-70.0
-70.0
-70.0
-70.0
-70.0
-70.0
-70.0
-70.0
-70.0
-70.0
-63.7950401906
-60.2788962985
-58.4932467534
-58.5464371927
-61.5235336261
-70.0
-70.0
-70.0
-70.0
-70.0
-70.0
-70.0
-70.0
-70.0
-70.0
-70.0
-70.0
-70.0
-70.0
-70.0
-70.0
-70.0
-70.0
-70.0
-70.0
-70.0
-70.0
-70.0
-70.0
-70.0
-70.0
-70.0
-70.0
-70.0
-70.0
-70.0
-70.0
-70.0
-70.0
-70.0
-70.0
-70.0
-70.0
-70.0
-70.0
-70.0
-70.0
-70.0
-70.0
-70.0
-70.0
-70.0
-70.0
-70.0
-70.0
-70.0
-70.0
-70.0
-70.0
-70.0
-70.0
-70.0
-70.0
-70.0
-70.0
-70.0
-70.0
-70.0
-70.0
-70.0
-70.0
-70.0
-70.0
-70.0
-70.0
-70.0
-70.0
-70.0
-70.0
-70.0
-70.0
-70.0
-70.0
-70.0
-63.2018716196
-59.3495988706
-59.4487623629
-65.2559231809
-70.0
-70.0
-70.0
-70.0
-70.0
-70.0
-70.0
-70.0
-70.0
-70.0
-70.0
-70.0
-70.0
-70.0
-70.0
-70.0
-70.0
-70.0
-70.0
-70.0
-70.0
-70.0
-70.0
-69.4012549102
-70.0
-70.0
-70.0
-66.769327427
-64.9386129689
-64.0088971951
-63.6507711577
-63.6475364966
-63.8573444834
-64.1879844594
-64.5801022963
-67.6507689809
-70.0
-70.0
-70.0
-70.0
-70.0
-70.0
-70.0
-70.0
-70.0
-70.0
-70.0
-70.0
-70.0
-70.0
-70.0
-70.0
-70.0
-70.0
-70.0
-70.0
-70.0
-64.4602732036
-61.3210946857
-55.8379955299
0
-70.0
-70.0
-70.0
-70.0
-70.0
-70.0
-70.0
-70.0
-70.0
-70.0
-70.0
-70.0
-70.0
-70.0
-70.0
-70.0
-70.0
-70.0
-65.8758695938
-70.0
-70.0
-70.0
-70.0
-70.0
-70.0
-70.0
-64.3991967115
-61.2254081814
-59.6136214573
-58.9927620409
-58.987154323
-59.3508845482
-59.9240931984
-66.3700078526
-70.0
-70.0
-70.0
-70.0
-70.0
-70.0
-70.0
-70.0
-70.0
-70.0
-70.0
-70.0
-70.0
-70.0
-70.0
-70.0
-70.0
-70.0
-70.0
-66.6842602889
-64.8053411193
-63.8511449135
-63.4835890263
-63.4802691931
-63.6956016534
-64.0349477411
-64.437390469
-68.7660011745
-70.0
-70.0
-70.0
-70.0
-70.0
-65.9591291974
-63.6693024093
-62.5064295894
-62.0584915778
-62.0544457183
-62.316870012
-62.7304289211
-56.6305769468
0
-70.0
-70.0
-70.0
-70.0
-70.0
-70.0
-70.0
-70.0
-70.0
-70.0
-70.0
-70.0
-70.0
-63.425611972
-59.7001254228
0
-70.0
-70.0
-70.0
-70.0
-70.0
-70.0
-70.0
-70.0
-70.0
-70.0
-70.0
-70.0
-70.0
-70.0
-70.0
-70.0
-70.0
-70.0
-70.0
-70.0
-70.0
-65.8389542238
-63.4810282839
-62.2835717772
-61.8223121472
-56.2008620137
0
-70.0
-70.0
-70.0
-70.0
-70.0
-70.0
-70.0
-70.0
-70.0
-70.0
-64.2025411898
-60.9173145308
-59.2489347176
-58.6062756725
-59.1732488994
-60.4066358566
-70.0
-70.0
-70.0
-70.0
-70.0
-70.0
-70.0
-70.0
-70.0
-70.0
-70.0
-70.0
-70.0
-70.0
-70.0
-70.0
-70.0
-70.0
-70.0
-70.0
-70.0
-70.0
-64.8641632748
-61.9538557972
-60.4758761174
-59.9065591056
-59.9014169283
-54.1567617573
0
-70.0
-70.0
-70.0
-70.0
-70.0
-70.0
-70.0
-70.0
-70.0
-70.0
-70.0
-70.0
-70.0
-70.0
-70.0
-70.0
-70.0
-70.0
-70.0
-70.0
-70.0
-70.0
-70.0
-70.0
-70.0
-70.0
-70.0
-70.0
-70.0
-70.0
-70.0
-70.0
-70.0
-70.0
-69.2819212683
-66.5416766537
-65.0128073297
-64.2617254911
-64.0023522048
-64.0466498263
-64.2716734049
-64.5976317719
-64.9732857331
-65.7567375193
-69.4161300109
-70.0
-70.0
-70.0
-70.0
-70.0
-70.0
-70.0
-70.0
-70.0
-70.0
-70.0
-64.7715113732
-63.7396454875
-67.6682592647
-70.0
-70.0
-70.0
-70.0
-64.2421280933
-60.9793340129
-59.3223464308
-58.6840756673
-58.6783106869
-59.6222237957
-64.942685312
-70.0
-70.0
-70.0
-70.0
-70.0
-70.0
-64.3750412348
-61.1875646012
-59.5688264677
-58.945289372
-58.9396574688
-59.7009395033
-64.7531247154
-70.0
-70.0
-70.0
-70.0
-70.0
-70.0
-70.0
-70.0
-70.0
-70.0
-70.0
-70.0
-70.0
-70.0
-70.0
-70.0
-70.0
-70.0
-70.0
-70.0
-70.0
-70.0
-70.0
-70.0
-70.0
-70.0
-70.0
-70.0
-70.0
-70.0
-70.0
-70.0
-70.0
-70.0
-63.3812682016
-60.2170754266
-59.7848243518
-66.4606762885
-70.0
-70.0
-70.0
-70.0
-70.0
-70.0
-70.0
-70.0
-70.0
-70.0
-70.0
-70.0
-70.0
-70.0
-70.0
-70.0
-70.0
-70.0
-70.0
-70.0
-70.0
-70.0
-70.0
-70.0
-70.0
-70.0
-70.0
-70.0
-65.4732295117
-62.9080595683
-61.6053556167
-61.1035547251
-61.099022366
-61.3930022051
-62.047540035
-64.4492214051
-70.0
-70.0
-70.0
-70.0
-70.0
-70.0
-70.0
-70.0
-70.0
-70.0
-70.0
-70.0
-70.0
-70.0
-70.0
-70.0
-70.0
-70.0
-70.0
-70.0
-70.0
-64.9318243791
-62.059858194
-60.6013498764
-60.0395332234
-60.0344587907
-60.3635988381
-60.8822962386
-64.5293300481
-70.0
-70.0
-70.0
-70.0
-70.0
-70.0
-70.0
-70.0
-70.0
-70.0
-70.0
-70.0
-70.0
-70.0
-70.0
-70.0
-70.0
-70.0
-70.0
-70.0
-70.0
-70.0
-70.0
-63.2583196483
-61.0084663772
-68.4350975917
-70.0
-70.0
-70.0
-66.2728947855
-61.8275351639
-59.4327348855
-58.348096889
-58.0857108614
-58.3254222162
-58.8584016218
-59.5495758778
-56.003099953
-64.9487233903
-70.0
-70.0
-70.0
-70.0
-70.0
-70.0
-70.0
-64.2375942853
-60.972231047
-59.3139387358
-58.6751653912
0
-70.0
-70.0
-70.0
-70.0
-70.0
-70.0
-70.0
-70.0
-70.0
-70.0
-70.0
-70.0
-63.5040034286
-57.4896053715
-54.2979796915
-55.4795506331
-60.574654006
-68.837887385
-70.0
-70.0
-70.0
-70.0
-70.0
-70.0
-70.0
-70.0
-70.0
-70.0
-63.7090036868
-62.0798086944
-67.6999227763
-70.0
-70.0
-70.0
-70.0
-64.83806086
-61.912962014
-60.4274706393
-59.8552601264
-54.2328078639
0
-70.0
-70.0
-70.0
-70.0
-70.0
-70.0
-70.0
-70.0
-70.0
-70.0
-70.0
-70.0
-70.0
-70.0
-70.0
-70.0
-70.0
-70.0
-70.0
-70.0
-70.0
-70.0
-70.0
-70.0
-70.0
-70.0
-70.0
-70.0
-70.0
-70.0
-70.0
-70.0
-70.0
-70.0
-70.0
-70.0
-70.0
-70.0
-70.0
-70.0
-70.0
-70.0
-70.0
-70.0
-70.0
-70.0
-70.0
-70.0
-70.0
-70.0
-70.0
-70.0
-70.0
-70.0
-70.0
-70.0
-70.0
-70.0
-70.0
-70.0
-70.0
-70.0
-70.0
-70.0
-70.0
-70.0
-70.0
-70.0
-70.0
-70.0
-70.0
-70.0
-70.0
-70.0
-70.0
-70.0
-70.0
-70.0
-70.0
-70.0
-70.0
-70.0
-70.0
-70.0
-70.0
-70.0
-70.0
-70.0
-70.0
-70.0
-70.0
-70.0
-70.0
-70.0
-70.0
-70.0
-70.0
-70.0
-70.0
-70.0
-70.0
-70.0
-70.0
-70.0
-70.0
-70.0
-70.0
-70.0
-70.0
-70.0
-70.0
-70.0
-70.0
-70.0
-70.0
-70.0
-70.0
-70.0
-70.0
-70.0
-70.0
-70.0
-70.0
-70.0
-70.0
-70.0
-70.0
-70.0
-70.0
-70.0
-70.0
-70.0
-70.0
-70.0
-70.0
-70.0
-70.0
-70.0
-70.0
-70.0
-70.0
-70.0
-70.0
-64.3816225005
-61.1978752509
-59.5810310593
-58.9582235091
-58.9525981954
-59.3174697339
-60.1013979707
-67.1538933042
-70.0
-70.0
-70.0
-70.0
-70.0
-70.0
-70.0
-70.0
-70.0
-70.0
-63.6341846821
-60.0268893353
-58.1949491493
-57.4892867328
-59.0309850725
-63.0919580057
-70.0
-70.0
-70.0
-70.0
-70.0
-70.0
-70.0
-70.0
-70.0
-70.0
-70.0
-70.0
-70.0
-70.0
-70.0
-70.0
-70.0
-70.0
-70.0
-70.0
-70.0
-70.0
-70.0
-70.0
-70.0
-70.0
-70.0
-70.0
-70.0
-70.0
-70.0
-70.0
-70.0
-70.0
-70.0
-70.0
-70.0
-70.0
-70.0
-63.4275514478
-59.7031639349
-54.1276690386
0
-70.0
-70.0
-70.0
-70.0
-70.0
-70.0
-70.0
-70.0
-70.0
-70.0
-70.0
-70.0
-63.4209889213
-59.8916310945
-63.1229058516
-70.0
-70.0
-70.0
-70.0
-70.0
-70.0
-70.0
-70.0
-70.0
-70.0
-70.0
-70.0
-70.0
-70.0
-70.0
-70.0
-70.0
-70.0
-70.0
-70.0
-70.0
-70.0
-70.0
-70.0
-70.0
-70.0
-70.0
-63.1863480702
-62.8746380505
-66.484028391
-70.0
-70.0
-70.0
-70.0
-70.0
-70.0
-70.0
-70.0
-70.0
-70.0
-70.0
-70.0
-70.0
-70.0
-70.0
-70.0
-70.0
-70.0
-70.0
-64.9503217748
-62.0888374472
-60.6356522691
-60.0758860865
-60.0708301741
-60.3987689542
-61.1165697194
-65.0243942926
-70.0
-70.0
-70.0
-70.0
-70.0
-70.0
-70.0
-64.1034791399
-60.7621173193
-59.0652296495
-58.4115893927
-58.4056855922
-58.9746204588
-69.3159279752
-70.0
-70.0
-70.0
-70.0
-70.0
-65.6241208477
-63.1444559947
-61.8851752165
-61.400100909
-61.3957196275
-61.6799002044
-62.1277452103
-64.24122383
-70.0
-70.0
-70.0
-70.0
-70.0
-70.0
-70.0
-70.0
-70.0
-70.0
-70.0
-70.0
-70.0
-70.0
-70.0
-70.0
-70.0
-69.8640960944
-69.7870838813
-69.7479737574
-64.8069826318
-62.0154885354
-60.6067424598
-60.074603399
-54.4688825653
0
-70.0
-70.0
-70.0
-70.0
-70.0
-70.0
-70.0
-70.0
-70.0
-70.0
-70.0
-70.0
-70.0
-70.0
-70.0
-70.0
-70.0
-70.0
-70.0
-70.0
-70.0
-70.0
-70.0
-70.0
-70.0
-70.0
-70.0
-70.0
-70.0
-70.0
-70.0
-70.0
-70.0
-70.0
-70.0
-65.7908089132
-63.4056006306
-62.1942889734
-61.7276923466
-61.723477959
-61.9968333945
-62.4276188759
-56.3481965132
0
-70.0
-70.0
-70.0
-70.0
-70.0
-70.0
-70.0
-70.0
-70.0
-70.0
-70.0
-70.0
-70.0
-70.0
-70.0
-70.0
-70.0
-70.0
-70.0
-70.0
-70.0
-70.0
-70.0
-70.0
-70.0
-70.0
-70.0
-70.0
-70.0
-70.0
-65.9422703918
-63.6428902805
-62.475165871
-62.0253590296
-56.4040123398
0
-70.0
-70.0
-70.0
-70.0
-70.0
-70.0
-70.0
-70.0
-67.2518286507
-65.6945315527
-64.9036689088
-64.5990290256
-64.5962774614
-64.7747506075
-65.056009475
-65.3895644796
-68.1327767505
-70.0
-70.0
-70.0
-70.0
-70.0
-70.0
-70.0
-70.0
