-70.0
-70.0
-70.0
-63.0
-59.0333333333
-58.0188888889
0
-70.0
-70.0
-70.0
-70.0
-70.0
-70.0
-70.0
-70.0
-70.0
-70.0
-70.0
-70.0
-70.0
-70.0
-70.0
-70.0
-70.0
-70.0
-70.0
-70.0
-70.0
-68.6116855984
-67.8249741042
-67.4254480709
-67.2715508485
-67.2701608201
-67.3603214424
-67.5024071011
-70.0
-70.0
-70.0
-70.0
-70.0
-68.8834421991
-68.250726112
-67.9294055893
-67.8056330894
-66.8048158817
-65.9774983611
-65.6151912367
-65.8114302223
-66.4062852969
-70.0
-70.0
-70.0
-70.0
-70.0
-70.0
-70.0
-70.0
-64.3734556322
-62.1850781725
-61.132549091
-60.7966133391
-60.9018314433
-61.268234591
-70.0
-70.0
-70.0
-70.0
-70.0
-70.0
-70.0
-68.8840759009
-69.0541880472
-69.1877824001
-69.2950129318
-69.3828508198
-69.4561251919
-69.5182189754
-69.571534613
-69.6178061752
-70.0
-70.0
-70.0
-70.0
-70.0
-70.0
-70.0
-70.0
-70.0
-70.0
-70.0
-70.0
-70.0
-70.0
-70.0
-70.0
-70.0
-70.0
-70.0
-70.0
-70.0
-69.7684504558
-69.6372390474
-69.5706042341
-68.8412328346
-63.3563389201
-60.2868579407
-58.768940755
-58.2325590851
-58.635733868
-70.0
-70.0
-70.0
-70.0
-70.0
-70.0
-70.0
-70.0
-70.0
-70.0
-70.0
-70.0
-70.0
-69.6213595764
-69.4067966697
-70.0
-70.0
-70.0
-70.0
-70.0
-70.0
-70.0
-70.0
-70.0
-70.0
-70.0
-70.0
-70.0
-69.3448156936
-69.567014793
-70.0
-70.0
-70.0
-70.0
-70.0
-70.0
-70.0
-70.0
-70.0
-70.0
-70.0
-70.0
-70.0
-70.0
-70.0
-70.0
-70.0
-70.0
-70.0
-70.0
-70.0
-70.0
-70.0
-70.0
-70.0
-63.5734782283
-60.29308291
-60.3516500809
-70.0
-70.0
-70.0
-70.0
-70.0
-70.0
-70.0
-70.0
-70.0
-70.0
-70.0
-70.0
-70.0
-70.0
-70.0
-70.0
-70.0
-70.0
-70.0
-70.0
-70.0
-70.0
-70.0
-64.9428302687
-60.6559759258
-58.3953307892
-57.9813215698
-57.3310695167
0
-70.0
-70.0
-70.0
-70.0
-70.0
-70.0
-70.0
-70.0
-70.0
-70.0
-70.0
-70.0
-70.0
-70.0
-70.0
-70.0
-70.0
-70.0
-70.0
-70.0
-70.0
-70.0
-70.0
-70.0
-70.0
-70.0
-70.0
-70.0
-69.5793262643
-70.0
-70.0
-70.0
-70.0
-70.0
-70.0
-70.0
-70.0
-70.0
-70.0
-70.0
-70.0
-70.0
-70.0
-70.0
-70.0
-70.0
-70.0
-70.0
-70.0
-70.0
-70.0
-70.0
-70.0
-70.0
-70.0
-70.0
-70.0
-70.0
-70.0
-70.0
-70.0
-70.0
-70.0
-70.0
-70.0
-70.0
-70.0
-70.0
-70.0
-70.0
-70.0
-70.0
-70.0
-70.0
-70.0
-69.8637004007
-69.7864639611
-70.0
-70.0
-70.0
-70.0
-70.0
-70.0
-70.0
-70.0
-70.0
-66.181288127
-64.017351399
-62.9184109822
-62.4950996994
-62.4912762731
-62.7392730082
-63.1300952823
-70.0
-70.0
-70.0
-70.0
-70.0
-70.0
-70.0
-70.0
-70.0
-70.0
-70.0
-70.0
-70.0
-70.0
-70.0
-70.0
-70.0
-70.0
-70.0
-70.0
-70.0
-70.0
-70.0
-70.0
-65.5057603368
-62.9590245276
-61.6656822245
-56.2415615092
0
-70.0
-70.0
-70.0
-70.0
-70.0
-70.0
-70.0
-70.0
-70.0
-70.0
-70.0
-70.0
-70.0
-70.0
-63.2981123668
-60.1797300614
-64.0661881257
-70.0
-70.0
-70.0
-70.0
-70.0
-65.7449533492
-63.3337602471
-62.1092523776
-61.6375725767
-56.0160283263
0
-70.0
-70.0
-70.0
-70.0
-70.0
-70.0
-70.0
-70.0
-70.0
-70.0
-70.0
-70.0
-70.0
-70.0
-70.0
-70.0
-70.0
-70.0
-70.0
-70.0
-70.0
-70.0
-70.0
-70.0
-70.0
-70.0
-70.0
-70.0
-70.0
-70.0
-70.0
-70.0
-70.0
-70.0
-70.0
-70.0
-70.0
-68.9714899421
-68.3886675759
-68.0926852371
-67.9786729925
-68.7801123485
-69.3016388838
-70.0
-70.0
-70.0
-69.0590061619
-68.8258241336
-68.7250541122
-68.7070902956
-68.7394089958
-68.800819916
-69.7898476424
-70.0
-69.3862885867
-69.4706240203
-69.5388711465
-64.7581639251
-70.0
-70.0
-70.0
-70.0
-70.0
-70.0
-70.0
-70.0
-70.0
-70.0
-69.4003953558
-69.0606193908
-68.8880664987
-70.0
-70.0
-70.0
-70.0
-70.0
-70.0
-70.0
-70.0
-70.0
-70.0
-70.0
-70.0
-70.0
-70.0
-70.0
-70.0
-70.0
-70.0
-68.7491296416
-68.0403031051
-67.6803304131
-68.5026506751
-69.0459544765
-69.4037382748
-69.6382839446
-69.7910685483
-68.9287221346
-70.0
-70.0
-70.0
-70.0
-70.0
-70.0
-70.0
-70.0
-70.0
-64.1223057328
-60.7916123147
-59.1001425201
-59.3169019831
-59.8030609282
-61.5369512465
-70.0
-70.0
-70.0
-70.0
-70.0
-70.0
-70.0
-70.0
-70.0
-70.0
-70.0
-70.0
-70.0
-70.0
-70.0
-70.0
-70.0
-70.0
-70.0
-70.0
-70.0
-70.0
-70.0
-70.0
-70.0
-70.0
-70.0
-70.0
-70.0
-70.0
-70.0
-70.0
-70.0
-70.0
-70.0
-70.0
-70.0
-70.0
-70.0
-70.0
-70.0
-70.0
-70.0
-70.0
-70.0
-62.4444452978
-58.7979115995
-58.8743016048
-65.258715431
-70.0
-70.0
-70.0
-67.7624233763
-66.4944632895
-65.8505384611
-65.6024989487
-65.6002586096
-65.7455724525
-65.9745750099
-67.207138935
-68.7469752472
-70.0
-70.0
-70.0
-70.0
-70.0
-70.0
-70.0
-70.0
-70.0
-70.0
-70.0
-70.0
-70.0
-70.0
-70.0
-70.0
-70.0
-70.0
-70.0
-70.0
-70.0
-70.0
-70.0
-70.0
-70.0
-70.0
-64.0512269532
-60.6802555599
-54.1672334783
0
-70.0
-70.0
-70.0
-70.0
-70.0
-70.0
-70.0
-70.0
-70.0
-70.0
-70.0
-69.8971662355
-69.838893769
-66.464156675
-70.0
-70.0
-70.0
-70.0
-70.0
-70.0
-70.0
-65.0315968783
-62.2161684426
-56.8974835443
0
-70.0
-70.0
-70.0
-70.0
-70.0
-70.0
-70.0
-70.0
-70.0
-70.0
-70.0
-70.0
-70.0
-70.0
-70.0
-70.0
-70.0
-70.0
-70.0
-70.0
-70.0
-70.0
-70.0
-70.0
-70.0
-70.0
-70.0
-70.0
-70.0
-70.0
-70.0
-70.0
-70.0
-70.0
-70.0
-70.0
-70.0
-70.0
-70.0
-70.0
-70.0
-70.0
-70.0
-70.0
-70.0
-70.0
-70.0
-70.0
-70.0
-70.0
-70.0
-69.7505728485
-69.5836695941
-69.4974053217
-69.4623999142
-69.4593166725
-70.0
-70.0
-70.0
-70.0
-63.5079243585
-66.3932210545
-70.0
-70.0
-70.0
-70.0
-70.0
-68.9767784962
-68.3969529773
-68.1024925668
-67.9890665682
-67.9880420835
-61.9763033561
-59.6357017152
-55.0212617847
0
-70.0
-70.0
-70.0
-70.0
-70.0
-70.0
-70.0
-70.0
-70.0
-70.0
-70.0
-63.115765691
-59.2146995826
-57.6002003002
-61.8732223859
-70.0
-70.0
-70.0
-70.0
-67.3610927606
-65.8657119916
-65.1062931305
-64.8137653762
-64.811123211
-64.9825004716
-65.2525768122
-65.5728700561
-68.4116392113
-70.0
-70.0
-70.0
-70.0
-70.0
-68.128622547
-67.0681753236
-62.6407455899
-60.22959623
-59.1085867397
-58.7990281542
-58.9866587311
-59.4663484529
-60.1052840042
-60.8184692015
-70.0
-70.0
-70.0
-70.0
-70.0
-70.0
-70.0
-70.0
-70.0
-70.0
-70.0
-70.0
-70.0
-70.0
-63.533936202
-59.8698333832
-65.0565360038
-70.0
-70.0
-70.0
-70.0
-70.0
-70.0
-70.0
-70.0
-70.0
-70.0
-64.0642154419
-60.7006041923
-60.1454770042
-70.0
-70.0
-70.0
-70.0
-70.0
-70.0
-70.0
-70.0
-70.0
-70.0
-70.0
-70.0
-70.0
-70.0
-70.0
-70.0
-70.0
-70.0
-70.0
-70.0
-70.0
-70.0
-70.0
-70.0
-70.0
-70.0
-70.0
-70.0
-70.0
-70.0
-70.0
-70.0
-70.0
-70.0
-70.0
-66.1337079468
-63.9428091166
-62.8301761813
-57.4756646215
-54.6804355315
-54.5139106244
-55.4722187916
-59.5924832659
-69.2365190327
-70.0
-70.0
-70.0
-70.0
-70.0
-70.0
-70.0
-70.0
-70.0
-70.0
-70.0
-70.0
-70.0
-70.0
-70.0
-70.0
-70.0
-70.0
-70.0
-70.0
-70.0
-70.0
-70.0
-70.0
-69.7136848017
-63.2155742828
-67.1991942439
-70.0
-70.0
-70.0
-70.0
-70.0
-70.0
-65.7657826399
-63.3663928025
-62.14787914
-62.5468210616
-63.3679588459
-64.081709555
-64.7072363286
-65.2589778484
-65.7480568321
-61.8366083244
-70.0
-70.0
-70.0
-70.0
-70.0
-70.0
-70.0
-70.0
-70.0
-70.0
-70.0
-70.0
-63.4853087516
-59.7936503776
-57.9188670072
-59.2842996334
-70.0
-70.0
-70.0
-70.0
-70.0
-70.0
-70.0
-70.0
-70.0
-70.0
-70.0
-70.0
-70.0
-70.0
-70.0
-70.0
-70.0
-70.0
-70.0
-70.0
-70.0
-70.0
-70.0
-70.0
-70.0
-70.0
-70.0
-70.0
-70.0
-70.0
-70.0
-70.0
-70.0
-70.0
-70.0
-70.0
-70.0
-70.0
-70.0
-70.0
-70.0
-70.0
-70.0
-70.0
-70.0
-70.0
-70.0
-70.0
-70.0
-70.0
-70.0
-70.0
-70.0
-70.0
-65.4083129135
-62.8063568979
-61.4849713919
-60.9759743752
-60.9713770194
-60.2700237982
-60.1735444056
-60.6341142099
-70.0
-70.0
-70.0
-70.0
-70.0
-70.0
-70.0
-68.3029748155
-67.3413272109
-66.8529610745
-66.6648426902
-66.6631435699
-67.7733448228
-68.5136874137
-69.5629922767
-70.0
-70.0
-70.0
-70.0
-70.0
-70.0
-70.0
-70.0
-70.0
-70.0
-70.0
-70.0
-70.0
-62.7849199317
-58.6963745597
-60.6409949948
-70.0
-70.0
-70.0
-70.0
-70.0
-70.0
-70.0
-70.0
-70.0
-70.0
-70.0
-70.0
-70.0
-70.0
-70.0
-70.0
-70.0
-70.0
-70.0
-70.0
-70.0
-70.0
-70.0
-70.0
-70.0
-63.7151067262
-60.1536672044
-54.4561256956
0
-70.0
-70.0
-70.0
-70.0
-70.0
-70.0
-70.0
-70.0
-70.0
-70.0
-70.0
-70.0
-70.0
-70.0
-70.0
-70.0
-70.0
-70.0
-70.0
-70.0
-70.0
-70.0
-70.0
-70.0
-65.0878985778
-62.3043744386
-60.8907808071
-60.346265268
-60.3413471023
-60.6603512994
-65.4081760078
-70.0
-70.0
-70.0
-70.0
-70.0
-70.0
-70.0
-70.0
-70.0
-64.2621232579
-62.0106597706
-60.9260930191
-55.6518906083
0
-70.0
-70.0
-70.0
-70.0
-70.0
-70.0
-70.0
-70.0
-70.0
-70.0
-70.0
-65.0161505855
-61.230987693
-59.2521903677
-58.4231722936
-59.3101332672
-60.1986387424
-67.4165276602
-70.0
-70.0
-70.0
-70.0
-70.0
-67.080947948
-64.6243493161
-63.3295784931
-62.7750633828
-61.9794818335
-61.7694835095
-61.9178350648
-63.9923041848
-70.0
-70.0
-70.0
-70.0
-70.0
-70.0
-70.0
-67.2742816426
-65.7297079067
-64.945306735
-64.6431558074
-64.640426724
-64.8174417164
-65.0964026547
-65.4272324625
-70.0
-70.0
-70.0
-70.0
-70.0
-70.0
-70.0
-70.0
-70.0
-64.9251704622
-62.0494337241
-60.5890105572
-60.0264563051
-60.8896879675
-62.7231173496
-69.3268035125
-70.0
-70.0
-70.0
-70.0
-70.0
-70.0
-70.0
-70.0
-70.0
-70.0
-70.0
-70.0
-69.4745329614
-70.0
-70.0
-70.0
-70.0
-70.0
-70.0
-70.0
-70.0
-70.0
-70.0
-70.0
-70.0
-70.0
-70.0
-70.0
-70.0
-70.0
-70.0
-70.0
-70.0
-70.0
-65.6886182349
-63.2455019014
-62.0047820378
-61.5268573851
-62.5225354656
-63.3691911317
-64.761817352
-70.0
-70.0
-70.0
-70.0
-70.0
-70.0
-70.0
-64.7191090564
-61.7266041884
-59.2078960872
-58.0564080235
-57.7636349179
-64.8389016814
-70.0
-70.0
-70.0
-70.0
-70.0
-70.0
-70.0
-70.0
-64.8715729685
-61.9654643173
-60.4896169827
-59.9211213492
-59.9159865907
-61.5388985324
-70.0
-70.0
-70.0
-70.0
-70.0
-70.0
-70.0
-70.0
-70.0
-70.0
-69.8390119622
-69.7477854074
-70.0
-70.0
-70.0
-70.0
-70.0
-70.0
-69.7899003343
-69.6708438571
-69.6103818422
-70.0
-70.0
-70.0
-70.0
-70.0
-70.0
-70.0
-70.0
-70.0
-70.0
-70.0
-70.0
-70.0
-70.0
-70.0
-70.0
-64.2616761504
-61.0099593023
-59.3585972167
-58.7224933915
-65.6659338468
-70.0
-70.0
-70.0
-70.0
-70.0
-70.0
-70.0
-70.0
-70.0
-70.0
-63.4401063233
-59.7228332398
-60.1380961062
-69.576524699
-70.0
-70.0
-70.0
-70.0
-70.0
-70.0
-70.0
-70.0
-64.3455330905
-62.1413350394
-61.0807717075
-60.741741318
-60.8469317071
-63.9859904458
-70.0
-70.0
-70.0
-65.9996395247
-63.7327685887
-62.5815537408
-62.1381063741
-62.1341010749
-61.4524221896
-61.3283341189
-61.5429368058
-66.1440136389
-70.0
-70.0
-70.0
-70.0
-70.0
-70.0
-70.0
-70.0
-70.0
-70.0
-69.7958634748
-69.6801861105
-69.621440155
-69.8362173688
-70.0
-70.0
-70.0
-70.0
-70.0
-70.0
-70.0
-65.0893072906
-62.3065814219
-60.8933931867
-60.349033806
-60.3441170507
-60.6630297625
-61.1656097308
-61.5131535819
-70.0
-70.0
-70.0
-70.0
-70.0
-70.0
-70.0
-70.0
-70.0
-70.0
-70.0
-63.0937910296
-59.1802726131
-57.1928191427
-56.4272530891
-59.385853638
-70.0
-70.0
-70.0
-70.0
-70.0
-70.0
-70.0
-70.0
-70.0
-70.0
-70.0
-70.0
-70.0
-70.0
-70.0
-70.0
-70.0
-70.0
-70.0
-70.0
-70.0
-70.0
-70.0
-70.0
-64.3157612726
-60.0946961372
-58.6947029872
-58.2315503309
-60.6452086528
-70.0
-70.0
-70.0
-70.0
-70.0
-70.0
-70.0
-70.0
-70.0
-70.0
-70.0
-70.0
-70.0
-69.3634328939
-69.7937781839
-70.0
-70.0
-70.0
-70.0
-70.0
-70.0
-70.0
-70.0
-70.0
-70.0
-70.0
-70.0
-70.0
-70.0
-69.7392331602
-70.0
-70.0
-70.0
-70.0
-70.0
-70.0
-70.0
-70.0
-70.0
-70.0
-63.9795137906
-59.8642012349
-57.7328736603
-56.8629813269
-56.7789465493
-59.8476492806
-70.0
-70.0
-70.0
-70.0
-70.0
-70.0
-70.0
-70.0
-65.0337917441
-62.2196070657
-60.7904426899
-60.239929308
-60.5020863805
-68.1004946724
-70.0
-70.0
-70.0
-70.0
-70.0
-70.0
-70.0
-70.0
-70.0
-70.0
-70.0
-70.0
-70.0
-69.6677577126
-70.0
-70.0
-70.0
-70.0
-66.3519950372
-64.2847922249
-64.2272701167
-64.3851811813
-64.6670884473
-64.0313380552
-63.8488432182
-64.4346908469
-70.0
-70.0
-70.0
-70.0
-70.0
-70.0
-70.0
-70.0
-70.0
-70.0
-70.0
-63.9975439176
-60.5961521376
-58.8687786651
-58.2033952927
-58.1973854261
-65.8502466484
-70.0
-70.0
-70.0
-70.0
-70.0
-70.0
-70.0
-70.0
-65.2612104313
-62.5758963424
-60.2122671158
0
-70.0
-70.0
-70.0
-70.0
-70.0
-70.0
-70.0
-70.0
-70.0
-70.0
-70.0
-70.0
-70.0
-70.0
-70.0
-70.0
-70.0
-70.0
-70.0
-70.0
-70.0
-70.0
-70.0
-70.0
-70.0
-70.0
-70.0
-70.0
-70.0
-70.0
-70.0
-70.0
-70.0
-70.0
-67.0695354553
-63.0756055466
-60.9100607498
-58.9171573341
-58.0908433736
-57.9920268848
-58.3330027621
-62.9887941203
-67.0693604733
-70.0
-70.0
-70.0
-69.6208042184
-69.4059266089
-69.2968024895
-69.2547679349
-69.254388271
-69.2790141969
-69.3178226126
-69.3638469083
-70.0
-70.0
-70.0
-70.0
-70.0
-70.0
-70.0
-70.0
-70.0
-70.0
-65.7441684456
-63.3325305647
-62.8115005211
-62.7384991442
-62.9367483466
-63.2911395898
-63.926926411
-69.3715228875
-70.0
-70.0
-70.0
-70.0
-70.0
-70.0
-70.0
-70.0
-70.0
-70.0
-70.0
-70.0
-70.0
-70.0
-70.0
-70.0
-70.0
-70.0
-70.0
-70.0
-70.0
-70.0
-70.0
-70.0
-70.0
-70.0
-70.0
-70.0
-70.0
-70.0
-70.0
-70.0
-70.0
-70.0
-70.0
-70.0
-70.0
-70.0
-70.0
-70.0
-70.0
-70.0
-70.0
-70.0
-70.0
-70.0
-70.0
-70.0
-70.0
-70.0
-70.0
-70.0
-70.0
-70.0
-69.374956719
-69.0207655264
-70.0
-69.4364493204
-70.0
-70.0
-70.0
-70.0
-70.0
-70.0
-70.0
-63.8686311495
-59.4527164643
0
-70.0
-70.0
-70.0
-70.0
-70.0
-70.0
-70.0
-70.0
-70.0
-70.0
-70.0
-69.2554349335
-68.8335147292
-68.619245449
-68.5367090325
-70.0
-70.0
-70.0
-70.0
-70.0
-70.0
-70.0
-70.0
-70.0
-70.0
-70.0
-70.0
-70.0
-68.4115819422
-70.0
-70.0
-70.0
-70.0
-70.0
-70.0
-70.0
-70.0
-70.0
-70.0
-70.0
-70.0
-70.0
-70.0
-70.0
-70.0
-70.0
-70.0
-70.0
-70.0
-70.0
-70.0
-69.5279403511
-69.2604398834
-69.1245916067
-70.0
-70.0
-70.0
-70.0
-70.0
-70.0
-66.7005345182
-65.6333065477
-65.1385262137
-64.0114144862
-63.5347669668
-63.464286223
-63.6398549026
-67.4701028388
-70.0
-70.0
-70.0
-70.0
-70.0
-70.0
-70.0
-70.0
-70.0
-70.0
-70.0
-70.0
-70.0
-70.0
-70.0
-70.0
-70.0
-70.0
-70.0
-70.0
-70.0
-70.0
-70.0
-70.0
-64.3606186215
-61.1649691737
-59.5420805326
-58.9169446635
-59.1932171612
-67.0611060573
-70.0
-70.0
-70.0
-70.0
-70.0
-70.0
-70.0
-70.0
-70.0
-70.0
-69.6617582209
-69.136754546
-68.8505271896
-70.0
-70.0
-70.0
-70.0
-70.0
-70.0
-70.0
-70.0
-70.0
-70.0
-69.7391088095
-69.5912704681
-69.5161917811
-70.0
-70.0
-70.0
-70.0
-70.0
-70.0
-70.0
-70.0
-70.0
-70.0
-70.0
-70.0
-70.0
-70.0
-70.0
-70.0
-70.0
-70.0
-70.0
-70.0
-70.0
-70.0
-70.0
-70.0
-70.0
-70.0
-70.0
-70.0
-70.0
-70.0
-70.0
-70.0
-70.0
-70.0
-70.0
-70.0
-70.0
-70.0
-70.0
-70.0
-64.4093674379
-62.2153300246
-61.491729909
-56.4152529168
0
-70.0
-70.0
-70.0
-70.0
-70.0
-70.0
-70.0
-70.0
-67.4003068872
-65.9271474565
-65.1790135496
-64.8908327538
-64.8882298512
-65.0570604479
-67.3190469106
-70.0
-70.0
-70.0
-70.0
-70.0
-70.0
-70.0
-70.0
-70.0
-70.0
-70.0
-63.5744415176
-59.933291711
-58.0841587699
-59.0831390273
-66.0530715161
-70.0
-70.0
-70.0
-70.0
-70.0
-70.0
-70.0
-70.0
-69.6785353487
-70.0
-70.0
-70.0
-70.0
-70.0
-70.0
-70.0
-70.0
-70.0
-70.0
-70.0
-70.0
-70.0
-63.4086246836
-59.6735120043
-61.1878930403
-70.0
-70.0
-70.0
-70.0
-70.0
-70.0
-70.0
-70.0
-70.0
-70.0
-63.8395135597
-60.3485712435
-58.5757201457
-60.3449998293
-70.0
-70.0
-70.0
-70.0
-70.0
-70.0
-70.0
-70.0
-70.0
-70.0
-70.0
-70.0
-63.4556931821
-59.747252652
-58.6474502562
-70.0
-70.0
-70.0
-70.0
-70.0
-70.0
-70.0
-70.0
-65.5000943111
-63.7526168898
-62.9123765407
-62.6444864466
-57.1116522246
-55.0240324197
-54.2706594561
-57.6069647508
-70.0
-70.0
-70.0
-70.0
-70.0
-70.0
-70.0
-70.0
-70.0
-63.897235366
-58.1056687401
-55.0272064732
0
-70.0
-70.0
-70.0
-70.0
-70.0
-70.0
-70.0
-70.0
-70.0
-70.0
-70.0
-70.0
-70.0
-70.0
-70.0
-70.0
-70.0
-70.0
-70.0
-70.0
-70.0
-70.0
-70.0
-70.0
-70.0
-70.0
-70.0
-70.0
-70.0
-63.7188720103
-61.0717746543
-59.7811237522
-59.7940067323
-65.23281528
-70.0
-70.0
-70.0
-70.0
-70.0
-70.0
-70.0
-70.0
-70.0
-70.0
-70.0
-70.0
-70.0
-70.0
-70.0
-70.0
-70.0
-70.0
-70.0
-70.0
-70.0
-70.0
-70.0
-70.0
-69.0022991974
-68.4369354093
-68.5942241317
-68.4021232275
-70.0
-70.0
-70.0
-70.0
-70.0
-70.0
-68.8187860022
-69.1234191086
-69.3354183355
-69.4847705938
-69.5915562623
-69.6692424546
-69.7268794216
-68.7739911084
-67.9097917502
-68.375431713
-70.0
-70.0
-70.0
-70.0
-70.0
-70.0
-70.0
-70.0
-70.0
-70.0
-70.0
-70.0
-70.0
-64.1753041629
-60.8746431886
-62.7367158345
-70.0
-70.0
-70.0
-70.0
-70.0
-70.0
-70.0
-70.0
-70.0
-70.0
-70.0
-70.0
-70.0
-63.7566349452
-60.2187280808
-63.9728229906
-70.0
-70.0
-70.0
-70.0
-70.0
-70.0
-70.0
-70.0
-70.0
-70.0
-70.0
-70.0
-70.0
-70.0
-70.0
-70.0
-70.0
-70.0
-70.0
-69.1084737902
-68.6032756047
-68.3467141732
-68.2478868419
-68.246994215
-68.3048921651
-68.3961345296
-70.0
-70.0
-70.0
-70.0
-70.0
-68.8761402828
-69.2389857143
-69.4820601162
-68.7329609152
-68.3257360308
-68.1372098992
-68.0861872235
-68.1193673774
-69.1231380373
-70.0
-70.0
-70.0
-70.0
-70.0
-70.0
-70.0
-70.0
-64.6414466448
-58.716044188
-55.5369345743
-55.0725525447
0
-70.0
-70.0
-70.0
-70.0
-70.0
-70.0
-70.0
-70.0
-70.0
-70.0
-70.0
-70.0
-70.0
-70.0
-63.5885605781
-59.9554115723
-59.3055856964
-64.9737059554
-70.0
