-70.0
-70.0
-70.0
-70.0
-69.0
-61.4333333333
-58.1788888889
-58.8560165781
-66.9737586487
-70.0
-70.0
-70.0
-70.0
-70.0
-70.0
-70.0
-70.0
-70.0
-70.0
-70.0
-70.0
-70.0
-70.0
-70.0
-70.0
-70.0
-70.0
-67.9273407729
-66.7528338775
-66.156368611
-65.9266104974
-65.9245352794
-66.0591389726
-66.2712632227
-66.5228289987
-69.0311353335
-70.0
-70.0
-70.0
-70.0
-70.0
-70.0
-70.0
-70.0
-70.0
-70.0
-70.0
-70.0
-70.0
-70.0
-70.0
-70.0
-70.0
-70.0
-70.0
-70.0
-70.0
-65.5360321232
-63.0064503263
-60.7219532278
-59.6605231945
-54.5534995865
0
-70.0
-70.0
-70.0
-70.0
-70.0
-70.0
-70.0
-70.0
-70.0
-70.0
-65.3960113156
-62.7870843945
-61.462158762
-60.9517980904
-55.3299044672
0
-70.0
-70.0
-70.0
-70.0
-70.0
-70.0
-70.0
-70.0
-66.6374975527
-64.7320794992
-63.7644260171
-63.3916863939
-63.3883197403
-63.60668909
-63.7016621788
-70.0
-70.0
-70.0
-70.0
-70.0
-70.0
-70.0
-70.0
-64.5659724762
-61.4866902127
-56.0340089586
0
-70.0
-70.0
-70.0
-70.0
-70.0
-70.0
-70.0
-70.0
-70.0
-70.0
-70.0
-70.0
-70.0
-64.3210000866
-61.1029001356
-59.4686101605
0
-70.0
-70.0
-70.0
-70.0
-70.0
-70.0
-70.0
-70.0
-70.0
-70.0
-64.9578347109
-61.1006087439
-60.0822428994
-60.1351486294
-60.8290537798
-63.4234200591
-70.0
-70.0
-70.0
-70.0
-70.0
-70.0
-70.0
-70.0
-70.0
-70.0
-70.0
-70.0
-70.0
-70.0
-69.2929379294
-68.8922694228
-69.1529502362
-70.0
-70.0
-70.0
-70.0
-70.0
-70.0
-70.0
-70.0
-70.0
-70.0
-70.0
-69.914790783
-69.86650556
-64.4831838833
-67.7873356261
-70.0
-70.0
-70.0
-70.0
-70.0
-70.0
-70.0
-70.0
-70.0
-70.0
-70.0
-70.0
-70.0
-70.0
-70.0
-70.0
-70.0
-70.0
-70.0
-70.0
-63.3176742022
-59.9011120366
-61.1216451019
-70.0
-70.0
-70.0
-70.0
-70.0
-67.2160494487
-66.6384764395
-66.4039834194
-66.3831548266
-66.4912191768
-66.6730171476
-66.8929953585
-60.5382427507
-57.5062158376
-57.3580410394
-66.7542728604
-70.0
-70.0
-70.0
-70.0
-70.0
-70.0
-70.0
-70.0
-70.0
-70.0
-70.0
-63.9462165673
-62.7064557229
-70.0
-70.0
-70.0
-70.0
-70.0
-70.0
-70.0
-70.0
-64.5452028249
-61.4541510923
-59.884381683
-58.2797964194
-57.707718714
-58.071624509
-65.2758069845
-70.0
-70.0
-70.0
-70.0
-70.0
-70.0
-70.0
-70.0
-70.0
-63.6912523893
-60.1162954099
-58.3007780419
-58.030216536
-67.7250624584
-70.0
-70.0
-70.0
-70.0
-70.0
-70.0
-66.1091208161
-63.9042892785
-62.7845807133
-62.3532695504
-62.3493738677
-62.8203831983
-68.8238433203
-70.0
-70.0
-70.0
-70.0
-70.0
-70.0
-70.0
-70.0
-70.0
-70.0
-70.0
-70.0
-70.0
-70.0
-70.0
-70.0
-70.0
-70.0
-70.0
-70.0
-70.0
-70.0
-64.1235726733
-60.7935971882
-59.1024919909
-58.4510791394
-60.5350552703
-68.1716323106
-70.0
-70.0
-70.0
-70.0
-70.0
-70.0
-70.0
-70.0
-70.0
-70.0
-70.0
-70.0
-70.0
-70.0
-70.0
-70.0
-70.0
-70.0
-70.0
-70.0
-70.0
-62.9006831954
-58.8777370062
-56.8347113924
-56.2275640531
-57.4806185491
-69.6177595034
-70.0
-70.0
-70.0
-70.0
-70.0
-70.0
-70.0
-70.0
-70.0
-70.0
-70.0
-70.0
-70.0
-70.0
-70.0
-70.0
-70.0
-70.0
-70.0
-70.0
-70.0
-64.7910432708
-61.8393011242
-60.3402791322
-59.7628566325
-59.757641245
-60.0959239709
-63.4367733263
-70.0
-70.0
-70.0
-70.0
-70.0
-70.0
-70.0
-70.0
-70.0
-70.0
-70.0
-70.0
-70.0
-70.0
-70.0
-70.0
-70.0
-70.0
-70.0
-70.0
-70.0
-70.0
-70.0
-70.0
-70.0
-70.0
-70.0
-70.0
-70.0
-70.0
-70.0
-70.0
-70.0
-70.0
-70.0
-70.0
-70.0
-63.3516188293
-62.8544550835
-70.0
-70.0
-70.0
-70.0
-68.060939224
-66.9621381176
-65.4075450039
-64.6278709689
-64.3391375156
-64.3545928598
-64.5520463043
-65.9999165417
-67.2731949761
-70.0
-70.0
-70.0
-70.0
-70.0
-70.0
-70.0
-64.4612269062
-61.3225888197
-59.7286530071
-59.1146697527
-59.7694723926
-64.8686854174
-70.0
-70.0
-70.0
-70.0
-70.0
-70.0
-70.0
-63.4796764703
-59.7848264701
-58.3355251689
-57.8547602158
-57.9711425701
-58.7393514581
-66.5593594406
-70.0
-70.0
-70.0
-70.0
-70.0
-70.0
-70.0
-70.0
-63.5460790482
-59.8888571756
-57.4760065905
0
-70.0
-70.0
-70.0
-70.0
-70.0
-70.0
-70.0
-70.0
-70.0
-65.9349721641
-63.6314563905
-62.4616317133
-57.0850899239
-54.2896618528
0
-70.0
-70.0
-70.0
-70.0
-70.0
-70.0
-70.0
-70.0
-70.0
-70.0
-70.0
-70.0
-70.0
-70.0
-63.8894710241
-60.4268379378
-60.768851532
-66.975518206
-70.0
-70.0
-70.0
-70.0
-70.0
-70.0
-70.0
-70.0
-70.0
-69.4616909037
-68.8233157491
-68.1461801314
-68.8263134477
-70.0
-70.0
-70.0
-70.0
-70.0
-70.0
-70.0
-66.5620466056
-64.6138730155
-63.6245064275
-63.2434029272
-63.2399607294
-63.4632300531
-63.8150839789
-62.1449333196
-70.0
-70.0
-70.0
-70.0
-70.0
-70.0
-70.0
-70.0
-70.0
-70.0
-70.0
-70.0
-70.0
-69.2416437411
-70.0
-70.0
-70.0
-70.0
-70.0
-70.0
-70.0
-70.0
-70.0
-65.6522424118
-63.1885131119
-61.9373250948
-60.4605063459
-54.2751142677
0
-70.0
-70.0
-70.0
-70.0
-70.0
-70.0
-70.0
-70.0
-70.0
-70.0
-70.0
-70.0
-69.9618282793
-62.994149064
-59.4474814489
-62.157740767
-70.0
-70.0
-70.0
-70.0
-70.0
-70.0
-70.0
-70.0
-70.0
-70.0
-70.0
-70.0
-70.0
-70.0
-70.0
-70.0
-70.0
-70.0
-70.0
-70.0
-70.0
-70.0
-70.0
-70.0
-64.5191748767
-61.4133739735
-59.8361142991
-59.2285546845
-59.2230670929
-60.9706359016
-70.0
-70.0
-70.0
-70.0
-70.0
-70.0
-70.0
-70.0
-70.0
-70.0
-63.6953913246
-59.1227798322
-56.7417869425
-56.0986980753
-66.2884544409
-70.0
-70.0
-70.0
-70.0
-70.0
-70.0
-70.0
-70.0
-70.0
-70.0
-70.0
-63.2818061985
-59.8340765014
-70.0
-70.0
-70.0
-70.0
-70.0
-70.0
-70.0
-70.0
-70.0
-70.0
-70.0
-70.0
-70.0
-70.0
-70.0
-70.0
-70.0
-70.0
-70.0
-70.0
-70.0
-70.0
-70.0
-70.0
-70.0
-70.0
-70.0
-70.0
-69.6029813868
-69.3780041726
-69.2637510384
-70.0
-70.0
-70.0
-70.0
-70.0
-70.0
-70.0
-70.0
-70.0
-70.0
-64.1960803588
-60.9071925621
-59.2369534653
-58.5935782251
-58.5877671401
-59.3538128689
-64.1525216381
-70.0
-70.0
-70.0
-70.0
-70.0
-70.0
-67.4235965894
-65.9636346567
-65.2222030086
-64.9366039194
-64.9340243352
-65.1013424402
-65.3650218885
-65.6777288279
-67.0395183071
-70.0
-70.0
-70.0
-70.0
-70.0
-70.0
-70.0
-70.0
-70.0
-70.0
-70.0
-70.0
-69.6782993742
-69.496002353
-69.4034240618
-69.3677629517
-69.2213007435
-70.0
-70.0
-70.0
-70.0
-70.0
-70.0
-70.0
-70.0
-70.0
-70.0
-70.0
-70.0
-69.8662765033
-70.0
-70.0
-70.0
-70.0
-70.0
-70.0
-70.0
-70.0
-70.0
-70.0
-70.0
-70.0
-70.0
-70.0
-70.0
-70.0
-70.0
-70.0
-70.0
-70.0
-70.0
-70.0
-64.3933578808
-61.21626068
-59.6027936701
-58.9812870086
-58.9756734447
-60.3397793814
-65.2741091746
-70.0
-70.0
-70.0
-70.0
-70.0
-70.0
-70.0
-70.0
-70.0
-70.0
-70.0
-70.0
-70.0
-70.0
-70.0
-70.0
-70.0
-70.0
-70.0
-70.0
-70.0
-70.0
-65.5962042388
-60.7673866407
-58.1778498605
-57.0181994638
-56.7551359102
-57.0387932478
0
-70.0
-70.0
-70.0
-70.0
-70.0
-70.0
-70.0
-70.0
-68.5315478309
-67.6994249351
-67.2768370331
-68.0750379485
-68.6181238994
-68.9900380067
-69.2468518708
-70.0
-70.0
-70.0
-70.0
-70.0
-70.0
-70.0
-70.0
-70.0
-70.0
-70.0
-70.0
-70.0
-70.0
-70.0
-70.0
-70.0
-70.0
-70.0
-70.0
-70.0
-70.0
-70.0
-64.4776498857
-62.2166309114
-57.5639096076
-55.1868131717
-54.2543282045
-56.211840858
-64.2666610659
-70.0
-70.0
-70.0
-70.0
-70.0
-70.0
-70.0
-70.0
-70.0
-70.0
-70.0
-70.0
-70.0
-70.0
-70.0
-70.0
-70.0
-70.0
-70.0
-70.0
-70.0
-70.0
-70.0
-70.0
-70.0
-70.0
-70.0
-70.0
-70.0
-70.0
-70.0
-70.0
-70.0
-69.9179782334
-69.8714992323
-69.8478951906
-63.02088899
-59.1573223033
-57.2006048812
-60.1681821844
-70.0
-70.0
-70.0
-70.0
-70.0
-70.0
-70.0
-64.3097528245
-61.0852794251
-59.447752738
-58.8169783011
-59.2884701272
-65.2340181807
-70.0
-70.0
-70.0
-70.0
-70.0
-69.8224407919
-69.7218239073
-69.6707263129
-69.6510435459
-69.6508657675
-69.6623969082
-69.680569029
-69.7021200005
-69.7249799167
-70.0
-70.0
-70.0
-70.0
-70.0
-70.0
-70.0
-70.0
-70.0
-70.0
-70.0
-70.0
-70.0
-70.0
-70.0
-70.0
-70.0
-70.0
-70.0
-70.0
-70.0
-69.744088004
-69.5990712063
-69.5254254208
-69.4970571021
-69.4968008742
-69.5134204416
-69.5396115007
-69.5706724194
-70.0
-70.0
-70.0
-70.0
-70.0
-70.0
-70.0
-70.0
-70.0
-64.5719186221
-61.4960058413
-56.0450357559
0
-70.0
-70.0
-70.0
-70.0
-70.0
-70.0
-70.0
-70.0
-70.0
-70.0
-70.0
-70.0
-70.0
-70.0
-63.7061393092
-60.1396182511
-54.439496119
0
-70.0
-70.0
-70.0
-70.0
-70.0
-70.0
-70.0
-70.0
-67.2270575052
-65.6557234247
-60.9688433068
-58.4577537925
-58.3357525193
-58.6513600048
-59.2190124959
-55.3935735436
-64.4089024195
-70.0
-70.0
-70.0
-70.0
-70.0
-70.0
-70.0
-70.0
-70.0
-70.0
-70.0
-70.0
-70.0
-70.0
-70.0
-70.0
-70.0
-70.0
-70.0
-70.0
-70.0
-70.0
-70.0
-70.0
-70.0
-70.0
-70.0
-70.0
-70.0
-63.7518814778
-70.0
-70.0
-70.0
-70.0
-70.0
-70.0
-70.0
-67.4637876941
-66.0266007208
-65.2967351794
-65.0155913486
-65.0130520052
-65.177759999
-59.051866595
-56.1602009734
-60.5321679156
-70.0
-70.0
-70.0
-70.0
-70.0
-70.0
-70.0
-70.0
-70.0
-70.0
-63.5970756251
-59.9687518126
-54.2372435759
0
-70.0
-70.0
-70.0
-70.0
-70.0
-70.0
-70.0
-69.5018906322
-66.8862953238
-65.4207282946
-65.6933538278
-66.0004840201
-66.3180793348
-66.6313672125
-66.9316276987
-66.4862893496
-70.0
-70.0
-70.0
-70.0
-70.0
-70.0
-70.0
-70.0
-70.0
-69.3306727332
-68.951387282
-68.7587697686
-68.6845736015
-69.683452355
-70.0
-70.0
-70.0
-70.0
-70.0
-70.0
-70.0
-70.0
-69.3325314701
-69.9282870082
-69.7325752086
-69.6240622886
-69.5714857936
-69.5542237035
-70.0
-70.0
-70.0
-70.0
-70.0
-70.0
-70.0
-70.0
-70.0
-70.0
-70.0
-70.0
-70.0
-70.0
-70.0
-70.0
-70.0
-70.0
-70.0
-70.0
-70.0
-70.0
-70.0
-70.0
-70.0
-63.7999423549
-57.9532430227
-54.8467819893
0
-70.0
-70.0
-70.0
-70.0
-70.0
-70.0
-70.0
-70.0
-70.0
-70.0
-70.0
-70.0
-70.0
-70.0
-70.0
-63.3199302721
-66.9000625555
-70.0
-70.0
-70.0
-70.0
-70.0
-70.0
-70.0
-70.0
-70.0
-70.0
-70.0
-70.0
-70.0
-70.0
-70.0
-70.0
-70.0
-67.0589962809
-65.3924275067
-64.546071992
-59.2941303575
-56.4998276982
-55.273251846
-55.0281979399
-54.7417665102
-62.5816499995
-70.0
-70.0
-70.0
-70.0
-70.0
-70.0
-70.0
-70.0
-70.0
-70.0
-70.0
-70.0
-69.411948853
-70.0
-70.0
-70.0
-70.0
-70.0
-70.0
-67.5870370279
-66.2196913437
-61.6364053328
-59.1652202152
-58.0436684708
-57.7692818084
-58.2022177868
-63.4451772202
-70.0
-70.0
-70.0
-70.0
-70.0
-70.0
-70.0
-70.0
-70.0
-70.0
-70.0
-63.7950548806
-60.278919313
-70.0
-70.0
-70.0
-70.0
-70.0
-70.0
-69.7306844443
-69.5780722961
-68.5008699926
-67.9045196107
-67.6165587279
-67.5232302407
-67.5497921403
-67.6474028754
-70.0
-70.0
-70.0
-70.0
-70.0
-70.0
-70.0
-70.0
-70.0
-70.0
-70.0
-70.0
-70.0
-70.0
-70.0
-70.0
-70.0
-70.0
-70.0
-70.0
-70.0
-70.0
-70.0
-70.0
-70.0
-70.0
-70.0
-70.0
-70.0
-70.0
-70.0
-70.0
-70.0
-70.0
-70.0
-70.0
-70.0
-70.0
-70.0
-70.0
-70.0
-70.0
-70.0
-70.0
-70.0
-70.0
-70.0
-70.0
-70.0
-70.0
-70.0
-70.0
-70.0
-70.0
-70.0
-70.0
-70.0
-70.0
-70.0
-70.0
-70.0
-70.0
-70.0
-70.0
-70.0
-70.0
-70.0
-70.0
-70.0
-70.0
-69.2914829888
-69.3488088648
-70.0
-70.0
-70.0
-70.0
-70.0
-70.0
-70.0
-70.0
-70.0
-70.0
-70.0
-63.6667939601
-60.0779772042
-58.2554212439
-57.5533736262
-59.6757714257
-70.0
-70.0
-70.0
-70.0
-70.0
-70.0
-66.5157712794
-64.208041671
-62.6831358503
-62.0120878295
-62.8757224508
-62.9276754382
-63.1945913827
-63.0260323478
-66.9103183585
-70.0
-70.0
-70.0
-70.0
-70.0
-70.0
-70.0
-64.8699856809
-61.9629775668
-60.4866734461
-59.9180018588
-59.9128655111
-60.2460215188
-61.7703711
-70.0
-70.0
-70.0
-70.0
-70.0
-70.0
-70.0
-70.0
-70.0
-70.0
-70.0
-70.0
-70.0
-70.0
-69.2847497466
-68.8794412697
-70.0
-70.0
-70.0
-70.0
-70.0
-70.0
-70.0
-70.0
-70.0
-70.0
-70.0
-70.0
-70.0
-70.0
-70.0
-70.0
-70.0
-70.0
-70.0
-70.0
-70.0
-70.0
-70.0
-70.0
-70.0
-70.0
-70.0
-70.0
-70.0
-70.0
-69.9635236912
-70.0
-70.0
-70.0
-70.0
-70.0
-70.0
-70.0
-70.0
-66.0174466114
-63.7606663579
-62.6145759938
-62.1731025756
-62.1691151055
-61.432890351
-61.6367437586
-63.7547575692
-67.9959377782
-70.0
-70.0
-70.0
-70.0
-70.0
-70.0
-70.0
-70.0
-70.0
-70.0
-63.7220258075
-60.1645070984
-70.0
-70.0
-70.0
-70.0
-70.0
-70.0
-70.0
-70.0
-70.0
-70.0
-70.0
-70.0
-70.0
-70.0
-70.0
-70.0
-70.0
-70.0
-70.0
-70.0
-70.0
-70.0
-70.0
-70.0
-70.0
-70.0
-70.0
-70.0
-69.865952886
-70.0
-70.0
-70.0
-70.0
-70.0
-70.0
-70.0
-70.0
-70.0
-70.0
-70.0
-70.0
-63.5439122877
-59.885462584
-58.027544009
-61.4653490242
-70.0
-70.0
-70.0
-70.0
-70.0
-70.0
-67.1026673358
-63.1275121594
-60.9715019816
-59.9788458089
-54.7913646523
0
-70.0
-70.0
-70.0
-70.0
-70.0
-70.0
-70.0
-70.0
-70.0
-70.0
-70.0
-70.0
-70.0
-70.0
-70.0
-70.0
-70.0
-70.0
-70.0
-70.0
-70.0
-70.0
-70.0
-70.0
-70.0
-70.0
-70.0
-69.7917464335
-69.6737360791
-69.6138053305
-69.8868158475
-70.0
-70.0
-70.0
-70.0
-70.0
-70.0
-70.0
-70.0
-70.0
-70.0
-70.0
-69.6112118852
-69.3908986201
-69.2790140404
-70.0
-70.0
-70.0
-70.0
-70.0
-70.0
-70.0
-70.0
-70.0
-70.0
-70.0
-70.0
-70.0
-70.0
-70.0
-70.0
-70.0
-70.0
-70.0
-70.0
-70.0
-70.0
-70.0
-70.0
-70.0
-70.0
-70.0
-70.0
-70.0
-70.0
-70.0
-70.0
-70.0
-70.0
-70.0
-70.0
-70.0
-70.0
-70.0
-70.0
-70.0
-70.0
-70.0
-70.0
-70.0
-70.0
-70.0
-70.0
-70.0
-70.0
-70.0
-65.6507064093
-61.8412123546
-59.8274755099
-58.9583175528
-58.8048788601
-59.888455485
-62.5050821998
-70.0
-70.0
-70.0
-70.0
-70.0
-70.0
-70.0
-70.0
-70.0
-70.0
-70.0
-69.7882036695
-69.6681857489
-62.7893215357
-62.3058391605
-70.0
-70.0
-70.0
-70.0
-70.0
-70.0
-70.0
-70.0
-70.0
-70.0
-70.0
-70.0
-70.0
-70.0
-70.0
-70.0
-70.0
-70.0
-70.0
-70.0
-67.6857364419
-64.0409870924
-62.0527712462
-61.1247493636
-60.863777922
-61.0117357929
-55.321930022
0
-70.0
-70.0
-70.0
-70.0
-70.0
-70.0
-70.0
-70.0
-70.0
-70.0
-70.0
-70.0
-70.0
-64.4035359473
-61.2322063175
-59.621668329
0
-70.0
-70.0
-70.0
-70.0
-70.0
-70.0
-70.0
-70.0
-69.9978013543
-65.7743332328
-63.3811079189
-61.610246911
-60.8273887425
-60.6634275501
-60.1725662125
-60.2056305363
-60.5519481126
-70.0
-70.0
-70.0
-70.0
-70.0
-70.0
-70.0
-67.5819561464
-66.2117312961
-65.5158720094
-65.2478273703
-65.2454063412
-65.4024401791
-59.2644529422
-55.9395121687
-58.4174903259
-68.3230315717
-70.0
-70.0
-70.0
-70.0
-70.0
-70.0
-69.6650447313
-63.857952795
-60.5784325401
-58.9247726358
-58.3017509387
0
-70.0
-70.0
-70.0
-70.0
-70.0
-70.0
-70.0
-70.0
-70.0
-70.0
-70.0
-70.0
-70.0
-70.0
-70.0
-70.0
-70.0
-70.0
-70.0
-70.0
-70.0
-70.0
-70.0
-70.0
-70.0
-70.0
-70.0
-70.0
-70.0
-70.0
-70.0
-70.0
-70.0
-70.0
-70.0
-70.0
-70.0
-70.0
-70.0
-70.0
-70.0
-70.0
-70.0
-70.0
-70.0
-70.0
-70.0
-70.0
-70.0
-70.0
-70.0
-70.0
-70.0
-70.0
-70.0
-70.0
-70.0
-70.0
-70.0
-70.0
-70.0
-70.0
-70.0
-70.0
-67.4579321339
-66.0174270098
-65.2858763684
-65.978071143
-66.527452303
-66.9728325889
-67.3409663408
-67.6504810473
-68.4452803183
-70.0
-70.0
-70.0
-70.0
-70.0
-70.0
-70.0
-70.0
-70.0
-70.0
-69.642120856
-69.4393226744
-70.0
-62.9999923199
-59.2075339139
-57.7148803943
-70.0
-70.0
-70.0
-70.0
-70.0
-70.0
-70.0
-70.0
-70.0
-70.0
-70.0
-70.0
-70.0
-70.0
-70.0
-70.0
-70.0
-70.0
-70.0
-70.0
-66.6803508229
-64.7992162892
-63.843895026
-62.5149242095
-61.967044246
-62.9045590208
-58.3271233066
-61.9457011744
-70.0
-70.0
-70.0
-70.0
-70.0
-70.0
-70.0
-70.0
-70.0
-70.0
-70.0
-70.0
-70.0
-70.0
-70.0
-70.0
-70.0
-70.0
-70.0
-70.0
-70.0
-70.0
-70.0
-70.0
-70.0
-70.0
-70.0
-70.0
-70.0
-70.0
-70.0
-70.0
-70.0
-70.0
-65.3742863517
-62.7530486176
-61.4218710233
-60.9091020992
-60.9044706748
-61.204876131
-62.6782900647
-62.8649230862
-70.0
-70.0
-70.0
-70.0
-70.0
-70.0
-70.0
-70.0
-70.0
-64.5566950797
-61.4721556249
-59.9056934312
-54.8939725709
-58.1405145661
-69.76912485
-70.0
-70.0
-70.0
-70.0
-70.0
-70.0
-70.0
-70.0
-70.0
-70.0
-69.2016047708
-70.0
-70.0
-70.0
-70.0
-70.0
-70.0
-70.0
-70.0
-70.0
-70.0
-70.0
-69.5018089547
-69.2195006956
-62.1570595233
-63.1537214931
-70.0
-70.0
-70.0
-70.0
-70.0
-70.0
-70.0
-70.0
-70.0
-70.0
-70.0
-70.0
-63.4170746629
-60.5989588101
-60.2275220657
-70.0
-70.0
-70.0
-70.0
-70.0
-70.0
-66.1628592979
-63.9884795667
-62.8842357424
-62.4588815898
-62.4550397119
-55.6263446896
0
-70.0
-70.0
-70.0
-70.0
-70.0
-70.0
-70.0
-70.0
-70.0
-70.0
-70.0
-70.0
-70.0
-70.0
-70.0
-70.0
-70.0
-70.0
-70.0
-70.0
-70.0
-70.0
-70.0
-70.0
-70.0
-70.0
-70.0
-70.0
-70.0
-67.0936765128
-70.0
-70.0
-70.0
-70.0
-70.0
-70.0
-70.0
-70.0
-70.0
-70.0
-70.0
-63.7825882505
-60.2593882591
-58.9692150936
-64.9286227579
-70.0
-70.0
-70.0
-70.0
-70.0
-70.0
-70.0
-70.0
-70.0
-70.0
-70.0
-70.0
-70.0
-70.0
-70.0
-70.0
-70.0
-70.0
-70.0
-68.7538218661
-68.0476542568
-67.6890318827
-67.5508907288
-67.5496430122
-67.6305729485
-62.369226791
-59.4667782034
-59.0226717496
-63.0586924809
-70.0
-70.0
-70.0
-70.0
-70.0
-70.0
-70.0
-70.0
-70.0
-70.0
-70.0
-70.0
-70.0
-70.0
-70.0
-70.0
-70.0
-70.0
-70.0
-70.0
-70.0
-70.0
-70.0
-70.0
-70.0
-70.0
-70.0
-70.0
-70.0
-70.0
-70.0
-70.0
-70.0
-70.0
-70.0
-70.0
-70.0
-70.0
-70.0
-69.2693879131
-68.8553743972
-68.6451204745
-68.5641307717
-70.0
-70.0
-70.0
-70.0
-70.0
-70.0
-70.0
-70.0
-70.0
-70.0
-70.0
-69.5817460754
-69.3447355181
-70.0
-63.7745938112
-69.7801903361
-70.0
-70.0
-70.0
-70.0
-70.0
-70.0
-70.0
