-70.0
-70.0
-70.0
-70.0
-70.0
-70.0
-70.0
-70.0
-70.0
-70.0
-70.0
-70.0
-70.0
-70.0
-70.0
-70.0
-70.0
-70.0
-70.0
-70.0
-70.0
-70.0
-70.0
-70.0
-70.0
-70.0
-70.0
-70.0
-70.0
-64.3279219505
-61.1137443891
-59.4814463727
-58.852686017
-60.8049554883
-65.03911658
-70.0
-70.0
-70.0
-70.0
-70.0
-70.0
-70.0
-70.0
-70.0
-70.0
-70.0
-70.0
-70.0
-70.0
-70.0
-70.0
-70.0
-70.0
-70.0
-70.0
-70.0
-70.0
-70.0
-70.0
-64.7521603438
-67.9376540136
-70.0
-70.0
-70.0
-70.0
-70.0
-70.0
-70.0
-70.0
-70.0
-70.0
-70.0
-70.0
-70.0
-70.0
-70.0
-70.0
-70.0
-70.0
-70.0
-70.0
-70.0
-70.0
-70.0
-70.0
-70.0
-70.0
-70.0
-70.0
-70.0
-70.0
-70.0
-70.0
-65.5761763392
-63.0693429315
-58.1976936085
-55.6681142278
-54.6280961251
-54.5164820594
-55.683659837
-64.1438816453
-70.0
-70.0
-70.0
-70.0
-70.0
-70.0
-70.0
-70.0
-70.0
-70.0
-63.8547547116
-60.5517427982
-60.1429312504
-65.1571208079
-70.0
-70.0
-70.0
-70.0
-70.0
-70.0
-70.0
-70.0
-70.0
-70.0
-70.0
-70.0
-70.0
-70.0
-70.0
-70.0
-70.0
-70.0
-70.0
-70.0
-70.0
-70.0
-70.0
-70.0
-70.0
-70.0
-70.0
-70.0
-70.0
-70.0
-70.0
-70.0
-70.0
-70.0
-70.0
-70.0
-70.0
-70.0
-70.0
-70.0
-70.0
-70.0
-67.2454038946
-65.6844661015
-64.8917545557
-64.5864024763
-64.5836444794
-64.7625348653
-59.3295885098
-57.70389075
-62.7827256452
-70.0
-70.0
-70.0
-70.0
-70.0
-70.0
-70.0
-70.0
-70.0
-70.0
-70.0
-70.0
-70.0
-70.0
-70.0
-70.0
-70.0
-70.0
-70.0
-70.0
-70.0
-70.0
-70.0
-70.0
-70.0
-70.0
-70.0
-70.0
-70.0
-70.0
-70.0
-70.0
-70.0
-70.0
-70.0
-70.0
-70.0
-70.0
-70.0
-70.0
-70.0
-70.0
-70.0
-70.0
-70.0
-70.0
-70.0
-70.0
-64.79060159
-61.8386091577
-60.3394600598
-59.761988599
-59.7567727692
-61.0170405822
-68.1705383363
-70.0
-70.0
-70.0
-70.0
-70.0
-70.0
-70.0
-70.0
-70.0
-70.0
-63.8250368816
-60.8816305426
-62.5248203994
-67.2323301972
-70.0
-67.4533298554
-66.0102167734
-65.2773416985
-64.9950385969
-64.9924887827
-65.1578759347
-65.5977623615
-67.8433036666
-70.0
-70.0
-70.0
-70.0
-70.0
-70.0
-70.0
-70.0
-70.0
-70.0
-70.0
-63.6843037499
-61.9468843871
-70.0
-70.0
-70.0
-70.0
-70.0
-70.0
-70.0
-70.0
-70.0
-70.0
-70.0
-70.0
-70.0
-70.0
-70.0
-70.0
-70.0
-70.0
-69.8764578422
-69.8064506194
-69.7708979318
-69.7572030548
-69.7570793601
-64.1719527037
-61.0151449531
-59.420555471
-58.8164499327
-59.56931516
-64.9491859306
-70.0
-70.0
-70.0
-70.0
-70.0
-70.0
-70.0
-70.0
-70.0
-70.0
-70.0
-63.789931331
-60.8178788019
-63.619960573
-70.0
-70.0
-70.0
-70.0
-70.0
-70.0
-70.0
-70.0
-70.0
-70.0
-70.0
-70.0
-70.0
-70.0
-70.0
-70.0
-70.0
-70.0
-70.0
-70.0
-70.0
-70.0
-70.0
-70.0
-70.0
-70.0
-70.0
-70.0
-70.0
-70.0
-70.0
-70.0
-67.0249559988
-65.5273914793
-64.9564688839
-64.7820330306
-64.8513037509
-65.0644893914
-65.7160469795
-66.2497799663
-67.0737695784
-70.0
-70.0
-70.0
-70.0
-68.9842588754
-68.4086722381
-68.1163645144
-68.0037677298
-68.0027507346
-68.0687155131
-68.1726705297
-68.295954522
-68.4267264334
-68.745124607
-69.5503002446
-70.0
-70.0
-70.0
-70.0
-70.0
-70.0
-70.0
-70.0
-70.0
-70.0
-70.0
-70.0
-70.0
-70.0
-70.0
-70.0
-70.0
-70.0
-70.0
-70.0
-70.0
-70.0
-70.0
-70.0
-70.0
-63.8857771818
-60.4210509182
-59.9775129823
-65.5266002
-70.0
-70.0
-70.0
-70.0
-65.8994069513
-63.575737557
-62.3956780019
-61.9411196687
-61.9370140132
-62.2033168195
-62.6229879426
-63.3104360087
-65.8227006702
-70.0
-70.0
-70.0
-70.0
-70.0
-67.2745597587
-65.730143622
-64.9458224859
-64.643702388
-64.6409735831
-64.817970514
-65.0969029887
-65.4276990406
-65.7785867037
-70.0
-70.0
-70.0
-70.0
-70.0
-70.0
-70.0
-70.0
-70.0
-70.0
-70.0
-70.0
-63.9018723895
-60.4462667436
-55.1207170341
-54.7990293948
-61.392465677
-70.0
-70.0
-70.0
-70.0
-70.0
-70.0
-70.0
-70.0
-70.0
-70.0
-70.0
-63.7912724352
-61.0008559725
-64.2855102958
-70.0
-70.0
-70.0
-70.0
-70.0
-70.0
-70.0
-70.0
-70.0
-70.0
-70.0
-70.0
-70.0
-70.0
-70.0
-70.0
-70.0
-70.0
-70.0
-70.0
-70.0
-70.0
-70.0
-70.0
-64.0573767321
-60.6898902136
-58.9797352954
-58.3209845013
-59.7798584071
-69.5854495507
-70.0
-70.0
-70.0
-70.0
-70.0
-70.0
-70.0
-70.0
-70.0
-70.0
-70.0
-70.0
-70.0
-70.0
-70.0
-70.0
-70.0
-70.0
-70.0
-70.0
-70.0
-70.0
-70.0
-70.0
-70.0
-70.0
-70.0
-70.0
-70.0
-70.0
-70.0
-70.0
-70.0
-70.0
-70.0
-70.0
-70.0
-64.9061471063
-62.0196304666
-60.5537328005
-59.9890697742
-59.9839696326
-60.3147772265
-62.5178398195
-70.0
-70.0
-70.0
-70.0
-70.0
-70.0
-70.0
-70.0
-70.0
-70.0
-70.0
-70.0
-70.0
-70.0
-64.619226528
-66.7824858367
-70.0
-70.0
-70.0
-70.0
-70.0
-70.0
-70.0
-70.0
-70.0
-70.0
-70.0
-70.0
-70.0
-70.0
-70.0
-70.0
-70.0
-70.0
-70.0
-70.0
-70.0
-70.0
-70.0
-70.0
-70.0
-70.0
-70.0
-70.0
-70.0
-70.0
-70.0
-70.0
-70.0
-70.0
-70.0
-70.0
-70.0
-63.8835281273
-60.4175273994
-58.8388687014
-58.8052592325
-66.78402245
-70.0
-70.0
-70.0
-70.0
-69.3239669725
-68.9408815903
-68.7463343079
-68.6713947949
-68.6707179273
-68.7146212091
-68.7838091379
-68.8658615906
-68.9528976759
-69.0400227378
-70.0
-70.0
-70.0
-70.0
-70.0
-70.0
-70.0
-70.0
-70.0
-70.0
-70.0
-70.0
-70.0
-70.0
-70.0
-70.0
-70.0
-70.0
-70.0
-70.0
-70.0
-70.0
-70.0
-70.0
-70.0
-70.0
-70.0
-70.0
-70.0
-70.0
-70.0
-70.0
-70.0
-70.0
-70.0
-70.0
-70.0
-70.0
-70.0
-70.0
-70.0
-70.0
-70.0
-70.0
-70.0
-70.0
-70.0
-70.0
-70.0
-70.0
-70.0
-70.0
-65.3133699024
-62.6576128471
-57.7568909634
-55.2245614678
0
-70.0
-70.0
-70.0
-70.0
-70.0
-70.0
-70.0
-70.0
-70.0
-70.0
-70.0
-70.0
-70.0
-70.0
-70.0
-70.0
-70.0
-70.0
-70.0
-70.0
-70.0
-70.0
-70.0
-65.8255429706
-63.4600173206
-62.2587013532
-61.7959550611
-61.7917754504
-62.0628751689
-62.6746722613
-63.285928108
-64.0682436184
-66.2478486226
-66.8662587159
-70.0
-70.0
-70.0
-70.0
-67.0953760311
-65.4494224487
-64.6135362176
-64.2915532717
-64.2886450618
-64.4772786338
-64.7745494892
-65.5044129675
-68.5522526306
-70.0
-70.0
-70.0
-66.0215249743
-63.767055793
-62.6221390912
-62.181117767
-62.1771343803
-56.8949520731
-54.1624776197
0
-70.0
-70.0
-70.0
-70.0
-70.0
-70.0
-70.0
-70.0
-70.0
-70.0
-70.0
-70.0
-70.0
-70.0
-66.7713871758
-68.690863824
-70.0
-70.0
-70.0
-70.0
-70.0
-70.0
-70.0
-70.0
-70.0
-70.0
-70.0
-70.0
-70.0
-70.0
-70.0
-70.0
-70.0
-70.0
-70.0
-70.0
-70.0
-70.0
-70.0
-70.0
-70.0
-70.0
-70.0
-70.0
-70.0
-70.0
-70.0
-70.0
-70.0
-70.0
-70.0
-70.0
-70.0
-70.0
-63.818328804
-60.5089255313
-61.3170780544
-68.2007957045
-70.0
-70.0
-70.0
-70.0
-70.0
-70.0
-65.1875957318
-62.4605666465
-61.0756636404
-60.5421997154
-60.5373813699
-60.8499109836
-61.342431719
-63.8514606457
-68.4178429928
-70.0
-70.0
-70.0
-70.0
-70.0
-70.0
-70.0
-70.0
-70.0
-64.624694877
-63.4530855485
-68.1018818732
-70.0
-70.0
-70.0
-70.0
-70.0
-70.0
-70.0
-70.0
-70.0
-70.0
-64.3578325817
-68.9654985478
-70.0
-70.0
-70.0
-70.0
-70.0
-70.0
-70.0
-70.0
-70.0
-70.0
-70.0
-70.0
-70.0
-70.0
-70.0
-70.0
-70.0
-70.0
-70.0
-70.0
-70.0
-70.0
-70.0
-70.0
-70.0
-70.0
-70.0
-70.0
-70.0
-70.0
-70.0
-70.0
-70.0
-70.0
-67.2651559197
-65.7154109409
-64.9283835889
-64.6252210581
-64.6224828377
-64.8000904775
-65.0799853788
-65.411922807
-65.7640211703
-68.0518435686
-70.0
-70.0
-70.0
-70.0
-70.0
-70.0
-70.0
-70.0
-70.0
-70.0
-70.0
-70.0
-70.0
-70.0
-70.0
-70.0
-70.0
-70.0
-70.0
-70.0
-70.0
-70.0
-70.0
-70.0
-70.0
-70.0
-70.0
-70.0
-64.093274983
-60.7461308066
-59.0463066073
-58.3915352008
-58.7650321738
-60.314551629
-66.0174668559
-70.0
-70.0
-70.0
-70.0
-70.0
-70.0
-70.0
-70.0
-70.0
-70.0
-70.0
-70.0
-70.0
-70.0
-70.0
-70.0
-70.0
-70.0
-70.0
-70.0
-70.0
-70.0
-70.0
-70.0
-70.0
-70.0
-70.0
-70.0
-70.0
-70.0
-70.0
-70.0
-68.0834961772
-66.9974773443
-66.445950133
-66.2335021352
-66.2315832653
-66.3560458345
-66.5521885149
-66.7848011727
-67.0315420615
-68.043138097
-70.0
-70.0
-70.0
-70.0
-70.0
-70.0
-70.0
-70.0
-70.0
-70.0
-70.0
-70.0
-70.0
-70.0
-70.0
-70.0
-70.0
-70.0
-70.0
-70.0
-70.0
-70.0
-70.0
-70.0
-70.0
-70.0
-64.4512913411
-61.307023101
-59.7102280536
-59.0951434233
-59.4756349539
-60.7990939899
-68.8486611202
-70.0
-70.0
-70.0
-70.0
-70.0
-70.0
-70.0
-70.0
-70.0
-70.0
-70.0
-70.0
-70.0
-70.0
-70.0
-70.0
-70.0
-70.0
-70.0
-70.0
-70.0
-70.0
-70.0
-70.0
-70.0
-64.2215145788
-60.9470395068
-59.2841198133
-58.6435640035
-60.1662199214
-63.0034236386
-70.0
-70.0
-70.0
-70.0
-70.0
-70.0
-70.0
-70.0
-70.0
-70.0
-70.0
-70.0
-63.8097100733
-60.3018791148
-62.15367804
-70.0
-70.0
-70.0
-70.0
-70.0
-70.0
-70.0
-70.0
-64.377579151
-61.19154067
-59.5735328923
-58.9502771293
-59.1434084069
-62.1318795065
-65.7048035234
-68.7623910909
-70.0
-70.0
-70.0
-70.0
-70.0
-70.0
-70.0
-70.0
-70.0
-70.0
-70.0
-70.0
-70.0
-70.0
-70.0
-70.0
-70.0
-63.9463154752
-61.0813981409
-62.3756713003
-68.9449911851
-70.0
-70.0
-70.0
-70.0
-70.0
-70.0
-70.0
-70.0
-70.0
-70.0
-70.0
-70.0
-70.0
-70.0
-70.0
-70.0
-70.0
-70.0
-70.0
-70.0
-70.0
-64.6066880906
-61.5504780086
-59.9984026925
-59.4005440797
-59.3951441094
-56.7724887138
-60.9768130835
-67.8917691203
-70.0
-70.0
-70.0
-70.0
-70.0
-70.0
-70.0
-70.0
-70.0
-70.0
-70.0
-70.0
-70.0
-70.0
-70.0
-70.0
-70.0
-65.3426020959
-62.7034099502
-61.3631143311
-60.8468331486
-55.7664097771
0
-70.0
-70.0
-70.0
-70.0
-70.0
-70.0
-70.0
-70.0
-70.0
-70.0
-70.0
-70.0
-70.0
-70.0
-70.0
-70.0
-70.0
-70.0
-70.0
-70.0
-70.0
-67.6235099738
-66.2768322923
-65.5929312736
-60.8853687635
-58.3646522986
-57.2400673431
-56.9906474583
-57.2746406122
-57.8692151508
-60.9351969985
-70.0
-70.0
-70.0
-70.0
-70.0
-70.0
-70.0
-70.0
-70.0
-70.0
-64.2141783975
-60.9355461561
-59.2705152727
-58.6291462336
-58.623353269
-62.8978286433
-70.0
-70.0
-70.0
-70.0
-70.0
-70.0
-70.0
-70.0
-70.0
-70.0
-70.0
-70.0
-70.0
-70.0
-70.0
-70.0
-70.0
-70.0
-70.0
-70.0
-70.0
-70.0
-70.0
-70.0
-70.0
-70.0
-70.0
-70.0
-70.0
-70.0
-70.0
-70.0
-70.0
-70.0
-70.0
-70.0
-70.0
-70.0
-70.0
-70.0
-70.0
-70.0
-70.0
-70.0
-70.0
-70.0
-70.0
-70.0
-70.0
-70.0
-70.0
-70.0
-70.0
-70.0
-70.0
-70.0
-70.0
-70.0
-70.0
-70.0
-70.0
-70.0
-70.0
-70.0
-70.0
-70.0
-70.0
-70.0
-70.0
-70.0
-70.0
-70.0
-70.0
-65.3585874984
-62.7284537474
-61.392758372
-60.878249201
-61.0746150202
-62.0606003475
-64.4654533559
-70.0
-70.0
-70.0
-70.0
-70.0
-70.0
-70.0
-70.0
-70.0
-63.9643349817
-60.5441248047
-59.2040025657
-61.6473939677
-69.1857083325
-70.0
-70.0
-70.0
-70.0
-70.0
-70.0
-70.0
-70.0
-70.0
-70.0
-70.0
-70.0
-70.0
-70.0
-70.0
-70.0
-70.0
-70.0
-70.0
-70.0
-70.0
-70.0
-64.1981174882
-60.9103840649
-59.2407312087
-58.5975817881
0
-70.0
-70.0
-70.0
-70.0
-70.0
-70.0
-70.0
-70.0
-70.0
-70.0
-70.0
-70.0
-70.0
-70.0
-70.0
-70.0
-70.0
-70.0
-70.0
-70.0
-70.0
-70.0
-70.0
-70.0
-70.0
-70.0
-70.0
-70.0
-70.0
-70.0
-70.0
-70.0
-70.0
-70.0
-70.0
-70.0
-70.0
-66.1570681907
-63.9794068322
-62.8734964559
-62.4475003483
-62.4436526722
-62.6932223107
-63.0865233502
-63.7499358258
-68.5747247556
-70.0
-70.0
-70.0
-70.0
-70.0
-70.0
-65.3007048252
-62.6377708928
-61.2854181703
-56.3319597274
0
-70.0
-70.0
-70.0
-70.0
-70.0
-70.0
-70.0
-70.0
-70.0
-65.8935217232
-63.5665173663
-62.3847641733
-61.9295534518
-61.9254419038
-62.375963548
-57.5528191844
-56.6101984889
-60.8902985682
-62.7736690802
-65.0626508953
-66.6006182878
-67.6367114471
-68.3371436277
-68.8128314818
-69.1378164783
-69.3615469268
-69.5170669651
-70.0
-70.0
-70.0
-70.0
-70.0
-70.0
-70.0
-70.0
-70.0
-70.0
-70.0
-70.0
-70.0
-70.0
-70.0
-63.8295092612
-61.101613243
-62.1066410709
-67.4750664849
-70.0
-70.0
-70.0
-70.0
-70.0
-70.0
-70.0
-70.0
-70.0
-70.0
-67.4430946511
-66.7766174659
-66.4841772392
-66.8069445939
-67.1070401869
-67.3835295365
-67.6366388283
-67.8672831092
-68.0767602407
-64.4741018106
-70.0
-70.0
-70.0
-70.0
-70.0
-70.0
-70.0
-70.0
-70.0
-70.0
-70.0
-70.0
-70.0
-70.0
-70.0
-70.0
-70.0
-70.0
-70.0
-70.0
-70.0
-70.0
-70.0
-70.0
-70.0
-70.0
-70.0
-70.0
-70.0
-70.0
-70.0
-70.0
-70.0
-70.0
-66.9406502635
-63.1146822879
-61.0486120929
-60.1073495728
-59.8723470749
-60.0689340071
-60.5179216995
-61.1033835916
-62.7336989605
-64.3238482113
-68.9770551082
-70.0
-70.0
-70.0
-70.0
-70.0
-70.0
-70.0
-70.0
-70.0
-70.0
-70.0
-70.0
-70.0
-70.0
-70.0
-70.0
-70.0
-70.0
-70.0
-70.0
-70.0
-70.0
-70.0
-70.0
-70.0
-70.0
-70.0
-70.0
-70.0
-70.0
-70.0
-70.0
-70.0
-70.0
-70.0
-70.0
-70.0
-70.0
-70.0
-70.0
-70.0
-70.0
-70.0
-70.0
-70.0
-70.0
-70.0
-70.0
-70.0
-70.0
-70.0
-70.0
-66.0541967709
-63.8182416077
-62.6827271229
-62.2453275279
-62.2413768533
-62.4976272201
-62.9014565328
-63.952826381
-66.7446827252
-70.0
-70.0
-70.0
-70.0
-70.0
-70.0
-70.0
-70.0
-70.0
-70.0
-70.0
-70.0
-70.0
-70.0
-70.0
-70.0
-70.0
-70.0
-70.0
-70.0
-70.0
-70.0
-70.0
-70.0
-70.0
-70.0
-70.0
-70.0
-70.0
-70.0
-70.0
-70.0
-70.0
-70.0
-70.0
-70.0
-70.0
-70.0
-70.0
-70.0
-70.0
-70.0
-70.0
-70.0
-70.0
-70.0
-70.0
-70.0
-70.0
-70.0
-70.0
-70.0
-70.0
-70.0
-70.0
-70.0
-70.0
-70.0
-70.0
-70.0
-70.0
-70.0
-70.0
-70.0
-70.0
-70.0
-70.0
-70.0
-70.0
-70.0
-70.0
-70.0
-70.0
-70.0
-70.0
-70.0
-70.0
-70.0
-70.0
-70.0
-70.0
-70.0
-70.0
-70.0
-70.0
-70.0
-64.0803376174
-60.9231560173
-61.0841624656
-70.0
-70.0
-70.0
-70.0
-70.0
-70.0
-70.0
-70.0
-70.0
-64.2680148507
-61.0198899328
-59.3703519843
-58.9352202421
-62.9170037637
-70.0
-70.0
-70.0
-70.0
-70.0
-70.0
-70.0
-70.0
-70.0
-70.0
-70.0
-70.0
-70.0
-70.0
-70.0
-70.0
-70.0
-70.0
-70.0
-70.0
-64.5522680182
-61.4652198952
-59.8974836916
-59.293592513
-59.2881380554
-60.0409289878
-61.5874337747
-64.9248310358
-69.3950696422
-70.0
-70.0
-70.0
-70.0
-70.0
-70.0
-70.0
-70.0
-70.0
-70.0
-70.0
-70.0
-70.0
-70.0
-70.0
-70.0
-70.0
-70.0
-70.0
-70.0
-70.0
-70.0
-70.0
-70.0
-70.0
-70.0
-70.0
-70.0
-70.0
-70.0
-70.0
-70.0
-70.0
-70.0
-70.0
-70.0
-70.0
-70.0
-70.0
-70.0
-70.0
-65.3048120736
-62.644205582
-61.2930348343
-60.7725645578
-60.7678635734
-61.0727808636
-62.3161328123
-63.5117706172
-68.5770397578
-70.0
-70.0
-70.0
-70.0
-70.0
-70.0
-70.0
-70.0
-70.0
-70.0
-70.0
-63.9531080308
-60.5265359149
-59.1768810621
-61.0676726966
-64.8394438059
-68.7649296062
-70.0
-70.0
-70.0
-70.0
-70.0
-70.0
-70.0
-70.0
-70.0
-70.0
-70.0
-70.0
-70.0
-70.0
-70.0
-70.0
-70.0
-70.0
-70.0
-70.0
-64.2698300197
-61.0227336975
-59.3737181142
-58.7385181605
-58.9382938668
-54.3814755052
0
-70.0
-70.0
-70.0
-70.0
-70.0
-70.0
-70.0
-70.0
-70.0
-70.0
-70.0
-70.0
-70.0
-70.0
-70.0
-70.0
-70.0
-70.0
-70.0
-70.0
-70.0
-70.0
-70.0
-70.0
-70.0
-70.0
-70.0
-70.0
-64.04696663
-60.6735810537
-58.9604303394
-58.3005255662
-59.2516250762
-63.3549254878
-70.0
-70.0
-70.0
-70.0
-70.0
-70.0
-70.0
-70.0
-64.4065749847
-61.2369674761
-59.627304055
-59.0072625339
-59.3894381236
-61.1649760411
-64.6833644085
-69.6002260698
-70.0
-70.0
-70.0
-70.0
-70.0
-70.0
-70.0
-70.0
-70.0
-70.0
-70.0
-70.0
-64.4658860967
-62.9552039083
-62.9609855656
-67.9555539564
-70.0
-70.0
-66.893742661
-65.133530169
-64.2396183348
-63.8952839564
-63.8921738642
-64.0939020134
-64.4118088358
-64.788825968
-66.5589748215
-69.8906999464
-70.0
-70.0
-70.0
-70.0
-70.0
-70.0
-70.0
-70.0
-64.2760114686
-61.0324179674
-59.3851812678
-58.7506665391
-58.7449354839
-60.1142088459
-61.711989241
-69.4394105426
-70.0
-70.0
-70.0
-70.0
-70.0
-70.0
-70.0
-70.0
-70.0
-70.0
-70.0
-70.0
-70.0
-70.0
-70.0
-70.0
-69.9337828653
-69.8962598223
-66.4120338635
-62.3619950761
-60.1865719678
-59.2084323706
-58.9812675332
-59.212259713
-59.7104463638
-60.5485799594
-55.8952887088
-56.7410833203
-62.2067452493
-70.0
-70.0
-70.0
-70.0
-70.0
-70.0
-70.0
-70.0
-70.0
-70.0
-70.0
-70.0
-70.0
-70.0
-70.0
-70.0
-70.0
-70.0
-66.4509679722
-64.4398498231
-63.4185172729
-58.6389329078
-56.1498845251
-55.1181260113
-54.9951333693
-55.4215000051
-56.1632699865
-57.2683063037
-62.7265499782
-70.0
-70.0
-70.0
-68.1833209408
-67.1538694739
-66.6310696113
-66.4296873733
-61.4260983897
-58.7097417199
-57.4562696607
-57.1223107698
-57.3511917429
-58.1186558982
-65.8936572505
-70.0
-70.0
-70.0
-70.0
-70.0
-70.0
-70.0
-70.0
-70.0
-70.0
-70.0
-64.0230400623
-60.6360960976
-55.6546964644
-56.3161086585
-65.2277233699
-70.0
-70.0
-70.0
-70.0
-70.0
-70.0
-70.0
-64.5964470663
-61.5344337372
-59.9794112819
-59.3804174326
-59.3750072086
-62.1050904527
-70.0
-70.0
-70.0
-70.0
-70.0
-70.0
-70.0
-70.0
-70.0
-70.0
-70.0
-64.2254403939
-60.9531899505
-59.2914000194
-58.6512793935
-60.423340278
-70.0
-70.0
-70.0
-70.0
-70.0
-70.0
-70.0
-70.0
-70.0
-70.0
-64.505983465
-61.3927074285
-59.811651559
-59.2026296519
-54.2050486058
0
-70.0
-70.0
-70.0
-70.0
-70.0
-70.0
-70.0
-70.0
-70.0
-70.0
-70.0
-70.0
-70.0
-70.0
-70.0
-70.0
-70.0
-70.0
-70.0
-70.0
-70.0
-70.0
-70.0
-70.0
-70.0
-70.0
-70.0
-70.0
-70.0
-70.0
-70.0
-70.0
-70.0
-70.0
-70.0
-70.0
-70.0
-70.0
-70.0
-70.0
-70.0
-70.0
-70.0
-70.0
-64.029050584
-60.6455125816
-58.9272060274
-61.2703499049
-70.0
-70.0
-70.0
-70.0
-70.0
-70.0
-70.0
-70.0
-65.2506740774
-62.5593893879
-61.192638928
-60.6661673544
