-70.0
-70.0
-70.0
-70.0
-70.0
-70.0
-70.0
-70.0
-70.0
-70.0
-70.0
-70.0
-70.0
-70.0
-70.0
-70.0
-70.0
-70.0
-70.0
-70.0
-70.0
-70.0
-70.0
-68.3523953706
-67.7672990436
-67.4906646126
-67.4083284669
-67.4453158306
-61.4744750874
-58.1761548052
-56.591290809
-56.0873293844
-56.6992240638
-63.3692988277
-70.0
-70.0
-70.0
-70.0
-70.0
-70.0
-70.0
-70.0
-70.0
-70.0
-70.0
-70.0
-70.0
-70.0
-70.0
-70.0
-70.0
-70.0
-70.0
-70.0
-70.0
-63.3125104924
-61.0299544613
-62.3683633382
-65.3861483115
-67.5013584114
-68.8537725243
-69.7034285745
-70.0
-70.0
-70.0
-70.0
-70.0
-70.0
-70.0
-70.0
-70.0
-70.0
-70.0
-70.0
-70.0
-70.0
-70.0
-63.4319988342
-59.7101315069
-58.271100625
-60.8197154262
-70.0
-70.0
-70.0
-70.0
-70.0
-70.0
-70.0
-64.3882492107
-61.2082570967
-59.5933199251
-54.045321032
0
-70.0
-70.0
-70.0
-70.0
-70.0
-70.0
-70.0
-70.0
-70.0
-70.0
-70.0
-70.0
-70.0
-70.0
-70.0
-70.0
-70.0
-70.0
-70.0
-70.0
-70.0
-70.0
-70.0
-70.0
-70.0
-70.0
-70.0
-70.0
-70.0
-70.0
-70.0
-70.0
-70.0
-70.0
-70.0
-70.0
-70.0
-70.0
-70.0
-70.0
-70.0
-70.0
-70.0
-70.0
-70.0
-70.0
-70.0
-70.0
-70.0
-70.0
-70.0
-70.0
-70.0
-70.0
-70.0
-70.0
-67.3198935177
-65.801166511
-61.1410025345
-58.640204064
-57.5183848463
-57.2613471541
-57.5317463004
-58.1095942447
-60.8080862372
-70.0
-70.0
-70.0
-70.0
-70.0
-70.0
-70.0
-70.0
-70.0
-70.0
-70.0
-70.0
-70.0
-70.0
-70.0
-70.0
-70.0
-70.0
-70.0
-70.0
-70.0
-64.5827359446
-61.5129529798
-59.9539847683
-59.3534710158
0
-70.0
-70.0
-70.0
-70.0
-70.0
-70.0
-70.0
-70.0
-65.9250781341
-63.6159557434
-62.4432837842
-61.9915711492
-61.9874911966
-62.2521268518
-61.2733229245
-68.7354778714
-70.0
-70.0
-70.0
-70.0
-70.0
-70.0
-70.0
-70.0
-70.0
-70.0
-70.0
-70.0
-70.0
-70.0
-70.0
-70.0
-70.0
-70.0
-70.0
-70.0
-70.0
-70.0
-70.0
-70.0
-70.0
-70.0
-70.0
-70.0
-70.0
-70.0
-70.0
-70.0
-70.0
-70.0
-70.0
-70.0
-70.0
-70.0
-70.0
-70.0
-70.0
-70.0
-70.0
-70.0
-70.0
-70.0
-70.0
-70.0
-70.0
-70.0
-70.0
-69.07014983
-69.5723726755
-70.0
-70.0
-70.0
-70.0
-70.0
-63.4656250674
-57.4294792723
-54.2268091528
-54.2076586957
-57.4847676139
-62.9441059405
-67.3784521223
-70.0
-70.0
-70.0
-70.0
-70.0
-70.0
-70.0
-70.0
-67.9732556018
-70.0
-70.0
-70.0
-70.0
-70.0
-70.0
-70.0
-64.2970790855
-61.0654239006
-59.424249993
-59.096475122
-59.2632610287
-62.1785420836
-68.6291247957
-70.0
-70.0
-70.0
-70.0
-70.0
-70.0
-70.0
-70.0
-70.0
-70.0
-70.0
-70.0
-70.0
-70.0
-70.0
-70.0
-70.0
-70.0
-70.0
-70.0
-70.0
-70.0
-70.0
-65.7807254419
-70.0
-70.0
-70.0
-70.0
-70.0
-70.0
-70.0
-70.0
-70.0
-70.0
-70.0
-70.0
-70.0
-70.0
-70.0
-70.0
-70.0
-70.0
-70.0
-70.0
-65.1899804066
-62.464302637
-57.1911969984
-54.4542937154
0
-70.0
-70.0
-70.0
-70.0
-70.0
-70.0
-70.0
-70.0
-67.5713414652
-66.1951016288
-65.4961876727
-65.2269663766
-65.2245347197
-65.3822579016
-65.6308165474
-68.3819850272
-70.0
-70.0
-70.0
-70.0
-67.1531248161
-65.5398955452
-64.7206281312
-64.4050467451
-64.4021963552
-64.5870795762
-64.8784401895
-65.2239752179
-66.3588168478
-70.0
-70.0
-70.0
-70.0
-70.0
-70.0
-70.0
-70.0
-70.0
-70.0
-70.0
-70.0
-70.0
-70.0
-70.0
-70.0
-70.0
-70.0
-64.6960759506
-61.6905189892
-60.1641675128
-59.5762177098
-59.879111225
-60.8633739041
-63.3067658901
-70.0
-70.0
-70.0
-70.0
-70.0
-70.0
-70.0
-64.2659024596
-61.0165805201
-59.3664346723
-58.7307993413
-59.186013089
-61.057429318
-68.1758689189
-70.0
-70.0
-70.0
-70.0
-70.0
-70.0
-70.0
-70.0
-70.0
-70.0
-70.0
-70.0
-70.0
-70.0
-70.0
-70.0
-70.0
-70.0
-70.0
-70.0
-70.0
-70.0
-70.0
-70.0
-70.0
-70.0
-70.0
-70.0
-70.0
-70.0
-70.0
-70.0
-70.0
-70.0
-70.0
-70.0
-70.0
-70.0
-70.0
-70.0
-70.0
-70.0
-70.0
-70.0
-70.0
-70.0
-64.258236931
-61.0045711919
-59.3522193754
0
-70.0
-70.0
-70.0
-70.0
-70.0
-70.0
-70.0
-70.0
-70.0
-70.0
-70.0
-70.0
-70.0
-70.0
-70.0
-70.0
-70.0
-70.0
-70.0
-70.0
-70.0
-70.0
-70.0
-70.0
-70.0
-70.0
-70.0
-70.0
-70.0
-70.0
-70.0
-70.0
-66.4495646877
-64.4376513441
-63.4159149598
-63.0223426306
-63.018787812
-63.2493619938
-63.6127277698
-67.6146518447
-70.0
-70.0
-70.0
-70.0
-70.0
-70.0
-70.0
-70.0
-70.0
-70.0
-70.0
-70.0
-70.0
-70.0
-70.0
-70.0
-66.925232716
-65.1828645885
-64.2980148923
-63.9571712449
-63.9540926816
-64.1537757875
-64.4684597915
-65.1479504495
-60.9968560536
-64.2610032737
-69.5452497149
-70.0
-70.0
-70.0
-70.0
-70.0
-70.0
-70.0
-70.0
-70.0
-70.0
-70.0
-70.0
-70.0
-66.7730754369
-65.0698181845
-64.2122032269
-63.8905608115
-63.9012233351
-64.418039457
-65.2246632045
-65.8678153463
-69.9698101271
-70.0
-70.0
-70.0
-66.4935932665
-64.5066294508
-63.497563513
-63.1088718333
-63.1053610976
-57.2548866526
-54.1694390971
0
-70.0
-70.0
-70.0
-70.0
-70.0
-70.0
-70.0
-70.0
-70.0
-70.0
-70.0
-63.6458460596
-60.0451588267
-59.1349058764
-61.3010310169
-68.5115595038
-70.0
-70.0
-70.0
-70.0
-70.0
-70.0
-70.0
-70.0
-70.0
-70.0
-70.0
-70.0
-70.0
-70.0
-70.0
-70.0
-70.0
-70.0
-70.0
-70.0
-70.0
-70.0
-68.7425975859
-70.0
-68.7832623822
-68.6296803179
-68.5832084021
-68.6025516391
-68.6607391934
-68.7402937529
-68.8300166968
-69.073331007
-69.5712077507
-70.0
-70.0
-70.0
-70.0
-70.0
-70.0
-70.0
-70.0
-64.9838708797
-62.1413977116
-60.6978672203
-60.1418200182
-60.1367976963
-60.4625577133
-60.9759284664
-62.985920276
-70.0
-70.0
-70.0
-70.0
-70.0
-70.0
-70.0
-70.0
-70.0
-63.4684561367
-59.7672479475
-58.0503583535
-58.5121757917
-61.9838784335
-68.5748226375
-70.0
-70.0
-70.0
-70.0
-70.0
-70.0
-70.0
-70.0
-70.0
-70.0
-70.0
-67.4811015986
-66.0537258378
-65.3288428533
-65.0496183009
-65.0470962928
-65.2106798781
-65.4684740334
-59.1838950364
-57.1976171762
-64.4377480285
-70.0
-70.0
-70.0
-70.0
-70.0
-70.0
-70.0
-70.0
-70.0
-70.0
-70.0
-70.0
-70.0
-66.0813346524
-66.8523608155
-69.1571862554
-70.0
-70.0
-64.7928145522
-61.8420761318
-60.3435638751
-59.7663377253
-54.1438401606
0
-70.0
-70.0
-70.0
-70.0
-70.0
-70.0
-70.0
-70.0
-65.3565748662
-62.7253006237
-61.3890260574
-60.8742937824
-60.8696446246
-61.1712003091
-63.5392658321
-70.0
-70.0
-70.0
-70.0
-70.0
-70.0
-70.0
-70.0
-70.0
-70.0
-70.0
-70.0
-70.0
-70.0
-70.0
-70.0
-70.0
-70.0
-70.0
-70.0
-70.0
-70.0
-70.0
-70.0
-70.0
-70.0
-70.0
-70.0
-70.0
-67.1046819547
-65.464001729
-64.630793536
-64.309842169
-64.3069432765
-64.4949724984
-64.7912909483
-65.4560871105
-70.0
-70.0
-70.0
-70.0
-70.0
-70.0
-70.0
-70.0
-70.0
-70.0
-70.0
-70.0
-63.5125818549
-61.7345975075
-64.5389443999
-70.0
-70.0
-68.7287508539
-65.9629874425
-64.438096481
-59.8196697991
-57.38795813
-56.3493325242
-56.1811794099
-56.5409148944
-57.6846265071
-60.5097835324
-66.3012024943
-70.0
-70.0
-70.0
-70.0
-70.0
-70.0
-70.0
-70.0
-70.0
-70.0
-70.0
-70.0
-70.0
-70.0
-70.0
-70.0
-70.0
-70.0
-70.0
-70.0
-69.1935847103
-70.0
-70.0
-70.0
-70.0
-70.0
-70.0
-70.0
-70.0
-70.0
-70.0
-70.0
-70.0
-70.0
-70.0
-70.0
-70.0
-70.0
-70.0
-70.0
-70.0
-70.0
-70.0
-70.0
-70.0
-70.0
-70.0
-70.0
-70.0
-70.0
-70.0
-70.0
-70.0
-70.0
-70.0
-70.0
-70.0
-70.0
-70.0
-70.0
-70.0
-70.0
-70.0
-70.0
-63.8560490302
-60.3744768141
-58.6063842572
0
-70.0
-70.0
-70.0
-70.0
-70.0
-70.0
-70.0
-70.0
-70.0
-64.9825020575
-62.1392532234
-60.6953288155
-60.1391298769
-60.1341061845
-60.4599550963
-62.2621758189
-64.8133406277
-70.0
-70.0
-70.0
-70.0
-70.0
-70.0
-70.0
-70.0
-70.0
-70.0
-70.0
-70.0
-70.0
-70.0
-70.0
-70.0
-70.0
-70.0
-70.0
-69.8029227949
-69.691245712
-65.745642383
-63.5200923062
-62.4007591832
-61.9824673366
-61.9987433175
-62.2752174621
-62.6985947001
-63.8306366965
-67.8959976788
-70.0
-70.0
-70.0
-70.0
-70.0
-70.0
-64.7408467368
-61.7606598877
-60.2471924487
-59.6642055703
-59.6589399242
-60.0004825391
-63.4046780702
-70.0
-70.0
-70.0
-70.0
-70.0
-70.0
-70.0
-64.4262182022
-61.2677418501
-59.6637313105
-59.0458672764
-59.0402866134
-60.3672367987
-66.2735850888
-70.0
-70.0
-70.0
-70.0
-70.0
-70.0
-70.0
-64.27673771
-61.0335557457
-59.3865280422
-58.7520938187
-59.2240642717
-63.6968861525
-70.0
-70.0
-70.0
-70.0
-70.0
-70.0
-70.0
-70.0
-70.0
-70.0
-70.0
-70.0
-70.0
-69.5710600576
-70.0
-70.0
-70.0
-70.0
-70.0
-70.0
-70.0
-70.0
-70.0
-70.0
-70.0
-70.0
-70.0
-70.0
-70.0
-70.0
-70.0
-70.0
-70.0
-70.0
-70.0
-70.0
-70.0
-70.0
-70.0
-70.0
-70.0
-70.0
-70.0
-70.0
-70.0
-70.0
-70.0
-66.6391587162
-64.7346819888
-63.7675065527
-63.3949510726
-63.3915860821
-63.6098475517
-63.9538095151
-57.7714200203
-54.9511590622
-57.6202806701
-64.1453326487
-70.0
-70.0
-70.0
-70.0
-64.5968302025
-61.5350339839
-59.9801217866
-54.4552444827
0
-70.0
-70.0
-70.0
-70.0
-70.0
-70.0
-69.4427397472
-69.5386379497
-69.6115556062
-69.6682543465
-69.7133317792
-69.7499338461
-69.7802306248
-69.8057343378
-69.8275120877
-70.0
-70.0
-70.0
-70.0
-70.0
-70.0
-65.8738493791
-63.5356973606
-62.3482829042
-56.9649655409
-54.1694762716
0
-70.0
-70.0
-70.0
-70.0
-70.0
-70.0
-70.0
-70.0
-70.0
-65.0400841114
-62.2294651078
-60.8021115354
-60.2522956741
-60.2473296349
-62.33922277
-63.1199523156
-70.0
-70.0
-70.0
-68.8651987621
-68.2221447273
-67.8955741488
-67.7697793301
-67.7686431279
-67.8423399689
-67.9584800746
-68.0962148022
-68.2423151453
-68.5520605298
-70.0
-70.0
-70.0
-70.0
-70.0
-70.0
-70.0
-70.0
-70.0
-70.0
-70.0
-70.0
-70.0
-67.9611513669
-70.0
-70.0
-70.0
-70.0
-67.9212824483
-66.7433425023
-66.1451337846
-65.9147040945
-65.9126228107
-66.0476199466
-66.26036423
-66.5126653257
-67.2675259282
-70.0
-70.0
-70.0
-70.0
-70.0
-70.0
-70.0
-70.0
-70.0
-70.0
-70.0
-70.0
-70.0
-70.0
-70.0
-70.0
-70.0
-70.0
-70.0
-70.0
-70.0
-70.0
-70.0
-70.0
-70.0
-70.0
-70.0
-70.0
-70.0
-70.0
-70.0
-70.0
-70.0
-70.0
-70.0
-70.0
-70.0
-70.0
-70.0
-70.0
-70.0
-70.0
-70.0
-70.0
-64.6707249102
-61.6508023593
-56.2282665279
0
-70.0
-70.0
-70.0
-70.0
-70.0
-70.0
-70.0
-70.0
-70.0
-70.0
-70.0
-70.0
-70.0
-63.4775514699
-59.7814973028
-60.3790968471
-67.7703025755
-70.0
-70.0
-70.0
-70.0
-70.0
-70.0
-70.0
-70.0
-70.0
-70.0
-70.0
-70.0
-70.0
-70.0
-70.0
-70.0
-70.0
-70.0
-70.0
-70.0
-70.0
-70.0
-70.0
-70.0
-70.0
-70.0
-70.0
-70.0
-70.0
-70.0
-70.0
-70.0
-70.0
-70.0
-70.0
-70.0
-70.0
-70.0
-70.0
-70.0
-70.0
-70.0
-70.0
-70.0
-70.0
-70.0
-70.0
-70.0
-70.0
-70.0
-70.0
-70.0
-70.0
-70.0
-68.1230485932
-67.059442796
-62.6304090023
-60.2186417593
-59.0976266882
-58.7884300893
-58.976631127
-59.4569973787
-60.5923538483
-66.489201107
-70.0
-70.0
-69.3604820039
-67.0612181024
-63.4462858248
-59.1624502641
-56.9534005855
-56.0628574255
-55.9931029486
-56.4181468309
-58.6030441664
-64.8652438772
-70.0
-70.0
-70.0
-70.0
-70.0
-70.0
-70.0
-70.0
-70.0
-70.0
-70.0
-70.0
-70.0
-70.0
-70.0
-70.0
-70.0
-70.0
-70.0
-70.0
-70.0
-70.0
-70.0
-70.0
-70.0
-70.0
-70.0
-68.1674717542
-67.1290390816
-66.6016781753
-66.3985390257
-66.3967042351
-60.4375239191
-57.1807649323
-55.6540173757
-56.0362629072
-58.2174039489
-62.0535822591
-67.6445486476
-70.0
-70.0
-70.0
-70.0
-70.0
-70.0
-70.0
-70.0
-70.0
-70.0
-70.0
-70.0
-70.0
-70.0
-70.0
-70.0
-70.0
-70.0
-63.3403528702
-60.5576723475
-60.8603486518
-65.95850339
-70.0
-70.0
-70.0
-70.0
-70.0
-70.0
-70.0
-70.0
-63.529880512
-59.8634794689
-58.0015228607
-57.7890335766
-61.7202494644
-66.657825283
-70.0
-70.0
-70.0
-70.0
-70.0
-70.0
-70.0
-63.4493580351
-61.2301758954
-62.0101612574
-65.7151500808
-70.0
-70.0
-70.0
-70.0
-70.0
-70.0
-70.0
-70.0
-70.0
-70.0
-70.0
-66.9875050218
-63.0814523119
-60.9684389422
-60.0016829557
-59.7549065986
-59.9483438977
-60.3994614806
-54.7681904473
-56.1830762682
-64.9292977208
-70.0
-70.0
-70.0
-70.0
-70.0
-70.0
-70.0
-70.0
-70.0
-70.0
-70.0
-70.0
-70.0
-70.0
-70.0
-67.2949069183
-65.7620208386
-61.094666274
-58.5910979927
0
-70.0
-70.0
-70.0
-70.0
-70.0
-70.0
-70.0
-70.0
-70.0
-70.0
-70.0
-70.0
-64.300991374
-61.0715531526
-59.4315051147
-58.7997594547
-60.6239642199
-68.4911677301
-70.0
-70.0
-70.0
-70.0
-70.0
-70.0
-70.0
-70.0
-70.0
-70.0
-63.2928376872
-57.9916711298
-61.3847063285
-70.0
-70.0
-70.0
-70.0
-70.0
-70.0
-70.0
-70.0
-70.0
-70.0
-70.0
-70.0
-70.0
-70.0
-70.0
-70.0
-70.0
-70.0
-70.0
-70.0
-70.0
-70.0
-63.4851911404
-59.7934661199
-60.1201996006
-64.4912527854
-70.0
-70.0
-70.0
-70.0
-70.0
-70.0
-70.0
-70.0
-70.0
-70.0
-70.0
-65.0211204097
-69.9144732671
-70.0
-70.0
-70.0
-70.0
-70.0
-70.0
-70.0
-70.0
-70.0
-70.0
-70.0
-70.0
-70.0
-70.0
-70.0
-70.0
-70.0
-70.0
-70.0
-65.320910612
-62.6694266255
-61.3228886794
-60.8042029558
-60.7995180897
-61.1033899004
-62.0862478557
-67.2666441086
-70.0
-69.346966699
-69.262258249
-69.3703856818
-69.4562492855
-69.5258924715
-69.5834819673
-69.6319195993
-69.8346899873
-70.0
-70.0
-70.0
-70.0
-70.0
-70.0
-70.0
-70.0
-70.0
-70.0
-70.0
-70.0
-70.0
-70.0
-70.0
-70.0
-70.0
-70.0
-70.0
-70.0
-70.0
-70.0
-70.0
-70.0
-63.2523838579
-59.4287347107
-57.486920732
-62.4833235687
-70.0
-70.0
-70.0
-70.0
-70.0
-70.0
-70.0
-70.0
-70.0
-70.0
-70.0
-70.0
-70.0
-70.0
-70.0
-70.0
-70.0
-70.0
-70.0
-70.0
-70.0
-70.0
-70.0
-70.0
-70.0
-70.0
-70.0
-70.0
-70.0
-70.0
-70.0
-70.0
-70.0
-70.0
-70.0
-63.9582347776
-60.5345678182
-58.7958820487
0
-70.0
-70.0
-70.0
-70.0
-70.0
-70.0
-70.0
-66.7515303482
-64.9107308788
-63.9758935013
-63.6157946247
-63.6125421446
-63.8235059184
-64.1559673187
-64.5502452482
-65.9839037268
-70.0
-70.0
-70.0
-70.0
-70.0
-70.0
-70.0
-70.0
-70.0
-70.0
-70.0
-70.0
-70.0
-70.0
-70.0
-70.0
-69.0677420154
-68.5394624908
-68.2711793597
-68.1678368357
-68.1669034268
-68.2274466006
-68.3228576181
-68.4360089747
-68.5560328229
-70.0
-70.0
-70.0
-70.0
-70.0
-70.0
-70.0
-70.0
-70.0
-70.0
-70.0
-70.0
-70.0
-70.0
-70.0
-70.0
-70.0
-70.0
-70.0
-70.0
-70.0
-70.0
-70.0
-70.0
-70.0
-70.0
-70.0
-63.3451914343
-57.2407999138
-56.0359427182
-62.8998455333
-70.0
-70.0
-70.0
-70.0
-70.0
-70.0
-70.0
-70.0
-70.0
-70.0
-70.0
-70.0
-70.0
-70.0
-70.0
-70.0
-70.0
-70.0
-70.0
-70.0
-70.0
-70.0
-70.0
-70.0
-70.0
-70.0
-70.0
-70.0
-70.0
-70.0
-70.0
-70.0
-70.0
-70.0
-70.0
-70.0
-70.0
-70.0
-70.0
-70.0
-70.0
-70.0
-70.0
-70.0
-70.0
-70.0
-70.0
-70.0
-70.0
-70.0
-70.0
-70.0
-70.0
-70.0
-70.0
-70.0
-70.0
-70.0
-70.0
-70.0
-70.0
-70.0
-70.0
-70.0
-70.0
-70.0
-70.0
-70.0
-70.0
-70.0
-70.0
-70.0
-70.0
-70.0
-70.0
-70.0
-70.0
-70.0
-70.0
-70.0
-66.7442045946
-68.6862162592
-70.0
-70.0
-70.0
-70.0
-70.0
-70.0
-70.0
-63.3733455598
-59.7967413228
-58.6673573782
-65.6908289492
-70.0
-70.0
-70.0
-70.0
-68.2884078055
-67.318505562
-66.8259473638
-66.6362141995
-61.0172165436
-55.6119107319
0
-70.0
-70.0
-70.0
-70.0
-70.0
-70.0
-70.0
-70.0
-70.0
-70.0
-70.0
-70.0
-70.0
-70.0
-70.0
-70.0
-70.0
-70.0
-70.0
-70.0
-70.0
-70.0
-70.0
-70.0
-70.0
-70.0
-70.0
-70.0
-70.0
-70.0
-70.0
-70.0
-70.0
-70.0
-70.0
-70.0
-70.0
-70.0
-70.0
-63.4266263825
-59.701714666
-58.1580437255
-63.1401295279
-70.0
-70.0
-70.0
-70.0
-70.0
-70.0
-70.0
-70.0
-70.0
-70.0
-70.0
-70.0
-70.0
-70.0
-70.0
-70.0
-70.0
-70.0
-70.0
-70.0
-70.0
-64.0665804449
-60.7043093637
-58.9968030695
-58.339072524
-59.0287173372
-60.8442053666
-64.982782351
-70.0
-70.0
-70.0
-70.0
-70.0
-70.0
-70.0
-70.0
-70.0
-70.0
-70.0
-70.0
-70.0
-70.0
-70.0
-70.0
-70.0
-70.0
-70.0
-63.8162208574
-60.3120793433
-58.5325251234
-58.1810908319
-60.2606435549
-66.4618101743
-70.0
-70.0
-70.0
-70.0
-70.0
-70.0
-70.0
-70.0
-70.0
-70.0
-70.0
-70.0
-70.0
-70.0
-70.0
-70.0
-70.0
-70.0
-70.0
-70.0
-70.0
-70.0
-70.0
-63.1923577067
-57.8625141459
-57.0260196868
-61.0049002913
-67.0296134924
-70.0
-70.0
-65.6687946222
-63.2144449081
-61.9680202494
-61.4878981126
-61.48356156
-61.7648409098
-63.9210875381
-62.61899636
-70.0
-70.0
-70.0
-70.0
-70.0
-70.0
-65.0191715881
-59.8633688214
-57.1077748673
-55.8841593326
-55.620518034
-55.9416493204
-56.7748602643
-61.8401856849
-70.0
-70.0
-70.0
-70.0
-70.0
-70.0
-70.0
-70.0
-70.0
-70.0
-70.0
-70.0
-70.0
-70.0
-70.0
-70.0
-70.0
-70.0
-66.216772162
-64.0729430538
-62.9842141538
-62.564836342
-62.5610484435
-56.7285514559
0
-70.0
-70.0
-70.0
-70.0
-70.0
-70.0
-70.0
-70.0
-70.0
-70.0
-70.0
-70.0
-70.0
-70.0
-70.0
-70.0
-70.0
-70.0
-70.0
-70.0
-70.0
-66.6155861505
-64.6977516358
-63.7237925392
-63.3486239965
-63.3452354044
-63.5650277356
-63.9114022098
-65.8785095174
-70.0
-70.0
-70.0
-70.0
-70.0
-70.0
-70.0
-70.0
-70.0
-70.0
-70.0
-70.0
-70.0
-68.1181405404
-70.0
-70.0
-70.0
-70.0
-70.0
-70.0
-70.0
-70.0
-70.0
-70.0
-70.0
-70.0
-70.0
-70.0
-70.0
-70.0
-70.0
-66.3047750753
-64.2108142846
-63.1474106674
-62.7377881415
-62.7340883545
-62.9740655372
-63.3522496623
-65.0208657028
-70.0
-70.0
-70.0
-70.0
-70.0
-70.0
-70.0
-70.0
-70.0
-63.783630924
-60.261021781
-58.4720889025
-57.7829928786
-59.6938708715
-67.9658138513
-70.0
-70.0
-70.0
-70.0
-70.0
-70.0
-70.0
-70.0
-70.0
-70.0
-70.0
-70.0
-70.0
-70.0
-70.0
-70.0
-70.0
-70.0
-70.0
-70.0
-70.0
-64.8935878302
-61.9999542674
-60.5304423207
-59.9643870754
-59.959274359
-60.2908975839
-56.1823352259
-63.801221668
-70.0
-70.0
-70.0
-70.0
-70.0
-70.0
-64.7618058323
-61.793495804
-60.2860599268
-59.705396403
-59.7001517419
-60.0403332205
-61.9809960558
-68.4734676856
-70.0
-70.0
-70.0
-70.0
-70.0
-70.0
-70.0
-70.0
-70.0
-70.0
-70.0
-70.0
-70.0
-70.0
-70.0
-65.9063635884
-63.5866362885
-62.408578699
-61.9547915219
-56.333408881
0
-70.0
-70.0
-70.0
-70.0
-70.0
-70.0
-70.0
-70.0
-70.0
-70.0
-70.0
-70.0
-70.0
-70.0
-70.0
-70.0
-70.0
-70.0
-70.0
-70.0
-70.0
-70.0
-70.0
-70.0
-63.6591694155
-60.0660320843
-58.2412819494
-57.5383891368
-59.1104644397
-67.2362287884
-70.0
-70.0
-70.0
-70.0
-66.1844687395
-64.0223343585
-62.9243092513
-57.5754246194
-54.7802463529
0
-70.0
-70.0
-70.0
-70.0
-70.0
-70.0
-70.0
-70.0
-70.0
-70.0
-70.0
-70.0
-70.0
-70.0
-70.0
-69.3457210131
-67.9419481789
-67.4644478783
-63.5181698057
-61.3664639686
-60.3632250008
-60.0825074534
-60.2446600098
-60.6671295433
-61.2317069454
-62.0307644201
-68.7443575525
-70.0
-70.0
-70.0
-70.0
-70.0
-66.2397108538
-64.1088803377
-63.0267526834
-62.6099176681
-62.6061527366
-62.8503553531
-63.2351984113
-63.6915976325
-66.2842966232
-70.0
-70.0
-70.0
-70.0
-70.0
-70.0
-70.0
-70.0
-70.0
-70.0
-70.0
-70.0
-70.0
-70.0
-70.0
-70.0
-70.0
-70.0
-70.0
-70.0
-70.0
-70.0
-64.3951056731
-61.2189988879
-55.717145965
0
-70.0
-70.0
-70.0
-70.0
-70.0
-70.0
-70.0
-70.0
-70.0
-70.0
-70.0
-70.0
-70.0
-70.0
-70.0
-70.0
-70.0
-70.0
-70.0
-70.0
-70.0
-70.0
-70.0
-70.0
-70.0
-70.0
-70.0
-70.0
-70.0
-70.0
-70.0
-70.0
-70.0
-70.0
-70.0
-70.0
-70.0
-70.0
-70.0
-70.0
-70.0
-70.0
-70.0
-70.0
-70.0
-70.0
-70.0
-70.0
-70.0
-70.0
-70.0
-70.0
-70.0
-70.0
-70.0
-70.0
-70.0
-70.0
-70.0
-70.0
-70.0
-70.0
-70.0
-70.0
-70.0
-70.0
-70.0
-63.2253750025
-61.8706008867
-66.8149008339
-70.0
-70.0
-70.0
-70.0
-70.0
-70.0
-64.0294124767
-60.6460795468
-58.9278771373
-58.2660264537
-58.2600484951
-58.6477934368
-60.8356650877
-59.3920715992
-64.846087956
-70.0
-70.0
-70.0
-66.0554488061
-63.8202031296
-62.6850489527
-62.2477881481
-62.2438387271
-62.5000077836
-62.903708958
-64.2423139482
-65.017400866
-70.0
-70.0
-70.0
-70.0
-70.0
-70.0
-70.0
-70.0
-70.0
-70.0
-63.3974951404
-59.65607572
-60.414809062
-68.2397749238
-70.0
-70.0
-70.0
-70.0
-70.0
-64.8670869404
-61.9584362067
-60.4812978929
-59.9123049748
-59.9071657248
-60.240509984
-60.7658328734
-62.4657689812
-70.0
-70.0
-70.0
-70.0
-70.0
-70.0
-70.0
-70.0
-70.0
-70.0
-70.0
-63.4833642598
-59.790604007
-57.9152610551
-58.4302118147
-62.5124471856
-61.9747211444
-63.345846311
-64.3903265339
-65.2040037832
-65.8520766734
-66.3791845183
-66.8161430747
-67.1844467727
-67.4992807657
-67.7715384694
-68.5476562029
-70.0
-70.0
-70.0
-70.0
-70.0
-70.0
-70.0
-70.0
-70.0
-70.0
-70.0
-70.0
-70.0
-70.0
-70.0
-70.0
-70.0
-70.0
-70.0
-70.0
-70.0
-70.0
-70.0
-70.0
-70.0
-70.0
-70.0
-70.0
-70.0
-70.0
-70.0
-70.0
-70.0
-70.0
-70.0
-70.0
-70.0
-70.0
-63.5976309864
-61.7518841492
-66.6275404106
-68.8592279419
-70.0
-70.0
-70.0
-70.0
-70.0
-70.0
-70.0
-70.0
-70.0
-70.0
-70.0
-70.0
-70.0
-70.0
-70.0
-70.0
-70.0
-70.0
-70.0
-70.0
-70.0
-70.0
-70.0
-70.0
-70.0
-70.0
-70.0
-70.0
-70.0
-70.0
-70.0
-70.0
-70.0
-70.0
-70.0
-70.0
-70.0
-70.0
-70.0
-70.0
-70.0
-70.0
-69.8681295764
-69.7934030031
-69.7554536256
-69.740835545
-69.7407035118
-69.7492675081
-69.7627636556
-69.7787692223
-69.7957469216
-69.8127419771
-70.0
-70.0
-70.0
-70.0
-70.0
-70.0
-70.0
-70.0
-64.9708759765
-62.1210390299
-60.6737688942
-60.116281183
-60.1112458502
-60.4378497889
-62.9088674811
-67.9707192198
-68.2615763311
-70.0
-70.0
-70.0
-70.0
-70.0
-70.0
-63.7424089495
-60.1964406875
-58.9378536641
-54.8847390446
-54.9401550667
-57.8203596559
-61.3801315776
-63.9455088632
-65.6865516058
-66.8749588644
-67.8706712527
-68.7100763092
-63.8771263435
-61.9064581577
-61.1738418923
-61.7336359817
-63.4240348803
-68.232002905
-70.0
-70.0
-70.0
-64.4833642305
-61.3572706278
-59.7697054452
-59.1581761542
-59.8774212372
-61.2454406499
-70.0
-70.0
-70.0
-70.0
-70.0
-70.0
-70.0
-70.0
-70.0
-70.0
-70.0
-70.0
-70.0
-70.0
-70.0
-70.0
-70.0
-70.0
-70.0
-70.0
-64.8352058505
-61.9084891658
-56.5332872939
0
-70.0
-70.0
-70.0
-70.0
-70.0
-70.0
-70.0
-70.0
-70.0
-66.4135446724
-64.3812199868
-63.3491178425
-62.9515526279
-62.9479617448
-63.1808751569
-64.2782516078
-70.0
-70.0
-70.0
-70.0
-70.0
-70.0
-70.0
-70.0
-64.6748153571
-61.6572107261
-60.1247409233
-59.5344343442
-59.5291025852
-59.8749334437
-60.6030121718
-61.7212049857
-57.2247434327
-57.6098417262
-61.6860768121
-68.3827114995
-70.0
-70.0
-70.0
-70.0
-70.0
-70.0
-70.0
-70.0
-70.0
-70.0
-70.0
-70.0
-70.0
-70.0
-70.0
-70.0
-70.0
-70.0
-70.0
-70.0
-70.0
-70.0
-70.0
-70.0
-70.0
-70.0
-70.0
-70.0
-70.0
-70.0
-70.0
-70.0
-70.0
-63.8025512126
-60.2906635665
-58.5071755266
0
-70.0
-70.0
-70.0
-70.0
-70.0
-70.0
-70.0
-70.0
-70.0
-70.0
-70.0
-63.8544742575
-60.3720096701
-58.6034639287
-60.2824273043
-70.0
-70.0
-70.0
-70.0
-70.0
-70.0
-70.0
-70.0
-70.0
-70.0
-70.0
-70.0
-70.0
-63.2325904639
-60.1258458774
-60.5770227405
-64.2780023806
-68.1221731618
-70.0
-70.0
-70.0
-70.0
-70.0
-70.0
-70.0
-70.0
-70.0
-70.0
-70.0
-70.0
-70.0
-70.0
-70.0
-70.0
-70.0
-63.757708923
-60.2204106461
-58.4240179917
-57.732048466
-58.6284041893
-64.4552058575
-70.0
-70.0
-70.0
-70.0
-70.0
-70.0
-70.0
-70.0
-70.0
-70.0
-70.0
-70.0
-70.0
-70.0
-70.0
-70.0
-70.0
-70.0
-70.0
-70.0
-70.0
-70.0
-70.0
-70.0
-70.0
-70.0
-70.0
-70.0
-70.0
-70.0
-70.0
-70.0
-64.8254240677
-61.8931643727
-60.40403641
-59.8304250853
-54.2079601704
0
-70.0
-70.0
-70.0
-70.0
-70.0
-70.0
-70.0
-70.0
-70.0
-70.0
-70.0
-63.6407081388
-60.0371094174
-59.4884372372
-61.1421412453
-66.6644522219
-70.0
-70.0
-70.0
-70.0
-70.0
-70.0
-70.0
-70.0
-70.0
-70.0
-70.0
-70.0
-70.0
-70.0
-70.0
-70.0
-70.0
-70.0
-70.0
-70.0
-70.0
-70.0
-70.0
-70.0
-70.0
-63.2935876476
-59.4932873146
-58.2995817962
-65.8983206134
-70.0
-70.0
-70.0
-70.0
-70.0
-65.0584835982
-62.2582909705
-60.8362323616
-60.2884561175
-60.2835085004
-60.7866729801
-68.3088091093
-70.0
-70.0
-70.0
-70.0
-70.0
-70.0
-70.0
-70.0
-70.0
-70.0
-63.5244922721
-59.855037893
-57.991530669
-58.9322512709
-66.2996145005
-70.0
-70.0
-70.0
-70.0
-70.0
-70.0
-70.0
-70.0
-70.0
-70.0
-70.0
-70.0
-70.0
-70.0
-70.0
-70.0
-70.0
-70.0
-66.3840529475
-64.3350162844
-63.2944270771
-62.8935926501
-62.889972239
-63.1248009176
-63.4948714276
-64.6622064178
-68.4585979628
-70.0
-70.0
-68.9700228315
-68.3863691028
-68.0899645621
-63.0498637596
-60.2574744862
-58.9067917726
-58.466155752
-58.5862356146
-59.038742345
-59.8646104112
-64.5963892414
-70.0
-70.0
-70.0
-70.0
-70.0
-68.015824772
-66.8914588095
-66.3204572717
-66.1005077733
-66.0985211485
-66.2273784686
-66.4304469118
-66.6712730806
-67.3032465101
-70.0
-70.0
-70.0
-70.0
-70.0
-70.0
-70.0
-70.0
-70.0
-70.0
-70.0
-70.0
-70.0
-70.0
-70.0
-70.0
-70.0
-70.0
-70.0
-65.4273844573
-60.5029023164
-57.8647829547
-56.6864185725
-56.4231859908
-56.7178069087
-57.3373192292
-59.0721258003
-65.6369126107
-70.0
-70.0
-70.0
-70.0
-70.0
-70.0
-70.0
-70.0
-70.0
-70.0
-70.0
-70.0
-70.0
-70.0
-70.0
-65.6749471028
-63.3674726833
-62.2040722755
-56.8399703624
-54.0601768691
0
-70.0
-70.0
-70.0
-70.0
-70.0
-70.0
-70.0
-70.0
-70.0
-70.0
-70.0
-70.0
-70.0
-70.0
-70.0
-70.0
-70.0
-70.0
-70.0
-70.0
-70.0
-70.0
-70.0
-70.0
-70.0
-70.0
-70.0
-70.0
-70.0
-70.0
-70.0
-70.0
-70.0
-70.0
-70.0
-70.0
-70.0
-70.0
-70.0
-70.0
-70.0
-70.0
-70.0
-70.0
-70.0
-70.0
-70.0
-70.0
-70.0
-70.0
-70.0
-70.0
-70.0
-70.0
-70.0
-70.0
-70.0
-70.0
-70.0
-70.0
-70.0
-70.0
-70.0
-70.0
-70.0
-70.0
-70.0
-70.0
-69.4207423958
-69.09249642
-68.9257989539
-68.8615871758
-68.861007203
-68.898625646
-68.9579091902
-69.028215677
-69.1027923799
-70.0
-70.0
-70.0
-70.0
-70.0
-70.0
-70.0
-70.0
-70.0
-70.0
-70.0
-70.0
-70.0
-70.0
-64.6364390285
-68.6239516592
-70.0
-70.0
-70.0
-70.0
-70.0
-70.0
-70.0
-70.0
-70.0
-70.0
-70.0
-70.0
-70.0
-70.0
-70.0
-70.0
-70.0
-70.0
-68.1178637088
-67.0513198105
-66.5096828111
-66.3010445178
-66.2991600579
-66.4213907133
-66.6140160828
-66.8424574351
-67.2752686358
-70.0
-70.0
-70.0
-70.0
-70.0
-70.0
-70.0
-70.0
-70.0
-70.0
-70.0
-70.0
-70.0
-70.0
-70.0
-70.0
-70.0
-70.0
-70.0
-70.0
-70.0
-70.0
-70.0
-70.0
-70.0
-70.0
-63.8310349447
-62.8810418794
-70.0
-70.0
-70.0
-70.0
-70.0
-70.0
-70.0
-70.0
-70.0
-70.0
-70.0
-70.0
-70.0
-70.0
-70.0
-70.0
-70.0
-70.0
-70.0
-70.0
-70.0
-70.0
-70.0
-70.0
-70.0
-70.0
-70.0
-70.0
-70.0
-70.0
-70.0
-69.7278034307
-69.7295864858
-69.7396701027
-69.7543979361
-69.7714213716
-69.7892547205
-69.8069795725
-69.824048498
-69.8401549033
-70.0
-70.0
-70.0
-70.0
-70.0
-70.0
-70.0
-70.0
-70.0
-70.0
-64.1443873203
-60.8262068018
-59.1410915973
-58.491986088
-58.6593732228
-61.6777873251
-70.0
-70.0
-70.0
-70.0
-70.0
-70.0
-70.0
-70.0
-70.0
-70.0
-63.4172393752
-59.8686036905
-62.6932646419
-70.0
-70.0
-70.0
-70.0
-70.0
-70.0
-70.0
-70.0
-63.650856691
-60.0530088158
-58.2258664636
-57.8775280587
-60.1465426303
-60.9845271384
-66.6127802089
-70.0
-70.0
-70.0
-70.0
-70.0
-70.0
-70.0
-70.0
-70.0
-70.0
-70.0
-70.0
-70.0
-70.0
-70.0
-70.0
-70.0
-70.0
-70.0
-70.0
-70.0
-70.0
-70.0
-70.0
-70.0
-70.0
-70.0
-70.0
-69.9995917175
-69.9993603574
-69.9992428627
-69.9991976039
-69.9991971951
-69.99922371
-69.9992654952
-69.9993150499
-69.9993676144
-70.0
-70.0
-70.0
-70.0
-70.0
-70.0
-68.1747461337
-67.1404356094
-66.6151681079
-66.4128353367
-66.4110078295
-60.4513550971
-57.193851621
-55.6662211481
-55.2274354927
-55.4565829163
0
-70.0
-70.0
-70.0
-70.0
-70.0
-70.0
-70.0
-70.0
-70.0
-70.0
-70.0
-70.0
-70.0
-70.0
-70.0
-70.0
-65.5317661693
-62.9997669985
-61.7139085961
-61.2185966015
-61.2141228513
-61.5043011728
-62.3335609296
-66.4932321804
-70.0
-70.0
-70.0
-70.0
-70.0
-70.0
-70.0
-70.0
-70.0
-70.0
-63.3695577501
-60.0156039109
-61.175137869
-68.432779464
-70.0
-70.0
-70.0
-70.0
-70.0
-64.4599937647
-61.320656898
-59.7263662148
-59.1122462643
-59.1066994186
-59.4664813305
-70.0
-70.0
-70.0
-70.0
-70.0
-70.0
-70.0
-70.0
-70.0
-70.0
-70.0
-70.0
-70.0
-70.0
-70.0
-70.0
-70.0
-70.0
-70.0
-70.0
-68.4799669181
-67.6186148384
-67.1811830959
-67.0126846139
-67.0111627042
-67.1098774683
-67.2654437445
-67.4499353853
-67.6456325237
-68.0321245981
-68.5139138322
-70.0
-70.0
-70.0
-70.0
-70.0
-70.0
-70.0
-70.0
-70.0
-70.0
-70.0
-70.0
-70.0
-70.0
-70.0
-70.0
-70.0
-70.0
-70.0
-69.0360304992
-68.4897811154
-68.2123721146
-68.1055143103
-62.4872652001
-59.3667402273
-57.8488672361
-57.3431812001
0
-70.0
-70.0
-70.0
-70.0
-70.0
-70.0
-70.0
-70.0
-66.539469665
-64.5785024752
-59.6937498566
-57.1064399568
-55.9838393518
-55.7774843437
-56.127755194
-60.3718471092
-70.0
-70.0
-70.0
-70.0
-70.0
-70.0
-70.0
-70.0
-70.0
-63.6350713373
-60.0282784284
-58.1965934021
-57.4910292729
-57.4846564863
0
-70.0
-70.0
-70.0
-70.0
-70.0
-70.0
-70.0
-70.0
-70.0
-70.0
-70.0
-70.0
-70.0
-70.0
-70.0
-70.0
-70.0
-70.0
-70.0
-70.0
-70.0
-70.0
-70.0
-70.0
-64.568373709
-61.4904521441
-59.9273508004
-59.3252449675
-59.3198066355
-60.243626093
-63.5835970109
-70.0
-70.0
-70.0
-70.0
-70.0
-65.4450679969
-62.8639398618
-61.5531316521
-61.0482090045
-61.0436484491
-61.3394571675
-62.1751515716
-69.512785026
-70.0
-70.0
-70.0
-67.9643906787
-66.81087873
-66.2250756031
-65.9994245402
-65.9973864178
-66.1295839971
-66.3379164114
-66.584985313
-66.8470604768
-60.6635543823
-62.3593342275
-70.0
-70.0
-70.0
-70.0
-70.0
-70.0
-70.0
-70.0
-70.0
-70.0
-70.0
-70.0
-70.0
-70.0
-70.0
-70.0
-70.0
-70.0
-70.0
-70.0
-70.0
-70.0
-70.0
-70.0
-70.0
-70.0
-70.0
-70.0
-70.0
-70.0
-70.0
-70.0
-70.0
-70.0
-70.0
-70.0
-70.0
-70.0
-70.0
-70.0
-70.0
-70.0
-70.0
-70.0
-70.0
-70.0
-70.0
-70.0
-70.0
-70.0
-70.0
-70.0
-70.0
-70.0
-70.0
-70.0
-70.0
-70.0
-70.0
-70.0
-70.0
-70.0
-70.0
-70.0
-70.0
-70.0
-70.0
-70.0
-70.0
-70.0
-70.0
-70.0
-70.0
-70.0
-70.0
-70.0
-70.0
-70.0
-70.0
-70.0
-70.0
-70.0
-70.0
-70.0
-63.3780683425
-60.3697313403
-62.4653100959
-69.8054220637
-70.0
-70.0
-70.0
-70.0
-70.0
-70.0
-70.0
-70.0
-70.0
-70.0
-70.0
-70.0
-70.0
-70.0
-70.0
-70.0
-70.0
-70.0
-70.0
-70.0
-70.0
-70.0
-70.0
-70.0
-70.0
-70.0
-70.0
-70.0
-70.0
-70.0
-70.0
-70.0
-70.0
-70.0
-63.3839132626
-59.6347974448
-62.3651315771
-70.0
-70.0
-70.0
-70.0
-70.0
-70.0
-70.0
-70.0
-70.0
-70.0
-70.0
-70.0
-70.0
-70.0
-70.0
-70.0
-70.0
-70.0
-70.0
-70.0
-70.0
-70.0
-70.0
-70.0
-70.0
-70.0
-70.0
-70.0
-70.0
-70.0
-70.0
-64.323369141
-61.1066116543
-59.4730034404
-58.8437383974
-58.8380547584
-59.7632625231
-63.897952843
-70.0
-70.0
-70.0
-70.0
-70.0
-70.0
-70.0
-70.0
-70.0
-70.0
-70.0
-70.0
-70.0
-70.0
-70.0
-70.0
-64.9300087156
-62.0570136544
-60.5979828292
-60.0359649064
-54.4136047053
0
-70.0
-70.0
-70.0
-70.0
-70.0
-70.0
-70.0
-70.0
-70.0
-70.0
-70.0
-70.0
-70.0
-63.2849803433
-60.4612169313
-65.049898736
-70.0
-70.0
-70.0
-70.0
-70.0
-70.0
-70.0
-70.0
-70.0
-70.0
-70.0
-70.0
-70.0
-70.0
-70.0
-70.0
-70.0
-70.0
-70.0
-70.0
-70.0
-70.0
-70.0
-70.0
-70.0
-70.0
-70.0
-70.0
-70.0
-67.7795381182
-66.6694800889
-66.1144626017
-65.9109700226
-65.9251754745
-66.0695262297
-66.2871524752
-66.5414898067
-60.0825049749
-59.7703107833
-68.0410105072
-70.0
-70.0
-70.0
-70.0
-70.0
-70.0
-70.0
-70.0
-70.0
-70.0
-70.0
-70.0
-70.0
-70.0
-70.0
-70.0
-70.0
-70.0
-70.0
-70.0
-70.0
-70.0
-70.0
-70.0
-70.0
-70.0
-70.0
-70.0
-70.0
-70.0
-70.0
-70.0
-70.0
-70.0
-70.0
-70.0
-70.0
-70.0
-70.0
-70.0
-65.4805500133
-70.0
-70.0
-70.0
-70.0
-70.0
-70.0
-70.0
-70.0
-70.0
-70.0
-70.0
-70.0
-70.0
-70.0
-70.0
-70.0
-70.0
-70.0
-70.0
-70.0
-70.0
-70.0
-70.0
-70.0
-63.2787533137
-57.8860241775
-61.2986030725
-70.0
-70.0
-70.0
-70.0
-70.0
-70.0
-70.0
-70.0
-70.0
-70.0
-70.0
-70.0
-70.0
-70.0
-70.0
-70.0
-70.0
-70.0
-70.0
-70.0
-70.0
-70.0
-70.0
-70.0
-70.0
-70.0
-70.0
-70.0
-70.0
-70.0
-70.0
-70.0
-70.0
-70.0
-70.0
-70.0
-70.0
-70.0
-70.0
-70.0
-70.0
-70.0
-70.0
-70.0
-70.0
-70.0
-63.8461557281
-60.3589773074
-58.5880376781
-57.9058726445
-59.8325501023
-70.0
-70.0
-70.0
-70.0
-70.0
-70.0
-65.3882859576
-62.7749813335
-61.4478325146
-60.9366154728
-60.9319980653
-61.2314943519
-62.1001938099
-63.0668000614
-70.0
-70.0
-70.0
-70.0
-70.0
-70.0
-70.0
-70.0
-70.0
-70.0
-70.0
-70.0
-70.0
-64.3619648444
-65.4186566774
-69.9883005997
-70.0
-66.810014688
-65.0023563446
-64.0843494604
-63.7307336812
-63.7275397576
-63.9347054115
-64.2611812902
-65.6298423475
-70.0
-70.0
-70.0
-70.0
-70.0
-70.0
-70.0
-70.0
-70.0
-70.0
-70.0
-70.0
-70.0
-70.0
-70.0
-70.0
-70.0
-70.0
-70.0
-70.0
-70.0
-70.0
-70.0
-70.0
-70.0
-70.0
-70.0
-70.0
-70.0
-70.0
-70.0
-70.0
-70.0
-70.0
-70.0
-70.0
-70.0
-70.0
-70.0
-70.0
-70.0
-70.0
-70.0
-70.0
-70.0
-70.0
-70.0
-70.0
-70.0
-70.0
-70.0
-70.0
-70.0
-70.0
-70.0
-70.0
-70.0
-70.0
-70.0
-70.0
-70.0
-70.0
-70.0
-70.0
-70.0
-70.0
-70.0
-64.2312447915
-60.9622835066
-59.3021639522
-58.6626867544
-58.6569108773
-59.2233117814
-61.0623214651
-67.2063049656
-70.0
-70.0
-70.0
-70.0
-70.0
-70.0
-70.0
-70.0
-70.0
-70.0
-70.0
-70.0
-70.0
-70.0
-70.0
-70.0
-70.0
-70.0
-66.9338997211
-65.1964428965
-64.3140873718
-63.9742044779
-58.3538506417
-55.3698433186
-54.0671108141
0
-70.0
-70.0
-70.0
-70.0
-70.0
-70.0
-70.0
-70.0
-70.0
-70.0
-70.0
-70.0
-70.0
-70.0
-70.0
-70.0
-70.0
-70.0
-70.0
-70.0
-70.0
-70.0
-70.0
-70.0
-70.0
-70.0
-70.0
-70.0
-70.0
-70.0
-70.0
-70.0
-70.0
-70.0
-70.0
-70.0
-70.0
-70.0
-70.0
-70.0
-70.0
-63.8416269437
-60.3518822119
-58.579639299
-57.8969722413
-57.8908062654
-62.796528664
-70.0
-70.0
-70.0
-70.0
-70.0
-70.0
-70.0
-70.0
-70.0
-70.0
-70.0
-70.0
-70.0
-70.0
-70.0
-70.0
-70.0
-70.0
-70.0
-70.0
-70.0
-70.0
-70.0
-70.0
-70.0
-70.0
-70.0
-70.0
-70.0
-70.0
-70.0
-70.0
-70.0
-70.0
-70.0
-70.0
-70.0
-70.0
-70.0
-70.0
-70.0
-70.0
-70.0
-70.0
-70.0
-70.0
-70.0
-65.3556537859
-60.3905242646
-57.7317624097
-56.5454465498
-56.2821421488
-56.5814214366
-57.2082749614
-58.773335012
-69.9757570045
-70.0
-70.0
-70.0
-70.0
-70.0
-70.0
-70.0
-70.0
-70.0
-70.0
-70.0
-70.0
-70.0
-70.0
-70.0
-70.0
-70.0
-70.0
-70.0
-70.0
-70.0
-63.8506606996
-60.3660350961
-58.5963918974
-57.9147262483
-57.9085693172
-56.1388040141
-65.0391387421
-70.0
-70.0
-70.0
-70.0
-70.0
-70.0
-70.0
-70.0
-70.0
-70.0
-70.0
-70.0
-70.0
-70.0
-70.0
-70.0
-70.0
-70.0
-70.0
-70.0
-70.0
-63.7519228937
-60.2113458667
-54.5243992328
0
-70.0
-70.0
-70.0
-70.0
-70.0
-70.0
-70.0
-70.0
-70.0
-70.0
-70.0
-70.0
-70.0
-70.0
-70.0
-70.0
-70.0
-70.0
-70.0
-70.0
-70.0
-70.0
-70.0
-64.1938319766
-60.9036700968
-59.2327839656
-58.589159488
-58.5833461519
-58.9604132785
-60.3725058383
-66.4111029866
-70.0
-70.0
-70.0
-69.6912831963
-69.5163436742
-69.4275018385
-69.3932800091
-63.7756869606
-60.6126082327
-59.027674055
-58.4424577465
-58.4765793698
-61.5996602409
-67.6932381214
-70.0
-70.0
-70.0
-70.0
-70.0
-70.0
-63.4912522903
-59.8029619215
-58.1181222623
-60.6526401481
-70.0
-70.0
-70.0
-70.0
-70.0
-70.0
-70.0
-70.0
-70.0
-70.0
-70.0
-70.0
-70.0
-70.0
-70.0
-70.0
-70.0
-70.0
-70.0
-70.0
-70.0
-70.0
-70.0
-70.0
-70.0
-70.0
-70.0
-70.0
-70.0
-70.0
-70.0
-70.0
-70.0
-70.0
-70.0
-70.0
