-62.0
-57.4666666667
-55.1644444444
-54.2776296296
-54.2696197531
-54.7891598354
-65.8079118903
-70.0
-70.0
-70.0
-70.0
-70.0
-70.0
-70.0
-70.0
-70.0
-63.3336991312
-59.5561286389
-57.6377153889
-56.8987435926
-57.0410849087
-58.3078360384
-70.0
-70.0
-70.0
-70.0
-70.0
-70.0
-70.0
-70.0
-70.0
-70.0
-63.1053778387
-59.1984252807
-57.2143062365
-56.4500246021
-64.068717678
-70.0
-70.0
-70.0
-70.0
-70.0
-70.0
-70.0
-70.0
-70.0
-70.0
-70.0
-62.4993825278
-58.2490326268
-70.0
-70.0
-70.0
-70.0
-70.0
-70.0
-70.0
-70.0
-70.0
-70.0
-70.0
-70.0
-70.0
-70.0
-70.0
-70.0
-70.0
-70.0
-70.0
-70.0
-70.0
-70.0
-70.0
-70.0
-70.0
-70.0
-70.0
-70.0
-70.0
-70.0
-70.0
-70.0
-70.0
-70.0
-70.0
-70.0
-70.0
-70.0
-70.0
-70.0
-70.0
-70.0
-70.0
-70.0
-70.0
-70.0
-70.0
-70.0
-70.0
-70.0
-70.0
-70.0
-70.0
-70.0
-70.0
-70.0
-70.0
-70.0
-70.0
-70.0
-70.0
-70.0
-70.0
-70.0
-70.0
-70.0
-70.0
-70.0
-70.0
-70.0
-70.0
-70.0
-70.0
-70.0
-70.0
-70.0
-70.0
-70.0
-69.8161666667
-69.7119944444
-69.6590912963
-69.6387130309
-69.6385289706
-69.6504675687
-69.6692818086
-69.6915942923
-69.7152619728
-69.7389538486
-70.0
-70.0
-70.0
-70.0
-70.0
-70.0
-67.8516131687
-66.6341939643
-66.0159359762
-65.7777833175
-65.7756322783
-65.9151539122
-66.1350284288
-66.3957855245
-66.6723802644
-70.0
-70.0
-70.0
-70.0
-70.0
-70.0
-70.0
-67.3427572016
-65.8369862826
-65.0722908551
-64.77773057
-64.7750700467
-64.9476380645
-65.2195909396
-65.6963061143
-67.4966915112
-70.0
-70.0
-70.0
-70.0
-70.0
-70.0
-70.0
-66.747704161
-64.9047365188
-63.9687980496
-63.6082750331
-63.605018722
-63.816230978
-64.1490839657
-64.5438262928
-70.0
-70.0
-70.0
-70.0
-70.0
-70.0
-70.0
-70.0
-63.4550885164
-59.7463053423
-57.8628252598
-57.1373097016
-57.13075671
-61.8463123816
-70.0
-70.0
-70.0
-70.0
-70.0
-70.0
-70.0
-70.0
-70.0
-70.0
-63.1173085404
-59.2171167132
-57.2364310599
-56.4734719658
-56.4665807772
-70.0
-70.0
-70.0
-70.0
-70.0
-70.0
-70.0
-70.0
-70.0
-70.0
-70.0
-63.059727887
-59.126907023
-57.1296509371
-56.3603089211
-57.1281214724
-66.3411939057
-70.0
-70.0
-70.0
-70.0
-70.0
-70.0
-70.0
-70.0
-70.0
-70.0
-62.9639038964
-58.976782771
-56.9519506701
-56.1719863872
-62.2089356073
-69.949744602
-70.0
-70.0
-70.0
-70.0
-70.0
-70.0
-70.0
-70.0
-70.0
-70.0
-70.0
-70.0
-70.0
-70.0
-70.0
-70.0
-70.0
-70.0
-70.0
-70.0
-70.0
-70.0
-70.0
-70.0
-70.0
-70.0
-70.0
-70.0
-70.0
-70.0
-70.0
-70.0
-70.0
-70.0
-70.0
-70.0
-70.0
-70.0
-70.0
-70.0
-70.0
-70.0
-70.0
-70.0
-70.0
-70.0
-70.0
-70.0
-70.0
-70.0
-70.0
-70.0
-70.0
-70.0
-70.0
-70.0
-70.0
-70.0
-70.0
-70.0
-70.0
-70.0
-70.0
-70.0
-70.0
-70.0
-70.0
-70.0
-70.0
-70.0
-70.0
-70.0
-70.0
-70.0
-70.0
-70.0
-70.0
-70.0
-70.0
-70.0
-70.0
-70.0
-70.0
-70.0
-70.0
-70.0
-70.0
-70.0
-70.0
-70.0
-70.0
-70.0
-70.0
-70.0
-70.0
-70.0
-70.0
-70.0
-70.0
-70.0
-70.0
-70.0
-70.0
-70.0
-70.0
-70.0
-70.0
-70.0
-70.0
-70.0
-70.0
-70.0
-70.0
-70.0
-70.0
-70.0
-70.0
-70.0
-70.0
-70.0
-70.0
-70.0
-70.0
-70.0
-70.0
-70.0
-70.0
-70.0
-70.0
-70.0
-70.0
-70.0
-70.0
-70.0
-70.0
-70.0
-70.0
-70.0
-68.0880699588
-67.0046429355
-66.454431957
-66.2424909713
-66.2405766809
-66.3647422173
-66.5604167985
-66.7924743206
-67.0386263566
-70.0
-70.0
-70.0
-70.0
-70.0
-70.0
-70.0
-67.5964897119
-66.2345005487
-65.5428236991
-65.2763901328
-65.2739836552
-65.4300736468
-65.6760585202
-65.9677808269
-66.7475682344
-70.0
-70.0
-70.0
-70.0
-70.0
-70.0
-70.0
-67.3786661391
-65.8932436179
-65.1388819846
-64.8483022718
-64.8456777018
-65.015913703
-65.2841915136
-65.6023518162
-66.4086945493
-67.9574383922
-70.0
-70.0
-70.0
-70.0
-70.0
-70.0
-68.5624814815
-67.7478876543
-67.3342017695
-67.1748501797
-67.1734108865
-67.2667669476
-67.4138883528
-67.5883649174
-67.7734386923
-68.7435786976
-70.0
-70.0
-70.0
-70.0
-70.0
-70.0
-67.7761728395
-66.5160041152
-65.8760360768
-65.6295207179
-65.6272941453
-65.7717150635
-65.9993104457
-66.2692239934
-66.5555313223
-70.0
-70.0
-70.0
-70.0
-70.0
-70.0
-70.0
-67.757382716
-66.4865662551
-65.8411908368
-65.5925925578
-65.5903471719
-65.7359883679
-65.9655068066
-66.2377009763
-66.5264274455
-70.0
-70.0
-70.0
-70.0
-70.0
-70.0
-70.0
-67.6649753086
-66.3417946502
-65.6698264335
-65.4109846223
-65.4086467149
-65.5602890799
-65.7992648629
-66.0826748373
-66.5418170788
-67.5593381021
-70.0
-70.0
-70.0
-70.0
-70.0
-70.0
-66.7282375056
-64.8742387587
-63.9326982187
-63.5700172873
-63.5667414856
-63.7792179551
-64.1140632383
-64.5111683002
-65.2453711424
-66.316550442
-70.0
-70.0
-70.0
-70.0
-70.0
-70.0
-70.0
-70.0
-70.0
-70.0
-70.0
-70.0
-70.0
-70.0
-70.0
-70.0
-70.0
-70.0
-70.0
-70.0
-70.0
-70.0
-68.6666831276
-67.9111368999
-67.5274379332
-67.3796372888
-67.3783023259
-67.4648912706
-67.6013482617
-67.7631775144
-67.9348358154
-68.578167102
-70.0
-70.0
-70.0
-70.0
-70.0
-70.0
-67.9038148148
-66.7159765432
-66.1127410288
-65.8803750192
-65.8782762461
-66.0144077741
-66.2289397651
-66.4833609675
-66.75323499
-70.0
-70.0
-70.0
-70.0
-70.0
-70.0
-70.0
-67.2867325103
-65.7492142661
-64.9683961774
-64.6676254516
-64.6649088344
-64.8411152363
-65.1188019028
-65.448120506
-65.9559597358
-67.0222275302
-70.0
-70.0
-70.0
-70.0
-70.0
-70.0
-66.2672394622
-64.1520084908
-63.0778029582
-62.6640195401
-62.6602821712
-62.9026970108
-63.2847226809
-63.7377806603
-64.5317375498
-70.0
-70.0
-70.0
-70.0
-70.0
-70.0
-70.0
-67.3744321445
-65.8866103598
-65.1310302769
-64.839981218
-64.8373524087
-65.0078633762
-65.2765745108
-65.5952487079
-65.9332782692
-66.9019442646
-70.0
-70.0
-70.0
-70.0
-70.0
-70.0
-69.0036502058
-68.439051989
-68.1523246594
-68.0418774396
-68.0408798597
-68.1055853165
-68.2075557466
-68.3284861465
-68.4567615149
-68.5851680188
-70.0
-70.0
-70.0
-70.0
-70.0
-70.0
-67.9508312757
-66.7896356653
-66.1999304435
-65.9727762957
-65.9707245971
-66.1038027581
-66.3135228961
-66.562237549
-66.8260584224
-69.1296202466
-70.0
-70.0
-70.0
-70.0
-70.0
-70.0
-67.533037037
-66.135091358
-65.4251542387
-65.1516868258
-65.1492168172
-65.3094275848
-65.5619064592
-65.8613302352
-66.1789401596
-67.2825668576
-70.0
-70.0
-70.0
-70.0
-70.0
-70.0
-67.8088160811
-66.5671451937
-65.9365711548
-65.6936743597
-65.6914804706
-65.8337814548
-66.0580359968
-66.3239875221
-66.6060921866
-67.3610694813
-70.0
-70.0
-70.0
-70.0
-70.0
-70.0
-68.8599938272
-68.2139903292
-67.8859218861
-67.7595500908
-67.7584086772
-67.8324435398
-67.9491163394
-68.0874828078
-68.2342532619
-68.5396925104
-70.0
-70.0
-70.0
-70.0
-70.0
-70.0
-68.149617284
-67.1010670782
-66.5685680521
-66.3634497014
-66.3615970343
-66.4817655329
-66.6711411142
-66.8957284259
-67.1339565321
-68.3169728147
-70.0
-70.0
-70.0
-70.0
-70.0
-70.0
-69.2414279835
-68.8115705075
-68.5932703384
-68.5091812256
-68.5084217171
-68.557685288
-68.6353205877
-68.7273910812
-68.8250536746
-68.9228161082
-70.0
-70.0
-70.0
-70.0
-70.0
-70.0
-66.8143323815
-65.009120731
-64.0923563831
-63.7392192282
-63.7360296276
-63.9429148797
-64.2689488683
-64.6556042992
-65.0657440811
-67.836588647
-70.0
-70.0
-70.0
-70.0
-70.0
-70.0
-67.2163705049
-65.6389804577
-64.8379137475
-64.5293432631
-64.526556197
-64.7073320841
-64.9922198803
-65.3300785619
-65.6884578189
-66.8328955278
-70.0
-70.0
-70.0
-70.0
-70.0
-70.0
-70.0
-70.0
-70.0
-70.0
-70.0
-70.0
-70.0
-70.0
-70.0
-70.0
-70.0
-70.0
-70.0
-70.0
-70.0
-70.0
-68.6412695473
-67.8713222908
-67.4803098605
-67.3296920737
-67.3283316658
-67.4165710322
-67.555628951
-67.7205427372
-67.8954729177
-68.386537555
-70.0
-70.0
-70.0
-70.0
-70.0
-70.0
-67.8408888889
-66.6173925926
-65.9960483951
-65.75670693
-65.7545451534
-65.8947632489
-66.1157353313
-66.3777940696
-66.8142882617
-67.8091380827
-70.0
-70.0
-70.0
-70.0
-70.0
-70.0
-68.6422769864
-67.8729006121
-67.4821781004
-67.3316719901
-67.3303125909
-67.4184865316
-67.557441345
-67.7222328549
-67.8970333323
-68.0720125077
-70.0
-70.0
-70.0
-70.0
-70.0
-70.0
-66.8378473008
-65.0459607712
-64.1359634944
-63.7854330119
-63.7822669553
-63.9876250895
-64.311252467
-64.6950538113
-65.1021661575
-66.2958363705
-70.0
-70.0
-70.0
-70.0
-70.0
-70.0
-69.0712901235
-68.5450211934
-68.2777591289
-68.1748099193
-68.1738800629
-68.2341928136
-68.3292407036
-68.4419614141
-68.5615284599
-68.6812177388
-70.0
-70.0
-70.0
-70.0
-70.0
-70.0
-70.0
-70.0
-70.0
-70.0
-70.0
-70.0
-70.0
-70.0
-70.0
-70.0
-70.0
-70.0
-70.0
-70.0
-70.0
-70.0
-67.1074419128
-65.4683256634
-64.6359117249
-64.3152663044
-64.3123701752
-64.5002201586
-64.7962561433
-65.1473358627
-65.5197391656
-69.3294996985
-70.0
-70.0
-70.0
-70.0
-70.0
-70.0
-67.7575596708
-66.4868434842
-65.8415189895
-65.5929403263
-65.5906951175
-65.7363248217
-65.9658251501
-66.2379978422
-66.5267015293
-67.6009820231
-70.0
-70.0
-70.0
-70.0
-70.0
-70.0
-68.5499151103
-67.7282003395
-67.3108981323
-67.150153537
-67.1487016619
-67.2428738147
-67.3912813126
-67.5672831009
-67.7539747372
-67.9408572278
-70.0
-70.0
-70.0
-70.0
-70.0
-70.0
-68.7614423868
-68.0595930727
-67.7031637151
-67.5658673101
-67.5646272234
-67.6450622639
-67.7718212128
-67.9221492083
-68.0816076987
-68.241229203
-70.0
-70.0
-70.0
-70.0
-70.0
-70.0
-68.6850411523
-67.9398978052
-67.5614818701
-67.4157162468
-67.4143996645
-67.499796393
-67.6343745503
-67.7939756264
-67.9632704178
-68.2912570301
-70.0
-70.0
-70.0
-70.0
-70.0
-70.0
-69.9200864198
-69.8748020576
-69.8518047051
-69.8429461367
-69.8428661245
-69.848055913
-69.856234589
-69.865933975
-69.876222474
-69.886521491
-70.0
-70.0
-70.0
-70.0
-70.0
-70.0
-67.0802913514
-65.4257897839
-64.5855625173
-64.2619074067
-64.2589840935
-64.4485973024
-64.7474119844
-65.1017870607
-65.4776858712
-66.0128981294
-70.0
-70.0
-70.0
-70.0
-70.0
-70.0
-66.9139224849
-65.1651452263
-64.2770406969
-63.9349432894
-63.9318534019
-64.1322710227
-64.4481125611
-64.8226803988
-65.2199984214
-66.0907564517
-70.0
-70.0
-70.0
-70.0
-70.0
-70.0
-70.0
-70.0
-70.0
-70.0
-70.0
-70.0
-70.0
-70.0
-70.0
-70.0
-70.0
-70.0
-70.0
-70.0
-70.0
-70.0
-69.1300349794
-68.6370548011
-68.3866982007
-68.2902609672
-68.2893899281
-68.3458876404
-68.4349233464
-68.5405139918
-68.6525179127
-68.7646363348
-70.0
-70.0
-70.0
-70.0
-70.0
-70.0
-68.2549547325
-67.2660957476
-66.7639104984
-66.5704689989
-66.5687217993
-66.6820494195
-66.8606443444
-67.0724464878
-67.2971128909
-67.6805277211
-70.0
-70.0
-70.0
-70.0
-70.0
-70.0
-68.9055547642
-68.2853691306
-67.9704121128
-67.8490908316
-67.8479950352
-67.9190710562
-68.0310809669
-68.1639175478
-68.3048222447
-68.4458709881
-70.0
-70.0
-70.0
-70.0
-70.0
-70.0
-66.9422852072
-65.209580158
-64.3296377898
-63.9906844426
-63.9876229528
-64.1861986272
-64.499137411
-64.8702627675
-65.2639292225
-66.4441397986
-70.0
-70.0
-70.0
-70.0
-70.0
-70.0
-69.5671666667
-69.3218944444
-69.1973346296
-69.1493542531
-69.1489208854
-69.1770301686
-69.2213280662
-69.2738625359
-69.3295877999
-69.3853700316
-70.0
-70.0
-70.0
-70.0
-70.0
-70.0
-70.0
-70.0
-70.0
-70.0
-70.0
-70.0
-70.0
-70.0
-70.0
-70.0
-70.0
-70.0
-70.0
-70.0
-70.0
-70.0
-67.0663260267
-65.4039107751
-64.5596645984
-64.2344614057
-64.2315241099
-64.4220442621
-64.7222882114
-65.0783583072
-65.4560550878
-66.4626616662
-70.0
-70.0
-70.0
-70.0
-70.0
-70.0
-67.7414691358
-66.4616349794
-65.8116799863
-65.5613176575
-65.5590563383
-65.7057310022
-65.9368781005
-66.2110037561
-66.5017790243
-66.9517807186
-70.0
-70.0
-70.0
-70.0
-70.0
-70.0
-68.7534624354
-68.0470911488
-67.6883653386
-67.5501843411
-67.5489362646
-67.6298895432
-67.7574651923
-67.908761742
-68.0692476137
-68.2298975497
-70.0
-70.0
-70.0
-70.0
-70.0
-70.0
-68.9035102881
-68.282166118
-67.9666207453
-67.8450728302
-67.8439749868
-67.9151837812
-68.0274029318
-68.1604876578
-68.3016555714
-68.4429678006
-70.0
-70.0
-70.0
-70.0
-70.0
-70.0
-68.7119115226
-67.9819947188
-67.6113114792
-67.4685244861
-67.4672348074
-67.5508865066
-67.6827146426
-67.8390543694
-68.0048897265
-68.1708946166
-70.0
-70.0
-70.0
-70.0
-70.0
-70.0
-70.0
-70.0
-70.0
-70.0
-70.0
-70.0
-70.0
-70.0
-70.0
-70.0
-70.0
-70.0
-70.0
-70.0
-70.0
-70.0
-66.7810477054
-64.9569747384
-64.0306318003
-63.6738049774
-63.6705820511
-63.8796288936
-64.2090693693
-64.5997646758
-65.0141897038
-65.4290383971
-70.0
-70.0
-70.0
-70.0
-70.0
-70.0
-66.9681324602
-65.2500741876
-64.3775700845
-64.0414819531
-64.0384463425
-64.2353434314
-64.5456369037
-64.9136250903
-65.3039638326
-65.6947016168
-70.0
-70.0
-70.0
-70.0
-70.0
-70.0
-70.0
-70.0
-70.0
-70.0
-70.0
-70.0
-70.0
-70.0
-70.0
-70.0
-70.0
-70.0
-70.0
-70.0
-70.0
-70.0
-70.0
-70.0
-70.0
-70.0
-70.0
-70.0
-70.0
-70.0
-70.0
-70.0
-70.0
-70.0
-70.0
-70.0
-70.0
-70.0
-69.7409120028
-69.594095471
-69.5195357029
-69.4908153187
-69.4905559108
-69.5073817357
-69.5338978395
-69.5653442404
-69.5987006063
-69.6320910723
-70.0
-70.0
-70.0
-70.0
-70.0
-70.0
-68.4791235948
-67.6172936319
-67.1796191997
-67.0110272338
-67.0095044798
-67.1082740114
-67.2639265966
-67.4485205945
-67.6443263068
-67.8403321906
-70.0
-70.0
-70.0
-70.0
-70.0
-70.0
-66.884649721
-65.119284563
-64.2227559827
-63.8774136351
-63.8742944387
-64.0766131062
-64.3954505366
-64.7735713102
-65.174658064
-65.5761548475
-70.0
-70.0
-70.0
-70.0
-70.0
-70.0
-68.8099547325
-68.1355957476
-67.7931271651
-67.6612084434
-67.6600169289
-67.7373014559
-67.859095457
-68.0035353423
-68.1567480955
-68.3101174775
-70.0
-70.0
-70.0
-70.0
-70.0
-70.0
-70.0
-70.0
-70.0
-70.0
-70.0
-70.0
-70.0
-70.0
-70.0
-70.0
-70.0
-70.0
-70.0
-70.0
-70.0
-70.0
-68.7692239951
-68.071784259
-67.7175942753
-67.581160476
-67.5799281805
-67.6598578638
-67.7858204117
-67.9352039267
-68.0936605715
-68.252279206
-70.0
-70.0
-70.0
-70.0
-70.0
-70.0
-67.2060298226
-65.6227800555
-64.8187375266
-64.5090207585
-64.5062233389
-64.6876707759
-64.9736168789
-65.3127306448
-65.6724412161
-66.0325195184
-70.0
-70.0
-70.0
-70.0
-70.0
-70.0
-68.6177016462
-67.8343992457
-67.4366044972
-67.2833741648
-67.2819901599
-67.371760085
-67.5132300372
-67.6810043406
-67.858968778
-68.0371151478
-70.0
-70.0
-70.0
-70.0
-70.0
-70.0
-68.8960473251
-68.2704741427
-67.9527810951
-67.8304058967
-67.8293005812
-67.9009940391
-68.0139769792
-68.1479675107
-68.2900962458
-68.4323702788
-70.0
-70.0
-70.0
-70.0
-70.0
-70.0
-68.9374547325
-68.3353457476
-68.0295688317
-67.9117837212
-67.9107198641
-67.9797242211
-68.0884693612
-68.2174341333
-68.3542318587
-68.491169432
-70.0
-70.0
-70.0
-70.0
-70.0
-70.0
-67.4749040679
-66.044016373
-65.317349877
-65.0374383168
-65.0349101034
-65.198896172
-65.4573246074
-65.7638041817
-66.0888984536
-66.4143250683
-70.0
-70.0
-70.0
-70.0
-70.0
-70.0
-66.9221612353
-65.178052602
-64.292319002
-63.9511348752
-63.9480532366
-64.1479358123
-64.4629341639
-64.8365020361
-65.2327593582
-65.6294217729
-70.0
-70.0
-70.0
-70.0
-70.0
-70.0
-67.0244819024
-65.3383549804
-64.4820669945
-64.1522253032
-64.1492461116
-64.3424837263
-64.6470101709
-65.0081590319
-65.3912430475
-65.7747186886
-70.0
-70.0
-70.0
-70.0
-70.0
-70.0
-70.0
-70.0
-70.0
-70.0
-70.0
-70.0
-70.0
-70.0
-70.0
-70.0
-70.0
-70.0
-70.0
-70.0
-70.0
-70.0
-70.0
-70.0
-70.0
-70.0
-70.0
-70.0
-70.0
-70.0
-70.0
-70.0
-70.0
-70.0
-70.0
-70.0
-70.0
-70.0
-69.5087673553
-69.23040219
-69.0890363511
-69.0345823028
-69.0340904637
-69.0659923448
-69.1162670619
-69.1758896568
-69.2391335585
-69.3024421143
-70.0
-70.0
-70.0
-70.0
-70.0
-70.0
-69.5963832926
-69.3676671584
-69.2515152393
-69.2067735798
-69.2063694648
-69.232581347
-69.273889098
-69.3228774454
-69.3748412057
-69.4268580883
-70.0
-70.0
-70.0
-70.0
-70.0
-70.0
-68.7093233314
-67.9779398858
-67.6065118223
-67.4634379234
-67.4621456533
-67.5459654362
-67.678058458
-67.8347123225
-68.0008808971
-68.1672193453
-70.0
-70.0
-70.0
-70.0
-70.0
-70.0
-69.9880864198
-69.9813353909
-69.9779069273
-69.9765862849
-69.9765743566
-69.9773480544
-69.9785673379
-69.9800133301
-69.9815471478
-69.9830825334
-70.0
-70.0
-70.0
-70.0
-70.0
-70.0
-70.0
-70.0
-70.0
-70.0
-70.0
-70.0
-70.0
-70.0
-70.0
-70.0
-70.0
-70.0
-70.0
-70.0
-70.0
-70.0
-69.997390315
-69.9959114936
-69.9951604842
-69.9948711958
-69.9948685829
-69.9950380624
-69.995305148
-69.9956218944
-69.9959578792
-69.9962942073
-70.0
-70.0
-70.0
-70.0
-70.0
-70.0
-68.9191058852
-68.3065992201
-67.9955419137
-67.8757227994
-67.8746405709
-67.944836548
-68.0554595827
-68.1866514175
-68.3258114711
-68.4651137875
-70.0
-70.0
-70.0
-70.0
-70.0
-70.0
-69.2280370372
-68.7905913583
-68.5684375723
-68.4828640484
-68.4820911324
-68.532224345
-68.6112301278
-68.7049259265
-68.8043125415
-68.9038007591
-70.0
-70.0
-70.0
-70.0
-70.0
-70.0
-70.0
-70.0
-70.0
-70.0
-70.0
-70.0
-70.0
-70.0
-70.0
-70.0
-70.0
-70.0
-70.0
-70.0
-70.0
-70.0
-70.0
-70.0
-70.0
-70.0
-70.0
-70.0
-70.0
-70.0
-70.0
-70.0
-70.0
-70.0
-70.0
-70.0
-70.0
-70.0
-69.8276152451
-69.7299305507
-69.6803220491
-69.6612128798
-69.6610402822
-69.6722353809
-69.6898779274
-69.7108008578
-69.7329945874
-69.7552110056
-69.9333912182
-70.0
-70.0
-70.0
-70.0
-70.0
-70.0
-70.0
-70.0
-70.0
-70.0
-70.0
-70.0
-70.0
-70.0
-70.0
-70.0
-70.0
-70.0
-70.0
-70.0
-70.0
-70.0
-70.0
-70.0
-70.0
-70.0
-70.0
-70.0
-70.0
-70.0
-70.0
-70.0
-70.0
-70.0
-70.0
-70.0
-70.0
-70.0
-70.0
-70.0
-70.0
-70.0
-70.0
-70.0
-70.0
-70.0
-70.0
-70.0
-70.0
-70.0
-70.0
-70.0
-70.0
-69.5240896656
-69.2544071428
-69.1174507244
-69.0646951825
-69.0642186846
-69.0951254964
-69.1438320669
-69.2015949403
-69.2628661664
-69.3242000298
-69.3835270135
-70.0
-70.0
-70.0
-70.0
-70.0
-69.6841733097
-69.5052048518
-69.4143169487
-69.3793069752
-69.3789907586
-69.3995013367
-69.4318243057
-69.4701572769
-69.5108184837
-69.5515212583
-69.5908922145
-70.0
-70.0
-70.0
-70.0
-70.0
-70.0
-70.0
-70.0
-70.0
-70.0
-70.0
-70.0
-70.0
-70.0
-70.0
-70.0
-70.0
-70.0
-70.0
-70.0
-70.0
-70.0
-70.0
-70.0
-70.0
-70.0
-70.0
-70.0
-70.0
-70.0
-70.0
-70.0
-70.0
-70.0
-70.0
-70.0
-70.0
-70.0
-70.0
-70.0
-70.0
-70.0
-70.0
-70.0
-70.0
-70.0
-70.0
-70.0
-70.0
-70.0
-70.0
-70.0
-70.0
-70.0
-70.0
-70.0
-70.0
-70.0
-70.0
-70.0
-70.0
-70.0
-70.0
-70.0
-70.0
-70.0
-70.0
-70.0
-70.0
-70.0
-70.0
-70.0
-70.0
-70.0
-70.0
-70.0
-70.0
-70.0
-70.0
-70.0
-70.0
-70.0
-70.0
-70.0
-70.0
-69.1374747103
-68.6487103795
-68.4004947684
-68.3048822427
-68.3040186526
-68.3600332101
-68.4483075043
-68.552995164
-68.6640412543
-68.7752008667
-69.1968508755
-70.0
-70.0
-70.0
-70.0
-70.0
-70.0
-70.0
-70.0
-70.0
-70.0
-70.0
-70.0
-70.0
-70.0
-70.0
-70.0
-70.0
-70.0
-70.0
-70.0
-70.0
-70.0
-70.0
-70.0
-70.0
-70.0
-70.0
-70.0
-70.0
-70.0
-70.0
-70.0
-70.0
-70.0
-70.0
-70.0
-70.0
-70.0
-70.0
-70.0
-70.0
-70.0
-70.0
-70.0
-70.0
-70.0
-70.0
-70.0
-70.0
-70.0
-70.0
-70.0
-70.0
-70.0
-70.0
-70.0
-70.0
-70.0
-70.0
-70.0
-70.0
-70.0
-70.0
-70.0
-70.0
-70.0
-70.0
-70.0
-70.0
-70.0
-70.0
-70.0
-70.0
-70.0
-70.0
-70.0
-70.0
-70.0
-70.0
-70.0
-70.0
-70.0
-70.0
-70.0
-70.0
-70.0
-70.0
-70.0
-70.0
-70.0
-70.0
-70.0
-70.0
-70.0
-70.0
-70.0
-70.0
-70.0
-70.0
-70.0
-70.0
-70.0
-70.0
-70.0
-70.0
-70.0
-70.0
-70.0
-70.0
-70.0
-70.0
-70.0
-70.0
-70.0
-70.0
-70.0
-70.0
-70.0
-70.0
-70.0
-70.0
-70.0
-70.0
-70.0
-70.0
-70.0
-70.0
-70.0
-70.0
-70.0
-70.0
-70.0
-70.0
-70.0
-70.0
-70.0
-70.0
-70.0
-70.0
-70.0
-70.0
-70.0
-70.0
-70.0
-70.0
-70.0
-70.0
-70.0
-70.0
