-70.0
-70.0
-70.0
-63.493828125
-57.6382734375
-54.5369981771
0
-70.0
-70.0
-70.0
-70.0
-70.0
-70.0
-70.0
-70.0
-70.0
-70.0
-70.0
-70.0
-70.0
-70.0
-70.0
-70.0
-70.0
-70.0
-70.0
-70.0
-70.0
-64.5253576319
-59.2565894567
-54.286971403
0
-70.0
-70.0
-70.0
-70.0
-70.0
-69.6986221801
-69.6766907211
-69.6743088216
-69.6837360546
-69.6999345258
-69.7196557911
-69.7408333572
-69.7621787849
-70.0
-70.0
-70.0
-70.0
-70.0
-70.0
-70.0
-70.0
-70.0
-70.0
-70.0
-63.9361393282
-60.4999516141
-58.7549072652
-58.4533165662
-65.5496227763
-68.0376752203
-68.3059713373
-68.5234166295
-68.8507342691
-69.0854337105
-69.2567389183
-69.3842974124
-69.4813559285
-69.5568791738
-69.6169638152
-63.3451501347
-60.1774537786
-57.020528454
-60.4232040884
-65.1251250885
-68.9802422726
-70.0
-70.0
-70.0
-70.0
-70.0
-70.0
-70.0
-70.0
-70.0
-70.0
-70.0
-70.0
-70.0
-70.0
-70.0
-70.0
-70.0
-70.0
-70.0
-70.0
-70.0
-70.0
-63.6645919831
-64.4568405765
-70.0
-70.0
-70.0
-70.0
-70.0
-70.0
-70.0
-70.0
-70.0
-63.9029600667
-60.4479707712
-58.6933781682
-54.9525336357
-58.2816053392
-70.0
-70.0
-70.0
-70.0
-70.0
-70.0
-70.0
-70.0
-70.0
-70.0
-70.0
-70.0
-70.0
-70.0
-70.0
-70.0
-70.0
-70.0
-70.0
-65.1871791236
-62.4599139604
-61.0748910637
-60.5413809569
-60.5365621943
-60.8491188636
-55.6209107172
-54.6467428371
-58.9043237186
-65.9351706516
-66.3578706908
-66.8719665524
-67.4323228695
-67.8541258974
-68.1787368509
-68.4342121947
-68.6396903278
-68.8083208634
-68.9492218226
-69.8196199487
-70.0
-70.0
-70.0
-70.0
-70.0
-70.0
-70.0
-70.0
-70.0
-70.0
-70.0
-70.0
-70.0
-70.0
-70.0
-70.0
-70.0
-70.0
-65.5047919671
-62.9575074151
-58.0720235895
-55.5383325078
-54.5001734419
-54.3939388876
-55.0311471162
-58.9292297525
-65.3662594072
-70.0
-68.8711770427
-68.2315107002
-67.906660538
-67.7815284228
-62.593047126
-59.726856777
-58.3495806751
-57.9115623247
-58.051699237
-58.5340580765
-54.4344415026
-56.8069063571
-62.2601954632
-67.1744032279
-70.0
-70.0
-70.0
-70.0
-64.5018688467
-61.3862611931
-59.8040212278
-59.1945432078
-59.1890382888
-60.2925461616
-62.5778741689
-70.0
-70.0
-70.0
-70.0
-70.0
-70.0
-70.0
-70.0
-70.0
-64.0422910888
-60.6662560391
-58.951759808
-54.1283656228
-56.4652318228
-61.8967969452
-68.4642032927
-70.0
-70.0
-70.0
-70.0
-70.0
-70.0
-64.0730237914
-60.7144039399
-59.0087518976
-59.4941449426
-63.7164505562
-69.0987113246
-70.0
-70.0
-70.0
-70.0
-70.0
-70.0
-70.0
-63.8997501933
-62.7411451269
-65.9040117545
-69.8137970444
-70.0
-70.0
-70.0
-70.0
-70.0
-70.0
-63.9714252661
-58.4054089585
-55.452285542
-54.1653353074
-56.5802573111
-65.3974735589
-70.0
-70.0
-70.0
-70.0
-70.0
-70.0
-70.0
-70.0
-70.0
-70.0
-70.0
-70.0
-70.0
-70.0
-70.0
-70.0
-70.0
-70.0
-66.822574762
-65.0220337938
-64.1076414198
-63.755417948
-63.7522366
-63.9585865712
-64.2837770016
-64.6694320264
-65.8218064319
-70.0
-70.0
-70.0
-70.0
-70.0
-70.0
-70.0
-65.3356884687
-62.692578601
-61.3502933936
-60.8332458228
-60.8285757528
-61.1314878524
-55.7348080951
-56.3725987397
-65.0493560741
-70.0
-70.0
-70.0
-67.7679113584
-66.5030611281
-65.860715619
-65.6132844596
-65.6110496153
-65.7560070548
-65.9844479501
-66.2553642222
-66.5427351781
-67.802628576
-65.1711922377
-69.8351848094
-70.0
-69.8396627338
-70.0
-70.0
-70.0
-70.0
-64.4996718258
-61.3828191937
-59.7999469747
-59.1902254108
-59.3797235623
-61.5733780368
-63.5342048598
-67.4185722837
-70.0
-70.0
-70.0
-70.0
-70.0
-70.0
-70.0
-70.0
-70.0
-63.8013600639
-60.4815835798
-61.5303405477
-69.1170158508
-70.0
-70.0
-70.0
-70.0
-70.0
-70.0
-70.0
-70.0
-64.0895071102
-60.7402278059
-55.4707897826
0
-70.0
-70.0
-70.0
-70.0
-70.0
-70.0
-70.0
-70.0
-70.0
-70.0
-70.0
-70.0
-70.0
-70.0
-70.0
-70.0
-70.0
-70.0
-70.0
-70.0
-70.0
-70.0
-70.0
-64.7195195463
-61.7272472891
-60.2076423586
-59.6222913216
-59.617004322
-55.1657617272
-58.0002340321
-62.5153269645
-66.7072986825
-69.5340003386
-70.0
-70.0
-70.0
-70.0
-70.0
-70.0
-70.0
-70.0
-64.6066720463
-65.4465187862
-70.0
-70.0
-70.0
-70.0
-70.0
-70.0
-70.0
-70.0
-70.0
-64.2955909219
-61.0630924443
-59.4214902763
-58.7891459663
-58.7834345147
-62.635652659
-70.0
-70.0
-70.0
-70.0
-70.0
-70.0
-70.0
-70.0
-70.0
-70.0
-64.0124573873
-60.6195165734
-58.896434866
-58.2327046793
-59.3479490859
-67.2926270069
-70.0
-70.0
-70.0
-68.3042034428
-65.2105343521
-63.5139817526
-59.1577212872
-56.9053742984
-55.9904536286
-55.9084861057
-56.3290227218
-57.037043934
-58.6465803002
-58.784475233
-63.3556095715
-67.5978309602
-70.0
-70.0
-70.0
-70.0
-65.0042627411
-62.173344961
-60.7356827943
-60.1818960678
-55.045364842
0
-70.0
-70.0
-70.0
-70.0
-70.0
-70.0
-70.0
-70.0
-70.0
-70.0
-70.0
-70.0
-70.0
-70.0
-70.0
-70.0
-70.0
-70.0
-70.0
-70.0
-70.0
-70.0
-70.0
-70.0
-65.3855527249
-62.770699269
-61.4427638865
-60.9312438608
-60.9266237167
-61.2262975063
-62.0815825448
-60.4988121378
-70.0
-70.0
-70.0
-70.0
-70.0
-70.0
-70.0
-70.0
-70.0
-70.0
-64.1377672805
-60.8158354061
-59.1288151013
-58.4789757484
-59.4593519212
-62.141194224
-67.700357302
-70.0
-70.0
-70.0
-70.0
-70.0
-70.0
-70.0
-70.0
-70.0
-70.0
-70.0
-63.768462642
-61.6070170979
-68.9769592278
-70.0
-70.0
-70.0
-70.0
-70.0
-70.0
-70.0
-70.0
-70.0
-70.0
-70.0
-70.0
-70.0
-70.0
-70.0
-70.0
-70.0
-68.5178557579
-67.6779740206
-67.2514458443
-67.0871474103
-67.0856634363
-61.6532725937
-58.672062335
-57.260934102
-57.2334185717
-57.8397197429
-59.9793768568
-58.2952558463
-60.3177226236
-63.005377498
-64.8511245061
-66.4422833756
-67.5155692514
-68.2423551352
-68.7370148276
-62.9592505219
-57.6056127543
0
-70.0
-70.0
-70.0
-70.0
-70.0
-70.0
-70.0
-68.5531550744
-65.6140991999
-63.9968623685
-63.2266248574
-62.9902615221
-63.0821014702
-63.3678020568
-63.7602956735
-58.2183421872
-55.8475868298
-60.5900835227
-70.0
-70.0
-70.0
-70.0
-70.0
-70.0
-70.0
-70.0
-70.0
-70.0
-70.0
-70.0
-63.8765951631
-60.6062042582
-59.5459321387
-62.6248084148
-67.8231713456
-70.0
-70.0
-70.0
-70.0
-70.0
-70.0
-64.904105143
-59.9025261823
-55.1242560582
0
-70.0
-70.0
-70.0
-70.0
-70.0
-70.0
-70.0
-70.0
-70.0
-70.0
-64.9584255658
-62.1015333863
-60.6506802992
-60.0918124369
-55.0027891367
0
-70.0
-70.0
-70.0
-70.0
-70.0
-70.0
-70.0
-70.0
-70.0
-70.0
-70.0
-70.0
-64.0844511615
-60.7323068197
-59.0299433206
-58.1022501533
-68.6571276753
-70.0
-70.0
-70.0
-70.0
-70.0
-70.0
-70.0
-70.0
-64.3194448978
-58.9941053399
-54.0594064272
0
-70.0
-70.0
-70.0
-70.0
-70.0
-70.0
-70.0
-70.0
-70.0
-70.0
-70.0
-70.0
-70.0
-70.0
-70.0
-70.0
-70.0
-70.0
-70.0
-70.0
-70.0
-70.0
-70.0
-70.0
-70.0
-70.0
-70.0
-70.0
-70.0
-70.0
-70.0
-70.0
-70.0
-70.0
-70.0
-70.0
-70.0
-70.0
-70.0
-70.0
-64.5251047514
-61.4226641106
-59.8471109224
-59.2402086454
-54.5730771059
-54.2970828035
-58.4522225709
-63.7601778819
-67.4984429824
-69.9862403631
-70.0
-70.0
-70.0
-70.0
-70.0
-70.0
-64.0729123079
-61.3187433955
-66.7300599028
-70.0
-70.0
-70.0
-70.0
-70.0
-65.898564367
-63.5744175082
-62.394115476
-61.9394637409
-61.9353572417
-56.7314773575
-54.2487012105
-55.0857725536
-60.8492821552
-62.6209996378
-64.0732905561
-65.6490688478
-66.7395668612
-67.5025467739
-68.0435831624
-68.4334188901
-68.719539697
-68.9338941913
-69.0980437481
-69.6278486625
-64.7369615478
-68.1966580241
-70.0
-70.0
-70.0
-70.0
-70.0
-66.5795451291
-64.6412873689
-63.6569564672
-63.2777927106
-63.2743680329
-63.4965009585
-63.8465640153
-64.4544663822
-66.9951813821
-70.0
-70.0
-70.0
-70.0
-66.708906268
-62.7473291949
-60.6121386445
-59.6439530262
-59.4082432209
-59.6198758971
-60.0928596396
-60.706887897
-55.6657625856
-55.3417806961
-63.2894535642
-70.0
-70.0
-70.0
-70.0
-70.0
-70.0
-70.0
-70.0
-70.0
-70.0
-64.0009751354
-60.6015277121
-58.8751416678
-59.0037553206
-62.4955000699
-68.2741307603
-70.0
-70.0
-70.0
-70.0
-64.7468939226
-61.7701338121
-60.2584066187
-59.8913404136
-60.6031143271
-62.743687959
-68.5182751393
-70.0
-67.3992452612
-66.1197769834
-65.4814367839
-65.2490514381
-65.2679851827
-65.4370792567
-65.6906330592
-60.0734438801
-57.0340155766
-56.8608723721
-63.31955731
-70.0
-70.0
-70.0
-70.0
-70.0
-66.4360250809
-64.4164392934
-63.3908065111
-62.9957332914
-62.9921649165
-63.2236183943
-63.5883698679
-64.0209417564
-66.0687561599
-70.0
-70.0
-70.0
-70.0
-70.0
-70.0
-70.0
-70.0
-70.0
-70.0
-70.0
-70.0
-70.0
-70.0
-70.0
-70.0
-70.0
-70.0
-70.0
-70.0
-70.0
-70.0
-70.0
-70.0
-64.3467252166
-61.1432028393
-59.5163159849
-58.8896400062
-58.883979752
-60.6683360458
-70.0
-70.0
-70.0
-70.0
-70.0
-70.0
-70.0
-70.0
-70.0
-70.0
-70.0
-70.0
-70.0
-70.0
-70.0
-70.0
-66.5295303735
-70.0
-70.0
-70.0
-70.0
-70.0
-70.0
-70.0
-70.0
-70.0
-64.8006039486
-61.8542795195
-60.3580088781
-59.7816461973
-59.7764403822
-60.1141022138
-54.9308239105
0
-70.0
-70.0
-70.0
-70.0
-70.0
-70.0
-70.0
-66.1496062338
-63.9677164329
-62.8596586713
-62.4328353919
-62.4289802446
-62.6790344814
-65.2540300453
-70.0
-70.0
-70.0
-70.0
-70.0
-70.0
-70.0
-70.0
-70.0
-70.0
-70.0
-70.0
-70.0
-70.0
-65.5699168491
-70.0
-70.0
-70.0
-70.0
-70.0
-70.0
-70.0
-70.0
-70.0
-64.3482073287
-61.145524815
-59.5190644796
-58.8925527957
-60.1078294376
-66.2128555858
-70.0
-70.0
-70.0
-70.0
-70.0
-70.0
-65.3964658529
-60.7041444196
-58.1986134122
-57.0886743608
-56.8530884512
-57.1499672904
-57.7564290176
-58.5284250866
-60.1911450934
-63.5458140322
-69.6715379952
-70.0
-70.0
-70.0
-70.0
-70.0
-70.0
-70.0
-70.0
-64.3856187732
-59.1208996197
-56.324704807
-55.1028310924
-54.8662791606
-55.6271523486
-61.471790902
-70.0
-70.0
-70.0
-70.0
-70.0
-70.0
-70.0
-70.0
-70.0
-70.0
-70.0
-70.0
-70.0
-70.0
-70.0
-70.0
-70.0
-70.0
-70.0
-70.0
-70.0
-70.0
-70.0
-70.0
-70.0
-70.0
-70.0
-70.0
-70.0
-70.0
-70.0
-70.0
-70.0
-70.0
-70.0
-70.0
-70.0
-70.0
-70.0
-70.0
-70.0
-70.0
-70.0
-70.0
-70.0
-70.0
-70.0
-70.0
-70.0
-70.0
-70.0
-70.0
-70.0
-70.0
-70.0
-64.3032451128
-58.9930506767
-56.1738323258
-55.1464491736
-57.2689881822
-61.0177418125
-64.114625317
-67.1904314372
-63.8380898878
-59.9505955035
-57.9530790228
-57.156133167
-57.1060945479
-57.704112898
-59.08338293
-62.7054417945
-68.1484088792
-70.0
-70.0
-70.0
-70.0
-70.0
-70.0
-70.0
-70.0
-70.0
-70.0
-70.0
-70.0
-70.0
-70.0
-70.0
-70.0
-70.0
-64.7053523353
-61.705051992
-60.1813700529
-59.5944485544
-59.5891473701
-59.9329950805
-63.1705905829
-68.1794249363
-70.0
-70.0
-70.0
-70.0
-70.0
-70.0
-70.0
-64.4198825773
-61.2578160378
-59.6519822461
-59.0334158963
-59.0278288898
-55.182662099
-59.12480926
-62.3938535077
-65.0124723878
-66.7498946363
-63.5104071688
-61.7830344494
-61.0205096694
-56.4720334837
-54.1938799895
0
-70.0
-70.0
-70.0
-70.0
-70.0
-70.0
-70.0
-70.0
-70.0
-66.0314229766
-63.7825626633
-59.1788971644
-56.7774012929
0
-70.0
-70.0
-70.0
-70.0
-70.0
-70.0
-70.0
-70.0
-70.0
-70.0
-65.0496535403
-62.2444572132
-60.8198575098
-60.2711024374
-60.2661459794
-56.8043358244
-60.481576231
-70.0
-70.0
-70.0
-70.0
-70.0
-70.0
-70.0
-70.0
-70.0
-70.0
-70.0
-70.0
-63.9711686505
-60.5548308858
-62.5587477319
-70.0
-70.0
-70.0
-70.0
-70.0
-70.0
-70.0
-70.0
-70.0
-70.0
-70.0
-70.0
-70.0
-70.0
-70.0
-66.2419888324
-70.0
-70.0
-70.0
-70.0
-70.0
-70.0
-65.5054873705
-60.8905416721
-58.425222864
-57.3318574837
-57.0981096727
-57.387923997
-58.1884713557
-59.7069922447
-64.3971656466
-70.0
-70.0
-70.0
-70.0
-70.0
-70.0
-66.2885987255
-64.1854713366
-63.1174125253
-62.7059968211
-62.7022808378
-62.9433085533
-63.3231482308
-63.7736137629
-59.5394863521
-63.9873961726
-70.0
-70.0
-70.0
-70.0
-70.0
-70.0
-70.0
-70.0
-70.0
-70.0
-70.0
-63.9964772089
-61.3942169561
-62.1856022572
-67.465067009
-70.0
-67.3295349287
-63.7512786799
-61.8126156413
-60.9223306302
-60.6907486024
-60.8621077657
-61.2695196715
-61.8049828259
-62.3994279577
-67.337200312
-70.0
-70.0
-70.0
-70.0
-70.0
-70.0
-65.618658208
-61.0709051509
-58.6398898116
-57.5599509476
-57.326655931
-57.6091237233
-60.2673084276
-64.4625990779
-68.3886793361
-70.0
-70.0
-70.0
-70.0
-70.0
-70.0
-70.0
-65.597517826
-66.2105909958
-68.7396281021
-70.0
-66.2672939926
-64.1520939217
-59.6375985262
-57.2743146714
-56.2805338694
-56.1415809259
-56.5201564623
-57.1966299021
0
-70.0
-70.0
-70.0
-70.0
-70.0
-70.0
-68.186926455
-67.1595181128
-66.6377558371
-66.4367732771
-66.4349579652
-66.5527035125
-66.7382607239
-66.9583196932
-68.2172900608
-70.0
-70.0
-70.0
-70.0
-70.0
-65.8585519168
-63.5117313364
-62.3199146102
-61.8608274208
-56.8943546639
-54.3513258542
0
-70.0
-70.0
-70.0
-70.0
-70.0
-70.0
-70.0
-70.0
-68.4015372279
-67.495741657
-63.601777787
-61.4786735388
-60.4888552052
-55.8623174112
0
-70.0
-70.0
-70.0
-70.0
-70.0
-70.0
-70.0
-70.0
-70.0
-70.0
-70.0
-70.0
-70.0
-70.0
-70.0
-64.0818316467
-58.8818796407
-60.9425331254
-69.1898711418
-70.0
-70.0
-70.0
-70.0
-67.492501273
-66.0715853277
-65.3499829163
-65.0720220388
-60.120824716
-55.4238038318
0
-70.0
-70.0
-70.0
-70.0
-70.0
-70.0
-70.0
-70.0
-70.0
-70.0
-70.0
-70.0
-70.0
-70.0
-70.0
-70.0
-70.0
-70.0
-70.0
-70.0
-70.0
-70.0
-70.0
-65.4000625753
-60.7404261596
-58.2532967716
-57.152575913
-56.9203908674
-57.4338212201
-58.5684427732
-60.4522538058
-60.4547676388
-62.2147096304
-64.5705845625
-66.1650900363
-67.2496236528
-67.9920230342
-68.5043952286
-68.8616720376
-69.1139823884
-69.2949025193
-69.8664317395
-64.7938637837
-62.8549262261
-68.1473413652
-70.0
-70.0
-70.0
-70.0
-70.0
-70.0
-70.0
-70.0
-70.0
-70.0
-70.0
-70.0
-70.0
-70.0
-70.0
-69.5298746144
-69.9172269568
-70.0
-70.0
-70.0
-70.0
-70.0
-70.0
-70.0
-66.1829076781
-65.264707736
-65.4938838736
-65.9863547927
-66.8428050506
-67.674923679
-68.4494065907
-68.9657827847
-63.3976253562
-58.431536094
-57.7313348293
-65.9087588747
-70.0
-70.0
-70.0
-70.0
-70.0
-70.0
-70.0
-70.0
-70.0
-70.0
-70.0
-70.0
-70.0
-70.0
-70.0
-70.0
-70.0
-70.0
-70.0
-70.0
-70.0
-70.0
-70.0
-70.0
-70.0
-70.0
-70.0
-70.0
-70.0
-70.0
-70.0
-70.0
-70.0
-70.0
-70.0
-70.0
-70.0
-70.0
-70.0
-70.0
-70.0
-70.0
-70.0
-70.0
-70.0
-70.0
-70.0
-70.0
-70.0
-70.0
-70.0
-70.0
-70.0
-64.1552928414
-60.8432921181
-59.1613152803
-58.9282064932
-57.0186559405
-64.1214788882
-70.0
-70.0
-70.0
-70.0
-70.0
-70.0
-65.1477787805
-62.398186756
-61.0018253162
-60.4639476084
-60.4590893968
-60.7742048233
-61.476300585
-57.0173063058
-59.3532966444
-65.5768053833
-70.0
-70.0
-68.45274254
-67.5759633127
-67.1306969992
-66.9591806445
-66.9576314768
-67.0581142603
-67.2164667884
-67.4042627457
-61.7086658792
-58.5676855633
-57.0641745217
-56.0901075047
-67.301819258
-70.0
-70.0
-70.0
-70.0
-70.0
-70.0
-70.0
-65.3114606191
-60.6127070532
-58.1063646786
-56.9990137646
-56.767969424
-57.0704105055
-58.109682161
-62.3192912225
-70.0
-70.0
-70.0
-70.0
-70.0
-70.0
-70.0
-70.0
-70.0
-70.0
-70.0
-70.0
-70.0
-70.0
-70.0
-70.0
-70.0
-70.0
-70.0
-70.0
-70.0
-66.1254041098
-63.929799772
-62.814777177
-62.3852710474
-62.381391668
-62.6330176515
-57.4441180476
-54.7493076836
0
-70.0
-70.0
-70.0
-70.0
-70.0
-70.0
-69.803445069
-67.6542399831
-66.4429089321
-65.8346800038
-65.6085866467
-65.6193110775
-65.7717687001
-66.004184317
-66.2768275432
-67.2032204831
-70.0
-70.0
-70.0
-70.0
-70.0
-66.57321228
-64.6313659054
-63.6452125504
-63.2653467857
-63.2619157674
-63.4844599642
-63.8351711501
-64.4655864935
-67.1655958894
-70.0
-70.0
-70.0
-70.0
-70.0
-70.0
-70.0
-65.7755448781
-63.3816869757
-62.1659826684
-61.697693995
-61.6934643245
-61.9678110448
-57.0371476705
-54.3901609905
-59.950778318
-70.0
-70.0
-70.0
-68.9851448995
-68.4100603425
-68.118007597
-68.0055090297
-68.0044929217
-62.7668950798
-59.865439872
-58.4623854182
-58.0051398987
-59.8699272155
-67.6475110975
-70.0
-70.0
-68.961939429
-66.338593647
-64.8866330563
-64.1859022667
-63.9592670507
-64.024643686
-64.263048211
-64.5973226524
-64.9779765621
-65.5890111648
-63.112237663
-68.84651736
-70.0
-70.0
-70.0
-66.1092720161
-63.9045261586
-59.3944305499
-57.0418921664
0
-70.0
-70.0
-70.0
-70.0
-70.0
-70.0
-70.0
-70.0
-70.0
-70.0
-70.0
-70.0
-70.0
-70.0
-64.2391540327
-60.9746746512
-59.726389534
-60.8121444356
-65.3869173305
-69.125863895
-70.0
-70.0
-65.1799084134
-62.448523181
-57.6747690466
-55.854366686
-55.6724354668
-57.7518737788
-61.5932351137
-64.5997836063
-66.8124608559
-68.2463185105
-69.1650891529
-69.7441818999
-70.0
-70.0
-70.0
-70.0
-70.0
-70.0
-70.0
-70.0
-70.0
-70.0
-70.0
-65.601768349
-63.1094370801
-61.8437237494
-61.356171626
-61.3517679645
-61.6374001687
-62.087532819
-62.6213613151
-64.9031445119
-65.2768641565
-70.0
-70.0
-70.0
-70.0
-70.0
-70.0
-70.0
-70.0
-70.0
-64.4229624124
-61.2626411127
-59.6576936292
-54.9568747033
0
-70.0
-70.0
-70.0
-70.0
-70.0
-70.0
-68.252696286
-67.2625575147
-66.7597223348
-66.5660304824
-66.5642810215
-66.6777553109
-66.8565813742
-67.068657633
-68.8003549194
-70.0
-70.0
-70.0
-70.0
-70.0
-70.0
-64.7582088281
-61.7878604973
-60.2793894822
-59.6983272238
-59.6930789613
-61.347073811
-59.6758093374
-68.2197696214
-70.0
-70.0
-70.0
-70.0
-67.7626852704
-66.4948735903
-65.8510241292
-61.3271714029
-56.8765550953
0
-70.0
-70.0
-70.0
-70.0
-70.0
-70.0
-70.0
-70.0
-70.0
-70.0
-70.0
-69.1257587546
-68.6303553822
-68.3787681794
-68.2818569183
-68.2809815978
-68.3377570189
-68.4272303709
-68.5333400364
-68.6458945012
-68.75856403
-68.8675469463
-70.0
-68.9890872622
-70.0
-70.0
-70.0
-70.0
-70.0
-66.3020285014
-64.2065113189
-63.1423172987
-62.73239031
-62.7286877731
-62.9688433252
-63.3473085456
-58.0800830315
-55.3170782886
-55.2235045345
-58.0510225043
-61.3772933971
-67.2531140402
-68.1448230103
-69.0905436439
-69.6882912359
-70.0
-70.0
-70.0
-64.5657314778
-61.4863126486
-59.9224509295
-59.3200522003
-59.3146112228
-60.7788436658
-64.3612501027
-70.0
-70.0
-70.0
-70.0
-70.0
-70.0
-70.0
-70.0
-70.0
-70.0
-70.0
-70.0
-70.0
-70.0
-70.0
-70.0
-70.0
-70.0
-70.0
-70.0
-70.0
-70.0
-70.0
-70.0
-70.0
-70.0
-70.0
-70.0
-70.0
-70.0
-70.0
-70.0
-70.0
-70.0
-70.0
-70.0
-70.0
-70.0
-70.0
-70.0
-70.0
-70.0
-70.0
-70.0
-70.0
-70.0
-70.0
-69.8856492238
-69.8208504506
-69.7879428383
-69.775266843
-69.7751523511
-69.7825785775
-69.7942816942
-69.808160841
-63.9934817498
-61.1492651207
-64.0507908293
-70.0
-70.0
-70.0
-70.0
-70.0
-70.0
-70.0
-65.1111273357
-62.3407661592
-60.9338572481
-60.3919166598
-55.5234368749
0
-70.0
-70.0
-70.0
-70.0
-70.0
-70.0
-70.0
-67.1660817253
-65.560194703
-64.7446559995
-64.4305109107
-64.4276734938
-64.6117152605
-64.9017498118
-66.7992922287
-66.8132529494
-70.0
-70.0
-70.0
-70.0
-70.0
-70.0
-70.0
-70.0
-70.0
-64.4545630577
-61.3121487903
-59.7162952703
-59.1015733159
-59.0960210327
-60.3301820477
-59.6133486081
-64.0978345051
-69.5589474184
-70.0
-70.0
-70.0
-70.0
-70.0
-70.0
-64.5038669671
-59.3736176234
-56.6496807631
-55.4603292881
-55.4522567043
-64.2556475681
-70.0
-70.0
-70.0
-70.0
-70.0
-70.0
-70.0
-70.0
-64.8723055745
-59.9526099833
-57.3357056292
-56.1877061624
-55.9593162769
-56.5130550721
-60.8737155426
-70.0
-70.0
-70.0
-70.0
-70.0
-70.0
-70.0
-70.0
-64.7102581559
-61.7127377776
-60.1904676247
-59.6040899454
-59.5987936731
-62.1873857992
-70.0
-70.0
-70.0
-70.0
-70.0
-70.0
-70.0
-70.0
-70.0
-70.0
-70.0
-64.413593977
-59.234574314
-56.486010039
-55.2873378061
-55.9494492
-65.0556366785
-70.0
-70.0
-70.0
-70.0
-70.0
-70.0
-70.0
-70.0
-70.0
-70.0
-70.0
-64.272274797
-61.0265638487
-59.378251818
-58.7433228724
-60.9403724453
-70.0
-70.0
-70.0
-70.0
-70.0
-70.0
-70.0
-70.0
-70.0
-70.0
-70.0
-70.0
-64.3192079999
-61.1000925333
-59.4652868355
-55.2520287641
-55.9105945082
-66.1956318514
-70.0
-70.0
-70.0
-70.0
-66.6472427003
-64.7473468971
-63.782497852
-63.4108384965
-63.4074816
-63.6252180754
-63.9683526915
-64.3752883714
-59.8790626211
-61.4355108507
-69.0185540495
-70.0
-70.0
-69.5730203404
-69.3310651999
-69.2081899423
-69.1608584563
-69.1604309495
-69.1881600805
-69.2318588897
-69.2836828789
-69.3386545098
-69.393682338
-69.4469096237
-70.0
-70.0
-70.0
-70.0
-70.0
-70.0
-70.0
-66.9710504318
-65.2546456765
-64.3829813007
-59.8121518171
-55.403165733
0
