-67.93
-66.067
-65.2103
-64.1659366667
-63.0437874444
-61.912371663
-61.6331098053
-61.8744490305
-61.6001042647
-61.0254939296
-60.289877931
-59.4821790674
-58.6581537804
-57.8518001488
-57.0829279649
-56.3621737224
-55.6943153861
-55.0804565382
-54.5194593448
-54.0088790506
0
-70.0
-70.0
-70.0
-70.0
-67.9309978066
-66.0685632303
-64.3921503768
-62.8832309855
-61.5251049846
-60.3027258845
-59.202540895
-58.2123452048
-57.3211496172
-56.5190606107
-55.7971718531
-55.1474662035
-55.3827272735
-55.3211263398
-55.0834615683
-54.748080653
-54.3652494155
0
-70.0
-70.0
-70.0
-70.0
-68.1871831509
-67.2899202697
-66.151898532
-64.9073555383
-63.6403845575
-62.4021891504
-61.2225322678
-60.117320396
-59.0936159264
-58.1529393804
-57.2934354734
-56.5112852802
-56.6216189882
-56.4437652467
-56.0989274936
-54.8453939253
0
-70.0
-70.0
-70.0
-70.0
-68.5916556757
-66.2835938919
-64.3326370253
-62.6609750044
-61.2126119585
-59.9465070656
-58.831960561
-57.8455006396
-56.9687746654
-56.1871132587
-54.6685459727
0
-70.0
-70.0
-70.0
-70.0
-67.8571457045
-65.9528616037
-64.2551957564
-62.7380897228
-61.3798897786
-60.1623068194
-59.0696801499
-58.0884481432
-57.2067606678
-56.4141894936
-54.8815071393
0
-70.0
-70.0
-70.0
-70.0
-69.2245667244
-68.0951545349
-66.79100207
-65.4254771888
-64.0686463537
-62.7622596409
-61.5296856252
-60.3824850282
-59.3247485025
-59.1759483036
-57.9374699075
-56.0864672062
-54.7496500119
0
-70.0
-70.0
-70.0
-70.0
-67.3255515634
-65.1200307826
-63.2693839547
-60.8733497262
-59.0499508648
-57.6309131859
-56.5017934723
-55.5842618617
-55.6442675
-55.4687952996
-55.1578854694
-54.7760767223
-54.3644555833
-54.7686677138
-54.8289060683
-54.6807522121
-54.4125014912
0
-70.0
-70.0
-70.0
-70.0
-67.8457047572
-65.934937453
-64.2339791554
-62.7156048716
-61.3573934723
-60.140553517
-59.8690977599
-59.3539210469
-58.7096843176
-58.0094861361
-57.2990510227
-57.4261549205
-57.2315454285
-56.8503948857
-56.3700247305
-55.8461351464
-54.493596891
-54.3289540414
-54.0625365303
0
-70.0
-70.0
-70.0
-70.0
-67.4783327643
-66.1793879974
-64.8373748706
-63.5142544989
-62.2465737926
-61.054412909
-59.9473026153
-58.9281263518
-57.9956830487
-57.9663609652
-57.6598890163
-57.1973428797
-56.6565704351
-56.9068879538
-57.6235155333
-57.7760415632
-57.5850224623
-57.1942435864
-56.696634808
-56.1515150473
-55.596059356
-55.052917296
-54.5352681502
-54.0501697243
0
-70.0
-70.0
-70.0
-70.0
-68.0953489944
-67.1460467579
-65.1615971907
-62.622207544
-60.6545001712
-59.0953924085
-57.8334146706
-55.9717808722
-54.6324078974
0
-70.0
-70.0
-70.0
-70.0
-67.7090116971
-65.7207849921
-63.9804894694
-62.4469625068
-61.0886142457
-59.0606514808
-57.5185187725
-56.3192885218
-54.5457740873
0
-70.0
-70.0
-70.0
-70.0
-67.8359238995
-65.9196141092
-64.2158410981
-62.6963825881
-61.3381613959
-60.121956634
-59.0315018891
-58.0528456458
-57.1738903783
-56.3840542052
-55.6740173612
-54.2155280094
0
-70.0
-70.0
-70.0
-70.0
-67.0379154905
-64.6694009352
-62.7359788374
-61.1280596176
-59.7690394317
-58.6046593391
-57.5958759723
-56.7140767531
-55.9378613298
-55.2508700315
0
-70.0
-70.0
-70.0
-70.0
-67.8199792447
-65.8946341501
-65.0062726216
-63.1297132839
-61.5427872384
-60.1825387031
-59.0036382919
-57.9728434354
-57.0652717404
-56.261886332
-56.3677922092
-56.1957426619
-55.0426548448
-54.1593803264
0
-70.0
-70.0
-70.0
-70.0
-67.9028716349
-66.0244988946
-65.159991954
-64.1126213912
-62.9904450071
-62.6807910097
-62.0489722443
-61.2449152436
-60.3643172017
-59.4671478032
-57.7699412373
-56.4692859232
-55.4499165373
-54.6332976879
-54.7855497886
-54.6940493894
-54.4593475036
-54.146548122
-54.6173168889
-54.7225342528
-54.6049135294
-54.3575106444
-54.0404852252
0
-70.0
-70.0
-70.0
-70.0
-67.9465685066
-66.092957327
-64.421025375
-62.9138320246
-61.5557216136
-59.5123313132
-57.9458860892
-56.7178227518
-56.5537239909
-56.2134739348
-55.7788747699
-55.3021527786
-54.8160478246
-54.3405165913
0
-70.0
-70.0
-70.0
-70.0
-67.4642506271
-65.3373259824
-63.5265936629
-61.9659344824
-60.607341158
-59.4152737915
-58.3628575785
-56.6093125981
-55.3135418566
-54.3356280165
0
-70.0
-70.0
-70.0
-70.0
-67.6539783019
-65.6345660064
-63.8784330955
-62.3388055791
-60.9804022166
-59.7760134586
-58.7041797552
-58.5676068746
-58.1767429171
-57.646333112
-56.2298761253
-55.1490060624
-54.3055171559
0
-70.0
-70.0
-70.0
-70.0
-68.6463104922
-67.189219771
-65.7186580127
-64.2890323572
-62.9316225521
-61.6627892506
-60.4893962946
-60.2323806446
-59.7137585664
-59.055460034
-59.1552989134
-58.8866922772
-58.4059718863
-57.8140072555
-57.1750282352
-56.5291398819
-55.9006355404
-55.3035117509
-54.7451204188
-54.2285816056
0
-70.0
-70.0
-70.0
-70.0
-67.6894928486
-65.6902054628
-64.7642928493
-63.6932688528
-62.5708788265
-61.4550821832
-61.2004347911
-59.8309651961
-58.6582512659
-56.822681199
-55.4705831188
-54.4536381668
0
-70.0
-70.0
-70.0
-70.0
-67.8948933539
-66.0119995879
-64.3251966753
-62.8122750385
-62.2741128886
-61.5187451689
-60.6582330315
-60.5833179814
-60.1622583519
-59.5475472958
-58.8371357523
-58.0929843011
-56.5333939537
-56.1765266135
-55.7331886556
-55.252746259
-54.7660559457
-54.2918398929
0
-70.0
-70.0
-70.0
-70.0
-67.5719107417
-65.5059934953
-63.7262433643
-62.1775185068
-60.8190329755
-59.6199738908
-58.5565393104
-58.4299272517
-58.0496291081
-57.5297959184
-56.9435694739
-57.1570479581
-57.84323345
-57.9701702968
-57.7573267284
-58.1677096963
-58.1183491539
-57.7947878567
-57.3174914831
-56.7638639428
-56.1828919539
-55.6048790288
-55.0479086394
-54.5221294511
-54.0325909565
-54.4011148278
-54.4521919896
-54.3110985538
-54.0594058738
0
-70.0
-70.0
-70.0
-70.0
-67.1318967068
-64.8166381739
-62.9102617818
-62.1327605537
-61.2385011318
-60.3039954409
-59.3764921783
-58.4841071482
-57.6425392252
-56.0395138305
-54.8530481327
0
-70.0
-70.0
-70.0
-70.0
-68.127968565
-66.3771507518
-64.7574217055
-63.2703368875
-61.9124081005
-60.6772372249
-59.5568934587
-58.5427907504
-57.6262361004
-56.798762107
-56.0523189741
-55.3793757952
-54.7729640281
-54.2266848335
0
-70.0
-70.0
-70.0
-70.0
-67.7681139936
-65.81337859
-63.2700913948
-61.2784493645
-59.6841825009
-58.381482966
-56.4771471462
-55.9153074161
-55.3576933309
-54.8212017687
-55.1352667724
-55.1291968822
-54.9312483854
-55.4447710078
-55.5480588809
-55.4017629755
-55.930593333
-56.0268717698
-55.8604097728
-54.7218522489
0
-70.0
-70.0
-70.0
-70.0
-67.8876391509
-66.8206346698
-65.5964108254
-64.3186628246
-63.05139193
-61.8326496622
-61.5036493128
-60.8994607927
-60.1502989876
-60.1591252716
-59.8024501996
-59.2383634831
-57.7486326704
-56.5731730938
-55.6254582447
-55.6659807271
-55.478094859
-55.1594268428
-54.772911805
0
-70.0
-70.0
-70.0
-70.0
-67.0195245122
-64.6405884024
-62.7018737898
-61.0919158959
-58.9128772964
-57.2850248934
-56.0421459552
-55.0716803938
-54.2970117105
0
-70.0
-70.0
-70.0
-70.0
-67.2040191479
-64.9296299983
-63.044008842
-61.4545025201
-60.095648643
-58.9204813619
-57.8946982812
-56.9927384901
-56.1951379991
-55.4867397712
-54.8554761754
-54.2915354788
0
-70.0
-70.0
-70.0
-70.0
-67.3825964924
-65.2094011714
-63.3751706064
-61.8054599139
-60.4467848346
-59.2600202925
-58.2159608908
-57.2923265535
-56.4717350659
-55.7403223379
-55.0867972898
-54.5017890179
0
-70.0
-70.0
-70.0
-70.0
-67.9294444078
-66.0661295722
-64.3892696851
-62.8801780966
-60.7020505403
-59.8351056552
-58.9637685357
-57.2988406461
-56.0332558908
-54.2294631746
0
-70.0
-70.0
-70.0
-70.0
-66.848779292
-64.3730875575
