-70.0
-70.0
-70.0
-70.0
-70.0
-70.0
-63.1975308642
-60.2111111111
-58.9818055556
-63.9349953704
-70.0
-70.0
-70.0
-70.0
-70.0
-68.2703374486
-64.9568620027
-63.1368813352
-62.2736635568
-62.0132774378
-57.3742986585
-55.0117681022
-54.3316074984
-55.6645902694
-58.7050999675
-63.3147405475
-68.0819802421
-70.0
-70.0
-70.0
-69.8655344826
-62.8702644957
-58.9107603537
-59.3329564352
-67.7650141153
-70.0
-70.0
-70.0
-67.0817451074
-65.4280673349
-64.5882584269
-64.2647644679
-64.2618426102
-64.4513614086
-58.3645677737
0
-70.0
-70.0
-70.0
-70.0
-70.0
-70.0
-70.0
-70.0
-67.9689968377
-66.8180950457
-67.0360866048
-67.2656786534
-67.4945779275
-66.7155652182
-66.357638752
-66.2642949139
-67.0655684197
-70.0
-70.0
-70.0
-70.0
-70.0
-70.0
-70.0
-70.0
-70.0
-70.0
-70.0
-70.0
-70.0
-70.0
-70.0
-70.0
-70.0
-70.0
-70.0
-65.2181325652
-62.5084076855
-61.1322925014
-56.4787568509
-54.1373435655
-55.9797074634
-60.1593627795
-70.0
-70.0
-70.0
-70.0
-70.0
-70.0
-64.98475785
-62.1427872984
-60.6995120574
-55.2176372517
-54.1006164952
-60.9920427611
-69.4753236657
-70.0
-70.0
-70.0
-70.0
-64.8162224425
-59.5454151599
-56.7314169517
-55.4853041283
-55.2214596301
-55.5374281094
-61.514078966
-70.0
-70.0
-70.0
-70.0
-70.0
-70.0
-70.0
-65.0013463339
-62.1687759231
-60.7302744792
-55.2502385376
0
-70.0
-70.0
-70.0
-70.0
-70.0
-70.0
-70.0
-70.0
-70.0
-65.3411163686
-62.7010823108
-57.4570189686
-54.728680331
0
-70.0
-70.0
-70.0
-70.0
-70.0
-70.0
-70.0
-70.0
-70.0
-70.0
-70.0
-65.3476674058
-62.7113456025
-61.372507667
-60.8567879835
-60.8521299073
-57.9352443821
-70.0
-70.0
-70.0
-70.0
-70.0
-70.0
-70.0
-70.0
-70.0
-70.0
-63.6574935219
-60.0634065177
-58.2381740979
-57.5350955094
-59.6906086976
-69.1502568629
-70.0
-70.0
-70.0
-70.0
-65.9339512504
-63.629856959
-61.4612609243
-55.5188020134
0
-70.0
-70.0
-70.0
-70.0
-70.0
-70.0
-70.0
-70.0
-70.0
-70.0
-65.1891871299
-61.5215875003
-59.2703081392
-58.2771969179
-57.972673213
-70.0
-70.0
-70.0
-70.0
-70.0
-70.0
-70.0
-70.0
-70.0
-69.9082741186
-69.8562961191
-70.0
-70.0
-70.0
-70.0
-70.0
-70.0
-70.0
-70.0
-70.0
-70.0
-70.0
-70.0
-70.0
-70.0
-70.0
-70.0
-70.0
-70.0
-68.820160613
-68.4024524476
-68.2050791335
-68.1464858405
-68.1731136701
-67.2500261809
-66.7878394814
-66.617599479
-66.1667483839
-66.7205245311
-70.0
-70.0
-70.0
-70.0
-70.0
-70.0
-70.0
-70.0
-64.7556949833
-61.7839221405
-56.3858388079
0
-70.0
-70.0
-70.0
-70.0
-70.0
-70.0
-70.0
-70.0
-66.9409817402
-65.9112417634
-65.4296897185
-65.8486577232
-66.2384166019
-67.0451044576
-70.0
-67.2114960966
-66.3575686947
-66.6960123074
-67.0092113981
-67.2968238059
-67.5594971238
-67.7984512103
-68.2611593024
-69.5890381677
-70.0
-70.0
-70.0
-70.0
-70.0
-70.0
-70.0
-70.0
-69.1586012728
-69.6644671308
-69.9791710746
-70.0
-63.3980849437
-60.8967490551
-64.4225840026
-70.0
-70.0
-70.0
-70.0
-70.0
-70.0
-70.0
-70.0
-70.0
-70.0
-70.0
-70.0
-70.0
-70.0
-70.0
-70.0
-70.0
-70.0
-70.0
-70.0
-70.0
-70.0
-70.0
-70.0
-64.1100976249
-60.772486279
-59.0775032622
-58.4245966767
-59.6268071425
-63.8718784662
-68.6168327298
-70.0
-70.0
-70.0
-70.0
-70.0
-70.0
-70.0
-70.0
-70.0
-69.743889317
-70.0
-70.0
-65.4305057243
-62.8411256348
-57.6372378377
0
-70.0
-70.0
-70.0
-70.0
-70.0
-70.0
-70.0
-70.0
-70.0
-70.0
-66.8392822337
-65.0482088328
-64.1386244979
-62.8760445755
-62.3559618029
-62.2987134126
-57.0638204281
-56.7989754555
-61.703798406
-69.8819135921
-70.0
-70.0
-70.0
-70.0
-70.0
-70.0
-70.0
-70.0
-70.0
-70.0
-66.0374677325
-70.0
-70.0
-70.0
-70.0
-70.0
-69.3856588253
-69.0375321596
-64.9718495327
-62.7000449721
-57.6914051811
-55.0965078005
-54.0363524454
0
-70.0
-70.0
-70.0
-70.0
-70.0
-70.0
-70.0
-68.2304330696
-66.8573081053
-66.1381895232
-65.8354453898
-65.7926173968
-65.9071666878
-66.1123240394
-68.3375210676
-70.0
-70.0
-70.0
-70.0
-70.0
-70.0
-70.0
-70.0
-70.0
-70.0
-70.0
-70.0
-69.1877074506
-63.2273170219
-70.0
-70.0
-70.0
-70.0
-70.0
-70.0
-70.0
-70.0
-70.0
-70.0
-70.0
-70.0
-64.3911914275
-62.6302723795
-68.0314666367
-70.0
-70.0
-70.0
-70.0
-70.0
-70.0
-70.0
-70.0
-70.0
-70.0
-70.0
-63.7691305629
-68.5541786613
-70.0
-70.0
-70.0
-70.0
-70.0
-65.6851269029
-63.2400321479
-61.9983075567
-61.5199958834
-61.5156756833
-61.7958943738
-62.7388699154
-66.8473968121
-70.0
-70.0
-70.0
-70.0
-70.0
-70.0
-70.0
-70.0
-70.0
-70.0
-63.7008505771
-60.1313325708
-54.9197577196
-58.2481613943
-70.0
-70.0
-70.0
-70.0
-70.0
-70.0
-70.0
-70.0
-70.0
-70.0
-70.0
-70.0
-70.0
-70.0
-70.0
-70.0
-70.0
-70.0
-70.0
-70.0
-70.0
-70.0
-70.0
-70.0
-70.0
-70.0
-70.0
-66.4395977392
-70.0
-70.0
-70.0
-70.0
-70.0
-70.0
-70.0
-70.0
-70.0
-70.0
-70.0
-70.0
-70.0
-70.0
-70.0
-70.0
-68.8929039053
-68.2655494516
-67.9469517977
-67.8242281454
-67.8231196825
-61.8168279816
-59.3980338665
-57.3261685634
-58.2078655084
-65.6967655153
-70.0
-70.0
-70.0
-70.0
-70.0
-70.0
-70.0
-70.0
-70.0
-70.0
-70.0
-70.0
-70.0
-70.0
-70.0
-70.0
-70.0
-70.0
-70.0
-64.7253722976
-61.7364165996
-60.2184959608
-59.6337937122
-59.6285125726
-59.0295877999
-61.2286752581
-70.0
-70.0
-70.0
-70.0
-70.0
-69.0390315619
-68.4944827802
-68.2179374186
-68.1114122877
-68.1104501328
-68.1728578355
-68.2712071959
-61.7975368833
-59.3980123699
-62.4097277984
-69.0358369898
-70.0
-70.0
-70.0
-70.0
-70.0
-70.0
-69.8582158213
-69.7778714534
-69.7370691175
-69.7213520787
-69.7212101195
-70.0
-70.0
-70.0
-70.0
-70.0
-68.9647475815
-66.0447712111
-65.4244258627
-65.2047377915
-60.8623966521
-58.5615787467
-57.5623687119
-57.3774304006
-58.1684841145
-65.8869495952
-70.0
-70.0
-70.0
-70.0
-70.0
-70.0
-70.0
-70.0
-65.0390036174
-62.2277723339
-60.8001078194
-60.2501721833
-60.2452050623
-63.2198666261
-70.0
-70.0
-70.0
-70.0
-70.0
-70.0
-70.0
-70.0
-70.0
-63.6021118171
-59.9766418468
-58.135471803
-57.3013022117
-54.7397081844
-57.3615494503
-61.7528369282
-65.4076701546
-67.9336014558
-69.5180401879
-70.0
-70.0
-70.0
-70.0
-63.5453002222
-57.8059077881
-57.1911680999
-60.5494624777
-68.2693004612
-70.0
-70.0
-70.0
-70.0
-70.0
-70.0
-70.0
-70.0
-70.0
-69.5961056524
-70.0
-70.0
-70.0
-70.0
-70.0
-65.4508470743
-60.5396604164
-57.9082930744
-57.7248222201
-58.0239123002
-58.6025692716
0
-70.0
-70.0
-70.0
-70.0
-70.0
-70.0
-70.0
-70.0
-70.0
-70.0
-64.3256289194
-61.1101519737
-55.588305185
0
-70.0
-70.0
-70.0
-70.0
-70.0
-70.0
-70.0
-70.0
-70.0
-64.9600698358
-62.1041094095
-60.6537295066
-55.1691179888
-56.024288031
-69.9129394531
-70.0
-70.0
-70.0
-70.0
-70.0
-70.0
-70.0
-70.0
-70.0
-70.0
-63.4276032226
-58.7617727123
-56.3368819823
-55.8419006586
-58.9406651691
-64.8510224857
-70.0
-70.0
-70.0
-70.0
-70.0
-70.0
-70.0
-70.0
-70.0
-70.0
-70.0
-70.0
-70.0
-65.1751694641
-62.4410988271
-61.0526198174
-60.5177784176
-60.5129476305
-61.8185768905
-63.1431682737
-59.8216288484
-63.8980023637
-70.0
-70.0
-70.0
-70.0
-70.0
-70.0
-70.0
-70.0
-63.6706737955
-60.084055613
-59.7228858876
-61.5597308179
-66.4713356179
-68.5771999034
-70.0
-70.0
-70.0
-70.0
-63.2499946169
-60.3664639029
-58.9574633445
-58.4801475646
-58.5777531779
-61.006280224
-70.0
-70.0
-70.0
-70.0
-70.0
-70.0
-70.0
-70.0
-70.0
-70.0
-70.0
-70.0
-62.9203168146
-60.0223766378
-66.2126632646
-70.0
-70.0
-70.0
-70.0
-70.0
-70.0
-70.0
-70.0
-70.0
-70.0
-70.0
-70.0
-70.0
-70.0
-70.0
-70.0
-70.0
-70.0
-70.0
-70.0
-63.843467336
-60.354765493
-58.5830522042
-58.9005715564
-54.3142468921
0
-70.0
-70.0
-70.0
-70.0
-70.0
-70.0
-68.2478448246
-67.2549568918
-62.8618366802
-60.4639033306
-59.3430132098
-59.0257120303
-54.5815733127
0
-70.0
-70.0
-70.0
-70.0
-70.0
-70.0
-68.6090049123
-64.6191282721
-62.4045646789
-61.3290077003
-60.9727065899
-61.0598357039
-63.1851296792
-69.027653603
-70.0
-70.0
-70.0
-69.2178039644
-68.7745595442
-69.5492604215
-70.0
-70.0
-70.0
-70.0
-70.0
-63.3742786671
-58.6248414763
0
-70.0
-70.0
-70.0
-70.0
-70.0
-70.0
-70.0
-70.0
-70.0
-70.0
-69.8156580628
-62.5599503625
-58.454527397
-57.3684153577
-57.6809954814
-64.2996679934
-70.0
-70.0
-70.0
-70.0
-70.0
-69.8916604308
-66.496934675
-62.5768680656
-60.4722658312
-59.5270956294
-59.3090903208
-59.5346507915
-60.0188320476
-61.6235448164
-70.0
-70.0
-70.0
-70.0
-70.0
-70.0
-70.0
-70.0
-70.0
-70.0
-70.0
-70.0
-70.0
-70.0
-70.0
-70.0
-70.0
-70.0
-70.0
-70.0
-70.0
-70.0
-70.0
-70.0
-70.0
-70.0
-70.0
-70.0
-70.0
-70.0
-70.0
-70.0
-70.0
-70.0
-70.0
-70.0
-70.0
-69.8597530608
-70.0
-70.0
-70.0
-70.0
-70.0
-70.0
-70.0
-70.0
-70.0
-70.0
-70.0
-70.0
-70.0
-70.0
-70.0
-70.0
-70.0
-65.1215037091
-62.3570224776
-60.9530996561
-60.412309308
-61.0862437827
-59.3272672479
-62.0259845386
-66.1890887219
-70.0
-66.7172427088
-64.8570135771
-63.9123089789
-58.6224833281
-55.8278384933
-54.623456976
-55.3548518363
-56.2818603579
-62.1511415235
-70.0
-70.0
-70.0
-70.0
-70.0
-70.0
-70.0
-70.0
-64.8997344414
-62.0095839581
-60.5418408696
-59.9764669875
-59.4756532579
-58.8082717597
-68.7586656709
-70.0
-70.0
-70.0
-70.0
-70.0
-70.0
-70.0
-70.0
-69.8857061704
-69.4876063336
-69.2658262204
-69.1572306118
-70.0
-70.0
-70.0
-70.0
-70.0
-70.0
-70.0
-70.0
-70.0
-70.0
-70.0
-64.3769156305
-61.4269851805
-60.8985092375
-68.5767965059
-70.0
-70.0
-70.0
-66.0042208616
-64.6082587737
-63.9504062285
-63.7573478271
-58.2323172414
-55.3095549819
-54.0455791268
-59.0127468008
-70.0
-70.0
-70.0
-70.0
-70.0
-70.0
-66.5535972403
-64.6006356765
-63.608837549
-63.2267974209
-63.2233467633
-63.44716481
-57.4144239441
-55.4132468685
-60.3832242432
-70.0
-70.0
-70.0
-70.0
-70.0
-70.0
-70.0
-70.0
-70.0
-70.0
-63.5579941609
-57.574190852
-54.398102505
-56.2222678947
-70.0
-70.0
-70.0
-70.0
-70.0
-70.0
-70.0
-70.0
-70.0
-70.0
-70.0
-70.0
-62.2660895183
-55.550206912
0
-70.0
-70.0
-70.0
-70.0
-70.0
-70.0
-70.0
-70.0
-70.0
-70.0
-70.0
-70.0
-70.0
-63.834191565
-65.3278581911
-70.0
-70.0
-70.0
-70.0
-70.0
-70.0
-70.0
-70.0
-70.0
-70.0
-69.5275415439
-69.1807216832
-63.9087923511
-65.6346516646
-70.0
-70.0
-70.0
-70.0
-68.6517747037
-68.5914840729
-65.0467046697
-63.0849468721
-62.1383939645
-56.9065898286
-54.2039543527
0
-70.0
-70.0
-70.0
-70.0
-70.0
-70.0
-70.0
-70.0
-70.0
-70.0
-70.0
-70.0
-70.0
-69.4564790734
-70.0
-70.0
-70.0
-70.0
-70.0
-70.0
-70.0
-70.0
-70.0
-70.0
-70.0
-70.0
-70.0
-70.0
-70.0
-70.0
-70.0
-70.0
-70.0
-70.0
-65.3355258025
-62.6923237572
-61.9055472937
-61.7032965058
-61.8585028162
-62.4742597908
-70.0
-70.0
-70.0
-70.0
-70.0
-70.0
-67.8385090445
-66.6136641697
-66.9839277592
-67.3066216543
-67.5900172695
-67.8403873963
-68.0625965592
-68.2605021716
-68.9443992825
-70.0
-70.0
-70.0
-70.0
-70.0
-70.0
-70.0
-70.0
-70.0
-64.5335905348
-61.4359585046
-54.9739584652
0
-70.0
-70.0
-70.0
-70.0
-70.0
-70.0
-70.0
-70.0
-70.0
-66.3149605213
-64.2267714833
-63.1662990111
-57.8318796348
-55.0368320212
0
-70.0
-70.0
-70.0
-70.0
-70.0
-70.0
-70.0
-70.0
-70.0
-64.8671823838
-62.9583852488
-58.1589385707
-55.6739726114
0
-70.0
-70.0
-70.0
-70.0
-70.0
-70.0
-70.0
-70.0
-70.0
-70.0
-70.0
-70.0
-63.7869513827
-60.2662238329
-58.9565729663
-66.5304321166
-70.0
-70.0
-70.0
-70.0
-70.0
-67.7729487252
-66.5109530029
-66.8115294726
-67.0981577053
-61.7495787708
-58.8154454511
-57.4277839442
-58.1460161907
-63.5026406052
-70.0
-70.0
-70.0
-70.0
-70.0
-70.0
-70.0
-70.0
-70.0
-70.0
-70.0
-70.0
-70.0
-70.0
-70.0
-70.0
-70.0
-69.713753923
-69.5515478127
-69.4691725527
-69.437441645
-69.4371550456
-69.4557445844
-69.4850401548
-69.5197828253
-63.5715329408
-66.3894171548
-70.0
-70.0
-70.0
-70.0
-70.0
-70.0
-70.0
-70.0
-70.0
-70.0
-70.0
-70.0
-70.0
-70.0
-70.0
-70.0
-70.0
-70.0
-70.0
-70.0
-70.0
-70.0
-70.0
-70.0
-70.0
-70.0
-70.0
-70.0
-70.0
-70.0
-70.0
-70.0
-70.0
-70.0
-64.4945919003
-66.1897481958
-70.0
-70.0
-70.0
-70.0
-70.0
-70.0
-70.0
-70.0
-64.0666891903
-60.7044797315
-58.9970047318
-58.339286241
-58.3333456051
-58.9760805196
-62.1399471972
-70.0
-70.0
-70.0
-70.0
-70.0
-70.0
-70.0
-70.0
-69.5244150531
-69.2549169166
-69.1180541374
-62.3685996209
-65.7680378996
-70.0
-70.0
-70.0
-70.0
-68.6938088703
-67.9536338968
-66.5893021361
-65.8843930085
-65.5986344316
-65.5738914711
-65.7065826458
-70.0
-70.0
-70.0
-70.0
-70.0
-70.0
-70.0
-70.0
-70.0
-70.0
-70.0
-70.0
-70.0
-70.0
-70.0
-70.0
-70.0
-70.0
-70.0
-70.0
-70.0
-70.0
-70.0
-70.0
-65.9895231
-70.0
-70.0
-70.0
-70.0
-70.0
-70.0
-67.2319124239
-65.6633294642
-64.8667353729
-64.559887739
-64.557116234
-64.7368827899
-65.0201799637
-67.0517120115
-70.0
-68.9024548016
-68.2805125225
-67.9646634043
-67.8429984866
-62.2246156358
-59.1127654041
-57.608563085
-57.1190895906
-58.0362457055
-65.5364943482
-70.0
-70.0
-70.0
-70.0
-70.0
-70.0
-70.0
-70.0
-70.0
-70.0
-70.0
-70.0
-70.0
-70.0
-70.0
-70.0
-70.0
-70.0
-70.0
-65.3174292152
-62.6639724371
-60.7608770668
-59.926990609
-59.7624257141
-60.0049392533
-54.3486466145
0
-70.0
-70.0
-70.0
-70.0
-70.0
-70.0
-70.0
-70.0
-70.0
-70.0
-70.0
-69.7077257238
-69.5421036339
-63.2754323666
-68.9851022298
-70.0
-70.0
-70.0
-70.0
-70.0
-70.0
-70.0
-64.1971488267
-60.9088664952
-58.2440731109
-57.0370613099
-56.7449521857
-54.9010942693
-61.9030715773
-70.0
-70.0
-70.0
-70.0
-70.0
-65.4360813174
-61.8614217506
-56.0990230633
0
-70.0
-70.0
-70.0
-70.0
-70.0
-70.0
-70.0
-70.0
-70.0
-70.0
-70.0
-66.014727155
-66.1833902824
-70.0
-70.0
-70.0
-70.0
-67.858590732
-66.6451254801
-66.5844310352
-66.6618666671
-66.8195991574
-67.7239557166
-67.3434527542
-60.7765628625
-65.1278458075
-70.0
-70.0
-70.0
-70.0
-70.0
-70.0
-70.0
-70.0
-70.0
-70.0
-70.0
-70.0
-70.0
-70.0
-70.0
-70.0
-70.0
-69.5251273898
-69.2560329106
-65.2304862372
-62.9741420253
-62.6569998998
-62.7114812944
-62.9871207548
-63.3862670725
-64.5630437942
-69.49728021
-70.0
-70.0
-70.0
-70.0
-70.0
-66.6352423975
-64.7285464228
-63.7602439572
-58.46132842
-55.6666014836
0
-70.0
-70.0
-70.0
-70.0
-70.0
-70.0
-70.0
-70.0
-70.0
-70.0
-70.0
-70.0
-64.0604228091
-61.1741377557
-66.0481352296
-70.0
-70.0
-70.0
-70.0
-70.0
-65.4265121638
-62.8348690566
-61.5187208904
-61.0117412944
-55.3898782096
0
-70.0
-70.0
-70.0
-70.0
-70.0
-70.0
-70.0
-70.0
-70.0
-68.1857671456
-67.1577018614
-66.6356059622
-67.2369640264
-67.6898800641
-68.0386336845
-68.313264734
-69.7483831881
-70.0
-70.0
-70.0
-70.0
-70.0
-70.0
-70.0
-70.0
-70.0
-70.0
-70.0
-70.0
-70.0
-70.0
-70.0
-70.0
-70.0
-64.9036737488
-62.0157555398
-60.5491460964
-59.9842088938
-59.9791062758
-60.3100744958
-63.9193579098
-70.0
-70.0
-70.0
-70.0
-70.0
-70.0
-70.0
-70.0
-70.0
-70.0
-70.0
-70.0
-70.0
-70.0
-70.0
-70.0
-70.0
-70.0
-70.0
-70.0
-70.0
-69.1877488192
-69.6396816549
-64.9969260418
-62.378041806
-61.0607765376
-54.7741528088
0
-70.0
-70.0
-70.0
-70.0
-70.0
-70.0
-70.0
-70.0
-70.0
-70.0
-70.0
-70.0
-70.0
-70.0
-70.0
-70.0
-70.0
-70.0
-70.0
-70.0
-70.0
-70.0
-64.1801949195
-61.8812904147
-60.0688676609
-59.3124517533
-59.214853817
-59.5157999279
-61.2640826245
-69.783221966
-70.0
-70.0
-70.0
-70.0
-70.0
-70.0
-65.4801135547
-62.9188445691
-61.618121692
-61.1170839094
-61.1125584428
-61.4060912148
-63.3170433605
-70.0
-70.0
-70.0
-70.0
-70.0
-70.0
-70.0
-70.0
-70.0
-70.0
-70.0
-70.0
-70.0
-70.0
-63.5357599352
-67.6857947535
-70.0
-70.0
-70.0
-70.0
-70.0
-70.0
-70.0
-65.8261055068
-61.127565294
-57.6076144772
-55.9087235046
-55.3590981375
-55.7569916551
-57.3830601138
-69.117272217
-70.0
-70.0
-70.0
-70.0
-70.0
-70.0
-70.0
-64.5923890581
-60.9725206355
-54.8792933386
0
-70.0
-70.0
-70.0
-70.0
-70.0
-70.0
-70.0
-70.0
-70.0
-70.0
-70.0
-70.0
-70.0
-70.0
-70.0
-70.0
-70.0
-70.0
-70.0
-70.0
-70.0
-70.0
-70.0
-70.0
-70.0
-69.7411306383
-69.5944379999
-68.9643855947
-69.3653254156
-70.0
-70.0
-70.0
-70.0
-70.0
-65.0556316875
-63.2536224913
-62.3972962239
-62.1369239226
-62.9465067815
-57.8389335608
-58.9988781795
-64.4614626585
-70.0
-70.0
-70.0
-70.0
-70.0
-70.0
-70.0
-70.0
-70.0
-70.0
-70.0
-70.0
-70.0
-70.0
-70.0
-70.0
-65.7526169866
-64.3455661266
-63.6898167397
-63.5067065495
-63.6132835505
-63.8901202994
-64.9498202373
-70.0
-70.0
-70.0
-70.0
-70.0
-70.0
-70.0
-65.9866435632
-63.7124082491
-58.6685645634
-56.8224420023
-56.154020399
-56.6385950707
-60.2274953052
-65.3211430278
-70.0
-70.0
-70.0
-64.4997870487
-60.4415273732
-54.4362984332
0
-70.0
-70.0
-70.0
-70.0
-70.0
-70.0
-70.0
-69.2066365055
-68.7570638587
-68.5287514753
-68.4408056627
-68.4400113197
-68.4915343366
-68.5727303356
-68.6690235904
-70.0
-70.0
-70.0
-70.0
-70.0
-70.0
-70.0
-70.0
-70.0
-70.0
-70.0
-70.0
-70.0
-70.0
-70.0
-70.0
-70.0
-70.0
-70.0
-70.0
-70.0
-64.9905341185
-62.1518367856
-56.8213349375
0
-70.0
-70.0
-70.0
-70.0
-70.0
-70.0
-70.0
-70.0
-70.0
-65.5314886137
-62.9993321615
-57.8245049959
-55.12545853
-54.0018486994
-56.0624371508
-61.7398730834
-65.3048834049
-70.0
-70.0
-70.0
-64.9409751499
-62.0741944015
-60.6183194724
-60.0575171992
-60.0524519286
-60.380997702
-60.898758576
-62.6936901797
-70.0
-70.0
-70.0
-70.0
-70.0
-66.0677541298
-64.8394814699
-60.3856462695
-58.0338236069
-57.0216025558
-56.8468831732
-57.1804887713
-58.2973289443
-59.1492979742
-64.9789711961
-70.0
-70.0
-70.0
-70.0
-70.0
-70.0
-70.0
-70.0
-69.3034771418
-68.9087808555
-63.9291384863
-67.955167252
-70.0
-70.0
-70.0
-70.0
-70.0
-70.0
-70.0
-70.0
-70.0
-70.0
-70.0
-70.0
-70.0
-70.0
-70.0
-70.0
-70.0
-70.0
-70.0
-70.0
-70.0
-70.0
-63.1972827404
-59.3424096266
-57.828168256
-58.3856275891
-67.2760314119
-70.0
-70.0
-70.0
-70.0
-70.0
-70.0
-70.0
-70.0
-64.0618380034
-60.6968795386
-58.9880084751
-58.3297522212
-62.1635881971
-70.0
-70.0
-70.0
-70.0
-70.0
-70.0
-70.0
-70.0
-64.7515652203
-61.7774521784
-60.2670692807
-59.9200205658
-60.7941479243
-66.3112297095
-70.0
-70.0
-70.0
-70.0
-70.0
-70.0
-70.0
-70.0
-70.0
-65.9941513144
-65.7996122771
-69.7787072889
-70.0
-67.7210294357
-66.4296127826
-61.8848868091
-59.4285549981
-54.4182485226
0
-70.0
-70.0
-70.0
-70.0
-70.0
-70.0
-70.0
-70.0
-70.0
-70.0
-70.0
-70.0
-70.0
-70.0
-70.0
-70.0
-70.0
-70.0
-70.0
-70.0
-70.0
-70.0
-70.0
-70.0
-70.0
-70.0
-70.0
-67.414005237
-66.9363118891
-62.8629299285
-61.4592722237
-61.3637654895
-59.4418912449
-57.0503697594
0
-70.0
-70.0
-70.0
-70.0
-70.0
-70.0
-70.0
-70.0
-70.0
-70.0
-70.0
-70.0
-70.0
-70.0
-63.7957965624
-60.503925179
-59.5819926145
-66.1587322994
-70.0
-70.0
-70.0
-70.0
-70.0
-70.0
-70.0
-70.0
-70.0
-70.0
-69.2315103013
-70.0
-70.0
-70.0
-70.0
-70.0
-70.0
-70.0
-70.0
-70.0
-70.0
-70.0
-70.0
-63.8168376624
-61.7713140838
-66.3161599528
-70.0
-70.0
-70.0
-70.0
-66.3004406799
-64.9077274356
-64.2418419078
-64.0342491942
-64.1085519263
-64.8152236674
-66.9399644989
-70.0
-70.0
-70.0
-70.0
-70.0
