-67.93
-66.067
-64.3903
-62.88127
-60.703143
-59.0161620333
-57.6801013856
-56.599128284
-55.707240147
-54.1385325932
0
-70.0
-70.0
-70.0
-70.0
-67.7135515137
-65.7278973715
-63.9889083071
-63.2758845916
-63.2022075425
-62.694594395
-61.9435400267
-61.0714560715
-60.1558238293
-59.2445836896
-58.3663534829
-58.3572035761
-58.0498068461
-57.5737085799
-57.0122593342
-56.4183144757
-55.0046704113
0
-70.0
-70.0
-70.0
-70.0
-67.868386821
-65.9704726863
-64.2760417825
-62.7601818476
-61.4019931583
-61.0036801728
-60.3745697091
-59.6279511072
-58.8357149092
-58.0425160267
-57.2751794964
-56.5489382616
-55.8715622454
-55.2460845608
-54.6725951313
-54.1494149693
0
-70.0
-70.0
-70.0
-70.0
-67.1112360473
-64.7842698074
-62.8719477366
-61.2721562362
-59.9132094614
-58.7440677478
-57.7277804614
-56.8370820742
-56.8714269727
-56.6396530128
-56.2559335363
-55.7938373993
-55.3001184704
-54.8038831641
-54.3226792081
0
-70.0
-70.0
-70.0
-70.0
-68.3005182429
-66.6474785805
-65.0774054971
-63.6094481305
-62.2516921061
-61.8253154213
-61.1519788964
-60.3529110182
-59.5050399241
-58.6561492701
-57.8349432354
-57.0577215067
-56.3327977526
-55.6634169084
-55.0496745049
-54.489773246
0
-70.0
-70.0
-70.0
-70.0
-67.9313226835
-66.0690722041
-63.572752843
-61.5992027983
-60.0050993448
-58.6918006279
-57.5907613768
-55.8337791136
-54.5617971186
0
-70.0
-70.0
-70.0
-70.0
-66.8127288596
-65.1366085467
-63.6030494074
-61.3861456102
-60.4731318116
-59.5528858054
-58.6589753415
-57.8106632184
-57.0179871706
-56.2851153029
-55.6125550055
-54.9986003269
-55.2602741755
-55.2186026788
-54.9963130249
-54.6730621316
-54.3000095247
0
-70.0
-70.0
-70.0
-70.0
-67.9444200697
-66.9095914425
-65.7017078848
-64.430254154
-63.1630401104
-61.9406103472
-60.785798811
-59.710051929
-59.5376020688
-59.0928787504
-58.4996154676
-57.8370036491
-57.1548697697
-56.4837604497
-55.841636176
-55.2383070726
-54.6783660415
-54.1631225548
0
-70.0
-70.0
-70.0
-70.0
-67.6890205206
-64.8694654823
-62.6587502765
-60.8870294772
-59.4377626817
-58.2302771817
-57.2081099756
-56.3312059861
-55.5706900595
-54.9053575016
-54.3193127168
0
-70.0
-70.0
-70.0
-70.0
-68.4744271904
-66.9199359316
-65.3999099786
-63.9512307408
-62.5936488402
-60.5159780718
-58.895509675
-57.6033783144
-57.3713202209
-56.9630413575
-56.4626393275
-56.7436434652
-56.6641244991
-55.5509423027
-54.6746682415
0
-70.0
-70.0
-70.0
-70.0
-68.8629279709
-67.5285871545
-66.1203630928
-64.714749886
-64.1775569657
-64.1793226481
-62.8644046358
-61.6233070073
-60.46787153
-59.4023478592
-57.6062887281
-56.2517769585
-54.3873439982
0
-70.0
-70.0
-70.0
-70.0
-68.2660324596
-66.5934508534
-65.0134535279
-63.5416733483
-62.1838827957
-60.9397457042
-59.8052719258
-58.774411928
-57.0200821983
-55.7101482872
-54.710516331
0
-70.0
-70.0
-70.0
-70.0
-67.0785164662
-64.7330091303
-62.8112710912
-61.2078525646
-59.8488730299
-58.681856208
-57.6689175746
-56.7821904755
-56.8207478668
-56.593190706
-56.2135500527
-54.9353139923
0
-70.0
-70.0
-70.0
-70.0
-68.0404521433
-65.4200416912
-64.1304606969
-62.8623634104
-62.4694262581
-61.7946830915
-61.7933477552
-60.5561016282
-59.4385505644
-58.4300682406
-57.5206432384
-56.7009667957
-56.7824620369
-56.5819437804
-56.2189013672
-55.7704458737
-55.2856910484
-55.6153151184
-55.6025790564
-55.3848514506
-55.0513865055
-54.6595946549
-54.2458663894
0
-70.0
-70.0
-70.0
-70.0
-68.7607308598
-67.368478347
-65.9308442278
-64.513902282
-63.1566070384
-61.880342991
-60.6952397962
-59.6043365528
-58.6063167216
-57.6972942656
-56.8719709831
-56.9443779808
-56.7330095801
-56.3584215536
-55.8983880193
-55.4024216314
-54.9014277443
-54.4141171539
0
-70.0
-70.0
-70.0
-70.0
-67.1163940463
-64.7923506726
-62.8815129593
-61.2822932326
-59.1033516222
-57.4692082686
-56.2164153141
-55.2341923643
-55.2670521822
-55.0878663336
0
-70.0
-70.0
-70.0
-70.0
-67.696695802
-66.5214900898
-65.2423169928
-63.9434025682
-62.6759404945
-61.4695985671
-60.3401401251
-59.2944603891
-58.3339038678
-57.4564398261
-57.4780800736
-57.2184615529
-55.9787417221
-55.0122850996
-54.2420016227
0
-70.0
-70.0
-70.0
-70.0
-67.7505493582
-65.7858606612
-64.0575187542
-62.5285963183
-61.1702896461
-59.9596293212
-58.057912149
-56.6249514406
-54.7010099676
0
-70.0
-70.0
-70.0
-70.0
-67.4609567009
-65.3321654981
-63.5204852598
-61.9594609415
-60.6008643191
-59.4090108684
-58.356931769
-56.6037865837
-54.4884399198
0
-70.0
-70.0
-70.0
-70.0
-67.3967243452
-65.2315348075
-64.2213699246
-63.1178919974
-61.9952088411
-60.8984253193
-60.673741029
-60.1598057538
-59.4894510635
-58.7475898806
-57.9875535081
-58.0619465677
-57.8145175179
-57.3822428374
-56.8534699345
-56.2844238617
-55.7101820892
-55.1519642894
-54.6219681332
-54.1265715018
0
-70.0
-70.0
-70.0
-70.0
-67.7712554343
-65.8183001805
-64.0959170221
-62.5692898931
-62.0310039525
-62.1036655898
-61.7204737191
-60.2565428061
-58.1929661648
-55.8383879745
-54.2076947945
0
-70.0
-70.0
-70.0
-70.0
-67.7902487236
-66.6680563337
-65.4158056886
-64.1272617786
-62.8598933733
-61.6474758843
-60.5084428615
-59.4514082857
-58.4788072641
-57.589286409
-56.7792643489
-56.0439423013
-55.377950996
-54.7757578462
-54.2319166949
0
-70.0
-70.0
-70.0
-70.0
-68.750327869
-67.3521803282
-65.9115524594
-64.4934573228
-63.1361516634
-61.8605632123
-60.6765247013
-59.5868841046
-58.5902036098
-57.6825218592
-56.8584954136
-55.2921296991
-54.9725726137
-54.5917526087
0
-70.0
-70.0
-70.0
-70.0
-67.6764087578
-65.6697070538
-63.9200291297
-62.3828880709
-61.0245071665
-59.8186617184
-58.7445323922
-56.9652370501
-55.6421519432
-54.6368958143
0
-70.0
-70.0
-70.0
-70.0
-68.261870206
-66.5869299894
-65.0057348598
-63.5334932867
-62.1756985667
-60.9318317824
-59.7977839857
-58.7674291749
-57.8336353159
-56.98890449
-56.2257691781
-55.5370290183
-54.9158839552
-54.3560007855
0
-70.0
-70.0
-70.0
-70.0
-67.9301497043
-66.0672345368
-64.3905776184
-62.0615642134
-60.2387706966
-58.7804688966
-57.5894721868
-55.7785584213
-54.4760582146
0
-70.0
-70.0
-70.0
-70.0
-67.8725277924
-65.9769602081
-64.2837209839
-63.5883200833
-62.6948022068
-61.712198074
-60.7088956585
-58.9066176873
-56.685030315
-55.1059102144
0
-70.0
-70.0
-70.0
-70.0
-68.6762009706
-67.2360481873
-64.9540882444
-63.0631093372
-61.4697516816
-60.1080786989
-58.1108056193
-56.6187482509
-55.4795555548
-54.590054752
0
-70.0
-70.0
-70.0
-70.0
-68.1491235997
-66.4102936395
-64.7966525421
-63.3119127989
-61.954005193
-60.7174604564
-59.5949515992
-57.7582812316
-56.3743363033
-55.3081581362
-54.4681792981
0
-70.0
-70.0
-70.0
-70.0
-67.3825837674
-65.2093812356
-62.5551470086
-60.5207682389
-58.926115369
-57.6484531348
-56.6035740231
-55.7331940887
-54.9965263251
-54.3646414561
0
-70.0
-70.0
-70.0
-70.0
-67.9245365389
-66.0584405776
-63.5601683149
-61.5858660135
-59.9917557655
-58.6788977579
-56.758553028
-55.3577277558
0
-70.0
-70.0
-70.0
-70.0
-66.5395773964
-63.8886712543
-61.8118385273
-60.1486776068
-58.7891584676
-57.6571417019
-56.6993602524
-55.8780460409
-55.1659893127
-54.5432222986
0
-70.0
-70.0
-70.0
-70.0
-67.6534914166
-65.6338032193
-63.8775301937
-62.3378487052
-60.9794448552
-58.9550877167
-57.4186371764
-56.226145613
-55.2797791545
-54.5126333076
0
-70.0
-70.0
-70.0
-70.0
-68.2188521981
-66.5195351103
-64.925960354
-62.628950155
-60.8064456972
-59.3293948325
-58.1088511527
-57.082896573
-56.2078939394
-56.272629228
-56.0790494268
-55.7369332319
-55.3170990739
-54.86462861
0
-70.0
-70.0
-70.0
-70.0
-67.8351184148
-65.9183521832
-64.2143473714
-62.694799572
-61.3365775733
-60.1204251216
-59.0300528132
-58.0514943344
-57.1726427693
-56.3829104046
-55.6729739723
-55.0345796472
-54.4603903972
0
-70.0
-70.0
-70.0
-70.0
-67.7679604907
-65.8131381021
-64.9098067323
-63.0274810192
-61.4405028908
-60.083632584
-58.9100559805
-57.885574819
-56.9847002949
-56.1880189039
-55.4804094391
-54.8498301123
-54.2864881792
0
-70.0
-70.0
-70.0
-70.0
-67.9292661577
-66.0658503138
-64.3889391303
-62.8798277825
-61.5217000478
-61.1194334053
-60.4840923064
-59.7300845701
-58.9300104427
-58.1289656181
-56.5340398695
-55.3359497579
-54.4158973658
-54.5133360183
-54.3980213425
-54.1588984923
0
-70.0
-70.0
-70.0
-70.0
-67.9537633391
-66.1042292312
-65.2543677921
-64.2126386689
-63.0905132394
-61.957554207
-61.675860314
-61.0943153011
-60.35224445
-59.5385937909
-58.7091169358
-57.8977935916
-57.1244064653
-56.3995606407
-55.7280011246
-54.2907987108
0
-70.0
-70.0
-70.0
-70.0
-68.6498878638
-67.19482432
-65.7252920497
-64.2960629525
-62.1186567291
-59.5649244374
-57.6905209145
-56.2861947703
-55.2107259247
-54.3684204199
0
-70.0
-70.0
-70.0
-70.0
-67.907943887
-66.0324454229
-64.3493981637
-62.8379232028
-61.4797741194
-61.0788921988
-60.4457333064
-59.6943135275
-58.8969845425
-58.0986876668
-57.3264199525
-57.4155119921
-57.1984501495
-57.6249313723
-58.4233223935
-58.5982462599
-58.3932590376
-57.9671580697
-56.60259222
-55.5404329695
-54.6951229869
-54.0080995644
0
-70.0
-70.0
-70.0
-70.0
-67.9170497779
-65.2267113187
-63.0816178659
-61.335174532
-59.8861360473
-58.6638417549
-57.6183371209
-55.8937564365
-54.6392161447
0
-70.0
-70.0
-70.0
-70.0
-68.4244162723
-66.8415854933
-66.1271675094
-65.9576111355
-64.4806236066
-63.0884103024
-61.7934686431
-61.4200546927
-60.7920044994
-60.0321075668
-59.2184324884
-58.399613025
-57.6050009128
-56.8514002817
-56.1475265604
-55.4969514422
-54.0800413232
0
-70.0
-70.0
-70.0
-70.0
-68.2244557498
-66.528314008
-64.1163518294
-62.1752961279
-60.5814861694
-58.4291506553
-56.833444325
-55.624905716
0
-70.0
-70.0
-70.0
-70.0
-68.0250172465
-66.2158603529
-64.5665042049
-62.2480070426
-60.4253085105
-58.9608457742
-57.76013994
-56.7577117748
-55.9076644832
-55.1773806254
-54.5432976233
0
-70.0
-70.0
-70.0
-70.0
-67.6222276048
-65.5848232474
-63.8195531915
-62.2764060515
-60.9179708992
-58.8956441111
-56.5423932346
-54.8890296008
0
-70.0
-70.0
-70.0
-70.0
-67.8484307876
-65.9392082339
-64.2390344272
-62.7209623289
-61.362753659
-60.1457366684
-59.0540019185
-58.0738276712
-57.1932622005
-56.401814178
-55.6902182253
-55.0502533795
-55.2945993593
-54.4213869686
0
-70.0
-70.0
-70.0
-70.0
-66.8868722125
-63.6127664662
-61.1712108029
-59.3105703782
-57.860500444
-56.7051084688
-55.7650363347
-54.985491843
-54.3282487533
0
-70.0
-70.0
-70.0
-70.0
-68.4688800961
-66.0912454839
-63.2849565338
-61.1350179459
-59.450554195
-58.1015241379
-56.9987219658
-56.0804165969
-55.3034194891
-54.6371072414
-54.0594163181
0
-70.0
-70.0
-70.0
-70.0
-67.9261389126
-66.060950963
-64.3831398278
-62.8736818191
-61.5155509533
-60.293487402
-59.1937996912
-58.2041937416
-57.3136237138
-57.3321609067
-57.0755445255
-56.6623898793
-56.1690840956
-54.8241311555
0
-70.0
-70.0
-70.0
-70.0
-68.4188959534
-67.6529369937
-66.5815970514
-65.362739851
-64.096000869
-62.8427574509
-62.4593861516
-60.970717167
-59.6884918707
-58.5728736306
-57.5944068988
-56.7308466298
-56.7850155807
-56.5680164319
-56.1955497282
-55.7422180484
-55.2554784389
-54.7649187252
-54.2884189395
-54.6562384368
-54.6983888539
-55.3637328091
-55.5608147552
-55.4703700977
-55.2104242999
-54.8574426779
-54.4604056155
-54.0501698575
0
-70.0
-70.0
-70.0
-70.0
-67.5748443175
-65.5105894307
-63.7316835176
-62.1832838525
-60.8248012583
-59.6255516599
-58.5618168455
-58.4348487287
-58.874172901
-58.8186283077
-58.4680139414
-58.7720448569
-58.6387285777
-58.2474478576
-57.7144311636
-57.1141401084
-56.4934941383
-55.8813234183
-55.2946435391
-54.7428141602
-54.2302893942
0
-70.0
-70.0
-70.0
-70.0
-67.9327879638
-66.0713678099
-65.215470124
-64.1714158416
-63.0492694108
-61.9176725719
-60.8181253829
-58.9544595567
-57.5144447424
-56.3766210291
-55.4580394335
-54.701622495
-54.0677182487
0
-70.0
-70.0
-70.0
-70.0
-67.3751035833
-65.1976622805
-63.3612754228
-61.7907341274
-60.4320515459
-59.2457736122
-58.2024810648
-57.2797561676
-56.460129357
-54.9096822921
0
-70.0
-70.0
-70.0
-70.0
-67.6137808172
-65.5715899469
-63.8038890932
-62.2598056112
-60.9013620016
-59.6995837692
-58.6318640374
-57.6801700637
-56.8298146774
-56.068607623
-55.3862631363
-54.7739810064
-54.2241456949
-54.5501063182
-54.5706791482
-54.4073335413
-54.9590817258
-55.1014945789
-54.1735591382
0
-70.0
-70.0
-70.0
-70.0
-67.8994673486
-66.0191655127
-64.3336788942
-62.8212642932
-61.4631067229
-60.2427752899
-58.3258172538
-56.874781857
-54.9316678903
0
-70.0
-70.0
-70.0
-70.0
-67.3534832785
-65.1637904696
-62.5011817687
-60.4635771558
-58.8688951495
-57.5931227741
-56.5512219231
-56.504374015
-56.2361194697
-56.6639627602
-56.6752033091
-56.4361075282
-56.0547798087
-55.60082385
-55.1184228132
-54.6350347639
-54.1671674423
0
-70.0
-70.0
-70.0
-70.0
-68.7557622962
-67.360694264
-65.9216303026
-64.5041375823
-63.146837364
-61.8708959876
-60.6863012955
-59.5960011037
-58.5986209519
-57.690238829
-56.0455349277
-55.6538614226
-55.2070619388
-54.7420801839
-54.2816884582
0
-70.0
-70.0
-70.0
-70.0
-68.4840250243
-67.7549725381
-66.7023752951
-65.4907377728
-64.2240640003
-62.9665909368
-61.7565540675
-60.615313477
-59.5533920068
-58.5744593911
-57.6779511753
-56.8607812067
-56.1184531853
-55.4457745996
-54.8373082948
-54.2876515688
0
-70.0
-70.0
-70.0
-70.0
-67.9303576716
-66.0675603522
-64.3909632822
-62.8819729307
-61.5238462889
-60.3015087608
-59.2013892852
-58.2112712904
-57.3201581171
-56.5181516093
-54.9763426509
0
-70.0
-70.0
-70.0
-70.0
-67.8580115185
-65.9542180456
-65.0768013604
-64.0244579705
-62.902236671
-61.7754960022
-60.6836017342
-59.6490117822
-58.6832907517
-57.7910817749
-56.9727203297
-57.0459461183
-56.8316833875
-56.4520696361
-55.985899064
-56.3033334187
-56.2603495842
-55.1825476306
-54.3397815375
0
-70.0
-70.0
-70.0
-70.0
-67.9076560698
-66.0319945093
-65.1688644228
-64.1220242234
-62.9998526296
-61.8698879191
-60.7729128288
-59.732297347
-58.760184813
-57.8615777988
-57.0370276637
-56.2843966605
-55.6000048366
-54.979369581
-54.4176761083
0
-70.0
-70.0
-70.0
-70.0
-68.0520296064
-66.2581797167
-64.6165971256
-63.1210943335
-61.7630895138
-60.5328503048
-59.4202784359
-58.4153927001
-57.5086148352
-56.6909276218
-55.9539510397
-55.2899667224
0
-70.0
-70.0
-70.0
-70.0
-68.3485600691
-66.7227441082
-65.1664963947
-63.7038645535
-62.3461566303
-61.0966599887
-59.9537400042
-58.9128633466
-57.9679085738
-57.1120054244
-56.3380633539
-55.6390959998
-55.8284123874
-55.7243884737
-55.447827843
-55.0769638698
-54.6618800236
-55.0541003817
-55.0976292505
-54.1104922635
0
-70.0
-70.0
-70.0
-70.0
-67.7727545405
-65.8206487801
-64.0986970312
-62.5722360809
-60.3939516413
-58.7171825895
-56.5772150721
-55.0506607259
0
-70.0
-70.0
-70.0
-70.0
-67.8598692707
-65.957128524
-64.2602464586
-62.7434423374
-60.56524512
-58.882818619
-57.5539354311
-56.4814743373
-55.5986152031
-54.8589458825
-54.229846094
0
-70.0
-70.0
-70.0
-70.0
-68.743573206
-67.3415980228
-65.899026312
-64.4801824086
-63.1228699862
-61.8477201999
-61.4843729881
-60.8602188948
-60.1003858089
-59.2844730971
-58.4621097002
-57.6632880053
-56.9052187215
-56.1968698606
-55.541964882
-54.9409563987
-54.3923194288
0
-70.0
-70.0
-70.0
-70.0
-68.0528386212
-66.2594471733
-64.6180973987
-63.1226842874
-62.5846802776
-61.8190551959
-60.942378307
-60.0282928967
-58.3022318873
-56.9665208855
-56.7295435882
-56.3397057568
-56.6911461995
-56.6556389251
-57.2091465963
-57.2776129791
-57.0527723762
-56.6594422686
-56.1781294617
-55.6600707955
-55.137233236
0
-70.0
-70.0
-70.0
-70.0
-67.8319517823
-65.9133911256
-64.2084750274
-62.6885762008
-61.3303510316
-60.114404229
-59.0243560064
-58.8661818727
-58.4524046634
-57.8990581823
-57.280415021
-56.6432152901
-56.0161216086
-54.5959946794
0
-70.0
-70.0
-70.0
-70.0
-67.0442867693
-64.6793826053
-63.56779402
-62.4252477348
-61.3022117059
-60.228316365
-59.2197019483
-58.2838765667
-57.4229187855
-56.6355801572
-55.9186576417
-56.087882211
-55.1431542122
-54.3815456059
0
-70.0
-70.0
-70.0
-70.0
-67.0944351662
-64.757948427
-62.840791436
-61.2391375268
-59.8801739304
-58.7121233082
-57.6975554913
-55.9888962848
-54.7407375514
0
-70.0
-70.0
-70.0
-70.0
-67.3324784325
-65.1308828776
-63.2822294487
-61.7069630764
-59.5282378172
-58.700061401
-57.8898201713
-57.9373480945
-58.4979532452
-58.5277178941
-58.237986087
-57.7662141332
-56.3809438231
-55.3137501763
-54.472975649
0
-70.0
-70.0
-70.0
-70.0
-67.5445383147
-65.4631100263
-62.8554827191
-60.8390569108
-58.4245661954
-56.6717195597
-55.3742875929
-55.2133521598
-54.9196791612
-54.5561527234
-54.1628317699
0
-70.0
-70.0
-70.0
-70.0
-67.5771698716
-65.5142327989
-64.5559961286
-62.6525209221
-60.2453517675
-58.4362052158
-56.226177111
-54.6692876777
0
-70.0
-70.0
-70.0
-70.0
-68.2590625649
-65.7625313516
-63.7158615786
-62.0073309955
-60.5586349458
-59.3141294845
-58.2336218915
-57.2875299393
-55.6336237701
0
-70.0
-70.0
-70.0
-70.0
-67.746941285
-66.6002080132
-65.3354944497
-64.0421498299
-63.5947380637
-62.8497997352
-61.9511767469
-60.9902970624
-60.0240926829
-59.0869002991
-58.1983548589
-57.3686157661
-56.6018184516
-55.8983461145
-54.4363178417
0
-70.0
-70.0
-70.0
-70.0
-68.0215495277
-66.2104275934
-64.560073513
-62.2411919477
-60.4184899436
-58.9542524096
-57.7539014756
-55.9318941994
-54.6176266936
0
-70.0
-70.0
-70.0
-70.0
-67.8728408814
-65.9774507141
-64.28430159
-62.7689353958
-62.2307511661
-61.4768155895
-60.6185603905
-59.7263219247
-58.8434347811
-57.9955880023
-57.1970270015
-56.4546561677
-55.7707451285
-55.1447070007
0
-70.0
-70.0
-70.0
-70.0
-68.6438632766
-68.0053858
-66.9987864541
-65.804867298
-64.5383535611
-63.2705002003
-62.0441048438
-60.8834641351
-60.6209642387
-60.0860988262
-60.2256429512
-59.9451813278
-59.4220649762
-58.7707929994
-58.0643367133
-57.3483183845
-55.8304301078
-54.7020161381
0
-70.0
-70.0
-70.0
-70.0
-67.8882664727
-66.001617474
-64.3129074922
-62.7992512535
-61.4410824684
-60.2214784484
-59.1256667548
-58.1406575135
-57.2549633849
-56.4583814616
-55.7418195922
-55.0971551509
-54.517117981
-54.8151917464
-54.8101962808
-54.623525792
-54.334072639
0
-70.0
-70.0
-70.0
-70.0
-67.7083615408
-65.719766414
-63.1592837908
-61.1610180904
-59.5666914006
-59.08787234
-58.4743184923
-57.8003755673
-57.11266396
-56.4396148636
-55.7977982437
-54.376114997
0
-70.0
-70.0
-70.0
-70.0
-67.6192704814
-65.5801904209
-63.8140693706
-62.270594428
-60.9121563149
-59.7100215698
-57.8217400038
-57.2247130641
-56.6023397981
-55.9855045119
-55.3925531898
-54.8336972902
-54.3139271741
0
-70.0
-70.0
-70.0
-70.0
-67.9734435874
-66.1350616203
-63.6508637193
-61.6819828548
-60.0879215742
-58.7718874201
-57.6665373469
-56.7244427248
-55.9117045274
-55.203671458
-54.5820625678
-54.0330284814
0
-70.0
-70.0
-70.0
-70.0
-66.9461961851
-64.5257073566
-62.565890481
-60.9478040062
-60.4086919878
-59.7149350439
-58.951516376
-58.1717479628
-57.4081619827
-56.6797383286
-55.9966928585
-55.3636424812
-54.7816908388
-54.2497968253
0
-70.0
-70.0
-70.0
-70.0
-67.9314288128
-66.0692384733
-64.3929496539
-62.8840780404
-61.525952471
-60.3035453803
-59.2033162799
-58.213068277
-57.3218171993
-56.5196726461
-55.7977301593
-55.1479736619
-54.5631873081
-54.0368759188
0
-70.0
-70.0
-70.0
-70.0
-67.9300006445
-66.0670010098
-65.2103011952
-64.1659379334
-63.0437887118
-61.9123728884
-60.8131109648
-59.7697834452
-58.7947941519
-57.8933074375
-57.0659718276
-56.3107047341
-55.6238543202
-55.8209489278
-55.7218407282
-55.4483144507
-55.0792548693
-54.6651772914
-54.2378915017
0
-70.0
-70.0
-70.0
-70.0
-68.9215649439
-67.6204517455
-66.2291021016
-64.0099889118
-62.1881880343
-60.6655012399
-59.373039122
-58.2617938805
-57.2963202729
-55.6304920992
-55.2399787918
-54.8076715142
-54.3646980972
0
-70.0
-70.0
-70.0
-70.0
-67.3927967065
-65.2253815068
-63.3940863367
-62.6455063568
-61.751508157
-61.6200589652
-61.1305208179
-61.2624472356
-60.9428548451
-60.3630042492
-59.6463270834
-58.0514432145
-56.8027981193
-55.8035177916
-55.8071656685
-55.5924488724
-55.253870499
-54.852261125
-54.4262201298
0
-70.0
-70.0
-70.0
-70.0
-67.9413413546
-66.0847681222
-64.411331912
-62.9035591222
-60.7254434775
-59.0377259748
-57.7005046074
-56.6181549667
-55.7248066834
-54.9746374906
-55.1553813919
-55.068648353
-54.8243202512
-54.4935793817
-54.1220155473
-54.5583433951
-55.4648619906
-55.8032777482
-55.7895512779
-55.5649970197
-55.2214312308
-54.8179107165
-54.3918680506
0
-70.0
-70.0
-70.0
-70.0
-67.9410396406
-66.0842954369
-64.4107724001
-62.9029661647
-60.724850218
-58.2171523093
-56.4152951539
-55.0970043554
-54.1127963979
0
-70.0
-70.0
-70.0
-70.0
-67.3174506428
-65.9273393404
-63.7190279142
-61.9134067947
-60.4095872299
-59.1369759167
-58.0455099315
-57.0991133427
-56.2713049446
-55.5422430743
-54.896731183
-54.3228663421
0
-70.0
-70.0
-70.0
-70.0
-68.6373960628
-67.1752538317
-65.7021266986
-65.0915128622
-64.1987607982
-63.1664841999
-62.0849021009
-61.0097894382
-59.9743955259
-58.9973459944
-58.087871409
-57.2492576107
-56.4811140781
-55.7808574893
-55.144674953
-54.5681429328
-54.0466189563
0
-70.0
-70.0
-70.0
-70.0
-67.9304644448
-66.0677276302
-64.3911612871
-62.8821827717
-61.5240562367
-60.3017117745
-59.2015813713
-59.0314504171
-58.6049901639
-58.0389476733
-57.4080239231
-56.7592022089
-56.1212691067
-55.5111336085
-54.9380145227
-54.4062092537
0
-70.0
-70.0
-70.0
-70.0
-67.9328089928
-66.0714007553
-64.395509121
-62.8867905031
-61.5286663156
-60.3061695925
-59.2057992389
-58.2153837188
-57.3239549495
-56.5216325229
-55.7995179828
-55.1495986594
-54.5646604433
-54.0382088322
0
-70.0
-70.0
-70.0
-70.0
-67.9300012671
-66.0670019851
-64.3903023498
-63.7012724903
-61.9878121582
-60.536808887
-59.2916466281
-58.2114943851
-57.2663532265
-56.4337234238
-55.6963547613
-55.0407217385
-54.4559845335
0
-70.0
-70.0
-70.0
-70.0
-67.929063701
-66.0655331315
-64.3885636855
-62.059429895
-60.2366352909
-59.5984040187
-58.8721851214
-57.2973809457
-56.0859190754
-55.1328446507
-54.3665718409
0
-70.0
-70.0
-70.0
-70.0
-66.931959871
-64.5034037978
-62.5394900274
-60.9198254309
-59.5606991586
-58.4032000899
-57.4052606457
-56.5363216244
-56.5937474907
-56.3850780942
-55.2037071865
-54.2980944023
0
-70.0
-70.0
-70.0
-70.0
-68.4489910944
-66.8800860479
-65.3527401517
-64.7212412756
-63.8283005741
-62.8082594674
-61.7459594878
-60.6937141838
-59.6825765286
-57.9098080511
-56.559153363
-55.5067887713
-54.6684770573
0
-70.0
-70.0
-70.0
-70.0
-67.708424552
-65.7198651315
-63.9794006415
-62.4458085928
-61.0874597438
-60.6995351096
-60.0867958254
-59.3595923941
-58.5879505888
-57.8153671527
-57.0679715192
-56.3606017552
-55.7008265049
-55.0916004713
-54.5330115021
-54.0234244038
0
-70.0
-70.0
-70.0
-70.0
-68.4778706438
-66.9253306753
-65.4062956717
-63.9579981471
-62.6004196941
-61.3425252992
-59.3663711523
-57.025132959
-55.3628856111
-54.1634410154
0
-70.0
-70.0
-70.0
-70.0
-68.1512592782
-66.4136395358
-64.8006130392
-63.3161100399
-61.9582045723
-60.7215211394
-59.5987937083
-58.581864126
-57.6623109058
-56.8318352768
-56.0824887235
-55.4067978341
-54.7978233726
-54.2491779167
0
-70.0
-70.0
-70.0
-70.0
-67.9300998085
-66.0671563667
-64.3904850893
-62.8814661533
-60.7033392532
-58.1963518047
-56.3956142755
-55.0786512821
-54.0958517767
0
-70.0
-70.0
-70.0
-70.0
-68.25889465
-66.582268285
-65.0002168565
-63.5276454375
-62.1698477382
-60.926174194
-59.7924309277
-58.7624372703
-57.8290265002
-56.9846791548
-56.2219147758
-55.5335256558
-54.9127079953
-55.1731271325
-55.9536077104
-56.2001091334
-56.1180063495
-55.8414778008
-55.4575114116
-55.0218811976
-54.569773696
-54.1228500719
0
-70.0
-70.0
-70.0
-70.0
-67.937028038
-66.8980105929
-65.6879997727
-64.4157266215
-63.1485051767
-62.7465554707
-62.0571671313
-61.2182952233
-60.3176955711
-59.4100792607
-58.5285068325
-57.6919464811
-56.9102787209
-56.1876021074
-55.5244094024
-54.919013466
-54.3684754553
0
-70.0
-70.0
-70.0
-70.0
-68.3696807318
-66.7558331465
-64.3856634905
-62.4607062471
-60.8670416929
-59.5252749039
-58.3793723338
-57.3891850472
-56.5254331737
-55.7663342771
-55.9153304633
-55.7842171595
-55.4894086053
-55.1062098526
-54.6827502725
-54.2492495154
0
-70.0
-70.0
-70.0
-70.0
-67.7772229812
-65.8276493372
-64.1069835062
-62.5810178908
-61.2227379251
-60.0103453483
-59.7458982905
-59.2390334462
-58.6036134247
-57.9122409644
-57.2103427893
-56.5255257913
-55.8737847328
-56.0836139399
-55.9833909996
-55.7004775353
-55.3173802056
-54.8869424676
-54.4424484092
-54.0043370272
0
-70.0
-70.0
-70.0
-70.0
-67.9366838702
-65.2574713966
-63.1180281993
-62.1937613409
-61.2094091812
-60.2218175793
-59.2652020322
-58.3590593028
-57.5134050218
-56.7322322858
-56.015787568
-55.3620611517
-54.7677565969
-54.2289153108
0
-70.0
-70.0
-70.0
-70.0
-67.9306965705
-66.8880912938
-64.856258418
-63.1186167452
-61.6154111834
-60.3029741402
-59.1487461096
-58.1279177543
-57.2211568159
-56.4130616924
-55.6911025618
-55.0448903314
0
-70.0
-70.0
-70.0
-70.0
-68.5300349433
-67.0070547445
-66.323031467
-65.3451831183
-64.2236346718
-63.0532511149
-61.8925792769
-60.7764235315
-59.7241826332
-59.5653653398
-59.9478961191
-59.8224847161
-60.2164883837
-60.0890076382
-59.6528856029
-59.046116195
-58.3571840104
-57.641918566
-56.9346953471
-56.2558715709
-55.6167149195
-55.0226637646
-54.4754776129
0
-70.0
-70.0
-70.0
-70.0
-68.7218314601
-67.3075359541
-65.858707452
-64.4374534357
-63.0801192448
-61.806381422
-60.6252593477
-60.3590774581
-59.8307324091
-59.1627009661
-59.2531254014
-58.1556092159
-57.2019125307
-56.3662974352
-55.6293851301
-54.9762582427
-54.3951735022
0
-70.0
-70.0
-70.0
-70.0
-67.1088184216
-64.7804821939
-62.8674643841
-62.0874048854
-61.1931223567
-60.2601154276
-59.3349740892
-58.4453901498
-56.7867934479
-55.5420756452
-54.5871757753
0
-70.0
-70.0
-70.0
-70.0
-67.5365235836
-65.4505536143
-63.6606198456
-62.1079722562
-60.749451294
-59.5526903402
-58.4928774233
-57.5505604257
-56.7101515463
-55.9589011671
-55.2861875673
-54.6830198219
-54.1416851806
0
-70.0
-70.0
-70.0
-70.0
-67.9297337583
-66.066582888
-64.3898062696
-62.8807467562
-61.5226194896
-60.30032248
-59.2002668583
-58.21022459
-57.3191917426
-57.3372656428
-57.9002011282
-57.9512890484
-57.693565499
-57.2591458527
-56.7331892031
-56.16984224
-55.6028393207
-55.0525429252
-55.350613657
-55.3277689742
-55.113136532
-54.790585849
-54.4140359109
-54.0176380843
0
-70.0
-70.0
-70.0
-70.0
-68.6521129889
-66.3783103493
-64.4447517539
-61.9597915382
-60.0468223575
-58.5408134372
-57.3291809704
-56.3345621247
-55.5033054131
-54.797774539
-54.1911968633
0
-70.0
-70.0
-70.0
-70.0
-67.6213097199
-65.5833852278
-63.817851025
-62.2746021358
-60.9161660644
-58.8938988861
-57.3607419496
-56.1721563894
-56.0499331736
-55.7516014717
-54.5375490681
0
-70.0
-70.0
-70.0
-70.0
-68.1230190612
-66.3693965292
-64.7482431257
-62.440609646
-60.6180092367
-59.1471820166
-57.9364462839
-56.9221233016
-56.0594587354
-55.3165447045
-54.6702447959
-54.1034566908
0
-70.0
-70.0
-70.0
-70.0
-67.3807203401
-65.2064618662
-63.3716913863
-60.9817727189
-58.3384290944
-56.4511419499
-54.2603982649
0
-70.0
-70.0
-70.0
-70.0
-67.253785614
-65.007597462
-63.1362979887
-61.5523083718
-60.1935043226
-59.0151050823
-57.984228702
-56.2562285838
-54.9875542268
-54.0367644716
0
-70.0
-70.0
-70.0
-70.0
-67.8964606347
-66.8344549944
-66.4327697771
-65.6206663208
-64.5893820363
-64.2809653977
-63.5965499013
-62.7093489401
-61.7300500654
-60.7281357384
-59.7460492842
-58.8085957689
-57.9291704674
-57.113876271
-56.3642372107
-54.8589792009
0
-70.0
-70.0
-70.0
-70.0
-67.4954246989
-65.3861653617
-63.5844042472
-62.8472007703
-61.9533053252
-60.9951912139
-60.03048304
-59.0939753677
-58.2056049187
-56.555729152
-55.3239460536
-54.3840779928
0
-70.0
-70.0
-70.0
-70.0
-67.9003727008
-66.8405838978
-65.6200244862
-64.343688023
-63.0764298776
-61.8568606611
-60.7065571092
-59.6361564078
-57.82937744
-56.460997478
-55.4012695848
-54.5620571961
0
-70.0
-70.0
-70.0
-70.0
-68.7298882476
-67.3201582545
-65.8736483168
-64.4532874104
-63.0959612861
-61.8217002354
-60.6397535971
-59.5525938275
-58.5585448382
-57.6534972834
-56.832018841
-56.0880644809
-55.4154230488
-54.8079907546
-54.2599316862
0
-70.0
-70.0
-70.0
-70.0
-68.1732035123
-66.4480188359
-64.8413074022
-63.3592369619
-62.8213534657
-62.0479115858
-61.1589160716
-60.2302215607
-59.3086641355
-58.4221075425
-57.5861033353
-56.8082973665
-56.0913372063
-55.4347832033
-54.8363580281
-54.2927576553
0
-70.0
-70.0
-70.0
-70.0
-67.9308810254
-66.0683802731
-63.5719338127
-61.5983348093
-60.0042309136
-58.6909608791
-57.5899668291
-56.6530381715
-55.8457797045
-55.1432319675
-54.5269289264
0
-70.0
-70.0
-70.0
-70.0
-68.4738591083
-66.9190459364
-65.398856502
-63.9501142913
-62.5925318218
-60.5148979461
-58.8944876891
-57.6024252786
-56.550440323
-55.6775680056
-54.9412590149
0
-70.0
-70.0
-70.0
-70.0
-66.9933644168
-64.599604253
-62.6533613462
-60.2205035573
-57.5767720987
-55.7146408203
-54.3835406925
0
-70.0
-70.0
-70.0
-70.0
-67.8694558204
-66.792147452
-65.5626908492
-64.2829271925
-63.8356380921
-63.0827433621
-62.1715817454
-61.1958320505
-61.0338544986
-60.5455394841
-59.8776991593
-59.1244049924
-58.3449483259
-57.5757760485
-56.8384134804
-56.9647154902
-56.7850061797
-56.4276803875
-56.7956955659
-56.766648154
-56.5003314351
-56.100530356
-55.6339653632
-55.1428941889
-54.6534883446
-54.1813952265
0
-70.0
-70.0
-70.0
-70.0
-67.7735780053
-65.8219388749
-64.1002241009
-62.5738544331
-61.215570818
-60.003414955
-58.0993409387
-56.6635851643
-55.5566788609
-54.6839791168
0
-70.0
-70.0
-70.0
-70.0
-68.0702880125
-66.2867845529
-64.6504563253
-63.1569775113
-61.7989909725
-60.5675660168
-60.2731255095
-59.7306903548
-59.0575395835
-58.3283978013
-57.5899661385
-57.6905749363
-57.4712543837
-57.0672869061
-56.5659968559
-56.0230229307
-55.4731378111
-54.9374354791
