-70.0
-66.7758
-64.9487533333
-64.0209002222
-63.6634916815
-64.660263501
-64.4363178093
-64.4874064673
-64.7018127799
-65.0070628081
-65.3566440648
-66.6333798548
-67.5116420002
-68.1215445542
-65.3424679528
-64.8119921959
-63.0471681131
-62.4000347263
-61.2727942166
-61.3564925727
-61.6948285007
-62.3479191074
-62.2911391308
-62.7015331738
-63.7175518272
-64.5365779583
-66.1515800415
-67.2488619568
-65.5270857344
-63.5683838098
-62.7860498613
-62.5571144969
-63.9303079665
-62.0857871483
-61.2428817525
-61.0290424565
-61.1997707971
-62.4638615321
-62.6052078314
-62.9365086834
-64.0744426088
-64.9547215437
-64.8485957174
-65.6603374014
-66.2920378318
-66.794656829
-67.2030729996
-67.541353602
-68.712773794
-70.0
-70.0
-70.0
-70.0
-70.0
-70.0
-70.0
-70.0
-70.0
-70.0
-70.0
-66.961725999
-65.2400373984
-62.5744674359
-61.2226432105
-58.9129050127
-57.896631927
-57.6903136779
-57.9768456059
-58.5495365759
-59.2748332719
-60.0675168472
-60.8742097641
-61.6624185221
-62.4132631595
-63.28691117
-64.0348696039
-64.8579823442
-65.5232505768
-66.0716364972
-67.7048040963
-68.9374611859
-66.4915458317
-64.6039617581
-65.6979977176
-65.6823194096
-66.3365851112
-66.8512583617
-67.2650203667
-64.6633008962
-63.2801591841
-62.8512688507
-62.8322256889
-62.0987440446
-62.9046887266
-64.1482659115
-65.0894700255
-65.9963768263
-66.6739750126
-67.372151424
-67.8786522233
-68.6050142955
-69.0873310623
-69.4071434202
-69.618792721
-69.7584892108
-69.8503574643
-69.9104665009
-69.9495163729
-66.751398693
-62.8670964211
-60.7742785107
-59.2705562585
-58.7259710319
-58.7750208615
-59.5326167306
-61.2113370277
-63.0477746384
-65.2588780501
-66.9145774955
-64.8425571403
-63.7712596892
-62.3534474255
-61.7576451531
-59.0875879635
-57.145597014
-56.4088825438
-57.419889565
-58.4458307922
-58.6440653663
-56.2003946041
-55.4410925735
-54.0542527138
0
-70.0
-70.0
-70.0
-70.0
-70.0
-70.0
-70.0
-70.0
-70.0
-70.0
-70.0
-67.1914780384
-65.4058768833
-62.6964314053
-60.2394830717
-59.0906646357
-59.1205180863
-60.19518391
-61.5185604836
-64.2439880792
-66.595979044
-65.4405667138
-64.8993004253
-65.5470331071
-63.8152234644
-62.5429906834
-62.0282179919
-61.985080444
-62.2263619005
-62.6302520443
-63.1182443958
-63.8189316602
-64.6172943323
-65.2757354579
-66.9785133231
-68.7897294096
-70.0
-70.0
-70.0
-70.0
-67.0142483897
-65.3223224772
-64.4630895138
-63.1327900581
-62.7367673828
-63.0930115315
-61.4740983078
-60.0632137634
-59.4680376802
-59.461997441
-58.0184178272
-55.6854412403
0
-70.0
-70.0
-70.0
-70.0
-70.0
-70.0
-70.0
-70.0
-70.0
-70.0
-70.0
-70.0
-70.0
-70.0
-68.535202525
-67.7051506226
-67.2836144603
-67.1212389477
-67.1197723418
-64.4152859751
-61.9792023822
-60.7849121471
-61.3703693701
-62.0092980582
-63.214567558
-64.4972436726
-65.4502745523
-66.173750595
-65.7743963098
-66.6566063308
-67.297378799
-67.9526775324
-68.5888508192
-69.3685921624
-70.0
-70.0
-70.0
-67.7260159805
-66.4374250361
-64.7945839882
-61.713511745
-61.1333773277
-61.0808507663
-61.346639804
-61.7945585664
-62.3368245384
-62.9176233036
-63.5021817859
-64.0695108158
-64.9668411527
-65.8462613165
-66.6886213469
-67.3044166536
-67.7637466159
-65.895592598
-64.9115137674
-64.4906826768
-64.4218279332
-63.9194052489
-64.3418881299
-64.9542315875
-65.4898299425
-65.9615279574
-66.5576623172
-67.2100875225
-69.0279778166
-69.1901311748
-65.9474517652
-64.4789286712
-61.435072748
-59.8942567692
-58.751069734
-58.1067885218
-59.0776417347
-60.0242322713
-61.8275177398
-63.1819050962
-60.2550978447
-58.8238435657
-59.4903486818
-60.0560286781
-60.7269023866
-62.1422335692
-63.2533578264
-63.6896241805
-64.3432298536
-64.9239522623
-65.6148372988
-66.5235404108
-67.8948942641
-68.7878767673
-69.364070377
-69.7309841969
-69.9600996823
-70.0
-69.1014338666
-68.5922463911
-68.333659026
-68.2340513061
-68.2331516307
-69.2908301315
-69.9490762277
-67.1216490296
-65.5211377431
-64.7101263798
-64.7545986825
-64.4949397946
-66.3483688053
-67.2050916959
-67.8122890405
-65.1511344075
-62.6413371475
-62.2490603105
-60.8141699757
-59.1846967756
-58.567522963
-58.5783012434
-58.9654915035
-59.7426226094
-57.9214498378
-57.5832387522
-58.6717041424
-60.3923932384
-61.9243102541
-63.1126501217
-64.0552323715
-64.8189406424
-65.4498675835
-62.8397636698
-60.5125763518
-59.4325114159
-59.1367220738
-59.3213577327
-59.7880938704
-60.4085324239
-62.1003774847
-59.3389361969
-58.0374402176
-56.034245602
-55.2978539793
0
-70.0
-70.0
-70.0
-70.0
-70.0
-70.0
-70.0
-70.0
-70.0
-69.2453743713
-68.9985031817
-69.2265873121
-69.5602182132
-69.7750561468
-69.9114570354
-70.0
-70.0
-70.0
-70.0
-70.0
-70.0
-70.0
-66.8422711045
-65.052891397
-64.1441671927
-63.7941270969
-63.7909654696
-61.1964223191
-60.8173990176
-61.7660682525
-63.4841138462
-65.4168874076
-67.2633219641
-67.6387147023
-67.6093265219
-64.5729859913
-62.9320821398
-62.183137091
-61.9943321587
-63.1479047821
-63.1562430252
-63.3893712036
-64.4533061076
-62.1781601081
-60.554622727
-59.8953462074
-59.8366020888
-60.314885548
-60.9246927719
-61.5930873472
-63.3589852053
-64.6398910801
-62.662708164
-62.0809748088
-61.9959023021
-62.2116620547
-63.2997261745
-65.4676294438
-67.1054504239
-68.3638779978
-69.3542219423
-69.9699542442
-67.1721077113
-65.5876628678
-64.7840738662
-65.4367662273
-65.9804894364
-66.4407070473
-63.8943380511
-62.5700387184
-63.769687252
-64.0304902738
-64.3859557444
-64.7863698353
-65.200405962
-65.608814106
-66.0002318555
-66.36840811
-66.7103669257
-67.0251966509
-67.3132545977
-65.2747402717
-65.6198787102
-66.8429648776
-68.0360509044
-68.8173674904
-69.4812235873
-69.8968297926
-67.1141374152
-63.4666607144
-61.4959526701
-61.5966953592
-59.6683696459
-58.8557618964
-58.7396718501
-58.1331535892
-58.1648041797
-58.5783010613
-60.1485948248
-58.3836561479
-56.8435916463
-54.233544335
0
-70.0
-70.0
-70.0
-70.0
-70.0
-70.0
-70.0
-70.0
-70.0
-70.0
-70.0
-70.0
-67.5818358076
-66.7395427652
-63.5689681553
-61.8809911175
-61.1388385243
-60.9889190175
-61.1993366795
-62.6073817008
-63.6986293236
-64.5634235864
-65.4435193579
-62.98312835
-62.4547357869
-62.9020961325
-63.4071091354
-61.3425589784
-59.3958357389
-58.5812739373
-58.4731610584
-58.7925212958
-59.5399700617
-60.5193569858
-62.4207269159
-63.81419131
-63.8954820118
-64.1477403659
-64.4941706994
-64.8855565429
-62.2549861822
-61.0079706724
-60.5594956774
-60.7843441579
-61.2264417742
-59.1570382931
-59.1451410185
-58.5876227817
-59.1890799691
-57.3229972949
-56.6259144473
-56.6534675904
-57.11488389
-57.82123754
-56.0283944869
-55.4184088389
-55.7124704841
-56.7251584545
-59.8977659548
-63.0155714703
-66.4661117173
-65.6187370341
-65.2563543231
-63.4058239968
-60.4415932937
-58.9816684287
-58.4729912288
-58.5520185345
-58.9810343001
-59.6057426162
-60.3270428519
-61.0822548983
-61.8326402962
-62.5551168584
-63.2367655671
-64.0451959401
-65.255048193
-66.3153746051
-67.9556412988
-70.0
-70.0
-67.6076350775
-66.2519616215
-64.8597884567
-64.1958249427
-63.9909193362
-64.068278661
-61.3712756394
-59.1723852146
-58.2139714526
-58.0317908136
-58.3214227364
-58.8844877989
-56.6517012486
-54.6822392768
0
-70.0
-70.0
-70.0
-70.0
-70.0
-70.0
-70.0
-69.6820214827
-70.0
-70.0
-70.0
-70.0
-70.0
-70.0
-70.0
-70.0
-70.0
-70.0
-70.0
-66.8779678962
-65.1088163707
-64.2103649098
-63.8642818695
-63.8611559831
-65.0628936258
-65.948506424
-63.5794287813
-62.3720012363
-60.1105891125
-59.0833888679
-58.1304420414
-58.4673258774
-59.0538786498
-58.0290481764
-58.6156507557
-59.3470906113
-60.3173015044
-61.3954346567
-62.3291333929
-63.1450481882
-60.8276003516
-58.6681449713
-57.7502002441
-57.6077600662
-58.1095829942
-58.9780239846
-60.0487377422
-61.5456247224
-63.4455693959
-64.8040172202
-66.4957316535
-67.6275692584
-67.3857528461
-67.3278045705
-67.3821087862
-67.501954356
-67.657129886
-67.8283308745
-68.0034404385
-68.1750581622
-68.3388601911
-68.4925127353
-68.8149538373
-69.7551700372
-70.0
-70.0
-70.0
-70.0
-70.0
-66.9461119179
-65.215575338
-64.3367342122
-63.9982050629
-64.8634601618
-65.7240812157
-66.7347344742
-67.4499686135
-67.9641101433
-68.3404580564
-68.6215848691
-66.5907555047
-65.4858993693
-64.9734557091
-64.8335409893
-64.9218074578
-65.3232903689
-65.7200704366
-66.100802796
-66.8027154415
-67.3882259773
-68.8765866315
-69.9780501364
-70.0
-70.0
-70.0
-70.0
-70.0
-70.0
-70.0
-67.7534226564
-66.4803621617
-64.042624904
-62.7785617192
-62.2608384177
-62.2081764895
-59.8489857953
-58.7718385189
-58.4998222025
-58.7199516725
-58.4069676755
-59.1268616881
-61.3357123821
-64.5435425205
-68.940607415
-70.0
-70.0
-70.0
-70.0
-70.0
-70.0
-70.0
-70.0
-70.0
-70.0
-70.0
-70.0
-70.0
-70.0
-70.0
-70.0
-66.8156409725
-65.0111708569
-64.4405330923
-64.6329423398
-63.209159332
-63.4549855121
-65.0610883043
-66.1893803695
-64.4060552753
-62.4477917096
-60.5246629513
-59.6866302646
-59.5275896438
-59.7812456165
-57.4744503545
-57.507802414
-56.1529980137
-55.8016821064
-55.8068919711
-56.2831214909
-57.0260884865
-57.9043324009
-58.8344676695
-60.6330459989
-62.9176747918
-64.7037795731
-65.1680015651
-65.7808513747
-66.4751995466
-67.0093017981
-67.4294530891
-67.7672287607
-68.0443198717
-68.2757638759
-67.5111232582
-68.482344099
-69.1156651335
-69.5251355831
-70.0
-69.5158703374
-69.4192801953
-69.3806834368
-69.3781692672
-69.5559008784
-66.7865143151
-65.2319985667
-64.4582224987
-64.1786827747
-64.2050028477
-64.4139614633
-61.784395256
-60.6602349842
-61.6202937143
-62.9999024953
-64.6024994367
-66.2689742868
-64.4520840594
-62.472147121
-61.5351133873
-61.2550560341
-61.3785197545
-61.7399806615
-62.2321911837
-59.8453017963
-58.751658104
-58.4704166185
-58.6859911733
-59.1924695337
-59.8566075655
-60.7687034657
-61.9679208903
-63.3046873154
-64.8549242593
-62.9682574528
-62.4178987872
-63.3403311901
-64.1157795921
-65.3327448692
-66.2184992065
-65.8760022931
-62.7724756279
-61.1512771078
-59.5506059605
-58.9385164067
-58.9399787943
-59.3095236003
-59.8875996973
-60.5715253655
-61.2961632543
-62.0210738791
-62.721984458
-63.3851313234
-62.150886096
-62.0192260897
-62.562505883
-63.3238902295
-64.0032578297
-64.6107697956
-65.1549179819
-65.6429096276
-65.0811414466
-64.9080424897
-64.9739150326
-66.169413704
-67.0143991167
-68.1764659493
-69.1084905172
-69.3115054598
-69.4562642433
-70.0
-70.0
-70.0
-70.0
-70.0
-70.0
-70.0
-70.0
-66.9164791141
-64.2081690545
-62.7762440502
-62.1578809126
-59.460946012
-58.1940868712
-57.8275018244
-58.0133007355
-58.5243367243
-59.5689804267
-60.9019673007
-61.3883684218
-61.9672634805
-62.5823583996
-63.1986700711
-63.7951680717
-64.5323946029
-61.2126422148
-59.5137027081
-58.8438822471
-58.8138605623
-59.168718866
-59.7426765527
-60.4289619463
-61.3307673879
-58.8159250219
-58.2093220485
-56.0708550851
-55.2520797375
-55.252411871
-55.7441974221
-56.514462172
-57.4261389496
-55.4511310566
0
-70.0
-70.0
-70.0
-70.0
-69.7507139054
-69.6094517851
-69.7109627868
-69.7815039615
-66.8899692065
-64.1839827133
-62.7542580602
-62.4979479997
-62.5942303634
-61.9065661161
-61.7637486973
-59.0114572948
-55.9479301732
-54.2448828944
0
-70.0
-70.0
-70.0
-70.0
-70.0
-70.0
-68.1724393098
-67.1368215853
-64.8196680089
-63.6020535961
-63.2594998285
-64.1644009071
-65.7621071039
-68.7251510098
-70.0
-70.0
-70.0
-69.9485456175
-69.9193881341
-69.9045807062
-69.8988768926
-69.8988253747
-69.9021669515
-69.9074329992
-68.9137045959
-68.0203440674
-67.5503162814
-67.3499557337
-67.318074214
-67.3883428284
-67.5175592361
-67.6778371061
-68.0254088547
-68.9904413845
-70.0
-70.0
-70.0
-67.3173384434
-66.7969630756
-64.8002835302
-63.7755996853
-63.3682693888
-63.3449288979
-63.5527603068
-64.067867142
-64.9346674522
-65.6235920566
-66.182827084
-66.6456071977
-67.0350883593
-67.5371074443
-68.4611651929
-69.4156442766
-69.0078219849
-65.5793641813
-62.5949106931
-61.0510749104
-61.4226198508
-61.9314594867
-62.5057146187
-63.1000772105
-63.686692192
-64.4223547745
-65.0496738315
-65.591076138
-66.5781310508
-64.4470013374
-63.3534234647
-62.9188292923
-62.8941118124
-63.1161442641
-63.478825593
-62.9142579635
-62.8117087871
-62.9897889883
-63.3303108094
-62.9544777393
-62.9638286393
-63.2039782246
-63.574602035
-63.3856871176
-63.8423152632
-64.4962983085
-65.0721448587
-62.5398962479
-61.4469672065
-60.16410237
-59.7222467224
-59.2441695542
-59.3158509348
-59.8919980653
-60.7508697415
-61.9299970891
-63.0819735947
-64.0037603783
-64.7567071025
-66.2652515669
-67.64511986
-66.6946312367
-66.7580170214
-66.9041145916
-67.1525612488
-64.4758895471
-61.9792902079
-59.6739542641
-58.6349542223
-58.3903890565
-58.6306369885
-58.2415560099
-58.5733055558
-60.1272328033
-61.5664266988
-62.0885930103
-63.0248563636
-64.0013691634
-64.2605273792
-64.7856568926
-65.8010460375
-67.2604946565
-68.7464940472
-70.0
-70.0
-69.8381532505
-70.0
-70.0
-70.0
-70.0
-70.0
-70.0
-70.0
-66.8277970502
-65.0302153787
-65.0140743262
-65.5178372172
-66.3212503779
-64.48705927
-63.5703092962
-63.2334405063
-63.2568712155
-60.9083796128
-59.8023386641
-59.4786361394
-60.5088683041
-62.3268786595
-61.9223369171
-62.1281125754
-63.6612119229
-64.7923644674
-65.6446438451
-66.3011900102
-65.8235496067
-65.6761803778
-62.6334894228
-59.9786918691
-58.7198569412
-56.5493385309
-55.695382867
-55.6598300397
-56.1165040087
-54.2659706022
0
-70.0
-70.0
-70.0
-70.0
-70.0
-70.0
-70.0
-70.0
-70.0
-67.8640809052
-66.8247267515
-66.6482175471
-67.0072880955
-67.3224874881
-67.6008575407
-67.8478509875
-68.067785356
-68.264153132
-64.2995120236
-62.9777354829
-62.7655908349
-62.1757473146
-62.4358153836
-60.5775778149
-60.4794145882
-60.7378694993
-61.5504301293
-62.3196188363
-60.2375307742
-59.3136935777
-59.115601474
-58.3769010258
-58.3211173894
-59.6769354719
-60.8345284724
-61.8345999903
-62.7068229013
-63.6487625512
-64.4256342561
-65.2508194705
-66.4472010763
-67.8979083727
-70.0
-70.0
-70.0
-70.0
-70.0
-70.0
-66.8103230843
-65.0028394987
-64.084921364
-63.7313397711
-63.7281461563
-64.9237307623
-65.8102905005
-66.4818833267
-67.0021095782
-64.273843851
-62.8277562862
-62.1991785379
-62.0820592709
-62.4564690684
-63.1065659779
-63.0713318972
-63.2811470522
-63.6309979101
-61.0868773357
-59.8575090798
-59.4579711569
-60.5681269258
-61.8819494896
-62.9408447116
-63.9877370206
-64.9932807618
-66.5659667836
-67.6240461705
-65.1698048244
-63.8582665226
-64.4255222222
-64.9516915679
-64.4366850823
-64.3131250215
-64.5980514843
-62.0898272051
-61.195065064
-61.4692056028
-61.9180497393
-60.0458272642
-59.2542995371
-57.346350694
-57.6156623517
-56.7321717124
-55.5696049384
0
-70.0
-70.0
-70.0
-70.0
-68.2104363256
-67.7318502435
-68.0633035861
-69.2877136965
-67.8217816518
-67.0148297033
-66.6301642107
-66.5116927749
-66.5568868208
-64.8113682007
-63.937011422
-64.1700525296
-64.5042087765
-65.4229827942
-64.0389504528
-64.6385569986
-65.5235356928
-66.2037383862
-64.1510810684
-63.1144506421
-62.7219906982
-62.729115042
-62.9757524802
-63.3578765271
-63.808555071
-64.285343695
-64.7596269697
-65.5522093689
-66.1760184961
-66.6777700225
-67.0895619376
-67.4336516888
-67.7256504832
-65.6720328862
-63.8427278984
-63.1273873091
-61.308547823
-59.4322258706
-58.6586918368
-56.3302810308
-55.750058497
-55.7228396934
-56.5251637548
-57.6267193998
-58.9790502399
-57.2166710747
-56.0297989843
-55.7833490972
-56.1093675284
-56.9389996694
-58.0461456318
-59.1088950215
-60.2858314879
-60.3743266483
-60.7482795229
-61.2810419302
-62.0683313103
-62.8050938947
-63.8334816488
-64.2756064082
-65.0766943822
-65.7214573538
-63.0300056566
-61.647467783
-59.3051405772
-57.1815062345
-56.3346087543
-57.281894203
-58.2742023321
-59.2604471318
-60.2101791073
-61.1063456556
-61.9405007294
-63.5817141016
-64.9566349882
-66.4834256483
-64.5052942298
-63.6800722378
-60.6048321721
-59.0728603936
-56.7266930911
-54.68670294
0
-70.0
-70.0
-70.0
-70.0
-69.6899851122
-69.5143100092
-69.7790945599
-70.0
-70.0
-70.0
-70.0
-70.0
-70.0
-70.0
-70.0
-70.0
-70.0
-66.8323721694
-65.2173830654
-64.6688509759
-64.6996866897
-64.8948652283
-65.1821435105
-65.6861056962
-66.1322794844
-65.6166992697
-62.3131300063
-60.7672174481
-60.3221793316
-59.5752813481
-59.4746331798
-60.1153398395
-60.8292525073
-60.7608225553
-61.0277371655
-61.8379609558
-59.7698757575
-58.8700287799
-58.7011196341
-57.7072212819
-56.4459082279
-56.1409234546
-56.4199018087
-57.2132081586
-58.9837311205
-60.7612538602
-62.1357257087
-63.2225512942
-63.1028452606
-63.2609267984
-61.3243325601
-59.3768315984
-58.5624366348
-58.4550517688
-58.9516867521
-59.7889448459
-60.9796682041
-62.3502799441
-63.7726149774
-65.537095409
-67.9004556244
-69.5624565661
-70.0
-70.0
-70.0
-70.0
-70.0
-69.5396970595
-69.4551087266
-69.5972687693
-69.6959891692
-68.9628859678
-68.5575945146
-68.3624998256
-68.470910646
-69.1006767833
-70.0
-67.9958500932
-65.9639318127
-65.0600664507
-64.6824116851
-64.6330717696
-64.7823654279
-65.4133627754
-66.4735900048
-67.7642733423
-68.6132075667
-69.1687945158
-69.5298535348
-66.7522355355
-65.1939235514
-63.4194396379
-62.5741013018
-62.3144282568
-62.4148101546
-62.7278789548
-63.1581242697
-63.644333983
-61.007584186
-59.7252815016
-59.2983905076
-60.3989366255
-61.379299742
-62.6103742809
-63.5953398615
-64.3998078811
-65.0691617635
-66.5473438723
-67.5493416752
-68.2322289678
-65.5015370714
-64.0130706978
-63.3195551838
-63.3136251691
-63.7106963213
-65.1195640263
-66.8243158484
-68.1330228946
-68.9804796925
-69.8754375977
-70.0
-70.0
-70.0
-69.4107287868
-69.2575584327
-69.7139042725
-70.0
-70.0
-69.624819223
-69.4122167826
-69.997248091
-70.0
-70.0
-70.0
-70.0
-70.0
-70.0
-70.0
-70.0
-69.0907123839
-69.5364309591
-69.8193144056
-69.9950673266
-66.8764884838
-65.2939582286
-64.8596231582
-64.7703680107
-65.9636198828
-67.88511701
-69.635011386
-70.0
-70.0
-70.0
-70.0
-67.0156634951
-65.3245394756
-64.4657137481
-64.13489452
-64.1319064991
-61.5261028115
-60.2450838386
-59.8016363269
-56.7874708989
-55.4385559455
-55.2951549881
-55.877025914
-55.9932105687
-56.5298143426
-54.8040728448
-54.9711244179
-56.9881234321
-58.6320520595
-59.997340834
-61.1499360709
-62.136495344
-62.9905477297
-62.7756460125
-62.8875167817
-63.1917220172
-60.4142627984
-59.0673118405
-58.6235642044
-59.0897801491
-61.2567954799
-63.559444829
-66.1716950375
-68.5593938491
-70.0
-70.0
-69.5991732875
-69.3720381504
-68.7011335743
-68.3418863761
-68.1816085113
-68.1460548421
-68.1865208125
-68.271249701
-68.379712044
-68.4987990484
-69.6187688439
-70.0
-69.4483858412
-65.7540584428
-64.555743389
-64.5574795771
-64.9169386373
-65.4775494522
-65.9646642928
-66.3914443873
-66.7677976312
-67.1013496564
-67.3981025497
-67.6628842007
-67.8996570512
-68.1117321932
-68.4751695386
-67.7474851153
-67.5644582908
-68.8984835478
-69.9148659172
-70.0
-70.0
-70.0
-70.0
-70.0
-70.0
-70.0
-70.0
-70.0
-70.0
-66.4965826836
-64.5113128709
-63.503107221
-60.8458654421
-60.49813053
-60.780968565
-61.4454724339
-62.4814197538
-64.6765765021
-66.5206180009
-66.7603638302
-67.0121992
-64.9250317589
-63.8418969022
-63.3972860915
-64.0543137724
-61.1471904294
-60.0467600759
-60.061776528
-60.4020605149
-61.4504122198
-62.364409502
-63.1965913864
-63.9226808041
-64.5609117613
-65.1251532769
-64.8237239412
-64.4820755417
-64.4610173173
-64.2514595832
-64.3173429567
-64.5462948822
-64.1617525044
-64.4766353275
-64.8496771772
-65.2451797144
-61.6152757198
-58.3087574657
-56.7145545977
-56.200881057
-56.533397564
-54.7684732275
-54.7354861841
-56.4605110828
-58.9855923188
-58.6314669949
-58.7979429007
-59.4504803474
-60.3654034706
-61.2355105621
-59.2501104732
-58.4172000708
-58.4752124933
-56.6252980489
-54.9621877398
0
-70.0
-70.0
-70.0
-70.0
-70.0
-69.9066811447
-69.8538004601
-69.8269453673
-69.8166007993
-69.8165073653
-69.822567726
-65.9169879853
-63.7097405413
-62.0395118347
-61.3027242162
-61.1505608379
-60.6505404126
-60.6621768104
-60.980419422
-61.4720176749
-62.2267427042
-62.9386862983
-63.6012295781
-61.0126979204
-59.7591556618
-59.3483917845
-57.8953241744
-58.4269728026
-59.4759764769
-58.1872979842
-56.9882731097
-54.9113601924
-54.1681671023
-54.2499790115
-54.8240668567
-56.5616340003
-59.7083981867
-60.5883670715
-61.4300695001
-62.7495053072
-64.3115999479
-65.4384700674
-63.4670291451
-62.5019302869
-61.3425659645
-60.9355285056
-60.9934550801
-59.0595477073
-59.0663541625
-59.4348928969
-60.0081863743
-60.6852229149
-61.4019374088
-62.1185681915
-62.8112610547
-63.6427514042
-63.353854629
-65.6140943619
-67.8289350561
-70.0
-68.5118111871
-67.6685041931
-67.2402365236
-67.0752680377
-67.0737780116
-67.1704247289
-68.2967196401
-69.3626059322
-70.0
-70.0
-70.0
-70.0
-69.1194560363
-68.6204811236
-68.3670801385
-68.2694702095
-65.0492972258
-63.2822168613
-62.4458947473
-61.2544326507
-60.8310743045
-61.0566901532
-61.6656543528
-60.3413492834
-60.2634039609
-61.2379399684
-62.2887271781
-60.5889209437
-59.0802707024
-58.5390715342
-58.5963829822
-59.0108904182
-59.6258985326
-60.3407067834
-61.0915681745
-58.7406359983
-57.705388826
-57.4940608951
-57.7841287734
-58.3653652079
-59.2826782284
-59.5425194412
-60.7565068541
-61.9722657401
-60.0044810548
-60.156994005
-60.5766019749
-58.8735985429
-58.2226765323
-58.2247007748
-58.6184252945
-59.2340458299
-60.1302832901
-60.9970163232
-61.817155599
-62.5820006444
-63.4606743169
-65.3713986966
-66.8470188614
-67.8374903316
-68.5038568693
-68.9535482297
-69.2582447715
-70.0
-70.0
-69.4647598838
-69.1614571513
-69.0074269401
-65.7245409882
-64.0735747175
-63.9832924645
-64.2832215258
-65.007737826
-62.8092423536
-61.7298369916
-61.3578658747
-60.5544415849
-60.3872389582
-60.6073427502
-61.0524936004
-58.5823392164
-57.4808352788
-57.2372384069
-57.5165056702
-58.1001825059
-58.8470491904
-56.7257915669
-55.8955106073
-55.8674916779
-56.500263931
-57.3299184852
-58.5912972682
-60.7284068064
-63.0389517777
-64.6573137012
-62.6660892398
-61.8838182519
-62.0427450508
-62.4033429617
-62.8729236096
-62.3923006145
-62.357516797
-63.5740544166
-64.5181751746
-65.2673751235
-65.8746492554
-63.1896004665
-59.7893788411
-58.0895999045
-58.4082182156
-58.9857819284
-58.8969916227
-59.2138177185
-56.8223101241
-55.2761423256
-55.1879869023
-55.9745774182
-54.6451643324
-54.3593443365
-54.7092075277
-54.4548308197
-54.8203771009
-55.5456922996
-56.4626916755
-54.6026398044
0
-70.0
-70.0
-70.0
-70.0
-70.0
-70.0
-70.0
-70.0
-70.0
-70.0
-70.0
-69.3947720923
-69.0518096112
-68.3220829133
-67.9401774641
-67.7796949458
-67.7574156033
-67.818800811
-67.9283385753
-68.0631166147
-68.5572962178
-70.0
-70.0
-68.5868794659
-67.9653072576
-67.6601870241
-67.5551086498
-67.5735580036
-67.6655090158
-67.7984959892
-67.9516716403
-68.1118546429
-68.2709026231
-68.4239679904
-68.5683416111
-68.7026877298
-68.8265391434
-66.4190598099
-65.6144368828
-67.6921600574
-69.1979719602
-70.0
-70.0
-70.0
-70.0
-70.0
-66.9716054476
-66.216496759
-65.8895483205
-66.385949869
-64.2169381481
-62.1083000474
-61.1061738521
-60.8013590065
-60.9250914656
-61.4728278922
-61.2173960613
-61.5391404273
-62.1882156993
-64.2681593228
-66.6041320082
-68.2936612191
-68.4520482003
-65.0577121336
-63.1858534225
-62.2898764151
-62.0092943301
-62.1073019348
-62.4291964331
-59.9335505899
-58.7717113976
-58.4488841689
-58.6402250261
-60.133629303
-61.3585508924
-62.3815521496
-63.7885511656
-62.2769021314
-62.3390992823
-61.6333033689
-61.4887157086
-61.6856725888
-62.0809909639
-62.5821489569
-63.1301054541
-63.6878758373
-61.0926110471
-59.8323651381
-59.4151387547
-59.5176316329
-57.341218651
-56.4643609474
-56.7227676269
-57.6537193804
-58.6238331198
-59.5851069262
-60.5090343124
-61.7480062302
-63.1242058153
-64.1791187058
-65.0060958167
-62.4818205964
-61.2178614444
-60.928473905
-60.0623638157
-59.5406189682
-59.5762180941
-58.0004688179
-56.5572702917
-56.6711921662
-55.5681166631
-55.3873341392
-55.7659534868
-56.4675933125
-54.9330864432
-54.6931127734
-55.7591081458
-56.8734017644
-57.6098992024
-59.5125510252
-61.531859551
-64.0622160148
-65.3036209851
-66.5605027764
-67.4292817586
-68.036239756
-68.4658732292
-68.7747908722
-69.0009817622
-69.1699969042
-66.0997227862
-64.3875675559
-63.5473554991
-62.2698774351
-61.7610613488
-62.9048880262
-63.8276877651
-64.7596113496
-66.0221416674
-67.2587551359
-68.960410803
-69.0550756188
-69.1433719876
-66.0172707607
-64.2743676658
-63.4194802201
-63.1258984119
-64.1203583832
-64.9130224198
-65.9181867612
-66.8373456218
-67.6727627508
-68.4338376032
-69.2951879278
-70.0
-70.0
-70.0
-70.0
-67.3826668908
-66.603215166
-63.5892353128
-61.9945395571
-59.5133485629
-57.6704853106
-55.18452896
-55.0990126891
-55.5444025036
-56.2934896421
-57.1998256039
-58.1702996608
-59.4911574396
-61.5084668587
-63.7076536144
-66.2764105473
-68.80791662
-67.5358814168
-66.854797581
-67.7202800135
-68.3155601392
-68.72887621
-68.0202516047
-67.6610684547
-67.7020223289
-67.8031939092
-67.1346545912
-66.8290425141
-66.7513738507
-66.9900601909
-66.4311341862
-67.2070334306
-67.7656718628
-68.1753325268
-68.8328339464
-69.2662403333
-69.550742821
-69.7364195529
-69.8566116069
-69.9335064525
-69.9818598114
-70.0
-70.0
-70.0
-70.0
-70.0
-70.0
-70.0
-69.7509975983
-69.7831462373
-69.8096638795
-69.8319190021
-69.8508747757
-66.6430205568
-64.8302073402
-63.9148458322
-63.5684673997
-63.5750247602
-63.7931250179
-63.1424420251
-63.3391174953
-63.6791521942
-64.6338679405
-66.0815684558
-67.9575531492
-69.3274598222
-70.0
-70.0
-70.0
-67.266737717
-65.7178890899
-64.931316944
-64.6283297583
-64.6255931217
-64.8030980356
-65.0828310494
-65.4145764894
-66.7664701736
-67.6853907117
-65.1456092382
-63.9635533796
-63.8095346291
-64.8084721896
-64.9334450561
-65.3498139408
-65.7546414736
-64.0775425418
-63.2686984313
-63.007768684
-63.0842852128
-63.3607189563
-63.7478885706
-64.1885940534
-64.6467308747
-65.1000552716
-65.5353814007
-65.1252859291
-65.4002191151
-65.7185050562
-64.0111715726
-63.1863990967
-62.9186556412
-63.6977580836
-64.3752942796
-65.1410561775
-65.7624781104
-63.2410868923
-60.8788159317
-59.7654928242
-59.438649199
-60.5555696082
-61.5405362002
-63.1483038375
-61.4002116309
-61.0025159192
-61.7703146282
-61.682617428
-62.6099951935
-60.9798913544
-60.6572493391
-61.1109317446
-61.679443463
-62.2979023787
-62.9257143154
-60.7800683318
-59.8000117972
-60.7270519937
-62.1049577118
-63.3718692189
-64.3529538159
-65.3075894469
-66.3915345106
-67.1621837318
-67.7191671401
-68.2943849471
-64.6808955999
-62.6901054716
-61.7392945455
-61.4441648384
-62.5445741728
-63.4533339678
-64.2168120458
-64.8676718244
-65.4292652974
-61.8042603407
-60.426577401
-58.4788595011
-58.2305167779
-59.0138272511
-60.0225192934
-61.6735667744
-63.2889930371
-64.6596990269
-62.9801372653
-62.5513956328
-59.7627762633
-59.7800804392
-60.4644602635
-61.1929394826
-62.4791512535
-63.5015732743
-64.3316407109
-65.0186264826
-65.5968637295
-66.0905772866
-66.5171195113
-66.8891408625
-63.0244063514
-60.938085433
-60.1631067008
-60.5375158056
-60.4558475353
-57.9253709969
-56.8095727072
-56.5797746432
-57.8877142112
-56.488899824
-56.0999811975
-56.3299639817
-56.9236215195
-57.8889453248
-59.0443414306
-57.3378750518
-57.6158157058
-58.1953862413
-56.0266596382
-55.1912016884
-55.1835535289
-55.6728461822
-56.4439935681
-57.3585488808
-58.3286637723
-58.3583049116
-58.7641460982
-59.3821792735
-56.2349353933
-54.805424552
-54.8044538956
-56.3103006004
-54.6136751464
0
