-70.0
-63.0
-59.0333333333
0
-70.0
-70.0
-70.0
-70.0
-69.0781893004
-68.555829904
-68.2905532693
-68.1883688462
-68.1874458975
-68.2473105983
-68.3416523989
-68.4535357326
-62.6081821593
-59.3473639434
-57.7459608824
0
-70.0
-70.0
-70.0
-70.0
-69.8806584362
-68.9447187929
-68.4183310471
-68.1552206981
-62.043402332
-58.6415312346
-56.9790242016
0
-70.0
-70.0
-70.0
-70.0
-68.9135802469
-68.2979423868
-67.9852949246
-61.1379923792
-57.325011106
-55.4597219719
-54.8252244257
0
-70.0
-70.0
-70.0
-70.0
-69.3722019384
-69.0164497036
-68.8357833725
-68.7661907948
-68.7655622217
-68.8063330038
-68.8705843729
-68.9467823819
-69.0276084413
-70.0
-69.6506810588
-69.4527336589
-69.3522074302
-69.3134847787
-69.3131350285
-69.3358206774
-69.3715713776
-68.4724970818
-67.9839692683
-67.2024980491
-67.8153043626
-60.700440593
-56.7415076448
-54.8080976211
-54.1544483528
-55.1587566039
-56.2560496678
-57.3725571839
-58.4633764541
-59.5024221344
-60.4757688048
-61.3772511801
-62.205565566
-61.9700760254
-62.0964464334
-62.4357204638
-62.8914275333
-62.5993350547
-62.670768399
-63.9545106383
-64.9262722939
-65.6784535441
-66.2738138428
-59.7561718275
-56.1870475574
-54.5060047435
0
-70.0
-70.0
-70.0
-70.0
-70.0
-70.0
-70.0
-63.1646090535
-59.2912208505
-57.3241472337
-56.5664314891
-56.5595876594
-56.0208366362
-56.1635581344
-56.7104057622
-58.4699397935
-60.2433288858
-60.7642719545
-61.3846953972
-62.0441262829
-62.7049806049
-64.2129732685
-57.4583426083
0
-70.0
-70.0
-70.0
-70.0
-69.3561957019
-68.9913732663
-68.806100696
-61.9168198615
-58.0526906987
0
-70.0
-70.0
-70.0
-70.0
-68.412537593
-67.5129755623
-68.0556880655
-68.4461259653
-67.8638717491
-67.5857234944
-67.4993104251
-67.5308189027
-67.6320300258
-66.903376275
-66.5694048153
-66.4833751123
-66.5489781201
-66.7033739874
-66.9058990416
-67.1305507727
-67.360990119
-67.5872207227
-66.8293973558
-66.4803900904
-67.387629422
-68.0190520403
-68.4639372099
-68.7820704046
-68.1013394699
-67.42285626
-67.1016711254
-67.0055710072
-68.0087067937
-68.6769647058
-69.6775761851
-70.0
-70.0
-70.0
-70.0
-70.0
-70.0
-70.0
-70.0
-70.0
-70.0
-70.0
-63.4434294852
-57.3947061935
-54.1856486787
0
-70.0
-70.0
-70.0
-70.0
-63.0173019278
-59.0604396869
-57.0509743528
0
-70.0
-70.0
-70.0
-70.0
-68.2098765432
-67.195473251
-66.6803155007
-66.4818770005
-67.4540723721
-68.1222538493
-68.585754274
-68.9109960531
-69.142441252
-69.309893663
-69.4333686542
-69.5263413604
-69.5666025098
-62.6099422588
-58.6822813663
-56.7029421185
-55.9585738326
-55.9800004
-57.3723981652
-58.6287568855
-59.7616135548
-60.7826071046
-61.7024496643
-62.5309402113
-63.2770031991
-62.9538791163
-62.6615420293
-63.704742748
-64.5405050876
-65.2239456551
-65.7932118071
-67.0774669072
-60.0363868832
0
-70.0
-70.0
-70.0
-70.0
-68.5880201189
-67.7878981863
-67.3815617538
-66.2510534641
-65.6977133748
-59.6834975928
-56.4188515373
-54.9127688527
-54.5120269468
-54.7878475718
-54.5189393578
-54.8736297842
-55.5906563805
-56.5011837923
-57.4974607796
-58.5119782794
-59.5036228366
-60.4484888097
-54.3697597175
0
-70.0
-70.0
-70.0
-70.0
-69.0896143303
-68.5737291175
-68.3117403525
-68.2108224151
-68.2099109055
-68.2690336363
-68.3622061535
-68.472702792
-68.5899106821
-68.7072383934
-68.8207270737
-68.9281293795
-69.0282997836
-69.1207920333
-69.2055943153
-62.2843592745
-57.3892573671
-54.8725543105
0
-70.0
-70.0
-70.0
-70.0
-63.4691358025
-59.7683127572
-57.8888751715
-57.164916781
0
-70.0
-70.0
-70.0
-70.0
-63.0122032988
-59.0524518348
-57.0415192286
-56.2669090239
-56.2599126003
-56.7137176595
-57.428876773
-58.277009682
-59.1766557713
-54.258856537
0
-70.0
-70.0
-70.0
-70.0
-69.6076817558
-69.3853680841
-69.2724676116
-70.0
-69.5452759573
-69.2875989997
-69.1567395252
-69.106332523
-69.1058772375
-62.1513937662
-58.2403238912
-56.2856711698
-55.5700238313
-56.6042931039
-56.6887197606
-57.1830850959
-57.9069347939
-58.7443467863
-60.4902951793
-62.1881877092
-63.8006503034
-64.9747728499
-65.8467539494
-65.5343964391
-65.4958353849
-65.6228375728
-65.8449442999
-66.1167101928
-66.4092127221
-66.7044071489
-66.9913769001
-67.2638461874
-67.5185328869
-68.748922246
-69.5288584532
-70.0
-69.2961730897
-69.366473643
-69.4297715202
-69.4867578625
-69.5380577391
-69.5842357405
-69.6258013499
-68.7510054991
-69.2092334752
-69.510529145
-69.7076222421
-69.0331548898
-69.4631717845
-69.7390761953
-69.9133163018
-69.2182806866
-68.8273166279
-68.6318276384
-69.4723484949
-69.9942493923
-70.0
-63.2085048011
-59.3599908551
-56.4445679012
0
-70.0
-70.0
-70.0
-70.0
-66.8888888889
-65.1259259259
-64.230617284
-62.9735363512
-62.4535032465
-61.8374777199
-61.7399464799
-61.9567628533
-62.3549605822
-63.8410065202
-64.9379338656
-65.7648258107
-66.4021334507
-66.9044469197
-66.3350323987
-66.1155492727
-66.1133410881
-60.205710683
-56.9876087505
-55.490493966
-55.0758752964
-54.3831025816
-54.4880022
0
-70.0
-70.0
-70.0
-70.0
-68.6453058759
-67.8776458723
-67.4877950077
-67.3376246553
-67.3362682887
-66.4827731893
-65.75458369
-65.4591838674
-65.4333045116
-65.5700000811
-65.7996840867
-66.0775050205
-66.3749474135
-66.6742479355
-66.9646866508
-67.2401269917
-68.4973693622
-69.3018024724
-69.8077355895
-70.0
-70.0
-70.0
-70.0
-70.0
-70.0
-70.0
-70.0
-69.0585114387
-68.525001254
-68.254061768
-68.1496960175
-67.3462842308
-66.9526943511
-66.8181172783
-67.8400083045
-68.5251426435
-68.9853851587
-69.2953511626
-69.5048190595
-68.6860242713
-68.2385465893
-61.0287751494
-57.0019531138
-54.2166589862
0
-70.0
-70.0
-70.0
-70.0
-69.2847101176
-68.8793791843
-67.8710655157
-68.3363651578
-68.6709994379
-61.2483439385
-57.0864725076
-55.8222697013
-55.5363390275
-55.8469026556
-56.505010744
-57.3497085722
-58.27820365
-59.2260272417
-60.153853822
-61.0387546428
-61.8684033139
-62.6372457394
-56.3799439543
0
-70.0
-70.0
-70.0
-70.0
-69.0864197531
-68.5687242798
-68.3058161866
-61.6142377686
-57.8788161256
-56.0416026022
-55.4045544015
-55.5088403343
-56.0544505496
-56.846668327
-57.7604433826
-58.7166936366
0
-70.0
-70.0
-70.0
-70.0
-68.6344214955
-67.8605936762
-60.877304173
-56.9914203321
-55.0935093497
-54.451645782
0
-70.0
-70.0
-70.0
-70.0
-69.4115226337
-69.0780521262
-68.9087014175
-68.8434676116
-68.8428784078
-68.8810956052
-68.9413227368
-62.0666996843
-58.2063691966
-56.2832919308
0
-70.0
-70.0
-70.0
-70.0
-68.0804729587
-66.9927409686
-66.4403437422
-66.227560615
-67.2251876252
-67.9162575772
-68.4003576291
-68.7441390726
-68.9922699696
-69.1747395088
-69.3117299154
-69.4168664955
-69.4993862271
-70.0
-70.0
-70.0
-70.0
-70.0
-70.0
-70.0
-70.0
-70.0
-70.0
-70.0
-70.0
-70.0
-70.0
-70.0
-69.0115502035
-68.4514286521
-68.1669747662
-68.0574032758
-68.0564136057
-68.1206060167
-68.2217679295
-69.34106284
-70.0
-63.4184321496
-57.355543701
-54.1392925085
0
-70.0
-70.0
-70.0
-70.0
-69.1632034412
-69.6774577046
-63.1788477366
-59.5070534979
-57.6537418381
-56.953296781
-56.0069382963
-55.5722252623
-55.7923232665
-56.3979712934
-57.2147610665
-58.1310095614
-59.076391673
-60.0077412175
-60.899626237
-61.7736959957
-62.5723479844
-63.2991275781
-64.6622614521
-65.6580663948
-66.9558360361
-67.8359699531
-68.4361846381
-60.8888624706
-56.3308404211
-54.051665844
-54.1279807411
-54.7028369879
-55.5576561698
-56.5519591399
-56.6846004459
-57.2080318812
-57.9484896798
-59.7359537061
-61.1505669983
-61.4260033165
-62.5807687006
-63.520935641
-64.8565601728
-65.8293828861
-65.6837843274
-65.4069657145
-65.3939756897
-58.5418209191
0
-70.0
-70.0
-70.0
-70.0
-63.9609815577
-60.538871107
-59.3565313553
-59.0019097924
-59.1557398616
-59.6095132411
-60.2281268274
-60.9250240849
-61.6456616366
-62.3565221131
-63.0378209952
-64.6526606631
-65.7998091084
-66.6281045386
-67.2374783121
-67.6951866325
-67.0466981402
-66.7560484401
-66.6897903387
-66.7603757999
-67.8847022551
-68.6298080531
-69.1225445967
-69.4474350364
-62.6612039546
-58.8340918404
-56.9100215105
-56.1919119289
-56.2213157823
-57.6722352734
-58.953712459
-60.090808355
-61.1033722808
-62.0074648936
-62.8163382981
-63.5411177309
-64.1912814662
-64.7750036585
-58.3233819304
-54.8416294958
0
-70.0
-70.0
-70.0
-70.0
-68.6187985668
-67.8361177547
-67.4386386756
-67.2855299389
-67.2841470323
-67.3738457206
-67.5152034095
-67.6828445759
-67.8606677899
-69.0386331898
-69.7774579901
-70.0
-70.0
-70.0
-70.0
-70.0
-70.0
-70.0
-70.0
-70.0
-70.0
-70.0
-70.0
-70.0
-69.0114788822
-68.4513169154
-68.1668425049
-69.053837621
-69.6175734366
-69.9685624781
-69.2679953156
-68.8720551742
-68.6720892503
-67.8926696839
-68.4367346244
-68.8152824346
-69.0819017062
-69.9761802494
-70.0
-69.4444442569
-69.1296293358
-68.414197183
-68.0377979853
-67.8773652004
-67.8518600229
-67.9081615822
-61.0116704761
-56.2611782917
0
-70.0
-70.0
-70.0
-70.0
-68.4130450726
-67.5137706137
-67.0570802513
-66.8811633588
-66.8795744446
-66.9826352813
-67.1450506073
-66.376683225
-66.0364400214
-58.9883911769
-55.1266154977
0
-70.0
-70.0
-70.0
-70.0
-69.4586214308
-68.2396317367
-67.5669168624
-66.6888351535
-66.2723582897
-66.1467268951
-67.1997902917
-67.9249686533
-67.5609306246
-67.4238101199
-67.427410813
-67.5153242019
-67.6508947617
-67.8105406056
-67.9793100918
-68.1479281137
-68.3108346564
-68.4648840935
-62.6010541542
-56.9960543855
-54.0665193781
0
-70.0
-70.0
-70.0
-70.0
-65.6289529901
-63.1520263512
-55.9685109589
0
-70.0
-70.0
-70.0
-70.0
-67.8496954507
-66.6311895394
-66.0123796746
-66.7705889459
-67.3331615438
-67.7595997177
-68.0901426315
-68.3521302921
-61.6451790183
-57.8995022867
0
-70.0
-70.0
-70.0
-70.0
-69.2096760574
-68.7618258233
-69.4758604919
-69.92175261
-69.7474912849
-69.651351447
-69.6052891627
-62.6447602464
-57.9111484193
-55.4739430424
-54.4958217149
-54.4257548612
-55.8638378113
0
-70.0
-70.0
-70.0
-70.0
-68.6090534979
-67.8208504801
-68.3327754915
-68.6955046487
-68.9566253213
-69.1480768809
-69.2913452539
-70.0
-69.6306990491
-69.4214285102
-69.3151519032
-69.2742142089
-68.4713753162
-67.7072928034
-67.3252668689
-67.1852090793
-67.1950007695
-67.294375758
-67.4441882258
-67.6192694323
-66.8622035053
-66.5125571656
-66.4190174562
-66.4822597154
-66.6374630804
-66.8426696634
-68.0705868647
-68.8716509567
-69.9454566022
-70.0
-70.0
-70.0
-70.0
-70.0
-70.0
-70.0
-70.0
-70.0
-70.0
-63.999548907
-58.2659599543
-55.2169412509
-54.5840023575
-54.7181056096
-55.3079640405
-56.151613631
-57.1194162643
-58.1294506355
-60.0433647418
-61.5236010475
-62.6942894627
-63.6402261964
-64.4197806967
-65.073520707
-65.6299806896
-65.1095246763
-64.6269335791
-57.5235858494
-54.6601161534
0
-70.0
-70.0
-70.0
-70.0
-69.8475842097
-69.7612152619
-68.7346949144
-68.1609595421
-67.8780196673
-67.7789884202
-60.8295710088
-56.9656015284
-55.0816997892
0
-70.0
-70.0
-70.0
-70.0
-70.0
-63.5788751715
-59.9402377686
-58.0923807346
-57.3805871564
-57.3741581043
-57.7911620695
-58.448325713
-59.2276797087
-59.0577949365
-59.320604242
-60.8227086639
-62.0298810283
-63.0198550793
-63.8465110073
-64.5476208638
-65.1500327489
-65.6731454551
-66.1312415636
-65.5523993731
-65.3533474131
-58.3909097572
-54.6004168385
0
-70.0
-70.0
-70.0
-70.0
-70.0
-70.0
-70.0
-70.0
-70.0
-63.4410189571
-59.7242630327
-57.8367340437
-57.977971606
-58.4634484232
-59.1392862328
-59.9068127107
-60.7037681738
-61.4918158459
-61.2483396924
-61.3939760105
-61.2126697122
-61.0634636094
-62.2544829642
-56.25125689
0
-70.0
-70.0
-70.0
-70.0
-67.3703703704
-65.8802469136
-65.1234979424
-64.8319986283
-64.8293657522
-65.0001405014
-65.2692673343
-65.5884345229
-65.9269870186
-66.2658856154
-66.593695253
-66.9039245271
-67.1932646073
-67.4604265019
-67.7053760885
-67.9288333043
-68.1319465235
-61.318188005
-57.519326627
-55.6560322459
-55.0161878758
-54.1319421436
0
-70.0
-70.0
-70.0
-70.0
-66.8011052163
-64.9883981723
-58.4505433894
-55.912810089
-54.8597431057
0
-70.0
-70.0
-70.0
-70.0
-68.2757201646
-68.1669410151
-68.1627754915
-61.4946460905
-57.7772802469
-55.9542847325
0
-70.0
-70.0
-70.0
-70.0
-68.6090534979
-67.8208504801
-67.4205669867
-67.2663779912
-66.3966725702
-65.994960232
-65.3318785991
-65.0896336661
-65.1079655841
-65.2820325487
-65.5437383092
-65.8493038219
-65.2587911639
-65.0625238637
-65.1093460214
-65.3004611154
-65.5717814679
-65.8821809638
-66.2056812959
-66.5262587853
-66.8343966527
-67.1247994848
-68.3948547998
-69.2103928288
-70.0
-70.0
-70.0
-70.0
-70.0
-70.0
-70.0
-70.0
-70.0
-63.4442439587
-59.7293155353
-57.84271463
0
-70.0
-70.0
-70.0
-70.0
-69.0955230077
-68.5829860454
-67.3227011432
-66.6557734971
-66.3670911262
-66.3149786662
-66.4065452346
-66.5812670012
-59.8360254453
-56.1276796637
-54.3650828725
0
-70.0
-70.0
-70.0
-70.0
-70.0
-70.0
-70.0
-70.0
-70.0
-70.0
-69.4204660327
-69.0920634512
-69.7277555898
-70.0
-70.0
-70.0
-70.0
-63.0731595793
-59.1479500076
0
-70.0
-70.0
-70.0
-70.0
-69.4115226337
-69.0780521262
-68.9087014175
-68.8434676116
-62.0249644719
-55.8663637723
0
-70.0
-70.0
-70.0
-70.0
-68.9525761091
-68.3590359043
-68.0576105846
-67.9415017066
-67.9404529896
-68.0084753264
-68.1156728843
-67.2688146177
-59.8757175823
0
-70.0
-70.0
-70.0
-70.0
-67.7284346639
-65.5729015495
-64.4271516292
-63.9254632894
-63.8269348426
-63.9735866131
-63.3941453644
-64.2666734518
-64.9813011893
-65.5773677921
-66.0824288274
-66.5160511543
-66.8923561787
-67.2217273206
-60.5190638097
-56.8134969095
-55.0297068724
-54.4584426211
0
-70.0
-70.0
-70.0
-70.0
-70.0
-70.0
-70.0
-70.0
-70.0
-70.0
-63.0877023904
-59.170733745
-57.1815280996
-56.415287109
0
-70.0
-70.0
-70.0
-70.0
-69.0804706409
-69.5578815652
-69.8590654009
-70.0
-70.0
-70.0
-70.0
-70.0
-70.0
-70.0
-70.0
-70.0
-70.0
-70.0
-70.0
-69.2941911957
-68.8942328732
-68.691116784
-68.612876571
-67.809700755
-67.4008052402
-67.2421077567
-67.238819008
-67.3288851252
-67.471961958
-67.6420759925
-66.8812695435
-59.5287595807
-55.4662949504
0
-70.0
-70.0
-70.0
-70.0
-69.7488187776
-69.6064827516
-69.5341983776
-69.506354474
-69.5061029826
-69.5224153218
-62.5840898321
-58.6682915439
-56.6965361862
-55.9569317654
0
-70.0
-70.0
-70.0
-70.0
-69.2097874384
-68.7620003202
-67.5346343074
-66.8803935561
-66.5918359868
-66.5323069123
-66.6121792372
-66.7730299909
-67.9719678791
-68.7589316826
-69.2724789087
-69.6048579473
-69.8174567723
-69.9511008415
-70.0
-70.0
-70.0
-70.0
-70.0
-70.0
-70.0
-62.0877914952
-57.6042066758
-56.2882304527
0
-70.0
-70.0
-70.0
-70.0
-69.1269623533
-68.6322410202
-68.3810001863
-68.2842223464
-68.2833482309
-69.3284844674
-69.9779500603
-70.0
-70.0
-70.0
-70.0
-70.0
-70.0
-70.0
-70.0
-70.0
-70.0
-70.0
-70.0
-70.0
-69.0387412274
-68.4940279229
-68.2173990095
-68.1108416945
-69.1021719023
-69.7268976303
-70.0
-70.0
-70.0
-70.0
-70.0
-70.0
-70.0
-70.0
-63.0139160425
-59.0551351333
-57.0446954166
-56.2702750728
0
-70.0
-70.0
-70.0
-70.0
-65.6666666667
-63.2111111111
-61.9640740741
-61.4837160494
-61.4793773663
-61.7607949108
-62.2042856072
-62.7302371715
-63.2881335377
-56.9679909488
0
-70.0
-70.0
-70.0
-70.0
-69.581467959
-69.3442998024
-69.2238555817
-69.1774605299
-69.1770414811
-69.2042220025
-69.2470562486
-69.2978549213
-69.3517389609
-69.4056780859
-62.4685093633
-58.5572578176
-56.5919316296
-55.8596715292
-55.8916597512
-56.3811306928
-57.128775568
-58.0064033075
-58.9327665076
-59.8574922107
-61.7503518224
-63.161055862
-64.7909986459
-65.9425976947
-66.7688038675
-67.372234109
-67.8218844502
-68.1642785066
-67.4309056747
-68.0179907897
-68.4363088323
-68.7394226968
-68.9633102589
-69.1321991209
-69.2624591341
-69.3651998375
-69.448004265
-68.5420990742
-68.0471526572
-67.8152797185
-67.7489799646
-67.7842341135
-67.8792454657
-68.0069440948
-68.1499984691
-68.2974978114
-68.4427474897
-68.5818057137
-68.712513791
-68.8338548443
-68.9455309815
-70.0
-70.0
-70.0
-70.0
-70.0
-69.1316871872
-68.63964326
-68.3897621283
-68.293508045
-69.2666263653
-69.0066303882
-68.5504117889
-68.3250002364
-61.4925002128
-57.6765835248
-55.2422585057
-54.2735882107
0
-70.0
-70.0
-70.0
-70.0
-69.3994817863
-69.0591881319
-61.9672994744
-57.9799229642
-55.9881662925
-55.2601734131
-55.3147052384
-55.8369341589
-56.6223737059
-57.5395583106
-58.5052171298
-59.4677718502
-60.3963789542
-62.2735302609
-62.6588924751
-63.1348133877
-63.6492054891
-64.1695339002
-64.6760798169
-58.1645760876
0
-70.0
-70.0
-70.0
-70.0
-70.0
-70.0
-70.0
-70.0
-70.0
-70.0
-70.0
-70.0
-70.0
-70.0
-70.0
-70.0
-69.000602632
-61.4390139333
-56.6318713607
-54.1931901051
0
-70.0
-70.0
-70.0
-70.0
-69.7268709038
-70.0
-70.0
-70.0
-70.0
-70.0
-62.6666666667
-58.5111111111
-56.4007407407
-55.5878271605
-55.5804847737
-56.0567298491
-56.8072525661
-57.697324444
-58.641456756
-58.6125665462
-58.9748135355
-59.5596679445
-60.2585916584
-61.0026594982
-54.7729899638
0
-70.0
-70.0
-70.0
-70.0
-68.9412155749
-68.3412377341
-68.0365431051
-68.9191154877
-69.4846884009
-70.0
-70.0
-63.9739877051
-60.5592474047
-58.8250949776
-57.1648077021
-56.59647508
-56.7022596708
-57.2089884362
-57.9393927476
-58.7796555762
0
-70.0
-70.0
-70.0
-70.0
-68.4231785738
-67.5296464323
-67.0758722663
-67.900063732
-67.5035949293
-60.5310132141
-56.1075415223
0
-70.0
-70.0
-70.0
-70.0
-67.09739369
-65.4525834476
-58.9999939034
-55.4951070467
0
-70.0
-70.0
-70.0
-70.0
-65.3333333333
-63.2444444444
-57.2903703704
-54.1415802469
0
-70.0
-70.0
-70.0
-70.0
-69.1848803536
-68.7229792206
-68.4884059002
-68.3980483779
-68.3972322519
-68.450168168
-68.5335907786
-69.6302409942
-62.3338835614
-58.2116063164
-56.1311864255
-55.3452282768
-55.3621457783
-54.9919119961
-55.2700413269
-55.3723619922
-55.9213423251
-56.7200191139
-57.6418912167
0
-70.0
-70.0
-70.0
-70.0
-65.3083359977
-62.6497263964
-61.2995697557
-60.7794901128
-60.7747926566
-61.0794810943
-61.5596447872
-62.1290881766
-62.7331179378
-62.338441836
-62.0236881137
-61.7673796099
-61.8880151873
-63.2307908124
-64.2620964937
-65.0721433527
-65.7224333563
-59.2599293897
-55.7404293634
-54.1040483688
0
-70.0
-70.0
-70.0
-70.0
-69.7311527631
-69.5788059955
-69.5014377351
-68.4726504802
-67.5729564446
-67.1140414751
-66.3793355554
-66.0592008183
-65.9984799488
-66.0954314288
-67.2836209454
-61.0902382747
-56.758992225
-55.3053152247
-54.9229318504
-55.1960707641
-55.8534184202
-56.7193797332
-57.6816438632
-58.6696142125
-59.6400759483
-60.5676837915
-61.4386590377
-62.2466222175
-62.9898460514
-63.6694521501
-64.288234071
-64.8498954211
-66.3562787256
-59.3873175197
-55.5596968788
0
-70.0
-70.0
-70.0
-70.0
-69.5707971346
-70.0
-70.0
-69.323053735
-68.9394508516
-68.7446407597
-68.6696000127
-68.6689222307
-68.7128848204
-68.7821662136
-68.8643295091
-68.9514831694
-68.0647382215
-67.5971999787
-67.396770367
-67.3632869211
-67.4310872896
-67.5573979343
-66.8023958852
-66.4559814596
-66.3662667555
-66.4335623746
-66.5928210002
-66.8019488089
-67.0340272005
-67.2721399954
-67.5059363392
-67.7293496009
-66.9564274344
-66.5941265534
-66.4902751396
-59.5449565445
-55.7262668359
0
-70.0
-70.0
-70.0
-70.0
-69.572965131
-69.3309787053
-62.3901736238
-58.4793514541
-56.5168797705
-55.7888341013
-55.8257122297
-56.3203153658
-57.0730667353
-57.9556153324
-57.8869247083
0
-70.0
-70.0
-70.0
-70.0
-66.8888888889
-65.1259259259
-64.230617284
-63.885744856
-63.882629904
-64.9529860265
-65.7634334992
-66.3909208661
-67.5914196278
-68.3920048972
-69.4815114511
-70.0
-70.0
-70.0
-70.0
-70.0
-70.0
-70.0
-70.0
-70.0
-70.0
-70.0
-69.9995841777
-70.0
-69.6664818567
-69.1441549089
-68.8592869099
-68.7263898801
-68.689105333
-68.7104310936
-68.7662121801
-68.8408070927
-68.9242038039
-69.0101017038
-69.0946370536
-69.1755370283
-69.2515591123
-69.3221203922
-68.3921913782
-67.8878275905
-67.6556150649
-67.594433714
-67.6379104463
-67.7427328042
-67.8808684588
-68.0343875696
-68.1920194504
-61.3468646137
-57.5282095578
-55.6527428724
-55.0057047654
-55.1172917424
-55.6803342038
0
-70.0
-70.0
-70.0
-70.0
-65.3330332914
-62.6884188232
-62.3453692097
-62.3946938012
-61.6778581659
-61.5251615126
-61.7160381368
-62.1066961735
-62.604201123
-63.149230722
-63.7046074573
-64.2476799165
-64.7652673949
-65.2503109687
-65.6996600807
-66.1126142119
-67.4865407295
-67.3998168468
-67.1011219557
-67.0185342891
-67.8708330154
-68.4531844839
-68.8541558823
-69.1329335252
-70.0
-70.0
-70.0
-70.0
-70.0
-69.1316507371
-68.6395861548
-68.3896945336
-68.2934364098
-68.2925669885
-68.3489597694
-68.4378301123
-68.5432246477
-68.6550205473
-68.7669307355
-68.8751791572
-68.9776222384
-69.0731673458
-69.161388832
-69.2422754294
-69.3160648734
-69.3831363775
-70.0
-70.0
-70.0
-70.0
-70.0
-63.9998663428
-60.9331239371
-58.3953670989
-57.2595340927
-56.4471609304
-56.4114983353
-56.8430508337
-57.540547305
-58.3743602776
-58.393856628
-58.4590925507
-58.8829310193
0
-70.0
-70.0
-70.0
-70.0
-68.5226337449
-67.6854595336
-67.2603063557
-66.3928338668
-65.9925892445
-65.8860228297
-65.9592155531
-65.3353548663
-65.1165266253
-65.1480121265
-65.3286363564
-65.5927230158
-65.8980842442
-66.2180315064
-66.5360654802
-66.8423503485
-66.1573885527
-65.8744985235
-65.8422812219
-65.9615414668
-66.1677128982
-66.4191586604
-66.6893874958
-66.9618785471
-67.226643893
-68.4779307032
-62.2794627696
-56.4843999171
0
-70.0
-70.0
-70.0
-70.0
-69.4234630167
-69.0967587261
-62.2039732905
-57.3284703147
-54.8255528521
0
-70.0
-70.0
-70.0
-70.0
-69.0203382764
-68.4651966331
-68.1832717593
-69.0744739573
-69.6400461442
-69.9913879181
-70.0
-70.0
-69.0957196252
-68.5832940795
-68.3230622827
-68.2228211286
-68.2219157318
-68.2806419694
-68.3731896462
-68.4829452642
-68.5993671261
-69.7124825183
-70.0
-70.0
-70.0
-63.1923926331
-57.0014151252
0
-70.0
-70.0
-70.0
-70.0
-70.0
-70.0
-70.0
-69.1142102322
-68.2789293637
-67.8351298639
-67.6410125019
-67.6031750012
-60.6843450792
-56.8435689567
-54.9776509846
-54.3588451686
0
-70.0
-70.0
-70.0
-70.0
-68.8189288951
-68.149655269
-67.809769251
-67.9748408995
-68.141389192
-68.303271861
-68.4569590671
-68.6006060885
-69.6017535223
-70.0
-70.0
-69.2941911957
-68.5608995399
-68.1688945618
-67.9947284228
-67.9570711254
-68.002574376
-68.0964571806
-68.2162382906
-68.3475656803
-68.4814432581
-68.6123883628
-68.7372091469
-68.8541946458
-68.9625794569
-69.0621910284
-69.1532182703
-70.0
-70.0
-70.0
-70.0
-70.0
-69.1316868208
-68.6396426859
-61.3897616363
-57.326840952
-55.3115271764
-54.5919546718
-54.67381268
-55.2338003955
-57.0568614473
-58.5821360301
-58.8952377753
0
-70.0
-70.0
-70.0
-70.0
-69.4348422497
-69.1145861911
-62.3616399939
-58.4588093278
-56.501817284
-55.2220059259
-55.6504226173
-56.3857918782
-57.2808203721
0
-70.0
-70.0
-70.0
-70.0
-69.2427983539
-67.9015089163
-67.1666849566
-66.8202344155
-66.718356277
-59.8880082274
-54.7675201619
0
-70.0
-70.0
-70.0
-70.0
-70.0
-70.0
-70.0
-70.0
-70.0
-70.0
-70.0
-70.0
-69.0638130835
-68.5333071641
-69.2248749314
-69.665653094
-69.9412648885
-70.0
-63.109739369
-59.2052583448
-57.2223944521
-56.4585963014
-56.4516975343
-56.8991683562
-57.6043452374
-58.4406398583
-59.3234467763
-60.2090160345
-61.0667237217
-61.8791242099
-62.6372603625
-63.3375667087
-64.8920401309
-65.9949895131
-66.7902594921
-60.3815175443
-56.8568884575
-55.1802147235
-54.6682033256
-54.8720563761
-55.4986329938
-56.3579578646
-57.328287525
-58.332875737
-59.3245328064
0
-70.0
-70.0
-70.0
-70.0
-69.5225743417
-69.2520331353
-69.1146406403
-69.0617171219
-69.0612391068
-70.0
-70.0
-70.0
-70.0
-69.1735524525
-68.7052321755
-68.4673989368
-69.3172580323
-69.8499315551
-70.0
-70.0
-70.0
-70.0
-70.0
-70.0
-70.0
-70.0
-70.0
-69.0114788822
-68.4513169154
-69.1617042738
-69.949213213
-63.4234276942
-60.2827310153
-58.7222219741
-58.1618424836
-58.2202200399
-58.6479059056
-58.3002620914
-58.4816670666
-58.9744544828
-59.6376451164
-60.380971326
-61.1476013409
-62.8910982852
-64.1741598423
-65.1381914485
-65.8786706972
-66.4603358899
-66.9273238092
-67.2298549519
-67.8370451391
-68.2734577468
-61.5942601202
-57.8669328737
-55.1666593394
-54.0409399075
0
-70.0
-70.0
-70.0
-70.0
-70.0
-70.0
-70.0
-70.0
-70.0
-63.1056749479
-59.1988907517
-57.214857209
-56.4506085097
-56.4437056731
-56.8914404488
-58.5854722792
-60.3157089682
-61.6766606826
-62.7706763552
-63.6680632136
-57.4984870278
-54.2134584154
0
-70.0
-70.0
-70.0
-70.0
-68.935200709
-68.3318144441
-68.0253888704
-67.9073538971
-60.9872149229
-57.1355577076
-55.2533781215
0
-70.0
-70.0
-70.0
-70.0
