-70.0
-70.0
-70.0
-70.0
-70.0
-70.0
-67.7758
-66.51542
-66.4309002222
-66.4991583481
-66.6568079454
-66.862837439
-67.0910272204
-68.1932196058
-65.8163643119
-64.5297056585
-61.148831389
-58.0072791143
-57.0418551123
-55.8098166518
-55.5435996871
-55.063280383
0
-70.0
-70.0
-70.0
-70.0
-69.9734027663
-70.0
-70.0
-70.0
-70.0
-70.0
-70.0
-70.0
-69.5644338208
-70.0
-70.0
-70.0
-70.0
-70.0
-70.0
-70.0
-67.3900699773
-65.0096262978
-64.259195935
-64.3518689663
-64.5957438195
-62.3348896164
-62.3986802883
-63.386331624
-64.199378038
-64.8805599517
-65.4599171016
-65.9588674881
-66.3929421371
-66.7736221886
-67.1095761466
-64.2392085439
-62.7090143641
-62.0339307108
-61.8944161618
-62.0808935603
-62.6328213275
-63.3843006103
-64.2319614929
-64.9328259727
-66.2122498566
-69.169211424
-67.9611563575
-67.3042847723
-67.0000189955
-64.6485774147
-63.4160932191
-62.8960662611
-62.8208478776
-63.0150219182
-63.3643589454
-63.7951491968
-64.2604517077
-64.7309514907
-65.3621363108
-66.2411926592
-67.5906699926
-68.4806673929
-69.4178102534
-70.0
-70.0
-70.0
-67.322064448
-63.7298343021
-61.4501684045
-60.0340299191
-59.5165458306
-56.9681828621
-56.0483089856
-56.1391896364
-56.9984950381
-57.3922532731
-58.0487664383
-58.8410487894
-60.6883816953
-62.4536170655
-60.6239732265
-59.8155059912
-59.6699087836
-59.926886833
-60.4168441015
-59.4149051407
-60.2233262182
-61.0342679908
-61.819690788
-62.56362144
-62.2601427748
-62.3360508166
-62.6370606144
-62.3593941022
-62.4474810582
-62.1965283076
-62.140739047
-62.3692408557
-62.2051450236
-62.8945160235
-62.9894325338
-63.2800680221
-63.6784470477
-64.4857586798
-65.6893344453
-66.7351687564
-67.4714970512
-67.9975774597
-68.3799731228
-68.6634114166
-68.8780273456
-70.0
-67.478486735
-66.0496292182
-65.3239937341
-62.7755978378
-62.1878728018
-62.6153920202
-64.6900567473
-66.8266036919
-68.2143117356
-69.106459504
-69.6715328483
-66.9231290215
-65.3766490915
-64.6028728304
-64.3185113127
-63.3372949593
-62.9706553153
-62.9849830183
-63.2274135396
-63.5986247343
-64.0347306267
-63.5830279698
-64.6998163385
-65.7205621484
-66.8281575628
-64.3852873491
-62.238409552
-61.2090025554
-60.8843916055
-60.9934786488
-61.3591482531
-61.8665784073
-61.5299420481
-61.786545487
-63.0970384581
-64.9864329588
-68.5115116593
-70.0
-70.0
-70.0
-70.0
-70.0
-70.0
-70.0
-70.0
-70.0
-70.0
-70.0
-70.0
-70.0
-70.0
-70.0
-70.0
-70.0
-70.0
-68.6522363585
-69.1109508505
-70.0
-70.0
-68.4425670817
-67.5600217614
-67.1118271772
-66.939182854
-66.9376234984
-67.0387671017
-68.1591425846
-68.8927297882
-68.3697963326
-68.1103763814
-64.8494244254
-63.2394379313
-62.4987981038
-62.4807042704
-63.0737410814
-64.8069261353
-66.0199396298
-67.4053816714
-69.387564521
-70.0
-70.0
-70.0
-70.0
-70.0
-70.0
-70.0
-70.0
-66.8480407245
-65.0619304684
-62.3636444103
-61.5227175497
-61.3007375151
-59.5388934289
-59.101473538
-59.5525558189
-60.1714533268
-60.8704100539
-61.5941037551
-62.3085165173
-62.9935469574
-63.6381136562
-64.2369165536
-64.7883010736
-66.9790135523
-65.7269625789
-65.4669165755
-65.6389917544
-63.7934723217
-61.8183115847
-58.8312048166
-57.4112339286
-56.9788769315
-57.1535001688
-57.6864907723
-58.4167354419
-59.2409910623
-57.0586829584
-56.1806753307
-56.2945149098
-56.8196681602
-58.5730895459
-60.0060393924
-58.2577986594
-57.600260931
-57.6190629296
-55.7741605496
-55.1414137699
-55.7813017908
-57.0503767991
-58.6166425772
-60.1083472915
-61.3330918771
-59.3213404584
-58.4702449252
-57.4756000172
-57.2962930719
-57.6121658023
-58.2146172471
-58.9689342058
-59.7892265741
-59.8835526031
-57.3192819749
-57.6191608127
-58.7375326746
-59.9572213535
-61.0237938491
-62.9629178168
-64.3609616034
-65.387755822
-66.1575738257
-66.7475455005
-67.2099436553
-64.3934594668
-62.8904536382
-62.5841350197
-60.5609046588
-59.8916253924
-58.3826203721
-56.7897300142
-57.2691999012
-57.9812418367
-58.8090922702
-59.6788327879
-60.5447160056
-61.3794220693
-62.1675983053
-62.9015841033
-63.5785894454
-64.3743396691
-65.2103118144
-65.8715513744
-67.571452718
-67.673867539
-67.8128541803
-67.9691510258
-68.1306240989
-68.2898204727
-69.3545527861
-70.0
-70.0
-70.0
-70.0
-70.0
-69.4967361273
-69.5625532661
-69.6166251072
-69.661847375
-69.8742524898
-66.9579539569
-65.6673260951
-64.4403618753
-63.8895046142
-63.762673437
-64.8929631774
-65.9183715823
-66.6696709059
-64.1330647315
-62.8066655358
-62.6016038339
-62.663400818
-62.9450323145
-63.3491768019
-63.9842418956
-61.5303111145
-61.2085883659
-61.3086017712
-61.6583230887
-63.0291654799
-64.0840320653
-64.9141509477
-62.5462554715
-61.5449763298
-61.4127929671
-59.3508417025
-58.4686428869
-58.323702168
-57.6269626237
-57.6213534762
-58.0306095386
-58.675142858
-56.5786129803
-56.115324621
-57.0014239986
-58.6773694918
-60.4218578047
-61.7878221989
-63.2283900955
-63.3300121835
-63.2799850302
-63.4739692372
-60.6396066809
-59.2510022578
-58.7761395287
-58.8653505736
-59.2900321814
-59.9018400734
-61.6055223168
-62.9075475856
-63.9251778274
-61.597918886
-60.4816328917
-58.3379179764
-58.3526335995
-58.9244585201
-57.8921067069
-58.019031726
-59.1950523466
-58.5146981591
-57.1048964366
-56.6888521886
-56.8829305668
-56.7329095378
-57.0851332692
-57.7269630657
-54.8763158098
0
-70.0
-70.0
-70.0
-70.0
-70.0
-70.0
-70.0
-70.0
-70.0
-70.0
-70.0
-69.8270260281
-70.0
-70.0
-70.0
-70.0
-70.0
-70.0
-70.0
-70.0
-67.3571699935
-65.0485731861
-64.1802126621
-63.853189259
-63.8618689085
-61.2720670761
-60.9831047793
-61.6213739085
-61.8703662099
-62.4647493837
-61.1483872188
-60.8297544216
-61.6417495958
-64.1170432556
-67.1250371455
-66.5746459695
-66.3585897316
-67.0540400349
-65.3006274008
-64.4052255737
-64.758180662
-64.1498192574
-63.9798084393
-64.0784750005
-64.3350591039
-64.6778409291
-65.0609153266
-62.315064962
-60.9237192445
-60.3914545059
-60.4010512775
-60.7267742978
-61.2313156335
-61.8263299137
-62.4557941514
-63.0849462223
-60.5526080986
-59.7133682877
-59.5527121249
-61.0278067032
-63.2731820454
-65.7326343218
-67.8299956547
-70.0
-70.0
-70.0
-70.0
-70.0
-70.0
-70.0
-69.2627160402
-68.8449217963
-69.5449563616
-69.980145222
-70.0
-70.0
-70.0
-68.4928079445
-67.106999111
-66.3719471739
-65.0691926357
-64.4519001583
-64.2664613332
-63.64261229
-63.4802157878
-63.6001040268
-63.885366836
-64.260345627
-64.6766547141
-65.1038850091
-65.5234270192
-65.9243713246
-66.4747921971
-67.4481822072
-67.1288378264
-63.9852590352
-62.9903530065
-61.3653420125
-60.8581573491
-60.8585746394
-61.1635391923
-61.6410666176
-61.2452326278
-61.299557813
-61.6221676637
-62.094994652
-62.6421910233
-64.2157676
-65.3527212927
-66.1898027986
-66.9893081001
-69.1404942952
-70.0
-70.0
-70.0
-70.0
-70.0
-70.0
-70.0
-70.0
-70.0
-70.0
-70.0
-70.0
-70.0
-70.0
-70.0
-70.0
-65.9234233163
-63.6133631956
-63.3816873531
-63.4632922692
-63.7301454766
-64.4555024704
-65.7842832404
-67.080551937
-65.384459024
-65.0546239343
-65.3635687493
-64.7150443666
-61.9147739371
-60.5041192149
-59.974255741
-59.1880599962
-59.0767405495
-59.3740575297
-60.9051233614
-62.126925415
-63.1224424667
-63.9490046155
-64.6466417509
-65.4199193071
-66.2090551973
-64.1090182279
-63.3963621053
-63.5301396949
-63.00970649
-63.2792063497
-61.3925687275
-61.5423622988
-61.9141596983
-62.594266148
-63.2491878129
-63.8671678848
-64.4423836651
-63.998779306
-63.9326573803
-64.0952289789
-64.3895976387
-64.7532322467
-64.2779925127
-64.1835822552
-64.4873166922
-64.8533134647
-65.244467746
-65.6376780566
-66.0190149744
-66.3805166259
-66.7180670627
-67.2077450821
-69.0061270485
-70.0
-70.0
-70.0
-70.0
-70.0
-67.1061945052
-65.4663713915
-62.8423762546
-61.5065666307
-60.988195302
-60.9775659947
-59.6846136776
-58.1779551648
-57.6680282183
-57.7731377764
-58.2437655854
-58.9923234339
-60.8908392
-62.333587353
-64.0103388886
-65.2160451803
-66.098934116
-65.8464945021
-66.012730917
-66.4231317354
-66.9686011685
-67.7569294562
-68.4861954469
-69.1452151931
-69.5691198677
-69.8378253435
-70.0
-70.0
-70.0
-70.0
-70.0
-70.0
-70.0
-70.0
-70.0
-69.693874241
-69.899569644
-70.0
-70.0
-70.0
-70.0
-70.0
-70.0
-70.0
-70.0
-70.0
-70.0
-70.0
-70.0
-66.9511686344
-65.2234975272
-64.533183426
-64.8389721845
-65.5493682506
-67.0001091041
-69.1984398537
-70.0
-68.8632334484
-68.2190657359
-67.089460448
-66.5087152604
-66.2766443058
-65.5578098858
-65.2745822376
-65.2621595741
-65.4126339902
-66.1725808402
-67.4521295888
-68.4905782871
-70.0
-70.0
-66.8213081368
-65.0200494143
-64.1052925337
-63.7529286542
-63.749746038
-63.9561782671
-64.4532483289
-66.1678663763
-67.6791249814
-68.838742645
-66.4049343824
-65.0644849455
-63.4298706829
-62.6681064359
-62.4554443398
-62.5793322709
-62.9010206205
-63.3306662762
-63.8107647938
-64.3051317445
-64.7915808568
-65.2570642956
-65.8677022157
-66.893653908
-68.3085977467
-70.0
-70.0
-70.0
-70.0
-70.0
-69.3272058345
-68.9459558074
-64.9730159795
-62.7568182168
-61.6685389519
-61.2932867613
-62.358359018
-63.2521237381
-64.0133117789
-61.63408577
-59.5244324146
-58.6078259876
-58.6069865747
-58.6380463374
-59.7486639838
-60.7567457722
-61.6697033195
-62.4951544039
-63.2405865744
-63.9131596575
-65.5161726981
-66.6274414325
-67.4066212921
-67.9605751648
-69.163397452
-68.9206849226
-65.4277730779
-63.8271835351
-63.2510903583
-64.8730388285
-66.5616066163
-67.8603602843
-68.8841837933
-69.5356717723
-67.1983412978
-66.2425816205
-64.1741508713
-62.3135984126
-61.4534803237
-61.2222934595
-61.3761715591
-58.3346262383
-56.8985448379
-56.4736111697
-56.6695305965
-57.2314312326
-57.9941905733
-58.8520398252
-59.7383480488
-60.6121880481
-58.3090879538
-56.3342664954
-55.6048980705
-56.1803637465
-57.8840368962
-60.3421062227
-59.9012318083
-60.0611125273
-60.4883372077
-58.792845961
-57.0743896808
-57.2766387259
-57.8221001954
-58.5553070706
-58.4352486235
-58.7487052677
-59.3118224121
-60.0059652849
-60.7555854991
-61.5135047777
-61.3389310141
-61.1895557221
-61.7393620229
-63.2176004026
-65.5649381305
-68.8716242873
-70.0
-70.0
-70.0
-70.0
-70.0
-70.0
-70.0
-70.0
-70.0
-70.0
-70.0
-70.0
-70.0
-70.0
-70.0
-70.0
-70.0
-70.0
-69.9508073793
-66.8794837751
-65.6664334634
-65.0830554944
-65.8709145682
-66.4812661936
-66.9647682957
-67.3560439471
-66.7179596487
-63.3461136764
-60.9892467482
-59.8754850331
-59.5447118362
-57.1074365359
-56.0748234712
-55.9194281833
0
-70.0
-70.0
-70.0
-70.0
-69.9386690773
-70.0
-70.0
-70.0
-70.0
-70.0
-70.0
-67.8182464422
-66.5819194262
-64.1628370134
-62.9059596653
-62.3883012676
-62.3314295201
-63.5413644676
-64.4826132872
-65.786831025
-66.7098006334
-64.2748589725
-63.7084357138
-63.7513747265
-64.1653038481
-63.9579161362
-65.1725725105
-66.0622805848
-63.342913932
-60.858463476
-58.5977777531
-56.546707061
-54.6897744104
0
-70.0
-70.0
-70.0
-70.0
-70.0
-70.0
-70.0
-68.8381229314
-67.0498904165
-66.0752878936
-63.8301278946
-62.6886942986
-63.0500134669
-63.4984711857
-63.9842634441
-63.5347910144
-63.4806145228
-63.6654214771
-60.8890615288
-59.8747707121
-60.473349475
-62.2987894553
-63.9840937949
-65.1958066056
-66.2584740718
-67.0207920824
-64.4790930811
-63.1381039109
-62.5622402785
-61.6413198611
-61.8916351645
-62.4913500194
-63.101467265
-63.6974887035
-64.2651852766
-64.8796169753
-66.2957046783
-67.9983893664
-69.7864793404
-70.0
-70.0
-70.0
-68.093353025
-67.0129197392
-66.4642291098
-66.4253737587
-66.8704441405
-67.5956031746
-68.2915951558
-68.9386371727
-66.2638444055
-64.783507265
-64.0691880718
-63.8382902869
-63.9051419397
-64.1484148667
-64.4894314607
-64.877727035
-62.3525500735
-62.2653439349
-63.5046754539
-65.5121354649
-65.8711313151
-66.5729031875
-65.6649028356
-65.2646058633
-65.1822741511
-65.2934659855
-65.5170655532
-65.8006564421
-66.110789094
-66.4265090487
-63.6366606482
-61.1001295864
-59.7967144756
-58.3547750171
-58.9658410637
-60.7480359652
-63.1735017073
-65.3858310957
-67.4070343588
-69.928501262
-70.0
-70.0
-70.0
-70.0
-70.0
-70.0
-70.0
-70.0
-70.0
-70.0
-70.0
-70.0
-70.0
-70.0
-70.0
-70.0
-70.0
-70.0
-70.0
-66.8979691472
-66.1399511782
-66.5098018907
-66.1938100747
-66.6530879778
-67.3949663769
-67.9269278705
-69.2274156757
-70.0
-67.458526882
-66.1931086018
-65.5607540137
-65.329316127
-65.3461428574
-65.511367467
-65.7601233173
-66.0507060502
-66.3566988216
-66.661737857
-66.9560366831
-67.2340814226
-67.4931055522
-67.2612842712
-67.9214477439
-69.5247264046
-70.0
-70.0
-70.0
-70.0
-70.0
-70.0
-70.0
-70.0
-67.4685551813
-66.3805913762
-66.0252967267
-65.9446100461
-63.4440567153
-62.3362561596
-62.2885339542
-62.5169494991
-62.9034338428
-63.7183309698
-64.4164326672
-65.0214125968
-65.5503534679
-66.0160395417
-66.4282498679
-66.7946344014
-67.1213106414
-67.4132726974
-67.6746741744
-64.8669388924
-62.6348615981
-61.5411198349
-61.1668374492
-61.2367067694
-61.5707381359
-62.7616165128
-62.3466014407
-63.0487056827
-63.8749280385
-65.305136073
-66.4945063578
-67.5064783169
-68.9004825854
-69.773535727
-70.0
-69.3781746202
-69.0258069049
-69.7151721361
-66.938935564
-65.9307846575
-65.461534625
-65.5105167846
-64.9256527754
-64.9201292774
-66.287644198
-67.9451483438
-69.1821458865
-66.811275057
-65.4950433908
-63.0642473891
-61.8369615418
-61.3726913154
-59.1128246542
-59.2903850149
-59.7539083975
-58.6602328879
-58.3820198192
-58.6023579841
-59.1144822835
-59.7846074537
-60.5271956407
-58.8684967793
-58.7623446367
-58.6777456032
-61.3166598296
-63.1894530378
-65.2749527489
-66.6837541507
-67.63957652
-68.2917507243
-68.7399968893
-69.9192574493
-70.0
-70.0
-70.0
-67.4778372367
-66.6041672263
-66.3624015925
-66.3385954925
-66.6181086493
-66.8985462551
-67.1701906101
-67.4275042027
-68.6091145547
-69.7124087296
-67.3889341709
-65.00715163
-64.0947603845
-64.6124797149
-65.6344453226
-66.7433825285
-67.6912987677
-68.337005219
-68.7798622492
-69.6127461869
-67.5070532383
-66.1280019527
-66.6476376633
-67.777664262
-68.8800080271
-69.5787473519
-70.0
-70.0
-70.0
-70.0
-70.0
-70.0
-70.0
-70.0
-70.0
-70.0
-70.0
-66.824189896
-66.1718018755
-66.0819747599
-66.1586793319
-63.9179251097
-62.7762084061
-62.688221437
-63.0584052077
-63.6806519632
-64.264644951
-64.9817192454
-65.1147396656
-65.7046439288
-63.5879338623
-62.7138912217
-63.3293345958
-65.0964224755
-65.741252616
-66.2701089464
-66.7117524464
-67.790050502
-68.5106943185
-68.9927241312
-65.4112719131
-63.4153581852
-62.4372980089
-62.1025519695
-62.1649526136
-61.595248489
-61.533584398
-61.9542997967
-62.6534190428
-64.7202766222
-66.6636319491
-68.9374319262
-69.746648042
-70.0
-69.8728708037
-69.9725809258
-70.0
-66.9332364996
-64.120670516
-62.6291085753
-62.041646992
-61.9544484757
-62.7258699722
-63.4311938711
-64.0733484147
-65.3598998974
-66.4650006066
-68.1225228745
-69.3504863148
-70.0
-70.0
-70.0
-70.0
-70.0
-70.0
-70.0
-69.3551495306
-68.6564009313
-69.2768001763
-66.4495927903
-64.8716152657
-64.7994786124
-64.9295473334
-65.3528530421
-62.9621273741
-61.7622877275
-60.6939866435
-60.5327064383
-60.7515147673
-61.1910826057
-61.7484538886
-62.3579281954
-62.9783485063
-63.5846557426
-64.162284893
-64.7034528868
-65.2047052535
-65.6652998317
-66.0861465843
-66.6476164163
-68.095793342
-69.5426730527
-70.0
-70.0
-70.0
-67.0755247361
-65.4183220865
-64.5767230939
-63.4236732524
-62.9510542391
-63.2511976898
-63.6562438372
-64.1107300644
-64.7567307986
-65.3191068792
-65.8125622982
-66.2482168063
-67.6336539918
-68.5437945033
-69.1384189935
-68.5316204011
-68.576487232
-68.8151077561
-69.1740264787
-69.416910163
-69.7530767015
-70.0
-70.0
-70.0
-70.0
-70.0
-70.0
-70.0
-70.0
-69.8925932598
-67.475859012
-65.035223163
-63.7363342148
-63.1657897054
-63.0512700095
-62.6522240202
-59.8581083009
-58.6959519259
-58.3754597034
-58.7491490465
-59.5216410174
-59.9652063279
-61.73363129
-63.6072318909
-65.9937345218
-67.9116751807
-69.1320504034
-69.8932071902
-70.0
-67.6289875892
-65.3846805564
-65.1659280233
-63.5868400138
-63.0301592055
-62.928478747
-63.1031878471
-63.9674070455
-63.6885474352
-63.7316134212
-63.4108436765
-63.4380203738
-60.5327278876
-59.4531281329
-58.7136370882
-59.1703942507
-58.712463131
-58.8139556882
-59.4269693297
-60.1472118703
-60.9077836656
-61.6672006207
-62.400610773
-62.0991080697
-62.1815695121
-62.4916607271
-63.9202860852
-64.9801184306
-65.7833472235
-66.4058395918
-66.8991403597
-67.2984828084
-67.9813888507
-65.237491946
-62.7614650915
-61.5171334758
-59.9403237124
-59.5058103867
-59.5949087117
-60.344704083
-61.635424503
-63.5721759361
-65.3032375981
-66.498433342
-64.2338729386
-63.236840932
-63.0343103636
-63.1449816771
-63.6168850729
-64.1127976079
-64.6065852086
-65.0826382621
-65.5321821521
-62.8105045889
-61.4171478979
-61.0397289535
-61.1119532883
-61.451556113
-58.3169613487
-57.532889101
-57.4780161156
-58.8624521851
-60.3976987539
-61.9722567368
-60.2434403074
-58.6283857729
-58.0384068597
-58.885608419
-59.7644090739
-60.990622228
-62.0266627128
-63.7165340491
-65.2789012211
-66.3736914835
-67.1514425916
-66.7140601292
-66.9151619808
-68.1796509715
-67.0883616881
-65.9694450604
-65.7879469151
-64.0282275751
-62.0967217187
-60.1265274809
-59.2735266888
-57.3280531017
-55.5084338461
0
-70.0
-70.0
-70.0
-70.0
-70.0
-69.0552617897
-68.8716601372
-68.9671104744
-69.0588103276
-69.5014532286
-69.1649682148
-68.9909115994
-69.0844417566
-66.7694212566
-66.5569205067
-65.855126616
-65.7484627278
-65.8261823039
-66.0119413061
-66.2563319972
-66.5277553453
-67.1520999352
-64.6553055325
-63.3353853731
-62.7655870983
-62.6648552302
-63.193170935
-61.1189406668
-59.2719544837
-58.521364291
-58.4536313657
-57.8822390232
-58.6453289836
-59.4816719938
-60.3340887334
-61.1677358194
-62.134832877
-63.8397629851
-65.9347973794
-67.8487082651
-66.1031833621
-65.1857623083
-64.7957842657
-64.735271298
-64.8744544741
-65.1288158972
-62.5026628934
-61.176882328
-60.6755179111
-58.4166338492
-58.446964524
-58.7135145693
-59.7746561233
-61.2914358281
-62.6665391234
-63.7360497965
-64.7680545404
-65.5616555688
-66.1857610002
-63.5190781197
-62.1350991208
-61.7371250841
-61.9552697013
-62.7113141482
-63.4078970114
-64.2203334956
-65.4322009362
-67.8385664099
-66.2141023216
-65.3656204579
-65.8864643614
-66.6891173267
-67.8038216823
-68.7213502397
-69.6654890327
-70.0
-70.0
-67.4665277137
-66.0308934181
-65.3018163935
-65.0209762989
-65.0184396989
-62.3833557572
-61.0561935335
-60.5580230816
-61.5715697161
-62.4606453729
-63.4186524095
-65.0815385881
-63.3944738161
-62.783918972
-63.5373258035
-61.2692442878
-60.709003902
-61.032059536
-61.5248242652
-62.1029889605
-61.8448087218
-61.9617402879
-62.2998412179
-59.660976997
-58.4222925646
-58.0650054863
-58.2484663898
-59.2799730891
-57.6305973473
-57.0532853239
-57.1384552658
-57.6182753887
-58.3188916162
-59.132754904
-59.9833143798
-57.9637944786
-57.1532893885
-55.3039877993
-55.5525866764
-56.1833264467
-54.7534446126
-54.403734025
0
-70.0
-70.0
-70.0
-70.0
-70.0
-70.0
-70.0
-70.0
-70.0
-70.0
-70.0
-70.0
-70.0
-70.0
-70.0
-70.0
-70.0
-70.0
-70.0
-70.0
-70.0
-70.0
-70.0
-70.0
-70.0
-70.0
-66.7937507032
-64.425603381
-63.3667782083
-63.3043288745
-63.4900483117
-63.9917283637
-64.4930121161
-64.9773486303
-65.4353722511
-62.7639439436
-61.4022888277
-60.8718861305
-60.8579149746
-58.5669474608
-57.7602186184
-56.6841740267
-56.4824081375
-56.9896849993
-58.2497282586
-60.0985627005
-62.7776612501
-62.7043485006
-62.9035492343
-63.2596180333
-62.7239510065
-62.6450857569
-62.8429304152
-60.2590635352
-59.0334412893
-59.6246014565
-60.3251441749
-61.0679650002
-61.8113919953
-62.5304017925
-63.2107942778
-63.8453366264
-64.4312174813
-66.4498536338
-68.6747166136
-69.6116497281
-70.0
-70.0
-70.0
-70.0
-70.0
-70.0
-70.0
-70.0
-70.0
-70.0
-70.0
-70.0
-70.0
-70.0
-70.0
-69.7418171312
-69.7740135055
-69.9763642133
-68.017342843
-67.6197329319
-67.6444464368
-67.7377929919
-67.8692078252
-65.2194691392
-63.7889769563
-61.3464935258
-60.1694536833
-59.9649146551
-60.1766940829
-61.6196442503
-62.7647595423
-63.6930033995
-64.4601829338
-61.0118927161
-59.2425221615
-58.5394824234
-58.4996758331
-58.8591360178
-60.6001619665
-59.016962809
-59.1604501098
-60.5026108199
-61.7939868853
-62.842346295
-63.7099503977
-64.4401811794
-65.0636469424
-65.1269469895
-62.1870309593
-60.6835136425
-60.0919527977
-57.9731530494
-57.8017680987
-57.7318363535
-58.0988160946
-58.7157100695
-59.8122393728
-61.8087340164
-63.2796730021
-64.3862472934
-64.2958446218
-64.4317415315
-64.698888293
-65.0358800734
-62.1959124905
-60.9215681911
-58.8513465357
-58.9634937947
-59.3986656902
-60.186394605
-58.755081146
-58.2711236991
-56.7534757896
-56.4796627569
-56.9400528454
-57.6516184703
-56.3982890815
-56.0996818121
-56.3838613901
-57.9204489286
-59.7501364875
-61.1896111399
-62.34697556
-63.2964950267
-60.9912601343
-58.8336771943
-57.9113381905
-57.7608901819
-55.8097102225
-55.1120119061
-54.7094144012
-56.7332568966
-56.1519661763
-56.6120428716
-57.3343541263
-58.189929075
-59.096943075
-60.0045867059
-60.8823533275
-60.7389471511
-60.9616052069
-61.7444798668
-63.3676386672
-65.9082733752
-67.5690450875
-68.6465399454
-70.0
-70.0
-70.0
-67.1523968606
-65.5387550816
-64.7192781782
-64.4036160968
-64.4007649781
-64.5856954743
-65.0526305895
-65.4977039723
-65.9148245363
-66.3012693901
-67.0051742338
-68.5239191781
-69.4843688388
-70.0
-70.0
-70.0
-70.0
-70.0
-70.0
-70.0
-70.0
-69.3183915555
-68.9321467703
-69.6969765645
-66.94196675
-65.390895303
-64.613889258
-64.3272226557
-64.3443152725
-63.5821121091
-63.5179698075
-63.6955520996
-64.5484997382
-67.3337193346
-70.0
-70.0
-70.0
-70.0
-70.0
-69.8036336354
-69.6923593622
-70.0
-70.0
-67.1826097121
-64.5113552156
-63.0915573439
-62.4699600427
-62.3480029939
-62.5298953315
-62.888034223
-63.3399830838
-63.8331529642
-61.236219722
-59.9701857859
-59.7151425647
-60.2656952132
-60.9205036285
-61.6160385567
-62.3128248951
-61.987436597
-62.7687858439
-64.5226276619
-67.6603594275
-70.0
-70.0
-70.0
-67.2617523286
-65.7100786482
-64.9220718183
-64.6185319931
-64.6157903649
-65.7936138274
-65.6990484407
-65.7856742607
-65.9781272774
-66.2276615114
-63.3348392289
-60.9530051279
-59.825471163
-59.4881017454
-59.6360767032
-60.2458257858
-58.3466717146
-56.870367058
-56.1925163585
-56.5865406911
-56.7145150454
-54.6468281688
-54.916973478
-55.5818282143
-56.4613467822
-57.4403463636
-57.5341927288
-58.006027457
-58.6889273786
-59.4757030857
-60.2985784071
-57.9473968804
-57.1146914017
-57.0445784011
-57.6038579874
-57.5503927678
-55.133686552
-54.1792066041
-54.1338784153
-54.6355522214
-55.4487047644
-56.4216394647
-57.6312623007
-59.6640772579
-61.5762969895
-63.5279180132
-65.0796237895
-66.1746597956
-66.9591927395
-64.4953894324
-62.2028781254
-61.0872754037
-61.7149993754
-61.6640967423
-62.4669741598
-63.1998014717
-61.3862315912
-60.5852152766
-60.4184316452
-58.3688655967
-56.4520971144
-55.7536327879
-56.3336811101
-57.3127540665
-58.854818447
-60.5033131271
-62.7022161638
-64.450817447
-66.0351908108
-68.1128369043
-69.4223299969
-70.0
-70.0
-70.0
-70.0
-70.0
-70.0
-70.0
-70.0
-70.0
-70.0
-70.0
-70.0
-70.0
-68.4973043657
-68.7235268395
-70.0
-70.0
-68.8123432914
-69.1133255284
-69.3234706863
-69.4721087581
-69.578887976
-66.8573785824
-64.3292270538
-62.6680285681
-61.9157085245
-61.7337928808
-59.2753197402
-57.0829918644
-57.3598510569
-57.9473048705
-56.6059021815
-56.2475304953
-56.4909231338
-56.9729155662
-57.6963471735
-58.5405278987
-59.6030187372
-60.5870792824
-62.3595923907
-63.6777805092
-64.6794340301
-65.4577783416
-66.0761923171
-66.9350327404
-67.9095025693
-65.2329870106
-64.6792281082
-65.0523318297
-65.789866335
-66.372724827
-65.9750363375
-65.8705886991
-65.9455671595
-66.1257019971
-65.5604570306
-65.3692948163
-65.4089543272
-65.5857848895
-65.8390237306
-66.1296662442
-66.4330628776
-63.514707409
-61.9798705475
-61.5055560788
-61.0472070581
-59.6602854884
-58.9554841414
-58.520228636
-59.1373177116
-60.0511605665
-60.9310942606
-61.761351335
-63.4755995384
-63.7801561392
-64.1702182285
-64.598581541
-61.8953156517
-60.543512263
-60.0476464877
-60.0818721396
-59.4915394562
-59.4876218643
-59.8356839137
-60.3833316795
-61.0324759497
-61.7208799802
-62.4098930658
-63.0763044816
-60.6868412087
-59.7406018714
-60.5925718995
-62.3090519265
-61.5277177184
-61.5138266029
-61.7883643802
-62.2268082339
-60.1616599506
-59.250515649
-59.0621452131
-59.3137181111
-59.8208712461
-60.464467419
-61.1684762087
-61.885265609
-62.5858303955
-63.2533082542
-63.8786846943
-64.4579544019
-61.7909011067
-60.4643057593
-61.1617048222
-62.5692540991
-64.0154751949
-65.2626679542
-66.168894678
-66.840334223
-67.3485201426
-66.7418146615
-63.3181101115
-62.4606047496
-62.1974147075
-62.6460868586
-63.3389205873
-64.146906805
-65.1740514644
-63.0957081038
-62.4230951506
-62.2720908737
-62.4390852784
-62.7913124119
-62.2480765094
-62.1805324176
-62.4006548819
-59.6876431262
-58.303862166
-58.3825167486
-59.1590974904
-59.9864093525
-58.0169688329
-57.2347388933
-57.1909096332
-57.0018061905
-57.3216172518
-57.9361166469
-58.7069457291
-56.5103832133
-55.6420995967
-55.7782261068
-56.8589379045
-59.4673951711
-61.3835563588
-64.0720233992
-66.2344528435
-67.8314287486
-69.0395698183
-70.0
-70.0
-70.0
-70.0
-67.0758963278
-65.4189042469
-65.8421206949
-66.2346465406
-66.59567383
-64.3106537508
-63.3070365783
-62.9279650555
-62.93625664
-63.1766897027
-63.8978932169
-61.5928762236
-60.4901034869
-60.1454363953
-60.2671215938
-58.2422410055
-57.4192379523
-57.3447948553
-55.4530876871
-54.8029604633
0
-70.0
-70.0
-70.0
-70.0
-70.0
-70.0
-70.0
-70.0
-67.8012259426
-66.5552539767
-65.9224956647
-64.6787574902
-64.1098893358
-60.609735918
-58.82265267
-58.1229809656
-58.2708285754
-59.2947605227
-61.1333187886
-62.7060097886
-64.2430073956
-66.0606053048
-67.2824772068
-69.018392946
-70.0
-70.0
-70.0
-67.2352955782
-65.8426228484
-66.1985893558
-65.8475701912
-65.9561230193
-66.3345506156
-67.0317888195
-67.5490721146
-67.9411396878
-68.2450089087
-68.4858301444
-65.4938702548
-62.8749109407
-61.541038321
-61.0226801384
-61.0109092242
-61.3034830349
-61.7689112202
-61.9503292369
-61.9941690724
-59.3202528457
-58.0718946815
-57.0167795899
-56.8164845486
-56.5802024833
-57.2390097081
-58.5951497378
-57.6250002885
-56.8974272758
-57.4143858218
-58.4920814063
-57.5898888418
-56.5637603417
-56.3959578969
-56.7487445001
-57.4021249787
-59.2140823428
-60.6607873498
-61.8401174424
-62.8197115832
-63.6468110149
-64.5288436401
-65.5921850939
-67.7944249127
-70.0
-70.0
-70.0
-70.0
-67.6306928846
-66.2880855191
-65.6062515826
-66.341325843
-66.9043262044
-64.5457015561
-63.3123367152
-62.7952399201
-62.7251405124
-62.9255761841
-64.4031240508
-63.2209039329
-61.8360583977
-61.2772824633
-61.2327741539
-61.4983100298
-59.3537002334
-59.3340195192
-59.6777437734
