-70.0
-70.0
-70.0
-70.0
-70.0
-70.0
-70.0
-70.0
-70.0
-63.1316872428
-59.2396433471
-57.2630955647
-56.5017303765
-55.4948535843
-55.3742323895
-55.7893852597
-56.5121641398
-57.3954259965
-59.34211009
0
-70.0
-70.0
-70.0
-70.0
-69.2641591447
-69.7154954172
-63.405474311
-59.8392791703
-58.0382527802
-57.3563618535
-57.3686819023
-57.7971178682
-58.4609421855
-59.2438720363
0
-70.0
-70.0
-70.0
-70.0
-68.6206830366
-67.8390700907
-67.4421333201
-67.2892334804
-61.5603049173
-58.4042709488
-56.8971748694
-56.4296780595
-56.6015240382
-57.1512474908
-57.9093733127
-58.7672696954
-59.6564318685
-59.5347149124
-59.810527575
-60.3156642534
-60.941557452
-61.6190414561
-55.3288755551
0
-70.0
-70.0
-70.0
-70.0
-67.9146656346
-61.1156922103
-57.3324517487
-55.4847590801
0
-70.0
-70.0
-70.0
-70.0
-69.7445552384
-69.5998032069
-69.526291881
-68.4980644609
-67.9311925269
-67.6600296155
-66.8716271778
-66.5028648093
-66.3981785612
-59.4794059387
-55.6788288339
0
-70.0
-70.0
-70.0
-70.0
-65.3170067626
-62.6633105948
-61.3156492076
-60.796530735
-54.7136526599
0
-70.0
-70.0
-70.0
-70.0
-69.3851764059
-69.0367763692
-62.1329728978
-58.2529250516
-56.3164655089
-55.6107075996
-55.6668959341
-56.1783790703
-56.9459896497
-56.8416974983
-57.2177322908
-57.8694287567
-57.9610953072
-58.4173920607
-59.0772570441
-60.8372674258
-62.1986980739
-63.2755998603
-64.1458876035
-63.9217249928
-63.9898365932
-64.2310423337
-64.5680643669
-65.9123236656
-66.8551351227
-67.5256508261
-68.010438554
-67.4066483479
-67.1308192793
-60.9732929069
-57.5796673199
-55.9575030571
-55.4522877308
0
-70.0
-70.0
-70.0
-70.0
-69.0926405753
-68.5784702347
-68.310929567
-68.5400408474
-68.7261729208
-68.8803130675
-69.0101200532
-69.1210002429
-69.2168283486
-69.271167102
-68.9947314506
-68.8623790115
-68.8208882476
-61.136330287
-56.8210511678
-54.6711819906
0
-70.0
-70.0
-70.0
-70.0
-62.34104068
-58.0009637319
-55.093181735
0
-70.0
-70.0
-70.0
-70.0
-69.6393801373
-69.4350288817
-69.331250499
-69.2912751194
-69.2909140544
-69.3143336135
-62.3752193069
-56.1325767461
0
-70.0
-70.0
-70.0
-70.0
-69.3850099858
-62.4462092887
-58.5347218942
-56.5700053943
-55.8388419812
-54.8722419372
-54.7965405129
-55.2579016412
0
-70.0
-70.0
-70.0
-70.0
-62.9609815656
-58.9722044528
-56.94653137
-56.1662431414
-56.1591954328
-56.6163269599
-57.3367283108
-58.1910781777
-59.0973188252
-60.0044859195
-59.8826466183
-60.1467881503
0
-70.0
-70.0
-70.0
-70.0
-69.019661637
-69.4641365646
-69.7486836356
-63.2009181866
-57.1655616443
0
-70.0
-70.0
-70.0
-70.0
-69.8545953361
-69.7721993599
-68.818146624
-68.285110095
-68.0224511744
-67.2270704126
-59.8962243681
-56.7954908202
-55.3752009974
-55.0105204039
0
-70.0
-70.0
-70.0
-70.0
-68.7974732849
-62.0378521793
-58.2474844432
-56.3650143202
-55.690031769
-55.7620411793
-55.2813678917
-55.4835849894
-56.0887957484
-56.9156290122
-57.8478746701
-58.8122929091
-60.7623449834
-62.2402980618
-63.3857266402
-64.2934595659
-65.0283173357
-65.6349547531
-66.1444387118
-66.5786477966
-65.9566438083
-65.7182199551
-65.7178916446
-65.8604316035
-66.0839411921
-66.3485822388
-67.6256553049
-68.4710439676
-69.0292423664
-69.3965199934
-62.6370573284
-59.6951239089
-58.273459727
-57.3720396802
-57.2521196628
-57.6050969969
-58.2300468308
-58.9973485035
-59.824484557
-60.6599500372
-61.472564324
-62.244380752
-62.9659912504
-63.6334245078
-64.2461036453
-64.8055076729
-57.3300951367
0
-70.0
-70.0
-70.0
-70.0
-69.2981191314
-68.9003866392
-68.6984009226
-68.6205961285
-68.6198933811
-68.6654752866
-68.7373085871
-61.8584658987
-58.0025447557
-56.0889072447
-56.4044200073
-57.0469136647
-57.8641794036
-58.7590662001
-59.6706960714
0
-70.0
-70.0
-70.0
-70.0
-68.8979999661
-68.2735332803
-67.9564021594
-68.8291051838
-68.430775268
-68.2440848096
-68.1906010409
-67.5151203746
-67.1926612956
-68.0049723099
-67.8551561377
-68.3923167854
-68.212647059
-68.1644236544
-61.1998331409
-57.314417728
0
-70.0
-70.0
-70.0
-70.0
-68.3703703704
-67.4469135802
-66.9779423868
-66.7972949246
-60.0687923792
-56.362731106
-54.5936699719
-54.0457776257
0
-70.0
-70.0
-70.0
-70.0
-66.2232371814
-64.0830715843
-62.9962031732
-62.5775420207
-62.5737605952
-62.8190330534
-63.2055620932
-63.6639607807
-64.1502013004
-64.6369389023
-65.1077501667
-65.5533119197
-65.9688719076
-65.3560043241
-65.1430836299
-66.1772261078
-66.925137391
-67.4763795813
-67.891245576
-69.0129261228
-69.7188369134
-70.0
-69.295880474
-61.5638232908
-57.2057948711
-55.0174513237
0
-70.0
-70.0
-70.0
-70.0
-69.0468782047
-67.532788149
-66.7065745105
-66.3206271771
-66.2117045378
-66.2726274697
-66.4334269798
-67.6483413602
-67.5142062732
-67.516585012
-67.6007927548
-67.7312909753
-67.8852135418
-68.0480599636
-68.2108324846
-62.3312215727
-59.0590809731
-57.4604939143
0
-70.0
-70.0
-70.0
-70.0
-69.1149240845
-68.6133810657
-68.3423493148
-68.5683186205
-68.7516229166
-68.9032180636
-69.0307345498
-69.1395532898
-69.2335260908
-69.3154589017
-69.3874366249
-68.4770543328
-67.9815898132
-67.7515914409
-66.9848356658
-66.6252876786
-66.522049297
-59.5769735584
-55.7573623299
0
-70.0
-70.0
-70.0
-70.0
-63.7037037037
-60.1358024691
-58.3238683128
-57.6259122085
-57.619608139
-58.028505426
-58.6728936173
-59.4370967449
-60.2477153966
-61.0591627411
-54.9654497658
0
-70.0
-70.0
-70.0
-70.0
-62.6666666667
-58.1777777778
-55.8785185185
-54.9696790123
-54.9253860082
-55.4012973388
-56.1734675592
-58.0586356638
-59.5877820045
-60.852343742
-62.6197063636
-63.9261337243
-64.91245235
-65.6738284471
-66.2748598237
-66.7596499889
-66.1608194134
-65.9294937542
-65.9263819003
-66.0603020579
-66.2719774172
-59.5246534526
-55.8254372921
0
-70.0
-70.0
-70.0
-70.0
-70.0
-70.0
-70.0
-70.0
-70.0
-70.0
-69.9190728604
-69.8732141479
-69.8499251156
-69.8409541923
-69.8408731652
-69.8461287768
-69.8544111845
-68.9227612532
-68.3996792526
-68.1391740771
-68.0448985026
-68.0535032078
-68.1235492574
-61.2285410675
-57.383918118
-55.497680411
0
-70.0
-70.0
-70.0
-70.0
-67.7944391689
-66.5446213646
-66.9098208651
-67.5652798699
-68.0397126104
-68.3897151677
-68.6533928632
-68.856486385
-69.0164596186
-69.1452282382
-70.0
-70.0
-70.0
-70.0
-70.0
-70.0
-70.0
-70.0
-70.0
-70.0
-70.0
-63.0389920409
-59.0944208641
-57.0911974625
-55.3195646621
-54.7459328265
-54.9102226309
-55.5117890925
-56.3556693331
0
-70.0
-70.0
-70.0
-70.0
-68.6090534979
-67.2652949246
-66.5501966164
-66.2361310776
-66.1731540517
-65.460460232
-58.2650890721
-55.3274690537
-54.0539814076
0
-70.0
-70.0
-70.0
-70.0
-62.5308641975
-58.2983539095
-56.1489026063
-55.3209350709
-55.3134567139
-55.7985211426
-56.5629424284
-57.4694971189
-58.4311133626
-59.3937126634
-59.3363761751
-59.6574284095
-60.1948121366
-61.1393633053
-61.6681152297
-62.2630958767
-62.877981069
-63.4843128154
-64.0653014361
-57.6148755449
-54.157457492
0
-70.0
-70.0
-70.0
-70.0
-62.3384715644
-58.9935132969
-57.3534212264
0
-70.0
-70.0
-70.0
-70.0
-69.633744856
-69.4262002743
-69.3208001829
-69.2802001219
-69.2798334146
-70.0
-70.0
-70.0
-70.0
-62.2962962963
-57.9308641975
-55.713909465
0
-70.0
-70.0
-70.0
-70.0
-69.0781893004
-68.555829904
-68.2905532693
-68.1883688462
-68.1874458975
-68.2473105983
-68.3416523989
-68.4535357326
-68.5722145417
-68.6910146758
-61.8219132082
-57.9730552207
-56.0646385876
-55.3841006547
-55.4629745399
-55.9948663863
0
-70.0
-70.0
-70.0
-70.0
-69.0781893004
-68.555829904
-61.7002469136
-56.8635731565
-54.399449797
0
-70.0
-70.0
-70.0
-70.0
-66.6913590548
-59.8905365933
-56.14702523
-55.3626839324
-55.3799896894
-56.4332623762
-57.5174505758
-58.5840484763
0
-70.0
-70.0
-70.0
-70.0
-69.208861584
-68.7605498149
-68.5328777596
-68.4451786011
-68.444386486
-67.4958986579
-67.0102760058
-66.818559881
-66.8095782101
-66.9105366005
-67.0740937481
-67.2697582451
-67.4781650017
-67.6872702223
-67.8898243473
-68.0816960107
-61.2621658755
-57.4617089318
-55.5993778012
-54.9619998628
-55.080839771
-55.6494490569
-56.4689663265
-57.4117111441
-58.3969676632
0
-70.0
-70.0
-70.0
-70.0
-66.5925932794
-64.661729471
-63.6811535369
-63.3034361919
-63.3000245785
-63.5213101246
-57.1431668775
0
-70.0
-70.0
-70.0
-70.0
-69.281666959
-68.8746115691
-68.6678912829
-68.5882627351
-68.5875435152
-68.6341938661
-68.7077109478
-68.7948974985
-68.8873795123
-68.9799560702
-69.0695034693
-69.1542484597
-69.233287172
-69.3062674937
-69.3731801035
-70.0
-70.0
-70.0
-69.295360696
-68.8960650904
-68.6932855574
-68.6151749857
-68.6144694764
-68.6602305217
-67.8201376266
-67.3887439687
-68.2053886217
-68.7551957928
-61.324120658
-54.8213382218
0
-70.0
-70.0
-70.0
-70.0
-69.9935985368
-69.989971041
-69.9881288421
-69.9874192281
-69.9874128187
-62.0764630321
-57.594011059
-56.2790543975
-56.2807785874
0
-70.0
-70.0
-70.0
-70.0
-68.6790631509
-67.9305322698
-67.5503959988
-60.8136613472
-57.0778318446
-56.2555120617
-56.2202697898
-56.6584487671
-57.3660745278
-58.2117808334
-59.1121452556
-60.0152924004
-59.8902047597
0
-70.0
-70.0
-70.0
-70.0
-69.0781893004
-68.555829904
-68.2905532693
-68.1883688462
-68.1874458975
-68.2473105983
-68.3416523989
-68.4535357326
-68.5722145417
-68.6910146758
-68.8059276004
-61.9253348404
-58.0661346897
-56.1484101096
-55.4594950246
-55.5308294727
-56.0559358259
-56.8358017769
-58.7422272263
-60.2613415884
-61.4974321527
-62.5225054195
-62.3868586021
-62.2259085583
-56.0033177025
0
-70.0
-70.0
-70.0
-70.0
-69.9643347051
-69.9441243713
-69.933860692
-69.929907128
-69.9298714187
-69.9321876124
-62.989789168
-56.7246904624
0
-70.0
-70.0
-70.0
-70.0
-67.9289003203
-66.7552771685
-66.1592607051
-65.9296754703
-65.9276018137
-66.0621042259
-66.2740688658
-67.5252448684
-68.3584423076
-67.9130910949
-67.7154439974
-67.6730076057
-60.7410977916
-56.8905819768
-55.0172530887
0
-70.0
-70.0
-70.0
-70.0
-69.0653424682
-61.7177892644
-57.5853310332
0
-70.0
-70.0
-70.0
-70.0
-69.0357161002
-62.4110992565
-58.6892925085
-56.8332320427
-56.1584880285
-55.2184508397
-56.1081283895
-57.4383306397
0
-70.0
-70.0
-70.0
-70.0
-62.890260631
-57.9930955647
-55.4550266728
-54.4170177818
-54.3136451879
-54.7745001253
-55.5585297502
-56.5103298668
0
-70.0
-70.0
-70.0
-70.0
-69.3004115226
-68.9039780521
-68.7026520348
-68.6251013565
-61.8064869684
-57.9884354367
0
-70.0
-70.0
-70.0
-70.0
-63.1923926331
-59.3347484585
0
-70.0
-70.0
-70.0
-70.0
-68.0897503204
-60.6218159683
-57.4485232603
-55.9629301936
0
-70.0
-70.0
-70.0
-70.0
-66.9214042575
-65.1768666701
-64.2909152286
-57.871457889
-54.4240682223
0
-70.0
-70.0
-70.0
-70.0
-67.9516322432
-66.7908905143
-66.2014157932
-65.9743504341
-66.9720990517
-67.6716782539
-68.1690365
-68.5284835644
-68.7932023509
-68.9922602111
-69.1452862535
-69.2655923372
-69.3622562428
-70.0
-70.0
-70.0
-70.0
-70.0
-70.0
-63.0874907665
-59.1704022009
-57.1811356548
-56.4148712054
-56.4079501622
-56.8568658642
-56.564346158
-57.8315512313
-58.4419336786
-59.74898758
-60.8749203348
-54.9355764495
0
-70.0
-70.0
-70.0
-70.0
-69.0781893004
-68.555829904
-68.8461088249
-69.0587392166
-62.3997788752
-59.3614470782
-54.3375108752
0
-70.0
-70.0
-70.0
-70.0
-69.1769547325
-68.7105624143
-68.4737082762
-68.3824721841
-68.3816481227
-68.4350987485
-68.519332499
-69.6140901016
-70.0
-69.9840143922
-69.9749558811
-62.977460293
-59.013047597
-57.0006317262
0
-70.0
-70.0
-70.0
-70.0
-69.1925350133
-68.7349715208
-68.5026010413
-68.4130920522
-68.4122835904
-67.4670060518
-66.650939327
-67.2652273012
-60.7609267933
-57.1663155955
-54.6348692211
0
-70.0
-70.0
-70.0
-70.0
-62.8518518519
-58.8012345679
-56.7441563786
-55.0834581619
-54.5842572931
-54.2430393065
-54.5635405377
0
-70.0
-70.0
-70.0
-70.0
-66.8326448837
-65.0378103178
-64.126315901
-62.7925502508
-62.2325391856
-62.155447907
-62.3706782096
-62.7541271175
-56.3471162678
0
-70.0
-70.0
-70.0
-70.0
-62.9884468027
-59.0152333242
-56.9974641263
-56.2202204701
-56.2132002606
-57.6685470961
-58.9528036276
-60.6471529811
-61.9755241605
-63.0400293961
-63.9107315576
-64.6361284692
-65.2501623339
-65.7769105749
-66.233729167
-66.6333626834
-66.9853640371
-67.2970527148
-67.5741641642
-67.8212922284
-61.0442977599
-57.2766244868
-55.4401330401
-54.8235670707
-54.9595085867
-55.5424232101
-56.3740912104
-57.3272889703
-58.3216313272
-59.3075156971
-59.2554625228
-59.5823818674
-60.125787412
0
-70.0
-70.0
-70.0
-70.0
-67.8498704466
-66.6314636996
-66.0127041948
-65.7743583521
-65.7722055681
-60.1898467802
-57.1674366148
-55.7817426284
-55.4242681489
-55.6956411896
-56.3352769744
-57.1745492128
-57.1059283107
-57.4945581591
-58.1445841295
-59.9124387108
-61.3094035026
-62.4372689276
-62.4538707135
-62.715369428
-63.1150896757
-63.5844188352
-64.0798690363
-65.5354584135
-66.5576300927
-67.2856787638
-67.812985341
-68.2022697759
-68.4957647777
-69.6342114576
-69.3371797636
-69.1810547551
-69.1146779248
-62.1044447003
-59.0298026994
-57.8840240755
-57.6004227654
-58.399136776
0
-70.0
-70.0
-70.0
-70.0
-65.9948617689
-63.725283438
-62.5726936581
-61.1302391071
-61.4287378302
-61.3379902474
-61.5722753562
-61.9937705763
-62.5135420224
-63.0749534894
-63.6426352532
-64.1951564698
-63.7786916475
-63.7361896992
-63.9194822069
-64.232141638
-64.6119992421
-64.1512010725
-65.0662566477
-65.7797481045
-66.3485180418
-66.8114960695
-67.1955663504
-67.5194896406
-68.7087357982
-69.7986589661
-63.4594474413
-59.873938945
-57.0717302357
-56.6238164714
-57.1342743304
-58.2027399015
-59.2370612474
-60.2164186801
-61.130152517
-61.9740544019
-62.7479270528
-63.4539864082
-64.0958224746
-64.6777300319
-65.2042835652
-65.6800728997
-67.0979830504
-68.0454630392
-68.6791022645
-69.1033157242
-69.3877332759
-62.5801960981
-58.7430005882
0
-70.0
-70.0
-70.0
-70.0
-69.0858702456
-69.5627251537
-69.8634139268
-70.0
-70.0
-63.9999965233
-59.5999968709
0
-70.0
-70.0
-70.0
-70.0
-69.9903978052
-69.9849565615
-69.9821932632
-69.9811288421
-69.9811192281
-69.9817428187
-70.0
-70.0
-70.0
-70.0
-70.0
-70.0
-63.0871148557
-59.169813274
-57.1804385491
-56.4141324292
-56.4072110096
-56.8561511242
-57.5636434889
-58.4026841247
-59.292685702
-60.183597125
-61.045357408
-61.8609016641
-62.6215314957
-63.3238583448
-63.9677925094
-64.5552265912
-65.0891794873
-66.5731561372
-67.5777702559
-68.2612797186
-67.7293429424
-67.4858694453
-67.4235896988
-67.4721021943
-67.7244761526
-67.9517513224
-68.7119469358
-62.5444559459
-56.7591461538
0
-70.0
-70.0
-70.0
-70.0
-67.037037037
-60.4320987654
-56.7880658436
-55.0420438957
-54.4930292638
0
-70.0
-70.0
-70.0
-70.0
-67.3703703704
-60.262962963
-56.3230864198
0
-70.0
-70.0
-70.0
-70.0
-65.9609815577
-63.2537722908
-61.8543209877
-61.2861728395
-55.1575555556
0
-70.0
-70.0
-70.0
-70.0
-65.161814764
-62.4201764636
-61.0278542679
-61.4838251283
-62.0412801402
-61.6670561043
-61.7202864792
-62.2751287351
-62.8655297975
-63.4575861083
-64.0309003579
-65.3763280315
-66.3377070346
-66.1244023639
-66.1256061493
-66.2554748822
-66.4582136259
-66.6979164179
-66.9518075459
-66.293540133
-66.0221283475
-58.9928125982
-55.1421293954
0
-70.0
-70.0
-70.0
-70.0
-69.4596340722
-70.0
-70.0
-70.0
-62.2962962963
-57.5975308642
-54.8583539095
0
-70.0
-70.0
-70.0
-70.0
-70.0
-70.0
-70.0
-70.0
-70.0
-70.0
-70.0
-63.65895932
-60.0657029347
-58.240892339
-56.5402598953
0
-70.0
-70.0
-70.0
-70.0
-69.7818930041
-69.9916323731
-70.0
-63.3566529492
-59.5920896205
-57.6802819692
-56.9438546461
-57.8494116022
0
-70.0
-70.0
-70.0
-70.0
-69.633744856
-63.0407407407
-59.3169135802
0
-70.0
-70.0
-70.0
-70.0
-62.742722146
-58.6302646954
-56.5417814019
-55.7372987124
0
-70.0
-70.0
-70.0
-70.0
-62.9933076126
-59.0273101847
-57.0134680551
-56.2380471755
-56.2315264086
-57.4890322039
-58.660567941
-59.7414704519
-60.7319629434
-61.6351930068
-62.4559579446
-63.1998849758
-63.8729116954
-64.4809640039
-58.0537416673
0
-70.0
-70.0
-70.0
-70.0
-67.1847340922
-65.5894167444
-64.7792457776
-64.4671683383
-64.4643495968
-64.6471800319
-64.9353056253
-57.4591165927
0
-70.0
-70.0
-70.0
-70.0
-65.247064277
-62.5537340339
-61.1859447536
-60.659073027
-60.6543142235
-54.5775222669
0
-70.0
-70.0
-70.0
-70.0
-64.6666842676
-61.6444720193
-60.1096622696
-59.5184543442
-59.5131144441
-59.8594733559
-60.4053062578
-61.0526291237
-61.7392685391
-55.5480006131
0
-70.0
-70.0
-70.0
-70.0
-65.8888889291
-63.5592593222
-62.376172914
-61.216744935
-60.8138633163
-60.8783389013
-62.2210796187
-62.8168855927
-63.413806324
-63.4359429965
-63.3346935667
-63.49612079
-56.8337515093
0
-70.0
-70.0
-70.0
-70.0
-68.8922194562
-61.8790176144
-57.9417959222
-55.9814030428
-55.2724538804
0
-70.0
-70.0
-70.0
-70.0
-69.0749642988
-68.5507774014
-68.284572683
-68.1820307625
-68.1811045848
-61.3625694347
-57.5593626969
-55.6921265643
-55.0487139992
-55.1610426602
0
-70.0
-70.0
-70.0
-70.0
-69.7448481444
-63.2148025593
-57.189615123
-54.0015154904
0
-70.0
-70.0
-70.0
-70.0
-68.5925923891
-67.7950614096
-67.3900407749
-67.2340270349
-67.2326178898
-67.324018473
-59.6501442892
-55.3908149693
0
-70.0
-70.0
-70.0
-70.0
-69.9762231367
-69.9627495809
-63.1379931921
-59.2718729191
-57.3098049913
-56.555570735
-57.512159381
-58.5023739226
0
-70.0
-70.0
-70.0
-70.0
-70.0
-70.0
-70.0
-70.0
-70.0
-70.0
-69.0068643556
-68.4440874904
-68.1582851216
-68.0481941963
-68.0471998346
-68.1116965564
-68.2133380376
-68.3338783251
-61.4648975376
-57.6280124806
-55.7382810303
-55.0798327925
-55.1821027567
-55.7373946434
-56.5459899539
-57.4796141418
-58.4571348498
-59.4284094462
0
-70.0
-70.0
-70.0
-70.0
-67.4567901235
-60.3983539095
-55.7796433471
0
-70.0
-70.0
-70.0
-70.0
-65.0447443837
-62.2367662011
-55.8848278256
0
-70.0
-70.0
-70.0
-70.0
-63.2847352764
-58.4871259462
-55.9923228166
-54.9623635117
-54.8456424783
-55.280755109
-56.0324641838
-56.9490741558
0
-70.0
-70.0
-70.0
-70.0
-69.3667782501
-62.6224930582
-58.8218388411
-55.9163353411
-54.6424887297
-55.3510793629
0
-70.0
-70.0
-70.0
-70.0
-66.9376619418
-60.2764111162
-55.6211217802
0
-70.0
-70.0
-70.0
-70.0
-62.9156339922
-56.5678265878
0
-70.0
-70.0
-70.0
-70.0
-69.3805217883
-69.029484135
-68.8512120718
-68.7825417649
-69.7818819198
-70.0
-70.0
-70.0
-69.9760215883
-69.9624338216
-62.9661904395
-56.6695713955
0
-70.0
-70.0
-70.0
-70.0
-65.5048519027
-62.9576013142
-62.5762060887
-62.5948287505
-63.4083969448
-57.7307984296
-54.7332127061
0
-70.0
-70.0
-70.0
-70.0
-68.6172839506
-68.5374485597
-68.5382990398
-68.5875326932
-68.6641551288
-68.7546567525
-68.8504691684
-68.9462743122
-69.0388815882
-69.1264832341
-69.2081614472
-69.2835629935
-69.3526851548
-69.4157356131
-69.4730413677
-69.5249901081
-69.5719930155
-69.6144616594
-69.6527941237
-69.6873671315
-68.718665689
-68.1801559672
-67.9177116019
-67.1259508923
-66.7466961034
-67.6275272901
-61.2351449315
-57.6918773519
0
-70.0
-70.0
-70.0
-70.0
-65.9826584701
-59.8172760476
-54.1241373925
0
-70.0
-70.0
-70.0
-70.0
-67.2852715541
-65.1913698793
-59.0055662247
-55.6605651578
-54.131545679
-54.4467861728
-55.15437093
-56.0737760867
-57.0896266445
-58.1294827576
-59.1490803336
0
-70.0
-70.0
-70.0
-70.0
-68.6265613123
-67.8482793893
-67.4530342558
-67.3007860339
-67.2994108996
-67.3886054557
-60.6505593836
-54.5860464275
0
-70.0
-70.0
-70.0
-70.0
-69.3855072028
-69.0372946178
-68.8604572461
-68.7923395816
-61.9131150396
-58.0551431464
-55.1385229358
0
-70.0
-70.0
-70.0
-70.0
-70.0
-70.0
-70.0
-63.1056749479
-59.1988907517
0
-70.0
-70.0
-70.0
-70.0
-63.0061849078
-59.0430230222
-57.0303584568
0
-70.0
-70.0
-70.0
-70.0
-68.4118233624
-67.5118566011
-66.3511109539
-65.7762932005
-65.5721927751
-58.7187168034
-54.9826739936
0
-70.0
-70.0
-70.0
-70.0
-69.5729671436
-69.3309818584
-70.0
-70.0
-70.0
-70.0
-70.0
-70.0
-70.0
-70.0
-63.1313865141
-56.9058388722
0
-70.0
-70.0
-70.0
-70.0
-68.2222046213
-67.21478724
-66.7031772366
-66.5061053266
-65.5043288132
-58.9538959318
-55.391839672
-54.2971001492
-54.1636864306
-54.6115153184
-55.3931621405
-56.349044829
-58.2459190384
-59.7758462628
-61.0346077219
-62.0887110067
-63.7873517465
-65.0136244655
-65.9156006147
-67.2966366541
-67.2176540475
-67.2630093487
-67.3814555511
-59.8408408602
-56.5234234408
-54.9821922078
-54.5580470611
-54.8182917377
-55.4804954858
-56.3618012184
-57.345191284
-58.3570522806
-59.3522671359
-60.3043204778
-61.1987418004
-62.0287698673
-62.7924943785
-63.4909792726
-64.1270375666
-64.7044379575
-58.2345016414
-54.7447231303
0
-70.0
-70.0
-70.0
-70.0
-69.078219002
-68.5558764365
-68.2906083493
-68.1884272186
-68.1875042996
-68.2473670716
-68.3417058324
-68.4535855611
-69.5722570696
-70.0
-63.4444434143
-58.7296287025
-56.2764189187
-55.2619457511
-55.1445303255
-55.5692633926
-56.3051277865
-57.2031421632
-58.1685127172
-59.142117959
0
-70.0
-70.0
-70.0
-70.0
-69.5192082575
-69.2467596034
-69.1083984241
-69.0551017691
-69.0546203838
-69.0858442065
-70.0
-69.6127152403
-69.3932538764
-62.3057803406
-58.3097702078
-56.3018384545
-55.5536847874
-55.5863364275
-56.086382864
-56.8501979638
-57.7468137582
-59.6816617563
-61.1865151633
-62.3832100353
-56.436047097
0
-70.0
-70.0
-70.0
-70.0
-66.783213941
-60.0344425816
-56.3173650132
0
-70.0
-70.0
-70.0
-70.0
-69.0740660286
-68.5493701114
-69.2824557977
-69.7462253496
-63.2150322999
-57.1891487267
-54.0006469586
0
-70.0
-70.0
-70.0
-70.0
-68.6172839506
-67.833744856
-68.3480384088
-68.7116799268
-62.2459379363
-58.6249614774
-56.8315435528
-56.1944413463
-56.2723653109
-56.7767075126
-57.5200892499
-58.3821153172
-59.2865937804
0
-70.0
-70.0
-70.0
-70.0
-63.6665330095
-60.0775683815
-58.2549373254
-56.552900383
-55.9799148714
-56.1034597354
-56.6408046627
-57.4085181303
0
-70.0
-70.0
-70.0
-70.0
-69.0642732579
-68.534028104
-68.2647467416
-68.1610196994
-68.1600828174
-68.220851261
-68.3166172851
-68.4301896567
-69.550526434
-70.0
-69.4284588366
-69.1045855107
-61.9472133794
-58.7895290785
-57.6019341953
-57.3026461256
-57.5463184129
-58.1076445048
-58.8408520099
-59.6527481125
-60.4847941704
-61.3011953328
-62.0809961858
-62.8128434914
-63.4915237583
-63.1179647848
-56.1472089863
0
-70.0
-70.0
-70.0
-70.0
-69.6863283036
-69.508581009
-70.0
-70.0
-70.0
-70.0
-70.0
-70.0
-70.0
-70.0
-70.0
-63.0253356554
-59.0730258601
-57.0658724543
-55.2929184814
-54.7193821483
-54.8846142768
0
-70.0
-70.0
-70.0
-70.0
-62.7040044324
-59.5694064583
-58.0363341252
-57.5152795878
-57.6188042125
-58.0936255136
-58.7753974437
-59.5586140204
-60.3765901657
-61.1881561807
-61.968823917
-62.7049304282
-63.3897633207
-64.0210042788
-64.599048711
-58.1418926878
-54.6628693177
-54.0851705461
0
-70.0
-70.0
-70.0
-70.0
-68.9684499314
-61.9984453589
-58.0831611035
-57.1052062186
-56.948259747
-57.2891498725
-58.6210826557
-59.7995395705
-60.846629067
-61.7799951293
-62.6140149291
-63.3606263113
-64.0299055969
-57.6844277415
-54.2876601035
0
-70.0
-70.0
-70.0
-70.0
-69.1211705533
-61.8962962963
-57.8314951989
-55.7982313672
-55.0516653559
-55.1020035706
-55.6288063804
0
-70.0
-70.0
-70.0
-70.0
-66.7587240849
-59.9960751405
-55.3304775992
0
-70.0
-70.0
-70.0
-70.0
-62.912267908
-58.8958863892
-57.8561681968
-57.6371316749
-57.9178053725
-58.4889494121
-59.215337522
-59.0157973684
-59.2622133639
-59.7679891824
-60.4125217008
-62.0928115269
-63.3645583717
-64.3487878661
-64.1862269641
-64.2824828574
-64.5308202981
-64.1584250489
-65.071179401
-65.7831260322
-66.3508564765
-66.8131328605
-61.0001323317
-57.8123276033
-55.3644281763
-54.3835409142
-55.118026329
-56.0547833669
-57.081678144
0
-70.0
-70.0
-70.0
-70.0
-66.353909465
-63.7322359396
-62.3681572931
-61.8041048621
-61.738869908
-61.9750999387
-55.657463722
0
-70.0
-70.0
-70.0
-70.0
-69.3196159122
-68.9340649291
-68.7382655083
-68.6628436722
-68.6621624481
-68.7063482988
-60.8472744888
-56.4369210532
-54.6821178368
-54.139831979
-54.3431327318
-54.987008759
-55.8737674167
-56.8766970308
-57.0036897267
-57.5130956867
-58.2349694065
-59.0602613248
-59.9200944317
