-70.0
-63.0
-59.0333333333
-57.0188888889
-56.2429259259
-56.235917284
-56.690514856
-57.406922904
-58.2565369693
-59.1577541762
-63.4272403345
-70.0
-70.0
-70.0
-70.0
-70.0
-70.0
-70.0
-70.0
-67.267332914
-65.7188215653
-64.9324207039
-64.6294994969
-64.6267634562
-64.8042297165
-65.0839018155
-65.4155750144
-65.7673930999
-66.1195708479
-66.4602251351
-66.7826102029
-67.0832875701
-70.0
-70.0
-70.0
-70.0
-70.0
-70.0
-70.0
-70.0
-70.0
-70.0
-70.0
-70.0
-70.0
-70.0
-70.0
-70.0
-70.0
-70.0
-70.0
-70.0
-70.0
-70.0
-70.0
-70.0
-70.0
-70.0
-70.0
-70.0
-70.0
-70.0
-70.0
-70.0
-70.0
-70.0
-70.0
-70.0
-70.0
-70.0
-70.0
-70.0
-70.0
-63.0314460991
-70.0
-70.0
-70.0
-70.0
-70.0
-70.0
-70.0
-70.0
-70.0
-70.0
-70.0
-70.0
-70.0
-70.0
-70.0
-70.0
-70.0
-63.1467538243
-59.2632476581
-57.2910357031
-56.5313406734
-62.1044354728
-70.0
-70.0
-70.0
-70.0
-70.0
-70.0
-70.0
-70.0
-70.0
-70.0
-70.0
-70.0
-70.0
-63.2481998639
-59.4221797868
-57.4791617477
-56.7307121992
-56.7239520635
-57.1624309133
-64.3056392202
-70.0
-70.0
-70.0
-70.0
-70.0
-70.0
-70.0
-70.0
-70.0
-70.0
-70.0
-64.296261448
-61.0641429351
-59.4227337296
-58.7904637486
-58.7847529684
-59.155168068
-59.7389115255
-60.4311938825
-61.1655235006
-61.9006038214
-70.0
-70.0
-70.0
-70.0
-70.0
-70.0
-70.0
-70.0
-65.5986069115
-63.1044841613
-61.8378610392
-61.3499584646
-61.3455516377
-61.6313891536
-62.0818453581
-62.6160575688
-63.1827163096
-63.7499543438
-64.2986320195
-67.5342056972
-70.0
-70.0
-70.0
-70.0
-70.0
-70.0
-70.0
-70.0
-70.0
-70.0
-70.0
-70.0
-70.0
-70.0
-70.0
-70.0
-70.0
-70.0
-70.0
-70.0
-70.0
-70.0
-70.0
-70.0
-70.0
-70.0
-70.0
-70.0
-70.0
-70.0
-70.0
-70.0
-70.0
-70.0
-70.0
-70.0
-70.0
-70.0
-70.0
-70.0
-70.0
-70.0
-68.81012877
-70.0
-70.0
-70.0
-70.0
-70.0
-70.0
-70.0
-70.0
-70.0
-70.0
-70.0
-70.0
-70.0
-70.0
-70.0
-70.0
-70.0
-63.0511030895
-59.1133948402
-57.1136567293
-70.0
-70.0
-70.0
-70.0
-70.0
-70.0
-70.0
-70.0
-70.0
-70.0
-70.0
-70.0
-70.0
-70.0
-70.0
-63.30369532
-59.5091226681
-57.582074988
-56.8397772136
-56.8330726419
-57.2679474775
-64.5514952889
-70.0
-70.0
-70.0
-70.0
-70.0
-70.0
-70.0
-70.0
-70.0
-70.0
-70.0
-63.5318997916
-59.8666430069
-58.0052675025
-57.2882666165
-57.2817905309
-57.7018451953
-58.3638164873
-61.3853484868
-70.0
-70.0
-70.0
-70.0
-70.0
-70.0
-70.0
-70.0
-70.0
-70.0
-63.9656404708
-60.5461700709
-58.8096154952
-58.1406955667
-58.1346537573
-58.5265402131
-59.1441207462
-59.8765317078
-60.6534272278
-61.4311169656
-62.5737710259
-63.5069044279
-70.0
-70.0
-70.0
-70.0
-70.0
-70.0
-70.0
-70.0
-70.0
-70.0
-70.0
-70.0
-70.0
-70.0
-70.0
-70.0
-70.0
-70.0
-70.0
-70.0
-70.0
-70.0
-70.0
-70.0
-70.0
-70.0
-70.0
-70.0
-70.0
-70.0
-70.0
-70.0
-70.0
-70.0
-70.0
-70.0
-70.0
-70.0
-70.0
-70.0
-70.0
-70.0
-70.0
-70.0
-70.0
-70.0
-70.0
-70.0
-70.0
-70.0
-70.0
-70.0
-70.0
-70.0
-70.0
-70.0
-70.0
-70.0
-70.0
-70.0
-63.0869772097
-59.1695976285
-57.1801832921
-63.0128734096
-70.0
-70.0
-70.0
-70.0
-70.0
-70.0
-70.0
-70.0
-70.0
-70.0
-70.0
-70.0
-70.0
-70.0
-63.4564056001
-59.7483687735
-57.8652677185
-57.1398981615
-57.1333464886
-57.5583039352
-58.2280016053
-65.6213988842
-70.0
-70.0
-70.0
-70.0
-70.0
-70.0
-70.0
-70.0
-70.0
-70.0
-63.8281686456
-60.3307975447
-58.5546816327
-57.8705226978
-57.8643432469
-58.2651574681
-58.8968074186
-59.6459038082
-60.4404981817
-70.0
-70.0
-70.0
-70.0
-70.0
-70.0
-70.0
-70.0
-70.0
-65.9430392769
-63.6440948671
-62.4765917257
-62.0268701166
-62.0228081473
-62.2862773608
-62.7014829769
-63.1938902473
-63.7162049346
-64.2390535825
-64.7447943185
-65.2234122829
-70.0
-70.0
-70.0
-70.0
-70.0
-70.0
-70.0
-70.0
-70.0
-70.0
-70.0
-70.0
-70.0
-70.0
-70.0
-70.0
-70.0
-70.0
-70.0
-70.0
-70.0
-70.0
-70.0
-70.0
-70.0
-70.0
-70.0
-70.0
-70.0
-70.0
-70.0
-70.0
-70.0
-70.0
-70.0
-70.0
-70.0
-70.0
-70.0
-70.0
-70.0
-70.0
-67.9604540929
-70.0
-70.0
-70.0
-70.0
-70.0
-70.0
-70.0
-70.0
-70.0
-70.0
-70.0
-70.0
-70.0
-70.0
-70.0
-70.0
-70.0
-63.1201821993
-59.2216187789
-57.2417601007
-56.4791195571
-63.0459397939
-70.0
-70.0
-70.0
-70.0
-70.0
-70.0
-70.0
-70.0
-70.0
-70.0
-70.0
-70.0
-70.0
-63.307920949
-59.51574282
-57.589911182
-56.8480818265
-56.8413814856
-57.7481063488
-70.0
-70.0
-70.0
-70.0
-70.0
-70.0
-70.0
-70.0
-70.0
-70.0
-70.0
-70.0
-63.9740809777
-60.5593935317
-58.8252679464
-58.1572836637
-58.1512503053
-58.5425886134
-59.1593053111
-59.8906918194
-60.6665006637
-68.0419046551
-70.0
-70.0
-70.0
-70.0
-70.0
-70.0
-70.0
-70.0
-66.2566671618
-64.1354452201
-63.0581972145
-62.6432418373
-62.639493883
-62.8825953144
-63.265702996
-63.7200441718
-64.2019807383
-64.6844099868
-65.1510538698
-65.5926717372
-70.0
-70.0
-70.0
-70.0
-70.0
-70.0
-70.0
-70.0
-70.0
-70.0
-70.0
-70.0
-70.0
-70.0
-70.0
-70.0
-70.0
-70.0
-70.0
-70.0
-70.0
-70.0
-70.0
-70.0
-70.0
-70.0
-70.0
-70.0
-70.0
-70.0
-70.0
-70.0
-70.0
-70.0
-70.0
-70.0
-70.0
-70.0
-70.0
-70.0
-70.0
-70.0
-69.6216242591
-70.0
-70.0
-70.0
-70.0
-70.0
-70.0
-70.0
-70.0
-70.0
-70.0
-70.0
-70.0
-70.0
-70.0
-70.0
-70.0
-70.0
-63.047951752
-60.3518851228
-70.0
-70.0
-70.0
-70.0
-70.0
-70.0
-70.0
-70.0
-70.0
-70.0
-70.0
-70.0
-70.0
-70.0
-70.0
-70.0
-63.2228820517
-59.3825152143
-57.4322112714
-56.6809551966
-56.6741697118
-57.1142927639
-66.2221378857
-70.0
-70.0
-70.0
-70.0
-70.0
-70.0
-70.0
-70.0
-70.0
-70.0
-70.0
-64.3183184322
-61.0986988772
-59.4636371816
-58.8338122582
-58.8281235622
-59.1971062258
-59.7785922832
-60.4681975081
-61.1996873928
-61.9319250772
-70.0
-70.0
-70.0
-70.0
-70.0
-70.0
-70.0
-70.0
-65.6360455811
-63.1631380771
-61.9072889721
-61.4235365433
-61.4191672013
-61.7025733561
-62.1491979371
-62.6788660877
-63.2407047752
-63.8031178285
-64.3471283996
-69.6530942456
-70.0
-70.0
-70.0
-70.0
-70.0
-70.0
-70.0
-70.0
-70.0
-70.0
-70.0
-70.0
-70.0
-70.0
-70.0
-70.0
-70.0
-70.0
-70.0
-70.0
-70.0
-70.0
-70.0
-70.0
-70.0
-70.0
-70.0
-70.0
-70.0
-70.0
-70.0
-70.0
-70.0
-70.0
-70.0
-70.0
-70.0
-70.0
-70.0
-70.0
-70.0
-70.0
-68.8116517237
-70.0
-70.0
-70.0
-70.0
-70.0
-70.0
-70.0
-70.0
-70.0
-70.0
-70.0
-70.0
-70.0
-70.0
-70.0
-70.0
-70.0
-63.0493022293
-59.1105734926
-57.1103171341
-70.0
-70.0
-70.0
-70.0
-70.0
-70.0
-70.0
-70.0
-70.0
-70.0
-70.0
-70.0
-70.0
-70.0
-70.0
-63.4529247125
-59.7429153828
-57.8588126056
-57.1330571858
-57.1265020277
-57.5516855319
-58.2217394501
-65.6151439211
-70.0
-70.0
-70.0
-70.0
-70.0
-70.0
-70.0
-70.0
-70.0
-70.0
-63.9698202713
-60.552718425
-58.817366703
-58.1489101131
-58.1428724887
-58.5344874978
-59.1516402533
-59.8835438982
-60.6599012885
-65.3931575944
-70.0
-70.0
-70.0
-70.0
-70.0
-70.0
-70.0
-70.0
-64.7178214469
-61.7245869334
-60.2044933276
-59.6189540532
-59.6136653534
-59.9567032884
-60.4973026065
-61.1384187771
-61.8184745203
-62.4992254821
-63.1577018765
-63.7808643173
-70.0
-70.0
-70.0
-70.0
-70.0
-70.0
-70.0
-70.0
-70.0
-70.0
-70.0
-70.0
-70.0
-70.0
-70.0
-70.0
-70.0
-70.0
-70.0
-70.0
-70.0
-70.0
-70.0
-70.0
-70.0
-70.0
-70.0
-70.0
-70.0
-70.0
-70.0
-70.0
-70.0
-70.0
-70.0
-70.0
-70.0
-70.0
-70.0
-70.0
-70.0
-70.0
-70.0
-70.0
-70.0
-70.0
-70.0
-70.0
-70.0
-70.0
-70.0
-70.0
-70.0
-70.0
-70.0
-70.0
-70.0
-70.0
-70.0
-70.0
-63.0808289318
-59.1599653265
-57.1687816524
-64.4678078528
-70.0
-70.0
-70.0
-70.0
-70.0
-70.0
-70.0
-70.0
-70.0
-70.0
-70.0
-70.0
-70.0
-70.0
-63.4293267712
-59.7059452749
-57.8150515346
-57.0866802392
-57.0801014541
-57.5068174678
-58.1792864938
-67.2698209018
-70.0
-70.0
-70.0
-70.0
-70.0
-70.0
-70.0
-70.0
-70.0
-70.0
-63.806330306
-60.2965841461
-58.5141836453
-57.82760389
-57.8214025738
-58.2236350316
-58.8575200052
-59.6092669893
-60.4066729467
-70.0
-70.0
-70.0
-70.0
-70.0
-70.0
-70.0
-70.0
-70.0
-65.930144182
-63.6238925517
-62.4526784886
-62.0015274344
-61.997452554
-62.2617592074
-62.6782845591
-63.1722569515
-63.6962318219
-64.2207423501
-64.7280905887
-65.2082298455
-70.0
-70.0
-70.0
-70.0
-70.0
-70.0
-70.0
-70.0
-70.0
-70.0
-70.0
-70.0
-70.0
-70.0
-70.0
-70.0
-70.0
-70.0
-70.0
-70.0
-70.0
-70.0
-70.0
-70.0
-70.0
-70.0
-70.0
-70.0
-70.0
-70.0
-70.0
-70.0
-70.0
-70.0
-70.0
-70.0
-70.0
-70.0
-70.0
-70.0
-70.0
-70.0
-67.9603801873
-70.0
-70.0
-70.0
-70.0
-70.0
-70.0
-70.0
-70.0
-70.0
-70.0
-70.0
-70.0
-70.0
-70.0
-70.0
-70.0
-70.0
-63.1201821993
-59.2216187789
-57.2417601007
-56.4791195571
-63.0459397939
-70.0
-70.0
-70.0
-70.0
-70.0
-70.0
-70.0
-70.0
-70.0
-70.0
-70.0
-70.0
-70.0
-63.307920949
-59.51574282
-57.589911182
-56.8480818265
-56.8413814856
-57.7481063488
-70.0
-70.0
-70.0
-70.0
-70.0
-70.0
-70.0
-70.0
-70.0
-70.0
-70.0
-70.0
-63.9740809777
-60.5593935317
-58.8252679464
-58.1572836637
-58.1512503053
-58.5425886134
-59.1593053111
-59.8906918194
-60.6665006637
-68.0419046551
-70.0
-70.0
-70.0
-70.0
-70.0
-70.0
-70.0
-70.0
-66.2566671618
-64.1354452201
-63.0581972145
-62.6432418373
-62.639493883
-62.8825953144
-63.265702996
-63.7200441718
-64.2019807383
-64.6844099868
-65.1510538698
-65.5926717372
-70.0
-70.0
-70.0
-70.0
-70.0
-70.0
-70.0
-70.0
-70.0
-70.0
-70.0
-70.0
-70.0
-70.0
-70.0
-70.0
-70.0
-70.0
-70.0
-70.0
-70.0
-70.0
-70.0
-70.0
-70.0
-70.0
-70.0
-70.0
-70.0
-70.0
-70.0
-70.0
-70.0
-70.0
-70.0
-70.0
-70.0
-70.0
-70.0
-70.0
-70.0
-70.0
-69.6216242591
-70.0
-70.0
-70.0
-70.0
-70.0
-70.0
-70.0
-70.0
-70.0
-70.0
-70.0
-70.0
-70.0
-70.0
-70.0
-70.0
-70.0
-63.047951752
-60.3518851228
-70.0
-70.0
-70.0
-70.0
-70.0
-70.0
-70.0
-70.0
-70.0
-70.0
-70.0
-70.0
-70.0
-70.0
-70.0
-70.0
-63.2228820517
-59.3825152143
-57.4322112714
-56.6809551966
-56.6741697118
-57.1142927639
-66.2221378857
-70.0
-70.0
-70.0
-70.0
-70.0
-70.0
-70.0
-70.0
-70.0
-70.0
-70.0
-64.5390677576
-61.4445394868
-59.8730045415
-59.2676500896
-59.2621824155
-59.6168290638
-60.1757227507
-60.8385348711
-61.5416043144
-62.2453925031
-68.7146164709
-70.0
-70.0
-70.0
-70.0
-70.0
-70.0
-70.0
-65.7766277159
-63.3833834215
-62.1679907309
-61.6998220921
-61.6955935058
-61.9698699038
-62.4021067458
-62.9147119595
-63.4584513557
-64.0027466149
-64.5292322166
-65.2544604015
-70.0
-70.0
-70.0
-70.0
-70.0
-70.0
-70.0
-70.0
-70.0
-70.0
-70.0
-70.0
-70.0
-70.0
-70.0
-70.0
-70.0
-70.0
-70.0
-70.0
-70.0
-70.0
-70.0
-70.0
-70.0
-70.0
-70.0
-70.0
-70.0
-70.0
-70.0
-70.0
-70.0
-70.0
-70.0
-70.0
-70.0
-70.0
-70.0
-70.0
-70.0
-70.0
-70.0
-70.0
-70.0
-70.0
-70.0
-70.0
-70.0
-70.0
-70.0
-70.0
-70.0
-70.0
-70.0
-70.0
-70.0
-70.0
-70.0
-70.0
-63.061694271
-59.1299876913
-57.133297487
-70.0
-70.0
-70.0
-70.0
-70.0
-70.0
-70.0
-70.0
-70.0
-70.0
-70.0
-70.0
-70.0
-70.0
-70.0
-63.3014069116
-59.5055374948
-57.5778312616
-56.8352798129
-56.82857295
-57.2635964005
-64.5473784168
-70.0
-70.0
-70.0
-70.0
-70.0
-70.0
-70.0
-70.0
-70.0
-70.0
-70.0
-63.5352784425
-59.8719362265
-58.0115330228
-57.2949066664
-57.2884339637
-57.70826921
-58.3698947174
-61.3910166383
-70.0
-70.0
-70.0
-70.0
-70.0
-70.0
-70.0
-70.0
-70.0
-70.0
-63.8010939276
-60.2883804865
-58.5044730724
-57.8173128548
-57.8111062957
-58.2136788171
-58.8480997027
-59.600482244
-70.0
-70.0
-70.0
-70.0
-70.0
-70.0
-70.0
-70.0
-70.0
-70.0
-63.8711227613
-60.398092326
-58.6343376539
-57.9549402622
-57.9488038185
-58.3468284916
-58.9740823458
-59.7179652468
-60.5070294791
-67.4883588475
-70.0
-70.0
-70.0
-70.0
-70.0
-70.0
-70.0
-70.0
-67.4681913321
-66.0334997537
-65.3049014815
-65.0242458021
-65.0217108678
-65.1861328782
-65.4452483219
-65.752542644
-66.0785011492
-66.4047928806
-66.7204081568
-67.0190970506
-70.0
-70.0
-70.0
-70.0
-70.0
-70.0
-69.6991066552
-69.5286004264
-69.4420100083
-69.4086554238
-69.408354159
-69.4278949281
-69.4586895587
-69.4952100184
-69.5339486269
-69.5727268378
-69.6102362031
-69.6457339488
-69.6788414647
-69.7094112586
-70.0
-70.0
-70.0
-70.0
-70.0
-70.0
-70.0
-70.0
-70.0
-70.0
-70.0
-70.0
-70.0
-70.0
-70.0
-70.0
-70.0
-70.0
-70.0
-70.0
-70.0
-70.0
-70.0
-70.0
-70.0
-70.0
-70.0
-70.0
-70.0
-70.0
-70.0
-70.0
-70.0
-70.0
-70.0
-70.0
-70.0
-70.0
-70.0
-70.0
-63.0475303961
-59.8068999689
-70.0
-70.0
-70.0
-70.0
-70.0
-70.0
-70.0
-70.0
-70.0
-70.0
-70.0
-70.0
-70.0
-70.0
-70.0
-70.0
-63.2382704042
-59.4066236333
-57.4607481163
-56.7111978689
-56.7044277915
-62.1378026318
-70.0
-70.0
-70.0
-70.0
-70.0
-70.0
-70.0
-70.0
-70.0
-70.0
-70.0
-70.0
-63.4601030174
-59.7541613939
-57.8721243733
-57.1471646819
-57.140616711
-57.565334038
-58.2346532997
-59.02842308
-65.3408078508
-70.0
-70.0
-70.0
-70.0
-70.0
-70.0
-70.0
-70.0
-70.0
-64.4045576345
-61.2338069608
-59.6235629912
-59.003297843
-58.9976954927
-59.3610775661
-59.9337375579
-60.6128756344
-61.3332626258
-62.0543860665
-62.7519139287
-70.0
-70.0
-70.0
-70.0
-70.0
-70.0
-70.0
-70.0
-70.0
-70.0
-70.0
-70.0
-70.0
-70.0
-70.0
-70.0
-70.0
-70.0
-70.0
-70.0
-70.0
-70.0
-70.0
-70.0
-70.0
-70.0
-70.0
-70.0
-70.0
-70.0
-70.0
-70.0
-70.0
-70.0
-70.0
-70.0
-70.0
-70.0
-70.0
-70.0
-70.0
-70.0
-70.0
-70.0
-70.0
-70.0
-70.0
-70.0
-70.0
-70.0
-70.0
-70.0
-70.0
-70.0
-70.0
-70.0
-70.0
-70.0
-70.0
-70.0
-70.0
-70.0
-70.0
-70.0
-70.0
-70.0
-70.0
-70.0
-70.0
-70.0
-70.0
-70.0
-70.0
-70.0
-70.0
-70.0
-70.0
-70.0
-70.0
-70.0
-70.0
-70.0
-70.0
-70.0
-70.0
-70.0
-70.0
-70.0
-70.0
-70.0
-70.0
-70.0
-70.0
-70.0
-70.0
-70.0
-70.0
-63.0776186307
-59.1549358548
-63.7610848593
-70.0
-70.0
-70.0
-70.0
-70.0
-70.0
-70.0
-70.0
-70.0
-70.0
-70.0
-70.0
-70.0
-70.0
-70.0
-63.1167438384
-59.2162320135
-57.2353838515
-56.4723621592
-60.6300649854
-70.0
-70.0
-70.0
-70.0
-70.0
-70.0
-70.0
-70.0
-70.0
-70.0
-70.0
-70.0
-70.0
-63.6389853176
-60.0344103309
-58.2038516612
-57.498721404
-57.4923525362
-57.9054527976
-58.5564645279
-59.3285227485
-65.9518716176
-70.0
-70.0
-70.0
-70.0
-70.0
-70.0
-70.0
-70.0
-70.0
-64.1900006745
-60.8976677234
-59.2256790286
-58.5816298441
-58.5758126719
-58.9531286129
-59.5477472237
-60.2529268161
-61.000937011
-61.9766897919
-70.0
-70.0
-70.0
-70.0
-70.0
-70.0
-70.0
-70.0
-67.9376304363
-66.7689543503
-66.1754502203
-65.9468327349
-65.9447678192
-66.0787032759
-66.2897744406
-66.5400913248
-66.8056117445
-67.0714036048
-67.3284986008
-67.5718056451
-67.7987296835
-70.0
-70.0
-70.0
-70.0
-70.0
-70.0
-70.0
-70.0
-70.0
-70.0
-70.0
-70.0
-70.0
-70.0
-70.0
-70.0
-70.0
-70.0
-70.0
-70.0
-70.0
-70.0
-70.0
-70.0
-70.0
-70.0
-70.0
-70.0
-70.0
-70.0
-70.0
-70.0
-70.0
-70.0
-70.0
-70.0
-70.0
-70.0
-70.0
-70.0
-70.0
-63.0218760127
-70.0
-70.0
-70.0
-70.0
-70.0
-70.0
-70.0
-70.0
-70.0
-70.0
-70.0
-70.0
-70.0
-70.0
-70.0
-70.0
-70.0
-63.1194387012
-59.2204539651
-57.2403813247
-56.4776583629
-67.7250864916
-70.0
-70.0
-70.0
-70.0
-70.0
-70.0
-70.0
-70.0
-70.0
-70.0
-70.0
-70.0
-70.0
-63.2906062572
-59.4886164696
-57.5578020481
-56.8140533269
-56.8073356499
-57.2430605221
-67.7245303844
-70.0
-70.0
-70.0
-70.0
-70.0
-70.0
-70.0
-70.0
-70.0
-70.0
-70.0
-64.2659491106
-61.0166536066
-59.366521184
-58.7308910243
-58.7251498944
-59.0975335532
-59.6843792968
-60.3803407664
-61.1185729559
-61.8575598377
-68.7253140407
-70.0
-70.0
-70.0
-70.0
-70.0
-70.0
-70.0
-69.9589086552
-69.9356235597
-69.9237983838
-69.9192433322
-69.9192021901
-69.9218707652
-69.9260762181
-69.9310636159
-69.936353934
-69.9416496604
-69.9467721076
-69.951619839
-69.9561411498
-69.960315898
-70.0
-70.0
-70.0
-70.0
-70.0
-70.0
-70.0
-70.0
-70.0
-70.0
-70.0
-70.0
-70.0
-70.0
-70.0
-70.0
-70.0
-70.0
-70.0
-70.0
-70.0
-70.0
-70.0
-70.0
-70.0
-70.0
-70.0
-70.0
-70.0
-70.0
-70.0
-70.0
-70.0
-70.0
-70.0
-70.0
-70.0
-70.0
-70.0
-70.0
-63.0369680941
-65.6900520543
-70.0
-70.0
-70.0
-70.0
-70.0
-70.0
-70.0
-70.0
-70.0
-70.0
-70.0
-70.0
-70.0
-70.0
-70.0
-70.0
-63.1261103743
-59.2309062531
-57.2527535719
-56.4907701775
-62.6363797219
-70.0
-70.0
-70.0
-70.0
-70.0
-70.0
-70.0
-70.0
-70.0
-70.0
-70.0
-70.0
-70.0
-63.2656608539
-59.4495353378
-57.5115421835
-56.7650282182
-56.7582855651
-57.1956304543
-57.8848497061
-70.0
-70.0
-70.0
-70.0
-70.0
-70.0
-70.0
-70.0
-70.0
-70.0
-70.0
-65.1013114078
-62.3253878723
-60.9156541552
-60.3726254531
-60.3677207167
-60.685853851
-61.1872052699
-61.7817759456
-62.4124591528
-63.0437871054
-63.6544576401
-70.0
-70.0
-70.0
-70.0
-70.0
-70.0
-70.0
-70.0
-70.0
-70.0
-70.0
-70.0
-70.0
-70.0
-70.0
-70.0
-70.0
-70.0
-70.0
-70.0
-70.0
-70.0
-70.0
-70.0
-70.0
-70.0
-70.0
-70.0
-70.0
-70.0
-70.0
-70.0
-70.0
-70.0
-70.0
-70.0
-70.0
-70.0
-70.0
-70.0
-70.0
-70.0
-70.0
-70.0
-70.0
-70.0
-70.0
-70.0
-70.0
-70.0
-70.0
-70.0
-70.0
-70.0
-70.0
-70.0
-70.0
-70.0
-70.0
-70.0
-70.0
-63.0507857845
-59.1128977291
-67.1709253387
-70.0
-70.0
-70.0
-70.0
-70.0
-70.0
-70.0
-70.0
-70.0
-70.0
-70.0
-70.0
-70.0
-70.0
-70.0
-63.1840078187
-59.3216122493
-57.360121166
-56.6045558105
-56.9023885062
-70.0
-70.0
-70.0
-70.0
-70.0
-70.0
-70.0
-70.0
-70.0
-70.0
-70.0
-70.0
-70.0
-63.4726856179
-59.7738741348
-57.895458107
-57.1718932202
-57.1653578474
-57.5892580288
-58.2572895367
-59.0495321235
-70.0
-70.0
-70.0
-70.0
-70.0
-70.0
-70.0
-70.0
-70.0
-70.0
-65.6181559944
-63.1351110579
-61.8741137274
-61.3883782049
-61.3839909512
-61.6685589006
-62.1170143735
-62.6488538449
-63.2129957328
-63.7777143412
-64.3239550282
-70.0
-70.0
-70.0
-70.0
-70.0
-70.0
-70.0
-70.0
