-70.0
-70.0
-70.0
-70.0
-70.0
-70.0
-70.0
-70.0
-63.1316872428
-59.2396433471
-58.2045679012
-57.9767037037
-58.2407617284
-58.7911711523
0
-70.0
-70.0
-70.0
-70.0
-67.9519382208
-61.1740859286
-55.0682383557
0
-70.0
-70.0
-70.0
-70.0
-68.3864744928
-67.4721433721
-67.0078065873
-66.8289442968
-67.8271282935
-68.8318010817
-69.4735447186
-69.8761394101
-70.0
-70.0
-70.0
-70.0
-70.0
-70.0
-69.2941911957
-69.696702009
-69.9483184301
-63.1016347352
-59.2235700271
0
-70.0
-70.0
-70.0
-70.0
-69.0868600654
-68.5694141024
-68.3066327212
-68.2054094685
-61.3865812653
-57.5823983013
-55.7138085794
-55.068861127
-55.1795972847
-55.7400524031
-57.5512059678
-59.0528579076
-60.3187538079
-61.4009995545
-62.3369803507
-57.1032427135
-54.3928920407
0
-70.0
-70.0
-70.0
-70.0
-69.5244627343
-62.5281207133
-58.5793781436
0
-70.0
-70.0
-70.0
-70.0
-62.7088419348
-58.5771856978
0
-70.0
-70.0
-70.0
-70.0
-68.4118233624
-61.1263970675
-54.7175947216
0
-70.0
-70.0
-70.0
-70.0
-69.7188436722
-69.5595217531
-69.4786112099
-63.5230427423
-59.1707384681
-56.9203312879
-56.0060759369
-55.9239868617
-56.3439338546
-57.0511042551
-57.9070363536
-58.8236944009
-59.7462327493
-60.641548
-61.4906855504
-63.276104549
-64.5714857965
-65.5296650185
-66.2535837177
-66.81281548
-67.2545940214
-67.6111746788
-67.904750584
-68.1507377743
-68.3599721627
-61.5411159906
-57.7317650876
-55.8550957096
-55.2005908924
-55.3012016391
-55.8515280324
-56.6533396007
0
-70.0
-70.0
-70.0
-70.0
-68.6172839506
-61.7555555556
-57.9133333333
-56.0108888889
-55.3357259259
-55.419437284
-55.955682856
-55.7715863989
0
-70.0
-70.0
-70.0
-70.0
-65.2478254964
-62.554926611
-61.1873563928
-60.6605690487
-60.6558110073
-60.9644291489
-61.4507857289
-62.0275734859
-55.8214797547
0
-70.0
-70.0
-70.0
-70.0
-69.3851666276
-70.0
-70.0
-70.0
-70.0
-70.0
-63.1316608414
-59.2396019848
-57.2630466047
-56.5016784899
-55.4948068864
-55.3741903614
-55.7893474344
-56.512130097
-57.395395358
-58.3455080027
0
-70.0
-70.0
-70.0
-70.0
-62.4650205761
-58.1951989026
-56.0267992684
-55.1915328456
0
-70.0
-70.0
-70.0
-70.0
-66.2256477096
-60.1586384942
-56.8464783485
-55.8531885383
0
-70.0
-70.0
-70.0
-70.0
-68.70781893
-67.9755829904
-67.6037219936
-67.4604813291
-67.4591875527
-67.5431050351
-67.6753520234
-67.8321884823
-67.9985507415
-68.1650830723
-68.3261663684
-69.4751853131
-70.0
-70.0
-70.0
-70.0
-70.0
-70.0
-62.0585276635
-57.5583600061
0
-70.0
-70.0
-70.0
-70.0
-68.6371703434
-67.8649002046
-67.4727081145
-67.3216359233
-60.5023574753
-54.3940451573
0
-70.0
-70.0
-70.0
-70.0
-69.3803609046
-69.029232084
-68.8509137221
-60.9658340838
-56.5359251648
-55.3267770927
0
-70.0
-70.0
-70.0
-70.0
-69.1269623533
-68.6322410202
-68.3810001863
-68.2842223464
-68.2833482309
-68.3400454873
-69.4216883116
-70.0
-70.0
-70.0
-70.0
-70.0
-69.9928952854
-69.9888692805
-69.9868247015
-62.9881422314
-56.6893280082
0
-70.0
-70.0
-70.0
-70.0
-69.4842249657
-69.9944215821
-70.0
-70.0
-70.0
-70.0
-63.6493251368
-60.0506093809
-54.3341373925
0
-70.0
-70.0
-70.0
-70.0
-64.3593456282
-61.1629748175
-59.5397198372
-58.2107391507
-57.8063261005
0
-70.0
-70.0
-70.0
-70.0
-68.9794238683
-68.4010973937
-61.5170919067
-57.6694522176
-55.7718866636
0
-70.0
-70.0
-70.0
-70.0
-70.0
-70.0
-69.0347508002
-61.7609053498
-57.6712345679
-55.6283909465
-55.7939469136
-55.4985028395
0
-70.0
-70.0
-70.0
-70.0
-65.5418381344
-63.0155464106
-61.732586496
-61.2383909973
-61.2339273315
-61.5234515544
-61.9797177029
-62.5208201353
-63.0947875902
-63.6693418101
-64.2250962817
-64.7510457553
-64.2422572205
-64.1289088588
-64.2566028799
-64.5246658632
-57.8751195057
-54.2895543743
0
-70.0
-70.0
-70.0
-70.0
-69.6057229307
-63.3041099576
-59.7463385086
-57.9534643555
-57.2792910518
0
-70.0
-70.0
-70.0
-70.0
-69.0953303446
-68.5826842065
-67.3224294882
-66.6555290076
-67.3634455983
-67.8760806994
-68.2544590701
-69.2433744939
-69.8619445984
-70.0
-70.0
-69.6560095948
-69.4610816985
-68.8065333485
-68.4535865603
-68.293365602
-68.2541208403
-68.2887699553
-68.3666004257
-68.4677453605
-68.579507476
-68.6939144961
-61.8062180982
-57.9467263229
-56.032807047
-55.3500285798
-55.4286938802
0
-70.0
-70.0
-70.0
-70.0
-69.0778718646
-68.5553325879
-68.2899646022
-68.1877449908
-69.1867953228
-62.934723054
-59.4189889243
-57.6622488156
-57.0194631232
-56.0664880043
-55.9591533328
-56.3627807522
-57.0595311787
-57.9089303953
-58.8216055788
-59.7418238363
-60.6358939962
-61.4844729589
-62.277471238
-62.0280293607
-62.144096589
-62.475600373
-63.9246393248
-64.9965747184
-58.8096744482
-55.4705451378
0
-70.0
-70.0
-70.0
-70.0
-67.6556419245
-67.3098308185
-67.1920164609
-67.2149272977
-66.3800372199
-66.8022377351
-60.3442361838
-56.7912940469
0
-70.0
-70.0
-70.0
-70.0
-63.0130061474
-59.053709631
-57.0430080667
-56.2684868593
-56.2614912395
0
-70.0
-70.0
-70.0
-70.0
-66.9266025654
-64.8516773525
-63.7783329796
-56.956255723
0
-70.0
-70.0
-70.0
-70.0
-66.0864197531
-63.8687242798
-62.7424828532
-62.3086552355
-61.5022676879
-61.301692903
-61.471291602
-61.8573411013
-62.3603927642
-62.9168773365
-64.4834466812
-65.6072733987
-66.4279936492
-60.0554782857
-56.5634531248
0
-70.0
-70.0
-70.0
-70.0
-68.8979999661
-69.2619722603
-69.5049565615
-62.9403776863
-58.2759695473
-55.868125679
0
-70.0
-70.0
-70.0
-70.0
-68.0955308303
-67.0163316342
-59.8779613729
-55.9323405038
-54.0338899655
0
-70.0
-70.0
-70.0
-70.0
-67.4567901235
-66.0156378601
-65.2837585734
-65.0018390489
-64.9992926993
-58.437584229
-54.8859730059
0
-70.0
-70.0
-70.0
-70.0
-68.4130450726
-68.5127556545
-67.9184531114
-60.9043855781
-56.9991322055
-55.0893424417
-54.4404905021
0
-70.0
-70.0
-70.0
-70.0
-68.024691358
-66.9053497942
-66.3368998628
-59.7324737083
-56.1120688919
-54.4027570391
0
-70.0
-70.0
-70.0
-70.0
-65.3344751625
-62.6906777545
-56.4221174587
0
-70.0
-70.0
-70.0
-70.0
-65.9999108952
-63.7331937358
-61.5820965845
-60.5720350742
-60.2802636655
-60.4291920315
-60.8375759833
-61.3880204883
-62.0053531751
-62.6422410146
-63.2696323512
-63.8704127414
-64.4352005508
-64.9595665515
-65.4422006001
-65.883707676
-66.2858216656
-66.6508960039
-67.9811263137
-61.8486653898
-58.4408999891
-56.7815440824
-56.2265457356
-56.3526618697
-56.8832428212
0
-70.0
-70.0
-70.0
-70.0
-66.2299295689
-63.538000769
-62.1382434634
-55.4822583309
0
-70.0
-70.0
-70.0
-70.0
-69.0521262003
-68.5149977138
-67.6866651425
-67.2667767617
-67.1059511744
-67.1059241163
-67.2023770775
-67.3535029517
-67.5323950445
-67.7219837986
-68.9001099046
-69.9769819047
-63.6286088509
-60.0319647237
-58.2062460899
-57.5039400399
-57.499091742
-58.8250882099
-59.9931831504
-60.0286156355
0
-70.0
-70.0
-70.0
-70.0
-69.6570644719
-69.4627343393
-62.7737387593
-59.0012167861
0
-70.0
-70.0
-70.0
-70.0
-68.0955308303
-67.0163316342
-66.4682677287
-66.2571537944
-66.2552469741
-66.3789279827
-65.6616304837
-65.3758643015
-65.3585424488
-65.5028645888
-58.7553479944
-55.0816597713
-54.3745911878
0
-70.0
-70.0
-70.0
-70.0
-66.5322359396
-59.6412437128
-55.851940253
-54.0499601687
0
-70.0
-70.0
-70.0
-70.0
-67.9166485642
-65.7437900973
-64.5819486805
-63.5098899856
-63.0829917691
-63.0574197802
-56.4555819917
0
-70.0
-70.0
-70.0
-70.0
-69.1879462704
-62.1374761345
-58.1692781818
-56.1827168042
-55.4513560841
-55.4974944492
-56.00859432
-55.7931954518
-55.8041829491
0
-70.0
-70.0
-70.0
-70.0
-68.411522694
-67.511385554
-66.3505533811
-65.775702298
-58.7536876357
-54.9153559171
0
-70.0
-70.0
-70.0
-70.0
-62.4444444444
-55.8296296296
0
-70.0
-70.0
-70.0
-70.0
-69.352944165
-68.9862791919
-69.7885098816
-70.0
-69.323053735
-68.9394508516
-69.5471098955
-69.9268016588
-70.0
-70.0
-70.0
-69.1245825282
-68.6285126275
-68.3765869329
-68.279545285
-61.2800721872
-57.3710525889
-55.4466057436
-54.7770507784
-54.8827494399
-56.4466515015
-57.8367710217
-59.0762836997
-60.1841151833
-61.1760102339
-61.0687057439
-61.3020328585
-61.7319613652
-62.2655197571
-62.8434708003
-64.4114508697
-65.5385238823
-59.3705882751
-56.7278443386
-55.9179364987
-56.2347272449
0
-70.0
-70.0
-70.0
-70.0
-69.1644583568
-68.6909847589
-68.4505344416
-68.3579131032
-68.35707653
-68.4113387017
-69.4891440348
-69.1529448716
-68.9794605446
-68.9093879302
-68.9036980973
-68.9368275943
-68.1238316155
-67.6985729743
-67.5201320238
-67.4957297194
-67.5645640128
-60.6879813886
-56.8724324345
-55.0206886476
-54.4089527538
0
-70.0
-70.0
-70.0
-70.0
-66.8857641302
-65.1210304706
-58.6075386419
-55.0791922566
0
-70.0
-70.0
-70.0
-70.0
-69.5902250736
-69.358019282
-69.2400951643
-68.1946972562
-67.6276352696
-67.3664769019
-67.2975659846
-61.3702785219
-55.7682300936
0
-70.0
-70.0
-70.0
-70.0
-70.0
-63.8024691358
-59.4222222222
-57.1466666667
-56.2097777778
-56.1073185185
-56.5089323457
-57.1996028971
-58.0406851314
0
-70.0
-70.0
-70.0
-70.0
-69.3909465021
-69.0458161866
-62.2802377686
-57.5172345679
-55.0755248285
-54.1079814906
-54.0571894382
-54.5581412255
-55.3734409236
-56.3501727118
-57.3912060276
-58.4361191495
-59.4485297176
-60.4076917346
-61.3029325536
-62.1299792933
-61.8936795917
-62.022110451
-62.3650986183
-55.8324929459
0
-70.0
-70.0
-70.0
-70.0
-69.2208504801
-68.7793324188
-61.8282395976
-57.9299759183
-55.9933518468
-56.2809241457
-56.9107700535
-57.7249852631
-58.6226815468
0
-70.0
-70.0
-70.0
-70.0
-69.1031866361
-68.5949923965
-68.3369094395
-68.2374960174
-68.2365980968
-61.4162301174
-56.6102240972
-54.1729463486
0
-70.0
-70.0
-70.0
-70.0
-63.3127572016
-59.5233196159
-57.5988797439
-56.857586496
-57.7630995021
-58.7143039891
0
-70.0
-70.0
-70.0
-70.0
-69.2741977258
-68.8629097704
-68.6540400048
-68.5735834786
-68.5728567803
-61.7413829114
-57.9177858263
-56.0263680477
0
-70.0
-70.0
-70.0
-70.0
-68.7829079633
-61.7077629423
-57.7390838316
-55.7665735708
-55.0575149619
0
-70.0
-70.0
-70.0
-70.0
-66.5555555556
-64.6037037037
-57.9951851852
0
-70.0
-70.0
-70.0
-70.0
-66.8758827415
-65.1055496283
-64.2064981061
-63.8601839226
-63.8570559484
-64.0599439656
-64.3796786437
-64.7588634958
-65.1610789572
-65.5637056021
-59.0071094954
-55.4395815149
0
-70.0
-70.0
-70.0
-70.0
-69.590293155
-69.3581259429
-68.2402390184
-67.6281655632
-67.3399826379
-60.3096915545
-56.414527186
-54.5302776587
0
-70.0
-70.0
-70.0
-70.0
-69.0602043728
-68.5276535174
-68.2572012203
-68.1530231346
-68.1520821788
-69.2131148481
-62.8999423665
-59.9042630208
-58.7767133128
-58.8076263775
-58.210814357
0
-70.0
-70.0
-70.0
-70.0
-65.9122085048
-63.5957933242
-62.4194177717
-61.9662785145
-61.9621856763
-62.2276571175
-62.6460180784
-63.1421673856
-56.8505374545
0
-70.0
-70.0
-70.0
-70.0
-69.6814551012
-69.5009463253
-69.4092761822
-62.5560509544
-58.6922474526
-56.7508904364
-56.0277132121
-56.0595497705
0
-70.0
-70.0
-70.0
-70.0
-67.6131687243
-66.2606310014
-65.5737540009
-65.3091693339
-65.306779556
-65.4617863706
-65.7060642471
-65.9957621647
-60.3788444183
-57.3293989566
-55.4853479498
-55.1960724141
-55.5159713455
-56.1907116595
-57.0558654593
-58.8088980263
-60.2337542989
-61.4142095859
-62.4086757719
-63.2583996244
-57.0469053749
-54.6639871508
-54.078769978
-54.2583473417
-54.8908155152
-55.7739359021
-56.7780102709
-57.8211878831
-58.8530548543
-59.8437398752
-61.7376744496
-63.149446046
-64.2248608022
-65.0626142959
-65.7298459156
-66.2725233569
-66.7223790431
-60.1086512013
-56.4701261228
-54.7380068717
-54.2074684253
-54.4155630766
-55.0599010981
-55.9445072078
-56.9437873
-57.9785624453
-59.0001421177
-59.9797518505
-60.9015259618
-61.7578728966
-62.5464186275
-63.2679987785
-63.9253469098
-64.522244225
-65.0629744732
-65.5519801397
-66.9936244669
-67.9588235809
-68.6059822634
-69.0407447307
-69.3335773867
-69.5314910675
-69.6658562403
-69.7576134694
-69.8207473578
-70.0
-70.0
-70.0
-70.0
-70.0
-70.0
-70.0
-62.6666666667
-58.5111111111
-55.8451851852
-54.7174567901
-54.5502378601
-54.9648985734
0
-70.0
-70.0
-70.0
-70.0
-62.9816950518
-59.0046555811
-56.9849433793
-56.2069512789
-56.1999243094
-56.6557106507
-57.3739921005
-58.2258279003
-58.1304167428
-58.4688228235
-59.0562390445
-59.7734808089
-60.5447098406
-54.3585912159
0
-70.0
-70.0
-70.0
-70.0
-65.3217757901
-62.6707820712
-60.3296313352
0
-70.0
-70.0
-70.0
-70.0
-69.2866941015
-62.4970278921
-58.6733272367
0
-70.0
-70.0
-70.0
-70.0
-68.70781893
-67.9755829904
-67.6037219936
-67.4604813291
-68.4006598892
-62.1394690718
-58.2588554979
-56.321858837
-55.6155988793
0
-70.0
-70.0
-70.0
-70.0
-69.1769547325
-68.7105624143
-68.4737082762
-61.6556012803
-57.8428837068
0
-70.0
-70.0
-70.0
-70.0
-68.4691358025
-67.6016460905
-67.1610973937
-66.9913982625
-60.2629946045
-56.5505192562
-54.771350072
-54.2114702258
-54.4018266439
-55.0359796066
-55.915272064
-56.9123384696
0
-70.0
-70.0
-70.0
-70.0
-65.999548907
-63.732626621
-62.5813856953
-62.1379282834
-62.1339228935
-63.3059307346
-64.2322710814
-64.9803329201
-65.5964922593
-66.1129714542
-66.5524265893
-66.9310187841
-67.2604734748
-67.5494638401
-67.8045425979
-61.0414288379
-58.2706186007
-56.9991118383
-57.2251262752
-57.7865640615
-58.5305412645
-59.3592428775
-60.2111557494
-54.3217273771
0
-70.0
-70.0
-70.0
-70.0
-66.3333333298
-64.25555555
-63.2003703638
-62.7939135733
-62.7902423799
-63.0283649178
-63.4036262767
-63.8486622161
-57.5028144367
-55.0858663262
-54.1328352491
0
-70.0
-70.0
-70.0
-70.0
-69.1367169639
-67.6475232434
-60.2421165473
-57.1067937814
-54.9516699588
-54.1602066667
0
-70.0
-70.0
-70.0
-70.0
-69.4124879337
-69.0795644295
-68.9104915127
-68.8453647122
-68.8447764748
-61.9069093949
-58.0139588338
-56.0777232027
-55.3800577173
-56.4477748763
-57.5401460091
-59.1664527107
-60.5033549746
-61.6220511672
-62.5725338438
-63.390405655
-64.1014485532
-64.7246926737
-65.2744827235
-65.761873996
-66.1955796262
-66.5826170169
-65.9288116205
-65.672234662
-65.6625473316
-65.8013166889
-66.0245344136
-66.290980568
-66.5744822417
-66.8587671712
-67.1340458899
-67.3947449248
-67.6380061815
-67.8626960629
-68.0687534562
-68.2567627771
-67.4311017644
-66.6880017646
-59.3525525224
-55.306197893
-54.3681706963
-54.6597486884
-55.3460371941
-56.2462757243
-57.2448763183
-58.2692074641
0
-70.0
-70.0
-70.0
-70.0
-68.6510863859
-67.8867020045
-67.4985146423
-68.3438468391
-68.9062512625
-69.2801522078
-62.609414841
-59.6557943954
-57.2457705114
0
-70.0
-70.0
-70.0
-70.0
-69.5294924554
-69.2628715135
-69.1274698979
-69.0753132653
-69.0748421768
-69.1053981179
-69.1535517453
-69.2106588635
-69.2712345057
-69.3318720741
-69.390525546
-70.0
-70.0
-70.0
-63.2959955676
-59.4970597226
-57.5677962249
-55.8247340235
-55.2514055686
-55.39902831
-55.9743010112
-56.7869879315
0
-70.0
-70.0
-70.0
-70.0
-65.0385594759
-58.3381876233
-54.706691591
0
-70.0
-70.0
-70.0
-70.0
-64.7777777778
-57.9296296296
-54.2230864198
0
-70.0
-70.0
-70.0
-70.0
-68.940981219
-68.3408705764
-68.036108505
-67.918714312
-67.9176539858
-67.9864293238
-61.1307811668
-57.3130329004
-55.4452828439
0
-70.0
-70.0
-70.0
-70.0
-68.7466875352
-68.0364771384
-61.2903421288
-57.5329830521
-55.6941348377
-55.0676880811
-55.1895637577
-55.7563703718
-56.5712419946
-58.5043647476
-60.0474262412
-61.305015596
-62.3494020224
-63.0335346805
-63.6762297861
-64.2726391899
-64.8213968591
-65.3232715654
-65.780287337
-66.1951538887
-66.5709020234
-66.9106541702
-67.2174836525
-67.4943318869
-67.7439630979
-66.9766504012
-66.6170411032
-59.5143180358
-55.6022069275
0
-70.0
-70.0
-70.0
-70.0
-67.4816819673
-60.4373511314
-55.7270384564
0
-70.0
-70.0
-70.0
-70.0
-63.5555555556
-59.9037037037
-58.0491358025
-57.3347572016
-57.3283048011
-56.8053508642
0
-70.0
-70.0
-70.0
-70.0
-69.9903978052
-69.9849565615
-69.9821932632
-69.9811288421
-70.0
-70.0
-70.0
-70.0
-70.0
-70.0
-63.0862690564
-60.1099605248
-58.6538433884
-58.158378327
-58.2558200125
-58.7057576901
-59.3521950403
-60.0949842824
-60.8708250183
-61.6406352925
-63.3551546524
-64.6053611133
-65.5353062861
-66.2420965135
-66.7914340995
-66.2279923245
-66.0156608487
-65.4655177127
-65.2865812407
-64.7807777606
-57.6533748478
0
-70.0
-70.0
-70.0
-70.0
-69.5244627343
-62.6646852614
-58.7933292689
-57.785543701
-57.5880209035
-57.8832398616
0
-70.0
-70.0
-70.0
-70.0
-68.1172077427
-67.0502921303
-66.5084663584
-66.2997553501
-66.2978702334
-67.4150052578
-68.1714527639
-68.6862728421
-69.0389557943
-68.3086126673
-61.8110847339
-58.1855318161
0
-70.0
-70.0
-70.0
-70.0
-69.0781893004
-68.555829904
-68.2905532693
-61.4614979424
-57.6486814815
-55.7727022222
-55.1213579259
-55.226506084
-55.782044776
-55.6066413619
-55.9811779347
-56.6731939473
-57.5326304232
-58.4638712947
-59.4071534411
-60.3262176142
-54.2360831485
0
-70.0
-70.0
-70.0
-70.0
-69.2538613956
-69.8309901166
-70.0
-70.0
-70.0
-70.0
-70.0
-70.0
-70.0
-70.0
-63.0237286366
-59.0705081974
-56.0639072865
-54.3911498304
0
-70.0
-70.0
-70.0
-70.0
-65.2462184776
-62.5524089483
-56.2584503398
0
-70.0
-70.0
-70.0
-70.0
-69.3820604476
-69.0318947013
-62.1271945263
-58.2468012704
-56.3103386079
-55.6047830567
-55.6612902909
-56.1731516216
-55.9412970232
-56.2708076967
0
-70.0
-70.0
-70.0
-70.0
-67.8673983228
-66.658924039
-66.0452086674
-65.8088058222
-66.8066705758
-67.5118337421
-68.0178705171
-62.212657978
-58.989108522
-57.4220085643
-56.9010149708
-56.0257282886
-55.9663653362
-56.398535387
-57.1112195712
0
-70.0
-70.0
-70.0
-70.0
-67.1358024691
-65.5127572016
-64.6885048011
-58.2928139003
-54.8456388965
-54.2239516009
-54.3768075035
-54.9892941282
-55.8571429655
-56.8492808357
-57.8829208632
-58.9070075177
-59.8912259264
-59.8197310667
-60.1161764486
-60.6235044628
-62.2288901026
-55.672667759
0
-70.0
-70.0
-70.0
-70.0
-65.9122085048
-63.5957933242
-62.4194177717
-61.9662785145
-61.9621856763
-61.2392181375
-54.5071573205
0
-70.0
-70.0
-70.0
-70.0
-65.89402712
-63.5673091546
-62.3857014036
-61.9305467062
-61.9264356642
-63.1924112107
-64.178916165
-64.9648552653
-64.6432753257
-64.628884851
-64.7992877379
-65.0748865454
-65.4044162784
-58.7713058501
-55.1657293981
0
-70.0
-70.0
-70.0
-70.0
-69.7801298733
-69.6555368015
-70.0
-70.0
-70.0
-70.0
-69.1615632466
-61.7104274981
-57.5160651323
-55.4155788752
-54.6414344917
-54.6889000452
-55.2277493758
-56.0434673283
-56.9981158556
-58.00430111
-59.0078688924
-59.9764139321
-60.8916604915
-54.7983711704
0
-70.0
-70.0
-70.0
-70.0
-68.8299039781
-68.1668495656
-67.8301219326
-60.8825006859
-54.6845112483
0
-70.0
-70.0
-70.0
-70.0
-69.0968705839
-61.9947908924
-58.0003833811
-55.0915175902
0
-70.0
-70.0
-70.0
-70.0
-68.7270713896
-68.005745177
-61.7607262149
-58.2883572971
-56.5953240365
-56.0263266123
0
-70.0
-70.0
-70.0
-70.0
-69.3629245768
-69.0019151703
-62.2282726649
-58.4231447396
-56.5259631597
-55.8367887732
-55.8953911821
-55.4013828942
-56.5800374717
-57.7345623025
-58.8361251242
-59.8691919798
-59.9584129366
-60.3466650795
-60.3458386403
-60.3338148222
-60.6488067038
-61.1495082761
-54.0518989784
0
-70.0
-70.0
-70.0
-70.0
-68.3225100932
-68.3709175201
-67.5859519683
-67.195440905
-67.0546195702
-67.8707752528
-68.4314428205
-68.8201286005
-69.0926691152
-69.2864377868
-69.4264843969
-69.5296295497
-69.6071956564
-62.6739335131
-56.42484511
0
-70.0
-70.0
-70.0
-70.0
-67.9275329447
-65.7535860397
-65.5897500695
-65.6384568183
-59.2227592847
-55.7325821216
-54.1140564198
0
-70.0
-70.0
-70.0
-70.0
-70.0
-70.0
-70.0
-70.0
-70.0
-70.0
-70.0
-70.0
-70.0
-70.0
-69.4397079681
-69.1222091499
-68.4054139985
-68.0284897744
-67.8680522474
-67.8428546563
-67.8996409465
-68.003724689
-61.1329022548
-57.3059787192
-55.4329586404
-54.7947146385
-54.9186110828
-55.4956619132
-55.3330776944
0
-70.0
-70.0
-70.0
-70.0
-65.2456754953
-63.5514691712
-62.7498964044
-61.536635159
-61.0907905731
-61.1202574692
-61.4339290245
-62.8198761617
-64.2241152386
-65.2591881768
-65.096786664
-65.1627862008
-58.3995940005
-54.0246551765
0
-70.0
-70.0
-70.0
-70.0
-68.6018673757
-67.8095922219
-67.4072407222
-66.548551428
-66.1483861372
-66.0366740915
-66.1017577276
-65.4682801826
-64.9059176495
-64.7383028747
-64.813123914
-58.0356488834
-54.367975569
0
-70.0
-70.0
-70.0
-70.0
-67.4814893041
-66.0543332431
-65.3295618318
-65.0503802572
-65.0478586372
-65.211417044
-58.6512575841
-55.093453322
0
-70.0
-70.0
-70.0
-70.0
-68.1481481481
-67.6543209877
-61.3580246914
-57.8683127572
-55.2666666667
0
-70.0
-70.0
-70.0
-70.0
-63.5788751715
-59.5543209877
-57.4877777778
-56.6649259259
0
-70.0
-70.0
-70.0
-70.0
-66.294314891
-64.1944266626
-63.1280128368
-57.0999468295
0
-70.0
-70.0
-70.0
-70.0
-68.9725143525
-69.3729309556
-69.634083219
-63.0761008993
-59.1018241427
-57.0805306173
-56.2984034815
0
-70.0
-70.0
-70.0
-70.0
-69.0781893004
-68.555829904
-68.2905532693
-69.1768078263
-69.7360002996
-70.0
-70.0
-69.1435794378
-68.6582744525
-68.4118156463
-68.316879841
-67.5135532273
-68.0884265234
-68.4970696169
-68.7923531524
-69.0097781686
-69.1732405728
-68.386668158
-67.9685024372
-60.7857354125
-56.7832173506
-54.8222659351
0
-70.0
-70.0
-70.0
-70.0
-69.2666090874
-68.8510209035
-68.6399672965
-68.5586695557
-69.4262480165
-70.0
-70.0
-70.0
-63.2956196568
-59.4964707957
-57.5670991191
-57.7361146474
-58.2463201427
-58.9442327685
-60.4352096221
-61.6486220802
-62.655048819
-64.207440272
-65.3319604681
-65.1622817261
-64.8883984234
-64.894455161
-65.0682740315
-64.6332525157
-64.5511311891
-64.6834873535
-64.9401181403
-65.2627593411
-65.6142520835
-65.9713393262
-66.3198803609
-66.6872685913
-66.6847925765
-66.7938138817
-66.9660995355
-67.1706009432
-67.3876150897
-67.6049030747
-67.8151124298
-67.072595292
-67.3653195381
-67.6287767678
-67.86589188
-68.0792978847
-68.2713648913
-68.4442262656
-68.5998022146
-67.798348707
-67.3908649789
-67.2333459094
-68.2137147408
-68.8614788816
-69.2880880701
-69.5677839808
-69.7500087279
-69.8676766185
-68.9687004272
-68.4636913648
-68.2118962152
-68.1204225849
-68.1281909873
-68.1952456624
-68.2956369455
-68.4126838171
-68.5358224795
-61.6585115949
-57.8101746777
-55.9075000381
-55.2356452531
-55.3246775403
-55.8672743279
-56.6639232563
-57.5864485047
-58.5537487036
-59.5156705329
-60.4423012793
-61.3168696845
-63.1310308039
-64.4484931154
-65.4240207318
-59.1778555517
0
-70.0
-70.0
-70.0
-70.0
-63.0
-59.0333333333
-57.0188888889
-56.2429259259
0
-70.0
-70.0
-70.0
-70.0
-69.0781893004
-68.555829904
-68.2905532693
-68.1883688462
-68.1874458975
-61.3687013077
-55.231831177
0
-70.0
-70.0
-70.0
-70.0
-68.2592592593
-67.2728395062
-66.7718930041
-66.5789286694
-66.5771857796
-66.6902338531
-60.0504742995
-56.398269424
-54.660337518
-54.128900457
-54.3390748719
-54.9872103585
0
-70.0
-70.0
-70.0
-70.0
-69.0785276202
-67.5568110312
-66.7252207102
-66.3354258272
-59.405787434
0
-70.0
-70.0
-70.0
-70.0
-68.3210052553
-67.3695748999
-66.8863975234
-60.1099714909
-56.3737834884
-54.586277904
0
-70.0
-70.0
-70.0
-70.0
-65.8888890924
-63.5592595781
-61.8206176613
-61.0500785892
-60.8860858596
-61.0914873599
-60.7092095456
-60.7895358722
-61.144747139
-54.7339761341
0
-70.0
-70.0
-70.0
-70.0
-69.3854595336
-69.037219936
-68.8603688462
-61.9743319616
-59.0224406036
-57.6172244353
-57.1868539198
-57.3557364799
-57.8785414666
-59.4645858336
-60.767392926
-61.8568307506
-55.9640184844
0
-70.0
-70.0
-70.0
-70.0
-68.6429955168
-67.8740263097
-67.4835105751
-60.7427777594
-56.0069715479
0
-70.0
-70.0
-70.0
-70.0
-68.9240907821
-68.3144088919
-68.0047861281
-67.8855195988
-67.8844423613
-67.9543146068
-68.0644274672
-61.2189926796
-58.4044144501
-57.1021870307
-56.7507776781
-56.9815728105
-57.553997463
-58.3123190057
-59.1569012978
-60.0250872965
-54.0605820499
0
-70.0
