-62.0
-57.4666666667
-55.1644444444
-54.2776296296
-54.2696197531
0
-70.0
-70.0
-70.0
-70.0
-70.0
-70.0
-70.0
-70.0
-70.0
-64.2839835391
-61.0449075446
-59.3999650297
-58.7663340198
-58.7606109465
0
-70.0
-70.0
-70.0
-70.0
-70.0
-70.0
-70.0
-70.0
-70.0
-64.7031476909
-61.7015980491
-60.1772816623
-59.5901157749
-59.5848123833
0
-70.0
-70.0
-70.0
-70.0
-70.0
-70.0
-70.0
-70.0
-70.0
-64.0420173754
-60.6658272215
-58.9512522217
-58.2907988145
-58.2848334763
-70.0
-70.0
-70.0
-70.0
-70.0
-69.1791209047
-68.7139560841
-68.4777253222
-68.3867293544
-68.3859074619
-61.4927153533
-57.6403762431
-55.7409602355
-56.3326880543
-70.0
-70.0
-70.0
-70.0
-70.0
-70.0
-66.7332401693
-64.8820762652
-63.9419753806
-63.5798490038
-63.5765782109
-56.8422277372
0
-70.0
-70.0
-70.0
-70.0
-70.0
-70.0
-70.0
-70.0
-66.3460548697
-64.2754859625
-63.2239617528
-62.8189151685
-62.8152567123
-56.106051024
0
-70.0
-70.0
-70.0
-70.0
-70.0
-70.0
-70.0
-70.0
-68.0401028807
-66.929494513
-66.3654796754
-66.1482214502
-66.1462591335
-59.3270377147
-55.591270273
0
-70.0
-70.0
-70.0
-70.0
-70.0
-70.0
-70.0
-66.8286917741
-65.0316171128
-64.1189850789
-63.7674396893
-63.7642644659
-57.0237151253
0
-70.0
-70.0
-70.0
-70.0
-70.0
-70.0
-70.0
-70.0
-65.9204718793
-63.6087392775
-62.4347417406
-61.9825184937
-61.9784339292
-55.2968666685
0
-70.0
-70.0
-70.0
-70.0
-70.0
-70.0
-70.0
-70.0
-66.4239533608
-64.3975269319
-63.3684201768
-62.9720087845
-62.968428323
-56.2541637111
0
-70.0
-70.0
-70.0
-70.0
-70.0
-70.0
-70.0
-70.0
-68.1351646091
-67.0784245542
-66.5417663695
-66.335045913
-66.3331787753
-59.5077838093
-55.7622873693
0
-70.0
-70.0
-70.0
-70.0
-70.0
-70.0
-70.0
-69.8026296296
-69.6907864198
-69.6339876132
-69.6121087421
-69.6119111281
-62.6782267978
-58.7620753063
-56.7869819013
-56.2239941282
-70.0
-70.0
-70.0
-70.0
-70.0
-70.0
-65.5661423858
-63.0536230711
-61.7776573799
-61.2861560525
-61.281716721
-54.6231605071
0
-70.0
-70.0
-70.0
-70.0
-70.0
-70.0
-70.0
-70.0
-66.5145651578
-64.5394854138
-63.5364547203
-63.1500878135
-63.1465980757
-56.4264489062
0
-70.0
-70.0
-70.0
-70.0
-70.0
-70.0
-70.0
-70.0
-68.3740699588
-67.4527096022
-66.9848030681
-66.8045657121
-66.8029377747
-59.9620276955
-56.1920807248
-54.3903765183
-54.5650127252
-66.0554306722
-70.0
-70.0
-70.0
-70.0
-70.0
-70.0
-70.0
-70.0
-70.0
-70.0
-63.1504493489
-59.2690373132
-57.297888848
-56.538603474
-63.957751615
-65.5888160904
-68.2568648964
-70.0
-70.0
-70.0
-63.5334841972
-59.8691252423
-58.0082056946
-57.2913804428
-57.2849059437
-67.085913924
-70.0
-70.0
-70.0
-70.0
-69.3242108738
-68.9412637023
-68.7467866094
-68.6718741333
-68.6711975098
-61.7685828945
-57.9013946955
-55.9843686196
-55.3013406867
-55.7706944273
-70.0
-70.0
-70.0
-70.0
-70.0
-70.0
-70.0
-70.0
-70.0
-70.0
-63.1554848368
-59.2769262443
-57.3072268806
-56.5484996998
-56.9368388448
-56.724032778
-70.0
-70.0
-70.0
-70.0
-70.0
-70.0
-70.0
-70.0
-70.0
-63.6858462633
-60.1078258125
-58.2907526816
-57.590817047
-57.584495098
0
-70.0
-70.0
-70.0
-70.0
-70.0
-70.0
-70.0
-70.0
-70.0
-64.9175272062
-62.0374592897
-60.5748365635
-60.0114350424
-60.0063462949
0
-70.0
-70.0
-70.0
-70.0
-70.0
-70.0
-70.0
-70.0
-70.0
-65.8415829904
-63.485146685
-62.2884466789
-61.8274784526
-61.8233149017
-55.1468708835
0
-70.0
-70.0
-70.0
-70.0
-70.0
-70.0
-70.0
-70.0
-67.9457037037
-66.7816024691
-66.1904216461
-65.9626990974
-65.9606422649
-59.1475513657
-55.4214451139
0
-70.0
-70.0
-70.0
-70.0
-70.0
-70.0
-70.0
-66.5726537071
-64.6304908079
-63.644176708
-63.2642490245
-63.2608174469
-56.5368958612
0
-70.0
-70.0
-70.0
-70.0
-70.0
-70.0
-70.0
-70.0
-66.420877915
-64.3927087334
-63.3627169334
-62.9659646223
-62.9623810815
-56.2483161967
0
-70.0
-70.0
-70.0
-70.0
-70.0
-70.0
-70.0
-70.0
-67.129739369
-65.5032583448
-64.6772611187
-64.3590874125
-64.3562136083
-57.5961134813
0
-70.0
-70.0
-70.0
-70.0
-70.0
-70.0
-70.0
-70.0
-69.0831687243
-68.5636310014
-68.2997873342
-68.1981548895
-68.1972369263
-61.3102761933
-57.4677572137
-55.5799872521
-55.1444691742
-58.7379462576
-70.0
-70.0
-70.0
-70.0
-70.0
-70.0
-70.0
-70.0
-70.0
-70.0
-63.3638759993
-59.6034057322
-57.6936767142
-56.9580500796
-57.170956293
0
-70.0
-70.0
-70.0
-70.0
-70.0
-70.0
-70.0
-70.0
-70.0
-64.6913775339
-61.6831581365
-60.1554545601
-59.566983929
-59.5616687526
0
-70.0
-70.0
-70.0
-70.0
-70.0
-70.0
-70.0
-70.0
-70.0
-65.4959487883
-62.9436531017
-61.647487253
-61.1482048353
-61.1436952235
-54.4896975581
0
-70.0
-70.0
-70.0
-70.0
-70.0
-70.0
-70.0
-70.0
-67.3931248285
-65.9158955647
-65.1656948209
-64.8767178806
-64.8741077871
-58.0969027471
-54.4273496315
0
-70.0
-70.0
-70.0
-70.0
-70.0
-70.0
-70.0
-69.9024238683
-69.847130727
-69.8190504847
-69.8082339898
-69.8081362932
-62.8679710745
-58.9416062408
-56.9544004659
-56.1969303188
-56.6714203929
-70.0
-70.0
-70.0
-70.0
-70.0
-70.0
-70.0
-70.0
-70.0
-70.0
-63.1724856416
-59.3035608384
-57.3387539286
-56.5819113185
-57.0484105317
0
-70.0
-70.0
-70.0
-70.0
-70.0
-70.0
-70.0
-70.0
-70.0
-65.9894759945
-63.7168457247
-62.5627060387
-62.1181320258
-62.1141165505
-55.4280679894
0
-70.0
-70.0
-70.0
-70.0
-70.0
-70.0
-70.0
-70.0
-66.4541289438
-64.4448020119
-63.424379119
-63.031312746
-63.0277624973
-56.3115382073
0
-70.0
-70.0
-70.0
-70.0
-70.0
-70.0
-70.0
-70.0
-67.5810150892
-66.210256973
-65.5141268709
-65.2459779139
-65.2435559426
-58.4541488375
-54.7653662798
0
-70.0
-70.0
-70.0
-70.0
-70.0
-70.0
-70.0
-70.0
-70.0
-70.0
-70.0
-70.0
-63.0737485139
-59.1488726718
-57.1556514109
-56.3878636072
-56.8788232047
-70.0
-70.0
-70.0
-70.0
-70.0
-70.0
-70.0
-70.0
-70.0
-70.0
-63.129828778
-59.2367317523
-57.259649145
-56.4980779426
-56.4911992896
-58.8149900412
-70.0
-70.0
-70.0
-70.0
-70.0
-70.0
-70.0
-70.0
-70.0
-64.1281293067
-60.8007359139
-59.1109420144
-58.4600342742
-58.4541551543
0
-70.0
-70.0
-70.0
-70.0
-70.0
-70.0
-70.0
-70.0
-70.0
-66.8456954733
-65.0582562414
-64.1505174943
-63.8008569962
-63.7976987975
-57.056045194
0
-70.0
-70.0
-70.0
-70.0
-70.0
-70.0
-70.0
-70.0
-67.9218134431
-66.7441743941
-66.146118485
-65.9157476567
-65.9136669044
-59.1021274987
-55.3784662719
0
-70.0
-70.0
-70.0
-70.0
-70.0
-70.0
-70.0
-70.0
-70.0
-70.0
-70.0
-70.0
-63.0713429186
-59.1451039058
-57.1511903679
-56.3831358996
-56.9001407706
-70.0
-70.0
-70.0
-70.0
-70.0
-70.0
-70.0
-70.0
-70.0
-70.0
-63.6056788091
-59.9822301343
-58.1420865916
-57.4332642462
-57.4268620308
0
-70.0
-70.0
-70.0
-70.0
-70.0
-70.0
-70.0
-70.0
-70.0
-65.2602780064
-62.5744355434
-61.2104488808
-60.6850419205
-60.680296347
-54.0416037337
0
-70.0
-70.0
-70.0
-70.0
-70.0
-70.0
-70.0
-70.0
-66.3415939643
-64.2684972108
-63.2156892516
-62.8101481678
-62.8064852452
-56.0975692592
0
-70.0
-70.0
-70.0
-70.0
-70.0
-70.0
-70.0
-70.0
-69.7480658436
-69.605303155
-69.5328021033
-69.5048747356
-69.5046224904
-62.5744816693
-58.6639144543
-56.6954436436
-55.957846369
-70.0
-70.0
-70.0
-70.0
-70.0
-70.0
-69.3603787056
-68.9979266388
-68.813857844
-68.7429546391
-68.7423142281
-61.837350783
-57.9664610232
-56.0450451331
-55.3573607614
-58.360428182
-70.0
-70.0
-70.0
-70.0
-70.0
-70.0
-70.0
-70.0
-70.0
-70.0
-63.5038057462
-59.8226290023
-57.9531686559
-57.2330534929
-57.2265492786
0
-70.0
-70.0
-70.0
-70.0
-70.0
-70.0
-70.0
-70.0
-70.0
-66.0805596708
-63.8595434842
-62.7316156561
-62.2971384374
-62.2932141583
-55.6012503946
0
-70.0
-70.0
-70.0
-70.0
-70.0
-70.0
-70.0
-70.0
-67.0894677641
-65.4401661637
-64.6025796647
-64.2799417765
-64.277027651
-57.519542863
0
-70.0
-70.0
-70.0
-70.0
-70.0
-70.0
-70.0
-70.0
-68.290340192
-67.3215329675
-66.8295308672
-66.6400119115
-66.638300141
-59.8028276831
-56.0414499522
-54.2499083153
-54.2708142991
-70.0
-70.0
-70.0
-70.0
-70.0
-70.0
-70.0
-70.0
-70.0
-70.0
-70.0
-63.3314582804
-59.5526179726
-57.6335598556
-56.8943396568
-56.8876628823
-70.0
-70.0
-70.0
-70.0
-70.0
-70.0
-70.0
-70.0
-70.0
-70.0
-63.516350301
-59.8422821383
-57.9764318361
-57.2577072602
-57.251215606
0
-70.0
-70.0
-70.0
-70.0
-70.0
-70.0
-70.0
-70.0
-70.0
-65.5276848041
-62.9933728598
-61.7063399312
-61.2105755097
-61.2060976731
-54.5500389912
0
-70.0
-70.0
-70.0
-70.0
-70.0
-70.0
-70.0
-70.0
-68.6139753086
-67.8285613169
-67.4296942112
-67.2760508075
-67.2746630717
-60.4181729368
-56.6236730914
-54.7928507477
-70.0
-70.0
-70.0
-70.0
-70.0
-70.0
-70.0
-67.2315827947
-65.662813045
-64.8661240937
-64.5592399198
-64.5564680848
-57.7897539901
-54.1367337335
0
-70.0
-70.0
-70.0
-70.0
-70.0
-70.0
-70.0
-70.0
-70.0
-70.0
-70.0
-70.0
-63.280246033
-59.4723854516
-57.5385895878
-56.7936924165
-57.3897937145
-70.0
-70.0
-70.0
-70.0
-70.0
-70.0
-70.0
-70.0
-70.0
-70.0
-64.0054307242
-60.6085081345
-58.8834043096
-58.2188952043
-58.2128932343
0
-70.0
-70.0
-70.0
-70.0
-70.0
-70.0
-70.0
-70.0
-70.0
-65.662600823
-63.2047412894
-61.956534193
-61.475725462
-61.471382708
-54.806562241
0
-70.0
-70.0
-70.0
-70.0
-70.0
-70.0
-70.0
-70.0
-67.3924993141
-65.9149155921
-65.1645348392
-64.8754885595
-64.8728778396
-58.0957134222
-54.4262243242
0
-70.0
-70.0
-70.0
-70.0
-70.0
-70.0
-70.0
-70.0
-70.0
-70.0
-70.0
-70.0
-63.2828353401
-59.4764420329
-57.5433913141
-56.7987811724
-70.0
-70.0
-70.0
-70.0
-70.0
-70.0
-70.0
-70.0
-70.0
-70.0
-70.0
-63.0581066604
-59.1243671013
-57.1266444625
-56.3571227304
-56.6590806998
-70.0
-70.0
-70.0
-70.0
-70.0
-70.0
-70.0
-70.0
-70.0
-70.0
-63.7237887641
-60.1672690637
-58.3611149414
-57.6653853032
-57.6591013436
0
-70.0
-70.0
-70.0
-70.0
-70.0
-70.0
-70.0
-70.0
-70.0
-66.5516927298
-64.5976519433
-63.60530574
-63.2230544933
-63.2196019289
-56.4970416016
0
-70.0
-70.0
-70.0
-70.0
-70.0
-70.0
-70.0
-70.0
-68.0472373114
-66.9406717878
-66.3787100808
-66.1622427205
-66.160287547
-59.3406028004
-55.6041051924
0
-70.0
-70.0
-70.0
-70.0
-70.0
-70.0
-70.0
-69.8334320988
-69.7390436214
-69.6911090809
-69.6726447206
-69.6724779471
-62.7367932271
-58.8174892876
-56.8386572809
-56.0900695009
-70.0
-70.0
-70.0
-70.0
-70.0
-70.0
-70.0
-70.0
-70.0
-70.0
-70.0
-63.4941344339
-59.8074772797
-57.9352337446
-57.2140464987
-57.2075326012
-70.0
-70.0
-70.0
-70.0
-70.0
-70.0
-70.0
-70.0
-70.0
-70.0
-63.7354973402
-60.1856124997
-58.3828278453
-57.6883961246
-57.682123888
0
-70.0
-70.0
-70.0
-70.0
-70.0
-70.0
-70.0
-70.0
-70.0
-66.0014302698
-63.7355740893
-62.5848745781
-62.1416257187
-62.1376222125
-55.4507973107
0
-70.0
-70.0
-70.0
-70.0
-70.0
-70.0
-70.0
-70.0
-68.8918600823
-68.2639141289
-67.945016086
-67.822176724
-67.821067216
-60.9465305464
-57.1235908597
-55.2590406858
-70.0
-70.0
-70.0
-70.0
-70.0
-70.0
-70.0
-67.6010130207
-66.2415870658
-65.551211924
-65.2852797748
-65.2828778261
-58.492172005
-54.8013427789
0
-70.0
-70.0
-70.0
-70.0
-70.0
-70.0
-70.0
-70.0
-70.0
-70.0
-70.0
-70.0
-63.4269467053
-59.7022165049
-57.8106378346
-57.0820027045
-57.0754215364
-70.0
-70.0
-70.0
-70.0
-70.0
-70.0
-70.0
-70.0
-70.0
-70.0
-64.326034446
-61.1107872987
-59.4779461004
-58.8489765113
-58.8432955409
0
-70.0
-70.0
-70.0
-70.0
-70.0
-70.0
-70.0
-70.0
-70.0
-66.1165797897
-63.9159750038
-62.7984129655
-62.3679286437
-62.3640404291
-55.6697374285
0
-70.0
-70.0
-70.0
-70.0
-70.0
-70.0
-70.0
-70.0
-68.1109657064
-67.0405129401
-66.496890849
-66.2874878993
-66.2855965329
-59.4617731043
-55.718753277
0
-70.0
-70.0
-70.0
-70.0
-70.0
-70.0
-70.0
-70.0
-70.0
-70.0
-70.0
-70.0
-63.3890955647
-59.6429163847
-57.7404449972
-57.0076139981
-70.0
-70.0
-70.0
-70.0
-70.0
-70.0
-70.0
-70.0
-70.0
-70.0
-70.0
-63.1275624724
-59.2331812067
-57.2554464071
-56.4936239805
-56.4867430584
-70.0
-70.0
-70.0
-70.0
-70.0
-70.0
-70.0
-70.0
-70.0
-70.0
-63.8090351717
-60.300821769
-58.5191996684
-57.8329197525
-57.8267211445
0
-70.0
-70.0
-70.0
-70.0
-70.0
-70.0
-70.0
-70.0
-70.0
-67.2218491084
-65.6475636031
-64.8480735132
-64.5401103421
-64.5373287614
-57.7712467967
-54.1192227246
0
-70.0
-70.0
-70.0
-70.0
-70.0
-70.0
-70.0
-70.0
-70.0
-70.0
-70.0
-70.0
-63.0853516232
-59.1670508764
-57.1771687324
-56.4106671549
-70.0
-70.0
-70.0
-70.0
-70.0
-70.0
-70.0
-70.0
-70.0
-70.0
-70.0
-63.2064774657
-59.3568146963
-57.4017898781
-56.6487153246
-70.0
-70.0
-70.0
-70.0
-70.0
-70.0
-70.0
-70.0
-70.0
-70.0
-70.0
-63.6541682961
-60.0581969973
-58.2320076514
-57.5285604555
-57.5222067894
-70.0
-70.0
-70.0
-70.0
-70.0
-70.0
-70.0
-70.0
-70.0
-70.0
-63.764848167
-60.2315954617
-58.4372573231
-57.7460791958
-57.7398363463
0
-70.0
-70.0
-70.0
-70.0
-70.0
-70.0
-70.0
-70.0
-70.0
-66.2663392775
-64.1505982015
-63.0761336158
-62.6622504105
-62.6585121404
-55.9544833826
0
-70.0
-70.0
-70.0
-70.0
-70.0
-70.0
-70.0
-70.0
-69.6259670782
-69.4140150892
-69.3063767261
-69.2649144841
-69.2645399894
-62.3423285686
-58.4442574306
-56.4906061667
-59.9376495696
-70.0
-70.0
-70.0
-70.0
-70.0
-70.0
-69.8852130199
-69.8201670646
-69.7871339225
-69.7744095732
-69.7742946445
-62.8352471416
-58.9106437351
-56.9255269
-56.1702725689
-70.0
-70.0
-70.0
-70.0
-70.0
-70.0
-70.0
-70.0
-70.0
-70.0
-70.0
-63.2623243848
-59.4443082028
-57.5053548868
-56.7584710677
-56.751725074
-70.0
-70.0
-70.0
-70.0
-70.0
-70.0
-70.0
-70.0
-70.0
-70.0
-64.5800164609
-61.5086924554
-59.9489416369
-59.3481264246
-59.3426997498
0
-70.0
-70.0
-70.0
-70.0
-70.0
-70.0
-70.0
-70.0
-70.0
-66.494255144
-64.5076663923
-63.4987909282
-63.1101726188
-63.1066625459
-56.3878323596
0
-70.0
-70.0
-70.0
-70.0
-70.0
-70.0
-70.0
-70.0
-68.7543676269
-68.0485092821
-67.6900439659
-67.5519633106
-67.5507161404
-60.685108576
-56.8762404181
-55.0283781762
-70.0
-70.0
-70.0
-70.0
-70.0
-70.0
-70.0
-69.7322976014
-69.5805995755
-69.5035607741
-69.4738854675
-69.4736174346
-62.5445006428
-58.6355472129
-56.6689902479
-55.9334230606
-70.0
-70.0
-70.0
-70.0
-70.0
-70.0
-70.0
-70.0
-70.0
-70.0
-70.0
-63.3340554414
-59.5566868582
-57.6383761464
-56.8994438477
-56.8927696736
-70.0
-70.0
-70.0
-70.0
-70.0
-70.0
-70.0
-70.0
-70.0
-70.0
-63.947973972
-60.5184925561
-58.7768539547
-58.105975662
-58.0999161644
0
-70.0
-70.0
-70.0
-70.0
-70.0
-70.0
-70.0
-70.0
-70.0
-67.6936954733
-66.3867895748
-65.7230863832
-65.4674282554
-65.4651191036
-58.6683942515
-54.9680795318
0
-70.0
-70.0
-70.0
-70.0
-70.0
-70.0
-70.0
-70.0
-70.0
-70.0
-70.0
-70.0
-63.2345635659
-59.4008162532
-57.4538739905
-56.7039128331
-70.0
-70.0
-70.0
-70.0
-70.0
-70.0
-70.0
-70.0
-70.0
-70.0
-70.0
-63.2896265432
-59.4870815844
-57.555985223
-56.8121278987
-60.0435763958
-70.0
-70.0
-70.0
-70.0
-70.0
-70.0
-70.0
-70.0
-70.0
-70.0
-63.7649929602
-60.2318223043
-58.437525834
-57.7463637573
-57.7401210527
-56.7277707641
-70.0
-70.0
-70.0
-70.0
-70.0
-70.0
-70.0
-70.0
-70.0
-64.4755318044
-61.3449998269
-59.7551806462
-59.1427831162
-59.1372518276
0
-70.0
-70.0
-70.0
-70.0
-70.0
-70.0
-70.0
-70.0
-70.0
-66.8740320073
-65.1026501448
-64.2030660225
-63.8565466816
-63.8534168544
-57.1099230053
0
-70.0
-70.0
-70.0
-70.0
-70.0
-70.0
-70.0
-70.0
-69.6438930041
-69.4420990398
-69.3396193599
-69.3001442399
-69.2997876933
-62.3764121179
-58.4765063687
-56.5206793736
-57.004379438
-70.0
-70.0
-70.0
-70.0
-70.0
-70.0
-70.0
-70.0
-70.0
-70.0
-70.0
-63.3416236731
-59.5685437545
-57.6524110116
-56.9143176654
-60.18575913
-70.0
-70.0
-70.0
-70.0
-70.0
-70.0
-70.0
-70.0
-70.0
-70.0
-63.6955347447
-60.1230044334
-58.3087194321
-57.6098577836
-57.6035455351
-66.3241846002
-70.0
-70.0
-70.0
-70.0
-70.0
-70.0
-70.0
-70.0
-70.0
-64.8623478131
-61.9510115738
-60.4725094445
-59.9029911854
-59.8978471904
0
-70.0
-70.0
-70.0
-70.0
-70.0
-70.0
-70.0
-70.0
-70.0
-67.2275628715
-65.6565151654
-64.8586693695
-64.5513395797
-64.5485637198
-57.7821106889
-54.1295018474
0
-70.0
-70.0
-70.0
-70.0
-70.0
-70.0
-70.0
-70.0
-70.0
-70.0
-70.0
-70.0
-63.2716549307
-59.458926058
-57.5226578658
-56.776808355
-70.0
-70.0
-70.0
-70.0
-70.0
-70.0
-70.0
-70.0
-70.0
-70.0
-70.0
-63.3921745937
-59.6477401968
-57.7461548855
-57.0136652025
-57.4360872108
-70.0
-70.0
-70.0
-70.0
-70.0
-70.0
-70.0
-70.0
-70.0
-70.0
-64.4191731832
-61.2567046537
-59.6506667142
-59.0320217267
-59.0264340099
0
-70.0
-70.0
-70.0
-70.0
-70.0
-70.0
-70.0
-70.0
-70.0
-67.058079561
-65.3909913123
-64.544371986
-64.2182546573
-64.2153091049
-57.4598627456
0
-70.0
-70.0
-70.0
-70.0
-70.0
-70.0
-70.0
-70.0
-69.5419067215
-69.2823205304
-69.1504914647
-69.0997109765
-69.0992523177
-62.1824999875
-58.2930319231
-56.3495833538
-69.5860155617
-70.0
-70.0
-70.0
-70.0
-70.0
-70.0
-68.9617595288
-68.3734232618
-68.0746407262
-67.9595498473
-67.9585103251
-61.0794342099
-57.2493407338
-55.3763066237
-54.7399426035
-70.0
-70.0
-70.0
-70.0
-70.0
-70.0
-70.0
-70.0
-70.0
-70.0
-70.0
-63.438762431
-59.7207278086
-57.8325494415
-57.1052241065
-57.0986547686
-70.0
-70.0
-70.0
-70.0
-70.0
-70.0
-70.0
-70.0
-70.0
-70.0
-64.4218600825
-61.2609141293
-59.6556494197
-59.03730228
-59.0317172535
0
-70.0
-70.0
-70.0
-70.0
-70.0
-70.0
-70.0
-70.0
-70.0
-67.1238463649
-65.4940259717
-64.66633287
-64.3475059133
-64.3446262089
-57.5849087883
0
-70.0
-70.0
-70.0
-70.0
-70.0
-70.0
-70.0
-70.0
-69.7895061728
-69.6702263374
-69.6096508916
-69.5863172611
-69.5861065074
-62.6532744473
-58.738466063
-56.764965497
-61.8414319725
-70.0
-70.0
-70.0
-70.0
-70.0
-70.0
-69.8227868389
-69.7223660476
-69.6713680379
-69.6517236308
-69.6515461988
-62.7165528088
-58.7983383478
-56.8207983929
-56.0735811402
-70.0
-70.0
-70.0
-70.0
-70.0
-70.0
-70.0
-70.0
-70.0
-70.0
-70.0
-63.7986161976
-60.2844987095
-58.4998782597
-57.8124433812
-57.8062343413
-70.0
-70.0
-70.0
-70.0
-70.0
-70.0
-70.0
-70.0
-70.0
-70.0
-63.9915069276
-60.5866941866
-58.8575834024
-58.1915308185
-58.1855149076
0
-70.0
-70.0
-70.0
-70.0
-70.0
-70.0
-70.0
-70.0
-70.0
-67.3860009145
-65.904734766
-65.1524839181
-64.8627172787
-64.8601000525
-58.0833576574
-54.4145336317
-55.4229947044
-70.0
-70.0
-70.0
-70.0
-70.0
-70.0
-70.0
-70.0
-70.0
-70.0
-70.0
-70.0
-63.121347762
-59.2234448272
-57.243921572
-56.4814102332
-57.7765599899
-70.0
-70.0
-70.0
-70.0
-70.0
-70.0
-70.0
-70.0
-70.0
-70.0
-65.0456331757
-62.2381586419
-60.8124019669
-60.2632012297
-60.2582407463
0
-70.0
-70.0
-70.0
-70.0
-70.0
-70.0
-70.0
-70.0
-70.0
-68.2054247828
-67.1884988264
-66.6720599583
-66.4731279722
-66.4713311815
-59.6413733434
-55.8886861957
-54.107451034
-70.0
-70.0
-70.0
-70.0
-70.0
-70.0
-70.0
-70.0
-70.0
-70.0
-70.0
-70.0
-63.2134736219
-59.367775341
-57.4147638611
-56.6624648444
-70.0
-70.0
-70.0
-70.0
-70.0
-70.0
-70.0
-70.0
-70.0
-70.0
-70.0
-63.7351191636
-60.185020023
-58.3821265379
-57.6876528956
-57.6813802803
-70.0
-70.0
-70.0
-70.0
-70.0
-70.0
-70.0
-70.0
-70.0
-70.0
-64.2481085057
-60.9887033255
-59.3334367733
-58.6958289495
-58.6900699569
0
-70.0
-70.0
-70.0
-70.0
-70.0
-70.0
-70.0
-70.0
-70.0
-67.2157622314
-65.6380274958
-64.8367857379
-64.5281478253
-64.5253601502
-57.7596734825
-54.1082723658
-60.6175833872
-70.0
-70.0
-70.0
-70.0
-70.0
-70.0
-70.0
-70.0
-70.0
-70.0
-70.0
-70.0
-63.0560529104
-59.1211495597
-57.1228358973
-56.3530865032
-70.0
