-70.0
-63.0
-59.0333333333
-57.0188888889
-56.2429259259
-56.235917284
-56.690514856
-57.406922904
-58.2565369693
-59.1577541762
-63.8545140709
-70.0
-70.0
-70.0
-70.0
-70.0
-70.0
-70.0
-70.0
-70.0
-70.0
-64.9059549807
-62.0193294698
-60.5533765142
-59.9886921904
-59.9835918565
-60.3144119275
-60.8357569059
-61.4540386628
-62.1098730948
-62.7663779842
-56.5227923611
-64.4547111027
-70.0
-70.0
-70.0
-70.0
-70.0
-70.0
-70.0
-70.0
-65.6079627164
-63.1191415891
-61.8552108597
-61.3683453934
-61.3639479339
-61.6491778604
-62.0986765542
-62.6317532187
-63.1972074435
-63.7632397302
-57.4321418207
-70.0
-70.0
-70.0
-70.0
-70.0
-70.0
-70.0
-70.0
-70.0
-67.218392918
-65.6421489049
-64.8416642002
-64.533317904
-64.5305328628
-64.7111774094
-64.9958582236
-65.3334714381
-65.6915903188
-66.0500753033
-59.51822116
-55.9485013019
-54.2750526771
-67.6036930969
-70.0
-70.0
-70.0
-70.0
-70.0
-70.0
-70.0
-70.0
-70.0
-70.0
-70.0
-70.0
-70.0
-70.0
-70.0
-70.0
-63.1468289616
-59.2633653732
-57.291175041
-56.5314883404
-63.358119527
-70.0
-70.0
-70.0
-70.0
-70.0
-69.6412317924
-69.4379298081
-69.3346842906
-69.2949141704
-69.2945549593
-69.3178542673
-69.3545720432
-69.398116974
-69.4443067
-69.4905436456
-62.6566584008
-58.8011053073
-56.8610699409
-56.1350130564
-62.9916210767
-70.0
-70.0
-70.0
-70.0
-70.0
-70.0
-70.0
-70.0
-70.0
-70.0
-70.0
-70.0
-70.0
-70.0
-70.0
-63.275478985
-59.4649170765
-57.5297493622
-56.7843237549
-56.777590932
-57.2142982072
-68.4756532432
-70.0
-70.0
-70.0
-70.0
-70.0
-70.0
-70.0
-70.0
-70.0
-70.0
-70.0
-70.0
-70.0
-63.2502382362
-59.4253732368
-57.4829417959
-56.7347182048
-56.72796011
-57.9807109343
-70.0
-70.0
-70.0
-70.0
-70.0
-70.0
-70.0
-70.0
-70.0
-70.0
-70.0
-70.0
-70.0
-70.0
-63.4720364614
-59.7728571228
-57.8942542822
-57.1706174352
-57.1640814124
-57.5880237517
-58.2561216969
-67.3763508679
-70.0
-70.0
-70.0
-70.0
-70.0
-70.0
-70.0
-70.0
-70.0
-70.0
-70.0
-70.0
-63.5343315342
-59.870452737
-58.009777034
-57.2930457112
-57.2865720604
-57.7064688012
-58.368191219
-59.1529516291
-65.8959002036
-70.0
-70.0
-70.0
-70.0
-70.0
-70.0
-70.0
-70.0
-70.0
-70.0
-70.0
-63.6198486048
-60.0044294809
-58.1683636905
-57.4611120933
-57.4547240652
-57.8690671128
-58.5220373709
-59.2964182801
-60.117832883
-70.0
-70.0
-70.0
-70.0
-70.0
-70.0
-70.0
-70.0
-70.0
-70.0
-70.0
-64.604277618
-61.5467016016
-59.993932605
-59.3958067869
-59.3904044031
-59.7408161594
-60.2930360079
-60.9479333834
-61.6426073625
-62.3379915046
-64.4592621722
-70.0
-70.0
-70.0
-70.0
-70.0
-70.0
-70.0
-70.0
-70.0
-64.3136050675
-61.0913146058
-59.4548965086
-58.8245491
-58.8188556848
-59.1881444462
-59.7701128882
-60.4602901904
-61.1923868987
-62.739578668
-70.0
-70.0
-70.0
-70.0
-70.0
-70.0
-70.0
-70.0
-70.0
-70.0
-63.9731895951
-60.5579970324
-58.823614927
-58.1555318329
-58.1494975819
-58.5408937787
-59.1577017041
-59.8891964025
-60.6651200082
-61.441836838
-55.5553056783
0
-70.0
-70.0
-70.0
-70.0
-70.0
-70.0
-70.0
-70.0
-70.0
-70.0
-70.0
-70.0
-70.0
-70.0
-70.0
-70.0
-70.0
-70.0
-63.1439744796
-59.2588933514
-57.2858815628
-56.5258784375
-65.4930398909
-70.0
-70.0
-70.0
-70.0
-70.0
-69.7371123376
-69.5881426623
-69.512489435
-69.4833478508
-69.4830846386
-69.5001572233
-69.5270622
-69.5589697794
-69.5928153344
-69.6266954895
-62.7808577757
-58.9139932216
-56.9634080484
-56.6386823511
-70.0
-70.0
-70.0
-70.0
-70.0
-70.0
-70.0
-70.0
-70.0
-70.0
-70.0
-70.0
-70.0
-70.0
-70.0
-70.0
-63.1994761761
-59.3458460092
-57.3888063754
-56.634955716
-56.6281467964
-65.3982981714
-70.0
-70.0
-70.0
-70.0
-70.0
-70.0
-70.0
-70.0
-70.0
-70.0
-70.0
-70.0
-70.0
-70.0
-63.4246116646
-59.6985582746
-57.8063076314
-57.0774136578
-57.0708301517
-57.4978523763
-58.1708039652
-67.4993230673
-70.0
-70.0
-70.0
-70.0
-70.0
-70.0
-70.0
-70.0
-70.0
-70.0
-70.0
-70.0
-63.4142738979
-59.6823624401
-57.7871368174
-57.0570968832
-57.0505030266
-57.4781966117
-58.1522062091
-70.0
-70.0
-70.0
-70.0
-70.0
-70.0
-70.0
-70.0
-70.0
-70.0
-70.0
-70.0
-70.0
-63.5891086986
-59.9562702945
-58.1113582422
-57.4006990694
-57.3942802634
-57.8106196377
-58.466735941
-59.2448478583
-70.0
-70.0
-70.0
-70.0
-70.0
-70.0
-70.0
-70.0
-70.0
-70.0
-70.0
-70.0
-64.0063607102
-60.6099651127
-58.8851289171
-58.2207229025
-58.2147218636
-58.6039638449
-59.2173769055
-59.9448455116
-60.7164984916
-70.0
-70.0
-70.0
-70.0
-70.0
-70.0
-70.0
-70.0
-70.0
-70.0
-70.0
-64.1525447692
-60.8389868051
-59.1562191331
-58.5080178921
-58.5021632178
-58.8819116393
-59.4803636376
-60.1900893819
-60.9429218492
-61.6965239345
-60.6730304083
-70.0
-70.0
-70.0
-70.0
-70.0
-70.0
-70.0
-70.0
-70.0
-66.1381031684
-63.9496949638
-62.8383268756
-62.4102284601
-62.4063617955
-62.6571630702
-63.0524050661
-63.5211367613
-64.0183378865
-64.5160472987
-58.1188620788
-54.6765888775
-61.6412969109
-70.0
-70.0
-70.0
-70.0
-70.0
-70.0
-70.0
-66.4563832237
-64.4483337171
-63.4285595559
-63.035743074
-63.0321950824
-63.2623264513
-63.624994391
-64.0550953417
-64.5113194008
-64.9680098562
-58.5311478437
-55.051325708
-70.0
-70.0
-70.0
-70.0
-70.0
-70.0
-70.0
-70.0
-67.9926269199
-66.8551155079
-66.2774381438
-66.0549171205
-66.0529072692
-66.1832711161
-66.3887137203
-66.6323554922
-66.8907953723
-67.1494994546
-60.5211292982
-56.8600695611
-55.1014314002
-62.8711376859
-70.0
-70.0
-70.0
-70.0
-70.0
-70.0
-69.6545167026
-69.4587428341
-69.3593204186
-69.3210229553
-69.3206770455
-69.3431135981
-69.378471743
-69.4204042385
-69.4648835946
-69.5094084217
-62.67386708
-58.8167467057
-56.8752495909
-56.1478430023
-64.8824329331
-70.0
-70.0
-70.0
-70.0
-70.0
-70.0
-70.0
-70.0
-70.0
-70.0
-70.0
-70.0
-70.0
-70.0
-70.0
-63.2045902831
-59.3538581102
-57.3982902028
-56.6450064515
-56.6382026524
-70.0
-70.0
-70.0
-70.0
-70.0
-70.0
-70.0
-70.0
-70.0
-70.0
-70.0
-70.0
-70.0
-70.0
-70.0
-63.2674951664
-59.4524090941
-57.5149438142
-56.7686331858
-56.7618923692
-57.1991181337
-66.2161732699
-70.0
-70.0
-70.0
-70.0
-70.0
-70.0
-70.0
-70.0
-70.0
-70.0
-70.0
-70.0
-70.0
-63.2644486258
-59.4476361804
-57.5092941739
-56.7626458308
-56.7559019639
-57.1933255783
-70.0
-70.0
-70.0
-70.0
-70.0
-70.0
-70.0
-70.0
-70.0
-70.0
-70.0
-70.0
-70.0
-70.0
-63.5154930149
-59.8409390567
-57.9748420465
-57.2560224389
-57.2495299263
-57.6706500879
-58.3343005153
-59.1213474212
-70.0
-70.0
-70.0
-70.0
-70.0
-70.0
-70.0
-70.0
-70.0
-70.0
-70.0
-70.0
-64.3291255295
-61.1156299962
-59.483678343
-58.8550514064
-58.8493735308
-59.2176543545
-59.7980343702
-60.4863279006
-61.2164264221
-61.947271321
-67.7484613682
-70.0
-70.0
-70.0
-70.0
-70.0
-70.0
-70.0
-70.0
-70.0
-64.1708743302
-60.8677031172
-59.1902102856
-58.5440409104
-58.5382045883
-58.9167626421
-59.5133387196
-60.2208397421
-60.9713123643
-66.2946536051
-70.0
-70.0
-70.0
-70.0
-70.0
-70.0
-70.0
-70.0
-70.0
-70.0
-65.3040909296
-62.6430757897
-61.2916975128
-60.7711472962
-60.7664455897
-61.0714097128
-61.5520078629
-62.1219664909
-62.7265427847
-63.3317371348
-57.0385198831
-61.7250278865
-70.0
-70.0
-70.0
-70.0
-70.0
-70.0
-70.0
-70.0
-65.7928233339
-63.4087565565
-62.1980246048
-61.7316512803
-61.7274389096
-62.0006635235
-62.4312428411
-62.9418823369
-63.4835366232
-64.0257446409
-57.6716020062
-54.2700630252
-60.2564348978
-70.0
-70.0
-70.0
-70.0
-70.0
-70.0
-70.0
-66.0935166651
-63.8798427754
-62.7556436823
-62.3226027704
-62.3186914643
-62.5723882984
-62.9721934556
-63.4463367681
-63.9492781967
-64.4527337806
-58.0611067143
-54.6240935841
0
-70.0
-70.0
-70.0
-70.0
-70.0
-70.0
-70.0
-70.0
-70.0
-70.0
-70.0
-70.0
-70.0
-70.0
-70.0
-70.0
-70.0
-63.2275988302
-59.389904834
-57.4409582751
-56.690225064
-56.6834443018
-65.4505941845
-70.0
-70.0
-70.0
-70.0
-70.0
-70.0
-70.0
-70.0
-70.0
-70.0
-70.0
-70.0
-70.0
-70.0
-63.1981624942
-59.3437879075
-57.3863702253
-56.6323739418
-56.6255637069
-61.7718168511
-70.0
-70.0
-70.0
-70.0
-70.0
-70.0
-70.0
-70.0
-70.0
-70.0
-70.0
-70.0
-70.0
-70.0
-63.159307185
-59.2829145898
-57.314315213
-56.5560117465
-56.5491626084
-56.9934143719
-70.0
-70.0
-70.0
-70.0
-70.0
-70.0
-70.0
-70.0
-70.0
-70.0
-70.0
-70.0
-70.0
-70.0
-63.4631256112
-59.7588967909
-57.8777296057
-57.1531049743
-57.1465600297
-57.571081062
-58.2400909793
-67.3607430867
-70.0
-70.0
-70.0
-70.0
-70.0
-70.0
-70.0
-70.0
-70.0
-70.0
-70.0
-70.0
-63.3905675668
-59.6452225213
-57.7431747433
-57.0105069184
-57.0038893262
-57.43312246
-58.1095582583
-63.4838693547
-70.0
-70.0
-70.0
-70.0
-70.0
-70.0
-70.0
-70.0
-70.0
-70.0
-70.0
-70.0
-63.9532878634
-60.5268176526
-58.7867082711
-58.1164190331
-58.1103648559
-58.5030535211
-59.1218982694
-59.8558085095
-60.6342943699
-70.0
-70.0
-70.0
-70.0
-70.0
-70.0
-70.0
-70.0
-70.0
-70.0
-70.0
-65.2355760141
-62.5357357554
-61.1646404084
-60.6364951865
-60.6317248805
-60.9411385342
-61.4287487753
-62.0070232941
-62.6204205623
-63.2344449044
-56.9497687223
-62.7310442517
-70.0
-70.0
-70.0
-70.0
-70.0
-70.0
-70.0
-70.0
-65.0547307572
-62.2524115196
-60.8292729263
-60.2810806729
-60.2761292984
-60.597287497
-61.1034061663
-61.7036304957
-62.3403107435
-62.9776418674
-56.7155098555
-70.0
-70.0
-70.0
-70.0
-70.0
-70.0
-70.0
-70.0
-70.0
-65.9952204182
-63.7258453218
-62.5733587533
-62.1294215204
-62.1254117966
-62.3854922358
-62.7953574248
-63.2814312907
-63.7970279006
-64.3131516031
-57.9337781473
-54.5083614689
-66.2302485133
-70.0
-70.0
-70.0
-70.0
-70.0
-70.0
-70.0
-68.1014813927
-67.0256541819
-66.479302716
-66.2688484126
-66.2669475502
-66.3902421144
-66.5845441157
-66.814973846
-67.0593992227
-67.3040744746
-60.6621345193
-56.9882327288
-55.2176172303
-70.0
-70.0
-70.0
-70.0
-70.0
-70.0
-70.0
-68.8236523024
-68.1570552737
-67.8185285474
-67.6881282267
-67.6869504267
-67.7633453991
-67.883737536
-68.0265149002
-68.1779641554
-68.3295682367
-61.5976024536
-57.838502902
-55.9884264077
-55.3454329641
-60.5742944434
-70.0
-70.0
-70.0
-70.0
-70.0
-70.0
-70.0
-70.0
-70.0
-70.0
-70.0
-70.0
-70.0
-70.0
-70.0
-63.2754987692
-59.4649480718
-57.529786051
-56.7843626367
-56.7776298337
-57.214335824
-66.4218398074
-70.0
-70.0
-70.0
-70.0
-70.0
-70.0
-70.0
-70.0
-70.0
-70.0
-70.0
-70.0
-70.0
-63.3034410512
-59.5087243135
-57.5816034605
-56.8392775
-56.8325726737
-57.2674640221
-70.0
-70.0
-70.0
-70.0
-70.0
-70.0
-70.0
-70.0
-70.0
-70.0
-70.0
-70.0
-70.0
-70.0
-63.4383101823
-59.7200192856
-57.8317107713
-57.1043353038
-57.0977655131
-57.5238981216
-58.1954477493
-67.3201328299
-70.0
-70.0
-70.0
-70.0
-70.0
-70.0
-70.0
-70.0
-70.0
-70.0
-70.0
-70.0
-63.5842099712
-59.9485956215
-58.1022738243
-57.3910716185
-57.3846479077
-57.8013054177
-58.4579230764
-59.2366295691
-68.7719277965
-70.0
-70.0
-70.0
-70.0
-70.0
-70.0
-70.0
-70.0
-70.0
-70.0
-70.0
-64.0357383081
-60.6559900161
-58.9396080403
-58.2784585869
-58.2724869619
-58.6598210882
-59.2702275277
-59.9941304738
-60.7620012256
-70.0
-70.0
-70.0
-70.0
-70.0
-70.0
-70.0
-70.0
-70.0
-70.0
-70.0
-64.3541942801
-61.1549043722
-59.5301669483
-58.9043189291
-58.8986661532
-59.2653189493
-59.8431333286
-60.5283841786
-61.2552552159
-61.9828693312
-64.136089814
-70.0
-70.0
-70.0
-70.0
-70.0
-70.0
-70.0
-70.0
-70.0
-64.3387711682
-61.1307414968
-59.5015656441
-58.8740079444
-58.8683397264
-59.235994138
-59.8153869804
-60.5025097865
-61.2313664773
-61.9609682758
-70.0
-70.0
-70.0
-70.0
-70.0
-70.0
-70.0
-70.0
-70.0
-70.0
-65.6096833879
-63.1218373078
-61.8584017494
-61.3717270228
-61.367331286
-61.6524494678
-62.1017720612
-62.6346398819
-63.1998725783
-63.7656831101
-57.4343707017
-54.0544375665
-62.9164683513
-70.0
-70.0
-70.0
-70.0
-70.0
-70.0
-70.0
-70.0
-70.0
-70.0
-70.0
-70.0
-70.0
-70.0
-70.0
-70.0
-70.0
-63.1324362645
-59.2408168144
-57.2644845838
-56.503202426
-64.2769706811
-70.0
-70.0
-70.0
-70.0
-70.0
-69.9630766288
-69.9421533852
-69.9315276594
-69.9274346354
-69.9273976664
-69.9297955628
-69.9335744486
-69.9380559651
-69.9428096761
-69.9475682469
-63.0735618239
-59.1800392426
-57.2045910524
-56.6013931167
-70.0
-70.0
-70.0
-70.0
-70.0
-70.0
-70.0
-70.0
-70.0
-70.0
-70.0
-70.0
-70.0
-70.0
-70.0
-70.0
-63.2246451735
-59.3852774385
-57.4354808829
-56.6844202534
-56.6776365339
-65.4449161887
-70.0
-70.0
-70.0
-70.0
-70.0
-70.0
-70.0
-70.0
-70.0
-70.0
-70.0
-70.0
-70.0
-70.0
-63.1798968798
-59.3151717784
-57.3524976583
-56.5964765976
-56.5896480746
-57.0325626916
-67.302346897
-70.0
-70.0
-70.0
-70.0
-70.0
-70.0
-70.0
-70.0
-70.0
-70.0
-70.0
-70.0
-70.0
-63.331358507
-59.552461661
-57.6333748314
-56.8941435726
-56.8874666982
-57.320545017
-58.0030405076
-70.0
-70.0
-70.0
-70.0
-70.0
-70.0
-70.0
-70.0
-70.0
-70.0
-70.0
-70.0
-70.0
-63.6946884168
-60.1216785197
-58.3071499641
-57.6081944986
-57.6018814026
-58.011364165
-58.6566750169
-59.4219723608
-68.5610008782
-70.0
-70.0
-70.0
-70.0
-70.0
-70.0
-70.0
-70.0
-70.0
-70.0
-70.0
-63.5858513502
-59.9511671153
-58.1053176706
-57.3942974147
-57.3878753473
-57.804426262
-58.4608759354
-60.0537298492
-70.0
-70.0
-70.0
-70.0
-70.0
-70.0
-70.0
-70.0
-70.0
-70.0
-70.0
-70.0
-63.3898899398
-59.6441609057
-57.7419181217
-57.0091751806
-57.0025569099
-57.4318340505
-67.7707142557
-70.0
-70.0
-70.0
-70.0
-70.0
-70.0
-70.0
-70.0
-70.0
-70.0
-70.0
-70.0
-70.0
-63.1588684696
-59.282227269
-57.3135016396
-56.5551495407
-56.5482999634
-64.8135377856
-70.0
-70.0
-70.0
-70.0
-70.0
-70.0
-70.0
-70.0
-70.0
-70.0
-70.0
-70.0
-70.0
-70.0
-63.4055921277
-59.668761
-57.7710369568
-57.0400346323
-57.0334320831
-57.4616894842
-66.4641902159
-70.0
-70.0
-70.0
-70.0
-70.0
-70.0
-70.0
-70.0
-70.0
-70.0
-70.0
-70.0
-70.0
-63.2868892393
-59.4827931416
-57.5509090449
-56.8067482854
-56.8000268869
-57.2359931515
-63.62959971
-70.0
-70.0
-70.0
-70.0
-70.0
-70.0
-70.0
-70.0
-70.0
-70.0
-70.0
-70.0
-70.0
-63.6250670738
-60.0126050822
-58.1780410513
-57.471367931
-57.4649851277
-57.8789892749
-58.531425454
-59.3051729797
-69.163587483
-70.0
-70.0
-70.0
-70.0
-70.0
-70.0
-70.0
-70.0
-70.0
-70.0
-70.0
-63.5974355536
-59.9693157007
-58.1267999322
-57.4170638067
-57.4106533379
-57.8264519453
-58.4817160449
-59.2588173032
-70.0
-70.0
-70.0
-70.0
-70.0
-70.0
-70.0
-70.0
-70.0
-70.0
-70.0
-70.0
-64.2207481855
-60.9458388239
-59.2826985795
-58.6420578135
-58.6362714268
-59.0115905473
-59.6030623346
-60.3045099959
-61.0485615928
-68.0706896376
-70.0
-70.0
-70.0
-70.0
-70.0
-70.0
-70.0
-70.0
-70.0
-70.0
-63.9104799028
-60.4597518477
-58.7073232863
-58.0322887067
-58.0261916686
-58.4216603902
-59.0448862768
-59.7839922662
-60.567989451
-61.3527881135
-62.1101922609
-70.0
-70.0
-70.0
-70.0
-70.0
-70.0
-70.0
-70.0
-70.0
-64.5801465084
-61.5088961965
-59.9491828027
-59.3483820064
-59.3429554618
-59.6949343529
-60.2496238758
-60.9074501271
-61.6052308736
-62.303724959
-56.100754621
-70.0
-70.0
-70.0
-70.0
-70.0
-70.0
-70.0
-70.0
-70.0
-67.4781432389
-66.0490910742
-65.3233567396
-65.0438042475
-65.0412792774
-65.205054986
-65.4631519117
-65.7692383367
-66.0939155805
-66.4189247407
-59.8546901216
-56.2543263461
-58.0739880975
-70.0
-70.0
-70.0
-70.0
-70.0
-70.0
-70.0
-65.9656149325
-63.6794633943
-62.5184570249
-62.0712379691
-62.0671986033
-62.329201697
-62.74209683
-63.2317640155
-63.7511721929
-64.2711113596
-57.8954285237
-55.287851179
-70.0
-70.0
-70.0
-70.0
-70.0
-70.0
-70.0
-70.0
-64.9136156493
-62.0313311839
-60.5675827986
-60.0037476741
-59.9986550102
-60.3289775782
-60.8495385331
-61.4668904883
-62.1217386451
-64.4401955258
-70.0
-70.0
-70.0
-70.0
-70.0
-70.0
-70.0
-70.0
-70.0
-70.0
-63.82248434
-60.3218921326
-58.5441404038
-57.859351353
-57.8531662108
-58.2543495851
-58.8865812902
-59.6363676035
-60.4316938048
-69.2766124897
-70.0
-70.0
-70.0
-70.0
-70.0
-70.0
-70.0
-70.0
-70.0
-70.0
-65.1055667226
-62.3320545321
-60.9235454001
-60.3809884075
-60.3760879317
-60.6939447152
-61.1948606281
-61.7889148216
-62.4190501769
-63.0498297176
-64.8316855861
-70.0
-70.0
-70.0
-70.0
-70.0
-70.0
-70.0
-70.0
-70.0
-64.4482087882
-61.3021937682
-59.7045116306
-59.0890852936
-59.0835266484
-59.4440739062
-60.0122664641
-60.68610645
-61.4008735599
-62.1163713738
-61.9136382584
-70.0
-70.0
-70.0
-70.0
-70.0
-70.0
-70.0
-70.0
-70.0
-66.297472169
-64.1993730648
-63.1338678334
-62.7234357668
-62.719728668
-62.9601801197
-63.3391116535
-63.7885001853
-64.2651832982
-64.7423537226
-58.3253015626
-54.8642268812
-61.7945575263
-70.0
-70.0
-70.0
-70.0
-70.0
-70.0
-70.0
-66.0682337184
-63.8402328255
-62.7087578622
-62.2729142888
-62.2689776685
-62.5243164407
-62.926709156
-63.4039211467
-63.9101176362
-64.4168316086
-58.0283563146
-54.7498832744
-70.0
-70.0
-70.0
-70.0
-70.0
-70.0
-70.0
-70.0
-68.1481469863
-67.0987636119
-66.5658414669
-66.360560131
-66.3587059917
-66.4789699751
-66.6684960326
-66.8932617994
-67.1316791995
-67.3703403329
-60.7225830446
-57.0431759034
-55.2674257553
-63.0214776828
-70.0
-70.0
-70.0
-70.0
-70.0
-70.0
-70.0
-70.0
-70.0
-70.0
-70.0
-70.0
-70.0
-70.0
-70.0
-70.0
-63.1292287197
-59.2357916609
-57.2585363702
-56.4968986501
-62.8904810222
-70.0
-70.0
-70.0
-70.0
-70.0
-69.7182492992
-69.5585905687
-69.4775089781
-69.4462763912
-69.4459942926
-69.4642918904
-69.4931273861
-69.5273244373
-69.5635985201
-69.5999096858
-62.7564234384
-58.891784242
-56.9432745828
-56.2093929678
-56.2287508999
-70.0
-70.0
-70.0
-70.0
-70.0
-70.0
-70.0
-70.0
-70.0
-70.0
-70.0
-70.0
-70.0
-70.0
-70.0
-63.2632017312
-59.4456827121
-57.506981877
-56.7601953133
-56.753450198
-57.1909547889
-69.4587864751
-70.0
-70.0
-70.0
-70.0
-70.0
-70.0
-70.0
-70.0
-70.0
-70.0
-70.0
-70.0
-70.0
-63.3341128348
-59.5567767746
-57.6384825793
-56.8995566428
-56.8928825261
-57.3257819719
-65.2436169386
-70.0
-70.0
-70.0
-70.0
-70.0
-70.0
-70.0
-70.0
-70.0
-70.0
-70.0
-70.0
-70.0
-63.6205135342
-60.0054712036
-58.1695967651
-57.4624188766
-57.4560315142
-57.8703313796
-58.5232335862
-59.2975337906
-67.8337720572
-70.0
-70.0
-70.0
-70.0
-70.0
-70.0
-70.0
-70.0
-70.0
-70.0
-70.0
-64.4158616802
-61.2515166323
-59.6445257158
-59.0255136421
-59.0199226097
-59.38257057
-59.9540736605
-60.6318397262
-61.3507713747
-62.0704379846
-65.2031256476
-70.0
-70.0
-70.0
-70.0
-70.0
-70.0
-70.0
-70.0
-70.0
-64.37084934
-61.1809972994
-59.5610528317
-58.9370510567
-58.9314149564
-59.2969861311
-59.8730959648
-60.5563253329
-61.2810521094
-62.0065197716
-70.0
-70.0
-70.0
-70.0
-70.0
-70.0
-70.0
-70.0
-70.0
-70.0
-65.2427208513
-62.5469293337
-61.177890112
-60.6505369086
-60.6457737563
-60.9547234063
-61.4416024162
-62.0190097415
-62.6314871453
-63.2445906828
-56.9590238253
-61.9507973839
-70.0
-70.0
-70.0
-70.0
-70.0
-70.0
-70.0
-70.0
-65.9581225484
-63.6677253259
-62.5045628148
-62.0565132143
-62.0524663469
-62.3149560149
-62.7286179485
-63.2191945104
-63.7395672972
-64.2604720594
-57.8857232241
-54.4646831488
-59.3304060182
-70.0
-70.0
-70.0
-70.0
-70.0
-70.0
-70.0
-66.2172076802
-64.0736253656
-62.985021798
-62.5656922642
-62.5619048017
-62.8075688309
-63.194714954
-63.6538454628
-64.1408622526
-64.6283769181
-58.2213305295
-54.769725012
0
-70.0
-70.0
-70.0
-70.0
-70.0
-70.0
-70.0
-70.0
-70.0
-70.0
-70.0
-70.0
-70.0
-70.0
-70.0
-70.0
-70.0
-63.2114840384
-59.3646583268
-57.4110742889
-56.6585547233
-56.6517578264
-66.2923628881
-70.0
-70.0
-70.0
-70.0
-70.0
-70.0
-70.0
-70.0
-70.0
-70.0
-70.0
-70.0
-70.0
-70.0
-63.4432044068
-59.727686904
-57.8407868388
-57.1139539051
-57.1073890147
-57.53320378
-66.2336703733
-70.0
-70.0
-70.0
-70.0
-70.0
-70.0
-70.0
-70.0
-70.0
-70.0
-70.0
-70.0
-70.0
-63.2667637896
-59.4512632704
-57.5135875165
-56.7671958136
-56.7604542648
-57.1977275267
-63.5199163617
-70.0
-70.0
-70.0
-70.0
-70.0
-70.0
-70.0
-70.0
-70.0
-70.0
-70.0
-70.0
-70.0
-63.6197456815
-60.0042682344
-58.1681728249
-57.4609098184
-57.4545216873
-57.868871419
-58.5218522107
-59.2962456121
-70.0
-70.0
-70.0
-70.0
-70.0
-70.0
-70.0
-70.0
-70.0
-70.0
-70.0
-70.0
-64.0418022283
-60.6654901577
-58.9508532434
-58.2903759867
-58.2844104331
-58.6713507532
-59.2811365868
-60.0043035341
-60.9268457068
-70.0
-70.0
-70.0
-70.0
-70.0
-70.0
-70.0
-70.0
-70.0
-70.0
-70.0
-64.1698259334
-60.8660606289
-59.188266092
-58.5419805001
-58.5361431283
-58.9147692676
-59.5114526422
-60.2190809123
-60.9696885106
-61.7210634525
-69.425606096
-70.0
-70.0
-70.0
-70.0
-70.0
-70.0
-70.0
-70.0
-70.0
-65.8248856972
-63.4589875923
-62.2574824762
-61.7946633241
-61.7904830553
-62.0616254589
-62.4889233857
-62.9956713623
-63.5331977695
-64.0712736882
-57.7131341592
-62.0219668583
-70.0
-70.0
-70.0
-70.0
-70.0
-70.0
-70.0
