-67.93
-66.067
-64.3903
-62.88127
-61.523143
-60.3008287
-59.20074583
-58.210671247
-57.3196041223
-56.5176437101
-55.7958793391
-55.9662914052
-55.8463289313
-55.5561404826
-55.1734893973
-54.7481157662
-55.1312877287
-55.1668146486
-54.9925703122
-54.6982713666
0
-70.0
-70.0
-70.0
-70.0
-67.9676369238
-66.125964514
-64.4600955843
-62.955237707
-61.5971483904
-60.3723898541
-60.0884550705
-59.5584790313
-59.7185441068
-59.4672983485
-59.7976409486
-59.6459251437
-59.2100314893
-58.6181609137
-57.9524332045
-57.2645821389
-56.5863854282
-55.9365878875
-55.3254897668
-55.5779812355
-55.5202100756
-55.2782070438
-55.7537316565
-55.8239220357
-55.6485721953
-55.3317432179
-54.9405877242
0
-70.0
-70.0
-70.0
-70.0
-67.2939632442
-65.0705424159
-63.2108051717
-60.8112693195
-58.9878388308
-57.5708525766
-56.4449657382
-55.5312681105
-54.7753405969
0
-70.0
-70.0
-70.0
-70.0
-67.8103576887
-65.8795603789
-64.9884299804
-63.9308040753
-61.9885350631
-60.400222487
-59.0772275251
-58.7775229638
-58.2817827948
-57.6849459337
-57.0473456192
-56.4065405765
-55.785172865
-56.0161798093
-55.9309113156
-55.6587198421
-55.28344763
-54.8588360484
0
-70.0
-70.0
-70.0
-70.0
-66.7338119665
-64.1929720809
-62.1720357468
-60.5304060882
-59.1710814234
-58.026450577
-57.0487903833
-55.3839012543
-54.1821710685
0
-70.0
-70.0
-70.0
-70.0
-68.0398850976
-66.2391533195
-64.5940758087
-63.0972267753
-61.739209796
-60.509759282
-59.3984303308
-58.3950186157
-57.4898042995
-57.4936822331
-56.4028862522
-55.5116457885
-54.7698466507
-54.1424389464
0
-70.0
-70.0
-70.0
-70.0
-67.9229395411
-66.0559386144
-64.3772067713
-63.6873941063
-62.7939267038
-61.8080487055
-61.6195869497
-61.0958569979
-60.3884237935
-59.5943497445
-58.7747603235
-57.9671813269
-58.0137278846
-57.7511982231
-57.3119738188
-56.7813733822
-56.2136340076
-55.6425359158
-55.0884591969
-54.5630645257
-54.0723922388
-54.4389091253
-54.4875222864
-54.3437727735
-54.0893973067
0
-70.0
-70.0
-70.0
-70.0
-67.9519480327
-66.1013852513
-64.4310014074
-62.9244043875
-61.5662993626
-60.3425597023
-60.0602305826
-59.5321587581
-58.8742437048
-58.160353216
-57.4366738155
-56.7312437147
-55.2402775304
-54.1476885688
0
-70.0
-70.0
-70.0
-70.0
-68.7062305661
-67.2830945535
-65.8297764608
-65.2267930565
-64.3341099121
-63.2973630283
-62.2087361305
-61.1252687874
-60.0810127553
-59.0950920442
-58.1770365494
-57.3303020342
-56.5545845906
-55.8473346381
-56.0247401787
-55.9070254971
-55.6161625049
-55.2311059594
-54.8023685001
-54.3617137412
0
-70.0
-70.0
-70.0
-70.0
-67.1196203756
-63.9774052551
-61.602829341
-59.7679894812
-59.1381525826
-58.432312024
-57.704397288
-56.9875018702
-56.3011145571
-55.6559116841
-55.0569262374
-54.5056374282
-54.8213428951
-54.826721412
0
-70.0
-70.0
-70.0
-70.0
-68.0329366524
-66.2282674221
-64.5811903032
-63.0835710218
-62.5455470855
-61.7812144875
-60.9065744459
-59.994904606
-59.0914058819
-58.2229264513
-57.4044079113
-56.6431498569
-55.9416233624
-55.2993200202
-54.7139606809
-54.1822797213
0
-70.0
-70.0
-70.0
-70.0
-67.9308529039
-66.8883362161
-65.6765483296
-65.2235906533
-64.4210296925
-63.4354587929
-62.3729342933
-61.2996551172
-59.4356991076
-57.9794688649
-56.8164150905
-55.8680356561
-55.0800734736
-54.4146270484
0
-70.0
-70.0
-70.0
-70.0
-68.4689902593
-66.9114180729
-64.5698274919
-62.6558788936
-61.0623137715
-59.7140975726
-58.5580312674
-57.5557904421
-56.6792529322
-55.9073553285
-55.2239715886
-54.6164756251
-54.0747621928
0
-70.0
-70.0
-70.0
-70.0
-68.3644249442
-66.7475990793
-65.1959169243
-62.9150437339
-61.0926850285
-60.4261803043
-59.655404793
-58.8477593264
-58.0449134023
-57.2717087344
-56.5420623092
-55.8628723771
-56.0565960052
-55.1276103153
-54.3759652241
-54.5757793287
-55.3398084804
-55.5968990221
-55.5412567131
-55.2998294372
-54.9549787571
-54.5595690571
-54.1470042686
0
-70.0
-70.0
-70.0
-70.0
-68.7599548635
-66.5472626195
-64.6447385191
-62.9917327749
-61.5435382359
-60.2665035713
-59.1347326535
-58.127845681
-57.2294519748
-56.4261006853
-55.7065532221
-55.06127297
-54.4820623865
0
-70.0
-70.0
-70.0
-70.0
-67.9297293137
-66.0665759247
-64.3897980272
-62.8807380211
-61.5226107501
-60.3003140292
-59.2002588623
-58.2102171334
-57.3191848583
-56.5172593313
-55.7955287041
-55.1459727043
-54.5613733476
-54.035234622
0
-70.0
-70.0
-70.0
-70.0
-67.9299998779
-66.0669998087
-64.3902997736
-62.88126976
-60.7031427599
-58.1961618012
-56.3954344992
-55.8984836347
-55.3803636616
-54.8668128889
-54.3731219957
0
-70.0
-70.0
-70.0
-70.0
-68.7251596507
-68.1327501194
-67.1495460633
-65.1446387608
-63.413539754
-62.7244290248
-61.0434816198
-59.6434637894
-58.4586709649
-57.442506238
-56.5613905273
-56.61067475
-56.3965561252
-56.0315330795
-55.5881348161
-55.1124913642
-54.6333555809
-54.1680955916
0
-70.0
-70.0
-70.0
-70.0
-68.755976456
-67.361029781
-65.92202745
-64.5045584697
-63.1472584659
-61.8713031814
-60.6866865714
-59.5963603863
-59.4189526623
-58.9752096059
-58.3864567852
-57.7303231999
-56.2356322754
-54.2876299782
0
-70.0
-70.0
-70.0
-70.0
-66.9998709184
-64.6097977722
-62.6654272921
-60.2332907609
-59.2295658169
-59.1163453232
-58.7212015162
-58.1700751815
-57.543730208
-56.8931322169
-56.249669015
-55.6319354601
-55.0502308118
-54.5095336624
-54.0114642507
0
-70.0
-70.0
-70.0
-70.0
-67.9320090166
-66.0701474593
-64.3940256096
-62.8852183129
-61.5270933243
-60.3046485538
-59.204360073
-58.2140416487
-57.3227158725
-56.5204965444
-55.7984817294
-55.1486567827
-54.5638065887
-54.8574362526
-55.6683661758
-55.9426452573
-55.8857911976
-55.6321523885
-55.2688973568
-54.8519810925
-54.4167652975
0
-70.0
-70.0
-70.0
-70.0
-67.9405334268
-66.0835023686
-64.4098336548
-62.9019713046
-62.363854851
-61.6055231505
-60.7403400252
-59.8398854825
-58.9482832408
-58.0917124544
-57.2847129008
-56.5343560719
-55.8429967722
-55.2100812999
-54.6333293066
-54.109500467
0
-70.0
-70.0
-70.0
-70.0
-68.1737973413
-66.4489491681
-64.8424086252
-63.360404012
-62.0025211103
-60.7643739989
-59.6393399322
-58.6196748277
-57.6972199374
-57.683839672
-57.3963501904
-57.7739781617
-57.7180890058
-57.4039525454
-56.9453389176
-56.4153261104
-55.860140889
-56.1283583932
-56.0616769493
-54.9762788513
0
-70.0
-70.0
-70.0
-70.0
-66.9660895119
-64.5568735687
-62.6027815505
-60.9869002879
-59.6278081874
-58.4680926541
-57.4666602457
-55.7735787925
0
-70.0
-70.0
-70.0
-70.0
-67.74507464
-65.7772836027
-64.0473661935
-62.5178368749
-61.1595247213
-59.9492199383
-58.8680630707
-58.7204335144
-59.1378413301
-59.0603579752
-57.8685226964
-56.8678041059
-56.8351128148
-56.5643276129
-56.1597122381
-55.6882859385
-55.1924872942
-54.6985918645
-55.0423015445
-54.237117301
-54.4094361782
-54.3425129653
-54.134275272
0
-70.0
-70.0
-70.0
-70.0
-68.1989504398
-66.488355689
-64.8890536489
-63.4098373032
-62.0519795857
-60.812198969
-60.5045906333
-59.9465392775
-59.2568238214
-58.5111004204
-57.7566296991
-56.2020596097
-55.0392489024
-54.1502541812
0
-70.0
-70.0
-70.0
-70.0
-67.7943560094
-65.8544910813
-63.3187557551
-61.3300227009
-59.7357821117
-58.4313783544
-58.1643568216
-57.7086653412
-57.1549616082
-56.5609073148
-55.962444495
-55.3812853199
-54.8298803042
-54.3147079513
0
-70.0
-70.0
-70.0
-70.0
-67.9333198949
-66.0722011686
-63.5764565606
-61.6031279104
-59.1890264566
-57.4109313692
-56.0737099377
-55.0455867475
-54.2371932752
0
-70.0
-70.0
-70.0
-70.0
-67.3020638861
-65.0832334215
-63.2258273621
-61.647189481
-60.2884337697
-59.1068992172
-57.2510818452
-55.8725553604
-54.8263542909
-54.0144218395
0
-70.0
-70.0
-70.0
