-70.0
-63.0
-59.0333333333
-57.0188888889
-56.2429259259
-56.235917284
-55.690514856
-55.506922904
-56.3408621216
-61.4891618557
-70.0
-70.0
-70.0
-68.8968640447
-68.27175367
-67.9542956562
-68.8320109927
-69.3975731615
-69.7569913574
-63.5952830294
-60.1117485983
-58.3512363197
-58.5967415533
-63.2063963424
-70.0
-70.0
-70.0
-70.0
-70.0
-70.0
-70.0
-70.0
-70.0
-64.3778061619
-61.1918963203
-56.3887686862
0
-70.0
-70.0
-70.0
-70.0
-70.0
-70.0
-70.0
-70.0
-70.0
-70.0
-70.0
-70.0
-70.0
-70.0
-70.0
-70.0
-70.0
-70.0
-70.0
-70.0
-70.0
-70.0
-70.0
-70.0
-70.0
-70.0
-70.0
-70.0
-70.0
-70.0
-70.0
-70.0
-70.0
-70.0
-70.0
-70.0
-70.0
-70.0
-70.0
-70.0
-70.0
-70.0
-70.0
-70.0
-70.0
-70.0
-70.0
-70.0
-70.0
-70.0
-70.0
-70.0
-70.0
-70.0
-70.0
-70.0
-63.7095837059
-60.1450144726
-58.3347724502
-57.6374681551
-57.6311699729
-58.0396853978
-67.5682204797
-70.0
-70.0
-70.0
-70.0
-70.0
-70.0
-70.0
-70.0
-65.4029432875
-60.4646111505
-57.8194581632
-56.6383844321
0
-70.0
-70.0
-70.0
-70.0
-70.0
-70.0
-70.0
-70.0
-70.0
-70.0
-70.0
-70.0
-70.0
-70.0
-70.0
-70.0
-70.0
-70.0
-70.0
-70.0
-70.0
-70.0
-70.0
-70.0
-70.0
-70.0
-70.0
-70.0
-69.2834090491
-69.7895493485
-70.0
-70.0
-70.0
-70.0
-70.0
-70.0
-70.0
-70.0
-70.0
-70.0
-70.0
-70.0
-63.6363200277
-60.03023471
-58.1989090291
-57.4934833195
0
-70.0
-70.0
-70.0
-70.0
-70.0
-70.0
-70.0
-70.0
-70.0
-65.1481109542
-63.3109156664
-62.4315679715
-62.7117959777
-63.1228729155
-64.7066678262
-70.0
-70.0
-70.0
-70.0
-70.0
-70.0
-70.0
-70.0
-70.0
-70.0
-63.8437911043
-60.3552727301
-58.5836526146
-58.8997030193
-54.7834085514
-67.6397163933
-70.0
-70.0
-70.0
-70.0
-70.0
-70.0
-70.0
-66.1503073901
-63.9688149111
-58.4165144823
-55.4712504089
0
-70.0
-70.0
-70.0
-70.0
-70.0
-70.0
-70.0
-70.0
-70.0
-67.1210451724
-65.4896374368
-64.6611382142
-65.340985781
-66.2375281283
-66.9008692658
-67.9577338616
-64.8353270442
-70.0
-70.0
-70.0
-70.0
-70.0
-70.0
-70.0
-70.0
-70.0
-70.0
-70.0
-70.0
-70.0
-70.0
-70.0
-70.0
-70.0
-70.0
-70.0
-70.0
-66.4252462205
-64.3995524121
-59.4819288245
-56.8819570444
-55.7592420749
-55.560305024
-54.9396074892
-55.0692020521
-57.0953543219
-69.0075068093
-70.0
-70.0
-70.0
-70.0
-70.0
-70.0
-70.0
-70.0
-70.0
-70.0
-70.0
-64.2818783967
-62.1814832353
-61.5228902528
-64.7540939433
-70.0
-70.0
-70.0
-70.0
-70.0
-70.0
-63.5408992761
-59.8807421992
-58.0219565465
-57.3059532699
-57.5771781133
-55.4610609669
-70.0
-70.0
-70.0
-70.0
-70.0
-68.1676687508
-67.1293477095
-62.7131546056
-59.5038644539
-57.9281615477
-57.3851344191
-57.4798136613
0
-70.0
-70.0
-70.0
-70.0
-70.0
-70.0
-70.0
-70.0
-70.0
-70.0
-70.0
-70.0
-70.0
-70.0
-70.0
-70.0
-70.0
-70.0
-70.0
-70.0
-70.0
-70.0
-70.0
-70.0
-69.5897663929
-69.3573006823
-62.7276739691
-65.610193665
-70.0
-70.0
-70.0
-70.0
-70.0
-70.0
-70.0
-70.0
-70.0
-70.0
-70.0
-70.0
-70.0
-70.0
-70.0
-70.0
-70.0
-70.0
-70.0
-70.0
-64.6777682262
-61.6618368877
-56.2413279661
0
-70.0
-70.0
-70.0
-70.0
-70.0
-70.0
-70.0
-70.0
-70.0
-70.0
-70.0
-70.0
-70.0
-70.0
-70.0
-69.7013568723
-70.0
-70.0
-70.0
-70.0
-70.0
-70.0
-70.0
-70.0
-70.0
-70.0
-70.0
-70.0
-70.0
-70.0
-70.0
-70.0
-70.0
-70.0
-70.0
-67.3121975663
-65.7891095205
-65.015619709
-64.7176718318
-64.7149807111
-64.8895333483
-65.164613819
-65.4908416408
-63.7215328619
-70.0
-70.0
-70.0
-70.0
-70.0
-70.0
-70.0
-70.0
-70.0
-70.0
-70.0
-70.0
-70.0
-70.0
-70.0
-70.0
-70.0
-70.0
-70.0
-70.0
-70.0
-70.0
-70.0
-70.0
-70.0
-70.0
-70.0
-70.0
-70.0
-70.0
-70.0
-70.0
-70.0
-70.0
-70.0
-70.0
-70.0
-70.0
-70.0
-63.9139128501
-60.4651301318
-58.7136894964
-58.7113492173
-68.1850955268
-70.0
-70.0
-70.0
-70.0
-70.0
-70.0
-70.0
-70.0
-69.7722981863
-70.0
-70.0
-70.0
-70.0
-70.0
-70.0
-70.0
-70.0
-70.0
-70.0
-70.0
-70.0
-70.0
-70.0
-70.0
-70.0
-70.0
-70.0
-70.0
-70.0
-70.0
-70.0
-70.0
-70.0
-70.0
-70.0
-70.0
-70.0
-63.7480724983
-60.2053135807
-58.607851827
-63.6291135261
-70.0
-70.0
-70.0
-70.0
-70.0
-70.0
-70.0
-70.0
-70.0
-70.0
-69.0121949512
-68.4524387569
-68.9110446297
-70.0
-70.0
-70.0
-70.0
-70.0
-70.0
-70.0
-70.0
-70.0
-63.7572738352
-60.6209092879
-62.0495788551
-66.6932284903
-70.0
-70.0
-70.0
-70.0
-65.137837889
-62.3826126928
-60.9833904853
-60.4444108113
-60.4395426465
-60.7553036595
-66.4728662767
-70.0
-70.0
-70.0
-70.0
-70.0
-70.0
-70.0
-70.0
-70.0
-70.0
-70.0
-63.4973327262
-59.8124879377
-57.9411648
-57.2203320907
-61.3224948355
-70.0
-70.0
-70.0
-70.0
-70.0
-70.0
-70.0
-70.0
-63.8731806218
-60.4013163074
-58.6381538419
-63.0058513445
-70.0
-70.0
-70.0
-70.0
-70.0
-70.0
-70.0
-70.0
-70.0
-70.0
-70.0
-63.4566198007
-60.4835135473
-61.4704380697
-70.0
-70.0
-70.0
-70.0
-70.0
-70.0
-70.0
-70.0
-63.8460923027
-60.3588779409
-58.5879200591
-57.9057479947
-58.33388803
-64.8875668616
-70.0
-70.0
-70.0
-70.0
-70.0
-67.414348243
-65.9491455807
-65.205052464
-64.9184281784
-63.9158403647
-63.5170929976
-64.4939407906
-65.2635847735
-66.4388072263
-70.0
-70.0
-70.0
-70.0
-70.0
-70.0
-70.0
-70.0
-70.0
-70.0
-70.0
-70.0
-70.0
-70.0
-70.0
-70.0
-70.0
-70.0
-70.0
-70.0
-70.0
-70.0
-70.0
-70.0
-70.0
-70.0
-69.586040358
-70.0
-70.0
-70.0
-70.0
-70.0
-70.0
-70.0
-70.0
-70.0
-70.0
-70.0
-63.4359593343
-59.7163362905
-57.8273512544
-57.1984806231
-57.2478755569
-54.769813439
-62.0746227634
-70.0
-70.0
-70.0
-70.0
-70.0
-70.0
-70.0
-70.0
-64.5132948339
-60.6016927706
-58.5680084403
-57.9757778077
-58.4585335632
-66.0824986876
-70.0
-70.0
-70.0
-70.0
-70.0
-70.0
-70.0
-70.0
-70.0
-70.0
-63.6473750222
-57.7142208681
-54.5638543467
0
-70.0
-70.0
-70.0
-70.0
-70.0
-70.0
-70.0
-70.0
-70.0
-70.0
-70.0
-70.0
-69.9829666406
-69.9733144036
-70.0
-70.0
-70.0
-70.0
-70.0
-70.0
-70.0
-70.0
-70.0
-63.9476838407
-58.1847046838
-54.318291231
0
-70.0
-70.0
-70.0
-70.0
-70.0
-70.0
-70.0
-68.3503752255
-67.4155878533
-66.9408625015
-67.7575474474
-62.7050228827
-59.9166740478
-58.579775612
-59.1256255613
-69.4915767604
-70.0
-70.0
-70.0
-70.0
-70.0
-70.0
-70.0
-65.5311894245
-63.0647070532
-61.8159940619
-61.3395664651
-61.3423910249
-61.6326727265
-63.3623801674
-70.0
-70.0
-70.0
-70.0
-70.0
-70.0
-70.0
-70.0
-70.0
-70.0
-70.0
-69.7073174881
-69.5414640646
-69.813889491
-70.0
-70.0
-70.0
-70.0
-70.0
-70.0
-70.0
-70.0
-70.0
-65.9181644585
-64.308828022
-62.6646191355
-61.9226064991
-61.7466453673
-61.9161805093
-62.2873622442
-67.023591514
-70.0
-70.0
-70.0
-70.0
-70.0
-70.0
-66.0600083362
-63.8273463934
-62.6935043479
-62.2567489757
-62.2528041198
-62.508677069
-64.3580492572
-69.9798185604
-70.0
-70.0
-70.0
-70.0
-70.0
-70.0
-70.0
-70.0
-63.9598006251
-60.5370209793
-54.909896937
-63.0878804004
-70.0
-70.0
-70.0
-70.0
-70.0
-70.0
-70.0
-64.3253243588
-62.1073911706
-61.0397182186
-56.3274201365
0
-70.0
-70.0
-70.0
-70.0
-70.0
-70.0
-70.0
-70.0
-70.0
-70.0
-65.7640178424
-63.3636279531
-62.1446064211
-61.6750399545
-61.6707987427
-61.9458940576
-55.9939619109
0
-70.0
-70.0
-70.0
-70.0
-70.0
-70.0
-70.0
-70.0
-70.0
-70.0
-70.0
-70.0
-63.6675368967
-60.0791411381
-59.7652682793
-61.9784721791
-69.3381795948
-70.0
-70.0
-70.0
-70.0
-70.0
-70.0
-70.0
-70.0
-70.0
-70.0
-70.0
-70.0
-70.0
-70.0
-70.0
-70.0
-70.0
-70.0
-70.0
-70.0
-65.7281910137
-63.3074992547
-62.0781675575
-62.6023459624
-57.5461575226
-55.4831280969
-54.7292061715
-54.7858794773
-60.5572651225
-70.0
-70.0
-70.0
-70.0
-70.0
-70.0
-66.9353626764
-65.1987348597
-65.3090929944
-64.6194629372
-64.9405916939
-65.3019158915
-65.6753132136
-66.0435078331
-61.6005201519
-60.5844040153
-64.641082815
-70.0
-70.0
-70.0
-70.0
-70.0
-66.6352227928
-64.7059289013
-63.7248216029
-63.3453298372
-63.3394571165
-63.5579515802
-63.9037832058
-65.0747871909
-70.0
-70.0
-70.0
-70.0
-70.0
-70.0
-70.0
-70.0
-70.0
-70.0
-70.0
-70.0
-70.0
-70.0
-70.0
-70.0
-70.0
-70.0
-70.0
-70.0
-70.0
-70.0
-70.0
-70.0
-70.0
-70.0
-70.0
-70.0
-70.0
-65.8011251026
-70.0
-70.0
-70.0
-70.0
-70.0
-70.0
-70.0
-70.0
-70.0
-70.0
-69.3280299902
-68.9472469846
-68.7538689485
-68.6793798285
-69.5210928678
-70.0
-70.0
-70.0
-70.0
-70.0
-70.0
-70.0
-70.0
-70.0
-70.0
-70.0
-70.0
-70.0
-70.0
-70.0
-70.0
-70.0
-70.0
-70.0
-70.0
-70.0
-70.0
-70.0
-64.8245759753
-61.8918356946
-56.5135747808
0
-70.0
-70.0
-70.0
-70.0
-70.0
-70.0
-70.0
-70.0
-70.0
-70.0
-70.0
-70.0
-64.4078501516
-61.2389652376
-54.7408392955
0
-70.0
-70.0
-70.0
-70.0
-70.0
-70.0
-70.0
-70.0
-70.0
-70.0
-70.0
-70.0
-70.0
-70.0
-70.0
-70.0
-70.0
-70.0
-70.0
-70.0
-70.0
-70.0
-70.0
-70.0
-65.4594226864
-62.8864288754
-61.5797516262
-61.0764202225
-61.0718740396
-61.6331521019
-63.7645783482
-63.8018158844
-70.0
-70.0
-70.0
-70.0
-66.5692268345
-64.6251220407
-63.6378217631
-64.2315019096
-65.1133266004
-59.7271212279
-56.8378272968
-55.8439889629
-57.9084224723
-67.1300852003
-70.0
-70.0
-70.0
-70.0
-66.6127409631
-64.6932941755
-62.7185186149
-61.7763693247
-61.4852007731
-55.5161369826
0
-70.0
-70.0
-70.0
-70.0
-70.0
-70.0
-70.0
-70.0
-70.0
-70.0
-69.8188146456
-70.0
-70.0
-70.0
-70.0
-70.0
-70.0
-70.0
-70.0
-70.0
-70.0
-64.1383243741
-60.8167081862
-59.1298482005
-57.5678620976
-61.3456851325
-70.0
-70.0
-70.0
-70.0
-70.0
-70.0
-70.0
-70.0
-70.0
-70.0
-63.1934789015
-59.336450279
-57.3776847629
-56.6231692945
-67.4135136726
-70.0
-70.0
-70.0
-70.0
-70.0
-70.0
-70.0
-70.0
-70.0
-70.0
-70.0
-70.0
-63.305962449
-59.5126745035
-61.3879790409
-70.0
-70.0
-70.0
-70.0
-70.0
-70.0
-70.0
-64.1879720798
-59.8960120306
-57.6576356
-57.4129444161
-59.2396394566
-70.0
-70.0
-70.0
-70.0
-70.0
-70.0
-70.0
-70.0
-65.0419778028
-62.2324318911
-60.805623281
-60.256017339
-61.119365953
-61.9333962563
-64.6802021884
-70.0
-70.0
-70.0
-70.0
-70.0
-70.0
-66.5780285116
-64.6389113348
-63.6541439843
-64.2671047611
-64.8259777352
-65.3337689285
-59.4085251466
-54.6755638417
0
-70.0
-70.0
-70.0
-70.0
-70.0
-70.0
-70.0
-70.0
-70.0
-70.0
-70.0
-70.0
-70.0
-70.0
-70.0
-70.0
-70.0
-70.0
-70.0
-70.0
-70.0
-70.0
-70.0
-70.0
-70.0
-70.0
-69.5601463071
-70.0
-70.0
-70.0
-70.0
-70.0
-70.0
-70.0
-70.0
-70.0
-70.0
-70.0
-70.0
-70.0
-70.0
-63.684556503
-60.105805188
-58.2883608927
-60.2346734568
-70.0
-70.0
-70.0
-70.0
-70.0
-70.0
-70.0
-70.0
-70.0
-70.0
-69.6243346599
-69.4114576338
-69.3033494971
-70.0
-70.0
-70.0
-70.0
-70.0
-67.9937444376
-66.8568662855
-66.2795105181
-66.0571133737
-65.0628119879
-64.2974707568
-65.0283502861
-66.4097706083
-70.0
-70.0
-70.0
-70.0
-70.0
-70.0
-70.0
-70.0
-70.0
-70.0
-70.0
-70.0
-70.0
-70.0
-70.0
-70.0
-70.0
-70.0
-70.0
-70.0
-70.0
-70.0
-70.0
-70.0
-70.0
-70.0
-70.0
-70.0
-70.0
-70.0
-70.0
-70.0
-69.4801524425
-69.1855721599
-69.035971585
-68.2746418169
-67.8753558954
-67.1510502571
-67.2178007233
-70.0
-70.0
-70.0
-70.0
-70.0
-70.0
-66.2980836697
-64.2003310825
-63.1350018274
-62.7246375468
-57.1036471096
0
-70.0
-70.0
-70.0
-70.0
-70.0
-70.0
-70.0
-70.0
-70.0
-70.0
-64.5159226206
-61.0749454389
-59.3078609486
-58.6040148895
-58.5615734244
-66.1022108406
-70.0
-70.0
-70.0
-70.0
-70.0
-68.5872600659
-67.7867074365
-67.3801522777
-62.2976215139
-59.5048490051
-57.3107111092
-57.3294131728
-57.2074317496
-57.7623712124
-62.4654368203
-70.0
-70.0
-70.0
-70.0
-70.0
-65.4004909188
-63.7767609095
-63.009964207
-62.0791836748
-61.7847425664
-61.8819198158
-62.4580486645
-70.0
-70.0
-70.0
-70.0
-70.0
-70.0
-70.0
-70.0
-70.0
-70.0
-70.0
-70.0
-70.0
-70.0
-70.0
-70.0
-70.0
-70.0
-70.0
-70.0
-70.0
-70.0
-70.0
-70.0
-70.0
-70.0
-70.0
-70.0
-69.5853845143
-69.350435739
-68.6755630604
-68.3147873512
-70.0
-70.0
-70.0
-70.0
-70.0
-70.0
-70.0
-70.0
-65.4542507071
-61.8898871277
-61.0213053472
-60.7994461006
-60.9730156826
-61.3780569091
-61.908479748
-64.2164885357
-68.9923138087
-70.0
-70.0
-70.0
-70.0
-70.0
-70.0
-70.0
-66.3519657555
-63.3237647927
-62.2849409441
-61.9188152701
-61.9685126901
-63.3608949607
-70.0
-70.0
-70.0
-70.0
-70.0
-70.0
-70.0
-70.0
-70.0
-70.0
-70.0
-63.4765788882
-59.7799735915
-54.5127919287
-55.6986683949
-66.6808454741
-70.0
-70.0
-70.0
-70.0
-70.0
-70.0
-70.0
-70.0
-70.0
-70.0
-70.0
-70.0
-70.0
-70.0
-70.0
-70.0
-70.0
-70.0
-70.0
-70.0
-70.0
-70.0
-70.0
-70.0
-63.800733463
-67.0178677046
-70.0
-70.0
-70.0
-70.0
-70.0
-70.0
-70.0
-69.8036550425
-69.6923928998
-69.6358891843
-68.9104202784
-69.0602868097
-69.5286311677
-70.0
-70.0
-70.0
-70.0
-70.0
-70.0
-70.0
-70.0
-70.0
-70.0
-70.0
-70.0
-70.0
-70.0
-70.0
-70.0
-70.0
-70.0
-70.0
-70.0
-70.0
-70.0
-70.0
-70.0
-70.0
-70.0
-70.0
-70.0
-70.0
-70.0
-70.0
-70.0
-70.0
-70.0
-70.0
-70.0
-70.0
-70.0
-70.0
-70.0
-63.7679768521
-60.2364970682
-58.4430592957
-57.7522279889
-57.9462450969
-61.2661186636
-70.0
-70.0
-70.0
-70.0
-70.0
-70.0
-70.0
-70.0
-64.8374145858
-61.9119495178
-60.4262721597
-60.5576937099
-60.951290183
-63.164371923
-70.0
-70.0
-70.0
-70.0
-70.0
-70.0
-70.0
-70.0
-65.8189093003
-63.4496245705
-62.2463995802
-61.7829179334
-56.1614477302
0
-70.0
-70.0
-70.0
-70.0
-70.0
-70.0
-70.0
-70.0
-70.0
-66.1719040372
-64.0026496583
-62.1973050053
-62.3351696043
-62.6733827102
-63.1205311501
-63.6181358424
-65.52631718
-70.0
-70.0
-70.0
-70.0
-70.0
-70.0
-70.0
-70.0
-70.0
-70.0
-69.8573115186
-62.7796123634
-56.4403391248
-54.0016141367
-55.241326472
-64.3181150617
-70.0
-70.0
-70.0
-70.0
-70.0
-69.0806320968
-68.5596569517
-68.2950832995
-68.1931696649
-68.192249162
-67.3836424643
-64.6790258223
-69.944502217
-70.0
-70.0
-70.0
-70.0
-70.0
-70.0
-69.9053696108
-63.1248748198
-60.2684072546
-54.9900242515
0
-70.0
-70.0
-70.0
-70.0
-70.0
-70.0
-70.0
-70.0
-70.0
-70.0
-70.0
-64.3818977452
-61.1983064675
-59.5815414853
-58.9587644465
-54.9827899324
-60.1089851614
-70.0
-70.0
-70.0
-70.0
-70.0
-70.0
-67.948229548
-66.7855596252
-66.195105684
-65.9676631298
-64.9829503562
-64.5593576802
-58.101097285
-54.6227711383
-54.1905890543
-66.8147582164
-70.0
-70.0
-70.0
-70.0
-70.0
-70.0
-70.0
-70.0
-70.0
-69.8427990454
-69.7537185045
-69.7084795631
-70.0
-70.0
-70.0
-70.0
-70.0
-70.0
-70.0
-70.0
-70.0
-70.0
-70.0
-69.8715424977
-70.0
-70.0
-70.0
-70.0
-70.0
-70.0
-70.0
-70.0
-70.0
-70.0
-70.0
-70.0
-66.7021643748
-62.5000575206
-61.2236532596
-60.7503555944
-59.7757134346
0
-70.0
-70.0
-70.0
-70.0
-70.0
-70.0
-70.0
-70.0
-70.0
-70.0
-70.0
-70.0
-70.0
-70.0
-70.0
-70.0
-70.0
-70.0
-70.0
-70.0
-67.497216634
-66.0789727266
-65.3587272912
-65.9934976251
-66.5079099046
-66.9329602755
-67.9939288592
-68.6973790475
-70.0
-70.0
-70.0
-70.0
-70.0
-70.0
-70.0
-70.0
-70.0
-70.0
-70.0
-70.0
-70.0
-70.0
-70.0
-70.0
-70.0
-70.0
-70.0
-70.0
-70.0
-70.0
-70.0
-70.0
-64.2062131075
-61.2564005351
-59.7779663072
-59.2316402268
-65.6370260829
-70.0
-70.0
-70.0
-70.0
-70.0
-70.0
-70.0
-70.0
-70.0
-70.0
-70.0
-70.0
-70.0
-69.117782674
-70.0
-70.0
-70.0
-70.0
-70.0
-70.0
-70.0
-70.0
-70.0
-70.0
-70.0
-63.732504185
-60.1809232232
-58.3772772053
-57.5303962232
-59.2616439887
-70.0
-70.0
-70.0
-70.0
-70.0
-70.0
-70.0
-70.0
-70.0
-70.0
-70.0
-70.0
-70.0
-70.0
-70.0
-70.0
-70.0
-70.0
-70.0
-70.0
-65.5354560514
-63.0055478138
-61.7207512774
-61.2258483131
-61.2213782573
-61.5113169487
-61.0267639286
-61.0351399856
-66.5297638242
-70.0
-70.0
-70.0
-70.0
-70.0
-70.0
-67.2918450864
-66.5596931044
-66.2350788118
-66.1658076091
-66.2520513006
-66.4287291388
-66.6537782037
-66.9003483692
-60.9146348504
-64.6468168622
-70.0
-70.0
-70.0
-70.0
-70.0
-70.0
-70.0
-70.0
-70.0
-63.8620159981
-60.3838250638
-58.6174496677
-57.9628545835
-57.9713357136
-64.9176225731
-70.0
-70.0
-70.0
-67.32509574
-65.8093166594
-65.0395386557
-59.817094639
-57.0230584077
-55.7792013887
-55.5069137976
0
-70.0
-70.0
-70.0
-70.0
-70.0
-70.0
-70.0
-70.0
-70.0
-70.0
-70.0
-70.0
-64.0213299848
-60.6334169762
-57.9389009
-57.2555391258
-64.299697635
-70.0
-70.0
-70.0
-70.0
-70.0
-70.0
-70.0
-70.0
-70.0
-70.0
-70.0
-70.0
-70.0
-70.0
-70.0
-70.0
-70.0
-70.0
-70.0
-70.0
-70.0
-70.0
-70.0
-65.446001625
-62.8654025458
-61.5548630134
-56.1241179343
0
-70.0
-70.0
-70.0
-70.0
-70.0
-70.0
-70.0
-70.0
-70.0
-70.0
-70.0
-70.0
-70.0
-63.6730805404
-60.08782618
-54.8197592009
0
-70.0
-70.0
-70.0
-70.0
-70.0
-70.0
-70.0
-70.0
-70.0
-70.0
-70.0
-69.2332089655
-68.7986940459
-68.0224730704
-67.6226580494
-70.0
-70.0
-70.0
-70.0
-70.0
-70.0
-70.0
-70.0
-70.0
-70.0
-70.0
-70.0
-70.0
-69.987795617
-69.9808797999
-70.0
-70.0
-70.0
-70.0
-70.0
-70.0
-70.0
-67.1818640478
-65.5849203415
-64.7739234397
-64.4615278507
-64.4587062355
-64.6417230586
-58.5446828502
-55.2683026302
-54.2152713671
0
-70.0
-70.0
-70.0
-70.0
-70.0
-70.0
-69.319492151
-68.9338710366
-68.738036
-68.6626004448
-68.6619190968
-67.7451314271
-67.270221111
-67.076267551
-70.0
-70.0
-70.0
-70.0
-70.0
-70.0
-70.0
-70.0
-70.0
-70.0
-70.0
-63.1816945911
-59.3179881928
-57.355831414
-58.1580595388
-65.8298561701
-70.0
-70.0
-70.0
-70.0
-70.0
-70.0
-70.0
-70.0
-70.0
-70.0
-70.0
-70.0
-64.3484347002
-67.7587870092
-70.0
-70.0
-70.0
-70.0
-70.0
-70.0
-70.0
-70.0
-70.0
-70.0
-63.6417828716
-60.0387931654
-58.2090395696
-58.1075274864
-65.8999455716
-70.0
-70.0
-70.0
-70.0
-70.0
-70.0
-70.0
-70.0
-70.0
-70.0
-70.0
-70.0
-69.2550689414
-70.0
-70.0
-70.0
-70.0
-70.0
-70.0
-70.0
-70.0
-70.0
-64.2428533338
-58.6471368897
0
-70.0
-70.0
-70.0
-70.0
-70.0
-70.0
-70.0
-70.0
-66.3723530207
-64.3166863991
-63.2727302129
-62.8705988274
-62.8669667018
-63.1025552031
-63.8200274494
-60.5889091355
-64.8467568611
-70.0
-70.0
-70.0
-70.0
-70.0
-70.0
-70.0
-70.0
-70.0
-70.0
-70.0
-70.0
-70.0
-70.0
-70.0
-70.0
-70.0
-70.0
-70.0
-70.0
-70.0
-70.0
-70.0
-70.0
-70.0
-70.0
-70.0
-70.0
-70.0
-70.0
