-70.0
-70.0
-70.0
-70.0
-70.0
-69.0
-68.4333333333
-61.1455555556
-57.068037037
-55.052591358
-55.5545709053
-59.1077729369
-64.2423793881
-68.7943139458
-70.0
-70.0
-70.0
-70.0
-70.0
-70.0
-70.0
-64.3080041435
-62.2372019824
-57.9141067692
-56.1249619971
-55.7268231747
-56.5809699426
-57.7345654047
-58.8355705018
-61.5707021204
-63.7010584421
-65.7685384545
-67.7133949411
-70.0
-70.0
-70.0
-70.0
-70.0
-65.9329941023
-63.9735220359
-62.5058008683
-62.3110480997
-62.6491213784
-64.0969930878
-65.7169144996
-68.0270320995
-70.0
-70.0
-70.0
-70.0
-70.0
-70.0
-70.0
-70.0
-70.0
-70.0
-70.0
-70.0
-70.0
-70.0
-70.0
-70.0
-70.0
-70.0
-70.0
-70.0
-63.9627555384
-60.0463073959
-59.5712538459
-60.4754922621
-61.866653379
-63.9552416588
-64.9676335131
-66.1262112184
-66.5933339285
-66.9871630903
-67.5328953431
-68.9808292097
-70.0
-70.0
-70.0
-70.0
-70.0
-70.0
-70.0
-70.0
-70.0
-70.0
-70.0
-70.0
-70.0
-70.0
-70.0
-70.0
-70.0
-70.0
-70.0
-70.0
-70.0
-70.0
-70.0
-70.0
-70.0
-70.0
-70.0
-70.0
-64.5909425591
-62.5076687373
-61.8505043753
-62.3547857677
-62.2572801697
-63.0297416145
-64.1564846184
-65.0273142668
-65.7155682469
-67.2713350268
-62.0316738367
-60.2895634133
-60.4090350827
-62.6278068041
-64.8543929728
-66.7510668906
-68.3391876961
-69.7182282028
-70.0
-70.0
-70.0
-70.0
-70.0
-64.2216578443
-62.8181864224
-63.8792291732
-60.6006495243
-60.0216275877
-60.7493850539
-62.2703095832
-63.440520648
-64.5289149114
-65.3643209724
-66.6261886378
-68.533451683
-70.0
-70.0
-70.0
-70.0
-66.2708720752
-64.1576995844
-63.4263923178
-63.2067282139
-63.7067787267
-64.7794357669
-67.4034846434
-69.8652711218
-70.0
-70.0
-70.0
-70.0
-70.0
-70.0
-70.0
-70.0
-70.0
-70.0
-65.9537665044
-63.8709441049
-63.5046981969
-64.0904319438
-65.0370518953
-66.3507396969
-66.8647870183
-67.2777225105
-68.0507176583
-69.177555335
-70.0
-70.0
-70.0
-70.0
-70.0
-70.0
-70.0
-70.0
-70.0
-70.0
-70.0
-70.0
-70.0
-70.0
-70.0
-70.0
-70.0
-70.0
-70.0
-70.0
-70.0
-70.0
-70.0
-70.0
-70.0
-70.0
-70.0
-70.0
-70.0
-65.656724162
-63.5288678538
-62.4465755138
-63.0634151272
-64.4447902651
-66.5435772724
-67.5863659226
-68.6199009893
-69.6319422927
-70.0
-70.0
-70.0
-70.0
-70.0
-70.0
-70.0
-64.9811548123
-64.025372266
-64.2476527323
-65.7690226907
-66.3007533475
-67.9214879461
-69.5905353461
-70.0
-70.0
-70.0
-70.0
-70.0
-70.0
-70.0
-70.0
-70.0
-70.0
-70.0
-70.0
-70.0
-70.0
-70.0
-70.0
-70.0
-70.0
-70.0
-70.0
-70.0
-70.0
-70.0
-70.0
-70.0
-70.0
-70.0
-70.0
-70.0
-70.0
-70.0
-70.0
-70.0
-70.0
-70.0
-70.0
-70.0
-70.0
-70.0
-70.0
-66.1935879774
-64.9321722864
-64.3442504623
-65.3708706945
-66.5528711596
-67.3769757334
-69.4989581047
-70.0
-70.0
-70.0
-70.0
-70.0
-70.0
-70.0
-70.0
-70.0
-70.0
-70.0
-70.0
-70.0
-70.0
-70.0
-70.0
-70.0
-70.0
-70.0
-70.0
-70.0
-70.0
-70.0
-64.1272867464
-62.5821731969
-62.359688138
-62.2532021553
-63.4403179618
-66.442364703
-69.5767936011
-70.0
-70.0
-70.0
-64.1140124173
-60.7786194538
-59.6791781923
-60.1359773936
-62.2914473462
-64.7962607033
-66.7255850891
-61.8113353588
-60.2304291076
-61.1987675582
-62.3997222037
-63.3736375843
-65.9077098698
-68.3267504847
-70.0
-70.0
-70.0
-70.0
-70.0
-70.0
-70.0
-70.0
-70.0
-70.0
-70.0
-70.0
-70.0
-70.0
-70.0
-64.4534539745
-61.7498382704
-61.573377675
-63.5462340366
-66.900749869
-69.833471064
-70.0
-70.0
-70.0
-70.0
-70.0
-63.14625148
-60.1746691568
-58.4309713032
-61.9614876843
-65.8560323313
-69.600687871
-70.0
-70.0
-64.9374435382
-62.2656985803
-61.7993093895
-61.7928322286
-63.0241419548
-65.8534384605
-69.5323393114
-70.0
-70.0
-70.0
-70.0
-70.0
-70.0
-70.0
-70.0
-70.0
-70.0
-70.0
-70.0
-70.0
-70.0
-70.0
-70.0
-70.0
-69.8300885945
-69.9223353001
-70.0
-64.991583124
-62.1534802276
-61.5123225953
-63.0984530989
-65.7459665462
-68.3147639508
-69.3566613729
-63.5796541408
-60.3274613301
-58.8784418043
-59.5652475337
-60.3251560536
-61.8548622742
-65.7943097887
-70.0
-70.0
-70.0
-70.0
-70.0
-70.0
-70.0
-70.0
-70.0
-70.0
-70.0
-70.0
-70.0
-70.0
-70.0
-70.0
-70.0
-70.0
-70.0
-70.0
-70.0
-64.1477857014
-61.4305403074
-61.0259818096
-61.5816315466
-62.380249099
-63.3286714219
-65.3148512497
-67.2490505395
-69.1311444761
-70.0
-70.0
-70.0
-70.0
-64.8057238098
-61.8623006354
-60.3675033762
-59.9627473362
-54.6515880909
0
-70.0
-70.0
-70.0
-70.0
-70.0
-70.0
-70.0
-70.0
-70.0
-70.0
-70.0
-70.0
-70.0
-70.0
-70.0
-70.0
-70.0
-70.0
-70.0
-70.0
-70.0
-66.091196763
-65.3718219921
-61.5718557228
-60.569849927
-56.9484315413
-55.3830401993
-55.1238028195
-56.464121897
-58.3376223163
-54.5319820429
-54.5359764733
-57.4310100946
-61.0015612979
-65.731092308
-69.0469411705
-70.0
-70.0
-70.0
-70.0
-70.0
-70.0
-70.0
-70.0
-65.1252796543
-63.3894951521
-63.7446189222
-65.7162729931
-67.1951118915
-69.3487667314
-70.0
-70.0
-65.4956588203
-63.7990585165
-63.545039436
-63.7444877843
-58.4553899165
-56.9035425064
-57.3823574553
-60.9305723182
-63.7101215286
-66.3853888477
-68.445312831
-70.0
-64.4391146507
-61.2879462861
-60.6340742141
-60.5202460889
-60.7679410109
-61.6525319613
-63.7132320021
-65.1029696561
-67.2485133506
-68.8345941439
-70.0
-65.8378403261
-65.2339983012
-65.388498789
-65.8460276237
-66.8403674798
-67.9229682261
-69.6639522192
-70.0
-70.0
-70.0
-70.0
-70.0
-70.0
-70.0
-70.0
-70.0
-70.0
-70.0
-70.0
-70.0
-70.0
-70.0
-70.0
-70.0
-70.0
-70.0
-70.0
-70.0
-70.0
-70.0
-70.0
-70.0
-70.0
-70.0
-70.0
-70.0
-70.0
-70.0
-70.0
-70.0
-70.0
-70.0
-70.0
-70.0
-70.0
-70.0
-70.0
-70.0
-70.0
-70.0
-70.0
-64.1885943696
-61.7123085753
-62.6918914949
-64.2995817411
-65.4542098307
-66.7240725164
-68.4199909031
-70.0
-70.0
-70.0
-64.8857263626
-60.9300684394
-58.0909077064
-57.6311935583
-57.6704699732
-60.790472253
-64.0089937966
-66.7738141904
-68.9108419692
-70.0
-70.0
-70.0
-70.0
-70.0
-70.0
-70.0
-70.0
-70.0
-70.0
-70.0
-70.0
-70.0
-70.0
-70.0
-70.0
-70.0
-70.0
-70.0
-70.0
-70.0
-70.0
-70.0
-70.0
-70.0
-70.0
-66.5864009795
-65.7744655625
-66.2452061511
-67.0166873152
-69.1858979297
-70.0
-70.0
-70.0
-70.0
-70.0
-70.0
-70.0
-70.0
-70.0
-70.0
-70.0
-70.0
-70.0
-70.0
-63.9512175812
-60.7305465436
-59.6848611124
-60.7961144653
-62.4047115453
-66.3174821578
-70.0
-70.0
-70.0
-70.0
-70.0
-70.0
-70.0
-70.0
-70.0
-70.0
-70.0
-70.0
-70.0
-70.0
-70.0
-70.0
-70.0
-70.0
-70.0
-70.0
-70.0
-70.0
-70.0
-70.0
-70.0
-70.0
-70.0
-70.0
-70.0
-70.0
-70.0
-70.0
-65.2618425819
-62.5768867116
-61.2133502991
-60.6881167749
-60.6833727679
-61.1900037872
-62.1749290394
-65.4642682973
-68.6148270845
-70.0
-70.0
-70.0
-65.2695025469
-63.1361164674
-62.0848809375
-62.759845806
-64.1948341835
-65.4034068113
-67.0544434364
-67.3497912506
-67.8148399225
-61.7668038972
-58.4124221522
-57.9683792338
-59.3195007023
-61.9568326012
-59.1174922932
-58.6288573106
-59.2979513632
-60.5881708831
-62.2290514978
-63.6393275327
-64.6975155693
-64.5126033596
-65.4592301979
-66.6131797507
-68.499236032
-70.0
-70.0
-70.0
-65.1517670003
-62.9269402593
-62.0078128706
-61.722742675
-61.8276091352
-61.4461855179
-63.1395777442
-66.0597103987
-68.2455552842
-70.0
-65.29538513
-62.5823230962
-62.2017339501
-62.2333226641
-62.511165137
-62.9274984495
-64.2264050008
-67.4059561561
-70.0
-70.0
-70.0
-66.337716009
-64.2624217474
-59.31960891
-56.7099342439
-55.7714248459
-55.8786452834
-57.1721035851
-61.6677041406
-67.2456823442
-70.0
-65.5382951485
-63.1917549919
-62.0107723982
-61.5684458763
-61.5841017673
-61.874025243
-62.8993499801
-64.1348124761
-66.0826670797
-67.7568688542
-70.0
-70.0
-70.0
-66.7680232961
-65.4628620568
-64.8310032446
-64.813699166
-64.9761934133
-65.8750211399
-60.5260759409
-58.465612216
-58.4122042493
-54.3859964196
-55.9994306028
-57.5679533854
-58.9234686089
-60.2775232337
-62.397270392
-57.8704168069
-55.5586240956
-56.0775763755
-58.2479892089
-62.5342473927
-60.9837032081
-60.1553376362
-56.5525014829
-55.2636070014
-55.17359761
-55.6138053881
-57.7204014183
-59.5894289891
-61.8591750997
-64.5375399916
-67.2213756092
-69.6769450501
-70.0
-70.0
-70.0
-70.0
-70.0
-70.0
-70.0
-70.0
-70.0
-70.0
-70.0
-70.0
-70.0
-70.0
-70.0
-70.0
-70.0
-70.0
-70.0
-70.0
-70.0
-70.0
-70.0
-70.0
-70.0
-70.0
-70.0
-70.0
-70.0
-70.0
-70.0
-70.0
-70.0
-70.0
-70.0
-70.0
-70.0
-70.0
-70.0
-70.0
-70.0
-70.0
-70.0
-64.9526832421
-61.7614677006
-55.8991338969
0
-70.0
-70.0
-70.0
-70.0
-70.0
-70.0
-65.0930456611
-62.6971295605
-62.7572712344
-63.5011929003
-64.5172655101
-66.0380212209
-67.6214335981
-70.0
-70.0
-70.0
-70.0
-70.0
-70.0
-70.0
-70.0
-70.0
-65.9541487081
-63.8208885316
-62.746902808
-63.1379335389
-63.9738235203
-65.6577794997
-67.2084897927
-69.4312194088
-70.0
-70.0
-70.0
-70.0
-65.1452939963
-64.1547555214
-65.1358415046
-67.0880311868
-68.3564106232
-69.8752338568
-64.4052271348
-61.5255391826
-60.4675078375
-63.5228390676
-66.3518087174
-68.9522680616
-65.8686990723
-64.9640167146
-65.8484795948
-61.517094459
-57.5773231919
-56.1645724143
-55.9599950712
-56.9785337837
-58.3891112266
-61.5583076665
-64.692648212
-67.0754790803
-69.1922672384
-70.0
-70.0
-70.0
-70.0
-64.7829773548
-62.7452676898
-61.7644663012
-62.8859217553
-66.0862587349
-63.5462532039
-64.1451859147
-65.5749943307
-67.5953248523
-69.2945442299
-70.0
-70.0
-70.0
-70.0
-70.0
-70.0
-70.0
-70.0
-70.0
-70.0
-70.0
-70.0
-70.0
-70.0
-65.1522525847
-64.5769517345
-65.2250270577
-64.9483636758
-65.5244585683
-66.2075877492
-67.0002812628
-67.9682220541
-69.8255626584
-70.0
-70.0
-70.0
-70.0
-70.0
-64.203258095
-60.3326586799
-58.5467171784
-58.7990896489
-60.3945780622
-64.0488317781
-68.3554350127
-70.0
-70.0
-70.0
-70.0
-70.0
-70.0
-70.0
-70.0
-70.0
-70.0
-70.0
-70.0
-70.0
-70.0
-65.6498571939
-64.9385194393
-65.4675873267
-66.783349031
-63.1390585885
-60.5759937438
-59.5770715038
-60.7906152855
-62.1871428556
-63.8267328252
-65.8118948557
-67.7593236539
-69.1911405707
-70.0
-70.0
-64.2677357406
-61.8225946291
-60.6280901411
-59.4450055588
-60.0702531653
-62.5458976643
-64.8712394068
-66.8513144739
-68.5828928589
-69.3481943089
-70.0
-70.0
-70.0
-70.0
-65.8572238864
-63.5096507553
-62.7147899733
-62.9383558136
-63.3078834573
-64.1565063542
-66.0989297284
-67.9409352628
-69.5113777791
-70.0
-70.0
-70.0
-70.0
-70.0
-70.0
-70.0
-70.0
-70.0
-70.0
-70.0
-70.0
-70.0
-70.0
-70.0
-70.0
-70.0
-70.0
-70.0
-66.8274737541
-65.0297088814
-64.4806733899
-64.6842732068
-64.98362399
-66.1201820145
-66.9314440953
-68.7128058852
-69.739266782
-70.0
-70.0
-70.0
-70.0
-70.0
-66.3109465225
-64.7843771651
-64.217428534
-63.5486811697
-64.8314625828
-66.1434448178
-66.3554822945
-67.0171044694
-68.2261510486
-70.0
-70.0
-70.0
-70.0
-70.0
-70.0
-70.0
-70.0
-70.0
-70.0
-70.0
-70.0
-70.0
-70.0
-70.0
-70.0
-70.0
-70.0
-65.2738211454
-62.7431068315
-61.6560839414
-60.7079333489
-62.2341104879
-64.5720925732
-66.9505178093
-69.412728134
-70.0
-70.0
-65.3076087556
-63.2285420432
-62.845050349
-63.0238085924
-57.9184489311
-55.4849384477
-55.5009601962
-56.5361282681
-57.939358169
-60.5567170608
-63.2545776405
-61.1406557393
-60.9773422281
-61.7297903504
-64.0282292766
-65.9906212038
-67.6983041718
-68.9761494926
-70.0
-70.0
-70.0
-70.0
-70.0
-70.0
-70.0
-70.0
-70.0
-63.7933751268
-62.1067937888
-59.5111022549
-59.0502955991
-59.1388017524
-60.0984669612
-61.7051362745
-63.7287822904
-66.0768486833
-69.5885820017
-70.0
-70.0
-70.0
-70.0
-70.0
-70.0
-70.0
-70.0
-70.0
-70.0
-70.0
-70.0
-70.0
-70.0
-70.0
-70.0
-70.0
-65.0260604996
-62.6166179971
-61.6127977868
-62.4522735629
-65.0216527755
-61.3987353175
-60.1125125111
-60.6044261763
-58.2689949753
-58.4921997253
-59.586609511
-61.7175940943
-63.8610871477
-65.3518134081
-66.6112319654
-68.1331082999
-69.1084638239
-69.9363950108
-70.0
-70.0
-70.0
-70.0
-70.0
-70.0
-70.0
-70.0
-70.0
-70.0
-70.0
-70.0
-70.0
-70.0
-70.0
-70.0
-64.5318055017
-63.6873085834
-64.9906799707
-66.9225648287
-69.1814389978
-70.0
-70.0
-70.0
-70.0
-70.0
-70.0
-70.0
-70.0
-70.0
-70.0
-70.0
-70.0
-70.0
-70.0
-70.0
-63.6741727923
-60.0895373746
-58.4507303925
-58.8501381986
-59.3383963451
-62.7936346831
-60.543319916
-60.6500861777
-61.53448977
-62.7233083957
-57.1496635025
-54.5950556844
0
-70.0
-70.0
-70.0
-70.0
-70.0
-70.0
-70.0
-70.0
-70.0
-70.0
-70.0
-70.0
-70.0
-70.0
-70.0
-70.0
-70.0
-70.0
-70.0
-70.0
-70.0
-70.0
-70.0
-70.0
-70.0
-70.0
-70.0
-70.0
-70.0
-70.0
-64.2147476215
-61.5293166433
-60.580299848
-60.6033016759
-61.3014536114
-62.7338462064
-64.26120236
-66.7914031146
-61.689605893
-59.9332990963
-59.9470410203
-61.6075291772
-63.8835610957
-65.6643115437
-66.877284761
-68.670178215
-70.0
-70.0
-70.0
-70.0
-70.0
-70.0
-70.0
-70.0
-70.0
-70.0
-70.0
-66.2209625995
-64.8339468156
-64.5698330951
-66.1571316206
-66.605649768
-61.7691403977
-60.5051807497
-60.462655012
-61.3243376308
-62.0868218979
-63.1310974072
-65.628976082
-67.8696026801
-70.0
-70.0
-70.0
-70.0
-70.0
-70.0
-70.0
-70.0
-69.6870808107
-69.5097599368
-70.0
-70.0
-70.0
-70.0
-70.0
-70.0
-70.0
-70.0
-70.0
-70.0
-70.0
-70.0
-70.0
-70.0
-70.0
-70.0
-70.0
-70.0
-70.0
-70.0
-70.0
-70.0
-70.0
-70.0
-70.0
-70.0
-70.0
-70.0
-70.0
-64.1609155514
-61.6558225505
-60.8095170332
-62.3920524275
-63.9896163465
-65.3635802523
-67.7527160767
-69.4581440726
-70.0
-70.0
-70.0
-70.0
-70.0
-70.0
-65.7294183633
-64.2755780363
-64.3351860655
-65.0853181376
-60.6792060238
-56.2182467528
-54.0010629651
0
-70.0
-70.0
-70.0
-70.0
-70.0
-66.8546506108
-66.1208078032
-66.1559751919
-66.7018301557
-67.1392821288
-68.0921133186
-69.0799583819
-70.0
-70.0
-70.0
-70.0
-70.0
-70.0
-70.0
-70.0
-70.0
-70.0
-70.0
-70.0
-70.0
-70.0
-70.0
-70.0
-70.0
-65.4530275778
-64.1938168355
-67.4560503941
-65.6495827264
-66.3119476766
-66.9923943167
-67.8730916598
-68.7941168869
-69.5674836824
-70.0
-70.0
-70.0
-70.0
-70.0
-70.0
-70.0
-70.0
-70.0
-70.0
-70.0
-70.0
-70.0
-70.0
-70.0
-70.0
-70.0
-70.0
-70.0
-70.0
-64.7341616348
-62.3014222923
-61.6674251903
-61.9657272584
-62.4125175907
-63.5552036953
-65.6838823462
-68.510314255
-70.0
-70.0
-70.0
-70.0
-70.0
-70.0
-70.0
-70.0
-70.0
-70.0
-70.0
-70.0
-70.0
-70.0
-70.0
-70.0
-70.0
-70.0
-70.0
-70.0
-70.0
-70.0
-70.0
-70.0
-70.0
-70.0
-70.0
-70.0
-70.0
-70.0
-70.0
-70.0
-70.0
-70.0
-64.0892150925
-62.2262843186
-58.7329607186
-57.5140670899
-57.3783919823
-57.8907027268
-58.7810411036
-60.0990713019
-61.4036682214
-62.8188287904
-65.3765514423
-67.0652999853
-69.1798560432
-70.0
-70.0
-70.0
-70.0
-70.0
-70.0
-64.8307426624
-61.9014968378
-62.1714592034
-63.3094841316
-65.0075543861
-67.3576972191
-69.2234548275
-70.0
-70.0
-70.0
-70.0
-65.2311174143
-63.0821038011
-62.804484054
-62.9440200501
-63.4353483869
-64.5414316257
-66.7759423718
-69.8265111614
-70.0
-70.0
-70.0
-70.0
-70.0
-70.0
-70.0
-70.0
-70.0
-70.0
-70.0
-70.0
-70.0
-70.0
-70.0
-70.0
-70.0
-70.0
-70.0
-70.0
-70.0
-70.0
-70.0
-70.0
-70.0
-70.0
-70.0
-70.0
-70.0
-70.0
-70.0
-70.0
-70.0
-70.0
-65.23292181
-60.7277086181
-59.037360786
-59.1233789436
-59.9917858286
-61.586907743
-64.656389845
-67.1860495818
-70.0
-70.0
-70.0
-70.0
-70.0
-70.0
-70.0
-70.0
-70.0
-70.0
-70.0
-70.0
-70.0
-70.0
-70.0
-70.0
-70.0
-70.0
-70.0
-70.0
-70.0
-70.0
-70.0
-64.4198474143
-59.354727824
-58.1538278675
-59.0206388877
-60.3218400061
-61.7949546507
-63.3499272582
-66.2617885801
-68.7067264673
-70.0
-64.9546596644
-60.7454645907
-58.5126128182
-58.3901712381
-55.5512528158
-54.4825822242
-55.3534888973
-56.7637648924
-57.9281634792
-60.3786298593
-64.0280486153
-68.9346698402
-70.0
-70.0
-70.0
-70.0
-70.0
-70.0
-70.0
-66.7503628817
-66.4625397335
-66.5581778534
-65.9278189945
-65.685343046
-65.8623237512
-66.4928725043
-67.1999372817
-67.7175115721
-67.4001204611
-67.7127499725
-69.3755067055
-70.0
-70.0
-70.0
-70.0
-70.0
-70.0
-70.0
-70.0
-70.0
-70.0
-70.0
-70.0
-70.0
-70.0
-70.0
-70.0
-70.0
-70.0
-70.0
-70.0
-70.0
-70.0
-70.0
-70.0
-70.0
-70.0
-70.0
-70.0
-70.0
-70.0
-70.0
-70.0
-70.0
-70.0
-70.0
-70.0
-70.0
-70.0
-70.0
-70.0
-70.0
-70.0
-70.0
-70.0
-70.0
-66.5245357457
-64.5551060016
-63.5549446218
-59.9380216191
-59.6892303008
-56.1575675862
-56.0546146453
-56.8812125289
-57.8144641748
-60.0457773305
-62.4983329864
-65.573987377
-68.5634049363
-70.0
-70.0
-70.0
-70.0
-70.0
-70.0
-70.0
-70.0
-70.0
-66.8768322351
-63.3911761066
-61.8607247074
-61.584966748
-61.895681805
-62.5338802935
-63.1656700435
-64.1487576431
-66.1019753336
-69.5950061582
-70.0
-70.0
-66.8090335478
-65.4431062619
-64.97727248
-65.1208310944
-64.5650572095
-65.4160185173
-66.6957578534
-67.6822529576
-69.3254099695
-70.0
-70.0
-70.0
-70.0
-70.0
-70.0
-70.0
-70.0
-63.6679640729
-59.4127060088
-58.8610730368
-59.5331214722
-61.5902110834
-57.7986275628
-57.3236314517
-57.6460063556
-59.1927034226
-60.4809648821
-62.0048383944
-63.3982850583
-65.4929715
-68.3108475459
-70.0
-70.0
-70.0
-70.0
-70.0
-70.0
-70.0
-70.0
-70.0
-70.0
-70.0
-70.0
-70.0
-70.0
-70.0
-70.0
-70.0
-70.0
-70.0
-70.0
-70.0
-70.0
-70.0
-70.0
-70.0
-70.0
-70.0
-70.0
-70.0
-70.0
-70.0
-70.0
-70.0
-70.0
-70.0
-64.4919754504
-61.7281408824
-60.3455687788
-59.8378398907
-60.3014384606
-56.8251692797
-57.0794701083
-59.7753463984
-62.2557153486
-58.9123335414
-55.8486751939
-54.4821910122
-54.5718737053
-57.0450475977
-59.6816975747
-61.8270644286
-63.5407898008
-65.4596849198
-68.0825433218
-70.0
-70.0
-66.8897826834
-65.127326204
-66.2615041851
-67.2652540441
-68.3528083594
-68.956483194
-69.7340395466
-70.0
-65.2019823056
-65.8534048455
-67.9143099785
-69.9308926469
-70.0
-70.0
-70.0
-70.0
-70.0
-70.0
-70.0
-70.0
-70.0
-70.0
-70.0
-66.1446834647
-66.9863107572
-67.3346738354
-68.9911321962
-70.0
-70.0
-70.0
-70.0
-70.0
-70.0
-70.0
-70.0
-70.0
-70.0
-70.0
-70.0
-64.2006773969
-60.3588390329
-59.2434208039
-54.1869806225
0
-70.0
-70.0
-70.0
-70.0
-70.0
-70.0
-70.0
-70.0
-70.0
-70.0
-70.0
-70.0
-64.9321641852
-64.5416843114
-65.8243737769
-68.9271340949
-70.0
-65.9217838334
-63.9574366477
-63.1339384727
-62.8687082853
-56.5180165446
0
-70.0
-70.0
-70.0
-70.0
-70.0
-70.0
-70.0
-70.0
-70.0
-70.0
-70.0
-70.0
-70.0
-70.0
-70.0
-70.0
-70.0
-70.0
-70.0
-70.0
-70.0
-70.0
-65.7086515734
-64.6761535239
-65.6651920949
-67.4120602151
-69.3787724594
-69.5872147373
-70.0
-70.0
-69.4962143634
-70.0
-70.0
-70.0
-70.0
-70.0
-70.0
-70.0
-70.0
-70.0
-70.0
-70.0
-70.0
-70.0
-70.0
-70.0
-70.0
-70.0
-70.0
-70.0
-70.0
-70.0
-70.0
-70.0
-70.0
-70.0
-70.0
-70.0
-70.0
-70.0
-70.0
-70.0
-70.0
-70.0
-70.0
-70.0
-65.1769315466
-63.6571533013
-64.5526105661
-66.6855213702
-68.3343615848
-69.9143590517
-70.0
-69.9278154933
-70.0
-70.0
-70.0
-70.0
-70.0
-70.0
-70.0
-70.0
-70.0
-70.0
-70.0
-70.0
-64.9504965551
-64.0155313421
-64.8371578835
-66.2879883002
-62.0581387395
-59.7849577118
-59.6315687231
-60.7820544647
-63.0383759485
-64.0238471728
-65.0225175732
-60.1170453325
-58.2531009637
-58.9207274943
-60.1065290002
-61.3320854802
-63.3176786333
-66.863480111
-70.0
-70.0
-70.0
-70.0
-70.0
-70.0
-70.0
-70.0
-70.0
-70.0
-70.0
-70.0
-70.0
-70.0
-70.0
-70.0
-70.0
-70.0
-70.0
-70.0
-70.0
-70.0
-70.0
-70.0
-70.0
-70.0
-70.0
-70.0
-70.0
-70.0
-70.0
-70.0
-70.0
-70.0
-70.0
-70.0
-70.0
-70.0
-70.0
-70.0
-70.0
-70.0
-70.0
-70.0
-70.0
-70.0
-70.0
-70.0
-70.0
-70.0
-70.0
-70.0
-70.0
-70.0
-70.0
-70.0
-70.0
-70.0
-64.3878562572
-61.2076414696
-60.3727303068
-60.1926925989
-61.2187973341
-64.8296119343
-69.3172612938
-70.0
-70.0
-70.0
-70.0
-70.0
-64.2046824744
-61.8923462789
-61.5370848023
-63.0543776825
-65.8772992795
-69.5811163294
-70.0
-70.0
-70.0
-70.0
-70.0
-70.0
-64.7100855191
-61.7124673133
-60.7490722072
-61.9458184804
-63.7688949702
-59.8176846398
-58.4211842017
-57.9692444655
-58.4312817342
-59.8748219855
-61.6870461453
-63.2568273011
-65.3061040426
-66.1758981871
-68.5602890433
-70.0
-70.0
-70.0
-70.0
-70.0
-70.0
-70.0
-70.0
-70.0
-70.0
-70.0
-70.0
-70.0
-70.0
-70.0
