-70.0
-63.0
-59.0333333333
-57.0188888889
-56.2429259259
-56.235917284
-56.690514856
-58.406922904
-59.823203636
-61.0121986207
-62.0251889908
-62.8988102465
-56.7406164646
0
-70.0
-70.0
-70.0
-70.0
-66.9004499088
-66.1363308439
-65.8066483768
-65.748617284
-65.8555113855
-66.0577974668
-59.583704963
-56.0464592952
-54.389229918
0
-70.0
-70.0
-70.0
-70.0
-68.9259259259
-68.3172839506
-68.563744856
-69.092829904
-69.440519936
-70.0
-70.0
-70.0
-70.0
-70.0
-63.1975308642
-59.3427983539
-57.3851989026
-56.6311326017
-55.6243217345
-55.4994244897
-55.9078386598
-56.6226258732
-57.4974106721
-59.433896298
-60.0357826255
-60.7290550011
-61.4540499264
-54.506175798
0
-70.0
-70.0
-70.0
-70.0
-69.3150095683
-68.9268483237
-68.7297232995
-67.6798031365
-67.1271909342
-66.891383915
-66.8535202396
-66.9356846931
-67.0871272087
-67.2750884778
-67.4786956233
-67.6849033899
-67.8857979368
-68.0768080671
-68.255520543
-61.4223007442
-58.608265772
-57.299569263
-56.9376990488
-57.155986952
0
-70.0
-70.0
-70.0
-70.0
-63.2961626391
-59.4973214679
-57.5681060496
-56.8249732637
-56.81826115
-57.2536251768
0
-70.0
-70.0
-70.0
-70.0
-68.0816147878
-66.9945298342
-66.4424612009
-66.2298046476
-67.2272072545
-67.9180752435
-68.4019935288
-68.7456113824
-69.7960641842
-70.0
-70.0
-70.0
-70.0
-63.1265490117
-56.8982601183
0
-70.0
-70.0
-70.0
-70.0
-69.3928661516
-69.0488236375
-62.1472331039
-58.2680376803
0
-70.0
-70.0
-70.0
-70.0
-69.5226259222
-69.9558176485
-63.6268990736
-60.0419846262
-58.2229698035
-57.5241285832
0
-70.0
-70.0
-70.0
-70.0
-62.8198106657
-58.7510367096
-56.684737779
-55.8888004946
-55.8816114409
-56.3479109606
-57.0985793981
-58.3123611474
-59.4302181587
-60.4532584269
-61.3853073069
-55.3126201976
0
-70.0
-70.0
-70.0
-70.0
-69.2373113855
-68.8051211706
-68.5856363359
-68.5010908906
-69.4417995969
-70.0
-70.0
-70.0
-69.9760215883
-69.6291004883
-69.9888667009
-70.0
-70.0
-70.0
-70.0
-70.0
-70.0
-69.6660429331
-69.4768005953
-69.3806951727
-68.6399717097
-69.1091846654
-69.4204062834
-69.6264590447
-69.7625420666
-69.8521071443
-69.9107759527
-69.9489513727
-69.9735582456
-69.9892037611
-69.9989509451
-69.0163952439
-68.4596486484
-61.1769466857
-57.1014272853
-55.2801734456
-54.678082027
-54.8275577749
-55.4229912978
-57.0686208375
-58.4870445333
-59.7218639331
-60.8053601085
-61.7619458101
-62.6104990374
-63.3659476725
-63.0519129512
-63.0950950199
-63.3511677606
-63.7264391462
-64.1607206728
-64.6159322329
-65.0685280946
-66.5010425211
-67.8105164262
-61.6701191554
-58.2635434877
-56.6108133042
-56.0654814173
-57.0710789951
-58.1054015752
-59.1224817375
-59.0968362158
-59.4448876956
-60.0055556603
-61.5873130885
-62.8167904425
-63.7939171735
-64.5870626397
-65.2433811647
-58.8117118487
0
-70.0
-70.0
-70.0
-70.0
-63.9965745126
-60.5946334031
-58.8669809573
-58.9051938282
-59.2979484232
-59.8903362328
-60.5827577107
-61.3121186738
-61.0394649531
-61.1745572222
-54.671184719
0
-70.0
-70.0
-70.0
-70.0
-63.257277854
-58.4624142661
-55.9700823045
-54.9423470508
-54.8276276635
0
-70.0
-70.0
-70.0
-70.0
-69.4115226337
-69.4113854595
-69.764256973
-69.983837982
-63.2982113855
-59.5102283813
0
-70.0
-70.0
-70.0
-70.0
-68.2757201646
-68.1669410151
-61.5724691358
-55.5633703704
0
-70.0
-70.0
-70.0
-70.0
-69.0911954478
-68.5762062016
-68.3146724472
-68.2139297796
-68.2130198531
-68.272039902
-68.3639087722
-68.4735664686
-68.0346866486
-60.8608476134
-56.8611826051
-54.89934418
-55.1378048237
-55.7762877158
-56.6335011939
-57.593379241
-58.5828600945
0
-70.0
-70.0
-70.0
-70.0
-69.0781893004
-68.8891632373
-68.8127754915
-68.8065169944
-68.8425446629
-68.9027431086
-68.9754374057
-69.0532060705
-69.131427067
-69.207312096
-69.2792660435
-62.3571199491
-58.4585949609
-56.5041934692
-55.7814127919
-55.8216972925
-56.3184780831
-57.072597288
0
-70.0
-70.0
-70.0
-70.0
-68.9466357148
-68.3497292865
-68.0465944533
-67.9298270716
-66.9547847018
-59.5926571659
-55.5222920721
0
-70.0
-70.0
-70.0
-70.0
-65.0370380672
-62.2246929719
-60.7964628157
-60.2463092948
-60.2413402057
-60.5636474121
-62.0715767318
-63.2406150992
-57.3494370137
-54.2364155954
0
-70.0
-70.0
-70.0
-70.0
-69.2569730224
-68.8359244018
-68.0665421938
-67.6693614625
-66.9531854195
-59.678991706
-55.6585090878
-54.6852507716
-54.6117874228
-55.6362053884
-56.7296493214
-56.8865883673
-57.417865516
0
-70.0
-70.0
-70.0
-70.0
-68.4375349286
-61.1666785212
-57.0986087261
-55.0878132248
-55.3732705854
-56.032102649
-56.8929984655
-57.8464360065
-58.8236173309
-59.7824722145
-60.6983694042
-61.5579620712
-61.3602571668
-61.5296256519
-54.9495601722
0
-70.0
-70.0
-70.0
-70.0
-65.3333333333
-62.6888888889
-61.3459259259
-60.828617284
-60.823944856
-61.127009904
-55.0143089136
0
-70.0
-70.0
-70.0
-70.0
-65.6262041422
-63.1477198228
-61.8890385704
-61.4041952
-55.321626704
0
-70.0
-70.0
-70.0
-70.0
-69.3854595336
-62.1135802469
-58.0133333333
-55.9527407407
-55.1846271605
-55.2176047737
-55.7301378491
-56.5133197661
-57.432784924
-58.403371188
-59.3722772402
-60.3078782968
-61.1923096542
-62.0165581468
-61.7823602019
-61.9157627616
-62.265278872
-62.7328125758
-64.2548957395
-65.359649113
-66.1771795
-67.4988287859
-68.3751907313
-68.9551682074
-62.3386061531
-58.6240487154
-56.7745126289
0
-70.0
-70.0
-70.0
-70.0
-68.70781893
-67.9755829904
-67.6037219936
-67.4604813291
-67.4591875527
-67.5431050351
-67.6753520234
-67.8321884823
-67.9985507415
-68.1650830723
-68.3261663684
-69.4751853131
-70.0
-70.0
-70.0
-70.0
-63.2952813371
-59.4959407614
-56.566922817
-55.2572812897
-54.9629203304
0
-70.0
-70.0
-70.0
-70.0
-67.294314891
-65.7610933293
-59.3651733306
-55.8821155537
-54.2628770358
0
-70.0
-70.0
-70.0
-70.0
-70.0
-70.0
-70.0
-70.0
-70.0
-70.0
-69.0345492517
-69.4484420521
-69.7151629972
-69.884690131
-69.9902500736
-70.0
-70.0
-70.0
-70.0
-70.0
-70.0
-70.0
-70.0
-70.0
-70.0
-70.0
-70.0
-70.0
-70.0
-70.0
-70.0
-63.4442439587
-59.7293155353
-57.84271463
-57.1159969326
-57.109433083
-58.4766526737
-59.6810960056
-59.7477372053
0
-70.0
-70.0
-70.0
-70.0
-68.9196768785
-68.3074937764
-61.4062944334
-55.2186983466
0
-70.0
-70.0
-70.0
-70.0
-66.7901234568
-64.9711934156
-64.0474622771
-63.6916415181
-64.6494092364
-65.4024228929
-66.007483657
-66.5036039935
-66.917822729
-67.2690932127
-66.5760239602
-66.2743149434
-67.1784605929
-60.8309849039
-57.3281333271
-55.6488179368
-55.1196014381
-55.2980848242
0
-70.0
-70.0
-70.0
-70.0
-68.6090534979
-60.8798353909
-56.5463100137
-54.3946511203
0
-70.0
-70.0
-70.0
-70.0
-70.0
-70.0
-70.0
-70.0
-70.0
-70.0
-70.0
-70.0
-70.0
-70.0
-70.0
-70.0
-70.0
-69.1302838424
-68.6374446864
-68.3871597033
-68.2907500566
-61.2901564816
-55.0467951206
0
-70.0
-70.0
-70.0
-70.0
-69.6057229307
-69.3822992581
-69.2688350792
-69.2251287359
-69.2247339721
-61.4339478177
-57.0450111978
-55.7849545225
0
-70.0
-70.0
-70.0
-70.0
-69.2263374486
-68.7879286694
-68.5652857796
-61.7526529492
-55.6066514861
0
-70.0
-70.0
-70.0
-70.0
-64.6743740133
-61.6565192875
-60.1239224758
-59.5335669729
-59.528234772
-59.8740942925
-60.419140195
-61.06552973
-62.750878398
-57.1251156949
-54.1788208833
0
-70.0
-70.0
-70.0
-70.0
-70.0
-70.0
-70.0
-70.0
-70.0
-70.0
-63.9999108952
-60.5998604025
-58.8731680935
-58.2080471049
-58.2020396083
-58.5917004567
0
-70.0
-70.0
-70.0
-70.0
-69.7818930041
-63.2728395062
-59.5916460905
-57.7298751715
-57.021816781
-57.029587854
-57.4665975693
-58.1465834795
-58.9496889097
-59.7998958708
0
-70.0
-70.0
-70.0
-70.0
-68.9487857159
-68.3530976215
-68.0505815109
-67.9340524608
-67.9329999487
-69.0009677145
-69.6750494502
-70.0
-70.0
-70.0
-69.115701635
-61.6252563
-57.4101472224
-55.300743535
-54.5250765381
0
-70.0
-70.0
-70.0
-70.0
-69.5239012978
-62.3755027427
-58.3406135182
-56.3083261996
-55.545342935
-55.5693748785
-56.064814882
-56.8265850546
-56.7343220097
-57.1211534491
0
-70.0
-70.0
-70.0
-70.0
-66.8303664405
-65.0342407568
-64.1220906547
-63.7707309049
-64.7675563281
-65.5400663711
-65.1573750822
-65.0891811395
-65.2119587359
-66.3135394264
-60.1513212862
-56.7822796926
-55.2014454133
-54.7462299987
-54.0205781922
-54.1178345019
0
-70.0
-70.0
-70.0
-70.0
-67.8751056091
-61.053714837
-57.2590898791
-55.4070119084
-54.7821980624
-54.9145698194
0
-70.0
-70.0
-70.0
-70.0
-68.0782784052
-67.9892434316
-68.0028476664
-68.0775819518
-61.3685891887
-57.6309072245
-55.8006011386
-55.1757307824
-55.2949508759
-55.8566512362
-56.6651164111
-58.5773501058
-60.1054453191
-61.3521209364
-62.3883889423
-63.2638701144
-64.0136964805
-65.5753442556
-66.6598214455
-67.4218470446
-67.9650008359
-68.3587264161
-68.6496708837
-61.8724061858
-58.0769671608
-56.1971381738
-55.5293361758
-56.5936689079
-57.6791462502
-58.7411277806
-59.7536124395
-60.7026494868
-54.7640694631
0
-70.0
-70.0
-70.0
-70.0
-68.4230836537
-67.5294977241
-67.0756962422
-60.1740212412
-56.3605488659
-54.5271138118
0
-70.0
-70.0
-70.0
-70.0
-69.0603378943
-68.5278627011
-68.2574488285
-61.2342126836
-57.3124639072
-55.3823325111
-54.7115092564
-54.8186316617
0
-70.0
-70.0
-70.0
-70.0
-67.6131687243
-59.9396433471
-55.6708733425
0
-70.0
-70.0
-70.0
-70.0
-63.5555555556
-59.2
-56.9466666667
-56.0297777778
-55.9453185185
-56.3631323457
-57.0683828971
-57.9225871314
-57.8962177644
-58.2838555521
-58.9069763729
-59.6506163197
-59.6393106079
-59.9778834939
-60.5150977758
0
-70.0
-70.0
-70.0
-70.0
-68.9794238683
-68.4010973937
-68.1073982625
-67.9942655083
-67.9932436722
-68.0595224481
-68.1639722988
-61.3417945589
-57.537094763
0
-70.0
-70.0
-70.0
-70.0
-69.0778509807
-68.5552998697
-68.2899258742
-68.1877039477
-68.1867806602
-67.2468009896
-66.7745864875
-66.59877157
-66.6066569006
-66.7244995355
-66.9043884653
-67.1155088743
-67.3383308239
-68.5607428228
-69.3421652614
-69.8329465492
-70.0
-70.0
-70.0
-70.0
-70.0
-70.0
-70.0
-63.443767805
-59.7285695611
-57.8418316294
-57.1150611494
-56.1086304803
-55.6344843961
-56.7898288235
-57.9233745191
-59.0060561192
-60.0221298752
-60.9643697997
-61.8309014277
-62.6231236903
-56.3803205424
0
-70.0
-70.0
-70.0
-70.0
-69.8264784907
-69.7281496354
-69.678214001
-68.6599937796
-68.0937285208
-67.8175117481
-67.7245312929
-67.7445919767
-67.8318086544
-68.9448506859
-69.6478475487
-70.0
-70.0
-70.0
-70.0
-70.0
-70.0
-70.0
-70.0
-70.0
-70.0
-70.0
-70.0
-69.0877367367
-69.5122598907
-69.7832317867
-69.9530405315
-70.0
-70.0
-70.0
-70.0
-70.0
-70.0
-70.0
-70.0
-70.0
-70.0
-70.0
-70.0
-70.0
-70.0
-70.0
-70.0
-70.0
-70.0
-70.0
-70.0
-70.0
-70.0
-70.0
-70.0
-70.0
-69.058527663
-61.5250266724
-57.2874251889
0
-70.0
-70.0
-70.0
-70.0
-68.9487857159
-67.4408891167
-66.6214548534
-66.2424124669
-59.3223260169
-55.526196613
0
-70.0
-70.0
-70.0
-70.0
-67.9506436854
-66.7893417737
-67.1995708337
-67.5390559085
-67.8247784231
-61.9545090856
-58.7005305136
-57.1247923533
-56.6085230453
-56.7451440257
-57.2689451464
0
-70.0
-70.0
-70.0
-70.0
-67.3323183741
-66.5243358231
-66.1554017651
-66.0621946048
-66.1375304885
-67.1139501382
-68.1293369234
-68.8009244304
-69.2438461203
-69.5348042635
-69.724885674
-69.8481049978
-69.9270997589
-69.9769266235
-70.0
-70.0
-70.0
-70.0
-70.0
-70.0
-70.0
-70.0
-70.0
-70.0
-70.0
-70.0
-63.0585276367
-59.1250266308
-57.1274251396
0
-70.0
-70.0
-70.0
-70.0
-69.4485596708
-69.1360768176
-68.977384545
-69.7187254992
-70.0
-70.0
-70.0
-70.0
-70.0
-70.0
-69.0425420556
-61.5106396257
-57.2744768469
-55.1569632847
-54.3812230379
-54.4364047886
-54.988300346
-55.819827669
-56.7914164737
-57.8146558742
-58.8347776519
-59.8190247969
-60.7489389239
-61.6152561027
-62.4145378732
-63.1469556731
-63.8148411639
-64.4217444196
-64.9718282257
-65.4694842352
-58.9222526839
-55.3631719971
0
-70.0
-70.0
-70.0
-70.0
-68.5903073859
-67.7914815712
-68.3858029055
-69.1295356093
-69.6047907112
-70.0
-70.0
-63.385916781
-57.3046029569
-54.0789945638
0
-70.0
-70.0
-70.0
-70.0
-70.0
-69.1713153483
-68.701727379
-68.4632503514
-68.3713891232
-68.3705594154
-68.424376277
-68.5091871846
-68.6422828584
-69.100730834
-69.7391085915
-70.0
-70.0
-70.0
-69.1961274638
-61.7415352935
-58.4562706531
-56.869902847
-56.9113076241
-57.3724402361
-58.0700384622
0
-70.0
-70.0
-70.0
-70.0
-68.1172077427
-66.7169587969
-65.9862441362
-65.6816072019
-65.642771468
-58.886101688
-55.2025630972
0
-70.0
-70.0
-70.0
-70.0
-69.4589198416
-69.1523077518
-69.0549909125
-69.0281011119
-62.1252910007
-58.246095234
-56.3103745994
-55.6052630654
-55.6620207095
-56.174007939
-56.9420666787
-57.8381663665
-58.7812206337
-60.7094514863
-62.1760749483
-63.3168465272
-64.224081257
-57.9969203372
0
-70.0
-70.0
-70.0
-70.0
-69.5224332591
-69.2518121059
-69.1143790105
-69.0614398528
-69.0609616965
-69.0919760795
-69.1408521733
-70.0
-70.0
-70.0
-70.0
-69.1868737923
-68.7261022746
-68.4921026215
-68.4019660756
-68.4011519455
-68.4539584027
-61.5381125971
-58.6591070073
-57.3097334198
0
-70.0
-70.0
-70.0
-70.0
-70.0
-70.0
-70.0
-70.0
-70.0
-70.0
-70.0
-70.0
-69.9640323824
-69.9436507324
-69.9333000514
-70.0
-70.0
-70.0
-70.0
-63.2377686328
-58.4448559671
-55.9542798354
-54.9281248285
-54.8148276635
-56.2140033333
-57.5130419575
-58.7086970667
-60.5061706004
-61.9011157006
-63.5636011263
-57.8565661504
0
-70.0
-70.0
-70.0
-70.0
-65.0955647005
-63.2773662551
-62.7438683128
-62.9989739369
-63.3854048468
-63.4323238957
-63.6793978619
-64.5938845351
-65.3227803878
-65.9160252199
-66.4081046118
-66.8230820932
-67.1779658456
-67.4849639022
-67.7529972728
-67.988717386
-68.1971922077
-68.3823706939
-68.5473987624
-68.6948356448
-68.8268032527
-68.9450903757
-62.0518500372
-58.1808441662
-56.2522125047
0
-70.0
-70.0
-70.0
-70.0
-68.880747541
-61.8610449473
-57.9205218928
-55.9588573304
-55.2498966819
-55.3161904034
-55.8454269562
-56.6347879894
-57.5539116763
-58.5202554992
-59.482719943
0
-70.0
-70.0
-70.0
-70.0
-64.6666668023
-61.644444657
-60.1096298812
-60.5184199795
-61.4130800392
-62.2361067403
-62.988719203
-63.6739960405
-64.2960289417
-57.9807717604
-54.5922583929
0
-70.0
-70.0
-70.0
-70.0
-70.0
-70.0
-62.6666666667
-56.1777777778
0
-70.0
-70.0
-70.0
-70.0
-62.2962962963
-55.5975308642
0
-70.0
-70.0
-70.0
-70.0
-67.8148148148
-66.5765432099
-65.9476954733
-65.7054636488
-65.7032757659
-65.8451871773
-66.0688277848
-66.3340512232
-66.6153835788
-66.8970035395
-60.1933871431
-56.4981044004
-54.7309979415
-54.1797008014
-54.376265824
0
-70.0
-70.0
-70.0
-70.0
-66.6914174279
-64.8165539704
-63.8644174302
-63.497654925
-63.4943422578
-63.7092099155
-65.0478182979
-66.0160560507
-66.729796834
-66.2721863073
-66.1218804477
-66.1609675837
-66.3123876125
-66.5261600427
-66.770218166
-61.0054048542
-57.8463367054
-56.3560179258
-55.9166260606
-56.1224367394
-56.7085085888
-57.5032014121
-58.396577059
-59.3193832118
-59.2313711214
-59.5375181631
-60.0699557827
-60.7204198283
-61.4200175948
-62.1257756682
-62.8117046566
-56.4735289663
0
-70.0
-70.0
-70.0
-70.0
-66.5927262498
-64.6619377913
-63.6814001232
-63.3036975182
-63.300286038
-57.9312389918
-55.1121027978
0
-70.0
-70.0
-70.0
-70.0
-67.9259259259
-66.750617284
-66.153744856
-65.923829904
-59.3314469136
-56.6731078921
-55.8556675495
-55.8366810922
-56.2973998482
-57.7342881438
-59.0052781831
-60.1343629339
-54.4137974494
0
-70.0
-70.0
-70.0
-70.0
-63.5555555556
-59.9037037037
-58.0491358025
0
-70.0
-70.0
-70.0
-70.0
-65.5135226676
-59.9506093809
-56.9478410962
-55.5812520888
-54.2453491022
0
-70.0
-70.0
-70.0
-70.0
-66.4704567393
-63.7666785212
-62.352188973
-61.7584222783
-55.2914219853
0
-70.0
-70.0
-70.0
-70.0
-62.9744387981
-58.9932874504
0
-70.0
-70.0
-70.0
-70.0
-65.5293417587
-59.1070798664
-55.6168200688
-54.0021035213
0
-70.0
-70.0
-70.0
-70.0
-69.5344782707
-68.4023698669
-60.8977498718
-57.6968637735
-56.1864366554
-54.9381633603
-54.6912606045
-55.0534102642
-55.7689197179
-56.6725947328
-57.659046584
-58.6622828086
-59.6421484498
-60.5753295528
-61.4493938962
-55.2948203233
0
-70.0
-70.0
-70.0
-70.0
-69.581467959
-69.3442998024
-69.2238555817
-69.1774605299
-62.2984321905
-58.4277341139
-55.4911911213
-54.2128922884
0
-70.0
-70.0
-70.0
-70.0
-68.9135802469
-61.9124828532
-57.9814083219
-55.1111748209
0
-70.0
-70.0
-70.0
-70.0
-69.642504896
-69.4399243371
-69.3370451905
-62.3783433358
-58.4571774451
0
-70.0
-70.0
-70.0
-70.0
-69.3909465021
-69.0458161866
-68.8705441244
-68.8030294162
-61.9845056749
-57.1779161043
-54.7213651584
0
-70.0
-70.0
-70.0
-70.0
-67.8708237499
-66.6642905414
-66.0515609317
-65.8155378014
-65.8134059966
-65.9516800471
-59.35167454
-55.7466154177
-54.0586927637
0
-70.0
-70.0
-70.0
-70.0
-69.726682152
-69.5718020382
-69.4931472352
-69.4628494456
-69.4625757904
-69.4803257375
-69.5082981812
-68.541483442
-68.0100118171
-67.7574617816
-67.6806830342
-67.7119263514
-67.8069414632
-67.9370524816
-68.0838840099
-67.2748719022
-66.8803022408
-66.7475503693
-66.7763142341
-66.9010287452
-67.0791564936
-67.2833945929
-68.4964909645
-68.3134841976
-68.2598973309
-68.2857486331
-61.3584083377
-57.4900572159
-55.5860446356
-54.9241022662
-55.0294667691
-55.5917032451
-56.4093216893
-57.3529153661
-58.34064106
-59.3219217744
-60.2666261438
-61.1578945607
-61.9873924588
-62.7521781157
-63.4526435727
-64.0911680611
-58.681600162
-55.8131394171
0
-70.0
-70.0
-70.0
-70.0
-69.5226073434
-69.2520848381
-69.1147018402
-62.3349110764
-56.1892062488
0
-70.0
-70.0
-70.0
-70.0
-68.3931668802
-61.8871835255
-58.2540207285
0
-70.0
-70.0
-70.0
-70.0
-69.3354671544
-68.9588985419
-68.7676607563
-68.6177655845
-68.5739029619
-68.0395664008
-67.7843122507
-67.1494604634
-66.8635673756
-66.7965792771
-66.8631671087
-59.2158688402
-54.9869609177
0
-70.0
-70.0
-70.0
-70.0
-70.0
-70.0
-70.0
-70.0
-63.1859698443
-59.3246860893
-57.3637596334
0
-70.0
-70.0
-70.0
-70.0
-68.4192299804
-61.138000769
-58.0612377291
-56.6131386476
-55.3221951532
-55.0368892181
-55.3644760165
-56.0488788949
-56.9245579922
-57.9589730968
-58.980989723
-59.9615000413
0
-70.0
-70.0
-70.0
-70.0
-63.4054260021
-59.6685007367
-57.7707288862
0
-70.0
-70.0
-70.0
-70.0
-65.646090535
-63.1788751715
-61.925916781
-55.8259939034
0
-70.0
-70.0
-70.0
-70.0
-69.3935950662
-62.4596592479
-58.5506424487
-56.5868776209
-55.8557228035
-55.8885058196
-56.3785587686
-57.1266385791
-59.0041474197
-59.8306035816
-60.6654571593
-61.477520734
-61.5451378173
-61.8675368067
-62.3320583067
-62.8663692632
-63.4247435284
-63.9789433032
-57.5192697725
-54.059489995
0
-70.0
-70.0
-70.0
-70.0
-69.5866905635
-62.625610979
-58.6947761956
-56.7131161191
-55.9670162026
-55.9871223792
-56.4662820059
-57.204901715
-59.0745174135
-60.5604695855
-60.7667810072
-61.1983418267
-61.1951113687
-61.4866693815
-55.8935579989
0
-70.0
-70.0
-70.0
-70.0
-69.3854595336
-69.037219936
-68.8603688462
-68.7922458975
-68.7916305983
-68.8315403989
-68.8944349326
-68.9690238217
-69.0481430278
-69.1273431172
-69.2039517336
-70.0
-70.0
-70.0
-70.0
-69.1961274638
-68.7405996933
-68.5092630412
-68.4201522819
-68.4193474169
-68.4715529174
-68.5538244537
-68.6513932271
-68.7548880502
-69.8533504446
-70.0
-70.0
-70.0
-70.0
-70.0
-70.0
-70.0
-70.0
-70.0
-70.0
-69.4444440224
-69.1296289684
-68.9697523038
-68.9081678948
-68.907611653
-68.9436908528
-62.0005487146
-58.1013118079
-56.1583926036
0
-70.0
-70.0
-70.0
-70.0
-67.1817596978
-65.5847568599
-64.7737299285
-63.4623377312
-63.834896825
-64.2639357205
-64.7125612004
-64.3555153126
-57.4508279788
0
-70.0
-70.0
-70.0
-70.0
-68.9583566191
-68.3680920366
-68.0683302192
-67.9528621214
-67.9518191921
-69.0171824698
-69.6891610207
-63.1386770682
-58.4544389911
-56.0287481784
-55.0390420848
-54.9439170258
-55.3887114229
-56.1426310138
-57.0568950678
-58.0368903313
-59.0236578117
-59.0076086677
-59.3643922258
-59.9329826197
0
-70.0
-70.0
-70.0
-70.0
-66.6666666667
-65.4814814815
-64.9209876543
-64.7539917695
-64.8286611797
-65.0458407865
-65.341287191
-65.6738454607
-66.0175855738
-66.3565767892
-66.6814189588
-60.0229112462
-56.3603762438
-54.6175093675
0
-70.0
-70.0
-70.0
-70.0
-69.5958603005
-62.5489338683
-58.6273738148
-56.6535253222
0
-70.0
-70.0
-70.0
-70.0
-69.0781893004
-69.5168114617
-69.1554366712
-68.9667639079
-68.888001453
-69.581514302
-70.0
-70.0
-69.2603286787
-69.6436507324
-70.0
-70.0
-70.0
-70.0
-70.0
-70.0
-70.0
-63.4184321496
-59.6888770343
-57.794848064
-57.0652690797
-57.0586793865
-57.4861029243
-58.1596869495
-58.9585144664
-59.8058604942
-60.6540727612
-61.4745310293
-56.3267771977
0
-70.0
-70.0
-70.0
-70.0
-66.8449931413
-61.072702332
-57.9069044353
-56.4105288828
-55.9656859219
-56.1665906146
-56.7482470764
0
-70.0
-70.0
-70.0
-70.0
-69.7818930041
-69.6582990398
-69.5955326932
-69.5713551288
-70.0
-70.0
-70.0
-70.0
-70.0
-70.0
-70.0
-70.0
-70.0
-70.0
-70.0
-70.0
-70.0
-63.0582269348
-59.1245555312
-57.1268675047
-56.3573591052
-56.3504087621
-56.8012249308
-57.511673801
-57.354238264
-57.681302333
-59.2866415912
-60.606957093
-61.7122478244
-55.7056320954
0
-70.0
-70.0
-70.0
-70.0
-69.9410150892
-69.9075903064
-70.0
-70.0
-70.0
-63.2377686328
-59.4058375248
-57.4598176091
-56.7102117394
-57.6449134961
-58.617570767
-59.5805794372
-60.5056986582
-61.3772469021
-62.1876009517
-61.9352416424
-62.0526513353
-62.3880087732
-62.1392525732
-62.2520237674
-62.5779523583
-63.0209111009
-63.5193226431
-64.034392147
-64.5422874445
-66.0274259359
-67.0509281663
-67.7633318989
-61.2659534754
-57.6586613055
-56.7739767172
-56.684033407
-57.0739329739
-58.4424453187
-59.6488045483
-60.7176599344
-61.6683845016
-62.5165397585
-56.3962722968
0
-70.0
-70.0
-70.0
-70.0
-69.2653333108
-68.8490221868
-68.6376014396
-68.5561622766
-67.5814389978
-67.0772237306
-66.8721204459
-66.8533211269
-59.970909243
-56.1757651379
-54.3594865036
0
-70.0
-70.0
-70.0
-70.0
-70.0
-63.6615284356
-60.0697278824
-58.9493603248
-58.6454944461
0
-70.0
-70.0
-70.0
-70.0
-69.1365833067
-68.6473138472
-68.3988417099
-68.3031303705
-68.3022658878
-68.3583383353
-68.4467038593
-68.5514997117
-68.6626605661
-68.7739350599
-68.8815685875
-67.9834312963
-67.5117678784
-68.3114101698
-61.4802691528
-57.6655755708
-55.7879069026
-55.1350421383
-55.2388218751
0
-70.0
-70.0
-70.0
-70.0
-69.0781893004
-68.555829904
-67.2982606159
-66.6337770226
-66.3472942992
-66.2971615218
-66.3905098047
-66.5668351142
-66.7870691295
-67.0263072343
-67.2689731894
-67.5056069895
-67.7307337032
-60.9461884177
-54.8439216325
0
-70.0
-70.0
-70.0
-70.0
-68.718798082
-67.9927836619
-67.624082221
-66.67958948
-66.2235741861
-66.0758458702
-66.1180140183
-66.2727144399
-66.4897775449
-66.737022823
-66.9941358958
-66.2876176519
-65.9874527839
-65.9411054369
-66.0485935142
-66.24479991
-66.4876970839
-59.7511358856
-56.0508279704
-54.2956156223
0
-70.0
-70.0
-70.0
-70.0
-62.7037037039
-56.2358024695
0
-70.0
-70.0
-70.0
-70.0
-69.3854595336
-69.037219936
-68.8603688462
-68.7922458975
-68.7916305983
-62.7807802957
-59.4149107709
-57.7482253637
-56.1956250495
-55.7242106927
-55.9172217222
-56.5024542825
-57.3035120093
-58.2073629117
-59.1427613561
-60.0659083775
-60.9509329778
-61.7835833054
-55.593021676
0
-70.0
-70.0
-70.0
-70.0
-69.3843881878
-62.4452351384
-57.5342454437
-56.0030431215
-55.5508869575
-55.7612303605
-56.362062057
-57.1771590063
-58.093645209
-58.0989430871
-58.4988237111
-58.5665690729
0
