-62.0
-57.4666666667
-55.1644444444
-54.2776296296
0
-70.0
-70.0
-70.0
-70.0
-70.0
-70.0
-70.0
-69.3453333333
-68.9743555556
-68.785957037
-68.7133860247
-62.2929774634
-58.6976330778
-56.9171720105
-56.2849896365
0
-70.0
-70.0
-70.0
-70.0
-70.0
-70.0
-70.0
-68.0231769547
-66.9029772291
-66.3340914861
-66.1149569907
-59.6932246407
-56.1837444094
-54.5385981236
-54.0668904147
-56.3254338135
-70.0
-70.0
-70.0
-70.0
-70.0
-70.0
-70.0
-64.6610919536
-61.6357107274
-60.099291634
-59.5074637902
0
-70.0
-70.0
-70.0
-70.0
-70.0
-70.0
-70.0
-67.4007744454
-65.9278799645
-65.1798806105
-64.8917516444
-58.4693961235
-55.0003362735
0
-70.0
-70.0
-70.0
-70.0
-70.0
-70.0
-70.0
-70.0
-70.0
-64.689123314
-61.6796265253
-60.1512742345
-59.5625537189
0
-70.0
-70.0
-70.0
-70.0
-70.0
-70.0
-70.0
-68.3981069959
-67.4903676269
-67.0293784179
-66.8518056119
-60.4304486549
-56.8966195255
-55.213101397
-54.69588714
0
-70.0
-70.0
-70.0
-70.0
-70.0
-70.0
-70.0
-68.109037037
-67.037491358
-66.4933142387
-66.2836974925
-59.8620511086
-56.3469949079
-54.6930613573
-54.3747749467
-54.3003599336
-70.0
-70.0
-70.0
-70.0
-70.0
-70.0
-70.0
-65.0763799126
-62.2863285298
-60.8694200824
-60.3236276779
0
-70.0
-70.0
-70.0
-70.0
-70.0
-70.0
-70.0
-70.0
-70.0
-70.0
-70.0
-63.6855369608
-60.1073412386
-58.2901790974
-57.590209176
0
-70.0
-70.0
-70.0
-70.0
-70.0
-70.0
-70.0
-68.5718148148
-67.7625098765
-67.3515099177
-67.1931929451
-60.7720099103
-57.2268997591
-55.5256036764
-54.9873059042
0
-70.0
-70.0
-70.0
-70.0
-70.0
-70.0
-70.0
-68.4049547325
-67.5010957476
-67.0420771651
-66.8652634434
-60.4439133425
-56.9096395039
-55.2254205506
-54.8786308843
0
-70.0
-70.0
-70.0
-70.0
-70.0
-70.0
-70.0
-67.6889478738
-66.379351669
-65.7142822237
-65.4580978158
-59.0360308241
-55.5482562683
0
-70.0
-70.0
-70.0
-70.0
-70.0
-70.0
-70.0
-70.0
-70.0
-64.2118180175
-60.9318482274
-59.266138079
-58.6245073874
0
-70.0
-70.0
-70.0
-70.0
-70.0
-70.0
-70.0
-68.4914567901
-67.6366156379
-67.2024904252
-67.0352656168
-60.6140021248
-57.0741106254
-55.3810387049
-54.8524942625
0
-70.0
-70.0
-70.0
-70.0
-70.0
-70.0
-70.0
-68.6585596708
-67.8984101509
-67.5123734339
-67.3636722893
-60.9425761064
-57.3918325265
-55.6816586277
-55.1328323341
0
-70.0
-70.0
-70.0
-70.0
-70.0
-70.0
-70.0
-68.1911481481
-67.1661320988
-66.6455847325
-66.445070155
-60.0235059836
-56.5031172813
-54.8407801505
-54.7201084887
-56.5079696063
-62.4686403729
-67.2733396283
-70.0
-65.8488491177
-63.4965302845
-62.3019213083
-61.8417585457
-55.4178491835
0
-70.0
-70.0
-70.0
-70.0
-70.0
-70.0
-70.0
-70.0
-70.0
-70.0
-63.823239522
-60.3230752511
-58.5455408468
-57.8608355094
0
-70.0
-70.0
-70.0
-70.0
-70.0
-70.0
-70.0
-68.6389917727
-67.8677537773
-67.4760858541
-67.3252155717
-60.9040997968
-57.3546270053
-55.6464557636
-55.1000044931
0
-70.0
-70.0
-70.0
-70.0
-70.0
-70.0
-70.0
-68.2918971193
-67.3239721536
-66.8324181024
-66.643071735
-60.2216084369
-56.6946768435
-55.0220286593
-54.5177054602
0
-70.0
-70.0
-70.0
-70.0
-70.0
-70.0
-70.0
-68.6416707819
-67.8719508916
-67.4810539278
-67.3304806185
-60.9093675259
-57.3597207528
-55.6512753306
-55.1044988995
0
-70.0
-70.0
-70.0
-70.0
-70.0
-70.0
-70.0
-68.2656995885
-67.2829293553
-66.7838362369
-66.5915858246
-60.1700962966
-56.6448660366
-54.9748990128
-54.473755498
0
-70.0
-70.0
-70.0
-70.0
-70.0
-70.0
-70.0
-68.2750781893
-67.2976224966
-66.801228331
-66.610017554
-60.1885374163
-56.6626980864
-54.9917712189
-54.8838938857
-60.7767780681
-70.0
-70.0
-70.0
-70.0
-70.0
-70.0
-70.0
-64.501544601
-61.3857532082
-59.8034199322
-59.1939059689
0
-70.0
-70.0
-70.0
-70.0
-70.0
-70.0
-70.0
-70.0
-70.0
-70.0
-70.0
-63.9502709953
-60.5220912259
-58.7811136568
-58.1104899934
0
-70.0
-70.0
-70.0
-70.0
-70.0
-70.0
-70.0
-69.7133539095
-69.5509211248
-69.4684307499
-69.4366554999
-63.0166154135
-59.3973708479
-57.5792450803
-56.9023947837
0
-70.0
-70.0
-70.0
-70.0
-70.0
-70.0
-70.0
-69.1780576132
-68.7122902606
-68.4757535071
-68.3846396714
-61.9640636278
-58.3795825474
-56.6162411476
-56.0043616028
0
-70.0
-70.0
-70.0
-70.0
-70.0
-70.0
-70.0
-69.2457337871
-68.8183162665
-68.6012552119
-68.5176434054
-62.0971351216
-58.5082589805
-56.7379913299
-56.1178976952
0
-70.0
-70.0
-70.0
-70.0
-70.0
-70.0
-70.0
-70.0
-70.0
-70.0
-70.0
-63.7716104252
-60.2421896662
-58.4497975553
-57.7593690368
0
-70.0
-70.0
-70.0
-70.0
-70.0
-70.0
-70.0
-69.8485390947
-69.7627112483
-69.7191241655
-69.7023344437
-63.2824297094
-59.6544058785
-57.8224447173
-57.12918653
0
-70.0
-70.0
-70.0
-70.0
-70.0
-70.0
-70.0
-70.0
-70.0
-70.0
-70.0
-63.6045383326
-59.9804433877
-58.1399716412
-57.4310228719
0
-70.0
-70.0
-70.0
-70.0
-70.0
-70.0
-70.0
-69.8041358025
-69.6931460905
-69.636780727
-69.615068818
-63.1951196256
-59.5699794559
-57.7425627056
-57.0546938986
0
-70.0
-70.0
-70.0
-70.0
-70.0
-70.0
-70.0
-69.1182027475
-68.6185176378
-68.364755984
-68.2670071256
-61.8463711533
-58.2657771981
-56.5085615851
-55.9039468311
0
-70.0
-70.0
-70.0
-70.0
-70.0
-70.0
-70.0
-70.0
-70.0
-70.0
-70.0
-64.5965944216
-61.5346645938
-59.979684544
-59.3807070293
0
-70.0
-70.0
-70.0
-70.0
-70.0
-70.0
-70.0
-70.0
-70.0
-70.0
-70.0
-63.8534312859
-60.3703756812
-58.6015297957
-57.9201712712
0
-70.0
-70.0
-70.0
-70.0
-70.0
-70.0
-70.0
-70.0
-70.0
-70.0
-70.0
-63.6565824315
-60.0619791427
-58.2364845314
-57.5333049468
0
-70.0
-70.0
-70.0
-70.0
-70.0
-70.0
-70.0
-70.0
-70.0
-70.0
-70.0
-63.5888894986
-59.9559268811
-58.1109517479
-57.4002682764
0
-70.0
-70.0
-70.0
-70.0
-70.0
-70.0
-70.0
-69.013891216
-68.4550962384
-68.1713160439
-68.0620040591
-61.6412636464
-58.067443944
-56.320903991
-55.7289498862
0
-70.0
-70.0
-70.0
-70.0
-70.0
-70.0
-70.0
-69.540781945
-69.2805583805
-69.1484056291
-69.0975004573
-62.6772875858
-59.0692502768
-57.2687862155
-56.6128815715
0
-70.0
-70.0
-70.0
-70.0
-70.0
-70.0
-70.0
-70.0
-70.0
-70.0
-70.0
-64.1304313367
-60.8043424275
-59.115211001
-58.4645584451
0
-70.0
-70.0
-70.0
-70.0
-70.0
-70.0
-70.0
-70.0
-70.0
-70.0
-70.0
-63.7654357567
-60.2325160189
-58.4383469756
-57.7472339837
0
-70.0
-70.0
-70.0
-70.0
-70.0
-70.0
-70.0
-70.0
-70.0
-70.0
-70.0
-63.652170096
-60.0550664838
-58.2283021003
-57.5246334002
0
-70.0
-70.0
-70.0
-70.0
-70.0
-70.0
-70.0
-70.0
-70.0
-70.0
-70.0
-63.7865755455
-60.2656350213
-58.4775495394
-57.7887799322
0
-70.0
-70.0
-70.0
-70.0
-70.0
-70.0
-70.0
-70.0
-70.0
-70.0
-70.0
-64.0301754814
-60.6472749208
-58.9292920871
-58.267525984
0
-70.0
-70.0
-70.0
-70.0
-70.0
-70.0
-70.0
-70.0
-70.0
-70.0
-70.0
-63.8361192908
-60.3432535555
-58.5694256625
-57.8861480713
0
-70.0
-70.0
-70.0
-70.0
-70.0
-70.0
-70.0
-70.0
-70.0
-70.0
-70.0
-64.3468292435
-61.1433658148
-59.5165088971
-58.8898444499
0
-70.0
-70.0
-70.0
-70.0
-70.0
-70.0
-70.0
-70.0
-70.0
-70.0
-70.0
-63.651658803
-60.054265458
-58.2273539358
-57.5236285579
0
-70.0
-70.0
-70.0
-70.0
-70.0
-70.0
-70.0
-70.0
-70.0
-70.0
-70.0
-63.613648333
-59.9947157217
-58.1568656308
-57.448926722
0
-70.0
-70.0
-70.0
-70.0
-70.0
-70.0
-70.0
-70.0
-70.0
-70.0
-70.0
-64.7359561043
-61.7529978967
-60.2381230422
-59.6545940281
0
-70.0
-70.0
-70.0
-70.0
-70.0
-70.0
-70.0
-70.0
-70.0
-70.0
-70.0
-64.1056473099
-60.7655141188
-59.0692504002
-58.415850489
0
-70.0
-70.0
-70.0
-70.0
-70.0
-70.0
-70.0
-70.0
-70.0
-70.0
-70.0
-63.8676665143
-60.392677539
-58.6279282359
-57.9481477128
0
-70.0
-70.0
-70.0
-70.0
-70.0
-70.0
-70.0
-70.0
-70.0
-70.0
-70.0
-64.1984015633
-60.9108291158
-59.2412580101
-58.5981400797
0
-70.0
-70.0
-70.0
-70.0
-70.0
-70.0
-70.0
-70.0
-70.0
-70.0
-70.0
-63.7338538662
-60.1830377238
-58.3797801141
-57.6851662112
0
-70.0
-70.0
-70.0
-70.0
-70.0
-70.0
-70.0
-70.0
-70.0
-70.0
-70.0
-64.2521957019
-60.9951065996
-59.3410162516
-58.7038615011
0
-70.0
-70.0
-70.0
-70.0
-70.0
-70.0
-70.0
-70.0
-70.0
-70.0
-70.0
-64.9505160799
-62.0891418585
-60.636012597
-60.0762679536
0
-70.0
-70.0
-70.0
-70.0
-70.0
-70.0
-70.0
-70.0
-70.0
-70.0
-70.0
-63.7591779537
-60.2227121274
-58.4267422275
-57.7349355465
0
-70.0
-70.0
-70.0
-70.0
-70.0
-70.0
-70.0
-70.0
-70.0
-70.0
-70.0
-63.9035659198
-60.4489199411
-58.6945016891
-58.0187006816
0
-70.0
-70.0
-70.0
-70.0
-70.0
-70.0
-70.0
-70.0
-70.0
-70.0
-70.0
-64.1784393207
-60.8795549357
-59.2042391402
-58.5589083583
0
-70.0
-70.0
-70.0
-70.0
-70.0
-70.0
-70.0
-70.0
-70.0
-70.0
-70.0
-64.2357591831
-60.9693560534
-59.3105356406
-58.6715588715
0
-70.0
-70.0
-70.0
-70.0
-70.0
-70.0
-70.0
-70.0
-70.0
-70.0
-70.0
-64.2373479652
-60.9718451456
-59.3134819489
-58.6746812993
0
-70.0
-70.0
-70.0
-70.0
-70.0
-70.0
-70.0
-70.0
-70.0
-70.0
-70.0
-64.8804096936
-61.97930852
-60.5060041985
-59.9384881324
0
-70.0
-70.0
-70.0
-70.0
-70.0
-70.0
-70.0
-70.0
-70.0
-70.0
-70.0
-63.7862661093
-60.2651502379
-58.4769757071
-57.7881717984
0
-70.0
-70.0
-70.0
-70.0
-70.0
-70.0
-70.0
-70.0
-70.0
-70.0
-70.0
-63.8304592575
-60.33438617
-58.5589294452
-57.8750244289
0
-70.0
-70.0
-70.0
-70.0
-70.0
-70.0
-70.0
-70.0
-70.0
-70.0
-70.0
-65.0034970279
-62.1721453437
-60.7342628217
-60.1803912145
0
-70.0
-70.0
-70.0
-70.0
-70.0
-70.0
-70.0
-70.0
-70.0
-70.0
-70.0
-64.5821356501
-61.5120125184
-59.9528715555
-59.3522912592
0
-70.0
-70.0
-70.0
-70.0
-70.0
-70.0
-70.0
-70.0
-70.0
-70.0
-70.0
-64.2390716862
-60.9745456418
-59.3166784937
-58.6780689217
0
-70.0
-70.0
-70.0
-70.0
-70.0
-70.0
-70.0
-70.0
-70.0
-70.0
-70.0
-64.4169392486
-61.2532048229
-59.6465240067
-59.0276313834
0
-70.0
-70.0
-70.0
-70.0
-70.0
-70.0
-70.0
-70.0
-70.0
-70.0
-70.0
-63.9582376547
-60.5345723257
-58.7958873841
-58.1261468397
0
-70.0
-70.0
-70.0
-70.0
-70.0
-70.0
-70.0
-70.0
-70.0
-70.0
-70.0
-64.617741198
-61.5677945435
-60.018900066
-59.4222667107
0
-70.0
-70.0
-70.0
-70.0
-70.0
-70.0
-70.0
-70.0
-70.0
-70.0
-70.0
-65.0268276177
-62.2086966011
-60.7775281045
-60.2262427363
0
-70.0
-70.0
-70.0
-70.0
-70.0
-70.0
-70.0
-70.0
-70.0
-70.0
-70.0
-64.0070659639
-60.6110700101
-58.8864367708
-58.2221089348
0
-70.0
-70.0
-70.0
-70.0
-70.0
-70.0
-70.0
-70.0
-70.0
-70.0
-70.0
-64.1360499924
-60.8131449881
-59.1256304859
-58.4756007684
0
-70.0
-70.0
-70.0
-70.0
-70.0
-70.0
-70.0
-70.0
-70.0
-70.0
-70.0
-64.4817883984
-61.3548018242
-59.7667831522
-59.1550791773
0
-70.0
-70.0
-70.0
-70.0
-70.0
-70.0
-70.0
-70.0
-70.0
-70.0
-70.0
-64.5453579231
-61.4543940795
-59.884669304
-59.2800121286
0
-70.0
-70.0
-70.0
-70.0
-70.0
-70.0
-70.0
-70.0
-70.0
-70.0
-70.0
-64.5207173703
-61.4157905468
-59.8389747678
-59.2315861415
0
-70.0
-70.0
-70.0
-70.0
-70.0
-70.0
-70.0
-70.0
-70.0
-70.0
-70.0
-65.0591141594
-62.2592788498
-60.8374017023
-60.2896953571
0
-70.0
-70.0
-70.0
-70.0
-70.0
-70.0
-70.0
-70.0
-70.0
-70.0
-70.0
-63.9826719539
-60.5728527277
-58.8411994345
-58.1741674773
0
-70.0
-70.0
-70.0
-70.0
-70.0
-70.0
-70.0
-70.0
-70.0
-70.0
-70.0
-64.0795961058
-60.7247005657
-59.0209398895
-58.3646521541
0
-70.0
-70.0
-70.0
-70.0
-70.0
-70.0
-70.0
-70.0
-70.0
-70.0
-70.0
-65.4311489102
-62.8421332927
-61.5273194791
-61.0208538749
-54.5965262969
0
-70.0
-70.0
-70.0
-70.0
-70.0
-70.0
-70.0
-70.0
-70.0
-70.0
-65.5271165981
-62.9924826703
-61.7052862247
-61.2094588164
-54.7852273245
0
-70.0
-70.0
-70.0
-70.0
-70.0
-70.0
-70.0
-70.0
-70.0
-70.0
-65.1299982327
-62.3703305646
-60.9688522782
-60.4290035638
-54.0043744633
0
-70.0
-70.0
-70.0
-70.0
-70.0
-70.0
-70.0
-70.0
-70.0
-70.0
-65.0442701429
-62.2360232238
-60.8098742983
-60.2605224664
0
-70.0
-70.0
-70.0
-70.0
-70.0
-70.0
-70.0
-70.0
-70.0
-70.0
-70.0
-64.113118188
-60.7772184945
-59.0831047287
-58.4305329782
0
-70.0
-70.0
-70.0
-70.0
-70.0
-70.0
-70.0
-70.0
-70.0
-70.0
-70.0
-64.7039195245
-61.702807255
-60.1787129848
-59.5916326565
0
-70.0
-70.0
-70.0
-70.0
-70.0
-70.0
-70.0
-70.0
-70.0
-70.0
-70.0
-65.289677793
-62.6204952091
-61.2649691517
-60.7428212123
-54.3183519884
0
-70.0
-70.0
-70.0
-70.0
-70.0
-70.0
-70.0
-70.0
-70.0
-70.0
-65.1171437228
-62.3501918323
-60.9450143037
-60.403740643
0
-70.0
-70.0
-70.0
-70.0
-70.0
-70.0
-70.0
-70.0
-70.0
-70.0
-70.0
-64.2211623335
-60.9464876558
-59.283466594
-58.6428717371
0
-70.0
-70.0
-70.0
-70.0
-70.0
-70.0
-70.0
-70.0
-70.0
-70.0
-70.0
-64.7236161154
-61.7336652475
-60.2152392185
-59.6303422939
0
-70.0
-70.0
-70.0
-70.0
-70.0
-70.0
-70.0
-70.0
-70.0
-70.0
-70.0
-64.8139527511
-61.8751926434
-60.3827634907
-59.8078805493
0
-70.0
-70.0
-70.0
-70.0
-70.0
-70.0
-70.0
-70.0
-70.0
-70.0
-70.0
-64.8318329523
-61.9032049586
-60.4159213304
-59.8430204425
0
-70.0
-70.0
-70.0
-70.0
-70.0
-70.0
-70.0
-70.0
-70.0
-70.0
-70.0
-64.5267204296
-61.4251953397
-59.8501071078
-59.2433839317
0
-70.0
-70.0
-70.0
-70.0
-70.0
-70.0
-70.0
-70.0
-70.0
-70.0
-70.0
-64.2683701944
-61.0204466379
-59.3710109494
-58.7356491713
0
-70.0
-70.0
-70.0
-70.0
-70.0
-70.0
-70.0
-70.0
-70.0
-70.0
-70.0
-64.3047666063
-61.0774676832
-59.4385060733
-58.8071789049
0
-70.0
-70.0
-70.0
-70.0
-70.0
-70.0
-70.0
-70.0
-70.0
-70.0
-70.0
-65.8020131078
-63.4231538688
-62.2150665298
-61.7497119088
-55.3257556528
0
-70.0
-70.0
-70.0
-70.0
-70.0
-70.0
-70.0
-70.0
-70.0
-70.0
-65.9719122085
-63.6893291267
-62.5301349733
-62.0836139822
-55.6598278351
0
-70.0
-70.0
-70.0
-70.0
-70.0
-70.0
-70.0
-70.0
-70.0
-70.0
-65.2285837315
-62.5247811794
-61.1516736088
-60.6227532794
-54.1982228861
0
-70.0
-70.0
-70.0
-70.0
-70.0
-70.0
-70.0
-70.0
-70.0
-70.0
-65.4527663936
-62.8760006833
-61.567407901
-61.0633386349
-54.6390327011
0
-70.0
-70.0
-70.0
-70.0
-70.0
-70.0
-70.0
-70.0
-70.0
-70.0
-65.321936016
-62.6710330917
-61.324790234
-60.8062181783
-54.3817812525
0
-70.0
-70.0
-70.0
-70.0
-70.0
-70.0
-70.0
-70.0
-70.0
-70.0
-65.4782149063
-62.9158700198
-61.614600754
-61.1133525026
-54.6890720487
0
-70.0
-70.0
-70.0
-70.0
-70.0
-70.0
-70.0
-70.0
-70.0
-70.0
-65.5203914037
-62.9819465325
-61.6928147254
-61.1962418169
-54.7720035915
0
-70.0
-70.0
-70.0
-70.0
-70.0
-70.0
-70.0
-70.0
-70.0
-70.0
-65.6029894718
-63.1113501725
-61.8459882538
-61.3585714941
-54.9344159688
0
-70.0
-70.0
-70.0
-70.0
-70.0
-70.0
-70.0
-70.0
-70.0
-70.0
-65.4620332572
-62.8905187696
-61.5845927848
-61.0815507677
-54.6572541121
0
-70.0
-70.0
-70.0
-70.0
-70.0
-70.0
-70.0
-70.0
-70.0
-70.0
-65.425857034
-62.8338426866
-61.5175059886
-61.0104537702
-54.5861208937
0
-70.0
-70.0
-70.0
-70.0
-70.0
-70.0
-70.0
-70.0
-70.0
-70.0
-65.6372516385
-63.1650275669
-61.9095255385
-61.4259068034
-55.0017855825
0
-70.0
-70.0
-70.0
-70.0
-70.0
-70.0
-70.0
-70.0
-70.0
-70.0
-66.0435738455
-63.8015990245
-62.6630274978
-62.2244503319
-55.8007359348
0
-70.0
-70.0
-70.0
-70.0
-70.0
-70.0
-70.0
-70.0
-70.0
-70.0
-65.4926357662
-62.9384627005
-61.6413434376
-61.1416937653
-54.71742775
0
-70.0
-70.0
-70.0
-70.0
-70.0
-70.0
-70.0
-70.0
-70.0
-70.0
-65.9957269099
-63.7266388255
-62.574298014
-62.1304169267
-55.7066546236
0
-70.0
-70.0
-70.0
-70.0
-70.0
-70.0
-70.0
-70.0
-70.0
-70.0
-66.793216278
-64.9760388355
-64.0531977422
-63.6977198281
-57.274755999
0
-70.0
-70.0
-70.0
-70.0
-70.0
-70.0
-70.0
-70.0
-70.0
-70.0
-67.0867014175
-65.4358322207
-64.5974496286
-64.2745050857
-57.8518351041
-54.4031719449
0
-70.0
-70.0
-70.0
-70.0
-70.0
-70.0
-70.0
-70.0
-70.0
-66.5254442306
-64.5565292947
-63.5566293566
-63.1714684152
-56.7482364834
0
-70.0
-70.0
-70.0
-70.0
-70.0
-70.0
-70.0
-70.0
-70.0
-70.0
-65.4697174604
-62.9025573546
-61.5988427127
-61.0966525037
-54.6723635418
0
-70.0
-70.0
-70.0
-70.0
-70.0
-70.0
-70.0
-70.0
-70.0
-70.0
-65.9033427832
-63.5819036936
-62.4029767835
-61.9488547446
-55.5249999433
0
-70.0
-70.0
-70.0
-70.0
-70.0
-70.0
-70.0
-70.0
-70.0
-70.0
-66.8858728852
-65.1212008535
-64.2250242727
-63.8798175151
-57.456946457
-54.0213256069
0
-70.0
-70.0
-70.0
-70.0
-70.0
-70.0
-70.0
-70.0
-70.0
-67.5487059899
-66.1596393842
-65.4542114413
-65.1824809609
-58.7602735542
-55.2816066583
0
-70.0
-70.0
-70.0
-70.0
-70.0
-70.0
-70.0
-70.0
-70.0
-66.8370949806
-65.0447821363
-64.1345683585
-63.7839544798
-57.3610345836
0
-70.0
-70.0
-70.0
-70.0
-70.0
-70.0
-70.0
-70.0
-70.0
-70.0
-66.2168834292
-64.0731173724
-62.9844204926
-62.5650550149
-56.1415141414
0
-70.0
-70.0
-70.0
-70.0
-70.0
-70.0
-70.0
-70.0
-70.0
-70.0
-65.5103185362
-62.9661657067
-61.6741351522
-61.1764456477
-54.752197337
0
-70.0
-70.0
-70.0
-70.0
-70.0
-70.0
-70.0
-70.0
-70.0
-70.0
-67.1160237769
-65.4817705838
-64.6518263151
-64.3321322101
-57.909491587
-54.4589241602
0
-70.0
-70.0
-70.0
-70.0
-70.0
-70.0
-70.0
-70.0
-70.0
-68.4688907179
-67.6012621247
-67.1606428979
-66.9909165986
-60.5696305127
-57.0312045107
-55.3404420924
-54.8146365718
0
-70.0
-70.0
-70.0
-70.0
-70.0
-70.0
-70.0
-70.0
-70.0
-70.0
-70.0
-64.3254958477
-61.1099434947
-59.4769472998
-58.8479180061
0
-70.0
-70.0
-70.0
-70.0
-70.0
-70.0
-70.0
-70.0
-70.0
-70.0
-70.0
-64.8387404359
-61.9140266829
-60.428730875
-59.8565956945
0
-70.0
-70.0
-70.0
-70.0
-70.0
-70.0
-70.0
-70.0
-70.0
-70.0
-70.0
-64.8807754915
-61.9798816034
-60.5066825504
-59.9392070336
0
-70.0
-70.0
-70.0
-70.0
-70.0
-70.0
-70.0
-70.0
-70.0
-70.0
-70.0
-65.0185007633
-62.1956511958
-60.7620864155
-60.2098780001
0
-70.0
-70.0
-70.0
-70.0
-70.0
-70.0
-70.0
-70.0
-70.0
-70.0
-70.0
-64.509126726
-61.3976318708
-59.817480562
-59.2088070913
0
-70.0
-70.0
-70.0
-70.0
-70.0
-70.0
-70.0
-70.0
-70.0
-70.0
-70.0
-65.3129388813
-62.6569375807
-61.3081055476
-60.7885361428
-54.3640902088
0
-70.0
-70.0
-70.0
-70.0
-70.0
-70.0
-70.0
-70.0
-70.0
-70.0
-66.0256680384
-63.7735465935
-62.6298221734
-62.1892601156
-55.7655277907
0
-70.0
-70.0
