-67.93
-66.067
-64.3903
-62.88127
-61.523143
-60.3008287
-59.20074583
-58.210671247
-57.3196041223
-56.5176437101
-55.7958793391
-55.1462914052
-54.5616622646
-54.0354960382
0
-70.0
-70.0
-70.0
-70.0
-67.8220164609
-65.8978257888
-64.1900505258
-63.4890503506
-62.5954819004
-61.6161581002
-61.4380252168
-60.9265446462
-60.2321048156
-59.4510374234
-58.644029074
-58.6683564286
-58.3706742937
-58.7097092029
-58.5994731751
-58.2233491192
-57.700229715
-57.1063504153
-56.489811155
-55.880227227
-55.2951359626
-55.5642433386
-55.5168996529
-56.101263453
-57.0451729513
-58.1733462186
-58.5544719717
-58.4746650245
-58.1209586887
-57.6147029309
-57.0337927119
-56.4274534901
-55.826068174
-55.2477013785
-54.7024245886
-54.1951776951
0
-70.0
-70.0
-70.0
-70.0
-68.2366004337
-66.5473406795
-64.958873471
-64.3038306968
-62.5906773424
-61.1197627517
-59.8432219056
-58.7258566677
-57.7412423027
-56.0490989403
-54.8088429582
0
-70.0
-70.0
-70.0
-70.0
-67.8803674216
-65.1692422939
-63.0135924741
-61.2630828331
-59.8140076207
-58.5940955726
-58.372345158
-57.1168834039
-56.1030435714
-55.2679715528
-55.3879959566
-55.2570774003
-54.9799570198
-55.4443528909
-55.5181786505
-55.3552014846
-55.0555751355
0
-70.0
-70.0
-70.0
-70.0
-67.8488713349
-65.9398984247
-64.2398513978
-62.721828135
-61.3636199062
-60.1465743054
-59.054794468
-57.25456675
-55.9092778942
-54.8817953176
-54.0792459277
0
-70.0
-70.0
-70.0
-70.0
-68.6171883801
-67.1435951288
-65.6646526737
-64.2317987782
-62.874359815
-61.6074177765
-60.4370052943
-59.3635242951
-57.5639848857
-56.2087950773
-55.985388023
-55.6284975229
-55.2034133055
-54.7515823315
0
-70.0
-70.0
-70.0
-70.0
-67.6722011836
-65.6631151876
-63.9122264171
-62.3746189409
-61.0162338238
-58.9906616261
-57.4522962532
-56.2575338211
-55.3087585678
-54.5392014635
0
-70.0
-70.0
-70.0
-70.0
-67.9151912211
-66.0437995797
-64.3628379422
-62.0321663616
-60.2093578679
-58.7520275094
-57.5625617106
-56.5734635077
-55.7375558024
-55.0214259857
-54.4010338962
0
-70.0
-70.0
-70.0
-70.0
-67.6828011421
-65.6797217893
-64.7518834513
-63.6801176668
-63.3777209405
-62.7270255401
-61.8890407818
-61.7866152341
-61.3089393977
-60.6220359159
-59.8324926297
-59.0076835702
-59.0092086823
-58.6864834601
-58.9999655447
-58.8647226107
-58.4647527633
-57.099279096
-56.0200189258
-55.1484621928
-54.4305794133
0
-70.0
-70.0
-70.0
-70.0
-68.7383205215
-68.153368817
-66.353952167
-64.7058371048
-63.203440164
-61.8385539941
-59.7816704923
-58.1981513748
-56.9514348585
-55.9483571201
-54.304898573
0
-70.0
-70.0
-70.0
-70.0
-67.8440852381
-65.9324002063
-64.2309758471
-62.7124220366
-61.3542090158
-60.1374742361
-59.0461842271
-58.0665374141
-58.0065314125
-57.6803100978
-57.205233639
-56.6566799758
-56.082325112
-54.69163469
0
-70.0
-70.0
-70.0
-70.0
-67.8674522547
-65.9690085324
-64.2743086813
-62.7583451479
-61.4001555229
-60.1819032305
-59.0882217474
-58.1057387993
-57.2227244038
-56.428824953
-55.7148577841
-55.07264889
-54.4949019238
0
-70.0
-70.0
-70.0
-70.0
-68.2944021222
-66.6378966581
-65.066063491
-63.5974281411
-63.0596659931
-62.2783531712
-60.5569537057
-59.1488822362
-57.9757432799
-56.9826684635
-56.1307346249
-56.2118831675
-56.8501761876
-56.98147946
-56.8042121081
-56.4477112934
-55.9955537614
-55.5010741169
-54.9976838596
0
-70.0
-70.0
-70.0
-70.0
-67.0122632344
-65.4492124006
-63.9730748202
-61.778289778
-59.2254757601
-58.1829381574
-58.0813176571
-57.7276347684
-57.2345038762
-55.8541418784
-54.8074532837
0
-70.0
-70.0
-70.0
-70.0
-68.6042914101
-67.1233898758
-65.6407359594
-64.2064524109
-63.6690005348
-62.8675627246
-61.9344479477
-60.9534308166
-59.9763728441
-59.0342589657
-58.1445153399
-57.3158519864
-56.5514589081
-55.8511077641
-55.212526819
-54.6322940246
-54.1064112138
0
-70.0
-70.0
-70.0
-70.0
-67.9306449683
-66.0680104503
-64.3914960578
-62.8825375537
-61.5244111995
-60.3020550137
-59.201906135
-57.39175327
-56.035936442
-54.9979151305
-55.0051718392
-54.8193534698
-54.5238839991
-54.1724728501
0
-70.0
-70.0
-70.0
-70.0
-68.2487140522
-66.5663186818
-64.9813375035
-63.5076375464
-62.1498296539
-60.0868172633
-58.4894492535
-57.2247134725
-57.0217148881
-56.6425252412
-56.1702606117
-55.657893147
-55.1385428966
-54.6323146498
-54.15083388
0
-70.0
-70.0
-70.0
-70.0
-67.5700988265
-66.3231548281
-65.0075499349
-63.6946020011
-63.2470131741
-62.5135594388
-61.6330352163
-60.6936195089
-59.7501827675
-58.0157812971
-56.6846143716
-55.6397604039
-54.8015226765
-54.1151959509
0
-70.0
-70.0
-70.0
-70.0
-67.9180450407
-66.0482705638
-63.5481301922
-61.5731082961
-59.9789915486
-58.6665551152
-57.5668747513
-55.8115040412
-54.5412314805
0
-70.0
-70.0
-70.0
-70.0
-68.1186093031
-66.3624879082
-64.7400654743
-64.0719431649
-63.1786716737
-61.3600863899
-59.8669323399
-58.6188088319
-57.5593077661
-56.6482968677
-55.8567470998
-55.1632590023
0
-70.0
-70.0
-70.0
-70.0
-67.8186967671
-65.8926249351
-64.1838943381
-62.6625261686
-61.3042877279
-60.0892017393
-59.8205100881
-59.3086114278
-59.4878518507
-60.0758010427
-60.0693771899
-59.7065436385
-59.1419587197
-58.4751424778
-57.76921465
-57.0633507984
-56.3810541275
-55.7356409873
-55.133871737
-54.5783477956
0
-70.0
-70.0
-70.0
-70.0
-68.6444626157
-66.3663247646
-64.4305645618
-62.7647562881
-61.3164461142
-60.0469118061
-58.9269608277
-57.1140915464
-54.9459002594
0
-70.0
-70.0
-70.0
-70.0
-69.1749189898
-68.0173730839
-67.5189331043
-66.6125713464
-65.4916685801
-64.2794046343
-63.0527327791
-61.8583052399
-60.7230385418
-58.8411105715
-58.2139167703
-57.5404699305
-56.8617194957
-56.2024119182
-55.5767469745
-54.9921231091
-55.2716113529
-55.2402505874
-55.0234257752
-54.7025500287
-54.3299395799
0
-70.0
-70.0
-70.0
-70.0
-68.187680729
-66.4706998088
-64.8681545964
-63.3876889824
-62.0298199812
-59.9707712478
-58.3796496329
-57.1223216761
-56.1071808462
-55.2711903201
-55.390556327
-55.259157387
-54.9816794434
-54.6258033624
-54.2347509351
-54.6556277809
0
-70.0
-70.0
-70.0
-70.0
-67.9022887848
-66.0235857628
-64.3389110909
-63.6468092514
-62.7533211726
-61.7687842863
-59.9424360116
-58.4918791797
-57.315149108
-56.341939428
-55.5232823057
-54.8246452888
-54.2213082357
0
-70.0
-70.0
-70.0
-70.0
-67.925533825
-66.0600029926
-64.3820177266
-62.8724926429
-61.5143611712
-59.4723369158
-57.9080444654
-56.6825341796
-55.7011435355
-55.7189376978
-55.5156496053
-55.1864884296
-54.7927754432
-55.1934551366
-55.2374144481
-55.06587622
-54.7707574092
-54.4113275424
-54.0252920376
0
-70.0
-70.0
-70.0
-70.0
-68.4876491412
-66.9406503213
-65.4244293519
-63.9772157919
-62.6196471295
-61.3611176944
-60.2039627769
-59.1462044005
-58.1833425613
-57.309514039
-56.5182331244
-55.8028568048
-55.1568691195
-54.5740475377
-54.0485530041
0
-70.0
-70.0
-70.0
-70.0
-67.9301677011
-66.0672627317
-64.3906109923
-62.8815995823
-61.5234727502
-60.3011475593
-58.3810475261
-56.926285922
-55.7992194288
-54.9063388852
-54.1837325962
0
-70.0
-70.0
-70.0
-70.0
-67.9157802008
-66.0447223146
-64.3639301723
-62.8533238813
-61.4951826439
-60.2737918134
-59.1751642546
-58.1868155775
-57.2975791853
-56.4974513772
-55.7774596464
-55.1295492864
-55.3664847608
-55.3064298868
-55.0701826328
-54.7360948593
-55.1744390333
-55.2416309032
-55.0838916617
-54.7964517281
0
-70.0
-70.0
-70.0
-70.0
-67.3008926624
-65.0813985044
-63.2236553928
-61.6448876794
-61.1061307954
-60.3893389718
-59.5896192453
-58.7668001012
-57.9575486113
-57.1834127637
-56.4561508297
-55.7812553083
-55.1602761518
-54.5923461196
-54.0751765629
-54.4257022768
-54.4651609626
