-70.0
-63.0
-58.0333333333
-55.4522222222
-54.3884814815
-54.2706209877
-54.7242173251
-56.5055678834
-58.0241926223
-59.3345610448
-60.4762967302
-60.504807212
-60.8384199273
-61.3439735589
-61.9358399526
-62.5597651237
-63.1821280556
-62.8705997081
-62.921329376
-63.1877228642
-63.5746348616
-64.020960898
-64.4880578233
-64.9520473843
-65.3987062081
-58.8204937845
-55.2462165375
-54.5931422427
0
-70.0
-70.0
-70.0
-70.0
-70.0
-70.0
-70.0
-70.0
-70.0
-70.0
-70.0
-70.0
-70.0
-63.008670765
-58.0584785517
-55.4864139387
-55.4192540263
-56.198316278
-57.1258097531
-58.111445513
0
-70.0
-70.0
-70.0
-70.0
-69.1056467228
-68.5988465324
-68.3414715337
-68.2423308167
-68.2414353593
-69.2943786751
-68.9506803346
-68.7794386526
-69.4210827253
-62.8493448231
-59.1446572544
-57.2836894713
-56.5909858191
-56.6223307672
-57.0870600437
-57.7963289416
-58.6286793155
-59.5071335627
-60.3839683256
-61.2306035725
-62.0308979349
-63.7715730567
-65.0235923613
-58.9646626104
-55.6971493395
-55.0158722014
-55.1065768452
-55.65744707
-56.4660543025
-57.4023501653
-58.3840493441
-59.3602672066
-60.3006556839
-61.1882002474
-62.014453644
-54.8303498095
0
-70.0
-70.0
-70.0
-70.0
-69.072702332
-61.9569272977
-55.6222313672
0
-70.0
-70.0
-70.0
-70.0
-67.7335332928
-67.4457766714
-67.3582634761
-67.3938134431
-67.5020163085
-67.6502041508
-67.8174433845
-67.9905388119
-67.1690854545
-67.731558816
-68.144657539
-68.4543615215
-68.6917051937
-68.8777212238
-62.033844849
-55.8597241959
0
-70.0
-70.0
-70.0
-70.0
-65.5257259664
-61.9937295015
-60.1414073058
-59.3586337449
-59.2436818168
0
-70.0
-70.0
-70.0
-70.0
-69.0556024929
-68.5355017772
-68.2722579553
-68.7274586191
-69.0429970635
-69.2642202279
-69.421480119
-69.5351200497
-69.6188000065
-69.681714647
-69.7300729431
-69.7680854893
-68.8101845206
-68.2751044554
-68.0115529344
-60.9218086913
-57.9654302913
0
-70.0
-70.0
-70.0
-70.0
-69.4115226337
-69.0780521262
-68.9087014175
-68.8434676116
-68.8428784078
-68.8810956052
-68.9413227368
-69.0127482579
-69.0885119619
-69.1643531189
-69.2377127092
-68.3148453863
-67.8172968131
-67.591524442
-67.536343538
-59.7849928424
-55.4746826637
0
-70.0
-70.0
-70.0
-70.0
-69.5319123495
-69.2666626808
-69.1319574569
-69.080069074
-62.1605275481
-58.270118381
-56.3268689346
-54.6201157897
-54.1087267098
-54.3316023715
0
-70.0
-70.0
-70.0
-70.0
-68.5782658135
-67.7726164412
-67.3634729364
-67.205871069
-67.2044475796
-60.4788646308
-54.4275527071
0
-70.0
-70.0
-70.0
-70.0
-69.3854595336
-69.037219936
-68.8603688462
-68.7922458975
-68.7916305983
-69.6998531561
-70.0
-70.0
-69.2723178846
-68.8599646858
-68.6505539437
-68.5698890336
-69.5106327897
-70.0
-70.0
-62.4444444444
-58.162962963
-55.9886419753
-55.1510946502
-55.1435297668
-55.6342065112
0
-70.0
-70.0
-70.0
-70.0
-67.2222222222
-65.6481481481
-64.8487654321
-64.5408436214
-64.5380624143
-63.8062497714
-63.5736205266
-63.6482556288
-63.9047615026
-64.2618396434
-64.6673585397
-65.0884245929
-65.5047834051
-65.9044392455
-66.2807514416
-59.6376184258
-55.9971513354
-54.2796327034
0
-70.0
-70.0
-70.0
-70.0
-68.7283950617
-62.3905349794
-58.8414677641
0
-70.0
-70.0
-70.0
-70.0
-69.2021691966
-68.7500650746
-61.9301607433
-58.1072127863
-56.2098702526
-55.531135724
-56.5946294627
-57.6795713905
-58.7412175009
-59.753497917
-60.7024162362
-61.5816866864
-62.3898594004
-63.1284343821
-56.8545829848
0
-70.0
-70.0
-70.0
-70.0
-69.1913541568
-67.8648087551
-67.1400545556
-66.8005335507
-67.7027931899
-68.3207225338
-60.9330947249
-56.8027482153
-55.5669178383
0
-70.0
-70.0
-70.0
-70.0
-69.9465020576
-63.5307270233
-59.8969044353
-58.0533807346
-57.3454871564
-57.3425681043
0
-70.0
-70.0
-70.0
-70.0
-68.2098765432
-67.195473251
-60.0900091449
-56.1570637098
-54.2587276584
0
-70.0
-70.0
-70.0
-70.0
-70.0
-70.0
-69.1749055869
-68.7073520861
-67.9143526939
-67.1747413021
-59.8491281687
-55.792122683
0
-70.0
-70.0
-70.0
-70.0
-69.5547134008
-69.3023843279
-69.17424074
-70.0
-70.0
-70.0
-69.2603286787
-68.8411815966
-68.6283206275
-61.5569837636
-57.5956155199
0
-70.0
-70.0
-70.0
-70.0
-69.0659860016
-62.1512518689
-58.2640363269
-56.3229057909
-55.6141306096
-55.6683944805
-56.178672987
-56.9455509913
-57.8408260942
-58.7832969528
-59.7226695695
-60.6288708206
-61.4849625439
-62.2824521597
-64.0181799229
-58.6163223285
-55.7546636943
0
-70.0
-70.0
-70.0
-70.0
-70.0
-63.6666651215
-60.0777753569
-58.2551823197
-58.3555895558
-58.1373145508
-58.0684390628
-58.4248324679
-59.0245074287
-59.7501621576
-60.5272162563
-61.3092081737
-63.0095687215
-64.5961327595
-64.7672185326
-65.0442960454
-65.3757326849
-65.7287369124
-66.0829148852
-66.4259911727
-66.7509705727
-67.0542591937
-67.3344237265
-66.6173872835
-66.2999191749
-66.2327743372
-66.3180616234
-66.4919652743
-66.7132419557
-67.9540441272
-68.7667239592
-62.2954775654
-58.6695471436
-56.8716706524
-56.230555736
-56.3048682616
-55.8110983993
-55.9877998686
-56.5608940879
-57.3527208166
-58.2493928265
-59.1790829383
-61.0924560097
-62.5373979855
-62.6921350138
-63.0285727303
-56.478801877
0
-70.0
-70.0
-70.0
-70.0
-69.6427373876
-69.4402885739
-69.3374763332
-69.297873111
-69.2975154074
-69.3207169382
-69.334693818
-69.3652568186
-69.404752725
-62.4642774525
-58.5511830406
0
-70.0
-70.0
-70.0
-70.0
-69.0781893004
-69.4680384088
-69.7196799268
-69.8800088401
-69.9802058934
-70.0
-70.0
-70.0
-70.0
-70.0
-70.0
-70.0
-70.0
-70.0
-69.0019805802
-68.4364362422
-69.1469447732
-62.6026206662
-58.9226055132
-57.0838429042
-56.4111239087
-56.3872954685
-56.8267552221
0
-70.0
-70.0
-70.0
-70.0
-67.9259259259
-66.750617284
-66.153744856
-65.923829904
-65.9217532693
-65.7231155129
-65.7464956753
-65.3467516946
-58.3429407227
0
-70.0
-70.0
-70.0
-70.0
-69.1522633745
-62.5936899863
-58.9054229538
-57.0622819692
-56.3876546461
-56.4366230974
0
-70.0
-70.0
-70.0
-70.0
-69.521111306
-69.9534447498
-70.0
-69.3935375705
-69.6054310827
-69.7457194872
-69.1346648433
-68.7968765622
-68.0787521526
-67.7119191017
-67.5680886345
-67.5628540663
-67.6409515232
-67.7664449466
-67.9161928357
-69.0639407881
-69.7837915332
-69.248921224
-68.9530349977
-68.8104020954
-68.7644756175
-68.7781038768
-68.8270107031
-68.8954544422
-68.9733388709
-69.0542915657
-69.1343867971
-69.2112977094
-69.2837343331
-69.3510718296
-69.4131052664
-69.4698884864
-69.5216288021
-69.5686186981
-69.6111920125
-69.6496962674
-68.6849267043
-61.1499010244
-54.5905555823
0
-70.0
-70.0
-70.0
-70.0
-63.6276482244
-60.0166488848
-58.1828276516
-57.4764406566
-56.4777677844
-56.3293051349
-56.695917374
-57.3593541384
-58.178771059
-59.0644621761
-60.9488337539
-62.3811622421
-63.4945205936
-57.4153525357
-54.1873399497
0
-70.0
-70.0
-70.0
-70.0
-67.6346254805
-66.2942465862
-65.6135443633
-65.3513382175
-64.546500787
-64.2453816358
-64.2565307572
-64.4546692048
-64.7583966332
-64.2470404453
-64.131992051
-57.2745488872
0
-70.0
-70.0
-70.0
-70.0
-69.5439719555
-69.2855560636
-69.1543213264
-69.1037697731
-69.1033131821
-69.1329287881
-69.1796005254
-62.2709178345
-58.3833442922
-56.4380220237
-55.7228945952
-55.7697216515
-56.272160497
-57.0312184543
-57.918945947
-58.8542842443
-59.7870110812
-60.6870801473
-61.5375522487
-55.3838685277
0
-70.0
-70.0
-70.0
-70.0
-69.3854595336
-68.7038866027
-68.338146624
-68.877801453
-69.2390009687
-68.6786181767
-68.3864345622
-67.7093543526
-67.3794610817
-66.7133208609
-66.4231926998
-66.3683427131
-66.4564879639
-66.6274921823
-59.8446167412
-56.1134042519
-54.3375632832
0
-70.0
-70.0
-70.0
-70.0
-64.3337844263
-61.1229289346
-60.4921175226
-60.4305600913
-54.6344176624
0
-70.0
-70.0
-70.0
-70.0
-68.0617283951
-66.6300411523
-65.8833607682
-65.5725738455
-65.5336825636
-65.6592250424
-65.8792430283
-66.1486123855
-66.438613587
-66.7313271883
-60.0398895213
-56.3570306036
-54.6020808996
-54.0623750472
-54.2698057009
-54.918603903
-55.8105960276
-56.8187714347
-57.8630509645
-58.8941836502
-59.88305714
-59.8139133911
-60.1119633622
-60.620394566
-61.2381068028
-61.0983281156
-62.3111715655
-63.2951719166
-64.1090663967
-64.7937675382
-65.3781293052
-65.8828087218
-66.3228560811
-66.7094559606
-67.0511006897
-60.3546613857
-54.3249757571
0
-70.0
-70.0
-70.0
-70.0
-70.0
-70.0
-70.0
-63.2959955676
-58.4972602084
-56.8697564098
-56.330928917
-56.463268124
-56.9938960441
0
-70.0
-70.0
-70.0
-70.0
-68.3530288405
-67.4197451834
-66.945783483
-67.6315264372
-68.1219213285
-68.4787608857
-68.448798733
-68.4825281503
-68.5533481957
-68.6440619497
-67.9412190013
-67.5881392656
-67.4566867819
-67.462592399
-67.5507160227
-67.6852329961
-67.8431020803
-68.0097201281
-67.2150520615
-66.4977494862
-66.1841096248
-59.1235378761
0
-70.0
-70.0
-70.0
-70.0
-68.8869074836
-68.2561550577
-66.9531732968
-66.976648834
-60.5012061728
-56.932567037
-55.2269646543
-55.498506872
-56.1448153069
-56.9944398576
-56.9767517017
-57.4002470848
-58.0743360785
-58.8763116055
-59.7282865348
-60.5818619412
-62.3819328255
-63.7159109285
-64.7257674261
-65.5074890771
-59.1369295036
-55.6766961095
-54.077999536
0
-70.0
-70.0
-70.0
-70.0
-70.0
-70.0
-70.0
-70.0
-69.390493018
-69.748809432
-69.9721722993
-70.0
-70.0
-70.0
-70.0
-63.385916781
-59.6379362902
-57.7345501194
-57.0013667463
-56.9947444975
-57.424279665
-58.1011914433
-58.9039654622
0
-70.0
-70.0
-70.0
-70.0
-62.7530864198
-58.6465020576
0
-70.0
-70.0
-70.0
-70.0
-64.9004499088
-62.0107048572
-60.5431676643
-59.9778730931
0
-70.0
-70.0
-70.0
-70.0
-65.9884389801
-63.7152210688
-57.6348570271
-54.3988100345
0
-70.0
-70.0
-70.0
-70.0
-67.9679588139
-66.8164688084
-66.2316925115
-66.006436983
-66.0044024331
-66.1363682887
-66.3443355258
-67.5899563913
-68.4176636976
-68.9670326247
-69.3310862269
-68.5795228606
-69.044246836
-69.35493966
-69.5628573658
-62.7053370613
-58.8339803099
-56.8833669154
-56.1502199815
-55.2110095974
0
-70.0
-70.0
-70.0
-70.0
-69.9903978052
-69.043484225
-68.1738866027
-67.7129984758
-67.5126989839
-67.4754293226
-60.6181470213
-56.8165060732
-54.9749713019
-54.370884729
0
-70.0
-70.0
-70.0
-70.0
-69.6885103513
-69.5119995504
-69.4223597516
-69.3878305472
-69.387518673
-69.4077475927
-62.4556122992
-58.5358107132
-56.5660694045
-55.8320223057
-55.8638599697
-56.3541672357
-57.1032126874
-57.9825328689
-58.9107072155
-59.8372549163
-61.7319382295
-63.1443502764
-64.220319162
-65.0585565213
-58.7501921312
-55.3401670928
0
-70.0
-70.0
-70.0
-70.0
-70.0
-70.0
-70.0
-63.2962956095
-56.1641969128
0
-70.0
-70.0
-70.0
-70.0
-62.8198106657
-58.7510367096
-56.684737779
-55.942189927
-55.9652548849
-55.8913631413
-56.3173159904
-57.0289771668
-57.8883413005
-58.8076817373
-59.7323632749
-60.6294267549
-61.4800172844
-62.274371026
-55.0584949433
0
-70.0
-70.0
-70.0
-70.0
-69.2986829976
-68.9012700296
-68.6994465812
-69.6214035641
-63.3085883444
-59.7439462678
-57.9470294796
-57.2706450907
-57.2891262876
-58.636119301
-59.8231111323
-60.8745358601
-54.0833785704
0
-70.0
-70.0
-70.0
-70.0
-63.3566529492
-59.5920896205
-57.6802819692
-56.9438546461
-56.9372030974
-57.3686387316
-58.0485454877
0
-70.0
-70.0
-70.0
-70.0
-62.3367588207
-55.6609221525
0
-70.0
-70.0
-70.0
-70.0
-69.3854595336
-62.4469135802
-58.5355555556
-55.7025761317
-54.479369273
-54.2627995153
0
-70.0
-70.0
-70.0
-70.0
-65.4260021338
-62.8340700097
-61.5177750682
-61.0107389343
-61.0061592896
-61.303206193
-60.7747529494
-60.7651892383
-61.067278037
-62.5428632276
-56.7577127073
0
-70.0
-70.0
-70.0
-70.0
-68.1481481481
-67.0987654321
-66.5658436214
-59.1067901235
-55.8627777778
-54.3876111111
-54.0229240741
0
-70.0
-70.0
-70.0
-70.0
-63.5555555556
-59.9037037037
-58.0491358025
-57.3347572016
-57.3283048011
-57.7468232007
-58.4063734672
-59.1885578448
-60.9792314342
-55.5364139375
0
-70.0
-70.0
-70.0
-70.0
-70.0
-70.0
-70.0
-70.0
-70.0
-63.1315535856
-59.2394339508
-57.2628477049
-56.5014677005
-56.4945907745
-56.9406449265
-57.6435892534
0
-70.0
-70.0
-70.0
-70.0
-68.5432098765
-67.7176954733
-67.2984636488
-67.1369757659
-67.1355171773
-66.31791628
-65.9500918657
-65.8643941549
-65.9508290566
-66.1376623624
-67.3762232755
-61.5508094528
-57.3957285075
-55.3228223234
0
-70.0
-70.0
-70.0
-70.0
-69.0586800793
-68.5252654575
-68.2543745025
-61.4289370523
-57.6193766804
0
-70.0
-70.0
-70.0
-70.0
-68.4700502972
-67.603078799
-68.1367809785
-68.519109587
-68.7978697658
-69.0051968809
-69.9652223897
-70.0
-62.4444444444
-58.162962963
-55.9886419753
-55.1510946502
-55.1435297668
-56.5756788477
-56.9702371632
-57.6412975804
-58.4558905781
-59.329450024
-60.2092706908
-54.1444478741
0
-70.0
-70.0
-70.0
-70.0
-68.6134302773
-66.8354147811
-65.8740916573
-65.4348280611
-65.3234423014
-65.4124961022
-65.6188451792
-58.9696202591
-55.3477646317
-54.6628586151
-54.7631530513
-55.3312246113
-56.161026727
-57.1202071054
-58.1250417623
-59.1237744977
-60.0855549891
-60.9931047842
-61.8378645018
-62.6167915157
-63.3302546735
-63.9806574123
-64.5715438086
-65.1070241861
-58.5985163209
-55.0734610578
0
-70.0
-70.0
-70.0
-70.0
-66.5927262498
-64.6619377913
-63.6814001232
-63.3036975182
-63.300286038
-63.5215629485
-63.8702769966
-64.2838295255
-64.7225000587
-65.1616190434
-66.5863674815
-67.555004295
-67.2199698983
-67.1116169302
-67.1428845851
-67.2568823585
-67.4167182772
-67.5987292193
-66.875769639
-66.5461349029
-66.4634828978
-66.5317755982
-66.6883586984
-67.8875583709
-68.6774928953
-69.7510927357
-70.0
-70.0
-63.2789547664
-59.4703624673
-57.5361950057
0
-70.0
-70.0
-70.0
-70.0
-62.7530864198
-58.6465020576
-56.5610013717
-54.889354824
-54.3900550678
-54.0552511563
-54.3858604376
-55.104697325
0
-70.0
-70.0
-70.0
-70.0
-69.3354671544
-69.7613676777
-63.4345560467
-59.8573171998
-58.0490633184
-58.1649446814
-58.6289753432
-59.2864278954
-60.038018497
-60.821038908
-61.5968165243
-62.34238921
-62.045287243
-62.1321831548
-62.4465812633
-55.9229683706
0
-70.0
-70.0
-70.0
-70.0
-62.3348557722
-57.9912740431
-56.7847392314
-56.83466037
-57.3034577074
-58.0079541864
-58.8303869342
-59.6961670184
-60.5590961683
-61.3915504526
-62.1779713415
-62.9105581634
-64.5604126896
-65.7316449823
-66.5766628585
-67.1977848223
-67.6638651731
-67.022061184
-66.7362434178
-66.6735446441
-66.7468072251
-59.9006079332
-56.2438804733
-54.5083813148
0
-70.0
-70.0
-70.0
-70.0
-69.7268709038
-62.7541838134
-58.8120987654
-55.907569273
-54.6345992684
-54.7884232922
-55.3877702634
-56.2344527706
-57.2013138493
-57.4055842324
0
-70.0
-70.0
-70.0
-70.0
-62.9295500347
-58.9229617211
-56.8882433422
-56.1044708701
-56.0973916912
-56.5565644608
-57.2801826405
0
-70.0
-70.0
-70.0
-70.0
-67.2593929164
-65.7063822358
-64.9176964195
-64.6138950491
-64.6111510585
-64.7891329622
-65.0696176724
-65.4022545761
-65.7550948991
-66.1082959296
-66.461498719
-66.4580371021
-66.5740255618
-66.7578177856
-66.9761658603
-67.2079691765
-67.4401188603
-68.6062103785
-69.3523249434
-69.8215828509
-70.0
-70.0
-70.0
-70.0
-70.0
-70.0
-70.0
-63.6651442278
-57.7420592903
-54.5968063514
0
-70.0
-70.0
-70.0
-70.0
-69.4187877864
-68.2211214415
-67.5618175865
-67.2475080206
-67.1506720138
-66.3850788734
-66.04622036
-66.9731754678
-67.9635760169
-68.9590304792
-69.5910021405
-69.9838183993
-70.0
-70.0
-70.0
-70.0
-70.0
-69.03860262
-68.4938107713
-68.2171419697
-68.1105692898
-68.1096067055
-61.1720970232
-57.3038546464
-54.4646417289
0
-70.0
-70.0
-70.0
-70.0
-69.6392798944
-68.493399498
-67.8560912769
-67.5451699684
-67.440444851
-67.4629282855
-68.5609698024
-69.2677623858
-68.7747735198
-69.2235247866
-69.5186580537
-69.7117827456
-70.0
-70.0
-69.9990643997
-62.9991579598
-59.0325754971
-57.0182068363
-56.2423120786
-56.2353648213
-56.6900176396
0
-70.0
-70.0
-70.0
-70.0
-69.0781893004
-62.1703703704
-58.2866666667
-56.3468888889
-55.6381259259
-55.691597284
-56.200626856
-56.966023704
-58.8594269607
-60.7001546826
-62.1145861597
-63.226092174
-64.1187927101
-64.8504532748
-65.4611011711
-65.9787865365
-66.4234382045
-66.8094479318
-67.1474055038
-67.4452665303
-67.7091409284
-67.9438275364
-68.1531785833
-68.3403499253
-68.5079743997
-69.6567608321
-70.0
-70.0
-63.2962962059
-57.1641973892
0
-70.0
-70.0
-70.0
-70.0
-68.4288641637
-67.5385538564
-67.0864158768
-66.9122525599
-66.9106794844
-66.1005044848
-58.8253098085
0
-70.0
-70.0
-70.0
-70.0
-68.6338785131
-67.8597430039
-67.4666035983
-67.3151665016
-67.3137986935
-66.4610457157
-66.0673590718
-65.9622351165
-65.3300492023
-66.1063992037
-59.7179815055
-56.783220392
-55.4629230442
-55.1553138673
-56.169274936
-57.238675746
-57.3447121495
-57.8301769199
-58.5271165515
-59.3277097787
-60.1638087224
-61.9348134678
-62.3540473613
-62.8604527853
-63.4022809469
-63.9473018123
-64.4760709378
-64.9774633818
-64.5335082307
-58.413490741
-55.1276972224
0
-70.0
-70.0
-70.0
-70.0
-67.0474013108
-60.4483361276
-56.8072858135
-55.0624127645
0
-70.0
-70.0
-70.0
-70.0
-69.0823125723
-68.5622896966
-68.2981996479
-68.1964722971
-67.1957539625
-60.8095118996
-57.2841162652
-55.5927416757
-55.0581588662
-55.2354705516
-55.8340085444
-56.6653310553
-57.6086135267
-59.548610783
-61.0609887773
-62.2663826147
-63.2474061633
-64.0611067536
-64.7472902161
-57.3603526897
0
-70.0
-70.0
-70.0
-70.0
-69.305375385
-68.9117547699
-68.7118572418
-67.6608691118
-68.1067248245
-67.8817918691
-60.87139046
-56.9694365992
0
-70.0
-70.0
-70.0
-70.0
-69.065183153
-68.5354536063
-68.2664340915
-68.1628079128
-68.1618719419
-68.2225812946
-69.3159705381
-63.0487564927
-58.5216586212
0
-70.0
-70.0
-70.0
-70.0
-69.6570644719
-69.4627343393
-69.3640451151
-69.3260300767
-69.3256867178
-69.3479578119
-62.4639823475
-59.545779215
-58.1433313617
-57.6970849376
-57.8394342519
-58.3301960321
0
-70.0
-70.0
-70.0
-70.0
-68.6090534979
-67.8208504801
-67.4205669867
-66.4639088554
-66.0077836813
-65.8671824542
-59.0015094424
-55.2487219873
0
-70.0
-70.0
-70.0
-70.0
-70.0
-63.2847352764
-59.4794185996
0
-70.0
-70.0
-70.0
-70.0
-64.7777777778
-61.8185185185
-60.3156790123
-59.7367860082
-59.7315573388
-60.0707015592
-60.6051647061
-61.2390037708
-61.9113404172
-62.5843643911
-63.2353666291
-55.9169681973
0
-70.0
-70.0
-70.0
-70.0
-69.4842249657
-69.1919524463
-68.1313153483
-67.5572225779
-67.2941928297
-67.2265685531
-67.2784417021
-67.4002842014
-67.5600468943
-67.788056597
-67.9985938654
-61.1987344789
-57.4121943643
-56.2635675205
-56.0322724968
-56.3590863994
0
-70.0
-70.0
-70.0
-70.0
-69.1983155233
-68.7440276531
-68.5133206759
-68.4244524671
-61.605735857
-57.7943146957
-55.9143181757
-55.2558429912
-55.3522297808
-55.8983208619
-56.6960314818
-57.618123471
-58.5841078822
-59.5442282661
-60.468826221
-61.3412907865
-61.1534107672
-61.3355690634
-61.7336784057
-55.264073672
0
-70.0
-70.0
-70.0
-70.0
-68.8999136311
-68.2765313553
-67.9599509447
-61.4525447999
-55.499682953
0
-70.0
-70.0
-70.0
-70.0
-69.4023499705
-69.0636816205
-68.8916912231
-68.8254406106
-68.8248422227
-68.8636551159
-68.9248210146
-68.9973598534
-68.0743220958
-67.5846887047
-67.3714190466
-60.3381813314
0
-70.0
-70.0
-70.0
-70.0
-67.7037037037
-66.4024691358
-65.0379423868
-64.3846282579
-64.1798188386
-64.2509392257
-64.4852468172
-63.9413437209
-63.4836237391
-63.4262042921
-56.6468467651
-54.0191991256
0
-70.0
-70.0
-70.0
-70.0
-69.0114311843
-68.4512421887
-68.1667540517
-68.0571693678
-68.0561795785
-69.1088186991
-69.7701082148
-70.0
-70.0
-70.0
-70.0
-62.0877914952
-57.6042066758
-54.7716933394
0
-70.0
-70.0
-70.0
-70.0
-69.0636297245
-68.5330199018
-61.3849440542
-57.3832670771
-55.402818655
0
-70.0
-70.0
-70.0
-70.0
-69.8914799573
-69.8299852665
-69.7987556097
-69.7867259621
-69.786617308
-69.793664872
-69.804771248
-69.8179426987
-69.8319141458
-69.8458998759
-62.8641644611
-58.9129843969
-56.9118435451
-56.1474309159
-56.1505356411
-56.6140472883
-57.3383527003
0
-70.0
-70.0
-70.0
-70.0
-65.4650029752
-62.8951713278
-61.5900999618
-61.0873871434
-62.0568342528
-61.9032770278
-62.0810334585
-62.4516528683
-56.1077221494
0
-70.0
-70.0
-70.0
-70.0
-62.7210452336
-58.5963041993
0
-70.0
-70.0
-70.0
-70.0
-67.9516322432
-66.7908905143
-66.2014157932
-65.9743504341
-65.9722995375
-66.1053256816
-59.4363545547
-55.7870933935
-54.0713002503
0
-70.0
-70.0
-70.0
-70.0
-68.7268743806
-68.0054365295
-67.6390592679
-67.4979309354
-60.5506076644
-56.6971934463
-54.8285718006
-55.213112883
-55.9367337697
-56.8396818427
-57.8201279584
-58.8143913626
-58.7915103729
0
-70.0
-70.0
-70.0
-70.0
-68.6453058759
-67.8776458723
-67.4877950077
-68.3341991679
-68.8975683585
-68.3308652577
-67.7131478886
-67.4187458709
-67.3281464645
-67.3628486052
-66.6691058004
-66.3638899241
-66.3019640675
-66.388076418
-66.560141281
-66.7780421561
-60.0175846764
-56.294057366
-55.514522076
-55.5296501661
-56.5766275702
-57.6522597603
0
-70.0
-70.0
-70.0
-70.0
-69.1357020047
-67.6466097801
-66.831600786
-66.4482086967
-66.3365664866
-65.5892264751
-64.9545149191
-57.7958222479
0
-70.0
-70.0
-70.0
-70.0
-68.8673982625
-68.5589239445
-62.3436859219
-58.8697535775
-57.156402385
-56.55651159
-56.6446933933
-57.1427793622
-56.8724886231
-57.1478978922
-57.1859913016
-57.6359809706
0
-70.0
-70.0
-70.0
-70.0
-69.2254229538
-68.786495961
-68.5635898999
-68.4777265999
-68.4769510666
-61.7093401085
-57.9251288634
-56.0570978209
-55.4010426013
-55.4940413829
0
-70.0
-70.0
-70.0
-70.0
-69.0781893004
-62.1703703704
-58.2866666667
-56.3468888889
-55.6381259259
-55.691597284
-56.200626856
-56.966023704
-56.8987461316
-57.2950880505
-57.9563902668
-58.7546252544
-59.6084120717
-60.4670704265
-60.3878212536
-60.6606777081
-61.1357023239
-61.0124899788
-61.2381462392
-61.6656017874
-63.1995876614
-64.3466595971
-65.2233474387
-65.9085818956
-66.4561031733
-66.9027458341
-60.274250451
-54.2880115395
0
-70.0
-70.0
-70.0
-70.0
-69.2589105219
-67.9267513128
-68.1942804187
-67.8594329794
-60.5179341259
-54.0957703429
0
-70.0
-70.0
-70.0
-70.0
-62.9674846314
-58.0214110315
-55.4530531705
0
-70.0
-70.0
-70.0
-70.0
-69.2171925011
-68.7736015851
-68.5483269827
-69.4030236583
-69.9357408751
-70.0
-70.0
-70.0
-70.0
-70.0
-70.0
-70.0
-70.0
-70.0
-70.0
-70.0
-70.0
-70.0
-70.0
-70.0
-70.0
-70.0
-70.0
-70.0
-70.0
-70.0
-70.0
-70.0
-70.0
-70.0
-70.0
-69.1975276593
-69.6111060901
-69.8722162789
-63.0331427992
-59.1619272847
-57.2004670665
-56.4502420334
-56.4517656124
-56.9042875727
0
-70.0
-70.0
-70.0
-70.0
-65.2067843216
-63.4872032831
-62.672547884
-62.4280030483
-62.5336760453
-56.4604977751
0
-70.0
-70.0
-70.0
-70.0
-68.7160493827
-68.7909465021
-68.8761865569
-68.964791038
-69.052460692
-69.136647128
-69.2159374187
-69.2896470124
-70.0
-70.0
-70.0
-70.0
-63.1960084254
-59.3404131997
0
-70.0
-70.0
-70.0
-70.0
-69.0781893004
-61.837037037
-57.7644444444
-55.7287407407
-54.2793234568
0
-70.0
-70.0
-70.0
-70.0
-65.2628833681
-62.5785172766
-61.2152803792
-60.6901622281
-60.6854192632
-60.9930595088
-62.476352567
-63.6171166497
-64.5143378777
-58.356916728
-55.0505668138
0
-70.0
-70.0
-70.0
-70.0
-67.9431337987
-66.7775762846
-66.1856559
-65.9576484725
-66.9521635796
-67.6504671912
-68.1477671184
-68.5078881708
-68.7736978632
-67.9740638933
-67.5618147149
-67.3957380507
-67.3829007838
-68.4364227694
-69.1206552017
-69.5605061544
-69.8390665209
-70.0
-69.1302838424
-68.6374446864
-68.3871597033
-61.291165879
-54.9905307217
0
-70.0
-70.0
-70.0
-70.0
-65.1687242798
-62.4310013717
-61.0406675812
-60.5051117208
-54.4220851801
0
-70.0
-70.0
-70.0
-70.0
-68.3232713126
-67.3731250564
-66.8905998008
-66.7047313207
-66.703052522
-65.8509619343
-66.4778083648
-66.971322611
-67.3683870716
-67.6943461789
-67.0984640135
-66.8376525805
-66.2310217457
-65.9926758534
-65.9832457895
-65.4077758545
-65.2155680317
-65.2597244036
-65.4442274133
-65.7067883053
-66.0074318971
-66.3209036555
-66.6316232554
-66.9303342402
-68.2112063835
-69.0393561234
-69.5682674299
-69.9000052995
-69.9099885448
-69.9189788738
-69.9270737754
-69.9343615906
-69.9409222266
-62.946830004
-58.9854803369
-57.9172935286
0
-70.0
-70.0
-70.0
-70.0
-64.9766803841
-63.0716049383
-62.1595061728
-61.8735967078
-61.9729311385
-63.1025698948
-64.0102674854
-64.7545437903
-65.3759581135
