-70.0
-70.0
-69.0
-68.4333333333
-67.59
-67.1643333333
-67.0034555556
-67.0068137037
-67.1086014691
-62.6315244855
-60.1908941459
-58.1120138007
-57.2609518002
-57.1749495399
-57.5508498657
-57.3888925966
-58.3265281959
-60.0323632024
-62.3881187663
-60.780797323
-60.7503509323
-60.7070714002
-60.9908679675
-61.461450309
-62.0284180369
-62.6343180725
-63.2433808247
-63.8340391152
-64.393966119
-64.9167901173
-66.3922174991
-67.7557029623
-68.6486041415
-69.2293913776
-69.6035506734
-70.0
-70.0
-70.0
-69.4486931075
-64.5031500104
-61.7190524851
-60.3246255538
-59.9768281069
-56.8396906418
-55.3960851414
-54.0752466665
0
-70.0
-70.0
-70.0
-70.0
-70.0
-66.1258471615
-63.9304938863
-62.8155987916
-62.3861417751
-61.5797937036
-61.3766584039
-61.5422219439
-61.9234860031
-62.4214615719
-64.3402612577
-62.4485801022
-62.6308499118
-63.852197627
-65.1888161461
-66.1511600526
-66.8568610615
-67.3850529648
-67.7891330079
-69.0792643053
-69.8840342736
-65.8567869353
-63.5785456344
-62.4256493328
-61.9863899074
-62.9021630934
-63.6882215685
-64.370249268
-64.9671242454
-65.493011757
-66.4880203174
-68.0342764031
-69.8038313349
-69.8721149834
-70.0
-70.0
-69.935279477
-69.8986045139
-70.0
-70.0
-70.0
-70.0
-66.4135494823
-62.8363843243
-60.9288724187
-60.0867361947
-61.2026243033
-64.6641685835
-68.3910814865
-70.0
-70.0
-70.0
-70.0
-70.0
-70.0
-70.0
-70.0
-70.0
-65.4407052407
-62.8571048771
-61.545041163
-62.241944136
-64.6884121877
-67.4889084585
-69.2529092724
-70.0
-66.2186988249
-64.0759614924
-62.9877870431
-61.5686243507
-60.9981725902
-61.5005805226
-62.0853392647
-58.3367351289
-56.4763481432
-55.810904347
-56.0920244263
-58.1582259189
-59.7926726171
-61.1135848822
-63.7168497826
-65.4882470635
-66.7014771965
-67.5393660365
-68.1241204726
-68.6888249772
-64.4606372042
-62.108369967
-60.9600639591
-59.5727122843
-59.0878775367
-58.605158548
-58.6953552032
-59.4273345464
-63.1784229547
-67.4742208007
-70.0
-70.0
-67.1365610466
-63.0081208841
-60.7641194237
-57.1508425702
-55.4111817057
-55.8146606878
0
-70.0
-70.0
-70.0
-70.0
-66.9984903357
-64.3091958792
-63.6221075559
-64.3964386819
-66.4930823982
-68.2001420349
-69.8019016524
-70.0
-66.1179246325
-63.0497691671
-61.4405502489
-60.2047783341
-59.7898225742
-59.8811883657
-60.2733015618
-60.0303236249
-60.2168594086
-62.4259322356
-64.3689360067
-66.5949028409
-69.1141232274
-70.0
-70.0
-70.0
-70.0
-70.0
-69.9126606437
-69.8631683418
-69.8380340159
-70.0
-69.8418070812
-65.1180477922
-62.446523959
-61.0953921938
-60.5815333949
-60.5871670024
-60.9043082668
-61.3977827499
-58.2965278851
-60.0768132429
