-70.0
-70.0
-70.0
-70.0
-70.0
-69.0
-68.4333333333
-69.9290555556
-70.0
-70.0
-70.0
-70.0
-70.0
-70.0
-70.0
-70.0
-70.0
-70.0
-69.5960442344
-69.3671359673
-69.2508864748
-70.0
-70.0
-70.0
-70.0
-68.6667387094
-67.2075202743
-66.4250718708
-66.9430798569
-67.3557819866
-67.6915438649
-67.9699495297
-68.2046612776
-68.4053329505
-70.0
-70.0
-70.0
-70.0
-70.0
-70.0
-70.0
-70.0
-65.1867668894
-62.4592681267
-57.1852377093
-54.4479782019
0
-70.0
-70.0
-70.0
-70.0
-70.0
-70.0
-70.0
-70.0
-70.0
-70.0
-70.0
-70.0
-70.0
-70.0
-62.3741625098
-62.819603689
-70.0
-70.0
-70.0
-70.0
-70.0
-70.0
-70.0
-65.0843170089
-62.2987633139
-60.8841389865
-60.3392264238
-60.334304672
-59.8956372812
-63.8945352468
-70.0
-70.0
-70.0
-70.0
-70.0
-67.8314209087
-66.6025594237
-65.9784905519
-60.8121736178
-58.8211134726
-57.9991069363
-58.4614883389
-59.5499111263
-62.5818370951
-70.0
-70.0
-70.0
-70.0
-70.0
-70.0
-70.0
-70.0
-70.0
-70.0
-70.0
-70.0
-70.0
-70.0
-70.0
-70.0
-70.0
-70.0
-70.0
-64.6821300208
-61.6686703659
-60.1383055607
-59.5488098256
-59.5434853904
-60.888707559
-61.9995506083
-63.4882936397
-70.0
-70.0
-70.0
-70.0
-70.0
-70.0
-68.2533269798
-67.2635456016
-67.7348796265
-68.0931840539
-63.3099988468
-60.6630877609
-59.3861715174
-58.973816054
-59.9896752188
-64.0075567943
-70.0
-70.0
-67.918574068
-66.7390993732
-66.1401112439
-65.9093813248
-65.9072973293
-66.0424703543
-59.8700322905
-56.5042350426
-63.0945209264
-70.0
-70.0
-70.0
-70.0
-70.0
-70.0
-70.0
-70.0
-70.0
-70.0
-70.0
-70.0
-70.0
-70.0
-70.0
-70.0
-70.0
-70.0
-70.0
-70.0
-70.0
-70.0
-69.6374205341
-69.4319588367
-70.0
-70.0
-70.0
-70.0
-70.0
-70.0
-70.0
-70.0
-70.0
-70.0
-70.0
-63.9380709132
-60.502977764
-54.137368766
0
-70.0
-70.0
-70.0
-70.0
-70.0
-70.0
-70.0
-70.0
-70.0
-70.0
-70.0
-70.0
-63.9684266828
-67.7068450816
-70.0
-70.0
-70.0
-69.5280762246
-68.2621751908
-68.5490010441
-68.769463188
-69.4983139236
-69.9523472342
-70.0
-70.0
-63.3927927119
-60.9992337155
-70.0
-70.0
-70.0
-70.0
-70.0
-70.0
-64.5560211621
-61.4710998207
-59.9044436885
-59.3009685528
-59.295517853
-59.6490635047
-61.0585589837
-68.5326743007
-70.0
-70.0
-70.0
-70.0
-70.0
-70.0
-70.0
-65.2224887937
-62.5152324435
-60.1413858445
-59.0456983569
-59.2086583351
-60.9716630916
-65.3375586101
-70.0
-70.0
-70.0
-70.0
-65.9623494558
-63.6743474807
-62.5124013797
-62.0648203397
-62.0607777044
-62.3229928664
-62.7362222014
-63.6717709872
-65.5331373768
-70.0
-70.0
-70.0
-70.0
-70.0
-66.425007518
-64.3991784449
-63.3703750529
-62.9740805159
-62.9705011098
-58.1244755803
-55.6127110767
-54.5852286719
-54.7205856182
0
-70.0
-70.0
-70.0
-70.0
-70.0
-70.0
-70.0
-70.0
-70.0
-69.2324307646
-68.4641415311
-68.0543632734
-68.6376704225
-70.0
-70.0
-70.0
-70.0
-67.9051838081
-66.7181212993
-66.1152797508
-65.8830654966
-65.8809680942
-60.8802937525
-58.1838793556
-56.9599014057
-56.8922360965
-57.9279392242
-69.8325062245
-70.0
-70.0
-70.0
-70.0
-66.6358903246
-61.5279154181
-58.4121999602
-56.9290306868
-56.4748280998
-56.653145611
-57.205031264
-57.998678116
-60.170494478
-62.8194698506
-67.9960453669
-70.0
-70.0
-70.0
-70.0
-70.0
-70.0
-70.0
-63.6731723019
-60.0879699396
-55.2316788667
-61.268256058
-70.0
-70.0
-70.0
-70.0
-70.0
-70.0
-70.0
-70.0
-70.0
-70.0
-70.0
-62.7165264363
-59.0059188437
-61.0838730857
-70.0
-70.0
-70.0
-70.0
-70.0
-70.0
-70.0
-70.0
-70.0
-70.0
-70.0
-70.0
-70.0
-64.1298148999
-67.6090004749
-70.0
-70.0
-70.0
-70.0
-70.0
-70.0
-70.0
-70.0
-70.0
-70.0
-70.0
-69.9155177941
-70.0
-70.0
-70.0
-70.0
-70.0
-70.0
-70.0
-70.0
-65.3961072053
-60.4539012883
-57.8067810285
-56.624949505
-56.3616856074
-57.9917248205
-68.876938353
-70.0
-70.0
-70.0
-70.0
-70.0
-70.0
-70.0
-70.0
-63.5521359429
-59.8983463106
-59.0423432278
0
-70.0
-70.0
-70.0
-70.0
-70.0
-70.0
-70.0
-70.0
-70.0
-70.0
-70.0
-70.0
-70.0
-70.0
-70.0
-70.0
-70.0
-70.0
-70.0
-70.0
-70.0
-70.0
-70.0
-70.0
-70.0
-70.0
-70.0
-70.0
-70.0
-70.0
-70.0
-64.3436227044
-69.4374375352
-70.0
-70.0
-70.0
-70.0
-70.0
-70.0
-70.0
-65.5478816046
-63.0250145139
-61.7437937757
-61.2502682069
-61.2458105921
-61.7544870863
-57.0445909289
-56.8418416701
-61.5699057465
-69.2693129145
-70.0
-70.0
-70.0
-70.0
-70.0
-70.0
-70.0
-70.0
-70.0
-70.0
-70.0
-70.0
-70.0
-70.0
-70.0
-70.0
-70.0
-70.0
-70.0
-70.0
-70.0
-70.0
-70.0
-70.0
-70.0
-70.0
-70.0
-70.0
-70.0
-70.0
-70.0
-70.0
-70.0
-70.0
-70.0
-70.0
-70.0
-70.0
-63.3654955764
-60.6025175824
-60.762434955
-65.8638878011
-70.0
-70.0
-70.0
-70.0
-70.0
-70.0
-70.0
-63.6580054067
-60.0642084706
-57.2564648897
-59.2702388502
-70.0
-70.0
-70.0
-70.0
-70.0
-70.0
-70.0
-70.0
-70.0
-70.0
-70.0
-63.4246986877
-59.6986946107
-58.6674500432
-60.5633772049
-69.6775766717
-70.0
-70.0
-70.0
-70.0
-70.0
-70.0
-70.0
-70.0
-70.0
-70.0
-70.0
-70.0
-70.0
-70.0
-70.0
-70.0
-70.0
-70.0
-70.0
-70.0
-64.1283054175
-60.8010118207
-54.6668241575
0
-70.0
-70.0
-70.0
-70.0
-70.0
-70.0
-70.0
-70.0
-70.0
-70.0
-70.0
-64.6287877194
-61.5851007605
-60.0393852264
-59.662032709
-64.1343516851
-70.0
-70.0
-70.0
-70.0
-70.0
-70.0
-65.0760152561
-62.2857572345
-57.9764294708
-55.7916184969
-54.9543446293
-54.9535021545
0
-70.0
-70.0
-70.0
-70.0
-70.0
-70.0
-70.0
-70.0
-70.0
-70.0
-69.7136801672
-69.5514322619
-70.0
-70.0
-70.0
-70.0
-70.0
-70.0
-70.0
-70.0
-70.0
-70.0
-65.1397923929
-62.7190080822
-61.8425705597
-56.6626964349
-55.5426332883
-65.1190741793
-70.0
-70.0
-70.0
-70.0
-70.0
-66.0327241603
-61.4512678511
-58.9873518039
-57.8760904488
-57.6134639541
-57.8687725921
-58.4263320219
-60.4745076028
-66.91601368
-70.0
-70.0
-70.0
-70.0
-70.0
-70.0
-70.0
-70.0
-70.0
-70.0
-70.0
-70.0
-70.0
-70.0
-70.0
-70.0
-70.0
-70.0
-70.0
-64.7393014614
-61.7582389562
-60.2443268212
-60.6610795414
-61.2224285221
-61.8518236265
-63.1865602603
-69.8936569377
-70.0
-70.0
-70.0
-70.0
-70.0
-70.0
-65.868399282
-63.5271588751
-62.3381760018
-61.1764767074
-55.1562906232
0
-70.0
-70.0
-70.0
-70.0
-70.0
-70.0
-70.0
-70.0
-70.0
-70.0
-70.0
-70.0
-70.0
-70.0
-70.0
-70.0
-70.0
-70.0
-70.0
-66.9808435653
-65.2699882524
-63.6974384191
-58.0380679793
0
-70.0
-70.0
-70.0
-70.0
-70.0
-70.0
-70.0
-70.0
-70.0
-70.0
-70.0
-70.0
-70.0
-70.0
-70.0
-70.0
-70.0
-70.0
-70.0
-70.0
-70.0
-70.0
-70.0
-70.0
-70.0
-70.0
-70.0
-70.0
-70.0
-70.0
-69.2698688615
-70.0
-70.0
-70.0
-70.0
-70.0
-65.6857991319
-63.2410853067
-61.999554168
-56.5953910866
0
-70.0
-70.0
-70.0
-70.0
-70.0
-70.0
-70.0
-70.0
-66.6442094197
-64.7425947576
-59.8879839128
-57.3122846089
-57.1896552157
0
-70.0
-70.0
-70.0
-70.0
-70.0
-70.0
-70.0
-70.0
-69.8850763832
-69.8199530003
-69.7868805372
-69.7741410415
-69.774025976
-69.7814894041
-70.0
-70.0
-70.0
-70.0
-70.0
-70.0
-70.0
-65.5302286881
-62.997358278
-60.8427446654
-59.8552183424
-59.6008619372
0
-70.0
-70.0
-70.0
-70.0
-70.0
-70.0
-70.0
-70.0
-70.0
-65.5587226316
-63.0419987895
-62.7248794156
-62.7771118108
-63.0492141875
-63.444168474
-66.1185022272
-70.0
-70.0
-70.0
-70.0
-70.0
-70.0
-70.0
-70.0
-70.0
-70.0
-70.0
-70.0
-70.0
-70.0
-70.0
-70.0
-70.0
-70.0
-70.0
-70.0
-70.0
-70.0
-70.0
-70.0
-70.0
-70.0
-70.0
-70.0
-70.0
-64.7892292806
-63.6115325977
-67.8448673576
-70.0
-70.0
-70.0
-65.5516447585
-63.0309101217
-62.7392113156
-63.1395516547
-63.9417708031
-64.6250432653
-65.2141719671
-66.3732493019
-70.0
-70.0
-70.0
-70.0
-70.0
-70.0
-70.0
-70.0
-70.0
-70.0
-70.0
-70.0
-70.0
-70.0
-70.0
-70.0
-70.0
-70.0
-70.0
-70.0
-70.0
-70.0
-70.0
-70.0
-70.0
-70.0
-70.0
-70.0
-65.970623998
-68.5379940943
-70.0
-70.0
-70.0
-70.0
-70.0
-70.0
-70.0
-63.2450060085
-60.3243518571
-62.4271217035
-70.0
-70.0
-70.0
-70.0
-70.0
-70.0
-70.0
-70.0
-64.7078227025
-61.7089222339
-59.1866278511
-57.9141136263
-61.188986902
-70.0
-70.0
-70.0
-70.0
-70.0
-70.0
-70.0
-70.0
-70.0
-70.0
-70.0
-70.0
-70.0
-70.0
-70.0
-70.0
-70.0
-70.0
-70.0
-70.0
-70.0
-70.0
-70.0
-70.0
-70.0
-70.0
-70.0
-69.2075371152
-70.0
-70.0
-70.0
-70.0
-70.0
-70.0
-70.0
-65.3448810076
-63.2625358008
-58.6821552612
-56.3111884287
-55.3449020482
-55.253633485
-57.6938724173
-63.0603840922
-69.5461176172
-70.0
-70.0
-70.0
-70.0
-70.0
-70.0
-70.0
-70.0
-70.0
-70.0
-70.0
-70.0
-70.0
-70.0
-70.0
-70.0
-70.0
-70.0
-70.0
-70.0
-70.0
-70.0
-70.0
-70.0
-70.0
-67.9210028253
-66.7429044263
-66.1446152394
-65.9141545525
-65.9120729887
-66.0470882841
-66.2598611852
-66.5121962197
-68.4426155834
-68.3888517617
-70.0
-70.0
-70.0
-70.0
-70.0
-67.7604796393
-66.4914181016
-65.8469339089
-65.5986789297
-65.5964366445
-65.7418767185
-59.5856186721
-56.2390098885
-55.5912090604
-64.7280286013
-70.0
-70.0
-70.0
-70.0
-70.0
-66.7561460557
-64.917962154
-63.1819839387
-62.3676642115
-62.1334835682
-55.4732993925
0
-70.0
-70.0
-70.0
-70.0
-70.0
-70.0
-70.0
-70.0
-70.0
-70.0
-70.0
-70.0
-70.0
-70.0
-70.0
-70.0
-70.0
-70.0
-70.0
-70.0
-69.3602452943
-68.9977176277
-68.8136104402
-63.8167665204
-58.6914346178
-55.9931876557
-54.8411332232
-54.655196123
-59.1466303936
-70.0
-70.0
-70.0
-70.0
-70.0
-70.0
-70.0
-64.3458654768
-61.1418559136
-60.3830344025
-60.2483070157
-61.1791669622
-62.9557033707
-64.7000405491
-67.2727176598
-70.0
-70.0
-70.0
-70.0
-70.0
-70.0
-64.5477306801
-61.4581113988
-56.0001805612
0
-70.0
-70.0
-70.0
-70.0
-70.0
-70.0
-68.1206910571
-67.7594530265
-67.6173951073
-68.1671360744
-62.9407921682
-59.171979995
0
-70.0
-70.0
-70.0
-70.0
-70.0
-70.0
-70.0
-70.0
-70.0
-70.0
-70.0
-70.0
-70.0
-63.4895045258
-60.7995471177
-58.5312728778
-61.210875109
-70.0
-70.0
-70.0
-70.0
-70.0
-70.0
-70.0
-70.0
-65.7487481386
-63.3397054171
-62.6718451592
-62.5154008324
-62.6710208753
-64.1204789075
-70.0
-70.0
-70.0
-70.0
-70.0
-70.0
-70.0
-70.0
-70.0
-70.0
-70.0
-70.0
-70.0
-63.9166200576
-65.0614316144
-70.0
-70.0
-70.0
-70.0
-70.0
-70.0
-70.0
-70.0
-70.0
-70.0
-70.0
-70.0
-69.2277489985
-69.0162224347
-70.0
-69.6967677642
-70.0
-70.0
-70.0
-70.0
-70.0
-70.0
-70.0
-70.0
-70.0
-70.0
-70.0
-70.0
-70.0
-70.0
-70.0
-70.0
-70.0
-70.0
-64.4442161742
-61.2959386729
-66.8993813694
-70.0
-70.0
-70.0
-70.0
-70.0
-70.0
-70.0
-70.0
-70.0
-70.0
-70.0
-70.0
-70.0
-70.0
-70.0
-70.0
-70.0
-70.0
-70.0
-70.0
-64.4740291728
-59.0093123708
-57.0945548856
-55.8409024744
-55.5606809452
-56.0888441411
-59.8213111176
-70.0
-70.0
-70.0
-70.0
-70.0
-70.0
-70.0
-70.0
-70.0
-63.2905199291
-57.155147889
-54.884744872
0
-70.0
-70.0
-70.0
-70.0
-70.0
-70.0
-70.0
-70.0
-70.0
-70.0
-70.0
-70.0
-70.0
-70.0
-70.0
-70.0
-70.0
-70.0
-70.0
-70.0
-66.5050302512
-64.5245473936
-64.5183216729
-64.6973088514
-64.9814575301
-65.3192314863
-65.6779214772
-66.4557047243
-70.0
-70.0
-70.0
-70.0
-70.0
-70.0
-70.0
-70.0
-70.0
-65.1605581154
-60.0848743808
-57.3699683273
-56.162025751
-55.8985260135
-57.0890589828
-65.3942622112
-70.0
-70.0
-70.0
-70.0
-70.0
-66.0440128637
-63.8022868198
-62.6638416328
-62.2253131328
-62.2213522617
-62.478263997
-62.8831355716
-64.7202856386
-70.0
-70.0
-70.0
-70.0
-70.0
-70.0
-70.0
-70.0
-70.0
-70.0
-70.0
-70.0
-70.0
-70.0
-70.0
-70.0
-70.0
-70.0
-70.0
-70.0
-70.0
-69.904661213
-69.8506359004
-69.8231995162
-69.8126310351
-69.8125355786
-70.0
-70.0
-70.0
-70.0
-70.0
-70.0
-68.9684213425
-68.9394156588
-68.95736506
-64.0769632727
-61.346156758
-60.7986034263
-60.7767846464
-61.0711338903
-61.5453723069
-63.6717509802
-67.5218783905
-70.0
-70.0
-70.0
-70.0
-70.0
-70.0
-70.0
-70.0
-70.0
-70.0
-70.0
-70.0
-70.0
-70.0
-70.0
-70.0
-70.0
-70.0
-70.0
-70.0
-70.0
-64.089874478
-60.7408033489
-55.1511116709
0
-70.0
-70.0
-70.0
-70.0
-70.0
-70.0
-68.3611209655
-67.432422846
-66.9607898794
-66.7791171034
-66.7774762011
-66.8839091197
-67.0516385668
-67.2505549495
-66.4875652424
-67.2347036086
-70.0
-70.0
-70.0
-70.0
-70.0
-70.0
-70.0
-70.0
-70.0
-70.0
-70.0
-70.0
-70.0
-70.0
-70.0
-70.0
-70.0
-70.0
-70.0
-64.9348828275
-62.0646497632
-60.6070215991
-59.084562423
-58.5349348366
-58.5873271235
-58.9991849248
-60.9465624415
-67.8570375106
-70.0
-70.0
-70.0
-70.0
-69.9976401353
-69.9963028787
-69.9956237621
-69.9953621667
-69.9953598039
-69.9955130595
-69.9597843246
-70.0
-70.0
-70.0
-70.0
-70.0
-70.0
-70.0
-70.0
-70.0
-70.0
-70.0
-70.0
-70.0
-70.0
-70.0
-70.0
-70.0
-70.0
-70.0
-70.0
-70.0
-66.9586002249
-66.1766126889
-65.834866411
-65.7686564306
-65.869975228
-66.8709031346
-67.5757631074
-69.4029479272
-70.0
-70.0
-70.0
-70.0
-70.0
-70.0
-70.0
-70.0
-70.0
-70.0
-63.6931681063
-60.1192966998
-58.984146529
-62.8273450305
-70.0
-70.0
-70.0
-70.0
-66.7439499628
-62.5655216084
-60.3062805422
-59.2738598844
-59.0119454935
-59.2210653426
-59.9195632912
-59.6746769225
-62.5056061733
-68.2231800553
-70.0
-70.0
-66.9739637189
-65.2592098263
-64.3883838299
-64.0529421043
-64.0499123322
-64.2464307245
-64.7825971291
-67.716754786
-70.0
-70.0
-70.0
-70.0
-70.0
-70.0
-64.855837038
-62.9392889207
-62.0247170863
-61.7418167495
-61.8473493224
-62.4070466469
-66.0557198914
-70.0
-70.0
-70.0
-70.0
-70.0
-70.0
-70.0
-70.0
-70.0
-70.0
-70.0
-70.0
-70.0
-70.0
-70.0
-70.0
-70.0
-70.0
-70.0
-70.0
-70.0
-70.0
-70.0
-70.0
-70.0
-70.0
-70.0
-70.0
-70.0
-70.0
-70.0
-70.0
-70.0
-70.0
-70.0
-70.0
-70.0
-64.0872843875
-60.7367455404
-59.0351973808
-60.656783213
-70.0
-70.0
-70.0
-70.0
-70.0
-70.0
-70.0
-70.0
-70.0
-70.0
-70.0
-70.0
-70.0
-70.0
-70.0
-70.0
-70.0
-70.0
-70.0
-70.0
-70.0
-65.2331900239
-60.1986643708
-57.5046601666
-56.3047689719
-56.041341956
-56.3485743479
-59.063810932
-68.3432543417
-70.0
-70.0
-70.0
-70.0
-70.0
-65.8253084625
-61.1263165912
-58.6027109154
0
-70.0
-70.0
-70.0
-70.0
-70.0
-70.0
-70.0
-70.0
-70.0
-70.0
-69.8906666985
-70.0
-70.0
-70.0
-70.0
-70.0
-70.0
-70.0
-70.0
-70.0
-70.0
-70.0
-70.0
-70.0
-70.0
-70.0
-70.0
-70.0
-70.0
-70.0
-70.0
-70.0
-70.0
-70.0
-70.0
-70.0
-70.0
-70.0
-70.0
-70.0
-70.0
-70.0
-70.0
-70.0
-70.0
-70.0
-70.0
-70.0
-70.0
-65.9175497428
-63.6041612637
-58.5404339119
-55.93295609
-54.8373708605
-54.6854406942
-55.54632995
-58.2753812167
-70.0
-70.0
-70.0
-68.5584939853
-67.9515572437
-67.6556766239
-67.5562923646
-67.5781187302
-67.6719439252
-66.9375281541
-66.2656277531
-65.9869665873
-66.8632585581
-70.0
-70.0
-70.0
-70.0
-70.0
-70.0
-70.0
-70.0
-70.0
-64.1007934603
-60.7579097545
-60.034236911
-59.9322253079
-60.8561295711
-70.0
-70.0
-70.0
-70.0
-70.0
-70.0
-70.0
-70.0
-70.0
-70.0
-70.0
-70.0
-70.0
-70.0
-70.0
-70.0
-70.0
-70.0
-70.0
-70.0
-70.0
-70.0
-70.0
-70.0
-70.0
-70.0
-70.0
-70.0
-70.0
-70.0
-70.0
-70.0
-70.0
-70.0
-70.0
-70.0
-70.0
-70.0
-70.0
-64.5833483987
-70.0
-70.0
-70.0
-70.0
-70.0
-70.0
-70.0
-70.0
-70.0
-70.0
-70.0
-70.0
-70.0
-70.0
-70.0
-70.0
-70.0
-70.0
-70.0
-70.0
-70.0
-65.7521164695
-63.3449824689
-62.1225359862
-60.6519509591
-60.0812015775
0
-70.0
-70.0
-70.0
-70.0
-70.0
-70.0
-70.0
-68.3748483832
-67.4539291337
-66.9862466129
-61.8801696207
-59.087184438
-57.7751538472
-57.3954303644
-59.0824332855
-65.6194215583
-70.0
-70.0
-70.0
-70.0
-70.0
-70.0
-70.0
-70.0
-70.0
-70.0
-70.0
-70.0
-70.0
-70.0
-70.0
-70.0
-70.0
-70.0
-65.4208747125
-62.8260370496
-57.6193776613
0
-70.0
-70.0
-70.0
-70.0
-70.0
-70.0
-70.0
-70.0
-70.0
-66.5778344671
-64.6386073317
-58.7726025972
-55.6272463366
0
-70.0
-70.0
-70.0
-70.0
-70.0
-70.0
-70.0
-70.0
-70.0
-70.0
-64.817717483
-61.8810907233
-60.3897449767
-59.8152793629
-61.3110447878
-67.8580873523
-70.0
-70.0
-70.0
-70.0
-70.0
-70.0
-70.0
-70.0
-70.0
-69.255051183
-69.734826009
-70.0
-70.0
-70.0
-70.0
-70.0
-70.0
-70.0
-70.0
-66.2141677596
-64.0688628233
-62.9793844341
-58.6222309736
-55.3949052115
0
-70.0
-70.0
-70.0
-70.0
-70.0
-70.0
-70.0
-70.0
-70.0
-64.443393216
-61.2946493717
-59.6955814194
-59.0796212674
-61.2783176823
-70.0
-70.0
-70.0
-70.0
-70.0
-70.0
-70.0
-70.0
-70.0
-70.0
-70.0
-70.0
-70.0
-63.4179854033
-59.8967103487
-67.4425557395
-70.0
-70.0
-70.0
-70.0
-70.0
-70.0
-70.0
-70.0
-70.0
-63.6744791682
-60.0900173636
-58.2696730353
-57.5684773372
-61.453021085
-70.0
-70.0
-70.0
-70.0
-70.0
-70.0
-70.0
-70.0
-70.0
-70.0
-69.3603693927
-68.9979120486
-62.2662111354
-59.6166584802
-63.6208695251
-70.0
-70.0
-70.0
-70.0
-70.0
-70.0
-70.0
-70.0
-70.0
-69.952643519
-69.9258081797
-69.9121800368
-70.0
-70.0
-70.0
-70.0
-70.0
-70.0
-70.0
-67.3986743822
-65.9245898655
-65.1759861599
-64.8876243979
-65.753332618
-66.4143131294
-65.9319467708
-65.77812873
-67.1562723715
-70.0
-70.0
-70.0
-70.0
-70.0
-70.0
-70.0
-70.0
-70.0
-70.0
-70.0
-70.0
-70.0
-70.0
-70.0
-70.0
-70.0
-70.0
-70.0
-70.0
-63.521233483
-59.5165991234
-57.1299318702
-56.1269337893
-55.9875704811
-57.2404841431
-61.0700583184
-70.0
-70.0
-70.0
-70.0
-70.0
-70.0
-70.0
-70.0
-70.0
-63.8491652655
-60.3636922493
-59.4619314552
-59.6010355844
-66.891411144
-70.0
-70.0
-70.0
-70.0
-70.0
-70.0
-70.0
-70.0
-70.0
-63.6305825849
-60.8895588068
-59.5486259131
-54.5966782524
-57.6595176936
-70.0
-70.0
-70.0
-70.0
-70.0
-70.0
-70.0
-70.0
-70.0
-70.0
-70.0
-70.0
-70.0
-70.0
-70.0
-70.0
-70.0
-70.0
-70.0
-70.0
-70.0
-70.0
-70.0
-63.9323410198
-60.494000931
-59.4322124926
-62.9043239593
-70.0
-70.0
-70.0
-70.0
-70.0
-70.0
-70.0
-70.0
-64.0821253839
-60.7286631015
-55.1367414064
0
-70.0
-70.0
-70.0
-70.0
-70.0
-70.0
-70.0
-70.0
-70.0
-70.0
-65.6765770034
-63.2266373053
-61.9824522429
-61.5031927974
-60.4991647655
-60.4283325963
-59.0096379273
-63.7366528514
-70.0
-70.0
-70.0
-70.0
-70.0
-70.0
-70.0
-70.0
-70.0
-70.0
-70.0
-70.0
-70.0
-70.0
-70.0
-68.1648050143
-67.1248611891
-62.7078439654
-60.5121418949
-59.5109825895
-59.6843774717
0
-70.0
-70.0
-70.0
-70.0
-70.0
-70.0
-70.0
-70.0
-70.0
-70.0
-70.0
-70.0
-70.0
-70.0
-70.0
-70.0
-70.0
-65.6210897285
-63.1397072414
-61.8795541744
-62.3941386466
-62.9564180417
-63.528571744
-64.0875782407
-65.726954843
-65.2970946137
-70.0
-70.0
-70.0
-70.0
-70.0
-70.0
-70.0
-70.0
-70.0
-70.0
-70.0
-70.0
-69.5958361723
-70.0
