-67.93
-66.067
-64.3903
-63.70127
-62.8078096667
-61.8214731444
-61.632288793
-61.107701889
-60.3993596836
-59.6043757043
-58.7839061265
-57.1554941757
-56.7365971993
-55.4173724402
-54.42192517
0
-70.0
-70.0
-70.0
-70.0
-67.8963135231
-66.0142245195
-64.3278303
-62.8150660917
-61.4569053636
-60.236778748
-59.140143487
-58.1541575475
-57.2674273989
-56.4698083965
-56.5722433818
-56.3912962602
-56.0463514453
-55.6145061748
-55.1449154734
-54.6683305367
-55.0234352235
-55.0457168615
-54.8675619489
-54.575083603
-54.2237604754
0
-70.0
-70.0
-70.0
-70.0
-67.945467565
-66.0912325185
-64.41898374
-63.7316683482
-62.0182235016
-59.7462158102
-58.0348040017
-56.7167967832
-55.6787658926
-54.8433218286
-54.1572779958
0
-70.0
-70.0
-70.0
-70.0
-67.9184368373
-66.0488843785
-64.3688567572
-63.6785449592
-62.7850730484
-61.799487467
-60.791486536
-59.8036364261
-58.860805146
-57.9764128731
-57.1565637469
-56.4027688129
-54.8937328921
0
-70.0
-70.0
-70.0
-70.0
-67.4954313052
-65.3861757114
-63.5844164981
-62.0272137536
-60.6686516484
-59.4745593303
-58.4189519618
-57.4816224753
-56.6465040342
-56.7205495018
-56.5176251322
-56.9752830061
-56.9940349636
-57.5688183059
-57.6380610345
-56.5816713038
-55.7051150886
-54.9656775232
-54.3331590665
0
-70.0
-70.0
-70.0
-70.0
-67.8027286076
-65.8676081519
-64.1542822734
-62.6311440038
-61.2728895753
-60.058840599
-58.9717831933
-57.9971559767
-57.1224744476
-56.3369163818
-54.811017663
0
-70.0
-70.0
-70.0
-70.0
-68.677817211
-67.2385802973
-64.9570854724
-63.0662857285
-61.4729296911
-60.1111517457
-58.9337132536
-57.9061263832
-57.0027033815
-56.2038928011
-54.6744766929
0
-70.0
-70.0
-70.0
-70.0
-67.6943652716
-65.6978389255
-64.773328487
-63.7028446077
-62.5804594598
-61.4643463891
-61.2092003337
-60.659139356
-59.9504647909
-59.1702445587
-58.3731042675
-57.5923832839
-56.8475379175
-56.1490461005
-55.5016494736
-54.9064898483
-54.3625110782
0
-70.0
-70.0
-70.0
-70.0
-68.0664429269
-66.2807605855
-64.6433258279
-63.149420779
-61.7914303904
-60.5602551442
-60.2662081583
-59.7242396949
-59.0515839603
-58.3229377209
-57.5849853865
-56.8660478064
-56.1824836647
-55.5429290576
-54.9510986581
-54.4076304631
0
-70.0
-70.0
-70.0
-70.0
-67.8239164155
-65.9008023844
-64.1935738862
-62.6727843244
-61.3145511098
-60.0991261441
-59.0099002932
-58.0327014395
-57.9752920794
-56.8316700606
-55.0744411807
0
-70.0
-70.0
-70.0
-70.0
-67.8418519068
-65.9289013207
-64.2268342583
-62.7080328789
-61.349817622
-60.1332278805
-59.0421664395
-58.8827906936
-58.4677388897
-57.9131165109
-57.2932392
-56.6548715068
-56.0266885073
-55.4255557574
-54.8606909155
-54.3364156465
0
-70.0
-70.0
-70.0
-70.0
-67.9327912272
-66.0713729226
-64.3954761758
-62.8867555885
-61.5286313832
-59.4861358139
-57.9211006118
-56.6947094702
-55.7123844696
-54.9092433202
-54.2403838532
0
-70.0
-70.0
-70.0
-70.0
-66.5538575465
-63.9110434894
-61.8383202723
-60.1767423329
-58.8172374915
-57.6842933369
-56.7250503996
-55.9020029573
-55.1881077266
-54.5635003306
-54.0132858821
0
-70.0
-70.0
-70.0
-70.0
-67.9279049073
-66.0637176881
-64.3864147669
-62.877152522
-61.5190234244
-60.2968451849
-59.1969767351
-58.2071564407
-56.4963590494
-55.2300019796
-54.2725210051
0
-70.0
-70.0
-70.0
-70.0
-68.2624461321
-66.5878322736
-65.0068028827
-63.5346251521
-62.1768310087
-60.9329268223
-59.7988200831
-58.7683953701
-57.8345273634
-56.9897223138
-56.226515207
-55.5377071027
-54.09649867
0
-70.0
-70.0
-70.0
-70.0
-67.2811988831
-65.0505449168
-63.1871343732
-61.6061835679
-60.2474069658
-58.247227439
-56.7488788083
-55.6015736696
-54.7031381307
0
-70.0
-70.0
-70.0
-70.0
-67.7984639191
-65.8609268065
-64.1463736455
-62.6227626273
-61.2645039288
-60.8707319121
-60.2487776384
-59.5106458195
-59.5474118675
-59.2278911008
-59.5252489373
-59.362822008
-58.9299384502
-58.3492103671
-57.6991331717
-57.0291157488
-55.5494681034
-54.4533639127
0
-70.0
-70.0
-70.0
-70.0
-67.8886363891
-66.0021970096
-64.3135934816
-62.7999782487
-61.441809834
-60.2221817908
-59.1263322384
-58.1412780991
-57.2555363455
-56.4589067485
-55.7422987654
-55.9175906833
-55.802179478
-55.5161934388
-55.1373953674
0
-70.0
-70.0
-70.0
-70.0
-67.8433341035
-65.1112234288
-62.124916243
-59.9056347234
-58.2205446543
-56.9121391243
-55.0533578355
-54.5663104677
-54.0985383647
0
-70.0
-70.0
-70.0
-70.0
-67.6449615534
-65.6204397669
-63.8617120362
-62.3210849965
-60.9626726062
-59.7588694184
-59.5079585252
-59.017146705
-58.3987547228
-57.7244277094
-57.8590172443
-57.6544703905
-57.2532599318
-56.7474249922
-56.1956765288
-55.6347715664
-55.0870695367
-54.565546001
-54.0771136796
0
-70.0
-70.0
-70.0
-70.0
-67.9333468118
-66.0722433386
-64.3965064766
-63.7078474769
-62.8143904945
-61.8278366219
-60.8183097443
-59.8286499596
-58.8838990901
-57.9975852654
-56.3558774618
-55.9556568642
-55.4936692768
-55.0100210818
-54.5294981288
-54.0668677527
0
-70.0
-70.0
-70.0
-70.0
-68.0972708422
-66.3290576528
-64.700494484
-64.0300067666
-63.1367139106
-62.1395144
-61.1132108803
-60.1036550725
-59.137799752
-58.2303599014
-57.3882173276
-56.6133245391
-55.9046113813
-55.259229774
-54.6733598171
-54.142725849
0
-70.0
-70.0
-70.0
-70.0
-67.6876254168
-66.5072798197
-65.2254964674
-64.7455765738
-63.9427720852
-62.9729969892
-61.9353653653
-60.0716075454
-57.7742992687
-56.1134376603
-54.8898061066
0
-70.0
-70.0
-70.0
-70.0
-66.7114452422
-63.3379308795
-60.8458912325
-58.1458044033
-56.230892159
-54.8509150737
0
-70.0
-70.0
-70.0
-70.0
-68.5783390622
-66.2627311975
-65.1279421054
-63.91947058
-62.7070719787
-61.5327304187
-60.420367802
-59.3822713053
-58.4233376971
-57.5438662756
-56.7413878802
-56.0118545802
-54.5304061143
0
-70.0
-70.0
-70.0
-70.0
-67.6968904904
-65.7017951016
-64.778011365
-64.5278074108
-63.8700914579
-62.989792171
-62.0052861931
-60.9910730666
-59.9928427551
-59.0374764764
-58.13967416
-57.3063369648
-56.5394567488
-55.0180133943
0
-70.0
-70.0
-70.0
-70.0
-67.8599864863
-65.9573121618
-64.2604638285
-62.7436727008
-61.3854756009
-59.3477081542
-57.7901240811
-56.5725695011
-55.5996177698
-54.805859472
-54.1460758443
0
-70.0
-70.0
-70.0
-70.0
-68.8315244835
-67.4793883574
-65.2421270699
-63.3683660617
-61.7751639214
-60.4034038398
-59.2102343296
-58.1639914791
-57.2407793862
-56.4221594842
-55.6935822269
-54.2233164649
0
-70.0
-70.0
-70.0
-70.0
-67.7355719033
-65.7623959818
-63.2097438962
-61.2144945149
-59.620195069
-58.3196088992
-57.2386035673
-56.3253802493
-55.5432669168
-54.8658900201
-54.2739342147
0
-70.0
-70.0
-70.0
-70.0
-68.4735617621
-66.098580094
-64.1136384233
-63.2488854735
-62.2650708544
-60.4226130545
-58.9463846061
-56.9191013835
-55.4487614039
-55.1815987026
-54.8252477917
-54.4272623188
-54.8375622911
-55.7191568648
-55.2141417135
-54.7139945656
-55.0534397914
-55.0653256004
-54.8802795659
0
-70.0
-70.0
-70.0
-70.0
-68.018360957
-66.2054321659
-64.5541604858
-62.2349254615
-59.5922202648
-57.663523138
-56.2275207574
-55.9550019704
-55.5696572992
-55.1294619198
-54.6710292949
-54.2169354101
0
-70.0
-70.0
-70.0
-70.0
-67.3906208215
-65.2219726203
-63.3900512789
-61.8212300982
-60.4625630531
-58.4552773909
-56.9457300806
-55.7851440251
-54.8726209242
-54.9593530329
-54.822747197
-54.5566921223
-54.2218360067
0
-70.0
-70.0
-70.0
-70.0
-68.1087270757
-66.3470057519
-64.7217394326
-63.2325216599
-61.0545736076
-59.355985656
-58.0016333632
-56.898967542
-55.9840691313
