-62.0
-57.4666666667
-55.1644444444
-54.2776296296
0
-70.0
-70.0
-70.0
-70.0
-70.0
-70.0
-70.0
-68.9238888889
-68.3140925926
-68.0044117284
-67.8851228189
-61.4642922929
-57.8963175675
-56.1589888133
-55.5779586004
0
-70.0
-70.0
-70.0
-70.0
-70.0
-70.0
-70.0
-67.8492427984
-66.6304803841
-66.0115402561
-65.7731248374
-59.3512183385
-55.8530338279
-54.2256886606
-54.0826004819
-55.2123023635
-70.0
-70.0
-70.0
-70.0
-70.0
-70.0
-70.0
-64.6276580474
-61.5833309409
-60.0372903123
-59.4417562581
0
-70.0
-70.0
-70.0
-70.0
-70.0
-70.0
-70.0
-66.7944130459
-64.977913772
-64.0554170819
-63.7000718317
-57.2771092008
0
-70.0
-70.0
-70.0
-70.0
-70.0
-70.0
-70.0
-70.0
-70.0
-70.0
-64.0686927661
-60.7076186669
-59.0007202518
-58.3432238611
0
-70.0
-70.0
-70.0
-70.0
-70.0
-70.0
-70.0
-68.1843168724
-67.1554297668
-66.6329165112
-66.4316446741
-60.010073663
-56.4901286009
-54.8284906103
-54.3372247955
0
-70.0
-70.0
-70.0
-70.0
-70.0
-70.0
-70.0
-67.9818765432
-66.838273251
-66.2575021674
-66.0337894449
-59.6120157435
-56.1052176646
-54.4642982284
-54.3309716517
-54.3551048941
-69.3082010551
-70.0
-70.0
-70.0
-70.0
-70.0
-70.0
-64.6484890583
-61.6159661914
-60.0759202648
-59.4826953667
0
-70.0
-70.0
-70.0
-70.0
-70.0
-70.0
-70.0
-70.0
-70.0
-70.0
-70.0
-63.5907440939
-59.9588324138
-58.1143909919
-57.4039131057
0
-70.0
-70.0
-70.0
-70.0
-70.0
-70.0
-70.0
-68.2885596708
-67.3187434842
-66.8262289895
-66.6365126597
-60.21504602
-56.6883311689
-55.0160245526
-54.5121064311
0
-70.0
-70.0
-70.0
-70.0
-70.0
-70.0
-70.0
-68.2965514403
-67.3312639232
-66.8410492821
-66.6522188547
-60.2307602167
-56.7035263601
-55.030401834
-54.8724731475
0
-70.0
-70.0
-70.0
-70.0
-70.0
-70.0
-70.0
-67.3689555292
-65.8780303291
-65.1208741981
-64.8292180462
-58.4068306671
-54.9398372174
0
-70.0
-70.0
-70.0
-70.0
-70.0
-70.0
-70.0
-70.0
-70.0
-63.8704595701
-60.3970533264
-58.6331078027
-57.953636895
0
-70.0
-70.0
-70.0
-70.0
-70.0
-70.0
-70.0
-68.2248518519
-67.2189345679
-66.7080863786
-66.5113079191
-60.089777493
-56.5671999875
-54.9014134847
-54.4052278002
0
-70.0
-70.0
-70.0
-70.0
-70.0
-70.0
-70.0
-68.4992222222
-67.6487814815
-67.2168909877
-67.0505269918
-60.6292712748
-57.0888754687
-55.3950088028
-54.8655218432
0
-70.0
-70.0
-70.0
-70.0
-70.0
-70.0
-70.0
-67.7799097737
-66.5218586455
-65.8829660137
-65.6368649009
-59.2148889834
-55.7212071334
-54.1009577857
-54.2203266116
-55.516058199
-60.3730641254
-64.9227843628
-67.8218570264
-63.814189341
-61.6157824184
-60.5762121842
-60.2665963043
0
-70.0
-70.0
-70.0
-70.0
-70.0
-70.0
-70.0
-70.0
-70.0
-70.0
-70.0
-63.6694475658
-60.0821345197
-58.2603422081
-57.5585887475
0
-70.0
-70.0
-70.0
-70.0
-70.0
-70.0
-70.0
-68.2976258768
-67.3329472069
-66.8430417648
-66.6543304407
-60.2328728784
-56.7055692451
-55.032334757
-54.5273162389
0
-70.0
-70.0
-70.0
-70.0
-70.0
-70.0
-70.0
-68.1622757202
-67.1208986283
-66.5920424188
-66.3883272792
-59.9667341997
-56.4482205454
-54.7888383346
-54.4922606729
0
-70.0
-70.0
-70.0
-70.0
-70.0
-70.0
-70.0
-68.2464403292
-67.2527565158
-66.7481210105
-66.5537356737
-60.1322268627
-56.6082473474
-54.9402513932
-54.441445441
0
-70.0
-70.0
-70.0
-70.0
-70.0
-70.0
-70.0
-67.9474828532
-66.7843898034
-66.19372098
-65.9661956534
-59.5443875158
-56.0398230494
-54.4024236013
0
-70.0
-70.0
-70.0
-70.0
-70.0
-70.0
-70.0
-70.0
-67.8094979424
-66.5682134431
-65.9378356287
-65.6950144191
-59.2730681263
-55.7774647465
-54.154187227
-54.2948218169
-58.669973971
-70.0
-70.0
-70.0
-70.0
-70.0
-70.0
-70.0
-64.4647664729
-61.3281341408
-59.7352169369
-59.12162605
0
-70.0
-70.0
-70.0
-70.0
-70.0
-70.0
-70.0
-70.0
-70.0
-70.0
-70.0
-63.9058216735
-60.4524539552
-58.698684859
-58.023133906
0
-70.0
-70.0
-70.0
-70.0
-70.0
-70.0
-70.0
-69.2716337449
-68.8588928669
-68.6492852446
-68.5685444964
-62.1480621445
-58.5575039952
-56.7845856392
-56.1613484375
0
-70.0
-70.0
-70.0
-70.0
-70.0
-70.0
-70.0
-68.996563786
-68.4279499314
-68.1391832876
-68.0279505251
-61.6071927636
-58.034498348
-56.2897317536
-55.6998807386
0
-70.0
-70.0
-70.0
-70.0
-70.0
-70.0
-70.0
-68.9188270766
-68.3061624201
-67.9950248788
-67.8751748581
-61.4543392639
-57.8866932653
-56.1498825573
-55.5694667139
0
-70.0
-70.0
-70.0
-70.0
-70.0
-70.0
-70.0
-70.0
-70.0
-70.0
-70.0
-63.6893745872
-60.11335352
-58.2972957623
-57.5977512489
0
-70.0
-70.0
-70.0
-70.0
-70.0
-70.0
-70.0
-69.4790041152
-69.1837731139
-69.0338420759
-68.9760887173
-62.5558139918
-58.9517886901
-57.1576472194
-56.509240763
0
-70.0
-70.0
-70.0
-70.0
-70.0
-70.0
-70.0
-69.8396625514
-69.7488046639
-69.7026631093
-69.6848894062
-63.2649757844
-59.6375284185
-57.8064757183
-57.1142949076
0
-70.0
-70.0
-70.0
-70.0
-70.0
-70.0
-70.0
-69.4575802469
-69.1502090535
-68.9941127023
-68.9339844682
-62.5136882924
-58.9110543105
-57.1191054443
-56.4732992765
0
-70.0
-70.0
-70.0
-70.0
-70.0
-70.0
-70.0
-68.1982303598
-67.1772275638
-66.6587183006
-66.4589887994
-60.037431719
-56.51658308
-54.8535211274
-54.3605665848
0
-70.0
-70.0
-70.0
-70.0
-70.0
-70.0
-70.0
-70.0
-70.0
-70.0
-70.0
-64.5468934614
-61.4567997561
-59.8875168745
-59.2830299163
0
-70.0
-70.0
-70.0
-70.0
-70.0
-70.0
-70.0
-70.0
-70.0
-70.0
-70.0
-63.8737033989
-60.4021353249
-58.639123303
-57.9600119798
0
-70.0
-70.0
-70.0
-70.0
-70.0
-70.0
-70.0
-69.964781893
-69.9448249657
-69.9346899771
-69.9307859848
-63.5109976368
-59.8754247067
-58.0315667918
-57.3241998165
0
-70.0
-70.0
-70.0
-70.0
-70.0
-70.0
-70.0
-69.5663909465
-69.3206791495
-69.1958960997
-69.1478297331
-62.7276425023
-59.1179420804
-57.3148570913
-56.6558441948
0
-70.0
-70.0
-70.0
-70.0
-70.0
-70.0
-70.0
-68.2135988285
-67.2013048314
-66.687218272
-66.489192394
-60.067650701
-56.5458039951
-54.8811691718
-54.3863493054
0
-70.0
-70.0
-70.0
-70.0
-70.0
-70.0
-70.0
-69.3428600823
-68.9704807956
-68.7813705304
-68.7085253536
-62.288114316
-58.6929305495
-56.9127226047
-56.2808404176
0
-70.0
-70.0
-70.0
-70.0
-70.0
-70.0
-70.0
-70.0
-70.0
-70.0
-70.0
-64.1004846822
-60.7574260021
-59.059676594
-58.405704396
0
-70.0
-70.0
-70.0
-70.0
-70.0
-70.0
-70.0
-70.0
-70.0
-70.0
-70.0
-63.6956480211
-60.1231818998
-58.308929497
-57.6100804054
0
-70.0
-70.0
-70.0
-70.0
-70.0
-70.0
-70.0
-69.6341316498
-69.4268062514
-69.3215174706
-69.2809602864
-62.86084088
-59.2467412068
-57.4367233626
-56.769488544
0
-70.0
-70.0
-70.0
-70.0
-70.0
-70.0
-70.0
-70.0
-70.0
-70.0
-70.0
-63.7565545903
-60.2186021914
-58.4218773457
-57.7297798601
0
-70.0
-70.0
-70.0
-70.0
-70.0
-70.0
-70.0
-70.0
-70.0
-70.0
-70.0
-64.0396459889
-60.6621120493
-58.9468546172
-58.2861383374
0
-70.0
-70.0
-70.0
-70.0
-70.0
-70.0
-70.0
-70.0
-70.0
-70.0
-70.0
-63.8475443784
-60.3611528595
-58.5906128528
-57.9086017537
0
-70.0
-70.0
-70.0
-70.0
-70.0
-70.0
-70.0
-70.0
-70.0
-70.0
-70.0
-64.268345679
-61.0204082305
-59.370965487
-58.7356009913
0
-70.0
-70.0
-70.0
-70.0
-70.0
-70.0
-70.0
-69.6900149623
-69.5143567743
-69.425149969
-69.3907875535
-62.9707240994
-59.3529952236
-57.5372580573
-56.863240489
0
-70.0
-70.0
-70.0
-70.0
-70.0
-70.0
-70.0
-69.8459013256
-69.7585787434
-69.7142325693
-69.6971504459
-63.2772430705
-59.649390543
-57.8176993417
-57.1247613095
0
-70.0
-70.0
-70.0
-70.0
-70.0
-70.0
-70.0
-70.0
-70.0
-70.0
-70.0
-64.6382368541
-61.5999044048
-60.0569081217
-59.4625467478
0
-70.0
-70.0
-70.0
-70.0
-70.0
-70.0
-70.0
-70.0
-70.0
-70.0
-70.0
-64.116310725
-60.7822201358
-59.0890251111
-58.4368072593
0
-70.0
-70.0
-70.0
-70.0
-70.0
-70.0
-70.0
-70.0
-70.0
-70.0
-70.0
-63.7904189402
-60.2716563397
-58.4846769013
-57.7963333416
0
-70.0
-70.0
-70.0
-70.0
-70.0
-70.0
-70.0
-70.0
-70.0
-70.0
-70.0
-64.1308219276
-60.8049543532
-59.1159353301
-58.4653260719
0
-70.0
-70.0
-70.0
-70.0
-70.0
-70.0
-70.0
-70.0
-70.0
-70.0
-70.0
-63.6025738335
-59.9773656725
-58.1363285868
-57.4271620491
0
-70.0
-70.0
-70.0
-70.0
-70.0
-70.0
-70.0
-70.0
-70.0
-70.0
-70.0
-64.2381376823
-60.9730823689
-59.3149464352
-58.6762333272
0
-70.0
-70.0
-70.0
-70.0
-70.0
-70.0
-70.0
-70.0
-70.0
-70.0
-70.0
-64.8424471879
-61.9198339278
-60.4356048407
-59.8638805605
0
-70.0
-70.0
-70.0
-70.0
-70.0
-70.0
-70.0
-70.0
-70.0
-70.0
-70.0
-63.6253250839
-60.0130092981
-58.1785195167
-57.4718749973
0
-70.0
-70.0
-70.0
-70.0
-70.0
-70.0
-70.0
-70.0
-70.0
-70.0
-70.0
-63.8456552355
-60.3581932023
-58.5871095422
-57.9048890282
0
-70.0
-70.0
-70.0
-70.0
-70.0
-70.0
-70.0
-70.0
-70.0
-70.0
-70.0
-64.1754004979
-60.8747941134
-59.1986038122
-58.5529361711
0
-70.0
-70.0
-70.0
-70.0
-70.0
-70.0
-70.0
-70.0
-70.0
-70.0
-70.0
-64.2875374689
-61.0504753679
-59.4065555951
-58.7733185449
0
-70.0
-70.0
-70.0
-70.0
-70.0
-70.0
-70.0
-70.0
-70.0
-70.0
-70.0
-64.238108012
-60.9730358855
-59.3148914133
-58.6761750163
0
-70.0
-70.0
-70.0
-70.0
-70.0
-70.0
-70.0
-70.0
-70.0
-70.0
-70.0
-64.8265422954
-61.8949162628
-60.4061101011
-59.8326227341
0
-70.0
-70.0
-70.0
-70.0
-70.0
-70.0
-70.0
-70.0
-70.0
-70.0
-70.0
-63.6814496704
-60.100937817
-58.2825994443
-57.5821764393
0
-70.0
-70.0
-70.0
-70.0
-70.0
-70.0
-70.0
-70.0
-70.0
-70.0
-70.0
-63.8033682146
-60.2919435363
-58.5086906114
-57.8217825027
0
-70.0
-70.0
-70.0
-70.0
-70.0
-70.0
-70.0
-70.0
-70.0
-70.0
-70.0
-64.8880109739
-61.9912171925
-60.5201003506
-59.9534269004
0
-70.0
-70.0
-70.0
-70.0
-70.0
-70.0
-70.0
-70.0
-70.0
-70.0
-70.0
-64.3815946756
-61.1978316585
-59.5809794595
-58.9581688249
0
-70.0
-70.0
-70.0
-70.0
-70.0
-70.0
-70.0
-70.0
-70.0
-70.0
-70.0
-64.1903189359
-60.8981663329
-59.2262692267
-58.5822553221
0
-70.0
-70.0
-70.0
-70.0
-70.0
-70.0
-70.0
-70.0
-70.0
-70.0
-70.0
-64.2672279632
-61.0186571424
-59.3688927451
-58.7334043486
0
-70.0
-70.0
-70.0
-70.0
-70.0
-70.0
-70.0
-70.0
-70.0
-70.0
-70.0
-63.8103639947
-60.3029035917
-58.5216638968
-57.8355312833
0
-70.0
-70.0
-70.0
-70.0
-70.0
-70.0
-70.0
-70.0
-70.0
-70.0
-70.0
-64.5402213077
-61.4463467154
-59.8751437362
-59.2699171575
0
-70.0
-70.0
-70.0
-70.0
-70.0
-70.0
-70.0
-70.0
-70.0
-70.0
-70.0
-65.0096021948
-62.1817101052
-60.7455845146
-60.1923896764
0
-70.0
-70.0
-70.0
-70.0
-70.0
-70.0
-70.0
-70.0
-70.0
-70.0
-70.0
-63.8101842618
-60.3026220101
-58.5213305921
-57.8351780549
0
-70.0
-70.0
-70.0
-70.0
-70.0
-70.0
-70.0
-70.0
-70.0
-70.0
-70.0
-64.0444761469
-60.6696792969
-58.9558118769
-58.2956310291
0
-70.0
-70.0
-70.0
-70.0
-70.0
-70.0
-70.0
-70.0
-70.0
-70.0
-70.0
-64.4092957374
-61.2412299887
-59.6323495398
-59.0126096191
0
-70.0
-70.0
-70.0
-70.0
-70.0
-70.0
-70.0
-70.0
-70.0
-70.0
-70.0
-64.5453457298
-61.4543749767
-59.8846466923
-59.2799881652
0
-70.0
-70.0
-70.0
-70.0
-70.0
-70.0
-70.0
-70.0
-70.0
-70.0
-70.0
-64.5428412336
-61.4504512659
-59.8800022431
-59.275066088
0
-70.0
-70.0
-70.0
-70.0
-70.0
-70.0
-70.0
-70.0
-70.0
-70.0
-70.0
-65.023073312
-62.2028148555
-60.770565953
-60.2188644131
0
-70.0
-70.0
-70.0
-70.0
-70.0
-70.0
-70.0
-70.0
-70.0
-70.0
-70.0
-63.7741607876
-60.2461852339
-58.4545270606
-57.7643812545
0
-70.0
-70.0
-70.0
-70.0
-70.0
-70.0
-70.0
-70.0
-70.0
-70.0
-70.0
-63.8927140688
-60.4319187077
-58.6743775342
-57.9973735789
0
-70.0
-70.0
-70.0
-70.0
-70.0
-70.0
-70.0
-70.0
-70.0
-70.0
-70.0
-65.3433269319
-62.7045455266
-61.3644584992
-60.8482576661
-54.4238421577
0
-70.0
-70.0
-70.0
-70.0
-70.0
-70.0
-70.0
-70.0
-70.0
-70.0
-65.4579039781
-62.8840495656
-61.576935266
-61.0734355106
-54.6491347207
0
-70.0
-70.0
-70.0
-70.0
-70.0
-70.0
-70.0
-70.0
-70.0
-70.0
-64.9450232968
-62.0805364983
-60.6258265359
-60.0654730072
0
-70.0
-70.0
-70.0
-70.0
-70.0
-70.0
-70.0
-70.0
-70.0
-70.0
-70.0
-64.5249029814
-61.4223480042
-59.8467367511
-59.2398121075
0
-70.0
-70.0
-70.0
-70.0
-70.0
-70.0
-70.0
-70.0
-70.0
-70.0
-70.0
-63.8405332302
-60.3501687273
-58.577611068
-57.8948227702
0
-70.0
-70.0
-70.0
-70.0
-70.0
-70.0
-70.0
-70.0
-70.0
-70.0
-70.0
-64.6861047605
-61.674897458
-60.1456764947
-59.5566213668
0
-70.0
-70.0
-70.0
-70.0
-70.0
-70.0
-70.0
-70.0
-70.0
-70.0
-70.0
-65.2556037189
-62.567112493
-61.2017806744
-60.6758555607
-54.2513522207
0
-70.0
-70.0
-70.0
-70.0
-70.0
-70.0
-70.0
-70.0
-70.0
-70.0
-64.7926851858
-61.8418734578
-60.3433239724
-59.7660834821
0
-70.0
-70.0
-70.0
-70.0
-70.0
-70.0
-70.0
-70.0
-70.0
-70.0
-70.0
-63.9357157039
-60.4992879361
-58.7541216775
-58.0818845332
0
-70.0
-70.0
-70.0
-70.0
-70.0
-70.0
-70.0
-70.0
-70.0
-70.0
-70.0
-64.6569681451
-61.629250094
-60.0916442602
-59.4993592846
0
-70.0
-70.0
-70.0
-70.0
-70.0
-70.0
-70.0
-70.0
-70.0
-70.0
-70.0
-64.7865719657
-61.8322960795
-60.3319873452
-59.7540691931
0
-70.0
-70.0
-70.0
-70.0
-70.0
-70.0
-70.0
-70.0
-70.0
-70.0
-70.0
-64.7845974699
-61.8292027028
-60.3283257525
-59.7501887239
0
-70.0
-70.0
-70.0
-70.0
-70.0
-70.0
-70.0
-70.0
-70.0
-70.0
-70.0
-64.340372491
-61.1332502359
-59.5045352083
-58.8771550182
0
-70.0
-70.0
-70.0
-70.0
-70.0
-70.0
-70.0
-70.0
-70.0
-70.0
-70.0
-64.0980675754
-60.7536392014
-59.0551942036
-58.4009540649
0
-70.0
-70.0
-70.0
-70.0
-70.0
-70.0
-70.0
-70.0
-70.0
-70.0
-70.0
-64.0779272622
-60.7220860441
-59.0178451118
-58.361372382
0
-70.0
-70.0
-70.0
-70.0
-70.0
-70.0
-70.0
-70.0
-70.0
-70.0
-70.0
-65.6447224508
-63.1767318397
-61.923379745
-61.4405891633
-55.0164754225
0
-70.0
-70.0
-70.0
-70.0
-70.0
-70.0
-70.0
-70.0
-70.0
-70.0
-65.8146703564
-63.4429835583
-62.2385386942
-61.7745871526
-55.3506435694
0
-70.0
-70.0
-70.0
-70.0
-70.0
-70.0
-70.0
-70.0
-70.0
-70.0
-65.0843547778
-62.2988224852
-60.8842090268
-60.3393006509
0
-70.0
-70.0
-70.0
-70.0
-70.0
-70.0
-70.0
-70.0
-70.0
-70.0
-70.0
-64.6917726382
-61.6837771331
-60.156187259
-59.5677604259
0
-70.0
-70.0
-70.0
-70.0
-70.0
-70.0
-70.0
-70.0
-70.0
-70.0
-70.0
-64.4614856516
-61.3229941875
-59.7291328361
-59.1151782641
0
-70.0
-70.0
-70.0
-70.0
-70.0
-70.0
-70.0
-70.0
-70.0
-70.0
-70.0
-65.0954634964
-62.3162261444
-60.9048095284
-60.3611325745
0
-70.0
-70.0
-70.0
-70.0
-70.0
-70.0
-70.0
-70.0
-70.0
-70.0
-70.0
-65.1515159861
-62.4040417115
-61.0087557564
-60.4712923248
-54.0466847686
0
-70.0
-70.0
-70.0
-70.0
-70.0
-70.0
-70.0
-70.0
-70.0
-70.0
-65.0323924839
-62.2174148914
-60.7878478395
-60.2371793471
0
-70.0
-70.0
-70.0
-70.0
-70.0
-70.0
-70.0
-70.0
-70.0
-70.0
-70.0
-64.6119701582
-61.5587532478
-60.0081979933
-59.4109249075
0
-70.0
-70.0
-70.0
-70.0
-70.0
-70.0
-70.0
-70.0
-70.0
-70.0
-70.0
-64.8620734644
-61.9505817609
-60.4720006802
-59.902452009
0
-70.0
-70.0
-70.0
-70.0
-70.0
-70.0
-70.0
-70.0
-70.0
-70.0
-70.0
-65.2968169486
-62.6316798862
-61.2782083192
-60.7568517684
-54.3323896925
0
-70.0
-70.0
-70.0
-70.0
-70.0
-70.0
-70.0
-70.0
-70.0
-70.0
-66.013735711
-63.7548526139
-62.6076943352
-62.1658095568
-55.7420652848
0
-70.0
-70.0
-70.0
-70.0
-70.0
-70.0
-70.0
-70.0
-70.0
-70.0
-65.3112166007
-62.6542393411
-61.304911674
-60.7851513513
-54.3607036928
0
-70.0
-70.0
-70.0
-70.0
-70.0
-70.0
-70.0
-70.0
-70.0
-70.0
-65.7125596708
-63.2830101509
-62.0491801006
-61.5739094004
-55.1498635805
0
-70.0
-70.0
-70.0
-70.0
-70.0
-70.0
-70.0
-70.0
-70.0
-70.0
-66.6406803841
-64.7370659351
-63.7703284012
-63.3979416008
-56.9748250474
0
-70.0
-70.0
-70.0
-70.0
-70.0
-70.0
-70.0
-70.0
-70.0
-70.0
-66.7339428089
-64.8831770673
-63.9432783868
-63.5812298989
-57.1582067231
0
-70.0
-70.0
-70.0
-70.0
-70.0
-70.0
-70.0
-70.0
-70.0
-70.0
-65.1881729816
-62.4614710046
-61.0767341182
-60.5433341824
-54.1187633284
0
-70.0
-70.0
-70.0
-70.0
-70.0
-70.0
-70.0
-70.0
-70.0
-70.0
-65.3510991108
-62.7167219403
-61.3788715733
-60.8635323006
-54.4391245739
0
-70.0
-70.0
-70.0
-70.0
-70.0
-70.0
-70.0
-70.0
-70.0
-70.0
-65.5555689682
-63.0370580501
-61.7580495643
-61.265376154
-54.8411731496
0
-70.0
-70.0
-70.0
-70.0
-70.0
-70.0
-70.0
-70.0
-70.0
-70.0
-66.8273799726
-65.029561957
-64.1165524158
-63.7648616105
-57.3419319873
0
-70.0
-70.0
-70.0
-70.0
-70.0
-70.0
-70.0
-70.0
-70.0
-70.0
-66.8854667957
-65.1205646466
-64.2242712022
-63.8790194288
-57.4561479641
-54.0205534865
0
-70.0
-70.0
-70.0
-70.0
-70.0
-70.0
-70.0
-70.0
-70.0
-66.1879118652
-64.0277285889
-62.9306943368
-62.5081173076
-56.0845474268
0
-70.0
-70.0
-70.0
-70.0
-70.0
-70.0
-70.0
-70.0
-70.0
-70.0
-66.0160835464
-63.7585308894
-62.6120482656
-62.1704237491
-55.7466818278
0
-70.0
-70.0
-70.0
-70.0
-70.0
-70.0
-70.0
-70.0
-70.0
-70.0
-65.2329902198
-62.5316846778
-61.1598451966
-60.6314133346
-54.2068873533
0
-70.0
-70.0
-70.0
-70.0
-70.0
-70.0
-70.0
-70.0
-70.0
-70.0
-67.1813534522
-65.5841204085
-64.7729765686
-64.4605243791
-58.0379491663
-54.5831390664
0
-70.0
-70.0
-70.0
-70.0
-70.0
-70.0
-70.0
-70.0
-70.0
-67.8990050297
-66.7084412132
-66.1038215496
-65.8709223664
-59.4490656912
-55.9476494963
-54.3152114629
0
-70.0
-70.0
-70.0
-70.0
-70.0
-70.0
-70.0
-70.0
-70.0
-70.0
-70.0
-70.0
-63.9785416326
-60.566381891
-58.8335399831
-58.1660501722
0
-70.0
-70.0
-70.0
-70.0
-70.0
-70.0
-70.0
-70.0
-70.0
-70.0
-70.0
-64.6986845501
-61.6946057952
-60.1690050157
-59.5813443809
0
-70.0
-70.0
-70.0
-70.0
-70.0
-70.0
-70.0
-70.0
-70.0
-70.0
-70.0
-64.7170988304
-61.7234548343
-60.2031532754
-59.6175338976
0
-70.0
-70.0
-70.0
-70.0
-70.0
-70.0
-70.0
-70.0
-70.0
-70.0
-70.0
-64.6560683167
-61.6278403628
-60.0899755783
-59.4975908551
0
-70.0
-70.0
-70.0
-70.0
-70.0
-70.0
-70.0
-70.0
-70.0
-70.0
-70.0
-64.3998754706
-61.2264715707
-59.6148801783
-58.9940960036
0
-70.0
-70.0
-70.0
-70.0
-70.0
-70.0
-70.0
-70.0
-70.0
-70.0
-70.0
-65.2628562719
-62.578474826
-61.2152301309
-60.6901089762
-54.2656128977
0
-70.0
-70.0
-70.0
-70.0
-70.0
-70.0
-70.0
-70.0
-70.0
-70.0
-65.8557262754
-63.5073044981
-62.3146746152
-61.8552741982
-55.4313717217
0
-70.0
-70.0
