-70.0
-70.0
-70.0
-70.0
-70.0
-70.0
-70.0
-63.2028698655
-64.4765640254
-70.0
-70.0
-70.0
-70.0
-70.0
-70.0
-70.0
-70.0
-70.0
-63.630388587
-60.0209421196
-58.1879095019
-57.7454507667
-60.0168893443
-67.8450188652
-70.0
-70.0
-70.0
-70.0
-70.0
-70.0
-70.0
-70.0
-62.8363647622
-58.7769714608
-56.1598808757
-55.4247633831
-63.6008082486
-70.0
-70.0
-70.0
-70.0
-70.0
-70.0
-70.0
-70.0
-70.0
-70.0
-70.0
-70.0
-70.0
-70.0
-70.0
-70.0
-70.0
-70.0
-70.0
-66.2885532165
-64.1854000392
-63.1173281315
-62.7059073825
-62.7021913537
-62.9432220246
-63.3230663597
-63.7735374154
-64.9714096842
-66.7292684746
-70.0
-70.0
-70.0
-70.0
-70.0
-70.0
-70.0
-70.0
-70.0
-70.0
-70.0
-70.0
-70.0
-70.0
-70.0
-70.0
-70.0
-70.0
-70.0
-70.0
-70.0
-70.0
-70.0
-70.0
-70.0
-70.0
-70.0
-70.0
-70.0
-63.4816189631
-61.2387486283
-66.8213989654
-70.0
-70.0
-70.0
-70.0
-70.0
-65.3768611112
-61.4121880543
-59.3196446183
-58.4201304028
-58.2664175267
-58.5653092169
0
-70.0
-70.0
-70.0
-70.0
-70.0
-70.0
-70.0
-70.0
-70.0
-70.0
-70.0
-70.0
-69.9335217177
-69.8958506911
-70.0
-70.0
-70.0
-70.0
-69.8464641169
-69.7594604498
-70.0
-70.0
-70.0
-70.0
-70.0
-70.0
-70.0
-69.0561408616
-64.5385362094
-70.0
-70.0
-70.0
-70.0
-70.0
-70.0
-70.0
-70.0
-70.0
-70.0
-69.6117641672
-69.391763862
-69.2800382167
-69.2370015557
-69.2366128406
-70.0
-70.0
-70.0
-70.0
-70.0
-70.0
-70.0
-70.0
-70.0
-63.9031913328
-60.448333088
-59.6764655083
-59.5574627769
-54.2168617615
0
-70.0
-70.0
-70.0
-70.0
-70.0
-70.0
-70.0
-70.0
-70.0
-70.0
-70.0
-70.0
-70.0
-70.0
-70.0
-70.0
-70.0
-70.0
-67.1679950353
-65.5631922219
-64.7482041265
-64.4342711318
-63.5631228733
-63.2549964891
-63.2949541089
-64.5424223879
-65.472822609
-67.2499419948
-70.0
-70.0
-70.0
-70.0
-70.0
-70.0
-70.0
-70.0
-70.0
-70.0
-70.0
-70.0
-70.0
-70.0
-70.0
-70.0
-70.0
-70.0
-70.0
-70.0
-70.0
-70.0
-70.0
-70.0
-70.0
-70.0
-70.0
-70.0
-70.0
-64.7514620065
-67.1552391138
-70.0
-70.0
-70.0
-70.0
-70.0
-70.0
-70.0
-69.4834652622
-69.1907622441
-69.0421150251
-68.9848561928
-68.9843390204
-69.0178840829
-70.0
-70.0
-70.0
-70.0
-70.0
-70.0
-67.5272319687
-67.1259944332
-66.9810520975
-66.9947182927
-61.4858101162
-58.4642715398
-57.0358726759
-56.610970935
-56.8023308594
-57.3570691186
-65.7410977447
-70.0
-70.0
-70.0
-70.0
-70.0
-70.0
-70.0
-70.0
-70.0
-70.0
-70.0
-70.0
-70.0
-70.0
-69.1658523197
-70.0
-70.0
-70.0
-70.0
-70.0
-70.0
-70.0
-70.0
-70.0
-70.0
-70.0
-70.0
-70.0
-70.0
-70.0
-70.0
-70.0
-70.0
-70.0
-70.0
-70.0
-70.0
-70.0
-70.0
-70.0
-70.0
-69.636898735
-70.0
-70.0
-70.0
-70.0
-70.0
-70.0
-70.0
-70.0
-70.0
-70.0
-66.7909578814
-64.9725006809
-63.0567170179
-62.1386895861
-61.8499168075
-61.9483225801
-62.275755291
-62.7296897412
-65.0488944292
-70.0
-70.0
-70.0
-70.0
-70.0
-70.0
-70.0
-70.0
-70.0
-70.0
-70.0
-70.0
-70.0
-70.0
-70.0
-70.0
-70.0
-70.0
-70.0
-70.0
-70.0
-64.6690495653
-61.6481776523
-56.2251596939
0
-70.0
-70.0
-70.0
-70.0
-70.0
-70.0
-70.0
-70.0
-70.0
-70.0
-70.0
-70.0
-70.0
-70.0
-70.0
-70.0
-70.0
-70.0
-70.0
-70.0
-70.0
-70.0
-67.8753982462
-66.6714572523
-66.060044081
-64.850540337
-64.296486746
-64.1541716999
-57.878184082
0
-70.0
-70.0
-70.0
-70.0
-70.0
-70.0
-70.0
-67.612526611
-66.2596250239
-65.5725632375
-65.3079073911
-65.3055169702
-65.4605654853
-65.7049090782
-68.9825695101
-70.0
-70.0
-70.0
-70.0
-70.0
-70.0
-70.0
-70.0
-70.0
-70.0
-70.0
-70.0
-70.0
-70.0
-70.0
-70.0
-70.0
-70.0
-70.0
-70.0
-70.0
-70.0
-70.0
-70.0
-70.0
-70.0
-70.0
-70.0
-70.0
-70.0
-70.0
-70.0
-70.0
-70.0
-70.0
-70.0
-70.0
-70.0
-70.0
-70.0
-70.0
-70.0
-70.0
-70.0
-70.0
-67.4952878188
-66.0759509162
-65.3551504107
-65.077498427
-65.0749906226
-65.2376529192
-65.4939951999
-64.7981343854
-57.8271425134
-60.0013853887
-70.0
-70.0
-70.0
-70.0
-70.0
-70.0
-70.0
-70.0
-70.0
-70.0
-70.0
-63.6569431435
-60.0625442581
-58.2371534516
-57.5340138527
-61.98345215
-70.0
-70.0
-70.0
-70.0
-70.0
-70.0
-70.0
-70.0
-70.0
-70.0
-70.0
-70.0
-70.0
-70.0
-70.0
-70.0
-70.0
-70.0
-70.0
-70.0
-70.0
-70.0
-70.0
-70.0
-65.5568412965
-63.0390513645
-62.4641127302
-62.370345792
-61.573545667
-55.2981581027
0
-70.0
-70.0
-70.0
-70.0
-70.0
-70.0
-70.0
-70.0
-70.0
-70.0
-70.0
-70.0
-70.0
-70.0
-70.0
-70.0
-70.0
-70.0
-70.0
-70.0
-70.0
-70.0
-64.7392243984
-61.7581182241
-61.0466530479
-61.2515521739
-61.6661065771
-62.1926356664
-62.9434758339
-70.0
-70.0
-70.0
-70.0
-70.0
-70.0
-70.0
-70.0
-70.0
-70.0
-70.0
-70.0
-70.0
-70.0
-69.1618017476
-70.0
-70.0
-70.0
-70.0
-70.0
-70.0
-70.0
-70.0
-70.0
-70.0
-70.0
-70.0
-70.0
-70.0
-70.0
-70.0
-70.0
-70.0
-70.0
-69.8036370567
-69.6665529131
-69.5954173298
-64.0847405874
-60.9755098557
-59.4107877548
-58.1212245321
-57.7434457807
0
-70.0
-70.0
-70.0
-70.0
-70.0
-70.0
-70.0
-69.2675681882
-68.8525234948
-68.6417458957
-68.560554473
-68.5598211369
-68.6073870974
-68.6823471038
-69.7322264285
-70.0
-70.0
-70.0
-70.0
-70.0
-70.0
-70.0
-70.0
-70.0
-70.0
-65.6314574881
-63.489283398
-58.5321139418
0
-70.0
-70.0
-70.0
-70.0
-70.0
-70.0
-70.0
-70.0
-70.0
-70.0
-70.0
-70.0
-70.0
-70.0
-70.0
-70.0
-70.0
-70.0
-70.0
-70.0
-70.0
-70.0
-70.0
-70.0
-70.0
-70.0
-70.0
-70.0
-70.0
-70.0
-70.0
-64.4304340324
-66.4060280427
-70.0
-70.0
-70.0
-70.0
-70.0
-70.0
-70.0
-70.0
-70.0
-70.0
-69.5479362205
-69.7651676429
-70.0
-70.0
-70.0
-70.0
-70.0
-70.0
-70.0
-65.3174210364
-62.6639596236
-61.3164174552
-59.8558725691
-59.3176832185
-59.3508468342
-59.7257167758
-60.9239013516
-70.0
-70.0
-70.0
-70.0
-70.0
-68.8933130633
-68.2661904658
-67.9477105585
-67.8250322621
-67.8239242089
-67.8957952367
-68.0090580121
-67.1823988526
-66.7803233952
-60.2865343349
-60.7765300648
-68.8884603418
-70.0
-70.0
-68.1345002509
-67.0773837264
-66.5405343542
-66.3337402524
-66.3318724495
-66.4530226862
-66.6439454053
-66.8703675233
-68.0989808566
-69.2908551488
-70.0
-70.0
-70.0
-70.0
-70.0
-70.0
-70.0
-70.0
-70.0
-64.2436263958
-60.9816813534
-55.4362360606
0
-70.0
-70.0
-70.0
-70.0
-70.0
-70.0
-70.0
-70.0
-70.0
-70.0
-70.0
-70.0
-70.0
-69.9908128484
-70.0
-70.0
-70.0
-70.0
-70.0
-70.0
-70.0
-70.0
-70.0
-70.0
-70.0
-69.6718700824
-69.4859297958
-69.3915012973
-69.3551274883
-70.0
-70.0
-70.0
-70.0
-70.0
-70.0
-70.0
-70.0
-70.0
-70.0
-70.0
-70.0
-70.0
-70.0
-70.0
-70.0
-70.0
-70.0
-70.0
-70.0
-70.0
-70.0
-70.0
-70.0
-70.0
-70.0
-63.4190431013
-59.6898341921
-59.9218896262
-65.7310537165
-66.0184395972
-64.3251607703
-63.4983547819
-63.2189926961
-63.2774090214
-62.5369962755
-56.2633261184
0
-70.0
-70.0
-70.0
-70.0
-70.0
-70.0
-70.0
-70.0
-70.0
-70.0
-70.0
-70.0
-70.0
-70.0
-70.0
-70.0
-70.0
-70.0
-70.0
-66.2926867293
-61.8585425426
-59.4694379459
-58.3869939229
-58.1246277117
-57.3645761668
-57.3297260343
-58.5383840866
-66.550403087
-70.0
-70.0
-70.0
-70.0
-70.0
-70.0
-65.3704031048
-63.7467643783
-62.9810223299
-63.3110985787
-63.7321077087
-64.1936429297
-64.664109298
-66.4089131914
-70.0
-70.0
-70.0
-70.0
-70.0
-70.0
-70.0
-70.0
-70.0
-70.0
-70.0
-70.0
-62.7253224873
-58.2696718968
-55.9872924792
-62.2613532875
-70.0
-70.0
-70.0
-70.0
-70.0
-70.0
-70.0
-70.0
-70.0
-70.0
-62.8748530425
-58.8372697666
-56.7868108088
-56.4516672892
-62.7348416016
-70.0
-70.0
-70.0
-70.0
-70.0
-70.0
-69.4234736339
-63.4794914092
-59.5748968052
-57.5796434826
-56.796503373
-56.7667358614
0
-70.0
-70.0
-70.0
-70.0
-70.0
-70.0
-70.0
-70.0
-70.0
-64.9309438829
-62.0584787499
-60.5997170451
-60.0378027874
-60.0327274732
-61.371747853
-70.0
-70.0
-70.0
-70.0
-70.0
-67.0295422328
-65.3462828314
-64.4914510962
-63.249961847
-62.7300695693
-62.660465217
-62.8633537651
-63.2229751018
-65.2407320579
-70.0
-70.0
-70.0
-70.0
-70.0
-70.0
-70.0
-70.0
-65.4085903166
-62.8067914959
-61.4854858204
-60.9765195543
-60.9719224763
-61.2701001469
-60.7403041396
-62.7694649547
-70.0
-70.0
-70.0
-70.0
-70.0
-70.0
-70.0
-70.0
-70.0
-63.7680063862
-60.2365433383
-58.443114065
0
-70.0
-70.0
-70.0
-70.0
-70.0
-70.0
-70.0
-70.0
-70.0
-70.0
-70.0
-70.0
-70.0
-63.977695325
-60.5650560092
-65.8028909676
-70.0
-70.0
-70.0
-70.0
-70.0
-70.0
-70.0
-70.0
-70.0
-70.0
-70.0
-70.0
-63.597403616
-59.969265665
-63.0255842657
-70.0
-70.0
-70.0
-70.0
-70.0
-70.0
-70.0
-70.0
-63.9188137835
-60.4728082608
-58.7227780051
-58.0486672516
-58.0425785577
-58.4375060561
-66.7948088012
-70.0
-70.0
-70.0
-70.0
-70.0
-70.0
-70.0
-70.0
-70.0
-70.0
-70.0
-70.0
-70.0
-70.0
-70.0
-70.0
-70.0
-70.0
-70.0
-70.0
-70.0
-70.0
-70.0
-70.0
-63.2892033495
-59.4864185808
0
-70.0
-70.0
-70.0
-70.0
-70.0
-70.0
-70.0
-69.8667879411
-69.7913011077
-65.8640767485
-63.6456062414
-62.5263370624
-62.103897653
-62.1136374188
-56.3041707307
-54.660265145
-63.238521004
-70.0
-70.0
-70.0
-70.0
-70.0
-70.0
-70.0
-70.0
-70.0
-64.0289179126
-60.6453047298
-58.9269599958
-58.2650544888
-58.259076035
-63.8998484807
-70.0
-70.0
-70.0
-70.0
-70.0
-70.0
-70.0
-70.0
-70.0
-70.0
-70.0
-70.0
-70.0
-63.7236442009
-63.8870886197
-68.2011498233
-68.496303322
-68.7235186438
-68.0491404943
-67.7095422548
-67.5821319026
-68.5785739479
-69.5571533768
-70.0
-70.0
-70.0
-70.0
-70.0
-70.0
-70.0
-70.0
-70.0
-70.0
-70.0
-70.0
-70.0
-70.0
-70.0
-69.879559479
-70.0
-70.0
-70.0
-70.0
-70.0
-70.0
-70.0
-70.0
-70.0
-70.0
-70.0
-70.0
-70.0
-70.0
-70.0
-70.0
-70.0
-70.0
-70.0
-70.0
-70.0
-70.0
-70.0
-70.0
-70.0
-70.0
-70.0
-70.0
-70.0
-70.0
-70.0
-70.0
-70.0
-65.843105807
-64.2900015667
-63.5484723037
-63.3186056691
-57.7861148821
0
-70.0
-70.0
-70.0
-70.0
-70.0
-70.0
-70.0
-70.0
-70.0
-68.3938975004
-67.4837727506
-67.0215721423
-66.843532706
-66.8419246207
-66.9462289488
-67.110603914
-67.305542096
-70.0
-70.0
-70.0
-70.0
-70.0
-70.0
-70.0
-67.5429256611
-66.1505835358
-65.4434921427
-65.1711209021
-66.0808692992
-66.7573560274
-66.2713414119
-66.1040212622
-66.1334951303
-61.0805854234
-67.963343221
-70.0
-70.0
-70.0
-70.0
-69.5192422972
-69.2468129323
-69.1084615489
-70.0
-70.0
-63.7893059935
-60.2699127232
-58.4826130036
-57.7941460717
-58.9725796432
-69.2968332557
-70.0
-70.0
-70.0
-70.0
-70.0
-70.0
-70.0
-70.0
-70.0
-69.4684769052
-70.0
-70.0
-69.5247247529
-69.8124189952
-66.597757045
-70.0
-70.0
-70.0
-70.0
-70.0
-64.968399052
-62.1171585149
-60.6691755754
-59.169940956
-58.6314021525
0
-70.0
-70.0
-70.0
-70.0
-70.0
-70.0
-70.0
-70.0
-70.0
-70.0
-70.0
-70.0
-70.0
-70.0
-70.0
-70.0
-63.171214104
-66.8077929703
-70.0
-70.0
-70.0
-70.0
-70.0
-70.0
-70.0
-70.0
-70.0
-69.2952170743
-68.8958400831
-68.6930192189
-68.6148927265
-70.0
-70.0
-70.0
-70.0
-70.0
-70.0
-66.9194419746
-65.1737924269
-64.2872762841
-63.9457907222
-63.942706361
-64.1427655323
-64.458042184
-58.2416337464
-54.8723813823
-63.8220170353
-70.0
-70.0
-70.0
-70.0
-66.6176424729
-64.7009732076
-63.7276058748
-63.3526652793
-57.7319947954
0
-70.0
-70.0
-70.0
-70.0
-70.0
-70.0
-70.0
-70.0
-70.0
-70.0
-70.0
-70.0
-70.0
-70.0
-70.0
-70.0
-70.0
-70.0
-70.0
-70.0
-70.0
-70.0
-70.0
-70.0
-70.0
-70.0
-70.0
-70.0
-70.0
-70.0
-70.0
-70.0
-70.0
-70.0
-70.0
-70.0
-70.0
-70.0
-70.0
-70.0
-70.0
-70.0
-70.0
-70.0
-70.0
-70.0
-70.0
-70.0
-70.0
-70.0
-70.0
-70.0
-70.0
-70.0
-67.9633112167
-66.8091875728
-61.3346360048
-58.3387505305
-56.9299275616
-56.5203028615
-56.7238512794
-57.2885186209
0
-70.0
-70.0
-70.0
-70.0
-70.0
-70.0
-70.0
-70.0
-70.0
-70.0
-70.0
-70.0
-70.0
-70.0
-69.5184336138
-70.0
-70.0
-70.0
-70.0
-70.0
-70.0
-70.0
-70.0
-70.0
-70.0
-70.0
-70.0
-70.0
-70.0
-70.0
-70.0
-70.0
-70.0
-70.0
-70.0
-70.0
-70.0
-70.0
-70.0
-70.0
-70.0
-70.0
-63.2847297321
-59.4794099136
-57.5469043587
-56.8025042139
-57.7784391232
-58.9154899791
-69.2920652346
-70.0
-70.0
-70.0
-70.0
-70.0
-70.0
-70.0
-65.5606999801
-62.3413929318
-60.6650956051
-55.044554763
0
-70.0
-70.0
-70.0
-70.0
-70.0
-70.0
-70.0
-70.0
-70.0
-70.0
-70.0
-70.0
-70.0
-70.0
-70.0
-63.2398511703
-59.4091001667
-57.4636795591
-57.593492679
-69.8209456358
-70.0
-70.0
-70.0
-70.0
-70.0
-70.0
-70.0
-70.0
-70.0
-70.0
-70.0
-62.990643234
-59.0186743999
-57.3250893034
-62.7278831822
-69.4784307693
-70.0
-70.0
-70.0
-70.0
-70.0
-63.8644175148
-60.3875874398
-58.6219031468
-57.9417624662
0
-70.0
-70.0
-70.0
-70.0
-70.0
-70.0
-70.0
-70.0
-70.0
-70.0
-70.0
-70.0
-70.0
-70.0
-70.0
-70.0
-70.0
-70.0
-70.0
-70.0
-70.0
-70.0
-70.0
-70.0
-64.1389206972
-59.9493296684
-57.4372640621
-56.0154492296
-60.8552396473
-70.0
-70.0
-70.0
-70.0
-70.0
-70.0
-70.0
-70.0
-64.5047255766
-61.3907367366
-59.8093188748
-59.2001575285
-59.1946554698
-59.7214783302
-65.0932814778
-70.0
-70.0
-70.0
-70.0
-70.0
-70.0
-70.0
-70.0
-70.0
-70.0
-70.0
-70.0
-70.0
-70.0
-70.0
-70.0
-70.0
-70.0
-70.0
-70.0
-70.0
-70.0
-70.0
-70.0
-70.0
-70.0
-70.0
-70.0
-70.0
-69.9368795073
-70.0
-70.0
-70.0
-70.0
-70.0
-70.0
-70.0
-70.0
-63.6885135979
-60.1120046367
-58.2956991054
-57.5960591498
-57.5897398715
-57.9996236421
-59.31387523
-65.489932661
-70.0
-70.0
-70.0
-70.0
-70.0
-70.0
-70.0
-70.0
-70.0
-70.0
-70.0
-70.0
-70.0
-70.0
-70.0
-70.0
-70.0
-70.0
-70.0
-70.0
-70.0
-70.0
-70.0
-70.0
-70.0
-70.0
-70.0
-70.0
-70.0
-70.0
-70.0
-70.0
-70.0
-70.0
-70.0
-70.0
-63.2800443978
-60.5204281892
-63.9439155642
-70.0
-70.0
-70.0
-70.0
-70.0
-70.0
-70.0
-70.0
-70.0
-70.0
-69.7932660092
-69.6761167477
-70.0
-70.0
-70.0
-70.0
-70.0
-70.0
-70.0
-70.0
-70.0
-70.0
-70.0
-70.0
-70.0
-70.0
-63.478644008
-59.7832089459
-59.9377188103
-68.7736849363
-70.0
-70.0
-70.0
-70.0
-70.0
-70.0
-70.0
-70.0
-70.0
-70.0
-70.0
-70.0
-70.0
-70.0
-70.0
-70.0
-70.0
-70.0
-70.0
-70.0
-70.0
-70.0
-70.0
-70.0
-70.0
-70.0
-70.0
-70.0
-70.0
-70.0
-70.0
-70.0
-70.0
-70.0
-70.0
-70.0
-70.0
-70.0
-64.1044108482
-60.7635769955
-59.5453127034
-67.9483240685
-70.0
-70.0
-70.0
-70.0
-70.0
-65.5411711356
-63.0145014458
-61.7313495837
-62.1785524836
-62.7075891407
-57.1899021965
-54.0177043405
-57.2045017611
-65.2270291232
-70.0
-70.0
-70.0
-70.0
-70.0
-65.0700439839
-62.2764022414
-60.8576704546
-60.3111757006
-60.3062396583
-60.9214095733
-63.2467352157
-70.0
-70.0
-70.0
-70.0
-70.0
-70.0
-70.0
-70.0
-70.0
-64.5871644883
-61.853224365
-60.8177528122
-60.5025447868
-67.9786301609
-70.0
-70.0
-70.0
-70.0
-70.0
-70.0
-70.0
-70.0
-70.0
-70.0
-70.0
-70.0
-69.7127011164
-69.5498984157
-69.4672201815
-70.0
-70.0
-70.0
-70.0
-70.0
-70.0
-70.0
-70.0
-70.0
-70.0
-70.0
-69.1327457555
-70.0
-70.0
-70.0
-70.0
-70.0
-70.0
-70.0
-64.419507968
-61.2572291498
-54.8209263285
0
-70.0
-70.0
-70.0
-70.0
-70.0
-70.0
-70.0
-70.0
-70.0
-70.0
-70.0
-70.0
-69.8742465234
-70.0
-70.0
-70.0
-70.0
-70.0
-70.0
-70.0
-70.0
-70.0
-70.0
-70.0
-70.0
-70.0
-70.0
-70.0
-70.0
-70.0
-70.0
-70.0
-70.0
-70.0
-70.0
-70.0
-70.0
-70.0
-70.0
-70.0
-70.0
-70.0
-70.0
-70.0
-70.0
-64.0573196929
-60.6898008523
-58.9796295195
-58.3208724025
-57.373450049
-57.6702135118
-58.5211737307
-65.8593541432
-70.0
-70.0
-70.0
-70.0
-70.0
-70.0
-70.0
-64.9779272948
-62.1320860953
-56.7979562834
-54.0375465202
0
-70.0
-70.0
-70.0
-70.0
-70.0
-70.0
-70.0
-70.0
-70.0
-70.0
-70.0
-70.0
-70.0
-70.0
-70.0
-70.0
-70.0
-70.0
-70.0
-70.0
-70.0
-70.0
-70.0
-70.0
-70.0
-70.0
-70.0
-70.0
-70.0
-70.0
-70.0
-70.0
-70.0
-70.0
-70.0
-69.7181464438
-69.9287997989
-70.0
-70.0
-70.0
-70.0
-70.0
-70.0
-70.0
-70.0
-70.0
-70.0
-69.2438762563
-68.8154061349
-69.5926722931
-70.0
-70.0
-70.0
-70.0
-70.0
-70.0
-70.0
-70.0
-70.0
-70.0
-70.0
-70.0
-70.0
-70.0
-70.0
-70.0
-70.0
-70.0
-70.0
-70.0
-70.0
-70.0
-70.0
-70.0
-70.0
-70.0
-70.0
-70.0
-70.0
-70.0
-70.0
-70.0
-70.0
-70.0
-70.0
-70.0
-70.0
-70.0
-70.0
-70.0
-70.0
-70.0
-69.5402515896
-69.2797274904
-62.1474221515
-62.2526476533
-69.2728390619
-70.0
-70.0
-70.0
-70.0
-70.0
-70.0
-70.0
-70.0
-70.0
-70.0
-69.236212239
-68.4700658412
-68.0613758077
-70.0
-70.0
-70.0
-70.0
-70.0
-70.0
-70.0
-70.0
-70.0
-70.0
-70.0
-70.0
-70.0
-70.0
-70.0
-69.5096690331
-70.0
-70.0
-70.0
-70.0
-70.0
-70.0
-69.8151998064
-69.3771463633
-69.1350760853
-68.4631091602
-68.1111586997
-67.9629498001
-67.9419261337
-68.5641246302
-70.0
-70.0
-70.0
-70.0
-70.0
-70.0
-70.0
-70.0
-70.0
-70.0
-70.0
-63.739958877
-60.1926022407
-58.3911015175
-57.8565212284
-62.8409163933
-70.0
-70.0
-70.0
-70.0
-68.7280098466
-68.0072154264
-63.7522760378
-61.40756987
-59.2871683297
-58.3720217945
-58.2105331469
-57.8029184831
0
-70.0
-70.0
-70.0
-70.0
-70.0
-70.0
-70.0
-70.0
-70.0
-70.0
-70.0
-70.0
-70.0
-70.0
-70.0
-70.0
-70.0
-70.0
-70.0
-70.0
-70.0
-70.0
-70.0
-70.0
-70.0
-70.0
-70.0
-70.0
-63.2406248474
-59.410312261
-61.9173121844
-70.0
-70.0
-70.0
-70.0
-70.0
-65.3088374973
-62.6505120791
-61.3004997588
-61.7803420509
-56.7249520738
0
-70.0
-70.0
-70.0
-70.0
-70.0
-70.0
-70.0
-68.9323466491
-68.3273430836
-68.0200961749
-66.9133058438
-66.3521214503
-66.1370067659
-66.1367043963
-59.5118150435
-57.4632134939
-65.7338213116
-70.0
-70.0
-70.0
-70.0
-70.0
-70.0
-70.0
-70.0
-70.0
-69.0772913537
-68.5544231209
-68.2888880771
-61.3686901791
-56.6571353174
-67.1820304195
-70.0
-70.0
-70.0
-70.0
-70.0
-70.0
-70.0
-70.0
-70.0
-70.0
-70.0
-64.1922972427
-60.9012656802
-59.4968471261
-69.8375520442
-70.0
-70.0
-70.0
-70.0
-70.0
-70.0
-70.0
