-70.0
-70.0
-70.0
-70.0
-70.0
-70.0
-70.0
-70.0
-70.0
-70.0
-70.0
-66.5167337191
-64.5428828266
-63.5404761969
-63.1543496792
-63.1508621126
-63.3770741689
-63.733565597
-64.5135106171
-59.5653382562
-58.6363557571
-62.4366476509
-63.4971249124
-65.4732852394
-64.0640932239
-63.5689019905
-63.4861571841
-63.6536383941
-58.6728393666
-56.0619319711
-54.9599898015
0
-70.0
-70.0
-70.0
-70.0
-70.0
-70.0
-70.0
-70.0
-70.0
-70.0
-70.0
-70.0
-70.0
-70.0
-68.1524133498
-70.0
-70.0
-70.0
-70.0
-70.0
-70.0
-70.0
-70.0
-70.0
-70.0
-70.0
-63.5713572809
-60.1031055842
-64.0488596651
-70.0
-70.0
-70.0
-70.0
-65.568783384
-63.0577606349
-61.7825549643
-61.2913463965
-61.2869097092
-61.5746840399
-62.0281925036
-62.5660244984
-65.4925162368
-70.0
-70.0
-70.0
-70.0
-70.0
-70.0
-70.0
-70.0
-70.0
-70.0
-70.0
-63.7102396418
-61.2517845837
-67.0862675051
-70.0
-70.0
-70.0
-70.0
-70.0
-70.0
-70.0
-70.0
-70.0
-70.0
-70.0
-70.0
-70.0
-70.0
-70.0
-70.0
-70.0
-70.0
-70.0
-64.5956559417
-59.3408672253
-56.5432984213
-55.3133138581
-55.064879325
-55.4136559609
0
-70.0
-70.0
-70.0
-70.0
-70.0
-70.0
-70.0
-70.0
-70.0
-70.0
-70.0
-70.0
-70.0
-70.0
-70.0
-70.0
-70.0
-70.0
-70.0
-70.0
-70.0
-70.0
-70.0
-70.0
-70.0
-70.0
-70.0
-70.0
-70.0
-70.0
-70.0
-70.0
-70.0
-70.0
-70.0
-70.0
-70.0
-70.0
-70.0
-70.0
-70.0
-70.0
-70.0
-66.7921777995
-65.1322889692
-64.2986127054
-64.1795937349
-64.3021958948
-58.8626709284
0
-70.0
-70.0
-70.0
-70.0
-70.0
-70.0
-68.3768658376
-67.4570898123
-66.98998787
-66.8100604423
-61.5449875805
-56.4814224024
0
-70.0
-70.0
-70.0
-70.0
-70.0
-70.0
-70.0
-70.0
-70.0
-70.0
-70.0
-70.0
-70.0
-70.0
-70.0
-70.0
-70.0
-70.0
-70.0
-67.9879251503
-67.0020153743
-66.5104023296
-66.3317544251
-66.3468405349
-60.7879851449
-57.7597390727
0
-70.0
-70.0
-70.0
-70.0
-70.0
-70.0
-70.0
-70.0
-70.0
-70.0
-70.0
-64.2354008115
-60.9687946047
-59.3098710604
-58.6708545652
-59.4301779278
-64.9332942578
-70.0
-70.0
-70.0
-70.0
-70.0
-70.0
-70.0
-70.0
-70.0
-70.0
-63.6667368895
-58.8157264362
-55.4265645677
-54.6454136244
-55.461770714
-56.9581290466
-58.2906730779
-59.4805103941
-60.5450624373
-61.4989582487
-62.3546637939
-63.1229316612
-65.5063749684
-70.0
-70.0
-70.0
-70.0
-70.0
-70.0
-64.3297133197
-61.1165508675
-59.4847683672
-58.8562065882
-58.8505293012
-59.2187719522
-60.7543129545
-70.0
-70.0
-70.0
-70.0
-70.0
-70.0
-70.0
-70.0
-70.0
-70.0
-70.0
-70.0
-70.0
-63.9685177133
-62.2625665357
-67.158759388
-70.0
-70.0
-70.0
-66.385076627
-64.3366200489
-63.2963254338
-58.2948820299
-55.6841865865
-54.594963101
-54.4549302396
-54.8890795148
-56.5916729023
-55.8556676044
-62.8247699845
-66.8885974164
-70.0
-68.8635481138
-68.3774357949
-68.1398538771
-68.0593095972
-62.8329211661
-59.9359907353
-58.5332994523
0
-70.0
-70.0
-70.0
-70.0
-70.0
-70.0
-70.0
-70.0
-66.8883570211
-65.1250926665
-64.2296309648
-63.8846995783
-63.8815840937
-64.0836619999
-64.4021200103
-64.7797908162
-66.1343562253
-70.0
-70.0
-70.0
-70.0
-67.4140582026
-65.9486911841
-65.2045146002
-64.9178581632
-64.9152690288
-65.0832065806
-65.3478622257
-59.519231833
-56.7599549358
-56.4990990167
-58.6540748258
-62.1750773214
-66.0790831523
-69.1166314936
-70.0
-70.0
-70.0
-70.0
-70.0
-70.0
-70.0
-70.0
-70.0
-70.0
-70.0
-70.0
-68.6238567617
-65.6700245517
-61.8680400323
-59.8579146529
-55.3665460896
0
-70.0
-70.0
-70.0
-70.0
-68.735067327
-70.0
-70.0
-70.0
-70.0
-70.0
-70.0
-70.0
-66.18037293
-64.0159175903
-62.9167138002
-62.4933010661
-62.4894767234
-62.7375328937
-57.1831669612
-54.2777751696
-57.0250661447
-66.2971594624
-70.0
-70.0
-70.0
-70.0
-70.0
-70.0
-70.0
-70.0
-70.0
-70.0
-63.7006721522
-60.5016405217
-59.6810707142
-63.3055105796
-66.9893837339
-69.4928299451
-70.0
-70.0
-70.0
-70.0
-70.0
-63.8540542581
-60.371351671
-54.9867961742
0
-70.0
-70.0
-70.0
-70.0
-70.0
-70.0
-70.0
-70.0
-70.0
-70.0
-70.0
-70.0
-70.0
-70.0
-70.0
-70.0
-70.0
-70.0
-70.0
-70.0
-67.7063440416
-66.4066056652
-65.7465424506
-65.4922864401
-65.4899899524
-59.9945112116
-57.0307402601
-55.6847863472
0
-70.0
-70.0
-70.0
-70.0
-70.0
-70.0
-70.0
-70.0
-70.0
-70.0
-70.0
-70.0
-70.0
-70.0
-70.0
-70.0
-70.0
-70.0
-70.0
-70.0
-67.7961177371
-64.3827052881
-62.5219009757
-61.6546883558
-61.4125378387
-61.5534962671
-61.9196214486
-62.4086425092
-62.9551003952
-64.1028899507
-63.6227159958
-70.0
-70.0
-70.0
-70.0
-68.6200218705
-67.8380342638
-67.4409072243
-67.2879340932
-62.0802956598
-59.2197027445
-57.8626902371
-57.4530597248
-57.6255127599
0
-70.0
-70.0
-70.0
-70.0
-70.0
-70.0
-70.0
-70.0
-70.0
-70.0
-70.0
-70.0
-70.0
-70.0
-70.0
-70.0
-70.0
-70.0
-70.0
-70.0
-70.0
-70.0
-70.0
-70.0
-70.0
-70.0
-63.9697197214
-58.3926306885
-55.4332895791
-54.1432419275
-54.5067522578
0
-70.0
-70.0
-70.0
-70.0
-70.0
-70.0
-70.0
-70.0
-70.0
-70.0
-70.0
-70.0
-63.9581222437
-59.9490373068
-64.1630735329
-70.0
-70.0
-70.0
-70.0
-65.8439754785
-63.4888949163
-62.2928834152
-61.8321804006
-61.8280192452
-62.0979219104
-62.5232661126
-63.0276970968
-63.562765784
-65.0764659261
-69.4830982896
-70.0
-70.0
-70.0
-70.0
-70.0
-70.0
-70.0
-70.0
-70.0
-70.0
-70.0
-70.0
-70.0
-70.0
-70.0
-70.0
-70.0
-70.0
-70.0
-70.0
-64.3600684729
-61.1641072742
-59.5410603125
-58.9158634584
-58.910216564
-59.4699965172
-63.4379857915
-70.0
-70.0
-70.0
-70.0
-66.4928040937
-64.5053930802
-63.496100036
-63.107320875
-57.9129825745
-55.1992801751
0
-70.0
-70.0
-70.0
-70.0
-70.0
-70.0
-70.0
-70.0
-70.0
-70.0
-70.0
-70.0
-70.0
-70.0
-64.0424374042
-60.6664852666
-58.9520311418
-58.2916242955
0
-70.0
-70.0
-70.0
-70.0
-70.0
-70.0
-70.0
-66.0784040092
-63.856166281
-62.7276181015
-62.2929019237
-62.2889754862
-62.5436537742
-62.9450056212
-61.9794847659
-68.8526625744
-70.0
-70.0
-70.0
-66.2177287741
-61.9245302877
-59.6177935196
-58.5798250081
-58.3377164009
-58.5811940233
-59.1079074626
0
-70.0
-70.0
-70.0
-70.0
-70.0
-70.0
-70.0
-67.5932654308
-66.2294491749
-65.5368444488
-65.2700534649
-65.2676437591
-65.4239431436
-65.6702580029
-65.9623716517
-66.2722274525
-70.0
-70.0
-70.0
-70.0
-70.0
-70.0
-70.0
-70.0
-70.0
-70.0
-70.0
-63.9403913063
-60.5066130465
-58.7627923225
-60.2639318743
-68.771042294
-70.0
-70.0
-70.0
-70.0
-70.0
-70.0
-70.0
-70.0
-63.9964202714
-60.5943917585
-58.8666949255
-58.2011869949
-58.9929885636
-61.2160622031
-70.0
-70.0
-70.0
-70.0
-70.0
-70.0
-70.0
-70.0
-70.0
-70.0
-70.0
-70.0
-70.0
-63.8554973806
-60.5795965527
-60.4951594184
-65.3349358008
-70.0
-70.0
-70.0
-70.0
-66.1338210342
-63.9429862869
-59.2571167984
-56.803691212
-55.7715128198
-55.6264886905
-56.0185912565
-56.7198997543
-59.3504672243
-62.479730933
-66.5628818221
-69.3313424887
-70.0
-70.0
-70.0
-64.0801268688
-60.7255320945
-59.02192416
-58.3656952607
-58.5682532748
-59.8837078346
-66.924502781
-70.0
-70.0
-70.0
-67.8302116422
-66.6006649061
-65.9762480343
-61.209813023
-58.6429582488
-57.4814134426
0
-70.0
-70.0
-70.0
-70.0
-70.0
-70.0
-70.0
-70.0
-70.0
-70.0
-70.0
-70.0
-70.0
-70.0
-64.3665936247
-62.7646388792
-66.3953004275
-70.0
-70.0
-70.0
-70.0
-70.0
-70.0
-70.0
-70.0
-70.0
-70.0
-63.8790286865
-60.4104782755
-58.6489987531
-59.3593115172
-65.2561994473
-65.7922145265
-66.9718012167
-67.7804931903
-63.8241726061
-59.5173109604
-57.2826169409
-56.3657132979
-56.2700473355
-56.6703128468
-57.3547950587
-58.1869912173
-59.4775440246
-62.5805904292
-70.0
-70.0
-70.0
-69.5037073243
-69.3881759654
-69.3392512846
-69.3319214333
-69.3497928081
-69.382189206
-69.4222207379
-69.4654989658
-69.5092826036
-69.5519100329
-69.5924228227
-70.0
-70.0
-70.0
-66.5781916461
-64.6391669123
-63.8501377117
-63.9694186926
-64.242006658
-64.5974925487
-64.9908676648
-65.3938638123
-66.7834818952
-67.724470015
-70.0
-70.0
-70.0
-70.0
-65.1346008145
-62.3775412761
-60.9773875105
-60.4380490008
-60.4331775949
-60.7491488316
-61.4435932792
-62.3454407207
-62.9431886372
-64.8190843175
-68.3295565128
-67.6726333191
-67.8453376904
-68.0207823901
-68.1920231303
-68.3550334701
-68.5076718916
-68.6489992148
-68.7788289682
-62.7337899054
-59.3489734709
-57.6731178278
-58.8630870882
-66.1556089408
-70.0
-70.0
-70.0
-70.0
-70.0
-65.4551787691
-62.8797800716
-58.0108624201
-55.4891497486
-54.459817154
-54.3602236922
-54.821793492
-56.1906841852
-65.9177597227
-70.0
-70.0
-70.0
-70.0
-70.0
-66.2389621853
-64.1077074236
-63.0253643191
-62.6084463125
-62.6046806314
-62.8489318684
-63.2338515483
-63.690341638
-64.1745576372
-59.4107282022
-66.9227044223
-70.0
-70.0
-70.0
-70.0
-67.7947173177
-64.4109175477
-62.5669404341
-61.7083228181
-61.4695414879
-61.6106213069
-61.9749151547
-62.4609942916
-63.003941964
-63.562912502
-64.112864408
-67.0201320411
-70.0
-70.0
-70.0
-70.0
-70.0
-70.0
-70.0
-65.4663715884
-62.8973154884
-61.5926379789
-61.0900768738
-61.0855376483
-61.3799628581
-61.8439525554
-62.3942146219
-62.977898041
-64.5803125089
-68.3414110785
-70.0
-70.0
-70.0
-70.0
-70.0
-70.0
-64.7687632234
-61.8043957167
-60.2989620221
-59.719069738
-59.7138320429
-60.2590703314
-62.6765159416
-68.7232613468
-70.0
-70.0
-70.0
-70.0
-70.0
-70.0
-70.0
-70.0
-70.0
-70.0
-70.0
-70.0
-70.0
-70.0
-67.98943292
-70.0
-70.0
-70.0
-70.0
-70.0
-70.0
-70.0
-70.0
-70.0
-70.0
-70.0
-70.0
-70.0
-70.0
-70.0
-70.0
-70.0
-70.0
-70.0
-70.0
-70.0
-70.0
-70.0
-70.0
-70.0
-70.0
-70.0
-70.0
-70.0
-65.5241520442
-64.1680034235
-67.432662756
-70.0
-70.0
-67.8419712906
-66.6190883552
-65.9980556488
-65.7588341701
-65.7566734771
-65.8968212788
-66.1176825838
-66.3796099474
-66.6574460339
-67.1440645204
-67.9162900718
-70.0
-70.0
-70.0
-70.0
-70.0
-70.0
-67.0220370853
-65.334524767
-60.9249724532
-58.5817419831
-57.5564123017
-57.3560007494
0
-70.0
-70.0
-70.0
-70.0
-70.0
-70.0
-70.0
-70.0
-70.0
-70.0
-70.0
-70.0
-70.0
-70.0
-70.0
-70.0
-70.0
-70.0
-70.0
-70.0
-70.0
-69.5782514476
-67.5436663882
-66.4047931397
-65.8413094192
-65.6418422063
-65.667433805
-65.8272076374
-66.0621650156
-66.3344006086
-66.6199286109
-66.9039144585
-67.5874809905
-65.7840582066
-70.0
-70.0
-70.0
-70.0
-70.0
-70.0
-64.8737516585
-61.9688775983
-56.9473308533
-54.3694917779
0
-70.0
-70.0
-70.0
-70.0
-70.0
-70.0
-70.0
-70.0
-65.6405621207
-63.1702139891
-61.9156646438
-61.8276841948
-57.1283244854
-56.748987225
-60.1874681413
-63.9885103134
-66.4695186062
-68.075806295
-63.2844498799
-60.6334877015
-59.3551274711
-58.9429404171
-59.0641968375
-59.5014774618
-61.3319823252
-68.3679066059
-70.0
-70.0
-68.4028647975
-67.497821516
-67.0382014967
-66.8611561018
-66.8595569948
-66.9632789641
-67.1267361803
-67.3205859706
-67.5262096458
-67.946543382
-63.4513979477
-63.7845519071
-67.5428327263
-70.0
-70.0
-70.0
-70.0
-70.0
-70.0
-64.2533763566
-60.9969562919
-59.3432057101
-54.2191097309
0
-70.0
-70.0
-70.0
-70.0
-70.0
-70.0
-70.0
-70.0
-70.0
-70.0
-70.0
-70.0
-70.0
-67.6858446073
-70.0
-70.0
-70.0
-70.0
-70.0
-70.0
-70.0
-70.0
-70.0
-70.0
-70.0
-70.0
-66.5877034838
-70.0
-70.0
-70.0
-70.0
-70.0
-70.0
-70.0
-70.0
-64.3620769367
-61.1672538675
-59.5447848971
-58.9198106849
-58.9141658014
-60.2883237327
-60.0213237661
-68.7324955957
-70.0
-70.0
-70.0
-70.0
-66.7529910113
-64.9130192511
-63.9786022199
-63.6186652605
-63.6154142428
-63.8262831575
-64.1585950677
-64.5526957116
-64.9707329075
-67.0172878945
-70.0
-70.0
-70.0
-70.0
-68.3667462607
-67.4412358084
-66.9712216768
-66.7901724753
-66.7885372052
-66.8946048029
-67.0617585348
-67.2599921561
-67.4702659237
-67.6807546535
-68.0826521925
-70.0
-70.0
-70.0
-70.0
-70.0
-70.0
-65.9468487739
-63.6500630791
-58.9513298374
-56.5003788977
0
-70.0
-70.0
-70.0
-70.0
-70.0
-70.0
-70.0
-70.0
-70.0
-70.0
-70.0
-70.0
-70.0
-64.7803552067
-61.8225564905
-60.320458711
-55.2696956327
0
-70.0
-70.0
-70.0
-70.0
-70.0
-70.0
-70.0
-70.0
-70.0
-70.0
-70.0
-70.0
-70.0
-64.0157510499
-60.6246766448
-59.1178219412
-61.8347351208
-69.0865954598
-68.5944398939
-68.5441140614
-68.7166994821
-64.3985376036
-61.9943558897
-60.818701665
-60.4193524081
-55.4080128971
0
-70.0
-70.0
-70.0
-70.0
-70.0
-70.0
-68.738500942
-68.0236514758
-67.6606200802
-67.5207805735
-67.519517517
-67.6014424326
-61.9495932395
-58.8268306156
-58.9688198603
-61.2420239246
-64.137188391
-66.4199514228
-67.9089441945
-62.9071760298
-60.1425425967
-58.8123444502
-58.5963750572
-59.0568852641
-61.7310763873
-64.8371217096
-68.3079743389
-70.0
-70.0
-70.0
-70.0
-70.0
-70.0
-70.0
-70.0
-70.0
-70.0
-70.0
-70.0
-70.0
-70.0
-70.0
-70.0
-70.0
-70.0
-70.0
-64.3184929608
-58.987342097
-56.1557401754
-54.91825435
-54.6784877097
-56.4707184049
-61.7775633194
-62.7978907114
-64.7662741318
-66.2724297684
-67.4696634545
-68.2723482176
-63.3127615629
-60.5599175179
-55.7046999515
0
-70.0
-70.0
-70.0
-70.0
-70.0
-70.0
-70.0
-70.0
-70.0
-70.0
-70.0
-70.0
-65.4505564363
-62.8725384168
-61.5633096579
-56.6082212242
-54.0815607898
0
-70.0
-70.0
-70.0
-70.0
-70.0
-70.0
-70.0
-70.0
-70.0
-70.0
-70.0
-70.0
-64.3002999521
-61.0704699249
-59.4302229111
-54.3546458604
0
-70.0
-70.0
-70.0
-70.0
-70.0
-69.5321521101
-69.2670383058
-65.6294975658
-63.5926565363
-59.0812255202
-56.7383260598
0
-70.0
-70.0
-70.0
-70.0
-70.0
-70.0
-70.0
-70.0
-70.0
-70.0
-65.0414538299
-62.2316110001
-60.8046516023
-55.8231012342
0
-70.0
-70.0
-70.0
-70.0
-70.0
-70.0
-67.7520676463
-66.4782393125
-65.8313343352
-65.5821468709
-65.5798961633
-65.7258825334
-60.2171329091
-55.1409391209
0
-70.0
-70.0
-70.0
-70.0
-70.0
-70.0
-66.2508028045
-64.126257727
-63.0473220896
-62.6317166375
-62.8259582849
-63.3953839863
-64.7903302303
-68.5292924388
-70.0
-70.0
-70.0
-70.0
-66.0275763089
-63.7765362174
-62.6333609552
-62.1930104327
-62.1890331047
-62.4470122712
-62.8535660286
-63.3357127488
-63.8471436893
-64.7668339192
-66.5397444953
-69.6346435817
-70.0
-70.0
-65.295925531
-62.630283332
-61.2765552348
-60.7550998687
-60.7503899867
-61.0558843913
-56.2183922172
-55.4353608557
-56.1020934273
0
-70.0
-70.0
-70.0
-70.0
-68.3835491599
-67.4675603505
-67.6354206034
-67.1818745713
-70.0
-70.0
-70.0
-70.0
-70.0
-70.0
-70.0
-70.0
-70.0
-70.0
-64.1710987312
-60.8680546789
-59.1906264249
-58.544481925
-58.5386458275
-59.7669120354
-65.4473305916
-66.4412577852
-67.7760661778
-65.4817205353
-64.2557224652
-63.711599541
-63.5947391351
-58.701709905
-56.1425020367
-55.0688939146
-54.9224325774
-55.3371413559
-57.1508940967
-61.6478436074
-64.7026062972
-66.8058957915
-68.5564271162
-70.0
-70.0
-70.0
-70.0
-64.5374366986
-61.4419841611
-59.8699798333
-59.2644445754
-59.2589752682
-59.8189305771
-61.1164277789
-63.6662056327
-64.2706608803
-66.2325760123
-67.7453345727
-68.7281452232
-64.3253322897
-61.8728001199
-60.6721874807
-60.2627469812
-60.3416577821
-60.7109490033
-61.2421587692
-61.8528126697
-62.4907779211
-65.634248567
-70.0
-70.0
-70.0
-70.0
-70.0
-70.0
-70.0
-70.0
-70.0
-70.0
-64.0745372412
-60.7167750112
-59.0115585061
-58.7856581038
-59.6364403199
-64.8436464097
-68.6164070035
-70.0
-70.0
-70.0
-70.0
-70.0
-70.0
-70.0
-64.2363580572
-60.9702942896
-59.3116462194
-58.6727358367
-58.6669650791
-59.0412704553
-62.4052278786
-70.0
-70.0
-70.0
-70.0
-70.0
-70.0
-70.0
-70.0
-70.0
-70.0
-70.0
-70.0
-70.0
-70.0
-63.8353698424
-63.1129380252
-68.4035843704
-70.0
-70.0
-70.0
-70.0
-66.7244557906
-64.868314072
-63.9256852384
-63.562585097
-63.5593055089
-58.3317062504
-55.5840898203
-54.4160503015
-54.2346915802
-55.4798615987
-63.0715575557
-70.0
-70.0
-70.0
-70.0
-70.0
-70.0
-70.0
-70.0
-70.0
-70.0
-70.0
-70.0
-70.0
-70.0
-70.0
-69.9741575976
-70.0
-70.0
-70.0
-70.0
-68.0981289577
-67.0204020337
-66.4730858115
-66.2622598844
-66.2603556654
-60.9491309596
-58.0640917707
-56.7309318651
-56.5862101919
-57.3662374828
-61.5989217267
-70.0
-70.0
-70.0
-70.0
-70.0
-70.0
-70.0
-64.3842557934
-61.202000743
-56.1094056741
0
-70.0
-70.0
-70.0
-70.0
-70.0
-70.0
-70.0
-68.6490381246
-67.8834930618
-67.4947162554
-67.3449596298
-67.343607
-67.4313418555
-67.569604707
-67.7335755943
-68.3454935006
-65.8182485973
-70.0
-70.0
-70.0
-70.0
-70.0
-70.0
-70.0
-70.0
-70.0
-70.0
-64.1643602754
-60.8574977648
-59.178130333
-60.4435184644
-66.5650734599
-67.9427560669
-69.4058417363
-66.8347553579
-65.5639146948
-64.9492798071
-64.7488562143
-64.8036401848
-65.0097225609
-65.2997145679
-59.7521416044
-56.7651931062
-56.0502592241
-59.7070848655
-67.1233246533
-70.0
-68.2799780211
-67.4806296867
-67.0849996966
-66.9447883792
-66.9625019762
-67.0743800685
-61.5464901869
-58.5115399183
-57.0735184266
-57.2714740151
-60.7925918406
-66.6476715486
-70.0
-70.0
-70.0
-70.0
-70.0
-70.0
-70.0
-70.0
-70.0
-70.0
-70.0
-70.0
-70.0
-70.0
-70.0
-70.0
-70.0
-70.0
-65.0523717075
-62.248715675
-60.8248981997
-61.5777258359
-63.8206730151
-67.1019553357
-70.0
-66.7202886043
-64.86178548
-63.9179574228
-63.554395341
-63.5511115806
-58.3485705654
-55.6154269374
-54.661305696
0
-70.0
-70.0
-70.0
-70.0
-70.0
-70.0
-70.0
-70.0
-70.0
-70.0
-70.0
-70.0
-64.0442363314
-61.0860813257
-60.9183428086
-65.8118132894
-70.0
-70.0
-70.0
-70.0
-70.0
-70.0
-70.0
-64.5388942177
-61.4442676077
-59.8726827215
-59.2673090323
-59.2618411845
-60.0462638347
-61.7194815877
-64.9376924411
-70.0
-70.0
-70.0
-70.0
-70.0
-70.0
-70.0
-70.0
-70.0
-64.2216008775
-60.9471747081
-59.2842798495
-58.6437336061
-59.4769208849
-62.7205408812
-67.4654596041
-70.0
-70.0
-70.0
-64.7795107872
-61.8212335666
-60.318892782
-55.3592426954
0
-70.0
-70.0
-70.0
-70.0
-70.0
-70.0
-70.0
-70.0
-68.4129845124
-67.5136757361
-67.0569679458
-66.88104434
-66.8794553653
-66.9825201349
-67.1449416589
-67.3375631846
-67.5418839939
-67.9676532215
-69.3845549291
-70.0
-70.0
-70.0
-70.0
-70.0
-70.0
-70.0
-70.0
-70.0
-70.0
-70.0
-70.0
-70.0
-64.0348894443
-60.6546601294
-58.9380338695
-58.2767903179
-59.1619004075
-64.7573053585
-66.8618950656
-70.0
-70.0
-70.0
-70.0
-70.0
-70.0
-70.0
-64.2875505099
-61.0504957988
-59.4065797789
-58.7733441743
-58.7676246724
-59.3418630681
-60.6825444213
-63.9442698087
-70.0
-70.0
-70.0
-70.0
-70.0
-70.0
-64.7843980506
-61.8288902793
-60.3279559406
-59.749796806
-59.744574765
-60.0832890482
-61.0588246433
-63.2231823524
-67.3333469993
-70.0
-70.0
-70.0
-70.0
-70.0
-70.0
-70.0
-70.0
-70.0
-70.0
-70.0
-70.0
-70.0
-64.518097377
-62.7229361449
-65.1879259305
-69.9774267524
-70.0
-68.0691826744
-66.9750528566
-66.4194065373
-61.8345823936
-57.2854945359
-54.9798586701
0
-70.0
-70.0
-70.0
-70.0
-70.0
-70.0
-70.0
-70.0
-70.0
-70.0
-70.0
-70.0
-70.0
-70.0
-70.0
-70.0
-70.0
-70.0
-70.0
-70.0
-70.0
-70.0
-70.0
-67.5249183983
-66.1223721574
-61.9628660353
-57.6667272442
-55.5001530615
-54.6835367831
0
-70.0
-70.0
-70.0
-70.0
-70.0
-70.0
-70.0
-70.0
-70.0
-70.0
-70.0
-70.0
-70.0
-70.0
-70.0
-70.0
-70.0
-70.0
-70.0
-70.0
-70.0
-70.0
-70.0
-70.0
-65.1053631852
-62.3317356569
-60.9231679513
-60.3805883962
-60.3756877166
-60.6935577183
-57.3018758421
-59.1361183256
-66.1745337969
-70.0
-70.0
-70.0
-67.1792877685
-65.5808841707
-64.7691458729
-64.4564646985
-64.4536405039
-64.6368246371
-59.2749945332
-56.4153966531
-55.1524580366
-54.8896129321
-55.4530983955
-59.2975363191
-65.851802889
-70.0
-68.0718072978
-66.9791647666
-66.4242737557
-66.2105300239
-66.2085994507
-60.9560671642
-58.1060122202
-56.7924455131
0
-70.0
-70.0
-70.0
-70.0
-70.0
-70.0
-70.0
-70.0
-67.3466382906
-65.8430666552
-61.6429742299
-59.4014863004
-58.4098773327
-58.2012493744
-58.4693642868
-59.0145877581
-60.1436544546
-63.3595507225
-67.4344873047
-70.0
-70.0
-70.0
-70.0
-70.0
-70.0
-70.0
-64.4612623338
-61.3226443229
-59.7287187056
-54.7626992163
0
-70.0
-70.0
-70.0
-70.0
-70.0
-70.0
-70.0
-70.0
-66.4215035689
-64.3936889246
-63.3638771738
-62.9671942176
-62.9636113033
-63.1960078446
-63.5622455079
-58.1820967875
-54.5675935707
-59.9251684606
-70.0
-70.0
-70.0
-70.0
-70.0
-70.0
-70.0
-70.0
-70.0
-70.0
-70.0
-70.0
-63.9950092547
-60.5921811657
-58.8640782734
-60.8231332721
-70.0
-70.0
-70.0
-70.0
-70.0
-70.0
-70.0
-70.0
-70.0
-70.0
-64.4579023922
-61.3173804144
-59.7224878806
-59.1081360977
-59.102587158
-59.6765253989
-58.3101699201
-61.3204098364
-65.6838818577
-66.9944151573
-68.6358648168
-69.6662057853
-70.0
-65.454933805
-62.8793962945
-61.5714272451
-61.0675982406
-61.0630475632
-56.0103207153
0
-70.0
-70.0
-70.0
-70.0
-70.0
-70.0
-70.0
-70.0
-70.0
-65.3773968261
-62.7579216942
-61.4276392253
-60.9152151031
-60.910586793
-61.2107902472
-56.0718652305
-54.4617185247
-63.2479784294
-70.0
-70.0
-70.0
-70.0
-70.0
-70.0
-70.0
-70.0
-70.0
-70.0
-70.0
