-67.93
-65.247
-63.9256333333
-62.6452922222
-61.4322444815
-59.4800076877
-57.1493320218
-55.4892822215
-54.286942934
0
-70.0
-70.0
-70.0
-70.0
-67.7707979312
-70.0
-70.0
-70.0
-70.0
-70.0
-70.0
-70.0
-70.0
-70.0
-70.0
-70.0
-70.0
-70.0
-69.1843264598
-68.8521114538
-68.0010454016
-67.6870375903
-66.8857316505
-65.8187570316
-64.6279470259
-63.4025294549
-62.1971945972
-61.044087196
-59.960753182
-59.7753943343
-59.3149992145
-58.7049288354
-58.8453889802
-58.6114854343
-58.160760459
-57.5949667919
-64.5989828676
-70.0
-70.0
-70.0
-70.0
-70.0
-70.0
-70.0
-70.0
-70.0
-69.9478190867
-69.2282499025
-68.1322333952
-66.8468823776
-65.4907756879
-64.1374191511
-62.8308245906
-61.595840368
-59.6249884888
-58.0983110784
-56.8890275961
-55.9104899203
-55.1030176507
-54.4251003673
0
-70.0
-70.0
-70.0
-70.0
-70.0
-70.0
-70.0
-70.0
-70.0
-70.0
-70.0
-70.0
-70.0
-70.0
-70.0
-70.0
-70.0
-70.0
-70.0
-69.5008770965
-68.5280407845
-67.3034043045
-65.9685089397
-64.6119547561
-63.2876237541
-61.2067710278
-60.3813670244
-59.5167457215
-58.6574147491
-57.8299023407
-57.0490648176
-56.3222601432
-55.6521020004
-55.0382703814
-54.4786957306
0
-70.0
-70.0
-70.0
-70.0
-70.0
-70.0
-70.0
-70.0
-70.0
-70.0
-70.0
-70.0
-70.0
-70.0
-69.3216829488
-67.4273032864
-65.6864320462
-64.0956949004
-62.648062783
-61.3345480864
-60.1452876656
-59.0702218243
-58.9195082587
-58.508429844
-57.9548351337
-57.3341838031
-57.513986878
-57.3480691603
-56.1602495577
-55.2188828108
-59.5366921584
-70.0
-70.0
-70.0
-70.0
-70.0
-70.0
-70.0
-70.0
-70.0
-70.0
-70.0
-70.0
-68.8418691587
-67.4955950153
-65.2613106954
-63.3886964136
-62.6155046308
-61.7077394067
-60.7494889587
-59.792889058
-58.8691661489
-57.9959601985
-57.1821712883
-56.4311588993
-55.7428461692
-55.1150969922
0
-70.0
-70.0
-70.0
-70.0
-70.0
-70.0
-70.0
-70.0
-70.0
-70.0
-70.0
-70.0
-70.0
-70.0
-70.0
-69.6572184925
-67.9529756383
-66.3086640711
-64.7551216618
-63.3078254941
-61.972520277
-60.7489198042
-58.8131288604
-57.3345499988
-56.1795843485
-55.25728548
-54.5053299763
-54.7006456748
-54.6378135715
-54.4221871904
-54.1220717888
0
-70.0
-70.0
-70.0
-70.0
-70.0
-70.0
-70.0
-70.0
-70.0
-70.0
-70.0
-69.800156572
-68.9969119627
-67.8584014651
-66.5566817844
-65.2004272498
-63.8566602874
-62.5651781003
-60.5281161848
-58.9316084959
-58.4726502661
-57.8915203193
-57.2564583406
-56.6102058754
-55.9787808671
-55.3772998332
-54.8138345517
-54.2919608978
0
-70.0
-70.0
-70.0
-70.0
-70.0
-70.0
-70.0
-70.0
-70.0
-70.0
-70.0
-70.0
-69.337302778
-69.0917743522
-68.284731485
-67.1676813818
-65.9018619405
-64.5889748777
-62.4716101441
-60.7621376325
-59.3543828711
-57.3545839186
-55.8862184164
-54.7856585013
0
-70.0
-70.0
-70.0
-70.0
-70.0
-70.0
-70.0
-70.0
-70.0
-70.0
-70.0
-70.0
-70.0
-70.0
-70.0
-70.0
-70.0
-69.3778422942
-69.155286261
-68.3599097656
-67.2473535429
-65.9815746912
-64.6660548904
-63.3645411803
-62.1148149149
-60.9378186585
-59.843693616
-58.8357621367
-57.9131445112
-57.0724691188
-56.3089815795
-55.6172563365
-54.9916459796
-54.4265582327
-70.0
-70.0
-70.0
-70.0
-70.0
-70.0
-70.0
-70.0
-70.0
-70.0
-69.3452304493
-68.2841943706
-67.0147662444
-65.6626171605
-64.3059071381
-62.9916842201
-62.5667609953
-61.8695816939
-61.0322880566
-60.1388356056
-59.2414696149
-58.3716677
-57.5473976277
-56.77792233
-56.0669730738
-55.4148377509
-54.8197286321
-54.2786722065
-61.4080155509
-70.0
-70.0
-70.0
-70.0
-70.0
-70.0
-70.0
-70.0
-70.0
-70.0
-70.0
-70.0
-70.0
-69.571759915
-68.6390905335
-67.4348525534
-66.1078146803
-64.7513314671
-63.4223971569
-62.1542899989
-61.7849493708
-60.3271800149
-59.0849457343
-58.013440308
-57.080089042
-56.260741981
-54.7171090117
0
-70.0
-70.0
-70.0
-70.0
-70.0
-70.0
-70.0
-70.0
-70.0
-70.0
-70.0
-70.0
-70.0
-70.0
-70.0
-68.6426413305
-67.1834714178
-65.7118537562
-64.2818213674
-62.9244078886
-61.6558128716
-59.6627954324
-58.1215584545
-56.9027643192
-55.9180623608
-55.106639107
-54.4262305178
0
-70.0
-70.0
-70.0
-70.0
-70.0
-70.0
-70.0
-70.0
-70.0
-70.0
-70.0
-70.0
-70.0
-70.0
-70.0
-70.0
-70.0
-69.7319798059
-68.0701016958
-66.4473047733
-64.902049794
-63.45482848
-61.2946680755
-59.5987495637
-58.2379068045
-57.1234709221
-56.1940270286
-55.4065597916
-54.7305274563
-54.1438904733
0
-70.0
-70.0
-70.0
-70.0
-70.0
-70.0
-70.0
-70.0
-70.0
-70.0
-70.0
-70.0
-70.0
-70.0
-69.7272175192
-68.8826407801
-67.7231400439
-66.4133349341
-65.0570073704
-62.8979772532
-61.1492932744
-59.7051064447
-58.4917574653
-57.4573561622
-57.3848035083
-57.0717784656
-55.8049041579
-54.0079494346
0
-70.0
-70.0
-70.0
-70.0
-70.0
-70.0
-70.0
-70.0
-70.0
-70.0
-70.0
-70.0
-70.0
-70.0
-70.0
-69.6837296656
-68.8145098095
-67.6424942355
-66.3278684166
-64.9714973114
-63.6352914045
-62.3557248136
-61.1527940319
-60.0359424285
-59.0079667188
-58.0675824024
-58.0310990658
-57.7181724283
-57.2498106982
-56.7037999702
-56.1294002011
-55.5571136662
-65.1651712894
-70.0
-70.0
-70.0
-70.0
-70.0
-70.0
-70.0
-70.0
-70.0
-70.0
-69.517839379
-68.5546150272
-66.5148599151
-64.7171781841
-63.124663206
-61.7083321122
-60.4449223856
-58.4953791368
-57.0191405496
-55.8760927123
-54.9710609195
-54.2390064798
0
-70.0
-70.0
-70.0
-70.0
-70.0
-70.0
-70.0
-70.0
-70.0
-70.0
-70.0
-70.0
-70.0
-70.0
-70.0
-70.0
-70.0
-69.5968153694
-68.6783440787
-67.4813165017
-65.3370560721
-63.5159312786
-61.9493920265
-60.5878220744
-59.3946193673
-58.3422104308
-57.4093580546
-55.7593346937
-54.5540095207
0
-70.0
-70.0
-70.0
-70.0
-70.0
-70.0
-70.0
-70.0
-70.0
-70.0
-70.0
-70.0
-70.0
-70.0
-70.0
-70.0
-70.0
-69.4870835174
-69.3264308439
-68.562491545
-67.4620449142
-65.3763754385
-63.5890945719
-62.0404228995
-60.6865391327
-60.3146575682
-59.7243733773
-59.8427237501
-59.5623098488
-59.0519845131
-58.4207231612
-57.7379422447
-57.0470089533
-61.4541706402
-70.0
-70.0
-70.0
-70.0
-70.0
-70.0
-70.0
-70.0
-70.0
-70.0
-70.0
-69.9439083843
-69.2221231355
-68.124981215
-66.8391966888
-65.4830860835
-64.1299835176
-62.8237891941
-61.5892796268
-60.4389312323
-59.3774244878
-58.4046062915
-57.5174284973
-56.7112075376
-55.9804347105
-55.3192898572
-54.72195995
-54.1828300074
0
-70.0
-70.0
-70.0
-70.0
-70.0
-70.0
-70.0
-70.0
-70.0
-70.0
-70.0
-69.8231345809
-69.0329108434
-67.9010129061
-66.6018403802
-66.065608852
-65.1850163067
-64.1271602359
-62.1782079189
-60.5795629314
-59.2443905079
-58.1118073702
-57.1385305752
-56.2932801457
-55.5530205498
-54.900430774
-54.3221958827
0
-70.0
-70.0
-70.0
-70.0
-70.0
-70.0
-70.0
-70.0
-70.0
-70.0
-70.0
-70.0
-70.0
-70.0
-70.0
-69.5291597158
-68.5723502214
-67.3558528507
-66.0240926666
-64.6675668006
-63.3413990543
-62.0776517714
-60.8934816759
-59.7965302294
-58.7884750206
-57.8673593946
-57.0291113725
-56.2685255135
-55.5798898143
-54.9573787343
-54.3952927952
0
-70.0
-70.0
-70.0
-70.0
-70.0
-70.0
-70.0
-70.0
-70.0
-70.0
-70.0
-70.0
-69.8509672104
-69.0765152964
-67.9526269714
-66.656539744
-66.1203360828
-66.0579360166
-65.4618981097
-64.5655454285
-62.6988823056
-61.1322550216
-59.7978701505
-58.6473102228
-57.6453972588
-56.7660695718
-55.9896039738
-55.3007378159
0
-70.0
-70.0
-70.0
-70.0
-70.0
-70.0
-70.0
-70.0
-70.0
-70.0
-70.0
-70.0
-70.0
-69.2442295
-68.94595955
-68.9321322617
-68.2694314799
-67.2394966282
-66.0235524963
-64.7365342672
-63.4497721876
-62.2060558668
-60.2096242122
-58.648111079
-56.5795994964
-55.0958392303
-54.0123884297
0
-70.0
-70.0
-70.0
-70.0
-70.0
-70.0
-70.0
-70.0
-70.0
-70.0
-70.0
-70.0
-70.0
-70.0
-69.1565641559
-67.9886171776
-67.4848950847
-66.5764986594
-65.4555775156
-64.2445055788
-63.0197122308
-61.8275124809
-61.5146088817
-60.9197130927
-60.1754518496
-59.3663800421
-58.5453909561
-57.744617806
-56.9826666558
-56.2694070771
-55.6091377607
-55.0026715788
-64.608631066
-70.0
-70.0
-70.0
-70.0
-70.0
-70.0
-70.0
-70.0
-70.0
-70.0
-70.0
-69.6126832931
-68.7032038259
-67.5107426847
-66.1882412438
-65.6517990045
-64.7848736941
-63.7485560514
-62.6451469307
-61.5382632273
-60.4661908976
-59.4507411366
-59.3231132421
-58.9124327306
-58.3456099994
-57.7039960274
-57.0388944432
-56.3818703446
-60.8315637362
-70.0
-70.0
-70.0
-70.0
-70.0
-70.0
-70.0
-70.0
-70.0
-70.0
-70.0
-70.0
-69.3880431237
-68.3512675605
-67.0941599705
-65.7467567509
-64.3900895941
-63.0730863135
-61.823781468
-60.6567391785
-59.5779558322
-57.7680872966
-57.2198965987
-56.6269856267
-56.0270061893
-55.4427849872
-54.8874927663
-54.368067675
0
-70.0
-70.0
-70.0
-70.0
-70.0
-70.0
-70.0
-70.0
-70.0
-70.0
-70.0
-70.0
-70.0
-69.6074203016
-68.6949584725
-67.5009827592
-66.177897906
-64.8214503972
-63.490200212
-62.2184434272
-61.0247745753
-59.9177474451
-58.8996062521
-57.1487346612
-55.836587218
-55.6514125115
-55.3285939371
-54.1139496613
0
-70.0
-70.0
-70.0
-70.0
-70.0
-70.0
-70.0
-70.0
-70.0
-70.0
-70.0
-70.0
-70.0
-70.0
-69.5553139381
-68.6133251696
-67.4043544029
-66.0754934628
-64.7189937833
-63.3911275161
-62.9447035053
-62.2220256486
-60.5376847464
-59.1524907134
-57.9929579366
-57.0074730059
-56.1592662806
-55.4217000361
0
-70.0
-70.0
-70.0
-70.0
-70.0
-70.0
-70.0
-70.0
-70.0
-70.0
-70.0
-70.0
-70.0
-70.0
-70.0
-70.0
-69.5171887853
-68.5535957636
-68.1536534252
-67.2852329079
-66.164672834
-64.9301810285
-63.6684799109
-62.43250991
-62.0731775791
-61.4318055946
-60.6425888841
-60.6109725616
-59.3949703495
-58.3288700105
-65.0082474732
-70.0
-70.0
-70.0
-70.0
-70.0
-70.0
-70.0
-70.0
-70.0
-70.0
-70.0
-69.9438330347
-70.0
-70.0
-68.6178023807
-67.144557063
-65.6657913037
-64.2330054713
-62.0555671228
-60.323918543
-59.7374654436
-59.0376780692
-57.4732163756
-56.2620988136
-55.3033583159
-54.5280020735
0
-70.0
-70.0
-70.0
-70.0
-70.0
-70.0
-70.0
-70.0
-70.0
-70.0
-70.0
-70.0
-70.0
-70.0
-69.9984700465
-69.3076030729
-68.2261627863
-66.9464265214
-65.5903705451
-64.2337246079
-63.7419462252
-62.9654809881
-61.224085813
-59.7817791807
-58.5670025621
-57.5292365054
-56.632268988
-55.8496795112
-55.1618031748
-54.5536839338
-56.5536895911
-70.0
-70.0
-70.0
-70.0
-70.0
-70.0
-70.0
-70.0
-70.0
-69.8898532878
-69.1374368175
-68.0247390414
-66.7329624077
-64.5567976806
-62.7425389216
-61.2058990355
-59.8870518027
-58.7428417362
-57.7415543051
-56.859396703
-55.2581222516
-54.0987535057
0
-70.0
-70.0
-70.0
-70.0
-70.0
-70.0
-70.0
-70.0
-70.0
-70.0
-70.0
-70.0
-70.0
-70.0
-70.0
-70.0
-69.7482098611
-68.9155287824
-67.7620691758
-66.454591106
-65.0982845605
-63.7578911479
-63.2917253954
-62.5456350974
-61.6564597487
-59.8910725478
-58.4788044757
-57.3254834833
-56.3659747717
-55.5547370523
-54.8595031857
-54.2570460928
-54.5503369673
-64.7113002589
-70.0
-70.0
-70.0
-70.0
-70.0
-70.0
-70.0
-70.0
-70.0
-70.0
-69.757176677
-68.929576794
-67.7786976377
-66.4722135561
-65.1159159885
-62.9549402484
-61.2031901293
-58.9353670536
-57.2534943064
-55.9792541812
-54.9920683
-54.2100211613
0
-70.0
-70.0
-70.0
-70.0
-68.2757588755
-70.0
-70.0
-70.0
-70.0
-70.0
-70.0
-70.0
-70.0
-70.0
-70.0
-70.0
-69.944349901
-69.2228148448
-68.125799983
-66.8400643998
-65.4839542366
-64.1308229974
-62.8245834873
-60.7700203317
-59.1549484273
-58.6774070037
-58.0783019161
-58.2462287997
-58.0487773032
-57.6386804951
-57.1146663938
-55.7197690532
-55.4888383471
-64.4839853114
-70.0
-70.0
-70.0
-70.0
-70.0
-70.0
-70.0
-70.0
-69.9911203213
-68.4760885034
-66.9278664625
-65.4113376893
-63.9643758357
-62.6073861956
-61.3496128718
-60.1932951151
-59.1363946239
-58.1743745083
-56.4813499554
-55.2261568918
-54.2755024906
0
-70.0
-70.0
-70.0
-70.0
-68.03354667
-70.0
-70.0
-70.0
-70.0
-70.0
-70.0
-70.0
-70.0
-70.0
-70.0
-70.0
-70.0
-70.0
-69.4968401104
-68.521716173
-67.2959179381
-65.9605750659
-64.6040168404
-63.2799480104
-62.0195084454
-60.8392610916
-59.7464706429
-58.7425806856
-58.6454940217
-58.2757255559
-57.7546736246
-57.1602200117
-56.5415405102
-55.9289481256
-60.420427757
-70.0
-70.0
-70.0
-70.0
-70.0
-70.0
-70.0
-70.0
-70.0
-70.0
-70.0
-70.0
-69.8400905768
-69.8794752369
-69.2171235251
-68.1558083805
-67.7104923478
-66.8296196499
-65.7167753761
-64.501842966
-63.2661554211
-62.0592043801
-60.9097269428
-59.8330495823
-58.8359415133
-58.7398119548
-57.5474738212
-56.557155147
-55.7210587709
-62.6253656527
-70.0
-70.0
-70.0
-70.0
-70.0
-70.0
-70.0
-70.0
-70.0
-70.0
-70.0
-69.9235455642
-69.190221384
-67.2672194963
-65.5145110472
-63.1024022762
-61.1950569377
-59.6541478366
-58.3844641148
-56.4998384112
-55.1290683753
-54.1123040747
0
-70.0
-70.0
-70.0
-70.0
-68.4385776713
-66.863771685
-70.0
-70.0
-70.0
-70.0
-70.0
-70.0
-70.0
-70.0
-70.0
-70.0
-70.0
-70.0
-70.0
-69.970653348
-69.2640235785
-68.1745782642
-66.8917584668
-64.7156746394
-62.8961685217
-61.3512592337
-60.0226050198
-58.8679923241
-57.0362916292
-55.6793948246
-55.4726102477
-55.9627858267
-56.0347983132
-56.6735125279
-56.8109573059
-57.4630589291
-57.5822179387
-62.4575996742
-70.0
-70.0
-70.0
-70.0
-70.0
-70.0
-70.0
-70.0
-70.0
-70.0
-70.0
-69.3233234805
-68.2498734528
-66.9741409877
-64.7995634757
-62.9781648527
-60.6093868505
-58.8111404874
-56.5951546534
-55.0223913311
0
-70.0
-70.0
-70.0
-70.0
-68.1529247423
-66.416248763
-65.6237015499
-64.6040498371
-70.0
-70.0
-70.0
-70.0
-70.0
-70.0
-70.0
-70.0
-70.0
-70.0
-70.0
-70.0
-70.0
-69.4683450194
-68.4770738638
-66.4230753749
-64.6199071024
-63.0273425689
-60.7942257631
-59.0712148209
-57.7117010948
-56.6156028227
-55.714090432
-55.7793799832
-55.6025743811
-55.2864052072
-54.8971568626
-54.4770359604
-54.0523955537
0
-70.0
-70.0
-70.0
-70.0
-70.0
-70.0
-70.0
-70.0
-70.0
-70.0
-70.0
-70.0
-70.0
-69.8544644329
-69.0819942782
-67.9591123761
-66.6634128223
-65.3072126626
-63.9599188114
-62.6628785403
-61.4392250929
-60.3003921881
-59.2504127056
-58.2887445926
-57.412118905
-56.6157395289
-55.894053919
-55.2412407558
-54.6515114993
-54.1192902288
0
-70.0
-70.0
-70.0
-70.0
-70.0
-70.0
-70.0
-70.0
-70.0
-70.0
-70.0
-70.0
-70.0
-70.0
-69.6025875955
-68.687387233
-67.4920207744
-66.1684002067
-64.8119478592
-63.4810115221
-62.2097493357
-61.0166670461
-59.9102621041
-58.0727437354
-56.677807923
-55.5949195048
-54.7353558037
-54.0384390563
0
-70.0
-70.0
-70.0
-70.0
-70.0
-70.0
-70.0
-70.0
-70.0
-70.0
-70.0
-70.0
-70.0
-69.9673800873
-69.2588954701
-68.1685081841
-66.8853255397
-65.5292384351
-63.3546115578
-61.5813483795
-60.1080121932
-58.8637434083
-57.7983906905
-56.87589937
-56.0698745988
-55.3605972494
-54.7330109315
-54.1753587763
-54.498255524
-55.3387183885
-68.3417054936
-70.0
-70.0
-70.0
-70.0
-70.0
-70.0
-70.0
-70.0
-70.0
-70.0
-70.0
-70.0
-68.6399399917
-67.1792393204
-65.7068442735
-64.2765124363
-62.9190962528
-61.6506766676
-60.4779356942
-59.4016932537
-58.4192246809
-57.5257693812
-56.7155038887
-55.9821611302
-54.4994167708
0
-70.0
-70.0
-70.0
-70.0
-70.0
-70.0
-70.0
-70.0
-70.0
-70.0
-70.0
-70.0
-70.0
-70.0
-70.0
-70.0
-70.0
-69.820506829
-69.0287940321
-67.8961398862
-67.4166760691
-66.5251085766
-65.4159977952
-64.2133313998
-62.9946205159
-61.8069066351
-60.6773814187
-59.6204202416
-58.6422295273
-57.7439074478
-56.9234506185
-56.1770615003
-55.4999926461
-55.707084912
-58.1577409702
-70.0
-70.0
-70.0
-70.0
-70.0
-70.0
-70.0
-70.0
-70.0
-70.0
-70.0
-68.8609464576
-67.5254827835
-66.1166884863
-63.8908556251
-62.0689940542
-60.5502439765
-58.4439857974
-56.8754313633
-54.8617843241
0
-70.0
-70.0
-70.0
-70.0
-67.8197247602
-65.8942354577
-64.1858006943
-65.2045464796
-70.0
-70.0
-70.0
-70.0
-70.0
-70.0
-70.0
-70.0
-70.0
-70.0
-70.0
-70.0
-69.9239970125
-69.1909286529
-68.088056682
-65.9800649434
-63.3392677355
-61.2868138195
-59.6557810093
-58.3319686229
-57.2366155703
-56.3148498863
-55.5279621464
-54.8482307643
-54.2554509095
0
-70.0
-70.0
-70.0
-70.0
-70.0
-70.0
-70.0
-70.0
-70.0
-70.0
-70.0
-70.0
-70.0
-70.0
-70.0
-69.4455018802
-68.441286279
-67.2007140423
-65.8596802322
-64.5030706051
-63.1823358086
-61.9271504038
-60.7531341474
-59.6669532554
-59.4896796116
-59.0436594383
-58.4512586864
-57.790776279
-56.2914609586
-55.1588230678
-54.283946231
-61.2128587836
-70.0
-70.0
-70.0
-70.0
-70.0
-70.0
-70.0
-70.0
-70.0
-70.0
-70.0
-69.4728058425
-68.4840624866
-67.2513477236
-65.9133406083
-64.5567583188
-63.2342503345
-61.9762705328
-60.7989403006
-59.7092441513
-58.7084516567
-57.7943611047
-56.9627614034
-56.2083762024
-55.5254658751
-54.9082041496
-54.3509069759
-54.6681651059
-57.2195811467
-68.6464447321
-70.0
-70.0
-70.0
-70.0
-70.0
-70.0
-70.0
-70.0
-70.0
-69.6817494975
-68.8114075462
-67.6388221238
-66.3239767996
-64.9676037117
-63.631526402
-62.3521624694
-61.1494720275
-60.0328753615
-59.0051548498
-58.0650173811
-57.2087676539
-56.4313922291
-55.7272538999
-55.0905291057
-54.5154765924
0
-70.0
-70.0
-70.0
-70.0
-70.0
-70.0
-70.0
-70.0
-70.0
-70.0
-70.0
-70.0
-69.4388927647
-68.430931998
-67.1884578047
-65.8466913619
-64.4900751175
-63.1697695336
-62.7352605321
-62.0267131135
-61.1773608919
-60.2718375292
-59.3627955939
-58.481943913
-57.6473681073
-57.6883770203
-57.4333698008
-57.0092531424
-56.4978080426
-58.491014048
-70.0
-70.0
-70.0
-70.0
-70.0
-70.0
-70.0
-70.0
-70.0
-70.0
-69.8494910546
-69.0742026522
-67.9498895223
-66.6536386603
-64.4774335211
-62.6657959869
-61.9532869335
-60.2840052703
-58.9163027634
-57.7751378338
-56.8079342816
-55.9773476742
-55.2564174539
-54.6253120733
-54.0691384425
0
-70.0
-70.0
-70.0
-70.0
-70.0
-70.0
-70.0
-70.0
-70.0
-70.0
-70.0
-70.0
-70.0
-70.0
-70.0
-70.0
-70.0
-69.3243028346
-69.0714077743
-67.4406238122
-65.8574659746
-64.3556557395
-62.9527144072
-61.6558591275
-59.6458839888
-58.095036106
-56.8713595061
-55.8847748959
-55.0733316333
-54.3940212879
0
-70.0
-70.0
-70.0
-70.0
-70.0
-70.0
-70.0
-70.0
-70.0
-70.0
-70.0
-70.0
-70.0
-70.0
-70.0
-69.2922286406
-69.0211582036
-68.2011440012
-67.0790973465
-65.8132327754
-63.6832729402
-61.9258546078
-60.4505417881
-59.19366937
-58.1097569401
-57.1657509175
-56.3371556067
-55.6054265667
-54.9562082571
0
-70.0
-70.0
-70.0
-70.0
-70.0
-70.0
-70.0
-70.0
-70.0
-70.0
-70.0
-70.0
-70.0
-70.0
-70.0
-69.4618423075
-68.4668862818
-67.2310164569
-65.8917940135
-64.5352007469
-64.0334047621
-64.0612136792
-63.5858585734
-62.8244502242
-61.9167902072
-60.9516345234
-59.9841532957
-58.2275261159
-56.0559656041
-54.5278304436
0
-70.0
-70.0
-70.0
-70.0
-70.0
-70.0
-70.0
-70.0
-70.0
-70.0
-70.0
-70.0
-70.0
-69.3192994021
-67.4235690633
-65.6820118912
-64.091010525
-62.643376021
-61.330016118
-60.9609996389
-60.3508897634
-59.6164608461
-58.8319214674
-57.2234671247
-55.9942789482
-55.0336234107
-54.2661093079
0
-70.0
-70.0
-70.0
-70.0
-70.0
-70.0
-70.0
-70.0
-70.0
-70.0
-70.0
-70.0
-70.0
-70.0
-69.8188882456
-69.0262582515
-67.0731383133
-65.3088284066
-63.716614849
-63.1007328861
-61.4511792789
-60.0564078053
-58.8609979942
-57.8250521745
-56.9193162768
-56.121897529
-55.416049696
-54.788672673
-54.2292907034
0
-70.0
-70.0
-70.0
-70.0
-70.0
-70.0
-70.0
-70.0
-70.0
-70.0
-70.0
-70.0
-70.0
-70.0
-69.3637725396
-68.3132436454
-67.0491515206
-65.6990578618
-64.3423664044
-62.2069393165
-60.4954517532
-59.9153774901
-59.213487016
-58.4619031642
-57.7055560811
-56.1515626285
-54.170781136
0
-70.0
-70.0
-70.0
-70.0
-70.0
-70.0
-70.0
-70.0
-70.0
-70.0
-70.0
-70.0
-70.0
-70.0
-70.0
-69.4145489178
-68.3927933045
-67.1433134931
-65.7988484898
-63.6222078715
-61.0188165715
-59.0661545724
-56.7490188872
-55.1104368465
0
-70.0
-70.0
-70.0
-70.0
-67.3048758166
-67.6276387789
-70.0
-70.0
-70.0
-70.0
-70.0
-70.0
-70.0
-70.0
-70.0
-70.0
-70.0
-70.0
-69.7881954026
-68.1581727974
-66.5515534743
-65.012530098
-62.745365069
-60.9368872159
-59.4639042636
-58.2413176834
-57.2097218125
-56.3271068962
-55.5633010499
-54.8962408404
-54.3094633534
0
-70.0
-70.0
-70.0
-70.0
-70.0
-70.0
-70.0
-70.0
-70.0
-70.0
-70.0
-70.0
-70.0
-70.0
-70.0
-70.0
-69.7699063178
-68.9495198979
-67.8023040493
-66.4972310719
-65.1409462497
-63.7991438147
-62.5107575599
-62.1173672217
-61.4540874447
-60.6509833304
-59.7907547507
-58.9249257779
-58.084597535
-57.2875806714
-56.5431178642
-55.8550029177
-55.2236338526
-70.0
-70.0
-70.0
-70.0
-70.0
-70.0
-70.0
-70.0
-70.0
-70.0
-70.0
-70.0
-69.4561709356
-68.4580011325
-68.0404992128
-67.165314754
-66.0446935868
-64.8141644337
-63.5587081273
-62.3301440726
-61.158667504
-60.060492646
-59.0429046431
-57.2875883532
-55.9681456341
-54.9542084816
-54.157372574
0
-70.0
-70.0
-70.0
-70.0
-70.0
-70.0
-70.0
-70.0
-70.0
-70.0
-70.0
-70.0
-70.0
-70.0
-68.7859510155
-67.4079899243
-65.9776136054
-64.5634673606
-63.2061973683
-61.9282954607
-60.7406111341
-59.6466468337
-58.6453800256
-56.9131072733
-55.6199733794
-54.6334272638
0
-70.0
-70.0
-70.0
-70.0
-70.0
-70.0
-70.0
-70.0
-70.0
-70.0
-70.0
-70.0
-70.0
-70.0
-70.0
-70.0
-70.0
-69.7662988551
-68.1238682064
-66.5109475436
-64.9694968944
-63.5223099418
-62.1799207722
-60.945156578
-59.8161261755
-58.7881703949
-57.85512458
-57.0101262717
-55.4261230777
-54.2715170587
0
-70.0
-70.0
-70.0
-70.0
-70.0
-70.0
-70.0
-70.0
-70.0
-70.0
-70.0
-70.0
-70.0
-70.0
-70.0
-69.5974939642
-68.6794072106
-67.482574918
-66.9783897119
-66.0865989312
-64.991971165
-63.8121287999
-62.6204857541
-61.4614837348
-60.3606997321
-59.3315393394
-58.3796584591
-57.505874649
-56.7080752079
-55.9824597031
-55.3243417433
-54.7286595761
0
-70.0
-70.0
-70.0
-70.0
-70.0
-70.0
-70.0
-70.0
-70.0
-70.0
-69.4773826648
-68.4912328414
-67.2598351861
-65.92233542
-64.565757713
-62.4229524984
-60.6998376197
-59.2859741051
-58.1047901929
-57.1025868391
-56.2411785989
-55.4929610348
-54.8375984618
-54.2597943026
0
-70.0
-70.0
-70.0
-70.0
-70.0
-70.0
-70.0
-70.0
-70.0
-70.0
-70.0
-70.0
-70.0
-70.0
-70.0
-70.0
-69.9540120539
-69.2379522177
-68.1437179088
-66.8590533931
-65.5029529039
-64.1491941803
-62.8419658068
-61.6062299225
-60.4545807278
-59.3917718534
-58.4176941336
-57.529324364
-56.7219916901
-55.9901923627
-55.3281063542
-54.7299178706
-54.1900075181
-70.0
-70.0
-70.0
-70.0
-70.0
-70.0
-70.0
-70.0
-70.0
-70.0
-70.0
-70.0
-70.0
-69.8622485342
-69.0941893702
-67.9735475595
-66.6787108877
-65.3225185218
-63.9747191514
-62.6768822242
-60.6322839937
-59.0277822556
-57.7408218043
-56.6872848066
-54.9889197812
0
-70.0
-70.0
-70.0
-70.0
-70.0
-70.0
-70.0
-70.0
-70.0
-70.0
-70.0
-70.0
-70.0
-70.0
-70.0
-70.0
-70.0
-69.3195067653
-69.0638939322
-68.251729768
-67.1327069439
-66.6868696846
-65.8398050062
-64.7802393656
-63.6284920024
-62.4598271844
-61.3199673875
-59.4153859297
-58.7554575241
-57.2243185632
-56.0414912346
-55.107078463
-54.3528615179
0
-70.0
-70.0
-70.0
-70.0
-70.0
-70.0
-70.0
-70.0
-70.0
-70.0
-70.0
-70.0
-70.0
-70.0
-70.0
-69.481345226
-68.497440854
-67.2671835357
-65.9301230268
-64.5735492873
-64.070486734
-63.2762996442
-61.5139107356
-60.0493470325
-58.8122972429
-57.7529907944
-56.8356405655
-56.0340424093
-55.3286154352
-54.704405403
-54.1497325369
0
-70.0
-70.0
-70.0
-70.0
-70.0
-70.0
-70.0
-70.0
-70.0
-70.0
-70.0
-70.0
-70.0
-70.0
-69.9517243346
-69.2343681241
-68.1394754604
-66.8545573468
-65.4984545671
-64.1448444137
-62.8378501746
-61.6023919586
-59.631037297
-58.1038565902
-57.7140862798
-57.1997545509
-56.6278303618
-55.2204148363
-54.1786183598
-54.2109198619
-56.6066034345
-70.0
-70.0
-70.0
-70.0
-70.0
-70.0
-70.0
-70.0
-70.0
-70.0
-70.0
-69.9524598681
-70.0
-68.5555377192
-66.2270090934
-64.2656582814
-63.4099925182
-62.4262599764
-61.398478452
-60.3785269224
-59.3972717738
-58.4719429589
-57.611014238
-56.8174231975
-55.2706878
-54.1436236348
0
-70.0
-70.0
-70.0
-70.0
-70.0
-70.0
-70.0
-70.0
-70.0
-70.0
-70.0
-70.0
-70.0
-70.0
-70.0
-69.7314966972
-68.8893448257
-67.7310755419
-66.4217447868
-65.0654215076
-63.7261134898
-62.4416582295
-61.232929799
-60.109928414
-59.0757966359
-58.1294576812
-58.0873390523
-58.5891565733
-58.5806085334
-58.2661260917
-57.7785657569
-56.3834106975
-57.8502039718
-70.0
-70.0
-70.0
-70.0
-70.0
-70.0
-70.0
-70.0
-70.0
-70.0
-70.0
-69.3744456559
-68.3299648609
-67.0689442218
-65.7200336977
-64.3633529266
-63.0472326997
-61.7993194736
-60.6339275555
-59.5568948194
-58.5687786838
-58.486949713
-58.1316206734
-57.6240358939
-57.042017163
-56.4347386857
-55.8325469765
-55.2534803851
-57.2475910839
-70.0
-70.0
-70.0
-70.0
-70.0
-70.0
-70.0
-70.0
-70.0
-70.0
-70.0
-70.0
-69.8848065866
-69.1295303189
-68.8353802144
-68.0077108112
-66.8875188089
-65.6291529806
-63.5098283842
-61.7645726803
-60.3019335019
-59.0576188781
-57.9857761413
-57.8731446278
-57.5197942321
-57.8537908536
-57.7690624647
-57.4359233492
-56.964842435
-67.4066544318
-70.0
-70.0
-70.0
-70.0
-70.0
-70.0
-70.0
-70.0
-70.0
-70.0
-70.0
-69.7268921444
-68.8821310262
-67.7225366544
-66.4126954762
-65.8763675867
-65.8220252668
-66.0586856993
-65.6420591021
-64.8473478405
-63.8522761554
-63.5901572726
-62.9565473671
-62.1211631782
-61.192560559
-61.0589803021
-60.5868661379
-59.9273687682
-61.7173949164
-70.0
-70.0
-70.0
-70.0
-70.0
-70.0
-70.0
-70.0
-70.0
-70.0
-70.0
-70.0
-69.8856517535
-69.1308544138
-67.1969475295
-65.4400384813
-63.8478917697
-62.407674017
-61.1066208982
-59.932434997
-58.0535089563
-56.6343697001
-56.3584071563
-55.9575493915
-55.4951164196
-55.0111527558
-54.530402799
-54.0676060649
0
-70.0
-70.0
-70.0
-70.0
-70.0
-70.0
-70.0
-70.0
-70.0
-70.0
-70.0
-70.0
-70.0
-69.4932219995
-67.6960477991
-66.0045416857
-64.4328199614
-63.8053595948
-62.9453713883
-61.9745327515
-60.9695451443
-59.9775677419
-59.0264623757
-58.1315837435
-57.3002704394
-56.5348067756
-55.0143683514
0
-70.0
-70.0
-70.0
-70.0
-70.0
-70.0
-70.0
-70.0
-70.0
-70.0
-70.0
-70.0
-70.0
-70.0
-69.8164660974
-69.0224635525
-67.8886465739
-65.7687348342
-63.9478299626
-62.3670260409
-60.9829761532
