-70.0
-70.0
-70.0
-70.0
-70.0
-70.0
-70.0
-67.1034296465
-65.4620397796
-64.6284712001
-64.3073810124
-64.304480866
-64.492591416
-64.7890380321
-65.140604734
-65.5135245974
-66.6714348258
-64.6307937433
-63.5853826356
-64.9748010494
-65.8726129271
-66.5488796228
-67.0696769862
-67.479832838
-67.8099319211
-68.0809936403
-68.3075975505
-68.4999733116
-68.6653996578
-68.8091421437
-68.935082897
-68.0461445858
-67.8970318307
-67.3221075611
-66.7330827472
-67.4870426619
-68.4605749866
-69.0960085486
-69.5074017342
-69.7706575877
-69.9362558469
-70.0
-70.0
-70.0
-70.0
-70.0
-70.0
-70.0
-70.0
-70.0
-68.9422806348
-66.3783978359
-64.9607882287
-64.2781961901
-64.0593677606
-64.1260917775
-64.3619231285
-65.6523393924
-66.571511171
-67.2372971992
-67.7288589094
-68.0995006386
-69.0044499023
-70.0
-70.0
-70.0
-68.0403514867
-66.9298839958
-66.3659407014
-67.0170227919
-67.5071046198
-67.8842502293
-65.5387864761
-64.2802153417
-62.7547505919
-62.0809800557
-61.9406850654
-59.6100229123
-57.7554890543
-57.0509191043
-57.5277511245
-59.1910763619
-61.0551865246
-62.4693925955
-64.8887428177
-66.7847642687
-68.0295516636
-68.8421057118
-70.0
-70.0
-70.0
-70.0
-67.1610027707
-65.552237674
-63.9327682245
-63.1633276139
-64.2571994184
-65.6030987976
-69.0041557684
-70.0
-70.0
-70.0
-70.0
-70.0
-70.0
-70.0
-70.0
-70.0
-70.0
-67.168208159
-65.5635261157
-64.946875452
-65.8404259513
-67.6719654244
-69.4747312876
-70.0
-70.0
-67.7855795564
-66.530741305
-65.8934803107
-65.6480077037
-65.6457905494
-65.7896005719
-66.4836283946
-64.2902166165
-63.1644956624
-62.7169132345
-63.1677366594
-65.3191235552
-66.0277806749
-66.9457667746
-65.1287053091
-64.2008449195
-63.837433855
-64.2259076022
-66.1026478661
-67.3586037623
-68.2002238413
-68.7651884273
-69.1453275646
-69.4019001282
-69.5757803287
-69.6942491048
-70.0
-70.0
-70.0
-70.0
-70.0
-70.0
-70.0
-70.0
-70.0
-68.7561713243
-68.0513350747
-67.6933888225
-67.5555081104
-67.5542627462
-67.6350401027
-66.7623463359
-66.3466518646
-67.1799950107
-67.7740010646
-68.2046046615
-65.6597302851
-63.8930730773
-63.5921026937
-63.8540536993
-64.2160891793
-64.6261074947
-64.062809254
-63.9227366678
-63.485713005
-61.6493836702
-60.825939947
-60.6376757149
-60.8367946518
-61.2617061922
-62.1837699424
-60.3552730832
-61.0768647817
-63.3068637014
-66.7947794077
-69.7316504752
-70.0
-70.0
-68.4120565057
-67.5122218589
-67.0552470089
-66.8792205319
-65.8783072674
-65.4151490665
-64.7345269549
-64.5016694561
-64.5452326416
-64.7531961315
-65.0528676877
-65.3975750319
-63.881284464
-64.7638993123
-66.1019448116
