-70.0
-70.0
-70.0
-70.0
-70.0
-69.2962962963
-68.8975308642
-70.0
-70.0
-70.0
-70.0
-70.0
-70.0
-67.4355672848
-65.9823887462
-65.2444019982
-64.9601298828
-64.9575622841
-65.1241029821
-65.3889678296
-59.7821414687
-63.8270287569
-70.0
-70.0
-70.0
-70.0
-70.0
-70.0
-70.0
-70.0
-70.0
-70.0
-70.0
-70.0
-70.0
-70.0
-70.0
-70.0
-70.0
-70.0
-70.0
-70.0
-70.0
-70.0
-70.0
-70.0
-70.0
-70.0
-70.0
-70.0
-70.0
-70.0
-70.0
-70.0
-70.0
-70.0
-70.0
-70.0
-70.0
-70.0
-70.0
-70.0
-70.0
-70.0
-70.0
-70.0
-70.0
-70.0
-70.0
-70.0
-70.0
-70.0
-70.0
-70.0
-70.0
-70.0
-70.0
-70.0
-70.0
-70.0
-70.0
-70.0
-70.0
-70.0
-70.0
-70.0
-70.0
-70.0
-70.0
-70.0
-70.0
-70.0
-70.0
-69.2215899333
-68.7804908955
-70.0
-70.0
-70.0
-70.0
-70.0
-70.0
-70.0
-70.0
-70.0
-70.0
-70.0
-70.0
-70.0
-70.0
-70.0
-70.0
-70.0
-70.0
-70.0
-70.0
-70.0
-70.0
-70.0
-70.0
-70.0
-70.0
-70.0
-70.0
-70.0
-70.0
-70.0
-70.0
-69.896354492
-70.0
-70.0
-70.0
-70.0
-70.0
-70.0
-70.0
-70.0
-70.0
-70.0
-64.0579021361
-59.6984206931
-57.4261178043
-56.4818654775
-56.3659185655
-59.7130342005
-70.0
-70.0
-70.0
-70.0
-70.0
-70.0
-70.0
-70.0
-70.0
-70.0
-70.0
-63.4374912676
-59.7187363193
-57.8301921396
-58.1004422356
-61.8676119585
-63.9176290176
-69.2921879658
-70.0
-70.0
-70.0
-70.0
-70.0
-70.0
-70.0
-70.0
-70.0
-70.0
-69.1199266741
-68.6212184561
-70.0
-70.0
-70.0
-70.0
-70.0
-70.0
-70.0
-64.8900002331
-61.9943336985
-61.523749719
-61.8572743407
-62.3288133023
-62.8674429026
-63.4283725659
-64.4397313572
-61.9175488922
-64.2448669695
-70.0
-70.0
-70.0
-70.0
-70.0
-70.0
-70.0
-70.0
-70.0
-70.0
-70.0
-70.0
-70.0
-70.0
-70.0
-70.0
-70.0
-69.3578191817
-67.5727918895
-66.9160157845
-66.6247495953
-66.5624982287
-66.639730801
-66.7980793178
-66.9998191172
-67.5066968126
-70.0
-70.0
-70.0
-70.0
-68.89415863
-68.2675151869
-67.9492786149
-67.8266940512
-68.8233031863
-69.4604918945
-70.0
-64.0109613599
-60.6171727972
-58.8936605663
-62.2016517805
-70.0
-70.0
-70.0
-70.0
-70.0
-70.0
-70.0
-70.0
-70.0
-70.0
-63.7849001689
-57.9296769313
-54.8188870911
0
-70.0
-70.0
-70.0
-70.0
-70.0
-70.0
-70.0
-70.0
-68.8706401323
-68.2306695406
-67.9056648675
-67.7804732348
-66.7793424822
-66.2860192813
-66.113824718
-66.1400471561
-66.5861535399
-70.0
-70.0
-70.0
-70.0
-70.0
-70.0
-70.0
-70.0
-70.0
-70.0
-70.0
-70.0
-70.0
-70.0
-70.0
-70.0
-70.0
-70.0
-68.784005315
-67.0950010634
-66.1784318103
-65.7558758648
-60.0265291513
-56.9213701516
0
-70.0
-70.0
-70.0
-70.0
-70.0
-70.0
-70.0
-70.0
-70.0
-70.0
-70.0
-70.0
-70.0
-70.0
-70.0
-70.0
-70.0
-70.0
-70.0
-70.0
-70.0
-70.0
-70.0
-70.0
-70.0
-70.0
-69.5744149026
-69.333250014
-69.2107760804
-70.0
-70.0
-70.0
-70.0
-70.0
-70.0
-70.0
-70.0
-70.0
-70.0
-70.0
-70.0
-69.1715712437
-68.7021282818
-68.4637248953
-69.2163012268
-70.0
-70.0
-70.0
-70.0
-70.0
-70.0
-70.0
-70.0
-70.0
-70.0
-70.0
-70.0
-70.0
-70.0
-70.0
-70.0
-70.0
-70.0
-70.0
-70.0
-70.0
-70.0
-63.2990677669
-59.5018728348
-59.1834300449
-63.7766838342
-70.0
-70.0
-70.0
-70.0
-70.0
-70.0
-70.0
-70.0
-64.4779377688
-60.3877876135
-58.2541045998
-57.3654246383
0
-70.0
-70.0
-70.0
-70.0
-70.0
-70.0
-70.0
-70.0
-70.0
-70.0
-70.0
-70.0
-70.0
-70.0
-70.0
-70.0
-70.0
-70.0
-70.0
-70.0
-70.0
-70.0
-70.0
-70.0
-70.0
-70.0
-70.0
-70.0
-70.0
-70.0
-70.0
-70.0
-70.0
-70.0
-70.0
-70.0
-70.0
-70.0
-70.0
-70.0
-70.0
-70.0
-70.0
-70.0
-63.4898136241
-60.9545155839
-65.1332133354
-70.0
-70.0
-70.0
-70.0
-70.0
-70.0
-70.0
-70.0
-69.872418049
-62.5881789862
-58.1313629156
-55.8528945094
-56.1134756467
-68.0841452919
-70.0
-70.0
-70.0
-70.0
-70.0
-70.0
-64.7463260545
-62.7692389369
-61.8240120351
-61.5294088262
-61.63499994
-61.9771879436
-64.6727175101
-70.0
-70.0
-70.0
-70.0
-70.0
-70.0
-70.0
-70.0
-70.0
-70.0
-70.0
-70.0
-70.0
-70.0
-70.0
-70.0
-70.0
-70.0
-70.0
-70.0
-70.0
-70.0
-70.0
-70.0
-70.0
-70.0
-70.0
-70.0
-70.0
-70.0
-70.0
-70.0
-70.0
-70.0
-70.0
-70.0
-70.0
-70.0
-70.0
-66.0525878743
-70.0
-70.0
-70.0
-70.0
-70.0
-70.0
-70.0
-70.0
-63.8125983304
-59.3064075277
0
-70.0
-70.0
-70.0
-70.0
-70.0
-70.0
-70.0
-70.0
-68.777081931
-68.0840950253
-66.8199578762
-66.1674769908
-65.9037392266
-65.8820385939
-66.0062835944
-67.6996434078
-70.0
-70.0
-70.0
-70.0
-70.0
-70.0
-70.0
-66.0303894512
-63.7809434735
-63.5068905283
-63.5588957436
-63.804802348
-64.158852899
-64.565988133
-64.9914030023
-66.1482161767
-70.0
-70.0
-70.0
-70.0
-70.0
-70.0
-70.0
-66.1336307126
-63.3871325608
-61.9596625844
-61.3711918457
-62.1082054768
-62.8134734729
-63.7877345587
-69.0924795752
-70.0
-70.0
-70.0
-70.0
-70.0
-70.0
-70.0
-70.0
-70.0
-70.0
-70.0
-70.0
-70.0
-70.0
-70.0
-70.0
-70.0
-70.0
-70.0
-70.0
-70.0
-70.0
-70.0
-70.0
-70.0
-69.860804239
-70.0
-70.0
-70.0
-70.0
-70.0
-67.5231530424
-66.119606433
-64.445843362
-64.2882525095
-64.3840895811
-64.628788838
-64.9546487642
-65.7273346871
-70.0
-70.0
-70.0
-70.0
-70.0
-70.0
-70.0
-70.0
-70.0
-70.0
-69.9885439761
-69.9820522293
-69.9787554402
-69.9774855187
-70.0
-70.0
-70.0
-70.0
-70.0
-65.163583756
-62.4229478844
-61.0311347652
-60.4950090683
-61.4894900417
-56.6250063239
0
-70.0
-70.0
-70.0
-70.0
-70.0
-70.0
-70.0
-70.0
-70.0
-70.0
-70.0
-70.0
-70.0
-70.0
-70.0
-70.0
-70.0
-70.0
-70.0
-70.0
-70.0
-70.0
-70.0
-70.0
-70.0
-63.6275523779
-60.0164987253
-59.182642087
-59.0429067011
-60.3478516475
-62.0716422262
-70.0
-70.0
-70.0
-70.0
-69.2280082908
-68.7905463222
-69.4805927684
-69.1094650748
-68.9164729561
-68.836795253
-68.8277621227
-68.8614168404
-68.9195624431
-70.0
-70.0
-70.0
-70.0
-70.0
-70.0
-66.6579926339
-62.4308551264
-60.1468774511
-58.4012245604
-57.7404586741
-57.7526505198
-58.1682106099
-59.8116389149
-61.4706412675
-62.524924226
-65.5918690526
-70.0
-70.0
-70.0
-70.0
-70.0
-70.0
-70.0
-63.9048267523
-60.4508952452
-58.6968398328
0
-70.0
-70.0
-70.0
-70.0
-70.0
-70.0
-70.0
-70.0
-70.0
-70.0
-70.0
-70.0
-64.0855289912
-57.4016770455
0
-70.0
-70.0
-70.0
-70.0
-70.0
-70.0
-70.0
-70.0
-70.0
-70.0
-70.0
-70.0
-70.0
-70.0
-62.6039913308
-60.1670274429
-70.0
-70.0
-70.0
-70.0
-70.0
-70.0
-70.0
-70.0
-70.0
-70.0
-70.0
-63.2039592811
-59.3528695403
0
-70.0
-70.0
-70.0
-70.0
-70.0
-70.0
-70.0
-70.0
-70.0
-70.0
-70.0
-70.0
-70.0
-70.0
-63.4837774948
-60.6777866516
-61.1616943709
-66.071042721
-70.0
-70.0
-70.0
-70.0
-70.0
-69.4353754454
-69.1154215311
-68.9529351315
-68.890345454
-68.8897801324
-69.3811896157
-70.0
-70.0
-70.0
-70.0
-70.0
-70.0
-70.0
-70.0
-70.0
-70.0
-70.0
-70.0
-70.0
-70.0
-70.0
-70.0
-70.0
-70.0
-70.0
-70.0
-70.0
-70.0
-70.0
-70.0
-70.0
-70.0
-69.8236177021
-70.0
-70.0
-70.0
-70.0
-70.0
-70.0
-70.0
-70.0
-70.0
-70.0
-63.7913459779
-60.2731086987
-58.4863960413
-57.7981552454
-57.7919389264
-58.1951445041
-59.9258930273
-70.0
-70.0
-70.0
-70.0
-70.0
-70.0
-70.0
-70.0
-64.2638346781
-61.0133409957
-55.4737111975
0
-70.0
-70.0
-70.0
-70.0
-70.0
-70.0
-69.9731119838
-69.9578754412
-69.9501376677
-69.9471570813
-69.9471301601
-69.9488763354
-63.5661686291
-59.951005051
-61.0753617005
-70.0
-70.0
-70.0
-70.0
-70.0
-69.1149834536
-67.6134741677
-66.7921194572
-66.4062359824
-66.2944980314
-66.3509719931
-66.506490637
-66.7162521355
-67.3886197008
-70.0
-70.0
-70.0
-70.0
-70.0
-70.0
-70.0
-70.0
-70.0
-70.0
-63.416580365
-59.6859759051
-57.7914140323
-58.2802137569
-66.3120552436
-70.0
-70.0
-70.0
-70.0
-70.0
-70.0
-70.0
-70.0
-70.0
-69.8877872719
-69.8242000593
-63.4591675854
-68.2966913687
-70.0
-70.0
-70.0
-70.0
-70.0
-70.0
-66.4440995735
-64.7219601408
-63.8646111431
-63.5547147064
-63.5836196875
-63.8148420199
-64.159747352
-65.4156988971
-69.9500697042
-70.0
-70.0
-70.0
-70.0
-70.0
-70.0
-70.0
-70.0
-70.0
-70.0
-70.0
-70.0
-70.0
-70.0
-70.0
-70.0
-70.0
-64.6644637376
-61.6409931889
-60.1055444201
-59.5140903448
-60.505322734
-61.4165514098
-62.2494035682
-64.1694057709
-70.0
-70.0
-70.0
-70.0
-70.0
-70.0
-70.0
-70.0
-70.0
-70.0
-70.0
-70.0
-70.0
-70.0
-70.0
-69.1657434591
-68.692998086
-68.9353715304
-70.0
-70.0
-70.0
-70.0
-65.6860484018
-60.9081424961
-58.3444608695
-57.1947698645
-56.9317962661
-57.2096188981
-57.8026585141
-58.5650603332
-59.6216307538
-67.2564511589
-70.0
-70.0
-70.0
-69.3482552462
-68.978933219
-68.7913755621
-68.7191284492
-68.7184758998
-68.7608018402
-68.8275040098
-68.9066085112
-68.990517595
-69.0745124588
-70.0
-70.0
-70.0
-70.0
-70.0
-70.0
-70.0
-70.0
-70.0
-64.2143748202
-60.9358538849
-59.2708795276
0
-70.0
-70.0
-70.0
-70.0
-70.0
-70.0
-70.0
-70.0
-70.0
-70.0
-70.0
-70.0
-69.4842444031
-68.8586495648
-68.5213376764
-68.3682392874
-69.968364868
-70.0
-70.0
-70.0
-70.0
-70.0
-70.0
-70.0
-70.0
-70.0
-70.0
-63.5234900537
-59.8534677508
-54.7914343383
-57.9384651565
-70.0
-70.0
-70.0
-70.0
-69.3324985353
-68.9542477054
-68.7621556172
-67.6882014458
-67.1208888948
-66.8764717344
-66.833939047
-66.9139547997
-60.3379615208
-58.3291278284
-67.6552876892
-70.0
-70.0
-70.0
-70.0
-70.0
-70.0
-70.0
-70.0
-70.0
-70.0
-69.7090956651
-69.5442498752
-62.5144854986
-57.8424403189
-55.4444652005
-55.366462546
-60.7269366978
-70.0
-70.0
-70.0
-70.0
-67.1663921062
-64.6923682092
-64.3833524918
-64.385164645
-64.5734131154
-64.8672484272
-65.2146413333
-65.5825890326
-65.9506046843
-68.1625302721
-70.0
-70.0
-70.0
-70.0
-70.0
-70.0
-70.0
-70.0
-70.0
-70.0
-70.0
-63.3186394656
-59.5325351628
-57.6097880757
-58.214282521
-69.6677019992
-70.0
-70.0
-70.0
-70.0
-70.0
-70.0
-69.7578759238
-70.0
-64.9417696977
-62.075439193
-60.6197929171
-60.059078721
-59.1418057412
-54.2014577722
-61.4772022079
-70.0
-70.0
-70.0
-70.0
-70.0
-70.0
-70.0
-70.0
-70.0
-70.0
-70.0
-70.0
-63.399796595
-65.2314232297
-70.0
-70.0
-70.0
-70.0
-70.0
-70.0
-70.0
-70.0
-70.0
-70.0
-70.0
-69.3456528267
-68.9748560952
-68.7865495198
-70.0
-70.0
-70.0
-70.0
-70.0
-70.0
-70.0
-67.1855562102
-65.5907047294
-64.7807703499
-64.4687840438
-63.4693916128
-64.0614308056
-58.2291470941
-55.1221386307
0
-70.0
-70.0
-70.0
-70.0
-70.0
-70.0
-70.0
-70.0
-70.0
-70.0
-70.0
-70.0
-70.0
-63.4147741528
-59.9403379589
-65.5946537674
-70.0
-70.0
-70.0
-69.316572611
-69.8415055953
-70.0
-69.4992252943
-69.215452961
-69.8738102649
-70.0
-63.6674281331
-60.0789707419
-65.2506165547
-70.0
-70.0
-70.0
-70.0
-70.0
-70.0
-70.0
-70.0
-70.0
-70.0
-70.0
-70.0
-63.6355261643
-60.0289909907
-56.1400824114
-62.0120076866
-70.0
-70.0
-70.0
-70.0
-70.0
-70.0
-70.0
-70.0
-69.8273426556
-70.0
-70.0
-70.0
-70.0
-70.0
-70.0
-70.0
-70.0
-70.0
-70.0
-70.0
-70.0
-70.0
-70.0
-70.0
-70.0
-70.0
-70.0
-70.0
-70.0
-70.0
-70.0
-70.0
-70.0
-70.0
-70.0
-70.0
-69.7965644375
-62.681285235
-59.6387333424
-59.8831374387
-59.2802611597
-61.389724225
-66.7583437324
-70.0
-70.0
-70.0
-70.0
-70.0
-70.0
-70.0
-70.0
-70.0
-70.0
-70.0
-70.0
-70.0
-70.0
-70.0
-70.0
-70.0
-70.0
-70.0
-70.0
-63.6243718557
-61.8392778886
-65.6947046819
-70.0
-70.0
-70.0
-70.0
-70.0
-70.0
-70.0
-70.0
-70.0
-70.0
-70.0
-63.2578144509
-60.2534364544
-67.208801403
-70.0
-70.0
-70.0
-70.0
-70.0
-70.0
-70.0
-70.0
-70.0
-70.0
-70.0
-70.0
-63.6264783812
-60.0148161306
-55.5039084516
-60.2977055421
-70.0
-70.0
-70.0
-70.0
-70.0
-70.0
-70.0
-70.0
-70.0
-70.0
-62.7359306679
-58.6196247131
-56.5291869831
-55.7239514456
-58.1956907029
-70.0
-70.0
-70.0
-70.0
-70.0
-70.0
-70.0
-64.0332600718
-60.6521074458
-58.9350122887
-58.2735881182
0
-70.0
-70.0
-70.0
-70.0
-70.0
-70.0
-70.0
-70.0
-68.7381719469
-67.0234367789
-62.2049255632
-59.5736546483
-58.3424369444
-57.9922917573
-58.1824615865
-57.7782729263
-57.9431506326
0
-70.0
-70.0
-70.0
-70.0
-70.0
-70.0
-70.0
-70.0
-70.0
-70.0
-65.0973762074
-62.3192227249
-60.9083565446
-55.4389656923
0
-70.0
-70.0
-70.0
-70.0
-70.0
-70.0
-70.0
-70.0
-69.7898236767
-69.6707237602
-69.6102396849
-69.5869412503
-70.0
-70.0
-70.0
-70.0
-70.0
-70.0
-70.0
-70.0
-70.0
-70.0
-70.0
-70.0
-70.0
-70.0
-70.0
-70.0
-70.0
-70.0
-70.0
-70.0
-70.0
-70.0
-70.0
-70.0
-70.0
-70.0
-70.0
-70.0
-70.0
-70.0
-70.0
-70.0
-70.0
-70.0
-70.0
-70.0
-70.0
-70.0
-70.0
-64.7824126162
-59.4924464321
-56.6687185072
0
-70.0
-70.0
-70.0
-70.0
-70.0
-70.0
-70.0
-70.0
-70.0
-70.0
-65.6148456266
-63.129924815
-61.8679748342
-61.3818723513
-61.3774817832
-55.5840754158
-54.3364735778
-64.247379855
-70.0
-70.0
-70.0
-70.0
-70.0
-70.0
-69.7609755276
-70.0
-69.9463503488
-69.9159488798
-69.9005097024
-69.8945625392
-69.4416780565
-70.0
-70.0
-70.0
-70.0
-70.0
-70.0
-70.0
-70.0
-70.0
-70.0
-70.0
-70.0
-70.0
-70.0
-70.0
-70.0
-70.0
-70.0
-70.0
-70.0
-70.0
-70.0
-70.0
-70.0
-70.0
-70.0
-70.0
-70.0
-70.0
-70.0
-70.0
-70.0
-70.0
-70.0
-70.0
-70.0
-70.0
-70.0
-70.0
-70.0
-70.0
-70.0
-70.0
-70.0
-70.0
-70.0
-70.0
-70.0
-70.0
-70.0
-70.0
-70.0
-70.0
-70.0
-70.0
-63.24112821
-60.407675375
-61.2758007081
-70.0
-70.0
-70.0
-70.0
-70.0
-67.9629328654
-66.8085948224
-66.2223721692
-65.996559505
-65.994519923
-67.0390206811
-67.7644204466
-68.724206268
-70.0
-70.0
-70.0
-70.0
-70.0
-70.0
-66.1630576309
-63.9887902883
-62.8846035399
-62.4592713728
-62.4554296935
-62.7046103628
-63.0972984189
-56.9726949496
-61.9483370763
-70.0
-70.0
-70.0
-70.0
-70.0
-70.0
-70.0
-70.0
-70.0
-70.0
-69.4620762492
-69.1572527904
-69.0024502887
-69.9972528488
-70.0
-70.0
-70.0
-70.0
-70.0
-70.0
-70.0
-70.0
-70.0
-70.0
-69.556479128
-69.3051506339
-62.3596012471
-58.4469515734
-59.7366104006
-69.1023834235
-70.0
-70.0
-70.0
-70.0
-70.0
-70.0
-64.510441583
-61.3996918134
-59.8199188912
-54.2854652489
0
-70.0
-70.0
-70.0
-70.0
-70.0
-70.0
-70.0
-70.0
-70.0
-70.0
-70.0
-70.0
-70.0
-70.0
-70.0
-70.0
-70.0
-70.0
-70.0
-69.2561665236
-68.834660887
-68.6206021421
-68.5381468238
-68.537402072
-68.5857084852
-68.6618353836
-67.752156612
-66.9479441286
-66.5671518343
-69.4752331456
-70.0
-70.0
-70.0
-70.0
-70.0
-70.0
-70.0
-70.0
-70.0
-70.0
-63.5722829787
-59.92991
-58.0801558795
-60.1618233544
-70.0
-70.0
-70.0
-70.0
-70.0
-70.0
-70.0
-65.6154318876
-60.7975099573
-58.2135064672
-57.0559874909
-56.7929431887
-57.0753518345
-57.6756186275
-60.8715259511
-70.0
-70.0
-70.0
-70.0
-70.0
-70.0
-70.0
-66.219635465
-64.4107622285
-63.5117462123
-63.1886117288
-63.2217773145
-63.467617422
-65.7324172218
-70.0
-70.0
-70.0
-70.0
-70.0
-70.0
-64.7491516777
-61.7736709617
-60.2625935
-59.6805272397
-59.6752699088
-60.01627318
-60.5536660368
-55.9228647152
-58.4896935944
-70.0
-70.0
-70.0
-70.0
-70.0
-70.0
-70.0
-70.0
-64.4617927909
-61.3234753724
-59.7297024089
-54.1898559579
0
-70.0
-70.0
-70.0
-70.0
-70.0
-70.0
-70.0
-70.0
-70.0
-70.0
-70.0
-70.0
-70.0
-63.6569170178
-60.0625033279
-54.827798323
-57.922048793
-70.0
-70.0
-70.0
-70.0
-70.0
-70.0
-70.0
-70.0
-70.0
-70.0
-70.0
-70.0
-70.0
-69.321200677
-70.0
-70.0
-70.0
-70.0
-70.0
-70.0
-70.0
-70.0
-70.0
-70.0
-70.0
-64.37522489
-61.1878523276
-55.9849850605
-58.2454417997
-69.4497864741
-70.0
-70.0
-70.0
-70.0
-70.0
-70.0
-70.0
-70.0
-70.0
-70.0
-63.0726593823
-59.1471663655
-57.5305625189
-58.1593754644
-66.381482238
-70.0
-70.0
-70.0
-70.0
-70.0
-70.0
-64.202900692
-60.9178777508
-59.2496013944
-58.6069822008
-58.6011779446
-60.9634468876
-67.3465657065
-70.0
-70.0
-70.0
-70.0
-70.0
-70.0
-70.0
-64.9459432653
-62.0819777823
-56.7386436775
0
-70.0
-70.0
-70.0
-70.0
-70.0
-70.0
-70.0
-70.0
-70.0
-70.0
-70.0
-70.0
-70.0
-70.0
-70.0
-70.0
-63.9676352241
-64.5929151258
-70.0
-70.0
-70.0
-70.0
-70.0
-70.0
-70.0
-70.0
-70.0
-70.0
-70.0
-69.4007536631
-68.7278474055
-70.0
-70.0
-70.0
-70.0
-70.0
-70.0
-70.0
-65.657584497
-63.1968823787
-62.9462167358
-63.0309434589
-63.3140813775
-63.7068280827
-64.1522485031
-64.6144258052
-70.0
-70.0
-70.0
-70.0
-70.0
-70.0
-67.6100375835
-66.2557255474
-65.5679474742
-65.3030157145
-66.1030919373
-66.7130346064
-67.188565721
-66.5936111606
-66.350184719
-70.0
-70.0
-70.0
-70.0
-70.0
-70.0
-70.0
-70.0
-70.0
-70.0
-70.0
-70.0
-69.9956473783
-69.9931808926
-69.9919283048
-70.0
-70.0
-70.0
-70.0
-70.0
-70.0
-70.0
-70.0
-70.0
-70.0
-70.0
-70.0
-63.9924236067
-64.4632034802
-70.0
-70.0
-70.0
-70.0
-70.0
-67.2932041041
-65.7593530964
-64.1120846314
-63.319987398
-63.0673961447
-63.1469281879
-63.4230831409
-65.7140929728
-70.0
-70.0
-70.0
-70.0
-70.0
-70.0
-70.0
-70.0
-70.0
-70.0
-70.0
-69.3066795552
-69.5436868665
-70.0
-70.0
-70.0
-70.0
-70.0
-70.0
-70.0
-65.8410338683
-63.4842863936
-62.2874283624
-61.8263992649
-61.8222351642
-62.092328865
-63.4594464599
-67.9360780578
-70.0
-70.0
-70.0
-70.0
-70.0
-70.0
-70.0
-70.0
-70.0
-70.0
-70.0
-63.791566916
-60.2734548351
-62.9237539547
-70.0
-70.0
-70.0
-70.0
-70.0
-70.0
-70.0
-64.9756149343
-62.1284633971
-60.6825570282
-61.1204564082
-61.6791808226
-62.2917761104
-62.9162740795
-64.0090586224
-66.4814668731
-70.0
-70.0
-70.0
-70.0
-70.0
-70.0
-70.0
-70.0
-70.0
-70.0
-70.0
-70.0
-70.0
-70.0
-70.0
-70.0
-70.0
-70.0
-66.6261723542
-62.3810033549
-60.0878685102
-59.0423919864
-58.7803596725
-58.9971282951
-59.4939518588
-60.5653254137
-64.0545086953
-69.9051341512
-70.0
-70.0
-70.0
-65.7691192721
-63.24835694
-61.9609543094
-61.4564809208
-61.4385808569
-61.7132214567
-62.154231768
-61.7681550577
-64.0597476505
-70.0
-70.0
-70.0
-70.0
-70.0
-70.0
-70.0
-70.0
-70.0
-70.0
-70.0
-70.0
-70.0
-67.0039426697
-70.0
-70.0
-70.0
-70.0
-70.0
-70.0
-70.0
-70.0
-70.0
-70.0
-70.0
-70.0
-70.0
-70.0
-64.1868966068
-70.0
-70.0
-70.0
-70.0
-70.0
-70.0
-70.0
-70.0
-70.0
-70.0
-62.7864806779
-58.3654863954
-57.1007068104
-56.2162599435
0
-70.0
-70.0
-70.0
-70.0
-70.0
-70.0
-70.0
-70.0
-70.0
-70.0
-64.4981682539
-58.0522684955
-54.2496530239
0
-70.0
-70.0
-70.0
-70.0
-70.0
-70.0
-70.0
-70.0
-70.0
-70.0
-70.0
-70.0
-70.0
-70.0
-70.0
-70.0
-70.0
-69.5920306411
-70.0
-67.309040729
-65.7841638088
-65.0097655297
