-70.0
-70.0
-70.0
-63.4444444444
-59.7296296296
-56.8430864198
-55.5497242798
-55.2553828532
-55.5702652355
-56.2401858237
-57.1007986491
-58.0471397227
-59.0133730428
-59.9593339334
-60.8615993367
-61.7075719341
-62.4915697614
-63.2122494657
-63.8709156395
-64.4704181558
-65.0144390603
-65.5070369677
-65.9523611466
-66.354476949
-66.7172638655
-66.0446612818
-65.7729443556
-65.7508160547
-65.1754748353
-64.9910876091
-65.0474190198
-65.2463038988
-65.524091363
-65.839960796
-66.1681504293
-66.4927925283
-66.8044847035
-67.0980171851
-67.3708694346
-66.6337794897
-59.3037350097
-55.2622504881
0
-70.0
-70.0
-70.0
-70.0
-65.0
-62.1666666667
-60.7277777778
-60.1735185185
-60.1685123457
-60.4932248971
-61.0049449314
-61.6118121209
-63.2295264024
-64.4258374246
-58.4103565966
-55.1873895467
0
-70.0
-70.0
-70.0
-70.0
-69.5903063557
-69.358146624
-69.2402458975
-70.0
-70.0
-70.0
-70.0
-69.1735524525
-68.7052321755
-68.4673989368
-67.672081992
-68.2334706498
-68.6291881561
-68.912312388
-62.1198465813
-58.3070388779
-56.4091196266
0
-70.0
-70.0
-70.0
-70.0
-68.6453058759
-67.8776458723
-68.4826567766
-61.3010577656
-57.2820631001
-55.2945975309
-54.5922982716
0
-70.0
-70.0
-70.0
-70.0
-68.2386831276
-67.2406035665
-66.733735711
-60.1530309404
-56.53284038
-54.8096313645
-55.243033134
-55.9949730913
-56.9129712959
-56.9034299962
-57.3342575499
-58.0149454971
0
-70.0
-70.0
-70.0
-70.0
-65.9004499088
-63.5773715238
-62.3976121087
-62.939743902
-62.697895712
-62.7961902743
-63.0952940026
-64.3073822419
-64.421919975
-64.6765786157
-65.7105248832
-66.4738751477
-67.0494228014
-68.1968076707
-68.9453450032
-69.4296225693
-69.7392016899
-62.9368000903
-59.0907991274
-57.1468385788
-56.4089009637
-56.4191750292
-56.8780336342
-57.590747676
-58.4320178453
-59.322379352
-60.2125169442
-61.0728489348
-61.8866198313
-62.6453283749
-63.3457092218
-63.9877474226
-64.5733787623
-58.1163020126
-54.638179229
0
-70.0
-70.0
-70.0
-70.0
-69.3927930925
-69.0487091782
-68.8739685237
-69.8066532985
-70.0
-70.0
-70.0
-63.2847352764
-58.4871259462
-55.9923228166
0
-70.0
-70.0
-70.0
-70.0
-68.5703173071
-66.7991822234
-65.8431950991
-65.4081629879
-58.5733340511
-54.8533255539
0
-70.0
-70.0
-70.0
-70.0
-67.9507509411
-67.789420703
-67.7663085367
-61.2365912632
-54.4092284332
0
-70.0
-70.0
-70.0
-70.0
-68.967027384
-69.3643347051
-62.0945679012
-57.6628888889
-55.4151185185
-55.3550881481
-55.8072336543
0
-70.0
-70.0
-70.0
-70.0
-69.110704669
-69.5677522058
-68.8679500076
-68.4858036885
-61.4890751715
-57.5747355556
-55.6403072675
-54.9583067191
0
-70.0
-70.0
-70.0
-70.0
-65.5193031776
-62.9802416449
-61.6907966704
-55.5768191795
0
-70.0
-70.0
-70.0
-70.0
-69.390297036
-62.454492334
-58.5445264351
-57.5788735757
-57.4135194075
-57.7338562597
-58.334929829
0
-70.0
-70.0
-70.0
-70.0
-69.1041992775
-62.2111193344
-58.3349007241
-56.3980062005
-55.6892692796
-55.7410514844
-56.2474190912
0
-70.0
-70.0
-70.0
-70.0
-69.8806584362
-69.8130315501
-69.7786877
-69.7654584667
-69.7653389778
-69.7730893185
-69.7853032124
-69.7997881082
-69.8151527755
-69.83053315
-69.8454102697
-69.8594895325
-69.8726207725
-69.8847454907
-69.8958621386
-68.9064544824
-68.3492614059
-68.0699701798
-67.9667297715
-67.9725612008
-68.0436413517
-68.1515013972
-68.2778340445
-68.4110391648
-68.5439275982
-67.6895379348
-67.253919539
-68.0840669159
-68.6460197782
-69.0283241696
-69.2900959988
-69.470822563
-70.0
-70.0
-70.0
-70.0
-70.0
-70.0
-70.0
-70.0
-70.0
-70.0
-63.0163265707
-60.0473506075
-58.5977200093
-58.1080176501
-58.2105956462
-58.665122589
-59.3156680017
-59.0621990525
-59.2747110479
-59.7597278768
-60.3920803783
-61.0917558666
-60.9401898735
-61.1512439485
-61.017279373
-61.2363246486
-61.6598743257
-62.1920083211
-62.7715551076
-55.4950762363
0
-70.0
-70.0
-70.0
-70.0
-68.8257887517
-68.9628715135
-69.0796921201
-69.1804614134
-69.2682409423
-69.3453006282
-68.4210670987
-67.9191580778
-67.6873740626
-60.6613588024
-56.7570376862
-54.8558770935
0
-70.0
-70.0
-70.0
-70.0
-66.9274483648
-65.1863357715
-64.3021236898
-63.2578219474
-62.5226468371
-62.3307868763
-62.4713113373
-56.9278839072
-54.0375646523
0
-70.0
-70.0
-70.0
-70.0
-65.0955647005
-61.5139155617
-60.6217832647
-54.7818271605
0
-70.0
-70.0
-70.0
-70.0
-63.4054260021
-57.3351674033
-54.1151733306
0
-70.0
-70.0
-70.0
-70.0
-69.6061254468
-69.3829298667
-69.269581523
-69.2259197994
-68.2258261673
-67.6849091157
-67.4375285809
-60.3984943858
-56.4951240558
-54.6032643893
0
-70.0
-70.0
-70.0
-70.0
-66.5926321947
-65.661764037
-65.2478510078
-59.0797188562
-55.7428489368
-54.2159653539
0
-70.0
-70.0
-70.0
-70.0
-65.3472493759
-62.7106906888
-61.3717324537
-60.8559664308
-60.851307936
-61.1534692413
-61.6296503831
-62.1943707221
-55.9754766322
0
-70.0
-70.0
-70.0
-70.0
-66.8889365581
-60.2000746818
-54.1800883999
0
-70.0
-70.0
-70.0
-70.0
-69.0521262003
-68.5149977138
-68.9459244018
-68.5359125641
-68.3387083761
-68.2757622507
-68.2954691672
-68.3641110114
-68.459825751
-68.5685937363
-68.6815680696
-68.7933004006
-69.8832215893
-70.0
-70.0
-69.2948928959
-68.8953322036
-68.692418048
-69.5264641246
-70.0
-70.0
-70.0
-70.0
-70.0
-70.0
-62.4444444444
-55.8296296296
0
-70.0
-70.0
-70.0
-70.0
-62.8284814307
-56.4312875747
0
-70.0
-70.0
-70.0
-70.0
-69.6057229307
-69.3822992581
-69.2688350792
-69.2251287359
-62.4978630683
-58.7115748987
-56.8160828337
-56.1182515003
-55.1627287432
-55.0839907975
-55.5339483368
-56.2861245825
-57.1945595105
-58.1664684836
-60.1406394307
-60.7123150147
-61.3649098646
-62.0443031124
-62.7171289573
-63.3635868323
-64.8848838344
-65.9681659079
-66.7525296217
-67.3313968625
-67.767670645
-68.103845893
-67.3803171986
-67.033522742
-67.885310201
-68.4668723364
-68.0644447373
-68.5912103903
-68.9542294357
-69.2068998818
-69.38493882
-69.5122642223
-69.604917323
-69.6736786059
-69.7258127555
-69.76623282
-68.815618628
-69.267387962
-69.5628699636
-62.0510274117
-57.8088876335
-55.6699741788
-55.7326063905
-56.2457655046
-57.0121354562
-57.9048862452
-57.9022348407
-59.1722155937
-60.6284635258
-54.9359875436
0
-70.0
-70.0
-70.0
-70.0
-68.7773205304
-68.084468831
-67.7326088503
-67.5970725669
-67.5958483779
-67.6752522519
-67.800386168
-67.9487869786
-67.1322135273
-66.7378623389
-59.6206466198
-55.9919152912
-54.2816126509
0
-70.0
-70.0
-70.0
-70.0
-63.6081390032
-59.9860844383
-58.1466488848
-57.4380992565
-57.4316995044
-58.7590115077
-59.9300983261
-60.9684138063
-61.8924559675
-62.717132732
-63.454701033
-57.1963457854
0
-70.0
-70.0
-70.0
-70.0
-68.6249318941
-67.845726634
-66.4500389916
-65.7309584398
-65.441811494
-65.4202629434
-65.559991715
-58.0044436365
0
-70.0
-70.0
-70.0
-70.0
-69.4951989026
-69.2091449474
-69.0638744094
-68.0339285678
-67.4814967773
-68.2079755155
-61.7575483343
-58.1620404144
-56.3993343154
-56.5975353146
-57.1632047369
0
-70.0
-70.0
-70.0
-70.0
-67.9259259259
-66.750617284
-66.153744856
-65.923829904
-65.9217532693
-66.0564488462
-66.2687178975
-66.5204553983
-67.7797753722
-67.6145130753
-67.5948719279
-60.687236587
0
-70.0
-70.0
-70.0
-70.0
-65.9149011838
-63.6000118546
-62.4244111952
-55.893381126
0
-70.0
-70.0
-70.0
-70.0
-66.8635532335
-65.0862333991
-63.1951947385
-62.2873983842
-61.9998072921
-62.0939257271
-62.4139325972
-63.8587660306
-64.9303738896
-65.742326142
-66.3714199554
-65.8958412064
-65.7472992502
-65.7999307681
-66.9129843231
-66.8812478429
-66.96616436
-59.5658442203
-55.4734573291
0
-70.0
-70.0
-70.0
-70.0
-70.0
-69.7268709038
-69.5720977493
-69.493497265
-69.4632203989
-69.4629469326
-69.4806846217
-62.5326161596
-58.6126878769
0
-70.0
-70.0
-70.0
-70.0
-69.0781893004
-68.555829904
-68.2905532693
-68.1883688462
-69.1823076664
-69.8059273696
-70.0
-70.0
-70.0
-70.0
-70.0
-69.9893429281
-69.9833039207
-69.9802370523
-62.982213347
-59.0173253457
-57.0044817
-56.2299594559
-56.2242474609
-56.6800120153
-57.3974703473
-58.2480296683
-60.1385365854
-61.6015561828
-62.7593160684
-57.4799589742
-54.7296794185
-54.1440779267
-54.3212477674
-54.9501747463
-54.8296428683
-55.2630023126
-56.0142512355
-56.9311922146
-57.9169837283
-58.9112258456
-60.8513846262
-62.6537670737
-63.9800709731
-64.9765176136
-65.7418350108
-66.3429642821
-66.8255430355
-67.2209055197
-67.5507594928
-67.830313227
-68.0703683599
-68.2787224943
-68.4611108918
-67.6222913269
-67.1982565438
-67.0372271224
-68.0370849073
-68.7024300813
-68.2765767591
-61.0785487128
-57.0571135946
-55.0756820705
-54.3843004204
-54.4899947497
-55.0704115222
-55.916314535
-56.8933125248
-57.9164009013
-58.9330405637
-59.9119230091
-59.843229056
-59.8072383822
-60.1254026986
-60.0898989762
-60.0656001102
-60.3821674537
-60.3371467224
-60.6322293928
-61.1215380154
-61.7110719217
-62.3410898681
-62.9743976404
-64.5885426476
-65.7374115637
-66.5688191946
-60.1822212765
-56.6775218165
-55.0187847466
-54.5229163464
0
-70.0
-70.0
-70.0
-70.0
-69.0852200076
-68.5668446785
-68.3035913251
-61.4753153651
-56.6626396008
-54.2196128221
0
-70.0
-70.0
-70.0
-70.0
-64.3334224381
-61.1223618197
-54.5657207954
0
-70.0
-70.0
-70.0
-70.0
-68.578268985
-67.7726214099
-67.3634788178
-67.205877302
-67.2044538157
-67.2967845968
-67.4422902455
-67.6148506266
-67.7978918344
-67.9811201645
-68.1583531571
-68.3260811808
-68.482515289
-68.6269585776
-67.7595262553
-67.3137493202
-67.1358248484
-67.1245426704
-67.2136219412
-67.3599487723
-67.5357465786
-60.723644258
-54.6122613903
0
-70.0
-70.0
-70.0
-70.0
-68.5829903978
-67.7800182899
-67.3722344155
-67.215156277
-60.3351282274
-56.5292737901
-54.6947853347
0
-70.0
-70.0
-70.0
-70.0
-70.0
-70.0
-69.323053735
-62.0203779912
-57.9047599451
-55.838563786
-55.0708939643
-55.1079289392
-54.714343788
-54.987714571
-55.6521465551
-56.5290675271
-57.5042511927
-58.5058863523
-59.4900045696
-60.4308086811
-61.3142641919
-63.1328470661
-64.4529018884
-65.4298380522
-59.1754431966
-55.7836248434
-54.094151248
0
-70.0
-70.0
-70.0
-70.0
-68.6172839506
-67.833744856
-67.435829904
-67.2825532693
-60.5542979424
-56.8322014815
-55.0378702222
-54.4600091259
-54.631292164
0
-70.0
-70.0
-70.0
-70.0
-65.0205761317
-62.1989026063
-60.7659350709
-60.2139567139
-60.2089711426
-60.5323474284
-61.0419616189
-61.6463314126
-62.2874089084
-56.050532485
0
-70.0
-70.0
-70.0
-70.0
-69.384745303
-69.0361009748
-62.1321734415
-59.251988702
-57.8821449016
-57.4641671246
0
-70.0
-70.0
-70.0
-70.0
-69.1171960088
-68.6169404137
-61.7725826872
-57.940215295
-56.0427876832
-54.3695730719
0
-70.0
-70.0
-70.0
-70.0
-69.7305735337
-68.6364261996
-68.0253902591
-67.7245890195
-67.6199553085
-67.6365099049
-67.7252256659
-67.8542809336
-68.0032380632
-68.1591710721
-68.3140918417
-68.4632412421
-68.6039561743
-68.7349199278
-68.8556675156
-62.9666752767
-59.6677240907
-58.0327625762
-58.1543972852
-58.6222315345
-59.2821910329
-60.0354270309
-60.819521062
-61.5959934452
-63.2542189318
-63.4740729959
-56.904443474
0
-70.0
-70.0
-70.0
-70.0
-62.9804907788
-59.0027688869
-56.9827101221
-56.2045845258
-56.1975563506
-56.6534209004
-57.3718256003
-58.2238075668
-59.1275364946
-61.0311743421
-62.472317906
-63.5879267807
-63.4714789725
-64.421696791
-65.1777709224
-65.7921563705
-66.3010490937
-66.7296830911
-67.9641868104
-68.7727494816
-69.298795435
-69.6377964925
-69.8532705773
-69.9874460089
-70.0
-70.0
-70.0
-70.0
-69.0172593922
-61.4604278062
-57.2109812611
-55.0876139587
-54.3106731119
0
-70.0
-70.0
-70.0
-70.0
-69.6865274217
-70.0
-70.0
-70.0
-70.0
-70.0
-70.0
-70.0
-70.0
-70.0
-70.0
-70.0
-69.0246088945
-68.471887268
-68.1911913832
-68.0830674728
-68.0820908776
-68.1454352245
-67.3330521537
-67.9329981339
-61.3619205427
-57.7072099699
-55.9241432939
0
-70.0
-70.0
-70.0
-70.0
-68.6597571508
-61.5148266694
-57.5107074915
-55.5245457351
-54.8153638234
-54.8960092156
-55.4478628104
-56.2640462069
-57.2116213713
-58.2064457575
-59.196458864
0
-70.0
-70.0
-70.0
-70.0
-67.6173235527
-66.2671402326
-59.1959993659
-55.3134482003
0
-70.0
-70.0
-70.0
-70.0
-68.7229588985
-68.9115107792
-69.0609248816
-69.181875847
-69.2817172313
-68.3689903083
-67.8757211442
-60.7314960805
-56.753911173
-54.8088965227
0
-70.0
-70.0
-70.0
-70.0
-70.0
-70.0
-70.0
-63.2911580652
-59.4894809688
-57.5588253454
0
-70.0
-70.0
-70.0
-70.0
-63.4442439587
-59.7293155353
-57.84271463
0
-70.0
-70.0
-70.0
-70.0
-68.3703703704
-68.3152263374
-68.3382990398
-61.8172263374
-58.1773418381
0
-70.0
-70.0
-70.0
-70.0
-65.0864197531
-62.3020576132
-60.8880384088
-60.4165185185
-60.4530559671
-60.2376543484
-60.4338248989
-60.8703997326
-61.4366646418
-62.0618680992
-61.8332818131
-61.6350206477
-61.4615632602
-61.6421033857
-62.0290240148
-55.8261216133
0
-70.0
-70.0
-70.0
-70.0
-67.9259259259
-66.750617284
-66.153744856
-66.8978176091
-67.4476673407
-67.8626549349
-68.8865960307
-69.5380741538
-63.0252856955
-58.3523867556
-55.9369011664
-54.4008242185
0
-70.0
-70.0
-70.0
-70.0
-64.3448943533
-61.1403344868
-54.5869948248
0
-70.0
-70.0
-70.0
-70.0
-67.7288461547
-66.4418589757
-65.7882713691
-65.5365097595
-65.5342358018
-64.7077425286
-64.3882551471
-64.38362088
-64.568052957
-64.8597771047
-65.2061523565
-66.5737672139
-67.5085438879
-68.1524584293
-68.6003918732
-68.9158055438
-69.1411935613
-69.3050532532
-69.4265339598
-68.5219634059
-61.0291126935
-56.8324318429
-54.7533422712
-54.0141104524
-54.1034343461
-54.6869142041
-55.5474383121
-56.5455048331
0
-70.0
-70.0
-70.0
-70.0
-69.6138584632
-69.3950449257
-69.2839219724
-69.2411174679
-69.2407308497
-69.2658078504
-69.3053271225
-69.3521944483
-69.4019083622
-69.4516730985
-69.4998095036
-69.5453643632
-69.5878518003
-69.6270825358
-68.6630632932
-68.1292163045
-67.8712675679
-67.7874560736
-67.8109206413
-67.8979686938
-68.0202652355
-61.1599115343
-57.3383689291
0
-70.0
-70.0
-70.0
-70.0
-69.6131687243
-69.3939643347
-69.2826428898
-69.2397619265
-69.2393746177
-69.2644964118
-69.3040862745
-62.4049887428
-58.5186972656
-56.5696324705
-55.847872511
-55.8865541183
-56.3802112788
-57.1303985324
-58.0094976002
-58.9366404542
-58.8619053039
0
-70.0
-70.0
-70.0
-70.0
-68.4116117385
-67.511525057
-67.0544222129
-66.8783464327
-66.8767560834
-66.9799100044
-67.1424720236
-67.3352601676
-67.5397577151
-67.7444643197
-67.9424728052
-68.1298621363
-68.3046336638
-61.4707452678
-57.6547207214
-55.7766153028
-55.1238648748
-55.2280857889
-54.7834665707
-55.0239128208
-55.6673834768
0
-70.0
-70.0
-70.0
-70.0
-69.3354671544
-68.9588985419
-68.7676607563
-68.6939960598
-68.6933307065
-67.7416253688
-67.2458813205
-67.0402388475
-67.0155120688
-67.1001589326
-66.3792956626
-66.0674678452
-66.0114555599
-66.1107996701
-67.2990311879
-61.104107493
-58.2392385818
-56.9123426157
-56.5524602822
-56.784782206
-57.3646826201
0
-70.0
-70.0
-70.0
-70.0
-67.5925925926
-66.2283950617
-65.5355967078
-65.2687311385
-65.266320759
-65.4226638394
-66.6105198961
-67.4362162003
-67.0561118851
-66.9261788998
-67.7531489478
-61.3482044234
-57.7936308946
-56.7714694512
-55.6869150987
0
-70.0
-70.0
-70.0
-70.0
-69.3004115226
-68.9039780521
-62.112345679
-58.3002880658
-56.4030438957
-55.7179292638
-56.7244018458
-58.1041386667
-59.3285094704
-60.9744038592
-62.2627936971
-57.0313760963
-54.3248129993
0
-70.0
-70.0
-70.0
-70.0
-66.8888888889
-65.1259259259
-63.6750617284
-63.0153744856
-62.8523829904
-62.9928419936
-63.3106893291
-62.8560619955
-62.8214168622
-63.0399158868
-63.4030181053
-63.8407788329
-64.3087426417
-57.7952151135
-54.2939247594
0
-70.0
-70.0
-70.0
-70.0
-68.6296296296
-67.8530864198
-67.4587242798
-67.3068161866
-67.3054441244
-67.3944394162
-67.5346886108
-66.7183567038
-66.3379456695
-66.2317675265
-66.2936683899
-66.4543532949
-66.6689524614
-66.9087468793
-67.1556653007
-67.3986275102
-67.6311172522
-67.8495738557
-68.0523286892
-61.2398395667
-58.4440507123
-57.1517757092
-56.8046848504
-57.0362741734
-57.6073519615
-58.3630869022
-59.20442497
0
-70.0
-70.0
-70.0
-70.0
-69.0616887929
-63.1554935122
-58.839944161
-56.2892830782
0
-70.0
-70.0
-70.0
-70.0
-69.1879286694
-68.7277549154
-61.9037524768
-59.0206982675
-57.6568424664
-56.2615285902
-55.8822893114
0
-70.0
-70.0
-70.0
-70.0
-68.9135802469
-62.824691358
-59.4105349794
0
-70.0
-70.0
-70.0
-70.0
-69.3629245768
-69.0019151703
-69.6868917779
-70.0
-70.0
-70.0
-70.0
-70.0
-70.0
-70.0
-70.0
-69.015355223
-61.4644945639
-57.2184950164
-54.3932417503
0
-70.0
-70.0
-70.0
-70.0
-65.2462184776
-62.5524089483
-61.1843762657
-60.6574107807
-60.6526511303
-60.9613736357
-61.4478946844
-63.0248378887
-64.203509215
-65.1039283703
-66.5110859548
-67.4716776404
-68.1323100637
-69.2946495526
-70.0
-70.0
-70.0
-70.0
-70.0
-70.0
-70.0
-70.0
-70.0
-70.0
-70.0
-70.0
-70.0
-70.0
-70.0
-70.0
-63.0877910374
-59.1708726252
-58.1426740481
-58.2543324335
-58.712849717
-59.3641984299
-60.8132380803
-61.9888872679
-63.5168694271
-64.649763075
-65.5078404946
-66.1724255965
-66.6987624711
-67.9929186041
-69.1696483304
-69.9033645551
-70.0
-70.0
-70.0
-70.0
-69.9978948994
-62.9981054094
-59.0316282018
-57.0173542705
-56.2415447694
-56.2346742431
-56.6893961192
-58.3473883774
-60.0639374531
-61.4250689834
-62.5275789355
-56.5595563183
0
-70.0
-70.0
-70.0
-70.0
-68.967027384
-69.3643347051
-69.6239079409
-69.7921882843
-69.9000835476
-63.0490783935
-59.170172688
-58.1160320132
-57.8796798746
-58.1418792622
-58.6944695861
-59.4028747942
-60.1811554259
-60.9754186241
-54.9348819863
0
-70.0
-70.0
-70.0
-70.0
-62.3384715644
-57.9969387843
-55.7921211567
-54.9428265416
-55.9341405952
-56.9977910076
0
-70.0
-70.0
-70.0
-70.0
-69.1290096172
-68.6354484004
-68.3847967235
-68.2882458267
-61.4694598251
-58.6548322167
-57.3442279111
-56.9797243974
0
-70.0
-70.0
-70.0
-70.0
-65.9999603979
-63.73327129
-62.5821487823
-56.5214530343
0
-70.0
-70.0
-70.0
-70.0
-70.0
-70.0
-70.0
-70.0
-63.1975306607
-59.3427980351
-57.3851985253
-56.6311322018
-57.5853028921
-58.5716285431
-59.544369649
-60.4765353242
-54.6264126481
0
-70.0
-70.0
-70.0
-70.0
-69.4028010628
-62.474081976
-58.5677144581
-55.6049701322
-54.3071578657
-54.0515652435
-55.4283017233
-56.740066887
-57.9691237557
-58.1953785803
-58.7246188557
-59.418009059
0
-70.0
-70.0
-70.0
-70.0
-69.050731878
-69.505105929
-69.7942268286
-69.974558474
-63.2656915763
-59.4648483851
0
-70.0
-70.0
-70.0
-70.0
-69.0950797373
-68.5822915885
-68.3218756462
-69.2164253283
-69.7792742932
-70.0
-70.0
-70.0
-70.0
-70.0
-70.0
-70.0
-70.0
-69.1269507664
-61.6353805183
-57.4192590188
-55.3089441518
-54.5324570933
0
-70.0
-70.0
-70.0
-70.0
-65.3182754617
-62.6652982233
-61.3180019395
-60.7990241046
-60.7943366001
-61.0983795441
-61.5775259924
-62.1457629949
-62.7485130966
-63.3518793877
-63.9355031828
-64.4878273538
-58.0389285622
-54.5682916685
0
-70.0
-70.0
-70.0
-70.0
-68.6337458861
-67.8595352216
-67.4663576488
-60.5880349463
-56.7747734933
-54.9276575051
0
-70.0
-70.0
-70.0
-70.0
-67.9207877067
-66.7425674072
-60.0660270135
-54.0579018769
0
-70.0
-70.0
-70.0
-70.0
-69.0780556435
-68.5556205082
-61.6999990543
-57.8632928802
-55.9658260797
0
-70.0
-70.0
-70.0
-70.0
-69.2839482995
-68.8781856692
-68.672121902
-68.592746245
-68.5920293093
-68.6385315042
-68.7118151043
-61.8796519006
-58.0510322483
-56.152159382
-54.4744303896
0
-70.0
-70.0
-70.0
-70.0
-67.8010973937
-66.5550525834
-65.9222572779
-64.7045171468
-64.1503891632
-64.012899401
-64.1299755636
-64.3958887424
-56.9953183105
0
-70.0
-70.0
-70.0
-70.0
-66.6666666667
-64.7777777778
-64.6209876543
-64.7062139918
-64.9338093278
-58.6489331962
-55.2563764106
0
-70.0
-70.0
-70.0
-70.0
-67.9679588139
-66.8164688084
-66.2316925115
-66.006436983
-67.0009769457
-67.6976683585
-68.1924275942
-68.5495355492
-67.838161432
-67.4833982474
-67.3544270616
-67.3652301148
-67.4595376096
-68.5747918912
-69.2914513972
-69.7450653875
-62.0668551451
-57.7243671614
-55.5280621325
-55.6048855489
-56.1308167471
-56.9086815744
-57.8117777517
0
-70.0
-70.0
-70.0
-70.0
-67.9442308742
-66.7792950362
-66.1876903655
-65.959804551
-65.9577462439
-65.0922680107
-64.7365721371
-65.6970797695
-66.4168150233
-66.9680956748
-67.3999275433
-66.8334872414
-66.5991734856
-66.5719461159
-66.6698781569
-66.8396414429
-67.0468446998
-67.2696051639
-66.552802267
-66.23762712
-65.6183789056
-65.3928840134
-64.8556020554
-64.7047128121
-64.7906888391
-65.0159181606
-65.3171918148
-65.6540496136
-67.0008288199
-60.9088849411
-57.5567557825
-54.9862653894
0
-70.0
-70.0
-70.0
-70.0
-66.8271096886
-65.0291385121
-64.1160511891
-63.7643304224
-63.7611536149
-62.9787700966
-62.7433809823
-62.8440348144
-63.1429592865
-63.5508819935
-57.0645576443
0
-70.0
-70.0
-70.0
-70.0
-70.0
-70.0
-70.0
-70.0
-70.0
-70.0
-70.0
-69.4084768268
-68.7399470287
-68.0474975822
-68.5654240854
-68.9239991845
-69.1750109378
-69.3531176252
-69.4815443835
-69.5758822923
-69.6466222945
-68.739863995
-68.2378135488
-67.9953228295
-67.9166509702
-68.9273318024
-69.5694959083
-69.9691445082
-70.0
-70.0
-70.0
-70.0
-70.0
-70.0
-63.0208740638
-59.0660360333
-57.0575986805
-57.2762422995
0
-70.0
-70.0
-70.0
-70.0
-68.0384087791
-66.9268404207
-66.3623380582
-66.1448920388
-66.1429280259
-66.2703186839
-66.4710757893
-66.7091608595
-65.9877188346
-65.6885963251
-66.6513138364
-67.3405672153
-67.8427670021
-61.9268030591
-56.3129979247
0
-70.0
-70.0
-70.0
-70.0
-66.1851851852
-64.0234567901
-62.9256378601
-62.5027585734
-62.4989390489
-62.7466826993
-64.111093838
-65.1260373933
-59.0188596561
-55.7205910252
0
-70.0
-70.0
-70.0
-70.0
-66.9126175255
-65.16310079
-65.2630597023
-65.4809330597
-59.3768331052
-56.0684786956
-54.5478500934
-54.1505445956
-54.4404764771
-55.13308639
-55.044255727
-55.4894821382
-56.2403019137
-57.1494503818
-59.1155837701
-60.6580776773
-62.450526988
-64.1109790081
-65.3035509199
-66.1756423697
-66.8263758272
-67.3226033741
-67.7095864565
-68.9303319288
-62.7005399152
-56.8726467099
0
-70.0
-70.0
-70.0
-70.0
-69.1632373114
-68.6890717878
-68.4482700808
-68.3555133872
-68.3546755915
-68.409017061
-69.455636265
-70.0
-69.4204660327
-69.0920634512
-68.925286454
-68.8610440405
-68.8604637911
-61.9012578326
-58.9566738875
-57.5580343908
-57.1335828798
-57.3077925439
-57.8353919242
-58.5574384882
-60.2842936485
-54.9173927192
0
-70.0
-70.0
-70.0
-70.0
-68.9995427526
-68.4326169791
-68.1447076157
-61.2158911413
-57.3514048852
-54.5128606322
0
-70.0
-70.0
-70.0
-70.0
-68.7275475433
-68.0064911512
-68.6400068822
-69.0654494248
-69.3518666361
-69.5453214084
-70.0
-70.0
-70.0
-70.0
-63.4271029145
-59.7024612328
-58.6133966517
-58.3395113481
-58.5638631209
-59.0796787473
-59.7531788315
-60.4988395877
-61.2629413885
-61.013088849
-61.1627410303
-62.5210953432
-56.6393561793
0
-70.0
-70.0
-70.0
-70.0
-62.7777777778
-56.3518518519
0
-70.0
-70.0
-70.0
-70.0
-66.8758827415
-65.1055496283
-64.2064981061
-57.7819946222
0
-70.0
-70.0
-70.0
-70.0
-65.8895655284
-59.6339423089
-56.2261036335
-54.6405303072
-54.2011686345
-54.4641793431
-55.1398464568
-56.0405851765
-57.0463422357
-57.1075973583
-57.5740971865
-58.2681938439
-59.0757120436
-59.1218967595
-59.5122110303
-60.0959925585
-60.7763950568
-61.4920900539
-61.3367912931
-61.5323856602
-61.9319960918
-62.4406958144
-62.9978924541
-64.5654803656
-65.687183767
-66.503966349
-67.8142740568
-68.673316213
-62.2330875063
-56.294514032
0
-70.0
-70.0
-70.0
-70.0
-67.4444444444
-65.9962962963
-65.2608641975
-64.9775761317
-59.3920270233
-56.3942966575
-55.0491818828
-54.7404736219
-55.0638995446
-55.7558251134
-56.6457862842
-57.6249034439
-58.6248769583
-59.6040318349
-60.5380570331
-54.4947973905
0
-70.0
-70.0
-70.0
-70.0
-63.131598138
-60.1517122544
-58.6920569823
0
-70.0
-70.0
-70.0
-70.0
-66.9474130756
-65.2176138185
-64.3391471369
-64.9834206935
-59.151744604
-56.0143474636
-54.5980975972
0
-70.0
-70.0
-70.0
-70.0
-68.3469999492
-68.3929583905
-68.4741015089
-67.6614421582
-67.2517984758
-67.0976189839
-66.3981536189
-66.0985359459
-66.048814144
-65.4469835543
-65.2376524153
-65.2707986514
-65.448326438
-58.7136702767
-55.0490875706
0
-70.0
-70.0
-70.0
-70.0
-67.9510683769
-66.7900071239
-66.2003701346
