-70.0
-70.0
-70.0
-70.0
-69.0
-68.4333333333
-68.1455555556
-68.54625
-70.0
-70.0
-70.0
-70.0
-70.0
-70.0
-70.0
-70.0
-70.0
-70.0
-69.8327779302
-70.0
-70.0
-70.0
-70.0
-70.0
-70.0
-70.0
-70.0
-70.0
-70.0
-70.0
-70.0
-70.0
-69.8062596537
-62.9033043141
-58.545657189
-62.7094956245
-70.0
-70.0
-70.0
-70.0
-70.0
-70.0
-70.0
-69.7429548772
-69.5972959743
-69.5233241
-69.4948301722
-68.6921036739
-68.4573143191
-70.0
-70.0
-70.0
-70.0
-70.0
-70.0
-66.6789123085
-62.4636292834
-57.8523384921
-54.5020470876
0
-70.0
-70.0
-70.0
-70.0
-70.0
-70.0
-70.0
-70.0
-70.0
-70.0
-70.0
-70.0
-65.3479598257
-62.7118037269
-61.3730499434
-60.8573626752
-55.2354209411
-55.4451837501
-66.9904397015
-70.0
-70.0
-70.0
-70.0
-70.0
-70.0
-70.0
-70.0
-69.9230992235
-69.8795221169
-69.8573917823
-69.8488671888
-70.0
-70.0
-70.0
-70.0
-70.0
-70.0
-70.0
-70.0
-70.0
-70.0
-70.0
-70.0
-70.0
-64.0997303535
-61.9358287731
-66.6372692832
-70.0
-70.0
-70.0
-70.0
-70.0
-70.0
-64.8146802379
-61.8763323728
-60.3841125746
-60.7977492566
-61.3526729572
-63.2104129686
-70.0
-70.0
-70.0
-70.0
-70.0
-70.0
-70.0
-70.0
-70.0
-70.0
-70.0
-70.0
-70.0
-70.0
-70.0
-70.0
-70.0
-70.0
-70.0
-70.0
-70.0
-70.0
-70.0
-70.0
-70.0
-70.0
-70.0
-67.3213674461
-70.0
-70.0
-70.0
-70.0
-70.0
-70.0
-70.0
-70.0
-70.0
-70.0
-70.0
-70.0
-70.0
-70.0
-70.0
-70.0
-70.0
-70.0
-70.0
-70.0
-70.0
-70.0
-70.0
-70.0
-70.0
-69.7016437004
-69.7313251306
-70.0
-70.0
-70.0
-70.0
-70.0
-70.0
-67.2159031983
-65.638248344
-64.8370471533
-60.514707446
-58.2374800401
-57.2632275952
-57.1032352084
-57.4371319361
-58.2482322414
-60.8175612571
-70.0
-70.0
-70.0
-70.0
-70.0
-70.0
-70.0
-70.0
-69.9120275488
-69.8621764931
-69.8368599766
-69.8271080675
-69.8270199864
-70.0
-70.0
-70.0
-70.0
-70.0
-70.0
-70.0
-70.0
-70.0
-70.0
-70.0
-70.0
-70.0
-70.0
-70.0
-70.0
-70.0
-70.0
-70.0
-70.0
-70.0
-70.0
-70.0
-70.0
-69.55400258
-69.3012707086
-69.5987462143
-70.0
-70.0
-70.0
-70.0
-70.0
-70.0
-70.0
-70.0
-70.0
-69.937838202
-69.9026131832
-69.8847243991
-70.0
-70.0
-70.0
-70.0
-70.0
-70.0
-70.0
-70.0
-70.0
-70.0
-70.0
-63.8672331199
-60.3919985546
-58.6271245302
-57.9472959645
-61.194143915
-70.0
-70.0
-70.0
-70.0
-70.0
-70.0
-70.0
-70.0
-70.0
-70.0
-70.0
-70.0
-70.0
-70.0
-70.0
-70.0
-70.0
-70.0
-70.0
-70.0
-70.0
-70.0
-70.0
-70.0
-70.0
-70.0
-70.0
-70.0
-70.0
-70.0
-70.0
-70.0
-70.0
-70.0
-70.0
-70.0
-70.0
-70.0
-70.0
-70.0
-70.0
-70.0
-70.0
-70.0
-70.0
-70.0
-70.0
-70.0
-70.0
-70.0
-70.0
-70.0
-70.0
-70.0
-70.0
-70.0
-70.0
-70.0
-70.0
-70.0
-70.0
-70.0
-70.0
-70.0
-70.0
-69.7399685068
-69.5926173274
-70.0
-70.0
-70.0
-70.0
-70.0
-70.0
-70.0
-70.0
-70.0
-70.0
-70.0
-70.0
-70.0
-70.0
-70.0
-70.0
-70.0
-70.0
-70.0
-70.0
-70.0
-70.0
-70.0
-70.0
-70.0
-70.0
-70.0
-69.8818376863
-70.0
-70.0
-70.0
-70.0
-70.0
-70.0
-70.0
-70.0
-70.0
-70.0
-70.0
-70.0
-70.0
-70.0
-69.4759353319
-70.0
-70.0
-70.0
-70.0
-70.0
-70.0
-65.0865572454
-62.3022730178
-60.8882933806
-60.3436291523
-61.3376946843
-62.2228775141
-63.6323233007
-67.1184734442
-70.0
-70.0
-70.0
-70.0
-70.0
-70.0
-70.0
-70.0
-70.0
-70.0
-70.0
-63.315344832
-62.188127829
-66.7291219794
-70.0
-70.0
-70.0
-67.3293668731
-63.4826747679
-60.3996110258
-58.8697857464
-58.3228977205
-58.3840016476
-58.8078639489
-59.6549894776
-61.0213415806
-70.0
-70.0
-70.0
-70.0
-70.0
-70.0
-70.0
-70.0
-70.0
-70.0
-70.0
-63.3735335946
-59.6185359649
-59.3606368578
-64.9638008461
-70.0
-70.0
-70.0
-70.0
-70.0
-70.0
-70.0
-70.0
-70.0
-63.2967089218
-59.4981773108
0
-70.0
-70.0
-70.0
-70.0
-70.0
-70.0
-70.0
-70.0
-70.0
-70.0
-70.0
-70.0
-70.0
-70.0
-70.0
-70.0
-70.0
-70.0
-70.0
-70.0
-70.0
-70.0
-70.0
-70.0
-70.0
-70.0
-70.0
-70.0
-70.0
-70.0
-70.0
-70.0
-70.0
-70.0
-70.0
-70.0
-70.0
-70.0
-70.0
-70.0
-70.0
-70.0
-70.0
-70.0
-70.0
-70.0
-70.0
-70.0
-70.0
-70.0
-70.0
-69.7062458355
-69.5397851424
-69.4552492217
-68.7189823249
-68.7328966508
-70.0
-70.0
-70.0
-70.0
-68.2915363228
-67.3234069057
-66.8317490252
-65.839893527
-65.3834504438
-65.2634695791
-66.3493390062
-67.1225493623
-67.6823905972
-67.6170215181
-69.6358927816
-70.0
-70.0
-70.0
-70.0
-70.0
-70.0
-70.0
-70.0
-70.0
-70.0
-70.0
-70.0
-70.0
-63.3450339922
-62.4685361885
-70.0
-70.0
-70.0
-70.0
-70.0
-70.0
-70.0
-65.45786204
-62.8839838626
-60.5778724534
-60.4822642312
-60.7421571568
-61.2066876736
-62.4123372993
-65.7178928599
-70.0
-70.0
-70.0
-70.0
-70.0
-70.0
-70.0
-70.0
-70.0
-70.0
-70.0
-70.0
-70.0
-70.0
-70.0
-70.0
-70.0
-70.0
-70.0
-70.0
-70.0
-70.0
-70.0
-70.0
-70.0
-70.0
-70.0
-70.0
-70.0
-70.0
-70.0
-70.0
-70.0
-66.7974312792
-65.8509550946
-65.4213708807
-65.8717968785
-66.2796592479
-67.2039435836
-67.8517160655
-67.3119893243
-67.2859284606
-68.6272249037
-68.03208549
-70.0
-70.0
-70.0
-70.0
-70.0
-65.0789689981
-62.2903847636
-60.8742213975
-60.328715998
-60.3237888916
-60.6433729981
-62.7633845165
-70.0
-70.0
-70.0
-70.0
-70.0
-70.0
-70.0
-70.0
-70.0
-70.0
-70.0
-70.0
-70.0
-67.2957606128
-70.0
-70.0
-70.0
-70.0
-66.5118943029
-64.5353010746
-63.5315017685
-63.1448387925
-63.1413463805
-57.2896834202
-54.2023628633
0
-70.0
-70.0
-70.0
-70.0
-70.0
-70.0
-70.0
-70.0
-70.0
-70.0
-70.0
-64.5359203635
-61.4396085695
-61.2652384209
-64.9492254172
-69.547992141
-70.0
-70.0
-70.0
-69.8558340531
-69.7741400165
-69.8107533364
-70.0
-70.0
-70.0
-70.0
-70.0
-70.0
-70.0
-70.0
-70.0
-69.798725152
-69.6846694047
-69.6267469762
-69.807685283
-70.0
-70.0
-70.0
-70.0
-70.0
-70.0
-70.0
-70.0
-70.0
-70.0
-70.0
-63.4263020377
-59.7012065258
-58.0193122306
-60.0844171107
-66.1787772492
-70.0
-66.376940719
-64.3238737931
-63.2812378445
-62.8796150138
-57.258703531
-54.3108665236
0
-70.0
-70.0
-70.0
-70.0
-70.0
-70.0
-70.0
-70.0
-70.0
-70.0
-70.0
-70.0
-70.0
-70.0
-63.2718914906
-59.4592966686
-57.9259617998
-61.3184707823
-70.0
-70.0
-70.0
-70.0
-70.0
-65.2541842045
-62.5648885871
-60.2014319219
-59.1099768588
-58.8181045923
-59.0157110793
-60.3823369435
-68.3742601271
-70.0
-69.7619887242
-69.9731804827
-70.0
-70.0
-64.4382391993
-61.2865747455
-59.6860235818
-59.0694920975
-59.0639234703
-59.4251181783
-60.6175728486
-66.9129783759
-70.0
-70.0
-70.0
-70.0
-70.0
-70.0
-66.2126173178
-64.0664337978
-62.976509226
-62.556670842
-62.5528787835
-62.7988409223
-63.1864568415
-63.6461444983
-64.541820762
-70.0
-70.0
-70.0
-70.0
-70.0
-70.0
-70.0
-70.0
-70.0
-70.0
-70.0
-70.0
-70.0
-70.0
-70.0
-70.0
-70.0
-70.0
-70.0
-70.0
-70.0
-70.0
-70.0
-63.692043014
-60.1175340553
-58.3022442115
-57.6029954982
-57.8058054303
0
-70.0
-70.0
-70.0
-70.0
-70.0
-70.0
-70.0
-70.0
-70.0
-70.0
-64.0539597444
-60.6845369329
-57.9733988851
-58.9081992155
-65.2340203602
-70.0
-70.0
-70.0
-70.0
-70.0
-70.0
-70.0
-70.0
-70.0
-70.0
-70.0
-70.0
-69.4104348066
-70.0
-70.0
-70.0
-70.0
-70.0
-70.0
-64.4612841667
-61.3226785279
-59.7287591937
-59.1147822867
-59.1092367329
-59.4689348429
-59.9803398489
-65.9326082596
-70.0
-70.0
-70.0
-70.0
-65.0457856794
-59.905064231
-57.1571292209
-55.9364639075
-54.6988615508
-54.4663380851
-55.0558915681
-58.2020125646
-59.6005891834
-65.973013763
-70.0
-70.0
-70.0
-70.0
-70.0
-70.0
-70.0
-70.0
-70.0
-63.1709680036
-57.6437114769
-60.1287875514
-70.0
-70.0
-70.0
-69.6975643425
-69.5261841367
-69.4391498752
-69.4056243225
-69.4053215135
-68.4423039742
-67.9164166515
-67.6703370362
-60.8734737952
-57.0995733909
-55.2652473685
-56.9204190852
-69.7699556819
-70.0
-70.0
-70.0
-70.0
-70.0
-70.0
-69.5656813296
-68.986234083
-68.3390245989
-68.0060647552
-67.8727533571
-67.8636747397
-67.9294384113
-70.0
-70.0
-70.0
-70.0
-70.0
-70.0
-70.0
-70.0
-70.0
-70.0
-70.0
-70.0
-70.0
-70.0
-70.0
-70.0
-70.0
-70.0
-70.0
-70.0
-70.0
-70.0
-70.0
-70.0
-70.0
-70.0
-70.0
-70.0
-70.0
-70.0
-70.0
-70.0
-70.0
-70.0
-70.0
-70.0
-70.0
-70.0
-70.0
-70.0
-70.0
-70.0
-70.0
-70.0
-70.0
-70.0
-70.0
-70.0
-64.4680003126
-62.2015132469
-61.101570566
-60.7382192718
-60.8289345197
-62.6571883979
-70.0
-70.0
-70.0
-70.0
-70.0
-70.0
-70.0
-70.0
-70.0
-64.1671259013
-60.8618305787
-60.1442405902
-60.0422119108
-59.3129209763
-61.9085853512
-70.0
-70.0
-70.0
-70.0
-70.0
-70.0
-70.0
-70.0
-70.0
-70.0
-70.0
-70.0
-70.0
-70.0
-70.0
-70.0
-70.0
-70.0
-67.0269098524
-65.3421587688
-64.486569493
-59.2310710185
-56.4367362332
-55.2122441542
-54.9704741017
-57.8387909645
-64.515991078
-70.0
-70.0
-70.0
-70.0
-70.0
-70.0
-69.8418302513
-69.752200727
-69.7066829882
-69.6891495786
-69.6889912136
-70.0
-70.0
-70.0
-70.0
-70.0
-70.0
-70.0
-70.0
-64.0297997869
-58.3133529995
-56.2730398264
-55.5064172616
-55.5295631474
-56.4359126896
-64.3353278181
-70.0
-70.0
-70.0
-70.0
-70.0
-70.0
-70.0
-70.0
-70.0
-70.0
-70.0
-70.0
-70.0
-70.0
-70.0
-70.0
-70.0
-70.0
-70.0
-70.0
-70.0
-70.0
-70.0
-70.0
-64.4913238791
-61.369740744
-56.1017260813
0
-70.0
-70.0
-70.0
-70.0
-70.0
-70.0
-70.0
-70.0
-70.0
-70.0
-70.0
-70.0
-70.0
-70.0
-70.0
-70.0
-70.0
-70.0
-70.0
-70.0
-70.0
-70.0
-70.0
-70.0
-70.0
-70.0
-70.0
-70.0
-70.0
-70.0
-70.0
-70.0
-70.0
-70.0
-70.0
-70.0
-70.0
-70.0
-69.8771040255
-70.0
-70.0
-70.0
-70.0
-70.0
-70.0
-70.0
-70.0
-70.0
-70.0
-70.0
-70.0
-70.0
-70.0
-70.0
-69.6411030501
-69.6002281118
-69.5890288785
-69.5960083758
-70.0
-70.0
-70.0
-70.0
-70.0
-70.0
-70.0
-70.0
-70.0
-70.0
-70.0
-70.0
-70.0
-70.0
-70.0
-69.7453454935
-69.6010412731
-69.5277573651
-69.4995284415
-68.1699652791
-70.0
-70.0
-70.0
-70.0
-70.0
-70.0
-70.0
-70.0
-70.0
-70.0
-62.9639408568
-58.9768406756
-58.188112451
-60.1943771332
-67.1935827544
-70.0
-70.0
-70.0
-70.0
-70.0
-70.0
-64.7264677225
-59.404799432
-56.5649718099
-55.3089095096
-54.0472588041
-55.6396817935
-59.1434451624
-66.1079212984
-70.0
-70.0
-70.0
-70.0
-70.0
-70.0
-70.0
-70.0
-70.0
-64.0533099533
-64.2716704406
-66.5734634099
-70.0
-70.0
-70.0
-70.0
-64.8960261588
-62.9922132955
-62.0835184676
-56.8762583628
-54.1893603544
0
-70.0
-70.0
-70.0
-70.0
-70.0
-70.0
-70.0
-70.0
-65.485867399
-62.9278589251
-60.8263227408
-59.8711902722
-59.6357377819
-59.1362379914
-55.2995912779
-57.6352021013
-64.0376807757
-69.334491923
-70.0
-70.0
-70.0
-70.0
-70.0
-70.0
-70.0
-69.2016488957
-69.9544370007
-70.0
-70.0
-70.0
-70.0
-70.0
-70.0
-70.0
-70.0
-70.0
-70.0
-70.0
-70.0
-70.0
-70.0
-70.0
-70.0
-70.0
-70.0
-70.0
-70.0
-70.0
-70.0
-70.0
-70.0
-70.0
-70.0
-70.0
-70.0
-70.0
-68.6314380046
-70.0
-70.0
-70.0
-70.0
-70.0
-70.0
-70.0
-63.6551072037
-61.0481069325
-60.2045531332
-61.4652170253
-61.4499903704
-64.9382366822
-68.0436362176
-70.0
-70.0
-70.0
-70.0
-70.0
-63.7628835848
-60.2285176161
-58.8430965275
-55.9477654753
-61.5707673553
-67.8633348071
-70.0
-70.0
-70.0
-70.0
-70.0
-70.0
-70.0
-70.0
-70.0
-70.0
-70.0
-70.0
-70.0
-70.0
-70.0
-70.0
-70.0
-70.0
-70.0
-70.0
-70.0
-70.0
-70.0
-70.0
-70.0
-70.0
-70.0
-70.0
-70.0
-70.0
-70.0
-70.0
-70.0
-70.0
-70.0
-70.0
-70.0
-69.2244597076
-68.7849868752
-69.7717640112
-70.0
-70.0
-70.0
-70.0
-70.0
-68.8902280464
-65.9280239394
-63.3037755404
-61.952433983
-61.4098812492
-61.3706869005
-61.6348140614
-62.0721298891
-62.5987817228
-57.2729298345
-62.6982465609
-70.0
-70.0
-70.0
-70.0
-70.0
-70.0
-70.0
-64.9765546961
-62.1299356905
-60.6842997642
-60.1274415495
-60.1224119025
-60.85111958
-65.1253478256
-70.0
-70.0
-70.0
-70.0
-70.0
-70.0
-70.0
-63.5620542606
-59.9138850083
-58.06118729
-60.3029579965
-66.9953268277
-70.0
-70.0
-70.0
-70.0
-70.0
-70.0
-70.0
-70.0
-70.0
-70.0
-70.0
-70.0
-70.0
-70.0
-70.0
-70.0
-70.0
-66.413494
-64.3811406
-63.3490238734
-62.9514530416
-63.9468471486
-64.7458553745
-65.4003984642
-70.0
-70.0
-70.0
-70.0
-70.0
-70.0
-70.0
-70.0
-70.0
-70.0
-69.7783942632
-69.652817679
-69.5890444726
-70.0
-70.0
-70.0
-69.1615247369
-68.8531017175
-67.7452962909
-67.1557698252
-66.3413060628
-65.9745842699
-65.3331761629
-65.1038920933
-66.3343919385
-67.4101096012
-70.0
-70.0
-70.0
-70.0
-70.0
-66.1728369489
-64.0041112199
-62.9027387419
-58.5352231745
-56.2968730616
-55.4106338917
-55.3652025935
-56.6440022335
-62.9136421224
-70.0
-70.0
-70.0
-70.0
-70.0
-70.0
-70.0
-70.0
-63.7147244342
-60.1530682803
-58.3443056452
-58.6398638627
-60.217482985
-66.8966393597
-70.0
-70.0
-70.0
-70.0
-70.0
-70.0
-70.0
-70.0
-70.0
-69.551149173
-70.0
-70.0
-70.0
-70.0
-70.0
-70.0
-70.0
-70.0
-70.0
-70.0
-70.0
-70.0
-70.0
-70.0
-63.1943092229
-60.8093831635
-70.0
-70.0
-70.0
-70.0
-70.0
-70.0
-70.0
-70.0
-70.0
-70.0
-63.5854705256
-59.9505704901
-54.2157225636
0
-70.0
-70.0
-70.0
-70.0
-70.0
-70.0
-70.0
-70.0
-65.5020770923
-62.9532541113
-61.6588518523
-61.1602487685
-61.1557452926
-63.4693387924
-70.0
-70.0
-70.0
-70.0
-70.0
-70.0
-70.0
-70.0
-70.0
-70.0
-70.0
-70.0
-62.7014594782
-58.9803588993
-59.769324837
-68.748053539
-70.0
-70.0
-70.0
-70.0
-70.0
-70.0
-64.2530506286
-60.0080070048
-57.7940472636
-56.8725365102
-57.7556897356
-58.6937253463
-63.9007164421
-70.0
-70.0
-70.0
-70.0
-68.7131699302
-67.983966224
-67.6136451261
-67.4709976298
-67.4697092111
-67.5532791861
-62.2943807669
-59.3958956898
-57.22019314
-58.4652784601
-65.2821228244
-70.0
-70.0
-70.0
-70.0
-64.7289208367
-59.4086426441
-56.5695209737
-55.3137306057
-55.0497986981
-55.3897795969
-56.9288562354
-65.7978846839
-70.0
-70.0
-70.0
-70.0
-68.6717174574
-68.2523573499
-68.3923293738
-68.529901609
-68.6614482298
-68.7849945946
-67.8997562509
-67.4386213696
-69.3229008489
-70.0
-70.0
-70.0
-70.0
-70.0
-70.0
-70.0
-64.738163917
-61.7564568032
-60.2667071643
-60.0306338087
-54.6040180512
0
-70.0
-70.0
-70.0
-70.0
-70.0
-70.0
-70.0
-70.0
-70.0
-70.0
-70.0
-70.0
-70.0
-70.0
-70.0
-70.0
-70.0
-70.0
-70.0
-70.0
-70.0
-70.0
-70.0
-63.3318354893
-59.5532089332
-57.6342593685
-58.0868104438
-61.2952223866
-67.7374397641
-70.0
-70.0
-70.0
-70.0
-70.0
-70.0
-70.0
-70.0
-70.0
-62.7554503401
-58.8506678608
-60.5744891348
-70.0
-70.0
-70.0
-70.0
-70.0
-70.0
-70.0
-70.0
-70.0
-70.0
-70.0
-70.0
-70.0
-70.0
-70.0
-70.0
-70.0
-70.0
-70.0
-70.0
-70.0
-70.0
-70.0
-70.0
-70.0
-70.0
-70.0
-70.0
-70.0
-70.0
-70.0
-70.0
-70.0
-70.0
-70.0
-70.0
-70.0
-70.0
-70.0
-70.0
-70.0
-70.0
-70.0
-70.0
-64.6492146293
-63.6199884208
-64.2561186997
-67.7031998857
-70.0
-70.0
-70.0
-70.0
-70.0
-70.0
-70.0
-70.0
-70.0
-70.0
-70.0
-70.0
-70.0
-67.2436605645
-65.6817348845
-64.8885216469
-64.5829763162
-65.3826857097
-66.0164218221
-66.5294494288
-67.5840962928
-70.0
-70.0
-70.0
-70.0
-70.0
-70.0
-70.0
-70.0
-70.0
-70.0
-70.0
-69.625024872
-69.4125389661
-70.0
-70.0
-70.0
-70.0
-70.0
-70.0
-70.0
-70.0
-70.0
-70.0
-70.0
-70.0
-70.0
-70.0
-70.0
-70.0
-70.0
-70.0
-70.0
-70.0
-70.0
-70.0
-70.0
-70.0
-70.0
-70.0
-65.2567363905
-62.9022203451
-57.8372144842
-55.759192707
-54.9870732172
-58.0650708657
-68.0224634564
-70.0
-70.0
-70.0
-70.0
-70.0
-70.0
-70.0
-70.0
-70.0
-70.0
-70.0
-70.0
-70.0
-70.0
-70.0
-70.0
-70.0
-70.0
-70.0
-70.0
-70.0
-63.2922176267
-57.1578076152
-54.0353994917
0
-70.0
-70.0
-70.0
-70.0
-70.0
-70.0
-70.0
-70.0
-70.0
-70.0
-70.0
-70.0
-69.6805048301
-69.4994575671
-69.8145362269
-67.7497004726
-70.0
-70.0
-70.0
-70.0
-70.0
-70.0
-70.0
-70.0
-70.0
-70.0
-70.0
-70.0
-70.0
-70.0
-70.0
-70.0
-70.0
-70.0
-70.0
-70.0
-70.0
-70.0
-70.0
-70.0
-70.0
-70.0
-70.0
-70.0
-70.0
-70.0
-70.0
-62.83720805
-58.7782926117
-56.7170002616
-55.9229915095
-56.1175033564
-62.6856649961
-70.0
-70.0
-70.0
-70.0
-70.0
-66.823365222
-65.7269758849
-65.2115764198
-65.0619508601
-65.1367771622
-65.3437803714
-65.6231896179
-67.4231468567
-70.0
-70.0
-70.0
-70.0
-70.0
-70.0
-70.0
-64.7899409561
-59.6336444158
-56.8854116778
-55.673624979
-55.4240987938
-57.201509473
-62.1669602864
-70.0
-70.0
-70.0
-70.0
-70.0
-70.0
-70.0
-70.0
-63.7075278258
-61.1395099354
-59.89404887
-60.9398595745
-67.3360209416
-70.0
-70.0
-70.0
-70.0
-70.0
-70.0
-70.0
-70.0
-70.0
-70.0
-70.0
-70.0
-70.0
-70.0
-70.0
-70.0
-70.0
-70.0
-65.8555208043
-63.5069825934
-62.3142935805
-61.8548703867
-61.8507207908
-63.1198560727
-64.1106753727
-64.9571900327
-68.8535867143
-70.0
-70.0
-70.0
-70.0
-70.0
-70.0
-70.0
-70.0
-69.3585938481
-69.4114440501
-70.0
-70.0
-70.0
-70.0
-70.0
-70.0
-70.0
-65.3152120474
-61.792186117
-59.9519643549
-59.1827658191
-59.0818211703
0
-70.0
-70.0
-70.0
-70.0
-70.0
-70.0
-70.0
-70.0
-70.0
-70.0
-70.0
-70.0
-70.0
-70.0
-70.0
-70.0
-70.0
-70.0
-70.0
-68.6901719216
-65.6146026771
-63.9154410412
-63.0987626917
-62.8387969255
-62.921524235
-63.2071098128
-63.6048908324
-64.2652214928
-66.7325982734
-70.0
-70.0
-70.0
-70.0
-70.0
-70.0
-70.0
-70.0
-70.0
-70.0
-70.0
-70.0
-70.0
-70.0
-70.0
-70.0
-68.5993369197
-68.8022023534
-68.9638482019
-69.0953741042
-69.9081475459
-64.3206840589
-58.8241831648
-56.6025135598
-55.9305301719
-62.8528523303
-70.0
-70.0
-70.0
-70.0
-67.2835614345
-65.7442462474
-64.9625155935
-64.6613933481
-64.6586735559
-64.8350858954
-65.1130971025
-65.4428005901
-67.0021340741
-70.0
-70.0
-70.0
-70.0
-70.0
-70.0
-70.0
-64.76747136
-61.8023717974
-60.2965663332
-59.7165308436
-59.7112918551
-60.0511054001
-62.5034173511
-69.2079231782
-70.0
-70.0
-70.0
-70.0
-70.0
-70.0
-70.0
-63.8360456242
-60.2553466494
-58.7650823762
-58.2454210664
-60.5978184808
-70.0
-70.0
-70.0
-70.0
-70.0
-70.0
-70.0
-70.0
-70.0
-70.0
-70.0
-70.0
-70.0
-70.0
-68.4161351465
-67.9311079542
-67.7090547069
-66.948483898
-66.593858616
-66.494621493
-66.5519251694
-67.6989595447
-68.4638815183
-68.6173857027
-70.0
-70.0
-70.0
-70.0
-70.0
-67.2382825745
-65.6733093667
-64.8785484631
-64.5724069722
-64.5696418453
-64.7489947076
-65.0316399347
-65.3668390732
-66.1213972534
-70.0
-70.0
-70.0
-70.0
-70.0
-70.0
-70.0
-70.0
-70.0
-70.0
-63.7223222079
-60.164971459
-58.3583952944
-58.0881966341
-63.3038557269
-70.0
-70.0
-70.0
-70.0
-70.0
-70.0
-70.0
-70.0
-70.0
