-70.0
-63.0
-59.0333333333
-57.0188888889
-56.2429259259
-56.235917284
-56.690514856
-57.406922904
-58.2565369693
-59.1577541762
-61.5103278574
-70.0
-70.0
-70.0
-70.0
-70.0
-70.0
-70.0
-70.0
-70.0
-70.0
-70.0
-70.0
-63.8764703767
-60.4064702568
-58.6442545096
-57.965449911
-57.9593188215
-58.356996207
-58.9837027648
-59.7269366073
-60.5153123592
-69.5026941969
-70.0
-70.0
-70.0
-70.0
-70.0
-70.0
-70.0
-70.0
-70.0
-70.0
-70.0
-70.0
-63.5398893334
-59.8791599557
-58.0200836638
-57.3039684333
-57.2975003472
-57.7170361506
-58.378189761
-70.0
-70.0
-70.0
-70.0
-70.0
-70.0
-70.0
-70.0
-70.0
-70.0
-70.0
-70.0
-70.0
-70.0
-70.0
-63.3737893205
-59.618936602
-57.7120604176
-56.977532693
-56.9708983018
-57.401221057
-58.2688435529
-70.0
-70.0
-70.0
-70.0
-70.0
-70.0
-70.0
-70.0
-70.0
-70.0
-70.0
-70.0
-70.0
-70.0
-70.0
-63.3571723461
-59.5929033422
-57.6812451618
-56.9448754148
-56.9382243861
-57.3696262894
-62.2590243134
-70.0
-70.0
-70.0
-70.0
-70.0
-70.0
-70.0
-70.0
-70.0
-70.0
-70.0
-70.0
-70.0
-70.0
-70.0
-63.1130860453
-59.210501471
-57.2286006774
-56.465173512
-61.0147715383
-70.0
-70.0
-70.0
-70.0
-70.0
-70.0
-70.0
-70.0
-70.0
-70.0
-70.0
-70.0
-70.0
-70.0
-70.0
-70.0
-70.0
-63.1190229663
-59.2198026472
-57.2396103675
-56.4768413208
-65.3683813888
-70.0
-70.0
-70.0
-70.0
-70.0
-70.0
-67.1390393577
-65.517828327
-64.6945074311
-64.3773646458
-64.3745001531
-64.5602981191
-64.8531002947
-65.2003449235
-65.5686802034
-65.9373920312
-66.2940393935
-59.7124869707
-58.6789143565
-70.0
-70.0
-70.0
-70.0
-70.0
-70.0
-70.0
-70.0
-70.0
-66.4206309164
-64.392321769
-63.3622588883
-62.9654791969
-62.9618954089
-63.1943486224
-63.5606755964
-63.9951159276
-64.4559429288
-64.9172410318
-65.3634451926
-58.8666466556
-60.4454568194
-70.0
-70.0
-70.0
-70.0
-70.0
-70.0
-70.0
-70.0
-70.0
-64.9255279808
-62.0499938367
-60.5896735556
-60.0271589351
-60.0220781983
-60.3516271496
-60.8709689487
-61.4868750633
-62.1401895632
-62.7941719444
-63.4267556416
-60.3259797658
-70.0
-70.0
-70.0
-70.0
-70.0
-70.0
-70.0
-70.0
-70.0
-70.0
-63.9023164734
-60.4469624749
-58.6921846601
-58.0162451491
-58.0101399376
-58.4061388128
-59.0302001774
-59.7702969903
-60.5553451784
-61.3411959186
-70.0
-70.0
-70.0
-70.0
-70.0
-70.0
-70.0
-70.0
-70.0
-70.0
-70.0
-70.0
-64.0527783421
-60.6826860693
-58.9712078366
-58.3119473024
-58.3059927385
-58.6922202422
-59.3008827364
-60.022717475
-60.7883944023
-66.6602056998
-70.0
-70.0
-70.0
-70.0
-70.0
-70.0
-70.0
-70.0
-70.0
-70.0
-70.0
-70.0
-63.3686343474
-59.6108604776
-57.7025008065
-56.9674016436
-56.9607620911
-57.3914196232
-59.945022138
-70.0
-70.0
-70.0
-70.0
-70.0
-70.0
-70.0
-70.0
-70.0
-70.0
-70.0
-70.0
-70.0
-70.0
-70.0
-63.1322417306
-59.2405120446
-57.2641238315
-56.5028201092
-56.4959438723
-56.9419533343
-57.6448272338
-70.0
-70.0
-70.0
-70.0
-70.0
-70.0
-70.0
-70.0
-70.0
-70.0
-70.0
-70.0
-70.0
-70.0
-70.0
-63.4393323001
-59.7216206035
-57.8336062321
-57.1063440681
-57.0997753009
-57.5258415304
-58.1972865505
-64.2904170054
-70.0
-70.0
-70.0
-70.0
-70.0
-70.0
-70.0
-70.0
-70.0
-70.0
-70.0
-70.0
-70.0
-70.0
-63.1632592114
-59.2891060979
-57.3216440265
-56.5637786494
-57.289297534
-70.0
-70.0
-70.0
-70.0
-70.0
-70.0
-70.0
-70.0
-70.0
-70.0
-70.0
-70.0
-70.0
-70.0
-70.0
-70.0
-70.0
-63.1335339605
-59.2425365381
-57.2665202001
-56.5053597239
-61.6046138144
-70.0
-70.0
-70.0
-70.0
-70.0
-70.0
-70.0
-70.0
-70.0
-70.0
-70.0
-70.0
-70.0
-70.0
-70.0
-70.0
-70.0
-63.1323004052
-59.2406039682
-57.2642326404
-56.5029354223
-61.9083026949
-70.0
-70.0
-70.0
-70.0
-70.0
-70.0
-67.4270718203
-65.9690791851
-65.2286476312
-64.9434337778
-64.9408576731
-65.1079500879
-65.3712738672
-65.6835590059
-66.0148114555
-66.3464025435
-66.6671437781
-60.0516108659
-56.4139040897
-70.0
-70.0
-70.0
-70.0
-70.0
-70.0
-70.0
-70.0
-70.0
-65.9651223826
-63.6786917327
-62.5175436184
-62.0702699625
-62.0662301035
-62.3282651847
-62.7412107273
-63.2309376952
-63.7504092862
-64.2704119312
-64.7733997872
-58.3303396474
-65.9464670316
-70.0
-70.0
-70.0
-70.0
-70.0
-70.0
-70.0
-70.0
-70.0
-65.2423665128
-62.5463742033
-61.1772330109
-60.6498405284
-60.6450770213
-60.954049683
-61.4409649572
-62.0184152899
-62.6309383131
-63.2440875167
-63.8371741215
-70.0
-70.0
-70.0
-70.0
-70.0
-70.0
-70.0
-70.0
-70.0
-70.0
-70.0
-64.2710657098
-61.0246696121
-59.376009633
-58.7409466578
-58.7352106508
-59.1072620249
-59.6935841151
-60.3889245655
-61.1264980168
-61.8648254871
-65.3005799579
-70.0
-70.0
-70.0
-70.0
-70.0
-70.0
-70.0
-70.0
-70.0
-70.0
-70.0
-64.4278539648
-61.2703045449
-59.6667647415
-59.0490820347
-59.0435030095
-59.4053721607
-59.9756479127
-60.6519584335
-61.3693461315
-62.0874672126
-69.0600840813
-70.0
-70.0
-70.0
-70.0
-70.0
-70.0
-70.0
-70.0
-70.0
-70.0
-70.0
-63.7274630476
-60.1730254412
-58.367928696
-57.672606359
-57.6663260782
-58.0736803738
-58.7156369386
-59.476956313
-70.0
-70.0
-70.0
-70.0
-70.0
-70.0
-70.0
-70.0
-70.0
-70.0
-70.0
-70.0
-70.0
-70.0
-63.4315905154
-59.7094918074
-57.8192495224
-57.0911291673
-57.0845526487
-57.5111216492
-58.1833589946
-64.0863236997
-70.0
-70.0
-70.0
-70.0
-70.0
-70.0
-70.0
-70.0
-70.0
-70.0
-70.0
-70.0
-70.0
-70.0
-63.2817565056
-59.4747518588
-57.5413906754
-56.7966609428
-56.7899344052
-57.2262340024
-63.799678417
-70.0
-70.0
-70.0
-70.0
-70.0
-70.0
-70.0
-70.0
-70.0
-70.0
-70.0
-70.0
-70.0
-70.0
-70.0
-63.2168423697
-59.3730530458
-57.4210110166
-56.6690854319
-56.6622939
-70.0
-70.0
-70.0
-70.0
-70.0
-70.0
-70.0
-70.0
-70.0
-70.0
-70.0
-70.0
-70.0
-70.0
-70.0
-70.0
-70.0
-63.121987098
-59.2244464535
-57.245107185
-56.4826667177
-61.2725780361
-70.0
-70.0
-70.0
-70.0
-70.0
-70.0
-67.2046117949
-65.6205584786
-64.8161078729
-64.5062339137
-64.5034350744
-64.6849746017
-64.9710658313
-65.3103517081
-65.6702448438
-66.0305058972
-66.3789789993
-59.7896907002
-56.7576164405
-70.0
-70.0
-70.0
-70.0
-70.0
-70.0
-70.0
-70.0
-70.0
-66.7348626107
-64.8846180901
-63.9449841081
-63.5830375819
-63.5797684135
-63.791814632
-64.1259818754
-64.5222828255
-64.9426539681
-65.3634548547
-65.7704868915
-59.2366170235
-55.6750745353
-60.9368002197
-70.0
-70.0
-70.0
-70.0
-70.0
-70.0
-70.0
-70.0
-67.7399713931
-66.4592885159
-65.8089025057
-65.5583741494
-65.5561113307
-65.7028832617
-65.9341836449
-66.2084910867
-66.4994591822
-66.7907247335
-67.0724599064
-60.4200128196
-56.7478774735
-64.7807444268
-70.0
-70.0
-70.0
-70.0
-70.0
-70.0
-70.0
-70.0
-64.6431030272
-61.607528076
-60.0659321694
-59.4721102198
-59.4667467093
-59.8146370461
-60.3628833466
-61.0130683487
-61.7027437384
-62.3931241809
-68.9000861811
-70.0
-70.0
-70.0
-70.0
-70.0
-70.0
-70.0
-70.0
-70.0
-70.0
-70.0
-64.5401417784
-61.4462221195
-59.8749962535
-59.2697608588
-59.26429426
-59.6188711588
-60.177654926
-60.8403366889
-61.5432678569
-62.2469176292
-68.0332268863
-70.0
-70.0
-70.0
-70.0
-70.0
-70.0
-70.0
-70.0
-70.0
-70.0
-70.0
-64.003585413
-60.6056171471
-58.8799822826
-58.2152686211
-58.2092648036
-58.5986870196
-59.2123841152
-59.9401895687
-60.7121998552
-65.2353500677
-70.0
-70.0
-70.0
-70.0
-70.0
-70.0
-70.0
-70.0
-70.0
-70.0
-70.0
-70.0
-63.3829927968
-59.6333553816
-57.7291277531
-56.995620251
-56.9889950746
-57.418720133
-58.0959311636
-58.8990600765
-70.0
-70.0
-70.0
-70.0
-70.0
-70.0
-70.0
-70.0
-70.0
-70.0
-70.0
-70.0
-70.0
-70.0
-63.6897924686
-60.1140082008
-58.2980707001
-57.5985725096
-57.5922545117
-58.0020552292
-58.6478671521
-59.4137587341
-65.3320204103
-70.0
-70.0
-70.0
-70.0
-70.0
-70.0
-70.0
-70.0
-70.0
-70.0
-70.0
-70.0
-70.0
-63.3258259372
-59.5437939683
-57.623114988
-56.8832704335
-56.8765880198
-57.3100256375
-60.3233689231
-70.0
-70.0
-70.0
-70.0
-70.0
-70.0
-70.0
-70.0
-70.0
-70.0
-70.0
-70.0
-70.0
-70.0
-70.0
-63.1041869102
-59.1965594927
-57.2120977257
-56.4476840747
-56.4407797483
-70.0
-70.0
-70.0
-70.0
-70.0
-70.0
-70.0
-70.0
-70.0
-70.0
-70.0
-70.0
-70.0
-70.0
-70.0
-70.0
-70.0
-63.1346831586
-59.2443369486
-57.2686513242
-56.5076182388
-61.6060960674
-70.0
-70.0
-70.0
-70.0
-70.0
-70.0
-67.1989281879
-65.6116541611
-64.8055679396
-64.4950639421
-64.4922594121
-64.6741680471
-64.9608409598
-65.3008166755
-65.661441549
-66.0224350882
-66.3716167088
-59.7829989304
-56.1703949657
-59.4221230062
-70.0
-70.0
-70.0
-70.0
-70.0
-70.0
-70.0
-70.0
-67.9179592677
-66.7381361861
-66.138971131
-65.9081730602
-65.906088449
-66.0413014007
-66.2543857917
-66.5070902332
-66.7751432237
-67.0434702438
-67.3030174478
-60.6295723282
-56.9378528455
-62.2661973147
-70.0
-70.0
-70.0
-70.0
-70.0
-70.0
-70.0
-70.0
-67.9636010752
-66.8096416845
-66.2236113272
-65.9978727353
-65.9958338223
-66.1280826804
-66.336495906
-66.5836606444
-66.845837466
-67.1082823101
-67.3621398062
-60.6833101166
-56.9865686323
-61.1590853255
-70.0
-70.0
-70.0
-70.0
-70.0
-70.0
-70.0
-70.0
-64.9136274679
-62.0313496997
-60.5676047155
-60.0037709011
-59.9986782491
-60.3290000495
-60.8495597949
-61.4669103156
-62.1217569508
-62.7772730336
-63.4113402488
-70.0
-70.0
-70.0
-70.0
-70.0
-70.0
-70.0
-70.0
-70.0
-70.0
-70.0
-64.3238287058
-61.107331639
-59.4738556777
-58.8446415783
-58.8389583994
-59.207583212
-59.7885053259
-60.47744175
-61.2082222128
-61.9397497501
-70.0
-70.0
-70.0
-70.0
-70.0
-70.0
-70.0
-70.0
-70.0
-70.0
-70.0
-70.0
-63.9857260617
-60.5776374966
-58.8468631077
-58.1801697041
-58.1741480051
-58.5647300522
-59.1802549454
-59.9102280498
-60.6845376441
-70.0
-70.0
-70.0
-70.0
-70.0
-70.0
-70.0
-70.0
-70.0
-70.0
-70.0
-70.0
-70.0
-63.5649180933
-59.9183716794
-58.0664981085
-57.3531573623
-57.3467143359
-57.7646247088
-58.4232167756
-59.2042647898
-62.7543369436
-70.0
-70.0
-70.0
-70.0
-70.0
-70.0
-70.0
-70.0
-70.0
-70.0
-70.0
-70.0
-70.0
-63.6346017622
-60.0275427607
-58.1957226011
-57.4901064187
-57.483733162
-57.8971181025
-58.5485784634
-59.3211687312
-66.4186770612
-70.0
-70.0
-70.0
-70.0
-70.0
-70.0
-70.0
-70.0
-70.0
-70.0
-70.0
-70.0
-70.0
-63.32331691
-59.5398631591
-57.6184621365
-56.8783394517
-56.8716545258
-57.3052550861
-70.0
-70.0
-70.0
-70.0
-70.0
-70.0
-70.0
-70.0
-70.0
-70.0
-70.0
-70.0
-70.0
-70.0
-70.0
-70.0
-63.1918180068
-59.3338482107
-57.374604726
-56.6199051443
-56.6130885572
-62.1609632507
-70.0
-70.0
-70.0
-70.0
-70.0
-70.0
-70.0
-70.0
-70.0
-70.0
-70.0
-70.0
-70.0
-70.0
-70.0
-70.0
-63.1252251136
-59.2295193446
-57.2511119051
-56.4890303779
-62.3680195719
-70.0
-70.0
-70.0
-70.0
-70.0
-70.0
-70.0
-70.0
-70.0
-70.0
-70.0
-70.0
-70.0
-70.0
-70.0
-70.0
-70.0
-63.0963743865
-59.1843198722
-57.1976098346
-70.0
-70.0
-70.0
-70.0
-70.0
-70.0
-70.0
-70.0
-67.6895938457
-66.3803636917
-65.7154801428
-65.4593673421
-65.4570540836
-65.607097659
-65.8435538823
-66.1239758202
-66.421429789
-66.7191878439
-67.0072030821
-60.3606992618
-56.6941069943
-59.7344792233
-70.0
-70.0
-70.0
-70.0
-70.0
-70.0
-70.0
-70.0
-64.8687163533
-61.9609889535
-60.4843195484
-59.9155072538
-59.9103696353
-60.2436080763
-60.768764205
-61.3915657421
-62.0521944729
-62.7134985623
-63.9343194737
-70.0
-70.0
-70.0
-70.0
-70.0
-70.0
-70.0
-70.0
-70.0
-70.0
-70.0
-64.6599389381
-61.6339043363
-60.0971534307
-59.505197773
-59.4998511193
-59.8466480898
-60.3931713357
-61.0413129054
-61.7288207504
-62.4170314324
-63.0827234605
-63.7147953635
-70.0
-70.0
-70.0
-70.0
-70.0
-70.0
-70.0
-70.0
-70.0
-70.0
-65.3620337433
-62.7338528645
-61.3991492417
-60.8850220933
-60.8803784012
-61.1815795725
-61.6562476229
-62.2191735324
-62.8162899603
-63.4140168184
-63.992185706
-62.958567479
-70.0
-70.0
-70.0
-70.0
-70.0
-70.0
-70.0
-70.0
-70.0
-70.0
-63.8411456776
-60.3511282282
-58.5787468177
-57.8960264107
-57.8898599529
-58.2898314131
-58.9201532421
-59.6676745648
-60.7663927822
-70.0
-70.0
-70.0
-70.0
-70.0
-70.0
-70.0
-70.0
-70.0
-70.0
-70.0
-70.0
-70.0
-63.7209480157
-60.1628185579
-58.3558469313
-57.6598023909
-57.653515587
-58.0612929851
-58.7039163245
-59.4660264506
-65.379881208
-70.0
-70.0
-70.0
-70.0
-70.0
-70.0
-70.0
-70.0
-70.0
-70.0
-70.0
-70.0
-70.0
-63.2962818856
-59.4975082874
-57.5683271855
-56.8252076183
-56.818495624
-57.2538519066
-57.9399372793
-64.2234147391
-70.0
-70.0
-70.0
-70.0
-70.0
-70.0
-70.0
-70.0
-70.0
-70.0
-70.0
-70.0
-70.0
-70.0
-63.2073697718
-59.3582126425
-57.4034446102
-56.6504689705
-56.6436679543
-57.0847984127
-70.0
-70.0
-70.0
-70.0
-70.0
-70.0
-70.0
-70.0
-70.0
-70.0
-70.0
-70.0
-70.0
-70.0
-70.0
-70.0
-63.2039551229
-59.3528630259
-57.3971123335
-56.6437581736
-56.6369537385
-62.183657574
-70.0
-70.0
-70.0
-70.0
-70.0
-69.2984145991
-68.9008495386
-68.698948851
-68.6211768101
-68.6204743585
-68.6660370756
-68.7378401367
-68.8229939688
-68.9133198024
-69.0037379759
-69.0911976141
-62.2548939494
-58.4112819524
-58.3663273387
-70.0
-70.0
-70.0
-70.0
-70.0
-70.0
-70.0
-70.0
-64.8516811924
-61.9343005348
-60.4527287891
-59.8820281153
-59.8768734406
-60.2112181877
-60.7381177631
-61.3629869162
-62.0258088442
-62.6893083728
-70.0
-70.0
-70.0
-70.0
-70.0
-70.0
-70.0
-70.0
-70.0
-70.0
-70.0
-70.0
-63.3062858494
-59.513181164
-57.5868789807
-56.8448683713
-56.8381663933
-57.2728729934
-57.9579345203
-63.4747483104
-70.0
-70.0
-70.0
-70.0
-70.0
-70.0
-70.0
-70.0
-70.0
-70.0
-70.0
-70.0
-70.0
-70.0
-63.399228763
-59.6587917287
-57.7592364505
-57.0275287352
-57.0209198149
-57.4495904688
-62.9217960159
-70.0
-70.0
-70.0
-70.0
-70.0
-70.0
-70.0
-70.0
-70.0
-70.0
-70.0
-70.0
-70.0
-70.0
-70.0
-63.1208850724
-59.2227199468
-57.2430635398
-56.480500911
-59.0239951974
-70.0
-70.0
-70.0
-70.0
-70.0
-70.0
-70.0
-70.0
-70.0
-70.0
-70.0
-70.0
-70.0
-70.0
-70.0
-70.0
-70.0
-63.1225896773
-59.2253904944
-57.2462246349
-56.4838509647
-63.2278913173
-70.0
-70.0
-70.0
-70.0
-70.0
-70.0
-67.1964991938
-65.6078487369
-64.8010635049
-64.4902902488
-64.4874832869
-64.6695496669
-64.9564711726
-65.2967417036
-65.6576792988
-66.0189858793
-66.3684702982
-59.7801390793
-56.1678023786
-70.0
-70.0
-70.0
-70.0
-70.0
-70.0
-70.0
-70.0
-70.0
-67.1642008007
-65.557247921
-64.7411679292
-64.4268143365
-64.4239750363
-64.608138955
-64.8983660077
-65.2425567057
-65.6076525677
-65.973121666
-66.3266324027
-59.7421115709
-59.7050320675
-70.0
-70.0
-70.0
-70.0
-70.0
-70.0
-70.0
-70.0
-70.0
-64.4933971455
-61.3729888614
-59.7883109288
-59.177893805
-59.1723804038
-59.5299930164
-60.0935608167
-60.7619161363
-61.4708654569
-62.180539534
-62.8669926624
-60.912764377
-70.0
-70.0
-70.0
-70.0
-70.0
-70.0
-70.0
-70.0
-70.0
-70.0
-63.967959285
-60.5498028799
-58.8139156075
-58.1452527238
-58.1392132361
-58.5309491023
-59.1482923186
-59.8804218378
-60.6570188213
-61.4344097174
-70.0
-70.0
-70.0
-70.0
-70.0
-70.0
-70.0
-70.0
-70.0
-70.0
-70.0
-70.0
-64.3484507507
-61.145906176
-59.5195158921
-58.8930311919
-58.8873726655
-59.2543984607
-59.8328006559
-60.5187486178
-61.2463591076
-63.136017081
-70.0
-70.0
-70.0
-70.0
-70.0
-70.0
-70.0
-70.0
-70.0
-70.0
-70.0
-70.0
-63.3514017923
-59.583862808
-57.6705439904
-56.9335345669
-56.9268777606
-57.3586544181
-61.1693016774
-70.0
-70.0
-70.0
-70.0
-70.0
-70.0
-70.0
-70.0
-70.0
-70.0
-70.0
-70.0
-70.0
-70.0
-70.0
-63.1051463344
-59.1980625906
-57.5980670732
-69.596887303
-70.0
-70.0
-70.0
-70.0
-70.0
-70.0
-70.0
-64.6351195423
-61.5950206163
-60.0511272401
-59.4564203064
-59.4510488027
-59.799457607
-60.3485209693
-60.9996749544
-61.6903781804
-62.3817875099
-63.050573524
-61.870531004
-70.0
-70.0
-70.0
-70.0
-70.0
-70.0
-70.0
-70.0
-70.0
-70.0
-65.0226813086
-62.2022007167
-60.7698390044
-60.2180940102
-60.2131105467
-60.536350117
-61.0457488553
-61.6498631364
-62.2906696006
-62.932131159
-68.3492323941
-70.0
-70.0
-70.0
-70.0
-70.0
-70.0
-70.0
-70.0
-70.0
-70.0
-70.0
-63.6119806791
-59.9921030639
-58.1537730593
-57.4456492879
-57.4392533821
-57.8541073926
-58.5078828858
-59.2832187522
-62.6560282077
-70.0
-70.0
-70.0
-70.0
-70.0
-70.0
-70.0
-70.0
-70.0
-70.0
-70.0
-70.0
-70.0
-63.6669196627
-60.0781741382
-58.2556543523
-57.553620669
-57.54727977
-57.958565905
-58.6067187225
-59.3753864555
-65.2305901297
-70.0
-70.0
-70.0
-70.0
-70.0
-70.0
-70.0
-70.0
-70.0
-70.0
-70.0
-70.0
-70.0
-63.2483805178
-59.4224628113
-57.4794967603
-56.7310672377
-56.7243072829
-57.4685689765
-70.0
-70.0
-70.0
-70.0
-70.0
-70.0
-70.0
-70.0
-70.0
-70.0
-70.0
-70.0
-70.0
-70.0
-70.0
-70.0
-63.1998418887
-59.346418959
-57.3894845692
-56.6356744496
-56.6288658963
-62.1765200748
-70.0
-70.0
-70.0
-70.0
-70.0
-70.0
-70.0
-70.0
-70.0
-70.0
-70.0
-70.0
-70.0
-70.0
-70.0
-70.0
-63.1277541857
-59.2334815576
-57.2558019288
-56.4940007539
-60.5706597413
-70.0
-70.0
-70.0
-70.0
-70.0
-70.0
-67.3210651404
-65.8030020533
-65.0320641326
-64.7350992424
-64.7324170002
-64.9063937549
-65.1805666826
-65.5057182164
-65.8506185295
-66.195871433
-66.5298274607
-59.9268006349
-56.3007578516
-54.5817735866
-70.0
-70.0
-70.0
-70.0
-70.0
-70.0
-70.0
-70.0
-67.6053959092
-66.2484535912
-65.5593397473
-65.2938934493
-65.291495889
-65.4470074898
-65.6920808672
-65.9827221982
-66.2910162568
-66.5996254834
-66.8981368366
-60.2615662269
-56.6042383201
-64.9482194621
-70.0
-70.0
-70.0
-70.0
-70.0
-70.0
-70.0
-70.0
-65.25174096
-62.5610608373
-61.1946174024
-60.6682640948
-60.6635099737
-60.9718738352
-61.457829691
-62.0341422147
-62.6454583218
-63.2573993754
-63.8493173616
-67.5395910651
-70.0
-70.0
-70.0
-70.0
-70.0
-70.0
-70.0
-70.0
-70.0
-70.0
-65.093495646
-62.3131431787
-60.901160259
-60.3572651653
-60.3523526035
-60.670993313
-61.1731446283
-61.7686639298
-62.4003533797
-63.0326886037
-63.6443334513
-61.9187241664
-70.0
-70.0
-70.0
-70.0
-70.0
-70.0
-70.0
-70.0
-70.0
-70.0
-65.1382763529
-62.3832996196
-60.9842035923
-60.4452725228
-60.4404047971
-60.756137335
-61.2537056133
-61.8437897265
-62.4697138702
-63.0962778941
-63.7023403786
-64.1081739354
-70.0
-70.0
-70.0
-70.0
-70.0
-70.0
-70.0
-70.0
-70.0
-70.0
-63.8348685568
-60.3412940723
-58.5671062459
-57.8836900085
-57.8775172657
-58.2778963779
-58.9088606326
-59.657143831
-60.4508756224
-70.0
-70.0
-70.0
-70.0
-70.0
-70.0
-70.0
-70.0
-70.0
-70.0
-70.0
-70.0
-70.0
-63.6559193049
-60.0609402443
-58.2352547999
-57.5320017065
-57.5256497936
-57.9376503194
-58.5869289576
-59.3569318419
-65.2795071311
-70.0
-70.0
-70.0
-70.0
-70.0
-70.0
-70.0
-70.0
-70.0
-70.0
-70.0
-70.0
-70.0
-63.4222231737
-59.6948163054
-57.8018783076
-57.0727195654
-57.0661336678
-57.493311007
-58.1665070437
-63.0484141483
-70.0
-70.0
-70.0
-70.0
-70.0
-70.0
-70.0
-70.0
-70.0
-70.0
-70.0
-70.0
-70.0
-70.0
-63.1842916009
-59.3220568415
-57.3606474244
-56.6051135267
-56.5982894038
-57.0409186167
-70.0
-70.0
-70.0
-70.0
-70.0
-70.0
-70.0
-70.0
-70.0
-70.0
-70.0
-70.0
-70.0
-70.0
-70.0
-70.0
-63.2848735155
-59.4796351742
-57.547170997
-56.8027867908
-56.796063374
-57.2321605448
-63.9209544168
-70.0
-70.0
-70.0
-70.0
-70.0
-70.0
-70.0
-70.0
-70.0
-70.0
-70.0
-70.0
-70.0
-70.0
-70.0
-63.2945501171
-59.4947951835
-57.5651157172
-56.8218041802
-56.815090452
-62.356071177
-70.0
-70.0
-70.0
-70.0
-70.0
-69.4240916208
-69.0977435392
-68.9320099056
-68.8681693953
-68.8675927759
-68.9049937118
-68.9639344829
-69.0338344628
-69.1079799686
-69.1822012732
-69.2539940135
-62.4028636635
-58.5454233314
-56.6127783544
-59.5596239137
-70.0
-70.0
-70.0
-70.0
-70.0
-70.0
-70.0
-69.898965421
-69.8417124929
-69.8126369863
-69.8014371161
-69.8013359568
-69.8078973959
-69.8182376796
-69.8305005938
-69.8435083225
-69.856529349
-69.8691243199
-62.9619709648
-59.0522799195
-57.071389295
-65.2121165409
-70.0
-70.0
-70.0
-70.0
-70.0
-70.0
-70.0
-67.9823985826
-66.8390911127
-66.2584702604
-66.034815407
-66.0327953147
-66.1638234155
-66.3703128288
-66.6151960491
-66.8749527797
-67.1349750587
-67.3864892575
-60.7054419412
-57.0066321533
-70.0
-70.0
-70.0
-70.0
-70.0
-70.0
-70.0
-70.0
-70.0
-65.7972317709
-63.4156631077
-62.2061998063
-61.7403151652
-61.7361072083
-62.0090455273
-62.4391736677
-62.9492780964
-63.4903648171
-64.0320046889
-64.5559217891
-58.1326684624
-64.8862924811
-70.0
-70.0
-70.0
-70.0
-70.0
-70.0
-70.0
-70.0
-70.0
-65.8311035342
-63.4687288702
-62.2690131095
-61.8068832161
-61.8027091728
-62.0734477744
-62.5001093429
-63.0061026393
-63.5428285291
-64.080103112
-64.599797758
-63.0954086074
-70.0
-70.0
-70.0
-70.0
-70.0
-70.0
-70.0
