-70.0
-70.0
-70.0
-70.0
-70.0
-70.0
-70.0
-70.0
-70.0
-70.0
-70.0
-70.0
-70.0
-70.0
-70.0
-63.0
-59.0333333333
-57.0188888889
-56.2429259259
-56.235917284
-56.690514856
-57.406922904
-57.2738784992
0
-70.0
-70.0
-70.0
-70.0
-68.5048010974
-66.7160493827
-65.7522633745
-59.7325925926
-54.1297037037
0
-70.0
-70.0
-70.0
-70.0
-66.9214042575
-65.1768666701
-64.2909152286
-63.9496471894
-63.946564793
-64.1464965286
-64.4615723524
-64.8352321016
-65.2315868811
-65.6283468527
-66.0121246073
-66.3753204398
-65.714261077
-65.4604834235
-65.4595340506
-65.6103132918
-65.8471037269
-66.1276078636
-66.4249900836
-66.7225864128
-67.0103913299
-67.2827279024
-68.5366977599
-69.3378564158
-62.840807872
-59.1812184833
-57.3460909007
-56.5374077366
-56.5009509135
-56.9290451226
-57.6216001439
-57.6472773495
-57.7411077612
-58.2060357495
-58.8781246841
-60.6130887798
-61.9669642779
-63.0470574341
-63.9268780801
-64.657207865
-65.2734988071
-65.8008234121
-66.2571907281
-66.6557714267
-67.0063941317
-67.3165546169
-67.5920990875
-67.8376891336
-69.0519819591
-69.8121582557
-63.2747102351
-59.5764177482
-57.7048949978
-56.991818181
-56.9975781515
-58.375920532
0
-70.0
-70.0
-70.0
-70.0
-69.1728395062
-68.7041152263
-68.4660768176
-67.5060717878
-67.0131997104
-66.8170364736
-66.8054373157
-66.9049632438
-67.0678466926
-67.2633152054
-67.4718191395
-67.6811941954
-67.8841127557
-61.0834981813
-57.300346164
-54.4614840947
0
-70.0
-70.0
-70.0
-70.0
-69.9737844841
-69.0906162678
-69.0601639316
-69.0732203989
-62.165898359
-58.2826418564
0
-70.0
-70.0
-70.0
-70.0
-67.9259259259
-66.750617284
-67.142183836
-67.4723843061
-61.1644520888
-57.6742110222
-55.9909260148
-55.4479241432
-55.6071922155
-56.1825133183
-56.9882888694
-57.9054779044
0
-70.0
-70.0
-70.0
-70.0
-69.0804465573
-68.559366273
-68.2947392267
-68.1928050247
-68.191884336
-61.3729931544
-57.5692253402
-55.701323807
-55.0572054269
-55.1688275513
-55.7301732408
-57.5426151451
-58.045326653
-58.7454426693
-59.5406641901
-60.3664416296
-62.0513394628
-63.327233514
-64.8707510498
-65.9678365363
-66.760493277
-67.3440708788
-67.7827484106
-68.119863316
-68.3848034821
-68.5976074656
-68.7720362736
-61.9185612828
-58.075857579
-56.1677067707
-55.4838927267
-55.5574745427
-56.0830411476
-56.8622797389
-57.7677469024
-58.7187689704
-59.6654232456
-59.5779413046
-60.8725533679
-61.9535688269
-62.8703924748
-63.6581402476
-64.3421842365
-64.9412044885
-65.4692431568
-57.9808465046
0
-70.0
-70.0
-70.0
-70.0
-69.1930669005
-68.7358048108
-68.5035873966
-68.4141373682
-68.4133294389
-69.4650570605
-70.0
-70.0
-63.2885889497
-59.4854560211
-57.5540610633
-56.8100887199
-56.8033690231
-57.2392249043
0
-70.0
-70.0
-70.0
-70.0
-69.081525683
-68.5610569034
-68.2967404055
-68.1949258266
-68.1940062183
-61.3750449555
-57.5711666993
-55.703134189
-55.0588768765
0
-70.0
-70.0
-70.0
-70.0
-68.0576128635
-66.9569268195
-66.3979509658
-66.1826337547
-66.1806889695
-66.3068324661
-66.5056241485
-66.741378353
-66.9914515973
-67.2417804906
-67.4839184769
-67.7130706528
-60.9427785444
-57.1825106612
-55.3535995759
-54.7444662722
-54.8873035956
-55.4767625365
-56.3145458164
-57.2733975905
-58.2729287353
-58.3952370404
-58.8554474555
-58.9475032338
-59.3711532597
-60.9536258717
-62.2046552431
-63.2151176912
-64.0475579037
-64.7454367678
-65.3393161939
-65.8509999765
-66.2963102468
-65.704294264
-65.4922748656
-65.515320731
-65.6786375592
-65.9206730708
-66.2018719421
-66.4971955334
-66.7911498371
-66.1135025338
-65.8364640673
-65.8090255185
-65.9322615386
-66.1417944327
-66.3961210214
-66.6688462739
-66.943519883
-66.2492251613
-65.9576741562
-58.9174886976
-55.0627944658
0
-70.0
-70.0
-70.0
-70.0
-67.8999151763
-65.7272086394
-64.566011096
-65.0504250755
-65.1356889237
-65.3489909352
-65.6320057775
-65.9474144904
-66.2717459017
-66.5906198852
-66.895590279
-67.1820528394
-67.4478619476
-67.692418681
-67.9160720983
-68.1197284121
-61.3077555709
-57.5103133471
-55.6481709013
-55.0092797371
-55.125635714
0
-70.0
-70.0
-70.0
-70.0
-66.3331996762
-64.5886794926
-63.7223447328
-57.7945151018
-54.6446668198
0
-70.0
-70.0
-70.0
-70.0
-69.6163163328
-69.398895588
-62.470566019
-58.5645494103
-56.6021211314
-55.8712601264
-55.9037015191
-56.3930429708
-56.1402131666
-56.4505081785
0
-70.0
-70.0
-70.0
-70.0
-67.6173433538
-60.1889819539
-56.0589990488
-54.0457093375
0
-70.0
-70.0
-70.0
-70.0
-69.7008601542
-69.5313475749
-68.4568227947
-68.863546709
-69.1454628339
-69.3430970811
-69.4835743933
-69.5850749676
-69.6598061465
-69.715984649
-69.7591589289
-69.7930915325
-69.8203480436
-68.8542513687
-68.3127849849
-68.4808827529
-68.6323786552
-68.7688635748
-68.8917924074
-69.00248996
-62.102240964
-57.3131416962
-54.8625774122
0
-70.0
-70.0
-70.0
-70.0
-70.0
-70.0
-70.0
-70.0
-70.0
-63.9739877051
-60.892580738
-59.3473171998
-58.7752485036
-58.8061656691
0
-70.0
-70.0
-70.0
-70.0
-69.0781893004
-68.555829904
-68.2905532693
-68.1883688462
-61.3695319616
-58.434224856
-57.3918997641
-57.1867747168
-57.4908071979
-58.0901997799
-58.8468286698
-59.6725783814
-60.5122755957
-61.3323514044
-61.1167439968
-61.2834880857
-61.6740849362
-62.1859735487
-62.7535742645
-64.3305439874
-65.4657076883
-66.2979489858
-66.9206954648
-67.3969868367
-67.7695287653
-68.0674029636
-69.2520197204
-62.9883461839
-59.4638638559
0
-70.0
-70.0
-70.0
-70.0
-69.1169070141
-68.6164876554
-68.3623531183
-68.2644606255
-68.2635764422
-68.3209267176
-68.4113059922
-61.5724414503
-56.7500530774
0
-70.0
-70.0
-70.0
-70.0
-68.7820266613
-68.0918417694
-67.7413361086
-67.6063215085
-67.6051020315
-67.6842002775
-67.8088525493
-67.9566821607
-68.1134905221
-68.2704591883
-68.4222917484
-68.5659815595
-68.6999960608
-68.8237382263
-68.9371922513
-69.0406915913
-62.1361715427
-58.2555871287
-56.3187169094
-55.6126375475
-55.6685686788
-56.1798417349
-56.947317095
-57.8428917413
-58.785473471
-60.4285437635
-61.7334344802
-62.7919210942
-63.6672823595
-57.4395573243
0
-70.0
-70.0
-70.0
-70.0
-69.2711138207
-68.8580783191
-68.6483210742
-61.7496087556
-57.8853944059
-55.9706859825
-54.301065749
0
-70.0
-70.0
-70.0
-70.0
-69.7302560979
-69.57740122
-68.5387933616
-67.9643355345
-67.6875163204
-67.5985075813
-67.6251520851
-67.7203003845
-61.8604788509
-58.6159033023
-57.0486278631
-57.2436787079
-57.7859199244
-58.5184006569
-59.3406090745
-60.1892471559
-60.0288805869
-60.2650312927
0
-70.0
-70.0
-70.0
-70.0
-68.8883657828
-61.8729801928
-54.689107661
0
-70.0
-70.0
-70.0
-70.0
-68.6817558299
-67.9347508002
-67.5553894223
-66.7055559112
-66.3054706075
-66.188570405
-59.2994293631
-54.72016129
0
-70.0
-70.0
-70.0
-70.0
-68.5310148943
-67.698590001
-67.2758487317
-67.1130090124
-67.1115382137
-67.206937794
-66.3649869624
-65.9809835647
-66.8844893374
-67.5304431564
-68.0003340093
-62.0686133655
-58.7739605338
-57.1713701503
-56.6374369152
-56.7624957436
-57.2787811825
-57.0241540931
-57.3039060363
-57.8949603344
-57.9493905317
-59.3663941024
-60.5710497748
-62.1636970746
-63.380495552
-63.4629120295
-63.7302648484
-64.0996677114
-63.8142834685
-63.8492434738
-57.0784023454
0
-70.0
-70.0
-70.0
-70.0
-69.3354671544
-68.9588985419
-68.7676607563
-68.6939960598
-67.7010380531
-67.1818953141
-66.9643464935
-66.9350056513
-67.0195676244
-66.3013397968
-65.9936917737
-66.93922108
-67.6085646278
-68.0898852689
-69.1460518483
-69.8082167343
-70.0
-63.257277854
-59.4364019712
-57.4959963759
-56.7485531395
-56.741802093
-57.1796913953
-57.8697685969
0
-70.0
-70.0
-70.0
-70.0
-69.2095758146
-68.7616687761
-68.5342022605
-68.4465822758
-68.4457908758
-68.4971230066
-68.5780181849
-68.6739546857
-68.7757180966
-68.87758554
-68.9761198213
-69.0693697294
-69.1563406833
-69.2366452328
-69.3102731215
-70.0
-70.0
-70.0
-70.0
-70.0
-70.0
-70.0
-70.0
-70.0
-70.0
-70.0
-70.0
-70.0
-63.0051382276
-59.0413832232
-58.0261337882
-57.8161130009
-58.0962300952
-59.3647963856
-60.480442947
-61.4671494523
-62.343601707
-63.1246863363
-63.822514236
-64.447127168
-65.0069906882
-65.5093424441
-65.9604420828
-66.3657537966
-66.730082365
-67.0576767605
-67.3523108392
-67.6173475917
-67.8557913902
-68.0703312896
-68.2633775196
-69.4364160341
-70.0
-70.0
-70.0
-70.0
-69.9999178623
-69.9998713175
-69.9998476801
-62.9998629121
-59.0332099542
-57.0187778477
-56.2428259888
0
-70.0
-70.0
-70.0
-70.0
-65.5231568509
-62.9862790664
-61.6979430935
-61.1454327348
-60.7757454284
-60.8614081969
-61.2174255848
-62.5262576339
-63.5606816088
-64.3959799402
-65.0839596077
-65.6606154212
-59.1872226796
-55.6636129453
0
-70.0
-70.0
-70.0
-70.0
-69.3722019384
-69.0164497036
-68.8357833725
-68.7661907948
-68.7655622217
-68.8063330038
-68.8705843729
-68.9467823819
-69.0276084413
-69.1085171289
-69.1867784371
-69.2608426075
-69.3299196895
-69.393701949
-69.4521812398
-69.5055294395
-69.5540207114
-68.5979837687
-68.0710954774
-67.8192593201
-67.7408489816
-60.7692926225
-56.8940490529
-55.0057679427
-54.3726070118
-54.5136235529
-55.1144460258
0
-70.0
-70.0
-70.0
-70.0
-68.9300411523
-68.3237311385
-68.015820759
-67.8972138394
-67.8961425596
-67.0241560365
-66.6001589215
-66.4590886884
-66.4924769256
-66.6294273037
-58.9716228044
-54.7445526781
0
-70.0
-70.0
-70.0
-70.0
-65.8888888889
-63.5592592593
-62.3761728395
-61.9204485597
-61.9163323731
-62.1833182487
-56.0137594768
0
-70.0
-70.0
-70.0
-70.0
-68.7265002136
-68.0048503346
-67.6383653961
-67.4971955864
-67.4959205144
-67.5786247874
-67.7089598582
-66.9025473478
-67.5216475346
-67.9757193956
-67.6119348286
-67.4732662608
-67.474289578
-67.5590939158
-67.6913400546
-67.8476430694
-68.0131701093
-68.1787139963
-68.3387498619
-68.4901463859
-68.6409469374
-68.776729037
-69.4545295511
-69.8793922079
-70.0
-70.0
-70.0
-70.0
-70.0
-70.0
-69.9999967951
-62.9999971156
-59.0333307374
-57.0188865525
-55.4404546874
-54.9787137454
-55.202378722
-55.8298317506
-56.6786425094
-56.7636614572
0
-70.0
-70.0
-70.0
-70.0
-67.7965223414
-60.9306010509
-57.1133615749
-55.2525725035
-54.6276799772
0
-70.0
-70.0
-70.0
-70.0
-68.4115622359
-67.5114475029
-67.054330413
-66.0757800095
-58.8015431645
-54.810282952
0
-70.0
-70.0
-70.0
-70.0
-62.9609820155
-58.9722051577
-56.9465322044
0
-70.0
-70.0
-70.0
-70.0
-68.9465020755
-61.9640603846
-58.042460024
-56.0880844735
-55.3791896607
-55.4412131177
-54.9752811079
-55.1965458651
-55.8227531906
-56.6710524795
-57.6243303036
-58.6088193212
-59.5792187544
-60.5088177892
-61.3829499504
-62.1946642488
-62.9418706862
-63.6254655258
-64.248106912
-64.8134215133
-65.3254962237
-65.7885578424
-66.2067762189
-66.5841480375
-65.9251095003
-65.6655160612
-58.6545200107
-55.8261050466
-54.6015192333
-54.3800504376
-54.7678341455
-55.5082432321
-57.3038600002
-58.1637803559
-59.0742732242
-59.9847598376
-60.8648931445
-54.77840383
0
-70.0
-70.0
-70.0
-70.0
-70.0
-70.0
-63.4367370978
-59.7175547866
-57.8287935736
-57.1012437267
-57.094672361
-57.5209071296
-59.1535993107
-60.4947613091
-61.6162997978
-62.5686795644
-63.3878181056
-64.0997072934
-64.7235172297
-65.2736859504
-65.7613309846
-65.1952245732
-65.0157199072
-65.5070432019
-65.9516024053
-65.7977289583
-65.8454805915
-65.4570599961
-65.3754389724
-65.4806183924
-65.694372098
-65.1636761156
-65.0064693223
-65.0785962689
-65.2859192279
-57.7650346518
0
-70.0
-70.0
-70.0
-70.0
-67.6179605901
-66.2681382578
-65.5826402499
-65.3185867701
-65.3162017899
-65.4708974088
-65.7146848665
-65.0623288424
-64.8355042665
-64.8715593787
-65.0641404668
-65.3442177707
-65.6674568941
-66.0058184716
-66.3419748024
-66.6656027741
-66.9709261314
-68.2550885879
-69.0837497756
-62.6121118958
-58.9753921048
-57.16084716
-55.5023756127
-54.9905468306
-55.183764667
-55.7935698799
-56.6330006783
-57.5822258014
-59.554125662
-54.206852099
0
-70.0
-70.0
-70.0
-70.0
-67.9793153583
-67.7952422857
-67.7582903659
-67.8108428686
-62.0287436225
-58.8251926207
-57.275555599
-56.7699215327
-56.9075437085
-57.4265322236
-58.1570409253
-58.9901114488
-60.8179316056
-62.2206926462
-63.3216595156
-64.2048509868
-64.9279375033
-65.530858163
-66.0415819535
-66.4799634959
-66.8603269716
-67.1932008246
-67.4864851089
-67.7462395091
-68.9695101524
-69.7378221999
-63.7640398443
-60.3876357694
-54.7933165766
0
-70.0
-70.0
-70.0
-70.0
-69.6982167353
-69.5272062186
-69.4403597013
-69.4069064675
-69.4066043117
-69.4262028744
-69.457088583
-69.4937170553
-68.537708468
-67.6795130333
-60.2526024099
-56.1213692889
-54.10525044
0
-70.0
-70.0
-70.0
-70.0
-62.8518518519
-58.8012345679
-57.6124691358
-57.6454609053
-58.0770739369
0
-70.0
-70.0
-70.0
-70.0
-68.9391860997
-68.3380582228
-68.032779556
-67.9151863706
-66.9531426894
-66.477478391
-67.3043589679
-67.890342015
-68.3122537762
-67.7533462831
-67.4928902445
-67.4201869465
-67.4625587362
-67.5725631855
-67.7194804155
-67.883648073
-68.0526937317
-68.2190313359
-67.4042118154
-67.001846376
-66.8603655664
-66.8801315618
-66.9959867737
-67.165633675
-67.3619006933
-67.5675975478
-67.7720957423
-67.9690581342
-68.1549336315
-68.3279611422
-69.4874528741
-70.0
-62.4444444444
-58.162962963
-55.4330864198
-54.2807242798
0
-70.0
-70.0
-70.0
-70.0
-68.6453058759
-67.8776458723
-67.4877950077
-67.3376246553
-68.3339846305
-68.9873344612
-62.4940270172
-58.8482416503
-57.0324957084
-57.2436110435
-56.8032005565
-56.978847579
-57.5182742066
-58.2579877096
-59.9615289782
-61.3182694402
-62.9772602915
-64.5400794593
-58.7137197377
-55.5941132469
-54.2025455774
0
-70.0
-70.0
-70.0
-70.0
-69.0781893004
-68.555829904
-68.2905532693
-68.1883688462
-68.1874458975
-60.4272289712
-57.0511727407
-55.4571665778
-54.9855239941
0
-70.0
-70.0
-70.0
-70.0
-69.7188436722
-63.1740622195
-59.4747246072
-57.605964553
-56.8978430353
-56.9097086902
-57.3531711268
-58.0408095512
-58.8520322875
-58.7110414925
-59.0027456324
-59.5443432619
-59.5141200272
-59.8455154188
-60.3828354731
-61.0257996566
-61.7107181782
-62.3979786852
-63.0637356998
-63.6943987187
-64.2829832393
-64.8267011771
-65.3253752338
-65.7804004934
-66.1940689661
-66.5691344174
-66.9085358744
-67.2152255527
-67.4920651746
-67.7417667753
-68.9668586998
-69.7363518978
-70.0
-70.0
-70.0
-70.0
-69.0877866879
-68.570865811
-68.3083510912
-68.2072305562
-68.2063172167
-68.2655586391
-68.3589182046
-69.4644984393
-70.0
-70.0
-70.0
-70.0
-69.1316872057
-68.639643289
-68.3897621627
-67.5898043777
-67.1901695608
-67.0440496853
-67.0549094372
-67.1595949737
-67.3170864632
-67.5010118081
-67.6946666215
-67.8877039554
-67.0999485188
-66.7239636396
-66.607573924
-66.6508209639
-66.788408489
-66.9780140545
-67.1925102586
-67.4147909724
-67.634333035
-67.8708997315
-68.0838097583
-61.2754287825
-57.4812192376
-55.6219862027
-54.9857135084
-55.1044261082
-54.7307004612
-55.0154417243
-55.6857717581
-55.861407016
-56.4380746036
-57.236139336
-58.1404401976
0
-70.0
-70.0
-70.0
-70.0
-69.0526280985
-68.515784021
-68.2431514405
-68.1381335108
-69.1370958645
-69.1019955687
-69.1108688722
-62.199781985
-58.3131371198
-56.9262678523
-56.5299373633
-56.7411411579
-57.309825396
-58.074041759
-58.9301035182
-59.8127371231
-61.6233650518
-62.9889629739
-64.0420229614
-64.8724581886
-65.5416373852
-66.0917569904
-66.5521035204
-66.9432413211
-67.2798159575
-67.5724335408
-67.8289229727
-68.0551858661
-68.2557707399
-60.435331897
-57.058465374
-55.4637299477
-54.991431027
-55.208337307
-55.8315364981
-56.6777381295
-57.629534504
-58.6129611786
-59.5825851441
-60.5116066852
-61.3852993871
-62.1966716953
-62.9436060237
-64.6218415222
-65.8080547705
-66.6595142272
-67.281739427
-67.7456832326
-68.0991934082
-67.374960462
-67.9693943487
-68.3937415358
-68.7018917968
-68.9300522269
-62.1028906256
-58.269830644
-57.273208805
-57.0994620748
-57.4252319675
-58.0398528375
0
-70.0
-70.0
-70.0
-70.0
-66.9133787449
-66.1469518371
-66.1488639645
-60.2001931418
-56.9576508767
-55.4468704885
-55.0255065725
-55.2718380039
-55.9105755959
0
-70.0
-70.0
-70.0
-70.0
-67.7572016461
-66.4862825789
-65.8408550526
-65.5922367017
-65.5899911345
-64.7529856196
-64.42568279
-64.4151116659
-65.5559134936
-66.3885308071
-67.0084835016
-67.480172335
-67.8471798905
-68.1391450941
-69.2885612179
-70.0
-69.4397079681
-69.1222091499
-69.7634386899
-70.0
-70.0
-70.0
-70.0
-70.0
-63.0487730529
-59.1097444495
-57.1093358059
-56.3387794261
-56.3318196174
-56.7832497449
-58.4869588167
-59.8929522991
-61.0734499787
-62.0793002537
-62.9468337437
-63.7024593795
-64.3657527817
-64.9515370636
-65.4712897306
-65.9340983398
-66.3473135607
-66.7169989079
-67.0482434859
-66.3453997175
-66.0455134658
-65.9973979326
-66.1019486816
-66.294614175
-66.5337263318
-67.7922849886
-68.621010683
-62.1643356168
-58.5515193899
-56.7654456741
-56.1349532554
-56.2188260291
-57.6699944955
0
-70.0
-70.0
-70.0
-70.0
-65.4206737355
-62.8257221857
-61.5078938496
-61.0002670529
-60.9956820732
-61.2930750162
-61.7617416148
-62.3175501868
-62.9071169905
-62.4972982403
-62.5014970488
-62.7539664323
-63.1469825147
-63.6112260803
-64.1027313503
-64.5942101339
-65.0692903997
-65.5186955458
-65.9377154486
-66.3245368753
-66.6791451689
-67.002605306
-67.2965945448
-67.5631016032
-67.8042357848
-68.0221084343
-68.2187617428
-67.396804976
-66.9904040834
-59.8469199174
-56.8992649627
-55.5673631578
-55.2493099696
-55.5501677243
-55.2708711165
0
-70.0
-70.0
-70.0
-70.0
-69.0077393351
-62.0599987581
-58.1560211199
-56.208433833
-56.4961748457
-57.1189469585
-57.9219786609
-58.8063983936
-60.5126394226
-61.8526293926
-62.9282023948
-63.809272783
-64.5442725898
-65.1671300542
-65.7019401977
-66.1660949439
-65.572518284
-58.3746120838
-54.4433812942
0
-70.0
-70.0
-70.0
-70.0
-70.0
-70.0
-70.0
-70.0
-70.0
-70.0
-70.0
-70.0
-70.0
-70.0
-70.0
-63.0054236884
-60.036692214
-58.587563589
0
-70.0
-70.0
-70.0
-70.0
-63.4691358025
-59.7683127572
-57.8888751715
-57.164916781
-57.158377854
-57.5825085693
-58.2509033795
-59.0435768197
-58.8921023364
-59.1714809019
-59.7000586778
-60.3605367208
-62.0730007581
-63.3647124885
-64.9164713328
-66.0169775949
-66.8100487656
-60.3993278905
-55.890259299
0
-70.0
-70.0
-70.0
-70.0
-70.0
-70.0
-63.8024691358
-60.2905349794
-58.5070233196
-56.8785432099
-56.338837037
-57.3386981893
-58.3606582743
-59.3618123829
0
-70.0
-70.0
-70.0
-70.0
-68.1172077427
-67.0502921303
-67.4911248285
-67.8392536199
-68.120155774
-68.3513585407
-68.545034916
-68.7097395773
-68.8515710549
-68.9749509063
-69.0831471202
-70.0
-70.0
-70.0
-70.0
-70.0
-70.0
-70.0
-70.0
-70.0
-70.0
-70.0
-70.0
-69.0259301571
-68.4739572462
-68.1936415914
-68.0856641455
-67.2822197373
-67.8873202804
-68.3208032636
-68.636866278
-68.0694727416
-67.7933875284
-67.7012901495
-67.7226553839
-67.8113860117
-67.937578188
-67.1698323827
-66.8035238201
-66.6902878886
-66.7326700667
-66.8670103713
-67.0520475417
-67.2613349259
-67.4781961922
-67.6923730789
-67.8978001083
-68.0911296557
-68.2707563956
-61.4361738952
-57.6208852651
-55.7443492449
-55.0936159912
-55.200055506
-55.757250698
-56.5663261233
-57.4995605077
-58.4761824547
-59.4462828744
-60.3801336971
-60.2611955056
0
-70.0
-70.0
-70.0
-70.0
-68.9903980087
-67.4768178771
-66.6527758689
-66.2699248017
-59.3466360654
-55.5477749548
0
-70.0
-70.0
-70.0
-70.0
-67.4814814838
-66.0543209913
-60.251358028
-57.0945349824
-55.6306233223
-55.2312555488
-55.4839263665
-56.1193979781
-57.875576184
-59.3334305681
-60.5636955129
-62.3201016664
-63.963275303
-65.1504036415
-66.0243338565
-66.6812141903
-67.1859685843
-67.5826222678
-67.9011937357
-68.1622968252
-68.3802154515
-61.5681170964
-55.4285875135
0
-70.0
-70.0
-70.0
-70.0
-65.7777725627
-63.3851770149
-62.1701137857
-61.7020720553
-61.6978446153
-61.972046664
-62.4041663378
-62.9166325975
-64.4428830702
-65.5438705848
-66.3530007407
-65.9600455365
-65.8589375628
-65.9363081931
-65.4144832612
-65.25423886
-64.7607287017
-64.6392649834
-64.7450779196
-64.2800260469
-64.1916607218
-64.332252836
-64.60553301
-58.9474488448
-55.9210167175
-55.1300124394
-55.1510761246
0
-70.0
-70.0
-70.0
-70.0
-68.6922725194
-67.9512269471
-67.7464106081
-67.6986404512
-67.7466903419
-67.8506305983
-67.9846403989
-68.1322249326
-68.2830348217
-68.4307529278
-68.5716920272
-68.7038657526
-62.537182881
-58.2834645929
-56.1217848003
-55.2873840981
-55.2771642068
-55.7617934651
-56.5271779046
-57.4355026382
-58.399314057
-59.3642904398
-60.2977999214
-62.1697512597
-63.8872636874
-65.1215290211
-66.0247039206
-66.6991187296
-67.2137969907
-67.615477381
-60.9407061789
-57.2378199183
-54.4419452577
0
-70.0
-70.0
-70.0
-70.0
-69.642504896
-69.4399243371
-69.3370451905
-69.3224135318
-69.3362207523
-69.922186615
-70.0
-70.0
-70.0
-63.3566529492
-59.5920896205
-57.6802819692
-55.969866941
-55.4112890261
-55.5624326429
-56.1343710582
-56.137252603
-56.6010731098
0
-70.0
-70.0
-70.0
-70.0
-65.2763281087
-62.5995807036
-60.2662251987
-58.8573377224
-58.3834273126
-58.4863001563
-58.9318138573
-59.7655033754
-60.6068669737
-54.5461802763
0
-70.0
-70.0
-70.0
-70.0
-63.0
-59.0333333333
-58.001547359
-57.7824241957
-58.0582028246
-58.6217299077
-59.3391218274
-60.1249195849
-60.9255675866
-60.7094524273
-61.8504498085
-63.1400332436
-64.1424488632
-64.9391499395
-64.7175528301
-64.7606761368
-64.9611942496
-58.2565700236
0
-70.0
-70.0
-70.0
-70.0
-62.9816950518
-59.0046555811
-55.9965043993
-54.6583968768
0
-70.0
-70.0
-70.0
-70.0
-69.3736699772
-69.018749631
-68.8385057689
-68.769075926
-68.7684488227
-69.8090978652
-70.0
-70.0
-63.2789547664
-59.4703624673
-57.5361950057
-56.7911546951
-56.7844253523
-57.2209069015
-57.908765601
-58.7245219674
-59.5898250549
-61.4483053923
-62.8484500817
-63.9269218926
-57.8303923424
-55.3805973367
-54.3980337554
0
-70.0
-70.0
-70.0
-70.0
-69.0781893004
-68.555829904
-62.4039506173
-58.9660246914
0
-70.0
-70.0
-70.0
-70.0
-66.3159918034
-64.2283871587
-58.2422855406
-55.0425483851
0
-70.0
-70.0
-70.0
-70.0
-69.6158675576
-69.3981925069
-70.0
-69.5452759573
-69.2875989997
-69.1567395252
-68.4026288193
-61.0273865135
-56.9013282462
-55.8037880142
-55.6184709412
-56.5422205549
-57.5450629712
-58.5619329887
-59.5533238996
-60.4963809828
-61.3790025332
-62.1959420458
-62.9462410184
-63.6315457014
-64.2550103211
-64.8205887489
-66.3210218274
-67.3439142802
-68.0461859426
-68.5326760752
-67.873781681
-67.5493189884
-67.4363307399
-68.3954657693
-69.0244312613
-69.4343295145
-69.6991241493
-68.9265577886
-68.4987993793
-68.2921843543
-67.5214388239
-67.1416102115
-67.0089927036
-67.0291224421
-67.1402295372
-67.3022194763
-67.4893394572
-67.6853001305
-67.8800331968
-68.0675385967
-68.2444572168
-68.4091264816
-68.5609571577
-68.7000236582
-67.8302215906
-67.380666297
-67.1982442442
-67.1821828711
-67.2664732849
-67.4081650903
-67.5795746706
-67.763101263
-67.9477805098
-69.126990159
-62.8636162799
-59.3434714097
-58.290305811
-58.0487295914
0
-70.0
-70.0
-70.0
-70.0
-69.1362658709
-68.6468165311
-68.3982530428
-68.3025065151
-68.3016417146
-68.3577347772
-68.4461327888
-61.6049185959
-57.780026127
-55.892423108
-55.2301138597
-54.3250630639
-54.3045304842
0
-70.0
-70.0
-70.0
-70.0
-62.9415119387
-58.9417020372
-56.9104260285
-56.1279795556
-56.1209123534
-56.5793082869
-57.3017022375
-58.1584151999
-59.0671624707
-59.9768387508
-60.8567498938
-61.6894715832
-62.4661222107
-63.1832418469
-63.8407389003
-64.4405458357
-64.9857451358
-65.4800065446
-65.9272298384
-66.3313228201
-66.6960678484
-67.0250459372
-67.3215979258
-67.5888091882
-67.8295089726
-61.0465557591
-58.2752319713
-57.0032632996
-56.6733066532
0
-70.0
-70.0
-70.0
-70.0
-69.3744855364
-69.0200273404
-68.8400181781
-68.7706787414
-68.7700524547
-68.8106749342
-68.8746925908
-68.9506134317
-69.0311454885
-69.111759873
-69.1897365079
-69.2635312719
-69.3323570879
-69.3959073413
-62.4573315662
-58.5456083822
-56.5803875258
-55.8485754277
-55.8812023213
-56.3714050468
-57.1198131805
-57.9981976213
-58.9252883651
-59.8506998659
-59.7442567709
-60.0222490215
-60.5216360711
-61.1372137652
-61.8019865895
-62.4741173977
-63.1282586361
-63.7498014246
-64.3310670502
-64.8687908572
-65.3624654462
-65.8132546847
-66.223286405
-66.5951958903
-66.9318350518
-67.2360907137
-67.5107744203
-67.7585588303
-67.981944182
-68.1832439202
-68.3645822992
-69.5278992464
-70.0
-70.0
-70.0
-70.0
-70.0
-70.0
-70.0
-70.0
-70.0
-70.0
-70.0
-70.0
-70.0
-70.0
-70.0
-70.0
-70.0
-70.0
-70.0
-70.0
-70.0
-70.0
-69.0022836561
-68.4369110612
-68.1497904689
-68.0391917646
-68.0381928165
-68.1029870204
-68.2050973087
-61.3261935716
-57.4879782102
-54.6281286813
0
-70.0
-70.0
-70.0
-70.0
-68.6611796982
-67.9025148605
-67.5172321292
-67.3688214195
-67.3674809463
-68.4370857676
-69.1309458015
-69.5762302951
-69.8575266481
-70.0
-70.0
-70.0
-70.0
-70.0
-70.0
-70.0
-63.0114273628
-59.0512362017
-56.0401397015
-54.3654771446
0
-70.0
-70.0
-70.0
-70.0
-68.8182146645
-68.1485363078
-67.8084447501
-67.6774416572
-67.6762584129
-67.7530065192
-67.8739551657
-68.0173925147
-68.1695418403
-68.3218467076
-68.4691680711
-61.6106937208
-57.7752526532
-54.886617822
0
-70.0
-70.0
-70.0
-70.0
-69.4305747432
-69.107900431
-69.9440324357
-70.0
-63.385916781
-59.6379362902
-57.7345501194
-57.0013667463
0
-70.0
-70.0
-70.0
-70.0
-69.521111306
-69.2497410461
-69.1119275219
-69.0588418234
-69.0583623435
-70.0
-70.0
-70.0
-70.0
-70.0
-70.0
-69.1868737923
-68.3927689413
-67.9698803993
-67.7838179275
-68.7070347378
-69.3040636661
-69.6854789008
-69.9248120783
-70.0
