-62.0
-57.4666666667
-55.1644444444
-54.2776296296
-54.2696197531
-54.7891598354
-64.1579118903
-70.0
-70.0
-70.0
-70.0
-70.0
-68.3563786008
-67.4249931413
-66.9519954275
-66.7697969517
-66.7681513011
-66.8748922007
-67.0431070005
-67.2425989803
-67.4542075356
-68.4126925673
-70.0
-70.0
-70.0
-70.0
-70.0
-70.0
-70.0
-70.0
-70.0
-70.0
-70.0
-70.0
-70.0
-70.0
-70.0
-70.0
-70.0
-70.0
-70.0
-70.0
-70.0
-70.0
-70.0
-70.0
-70.0
-70.0
-62.4675812917
-58.1992106903
-70.0
-70.0
-70.0
-70.0
-70.0
-70.0
-70.0
-70.0
-70.0
-70.0
-62.813200932
-58.7406814601
-56.6724803949
-57.0885469798
-70.0
-70.0
-70.0
-70.0
-70.0
-70.0
-70.0
-70.0
-63.9053808858
-60.4517633878
-58.6978674427
-58.0222676276
-58.0161654843
-58.4119653488
-70.0
-70.0
-70.0
-70.0
-70.0
-70.0
-67.0774403292
-65.4213231824
-64.580275455
-64.2563043033
-64.2533781355
-64.443176497
-64.742282964
-65.0970040787
-65.473269945
-70.0
-70.0
-70.0
-70.0
-70.0
-70.0
-70.0
-70.0
-70.0
-70.0
-70.0
-70.0
-70.0
-70.0
-70.0
-66.6056644753
-70.0
-70.0
-70.0
-70.0
-70.0
-70.0
-70.0
-70.0
-70.0
-70.0
-70.0
-62.4673378184
-58.1988292488
-65.1275468075
-70.0
-70.0
-70.0
-70.0
-70.0
-70.0
-70.0
-70.0
-70.0
-63.3437378448
-59.5718559569
-57.6563316256
-56.9184726393
-56.9118081595
-57.344082533
-70.0
-70.0
-70.0
-70.0
-70.0
-70.0
-67.1162592593
-65.4821395062
-64.6522630041
-64.3325950027
-64.3297077018
-64.5169850646
-64.8121186467
-65.1621281744
-65.5333962853
-70.0
-70.0
-70.0
-70.0
-70.0
-70.0
-70.0
-70.0
-70.0
-70.0
-70.0
-70.0
-70.0
-70.0
-70.0
-63.1232360839
-70.0
-70.0
-70.0
-70.0
-70.0
-70.0
-70.0
-70.0
-70.0
-70.0
-70.0
-62.8184467815
-58.7488999577
-56.6822085314
-55.886120058
-70.0
-70.0
-70.0
-70.0
-70.0
-70.0
-70.0
-70.0
-63.1651264941
-59.2920315075
-57.3251067986
-56.5674484133
-56.5606051017
-61.29406811
-70.0
-70.0
-70.0
-70.0
-70.0
-70.0
-67.0376954733
-65.3590562414
-64.5065708276
-64.1781938851
-64.1752279234
-64.3676074156
-64.6707815304
-65.0303266149
-65.4117094452
-70.0
-70.0
-70.0
-70.0
-70.0
-70.0
-70.0
-70.0
-70.0
-70.0
-70.0
-70.0
-70.0
-70.0
-70.0
-62.5076349832
-65.9012246565
-70.0
-70.0
-70.0
-70.0
-70.0
-70.0
-70.0
-70.0
-70.0
-70.0
-62.943136717
-58.9442475232
-56.9134390896
-56.2935324996
-61.3859333655
-68.7442715389
-70.0
-70.0
-70.0
-70.0
-70.0
-70.0
-62.539426696
-58.3117684905
-56.1647812841
-68.5505362626
-70.0
-70.0
-70.0
-70.0
-70.0
-70.0
-70.0
-70.0
-63.1936365773
-59.3366973044
-57.3779771639
-56.6234791741
-56.6166644078
-57.3862603442
-70.0
-70.0
-70.0
-70.0
-70.0
-70.0
-66.7252192729
-64.8695101942
-63.9271010739
-63.5640855659
-63.5608067422
-63.7734792233
-64.1086334045
-64.5061047997
-64.9277174769
-69.4242773302
-70.0
-70.0
-70.0
-70.0
-70.0
-70.0
-70.0
-70.0
-70.0
-70.0
-70.0
-70.0
-70.0
-70.0
-63.3182338607
-64.9130278934
-70.0
-70.0
-70.0
-70.0
-70.0
-70.0
-70.0
-70.0
-70.0
-70.0
-62.9969537164
-59.0285608224
-57.0132397252
-56.2369390761
-56.7255411362
-70.0
-70.0
-70.0
-70.0
-70.0
-70.0
-70.0
-66.5639341564
-64.6168301783
-63.6280067856
-63.2471125237
-63.2436722158
-63.4668189572
-63.8184797035
-64.2355268278
-65.0150356371
-70.0
-70.0
-70.0
-70.0
-70.0
-70.0
-70.0
-70.0
-70.0
-70.0
-70.0
-70.0
-70.0
-70.0
-70.0
-70.0
-70.0
-70.0
-70.0
-70.0
-70.0
-70.0
-70.0
-70.0
-70.0
-70.0
-70.0
-62.3908742092
-58.0790362611
-70.0
-70.0
-70.0
-70.0
-70.0
-70.0
-70.0
-70.0
-70.0
-70.0
-63.4149989331
-59.6834983285
-57.7884813548
-57.0585217921
-57.0519286614
-57.4795751609
-70.0
-70.0
-70.0
-70.0
-70.0
-70.0
-67.5668518519
-66.1880679012
-65.4878619342
-65.2181429561
-65.2157068041
-65.3737215527
-65.6227396835
-65.9180592392
-66.2313156646
-70.0
-70.0
-70.0
-70.0
-70.0
-70.0
-70.0
-70.0
-70.0
-70.0
-70.0
-70.0
-70.0
-70.0
-70.0
-62.2001930299
-61.3006329214
-70.0
-70.0
-70.0
-70.0
-70.0
-70.0
-70.0
-70.0
-70.0
-70.0
-62.9997864076
-59.0329987052
-57.0184927936
-56.2425061535
-56.7443131719
-58.1747613867
-70.0
-70.0
-70.0
-70.0
-70.0
-70.0
-68.2857469136
-67.3143368313
-66.8210128875
-66.6309847583
-66.6292683889
-66.7405962876
-66.9160398172
-67.1241046078
-67.3448066618
-68.0763835982
-70.0
-70.0
-70.0
-70.0
-70.0
-70.0
-70.0
-70.0
-70.0
-70.0
-70.0
-70.0
-70.0
-70.0
-62.2083844942
-64.4462648965
-70.0
-70.0
-70.0
-70.0
-70.0
-70.0
-70.0
-70.0
-70.0
-70.0
-63.1148658233
-59.2132897898
-57.2319011768
-56.468671303
-56.4617776687
-60.8857413478
-70.0
-70.0
-70.0
-70.0
-70.0
-70.0
-67.334255144
-65.8236663923
-65.0565242615
-64.7610215077
-64.7583524718
-64.9314726345
-65.2042956444
-65.5278462621
-65.871048424
-66.7324269911
-70.0
-70.0
-70.0
-70.0
-70.0
-70.0
-70.0
-70.0
-70.0
-70.0
-70.0
-70.0
-70.0
-70.0
-62.5208192658
-58.4507913679
-70.0
-70.0
-70.0
-70.0
-70.0
-70.0
-70.0
-70.0
-70.0
-70.0
-63.8468111568
-60.3600041457
-58.5892531342
-57.9071607561
-57.9009999707
-58.3006035005
-70.0
-70.0
-70.0
-70.0
-70.0
-70.0
-68.5854506173
-67.7838726337
-67.3767967558
-67.2199913372
-67.2185750415
-67.3104394293
-67.455210081
-67.6268988027
-67.809015409
-68.3457376976
-70.0
-70.0
-70.0
-70.0
-70.0
-70.0
-70.0
-70.0
-70.0
-70.0
-70.0
-70.0
-70.0
-70.0
-62.2183969798
-63.6105506365
-70.0
-70.0
-70.0
-70.0
-70.0
-70.0
-70.0
-70.0
-70.0
-70.0
-63.0991031855
-59.1885949906
-57.2026702406
-56.4376930493
-56.4307836329
-57.760464076
-70.0
-70.0
-70.0
-70.0
-70.0
-70.0
-66.2366597011
-64.1041001984
-63.0210944901
-62.6039212488
-62.6001532624
-62.8445540285
-63.2297093539
-63.686478904
-64.348574163
-70.0
-70.0
-70.0
-70.0
-70.0
-70.0
-70.0
-70.0
-70.0
-70.0
-70.0
-70.0
-70.0
-70.0
-70.0
-62.1996226947
-58.315153512
-70.0
-70.0
-70.0
-70.0
-70.0
-70.0
-70.0
-70.0
-70.0
-70.0
-63.4314118783
-59.7092119426
-57.8189182498
-57.0907780925
-57.084201395
-57.5107819967
-70.0
-70.0
-70.0
-70.0
-70.0
-70.0
-67.9082304527
-66.7228943759
-66.1209295839
-65.8890530559
-65.886958704
-66.0228034693
-66.2368835462
-66.4907688075
-66.7600743373
-69.1756577147
-70.0
-70.0
-70.0
-70.0
-70.0
-70.0
-70.0
-70.0
-70.0
-70.0
-70.0
-70.0
-70.0
-70.0
-62.2065450075
-58.3330130876
-70.0
-70.0
-70.0
-70.0
-70.0
-70.0
-70.0
-70.0
-70.0
-70.0
-63.1164702207
-59.2158033458
-57.2348764426
-56.4718244193
-56.4649323913
-57.0947757986
-70.0
-70.0
-70.0
-70.0
-70.0
-70.0
-68.9595514403
-68.3699639232
-68.0705459488
-67.9552102992
-67.9541685661
-68.0217379074
-68.1282215819
-68.2545044006
-68.3884572784
-68.7120682628
-70.0
-70.0
-70.0
-70.0
-70.0
-70.0
-70.0
-70.0
-70.0
-70.0
-70.0
-70.0
-70.0
-70.0
-62.2418853595
-58.3955418003
-70.0
-70.0
-70.0
-70.0
-70.0
-70.0
-70.0
-70.0
-70.0
-70.0
-63.5219708378
-59.8510876459
-57.9868548092
-57.2687532802
-57.2622672535
-57.682966729
-70.0
-70.0
-70.0
-70.0
-70.0
-70.0
-67.0979186497
-65.4534058845
-64.6182513626
-64.2965502707
-64.2936446065
-64.4821130545
-64.7791236881
-65.1313592786
-65.504988657
-68.0797910573
-70.0
-70.0
-70.0
-70.0
-70.0
-70.0
-70.0
-70.0
-70.0
-70.0
-70.0
-70.0
-70.0
-70.0
-62.2127234105
-58.1799766264
-70.0
-70.0
-70.0
-70.0
-70.0
-70.0
-70.0
-70.0
-70.0
-70.0
-63.785042524
-60.2632332876
-58.4747066362
-57.7857670908
-57.7795444605
-58.1831594004
-70.0
-70.0
-70.0
-70.0
-70.0
-70.0
-68.909
-68.2907666667
-67.9768011111
-67.8558617407
-67.8547693938
-67.9256216726
-68.037278984
-68.1696974048
-68.3101585437
-68.8350286339
-70.0
-70.0
-70.0
-70.0
-70.0
-70.0
-70.0
-70.0
-70.0
-70.0
-70.0
-70.0
-70.0
-70.0
-62.236660501
-58.4030252616
-70.0
-70.0
-70.0
-70.0
-70.0
-70.0
-70.0
-70.0
-70.0
-70.0
-63.4094439122
-59.6747954624
-57.7781798771
-57.0476045301
-57.0410058375
-57.469013094
-70.0
-70.0
-70.0
-70.0
-70.0
-70.0
-67.2657424838
-65.7163298914
-64.9294713395
-64.6263738304
-64.6236361972
-64.8012057441
-65.0810406141
-65.412906849
-65.7649296949
-66.5075469415
-70.0
-70.0
-70.0
-70.0
-70.0
-70.0
-70.0
-70.0
-70.0
-70.0
-70.0
-70.0
-70.0
-70.0
-62.2952350509
-57.9292015797
-70.0
-70.0
-70.0
-70.0
-70.0
-70.0
-70.0
-70.0
-70.0
-70.0
-63.9049742417
-60.451126312
-58.6971133438
-58.0214684514
-58.015365901
-58.411192174
-70.0
-70.0
-70.0
-70.0
-70.0
-70.0
-67.8466139488
-66.6263618531
-66.0066652006
-65.767958369
-65.7658023245
-65.9056486203
-66.1260347771
-66.3873986452
-66.6646370113
-70.0
-70.0
-70.0
-70.0
-70.0
-70.0
-70.0
-70.0
-70.0
-70.0
-70.0
-70.0
-70.0
-70.0
-70.0
-62.2353695205
-58.4162403686
-70.0
-70.0
-70.0
-70.0
-70.0
-70.0
-70.0
-70.0
-70.0
-70.0
-63.3283407715
-59.5477338753
-57.6277786085
-56.8882128281
-56.8815329322
-57.3148072303
-70.0
-70.0
-70.0
-70.0
-70.0
-70.0
-69.3995679012
-69.0593230453
-68.8865320302
-68.8199730201
-68.8193718467
-68.8583654145
-68.9198160413
-68.9926925494
-69.0699953692
-69.1473772155
-70.0
-70.0
-70.0
-70.0
-70.0
-70.0
-70.0
-70.0
-70.0
-70.0
-70.0
-70.0
-70.0
-70.0
-62.281554912
-57.9077693622
-70.0
-70.0
-70.0
-70.0
-70.0
-70.0
-70.0
-70.0
-70.0
-70.0
-63.8146794696
-60.3096645024
-58.5296667053
-57.8440124702
-57.8378195135
-58.2395097556
-70.0
-70.0
-70.0
-70.0
-70.0
-70.0
-67.3347125337
-65.8243829694
-65.0573724652
-64.7619204139
-64.7592518359
-64.9323422946
-65.2051184934
-65.5286135962
-65.8717568713
-66.2152509407
-70.0
-70.0
-70.0
-70.0
-70.0
-70.0
-70.0
-70.0
-70.0
-70.0
-70.0
-70.0
-70.0
-70.0
-62.2120400312
-58.0070413944
-70.0
-70.0
-70.0
-70.0
-70.0
-70.0
-70.0
-70.0
-70.0
-70.0
-63.8976131687
-60.4395939643
-58.6834626429
-58.0070017619
-58.0008918413
-58.3971961609
-70.0
-70.0
-70.0
-70.0
-70.0
-70.0
-70.0
-70.0
-70.0
-70.0
-70.0
-70.0
-70.0
-70.0
-70.0
-70.0
-70.0
-70.0
-70.0
-70.0
-70.0
-70.0
-70.0
-70.0
-70.0
-70.0
-70.0
-70.0
-70.0
-70.0
-62.2717886601
-57.8924689009
-70.0
-70.0
-70.0
-70.0
-70.0
-70.0
-70.0
-70.0
-70.0
-70.0
-63.4462977329
-59.7325331149
-57.8465232403
-57.1200332075
-57.1134714142
-57.5390852911
-70.0
-70.0
-70.0
-70.0
-70.0
-70.0
-67.7023919661
-66.4004140802
-65.739213546
-65.4845194406
-65.482218996
-65.6314314294
-65.8665778418
-66.1454464278
-66.4412526985
-66.9388208792
-70.0
-70.0
-70.0
-70.0
-70.0
-70.0
-70.0
-70.0
-70.0
-70.0
-70.0
-70.0
-70.0
-70.0
-62.3160785261
-57.9618563576
-70.0
-70.0
-70.0
-70.0
-70.0
-70.0
-70.0
-70.0
-70.0
-70.0
-63.8830446578
-60.4167699639
-58.6564461488
-57.9783703214
-57.9722458143
-58.3694962495
-70.0
-70.0
-70.0
-70.0
-70.0
-70.0
-67.6570179427
-66.3293281102
-65.6550699404
-65.3953460404
-65.3930001658
-65.5451593022
-65.7849494739
-66.0693252612
-66.3709732248
-67.4917899212
-70.0
-70.0
-70.0
-70.0
-70.0
-70.0
-70.0
-70.0
-70.0
-70.0
-70.0
-70.0
-70.0
-70.0
-62.2551350109
-57.8663781838
-70.0
-70.0
-70.0
-70.0
-70.0
-70.0
-70.0
-70.0
-70.0
-70.0
-63.4846771815
-59.7926609177
-57.9176957955
-57.1954601957
-57.1889368293
-57.6120582484
-70.0
-70.0
-70.0
-70.0
-70.0
-70.0
-69.8823930041
-69.8157490398
-69.7819043599
-69.7688674066
-69.7687496544
-69.7763873479
-69.7884237191
-69.8026980845
-69.8178394343
-69.832996263
-70.0
-70.0
-70.0
-70.0
-70.0
-70.0
-70.0
-70.0
-70.0
-70.0
-70.0
-70.0
-70.0
-70.0
-62.3093077827
-57.9512488595
-70.0
-70.0
-70.0
-70.0
-70.0
-70.0
-70.0
-70.0
-70.0
-70.0
-63.7808309709
-60.2566351877
-58.4668965449
-57.777490141
-57.771263294
-58.1751517427
-70.0
-70.0
-70.0
-70.0
-70.0
-70.0
-67.5335779898
-66.1359388507
-65.4261574056
-65.1527499583
-65.1502804913
-65.3104561281
-65.5628796392
-65.8622377579
-66.1797780372
-66.7177561032
-70.0
-70.0
-70.0
-70.0
-70.0
-70.0
-70.0
-70.0
-70.0
-70.0
-70.0
-70.0
-70.0
-70.0
-62.2255559956
-58.0409008928
-70.0
-70.0
-70.0
-70.0
-70.0
-70.0
-70.0
-70.0
-70.0
-70.0
-64.0703295229
-60.7101829193
-59.0037555264
-58.3464405732
-58.3405035821
-58.7255912681
-59.5555552557
-70.0
-70.0
-70.0
-70.0
-70.0
-70.0
-70.0
-70.0
-70.0
-70.0
-70.0
-70.0
-70.0
-70.0
-70.0
-70.0
-70.0
-70.0
-70.0
-70.0
-70.0
-70.0
-70.0
-70.0
-70.0
-70.0
-70.0
-70.0
-70.0
-62.3449311052
-58.0070587314
-65.1447436023
-70.0
-70.0
-70.0
-70.0
-70.0
-70.0
-70.0
-70.0
-70.0
-63.5258942638
-59.8572343466
-57.9941305848
-57.2764639748
-57.2699818764
-57.6904265547
-70.0
-70.0
-70.0
-70.0
-70.0
-70.0
-67.5393425441
-66.1449699857
-65.4368474512
-65.1640790154
-65.1616153201
-65.3214165922
-65.5732501358
-65.8719085907
-66.1887067107
-66.7319110293
-70.0
-70.0
-70.0
-70.0
-70.0
-70.0
-70.0
-70.0
-70.0
-70.0
-70.0
-70.0
-70.0
-70.0
-62.3226614833
-57.9721696571
-70.0
-70.0
-70.0
-70.0
-70.0
-70.0
-70.0
-70.0
-70.0
-70.0
-63.994716659
-60.5917227658
-58.8635356711
-58.1978388918
-58.1918261945
-58.5818243697
-60.6975706652
-70.0
-70.0
-70.0
-70.0
-70.0
-69.9311634887
-69.8921561324
-69.8723465141
-69.8647158594
-69.8646469379
-69.8691173537
-69.8761623581
-69.8845172821
-69.8933796605
-69.9022510988
-70.0
-70.0
-70.0
-70.0
-70.0
-70.0
-70.0
-70.0
-70.0
-70.0
-70.0
-70.0
-70.0
-70.0
-62.2336389305
-57.8327009912
-70.0
-70.0
-70.0
-70.0
-70.0
-70.0
-70.0
-70.0
-70.0
-70.0
-63.5681674542
-59.9234623449
-58.0725238678
-57.3595433193
-57.3531035462
-57.7708028975
-70.0
-70.0
-70.0
-70.0
-70.0
-70.0
-70.0
-70.0
-70.0
-70.0
-70.0
-70.0
-70.0
-70.0
-70.0
-70.0
-70.0
-70.0
-70.0
-70.0
-70.0
-70.0
-70.0
-70.0
-70.0
-70.0
-70.0
-70.0
-70.0
-70.0
-62.3338751106
-57.9897376733
-70.0
-70.0
-70.0
-70.0
-70.0
-70.0
-70.0
-70.0
-70.0
-70.0
-63.4676091227
-59.7659209589
-57.8860440287
-57.1619164029
-57.1553759474
-57.5796058091
-70.0
-70.0
-70.0
-70.0
-70.0
-70.0
-68.2038145989
-67.185976205
-66.6690739618
-66.4699634838
-66.4681650809
-66.5848138698
-66.7686426808
-66.986651878
-67.2179023338
-67.4493891961
-70.0
-70.0
-70.0
-70.0
-70.0
-70.0
-70.0
-70.0
-70.0
-70.0
-70.0
-70.0
-70.0
-70.0
-62.2354670088
-57.8355649804
-70.0
-70.0
-70.0
-70.0
-70.0
-70.0
-70.0
-70.0
-70.0
-70.0
-64.1897649749
-60.8972984606
-59.2252419367
-58.5811666245
-58.5753492163
-58.9526804642
-59.5473231975
-70.0
-70.0
-70.0
-70.0
-70.0
-70.0
-70.0
-70.0
-70.0
-70.0
-70.0
-70.0
-70.0
-70.0
-70.0
-70.0
-70.0
-70.0
-70.0
-70.0
-70.0
-70.0
-70.0
-70.0
-70.0
-70.0
-70.0
-70.0
-70.0
-62.3596748155
-58.0301572109
-57.6056075646
-70.0
-70.0
-70.0
-70.0
-70.0
-70.0
-70.0
-70.0
-70.0
-63.738924055
-60.1909810195
-58.3891824976
-57.6951306345
-57.6888618288
-58.0954718178
-61.6450062096
-70.0
-70.0
-70.0
-70.0
-70.0
-70.0
-70.0
-70.0
-70.0
-70.0
-70.0
-70.0
-70.0
-70.0
-70.0
-70.0
-70.0
-70.0
-70.0
-70.0
-70.0
-70.0
-70.0
-70.0
-70.0
-70.0
-70.0
-70.0
-70.0
-62.3699962329
-58.0463274315
-64.5205649394
-70.0
-70.0
-70.0
-70.0
-70.0
-70.0
-70.0
-70.0
-70.0
-63.9867349489
-60.5792180867
-58.8487340331
-58.1821524665
-58.1761317777
-58.5666483051
-59.1820699447
-70.0
-70.0
-70.0
-70.0
-70.0
-70.0
-70.0
-70.0
-70.0
-70.0
-70.0
-70.0
-70.0
-70.0
-70.0
-70.0
-70.0
-70.0
-70.0
-70.0
-70.0
-70.0
-70.0
-70.0
-70.0
-70.0
-70.0
-70.0
-70.0
-62.3330859064
-57.9885012534
-62.8334457634
-70.0
-70.0
-70.0
-70.0
-70.0
-70.0
-70.0
-70.0
-70.0
-63.6158402683
-59.9981497537
-58.1609304532
-57.4532345244
-57.446842483
-57.861445842
-67.8967417083
-70.0
-70.0
-70.0
-70.0
-70.0
-70.0
-70.0
-70.0
-70.0
-70.0
-70.0
-70.0
-70.0
-70.0
-70.0
-70.0
-70.0
-70.0
-70.0
-70.0
-70.0
-70.0
-70.0
-70.0
-70.0
-70.0
-70.0
-70.0
-70.0
-62.4472328782
-58.1673315091
-55.9938129707
-70.0
-70.0
-70.0
-70.0
-70.0
-70.0
-70.0
-70.0
-70.0
-63.8853837703
-60.4204345734
-58.6607839029
-57.9829673705
-57.9768452053
-58.3739437327
-58.9997380581
-70.0
-70.0
-70.0
-70.0
-70.0
-70.0
-70.0
-70.0
-70.0
-70.0
-70.0
-70.0
-70.0
-70.0
-70.0
-70.0
-70.0
-70.0
-70.0
-70.0
-70.0
-70.0
-70.0
-70.0
-70.0
-70.0
-70.0
-70.0
-70.0
-62.5668317499
-58.3547030748
-56.215602434
-70.0
-70.0
-70.0
-70.0
-70.0
-70.0
-70.0
-70.0
-70.0
-64.865399177
-61.9557920439
-60.4781680293
-59.9089880195
-59.9038470797
-60.2373009464
-60.7627965683
-67.4360779267
-70.0
-70.0
-70.0
-70.0
-70.0
-70.0
-70.0
-70.0
-70.0
-70.0
-70.0
-70.0
-70.0
-70.0
-70.0
-70.0
-70.0
-70.0
-70.0
-70.0
-70.0
-70.0
-70.0
-70.0
-70.0
-70.0
-70.0
-70.0
-62.3775778906
-58.058205362
-55.8646416661
-70.0
-70.0
-70.0
-70.0
-70.0
-70.0
-70.0
-70.0
-70.0
-64.0713482702
-60.7117789566
-59.0056447366
-58.3484427134
-58.3425067423
-58.7275282683
-59.3342902416
-70.0
-70.0
-70.0
-70.0
-70.0
-70.0
-70.0
-70.0
-70.0
-70.0
-70.0
-70.0
-70.0
-70.0
-70.0
-70.0
-70.0
-70.0
-70.0
-70.0
-70.0
-70.0
-70.0
-70.0
-70.0
-70.0
-70.0
-70.0
-70.0
-62.5817956838
-58.3781465713
-56.2433522181
-56.6093555377
-70.0
-70.0
-70.0
-70.0
-70.0
-70.0
-70.0
-70.0
-64.2451311746
-60.9840388402
-59.3279154783
-58.6899776118
-58.6842156382
-59.0579512661
-59.6469276007
-70.0
-70.0
-70.0
-70.0
-70.0
-70.0
-70.0
-70.0
-70.0
-70.0
-70.0
-70.0
-70.0
-70.0
-70.0
-70.0
-70.0
-70.0
-70.0
-70.0
-70.0
-70.0
-70.0
-70.0
-70.0
-70.0
-70.0
-70.0
-70.0
-62.3556144432
-58.023795961
-56.0641746438
-70.0
-70.0
-70.0
-70.0
-70.0
-70.0
-70.0
-70.0
-70.0
-64.7612388355
-61.792607509
-60.2850084628
-59.7042820863
-59.6990368575
-60.0392551584
-60.5754109669
-62.1301193705
-70.0
-70.0
-70.0
-70.0
-70.0
-70.0
-70.0
-70.0
-70.0
-70.0
-70.0
-70.0
-70.0
-70.0
-70.0
-70.0
-62.3690669669
-69.4550191769
-70.0
-70.0
-70.0
-70.0
-70.0
-70.0
-70.0
-70.0
-70.0
-70.0
-63.0804577414
-59.1593837948
-57.1680933004
-56.401049227
-56.3941211421
-56.8434935865
-70.0
-70.0
-70.0
-70.0
-70.0
-70.0
-69.6694238683
-69.4820973937
-69.3869649291
-69.3503199528
-69.3499889685
-69.3714574123
-69.4052898982
-69.4454130598
-69.4879731881
-69.5305768255
-70.0
-70.0
-70.0
-70.0
-70.0
-70.0
-70.0
-70.0
-70.0
-70.0
-70.0
-70.0
-70.0
-70.0
-62.322015993
-57.971158389
-70.0
-70.0
-70.0
-70.0
-70.0
-70.0
-70.0
-70.0
-70.0
-70.0
-63.5348339145
-59.8712397994
-58.0107086703
-57.2940330372
-57.2875598895
-57.7074240045
-70.0
-70.0
-70.0
-70.0
-70.0
-70.0
-68.6961488978
-67.95729994
-67.5820805672
-67.437546258
-67.4362407972
-67.5209161608
-67.654357507
-67.8126103978
-67.980475119
-68.1485114477
-70.0
-70.0
-70.0
-70.0
-70.0
-70.0
-70.0
-70.0
-70.0
-70.0
-70.0
-70.0
-70.0
-70.0
-62.3592305148
-58.0294611398
-58.0744338098
-70.0
-70.0
-70.0
-70.0
-70.0
-70.0
-70.0
-70.0
-70.0
-64.1639103795
-60.8567929279
-59.177296026
-58.530354684
-58.5245113893
-58.9035216996
-59.5008104957
-70.0
