-62.0
-57.4666666667
-55.1644444444
-54.2776296296
0
-70.0
-70.0
-70.0
-70.0
-70.0
-70.0
-70.0
-68.8018888889
-68.1229592593
-67.7781695062
-67.6453566708
-61.2244039941
-57.664352255
-55.9395094696
-55.3732868161
0
-70.0
-70.0
-70.0
-70.0
-70.0
-70.0
-70.0
-67.5522633745
-66.16521262
-65.4608084134
-65.1894722756
-58.7672684306
-55.2883705093
0
-70.0
-70.0
-70.0
-70.0
-70.0
-70.0
-70.0
-70.0
-70.0
-64.7464088404
-61.7693738499
-60.2575070606
-59.6751367517
0
-70.0
-70.0
-70.0
-70.0
-70.0
-70.0
-70.0
-66.9069761327
-65.1542626079
-64.2641590727
-63.9212916492
-57.4984417204
-54.0614503724
0
-70.0
-70.0
-70.0
-70.0
-70.0
-70.0
-70.0
-70.0
-70.0
-64.3444958122
-61.1397101058
-59.5121816784
-58.8852585661
0
-70.0
-70.0
-70.0
-70.0
-70.0
-70.0
-70.0
-68.0396790123
-66.9288304527
-66.3646936351
-66.1473884234
-59.7256725959
-56.2151206795
-54.568285507
-54.0945748866
0
-70.0
-70.0
-70.0
-70.0
-70.0
-70.0
-70.0
-67.8143950617
-66.5758855967
-65.9469170645
-65.7046387096
-59.28269732
-55.7867759089
-54.1629971986
0
-70.0
-70.0
-70.0
-70.0
-70.0
-70.0
-70.0
-70.0
-65.2687986762
-62.5877845927
-61.2262499896
-60.7017875613
-54.2772974326
0
-70.0
-70.0
-70.0
-70.0
-70.0
-70.0
-70.0
-70.0
-70.0
-70.0
-63.6302758726
-60.0207655337
-58.1877004793
-57.481604764
0
-70.0
-70.0
-70.0
-70.0
-70.0
-70.0
-70.0
-68.171037037
-67.1346246914
-66.6082897942
-66.4055458628
-59.9839615555
-56.4648789192
-54.8046000401
-54.3149460447
0
-70.0
-70.0
-70.0
-70.0
-70.0
-70.0
-70.0
-67.9652304527
-66.8121943759
-66.2266329172
-66.0010749448
-59.5792845768
-56.0735675368
-54.4343517282
-54.1431568972
0
-70.0
-70.0
-70.0
-70.0
-70.0
-70.0
-70.0
-67.4460384577
-65.9987935837
-65.2638202065
-64.98070884
-58.558398639
-55.0863992304
0
-70.0
-70.0
-70.0
-70.0
-70.0
-70.0
-70.0
-70.0
-70.0
-63.9512066248
-60.5235570455
-58.7828487297
-58.1123287826
0
-70.0
-70.0
-70.0
-70.0
-70.0
-70.0
-70.0
-68.1608559671
-67.1186743484
-66.5894095656
-66.3855370437
-59.9639425427
-56.4455210907
-54.7862841831
-54.2978658992
0
-70.0
-70.0
-70.0
-70.0
-70.0
-70.0
-70.0
-68.1643744856
-67.1241866941
-66.5959344627
-66.3924519752
-59.970860997
-56.4522110436
-54.7926140367
-54.303768698
0
-70.0
-70.0
-70.0
-70.0
-70.0
-70.0
-70.0
-67.7374635249
-66.4553595224
-65.8042518034
-65.5534454453
-59.1314270291
-55.6405017451
-54.0245965166
0
-70.0
-70.0
-70.0
-70.0
-68.3057478321
-67.3456716036
-66.8581034798
-66.6702924894
-60.2488430592
-56.7210119657
-55.0469462441
-70.0
-70.0
-70.0
-70.0
-70.0
-69.0487460519
-68.5097021479
-68.2359524006
-68.1305041389
-61.7097986241
-58.1337153611
-56.3836082246
-55.7874236686
0
-70.0
-70.0
-70.0
-70.0
-70.0
-70.0
-70.0
-68.4679958848
-67.5998602195
-67.1589834797
-66.9891579864
-60.5678710045
-57.0295031153
-55.3388322778
-54.8131353661
0
-70.0
-70.0
-70.0
-70.0
-70.0
-70.0
-70.0
-67.9672222222
-66.8153148148
-66.2303265432
-66.0049893621
-59.5832009883
-56.0773545978
-54.4379349435
0
-70.0
-70.0
-70.0
-70.0
-70.0
-70.0
-70.0
-70.0
-68.0895061728
-67.0068930041
-66.4570953361
-66.2453135574
-59.8236476185
-56.3098598012
-54.6579251175
-54.1781668033
0
-70.0
-70.0
-70.0
-70.0
-70.0
-70.0
-70.0
-67.8117983539
-66.5718174211
-65.9421016141
-65.6995354094
-59.2775914198
-55.7818386454
-54.1583256926
0
-70.0
-70.0
-70.0
-70.0
-70.0
-70.0
-70.0
-70.0
-67.5914238683
-66.2265640604
-65.5334293736
-65.266434249
-58.8442696129
-55.3628285109
0
-70.0
-70.0
-70.0
-70.0
-70.0
-70.0
-70.0
-70.0
-70.0
-64.7716442705
-61.8089093571
-60.3043047638
-59.724731849
0
-70.0
-70.0
-70.0
-70.0
-70.0
-70.0
-70.0
-70.0
-70.0
-70.0
-70.0
-63.7855314739
-60.263999309
-58.4756133665
-57.7867280221
0
-70.0
-70.0
-70.0
-70.0
-70.0
-70.0
-70.0
-69.1790493827
-68.7138440329
-68.4775926886
-68.3865887924
-61.9660137419
-58.3814682535
-56.618025352
-56.0060254327
0
-70.0
-70.0
-70.0
-70.0
-70.0
-70.0
-70.0
-68.7053168724
-67.9716631001
-67.5990820668
-67.4555640445
-61.0345146766
-57.4807345666
-55.7657753484
-55.2112739725
0
-70.0
-70.0
-70.0
-70.0
-70.0
-70.0
-70.0
-68.6336413106
-67.8593713867
-67.4661637194
-67.3147003284
-60.8935791964
-57.3444538773
-55.6368302233
-55.0910283568
0
-70.0
-70.0
-70.0
-70.0
-70.0
-70.0
-70.0
-70.0
-70.0
-70.0
-70.0
-63.6409352233
-60.0374651832
-58.207467653
-57.5025535464
0
-70.0
-70.0
-70.0
-70.0
-70.0
-70.0
-70.0
-69.1908559671
-68.7323410151
-68.4994873434
-68.4097922289
-61.9892289995
-58.4039167619
-56.6392655273
-56.0258326022
0
-70.0
-70.0
-70.0
-70.0
-70.0
-70.0
-70.0
-69.5327325103
-69.2679475995
-69.1334783996
-69.0816809331
-62.6614600023
-59.0539454438
-57.2543051938
-56.5993775374
0
-70.0
-70.0
-70.0
-70.0
-70.0
-70.0
-70.0
-69.2478847737
-68.8216861454
-68.6052440969
-68.5218707313
-62.1013646011
-58.5123487696
-56.7418609784
-56.1215062711
0
-70.0
-70.0
-70.0
-70.0
-70.0
-70.0
-70.0
-68.4808726655
-67.6200338426
-67.1828627541
-67.0144646759
-60.5931905867
-57.0539864469
-55.3619977482
-54.8347379373
0
-70.0
-70.0
-70.0
-70.0
-70.0
-70.0
-70.0
-70.0
-70.0
-70.0
-70.0
-64.4596762689
-61.3201594879
-59.7257774364
-59.1116222909
0
-70.0
-70.0
-70.0
-70.0
-70.0
-70.0
-70.0
-70.0
-70.0
-70.0
-70.0
-63.7198646548
-60.1611212925
-58.3538378987
-57.6576732658
0
-70.0
-70.0
-70.0
-70.0
-70.0
-70.0
-70.0
-69.8666666667
-69.7911111111
-69.7527407407
-69.7379604938
-63.3180739095
-59.6888728285
-57.855056419
-57.159598026
0
-70.0
-70.0
-70.0
-70.0
-70.0
-70.0
-70.0
-69.2973097817
-68.899118658
-68.6969000285
-68.6190055165
-62.1985488723
-58.6063232568
-56.8307771122
-56.2044235217
0
-70.0
-70.0
-70.0
-70.0
-70.0
-70.0
-70.0
-68.4265113385
-67.5348677637
-67.0820526933
-66.9076285613
-60.4863000437
-56.9506262649
-55.2642011222
-54.7435393325
0
-70.0
-70.0
-70.0
-70.0
-70.0
-70.0
-70.0
-69.2116460905
-68.7649122085
-68.5380414723
-68.4506509816
-62.030108568
-58.4434461675
-56.6766671883
-56.0607108946
0
-70.0
-70.0
-70.0
-70.0
-70.0
-70.0
-70.0
-70.0
-70.0
-70.0
-70.0
-64.03547508
-60.6555776254
-58.9391198984
-58.2779412656
0
-70.0
-70.0
-70.0
-70.0
-70.0
-70.0
-70.0
-70.0
-70.0
-70.0
-70.0
-63.6558646548
-60.0608546258
-58.2351534542
-57.5318943028
0
-70.0
-70.0
-70.0
-70.0
-70.0
-70.0
-70.0
-69.4844670625
-69.1923317312
-69.0439728081
-68.9868250272
-62.5665557714
-58.9621756922
-57.1674751216
-56.5184056085
0
-70.0
-70.0
-70.0
-70.0
-70.0
-70.0
-70.0
-70.0
-70.0
-70.0
-70.0
-63.621988518
-60.0077820115
-58.1723320406
-57.4653176567
0
-70.0
-70.0
-70.0
-70.0
-70.0
-70.0
-70.0
-70.0
-70.0
-70.0
-70.0
-63.882137479
-60.4153487172
-58.6547638361
-57.9765874463
0
-70.0
-70.0
-70.0
-70.0
-70.0
-70.0
-70.0
-70.0
-70.0
-70.0
-70.0
-63.7557055327
-60.2172720012
-58.4203028156
-57.7281112104
0
-70.0
-70.0
-70.0
-70.0
-70.0
-70.0
-70.0
-70.0
-70.0
-70.0
-70.0
-64.1866934918
-60.8924864706
-59.2195460421
-58.5751302503
0
-70.0
-70.0
-70.0
-70.0
-70.0
-70.0
-70.0
-69.8663388843
-69.7905975854
-69.7521328866
-69.7373163044
-63.3174293918
-59.6882495979
-57.8544667349
-57.159048126
0
-70.0
-70.0
-70.0
-70.0
-70.0
-70.0
-70.0
-69.7848683659
-69.6629604399
-69.6010503363
-69.5772025962
-63.1572341126
-59.5333452186
-57.707900375
-57.022370123
0
-70.0
-70.0
-70.0
-70.0
-70.0
-70.0
-70.0
-70.0
-70.0
-70.0
-70.0
-64.5409053498
-61.4474183813
-59.8764122542
-59.2712615028
0
-70.0
-70.0
-70.0
-70.0
-70.0
-70.0
-70.0
-70.0
-70.0
-70.0
-70.0
-63.9815211096
-60.5710497384
-58.8390652577
-58.1719057273
0
-70.0
-70.0
-70.0
-70.0
-70.0
-70.0
-70.0
-70.0
-70.0
-70.0
-70.0
-63.7167406431
-60.1562270075
-58.3480445925
-57.6515336571
0
-70.0
-70.0
-70.0
-70.0
-70.0
-70.0
-70.0
-70.0
-70.0
-70.0
-70.0
-64.0756896815
-60.7185805009
-59.0136956426
-58.3569748728
0
-70.0
-70.0
-70.0
-70.0
-70.0
-70.0
-70.0
-70.0
-70.0
-70.0
-70.0
-63.6373147922
-60.0317931744
-58.2007537646
-57.4954383266
0
-70.0
-70.0
-70.0
-70.0
-70.0
-70.0
-70.0
-70.0
-70.0
-70.0
-70.0
-64.1261746685
-60.7976736473
-59.1073172464
-58.4561928309
0
-70.0
-70.0
-70.0
-70.0
-70.0
-70.0
-70.0
-70.0
-70.0
-70.0
-70.0
-64.7700631001
-61.8064321902
-60.3013725713
-59.7216243808
0
-70.0
-70.0
-70.0
-70.0
-70.0
-70.0
-70.0
-70.0
-70.0
-70.0
-70.0
-63.6440871598
-60.042403217
-58.2133127441
-57.5087480356
0
-70.0
-70.0
-70.0
-70.0
-70.0
-70.0
-70.0
-70.0
-70.0
-70.0
-70.0
-63.734894071
-60.1846673779
-58.3817091162
-57.6872105219
0
-70.0
-70.0
-70.0
-70.0
-70.0
-70.0
-70.0
-70.0
-70.0
-70.0
-70.0
-64.0568189808
-60.6890164033
-58.9787009767
-58.3198883548
0
-70.0
-70.0
-70.0
-70.0
-70.0
-70.0
-70.0
-70.0
-70.0
-70.0
-70.0
-64.1604901692
-60.8514345984
-59.170953436
-58.5236329573
0
-70.0
-70.0
-70.0
-70.0
-70.0
-70.0
-70.0
-70.0
-70.0
-70.0
-70.0
-64.1544301174
-60.8419405172
-59.1597154065
-58.5117231599
0
-70.0
-70.0
-70.0
-70.0
-70.0
-70.0
-70.0
-70.0
-70.0
-70.0
-70.0
-64.7039536656
-61.7028607428
-60.1787762977
-59.591699754
0
-70.0
-70.0
-70.0
-70.0
-70.0
-70.0
-70.0
-70.0
-70.0
-70.0
-70.0
-63.7230647633
-60.1661347958
-58.3597723222
-57.6639624272
0
-70.0
-70.0
-70.0
-70.0
-70.0
-70.0
-70.0
-70.0
-70.0
-70.0
-70.0
-63.7183080431
-60.1586826008
-58.3509512487
-57.6546140625
0
-70.0
-70.0
-70.0
-70.0
-70.0
-70.0
-70.0
-70.0
-70.0
-70.0
-70.0
-64.8182313672
-61.8818958086
-60.3906979465
-59.8162892976
0
-70.0
-70.0
-70.0
-70.0
-70.0
-70.0
-70.0
-70.0
-70.0
-70.0
-70.0
-64.3851156836
-61.2033479043
-59.5875089732
-58.9650886488
0
-70.0
-70.0
-70.0
-70.0
-70.0
-70.0
-70.0
-70.0
-70.0
-70.0
-70.0
-64.1183449982
-60.7854071639
-59.0927975579
-58.440805209
0
-70.0
-70.0
-70.0
-70.0
-70.0
-70.0
-70.0
-70.0
-70.0
-70.0
-70.0
-64.2402190723
-60.9763432133
-59.3188062574
-58.6803238753
0
-70.0
-70.0
-70.0
-70.0
-70.0
-70.0
-70.0
-70.0
-70.0
-70.0
-70.0
-63.8560773018
-60.3745211062
-58.6064366853
-57.9253714766
0
-70.0
-70.0
-70.0
-70.0
-70.0
-70.0
-70.0
-70.0
-70.0
-70.0
-70.0
-64.4927626886
-61.3719948788
-59.7871343637
-59.1766469091
0
-70.0
-70.0
-70.0
-70.0
-70.0
-70.0
-70.0
-70.0
-70.0
-70.0
-70.0
-64.86702271
-61.9583355789
-60.481178781
-59.9121787429
0
-70.0
-70.0
-70.0
-70.0
-70.0
-70.0
-70.0
-70.0
-70.0
-70.0
-70.0
-63.8398891507
-60.3491596695
-58.5764166584
-57.8935569632
0
-70.0
-70.0
-70.0
-70.0
-70.0
-70.0
-70.0
-70.0
-70.0
-70.0
-70.0
-63.9238059352
-60.4806292985
-58.7320356732
-58.0584783089
0
-70.0
-70.0
-70.0
-70.0
-70.0
-70.0
-70.0
-70.0
-70.0
-70.0
-70.0
-64.3754330133
-61.1881783874
-59.569552999
-58.9460593327
0
-70.0
-70.0
-70.0
-70.0
-70.0
-70.0
-70.0
-70.0
-70.0
-70.0
-70.0
-64.4478292943
-61.3015992278
-59.7038078802
-59.0883394757
0
-70.0
-70.0
-70.0
-70.0
-70.0
-70.0
-70.0
-70.0
-70.0
-70.0
-70.0
-64.4260521262
-61.2674816644
-59.6634233318
-59.0455408879
0
-70.0
-70.0
-70.0
-70.0
-70.0
-70.0
-70.0
-70.0
-70.0
-70.0
-70.0
-64.9255272062
-62.0499926231
-60.5896721191
-60.0271574127
0
-70.0
-70.0
-70.0
-70.0
-70.0
-70.0
-70.0
-70.0
-70.0
-70.0
-70.0
-63.8265114618
-60.3282012901
-58.5516084774
-57.8672658406
0
-70.0
-70.0
-70.0
-70.0
-70.0
-70.0
-70.0
-70.0
-70.0
-70.0
-70.0
-63.9771937923
-60.5642702747
-58.8310404882
-58.1634012668
0
-70.0
-70.0
-70.0
-70.0
-70.0
-70.0
-70.0
-70.0
-70.0
-70.0
-70.0
-65.2547160494
-62.5657218107
-61.2001345405
-60.674111027
-54.2496067982
0
-70.0
-70.0
-70.0
-70.0
-70.0
-70.0
-70.0
-70.0
-70.0
-70.0
-65.19959524
-62.479365876
-61.0979160617
-60.5657823044
-54.1412228868
0
-70.0
-70.0
-70.0
-70.0
-70.0
-70.0
-70.0
-70.0
-70.0
-70.0
-64.9729089555
-62.1242240302
-60.6775389407
-60.120276589
0
-70.0
-70.0
-70.0
-70.0
-70.0
-70.0
-70.0
-70.0
-70.0
-70.0
-70.0
-64.5620655388
-61.4805693442
-59.9156526493
-59.312847544
0
-70.0
-70.0
-70.0
-70.0
-70.0
-70.0
-70.0
-70.0
-70.0
-70.0
-70.0
-64.0110635178
-60.6173328446
-58.8938500125
-58.2299653128
0
-70.0
-70.0
-70.0
-70.0
-70.0
-70.0
-70.0
-70.0
-70.0
-70.0
-70.0
-64.5578161866
-61.4739120256
-59.9077724615
-59.3044963077
0
-70.0
-70.0
-70.0
-70.0
-70.0
-70.0
-70.0
-70.0
-70.0
-70.0
-70.0
-65.1389775949
-62.384398232
-60.9855040065
-60.446650671
-54.0220305609
0
-70.0
-70.0
-70.0
-70.0
-70.0
-70.0
-70.0
-70.0
-70.0
-70.0
-64.7809258164
-61.8234504457
-60.3215168751
-59.7429728369
0
-70.0
-70.0
-70.0
-70.0
-70.0
-70.0
-70.0
-70.0
-70.0
-70.0
-70.0
-64.0145636453
-60.6228163776
-58.9003408044
-58.2368441003
0
-70.0
-70.0
-70.0
-70.0
-70.0
-70.0
-70.0
-70.0
-70.0
-70.0
-70.0
-64.578060255
-61.5056277329
-59.9453139619
-59.3442819005
0
-70.0
-70.0
-70.0
-70.0
-70.0
-70.0
-70.0
-70.0
-70.0
-70.0
-70.0
-64.6799219631
-61.6652110755
-60.1342108405
-59.5444703381
0
-70.0
-70.0
-70.0
-70.0
-70.0
-70.0
-70.0
-70.0
-70.0
-70.0
-70.0
-64.6994299649
-61.6957736117
-60.1703873461
-59.5828093418
0
-70.0
-70.0
-70.0
-70.0
-70.0
-70.0
-70.0
-70.0
-70.0
-70.0
-70.0
-64.3224250814
-61.1051326275
-59.4712527343
-58.8418830405
0
-70.0
-70.0
-70.0
-70.0
-70.0
-70.0
-70.0
-70.0
-70.0
-70.0
-70.0
-64.1699398526
-60.8662391024
-59.1884773489
-58.5422043852
0
-70.0
-70.0
-70.0
-70.0
-70.0
-70.0
-70.0
-70.0
-70.0
-70.0
-70.0
-64.1604747824
-60.8514104924
-59.170924902
-58.5236027177
0
-70.0
-70.0
-70.0
-70.0
-70.0
-70.0
-70.0
-70.0
-70.0
-70.0
-70.0
-65.577569273
-63.0715251943
-61.7988479073
-61.3086132716
-54.8844322946
0
-70.0
-70.0
-70.0
-70.0
-70.0
-70.0
-70.0
-70.0
-70.0
-70.0
-65.7468930001
-63.3367990334
-62.1128493523
-61.6413845653
-55.2173731211
0
-70.0
-70.0
-70.0
-70.0
-70.0
-70.0
-70.0
-70.0
-70.0
-70.0
-65.1583999593
-62.4148266029
-61.0215217023
-60.4848213719
-54.0602207081
0
-70.0
-70.0
-70.0
-70.0
-70.0
-70.0
-70.0
-70.0
-70.0
-70.0
-65.1483895748
-62.3991436672
-61.0029580004
-60.4651480003
-54.0405373138
0
-70.0
-70.0
-70.0
-70.0
-70.0
-70.0
-70.0
-70.0
-70.0
-70.0
-64.9641361261
-62.1104799309
-60.6612702161
-60.10303538
0
-70.0
-70.0
-70.0
-70.0
-70.0
-70.0
-70.0
-70.0
-70.0
-70.0
-70.0
-64.9622764822
-62.1075664888
-60.6578216098
-60.0993806288
0
-70.0
-70.0
-70.0
-70.0
-70.0
-70.0
-70.0
-70.0
-70.0
-70.0
-70.0
-65.1335511613
-62.3758968194
-60.9754409869
-60.4359861212
-54.011360578
0
-70.0
-70.0
-70.0
-70.0
-70.0
-70.0
-70.0
-70.0
-70.0
-70.0
-65.1738418103
-62.4390188362
-61.0501577571
-60.5151691845
-54.0905839816
0
-70.0
-70.0
-70.0
-70.0
-70.0
-70.0
-70.0
-70.0
-70.0
-70.0
-65.0888600191
-62.3058806965
-60.8925637464
-60.3481547849
0
-70.0
-70.0
-70.0
-70.0
-70.0
-70.0
-70.0
-70.0
-70.0
-70.0
-70.0
-64.972345679
-62.1233415638
-60.6764943759
-60.1191695839
0
-70.0
-70.0
-70.0
-70.0
-70.0
-70.0
-70.0
-70.0
-70.0
-70.0
-70.0
-65.2661569883
-62.5836459483
-61.221351126
-60.6965958618
-54.2721030881
0
-70.0
-70.0
-70.0
-70.0
-70.0
-70.0
-70.0
-70.0
-70.0
-70.0
-65.8773077275
-63.5411154397
-62.3546962191
-61.897688146
-55.4738072776
0
-70.0
-70.0
-70.0
-70.0
-70.0
-70.0
-70.0
-70.0
-70.0
-70.0
-65.4001918658
-62.7936339231
-61.46991136
-60.9600141102
-54.5356555368
0
-70.0
-70.0
-70.0
-70.0
-70.0
-70.0
-70.0
-70.0
-70.0
-70.0
-65.7428953175
-63.3305359974
-62.1054358722
-61.6335279346
-55.2095124878
0
-70.0
-70.0
-70.0
-70.0
-70.0
-70.0
-70.0
-70.0
-70.0
-70.0
-66.5553488797
-64.6033799116
-63.612085867
-63.2302399113
-56.8070379211
0
-70.0
-70.0
-70.0
-70.0
-70.0
-70.0
-70.0
-70.0
-70.0
-70.0
-66.7856438817
-64.9641754147
-64.039155154
-63.6828378258
-57.2598664149
0
-70.0
-70.0
-70.0
-70.0
-70.0
-70.0
-70.0
-70.0
-70.0
-70.0
-65.5194672803
-62.9804987392
-61.6911009899
-61.1944256406
-54.7701864899
0
-70.0
-70.0
-70.0
-70.0
-70.0
-70.0
-70.0
-70.0
-70.0
-70.0
-65.3572955343
-62.7264296703
-61.3903624963
-60.8757101087
-54.4513085861
0
-70.0
-70.0
-70.0
-70.0
-70.0
-70.0
-70.0
-70.0
-70.0
-70.0
-65.6659228776
-63.2099458416
-61.9626947586
-61.4822542835
-55.0581617693
0
-70.0
-70.0
-70.0
-70.0
-70.0
-70.0
-70.0
-70.0
-70.0
-70.0
-66.6397055327
-64.7355386679
-63.7685205934
-63.3960257289
-56.9729081995
0
-70.0
-70.0
-70.0
-70.0
-70.0
-70.0
-70.0
-70.0
-70.0
-70.0
-66.8094098379
-65.001408746
-64.0832277994
-63.7295449714
-57.3065973558
0
-70.0
-70.0
-70.0
-70.0
-70.0
-70.0
-70.0
-70.0
-70.0
-70.0
-65.8778807703
-63.5420132068
-62.3557588952
-61.898814345
-55.4749340503
0
-70.0
-70.0
-70.0
-70.0
-70.0
-70.0
-70.0
-70.0
-70.0
-70.0
-65.9170315501
-63.6033494284
-62.4283618412
-61.9757572275
-55.5519161319
0
-70.0
-70.0
-70.0
-70.0
-70.0
-70.0
-70.0
-70.0
-70.0
-70.0
-65.3627405639
-62.7349602167
-61.4004600012
-60.8864112052
-54.4620151343
0
-70.0
-70.0
-70.0
-70.0
-70.0
-70.0
-70.0
-70.0
-70.0
-70.0
-66.9475281207
-65.2177940558
-64.3393604816
-64.0009883211
-57.5781789943
-54.1385540984
0
-70.0
-70.0
-70.0
-70.0
-70.0
-70.0
-70.0
-70.0
-70.0
-67.7502403328
-66.4753765213
-65.8279456838
-65.5785556584
-59.1565500349
-55.6647949929
-54.0475821346
0
-70.0
-70.0
-70.0
-70.0
-70.0
-70.0
-70.0
-70.0
-70.0
-70.0
-70.0
-70.0
-63.8655031638
-60.38928829
-58.6239164227
-57.9438960883
0
-70.0
-70.0
-70.0
-70.0
-70.0
-70.0
-70.0
-70.0
-70.0
-70.0
-70.0
-64.6385099832
-61.6003323071
-60.0574146245
-59.4630835274
0
-70.0
-70.0
-70.0
-70.0
-70.0
-70.0
-70.0
-70.0
-70.0
-70.0
-70.0
-64.7211554649
-61.7298102283
-60.2106760788
-59.6255063865
0
-70.0
-70.0
-70.0
-70.0
-70.0
-70.0
-70.0
-70.0
-70.0
-70.0
-70.0
-64.7700878931
-61.8064710325
-60.3014185484
-59.7216731064
0
-70.0
-70.0
-70.0
-70.0
-70.0
-70.0
-70.0
-70.0
-70.0
-70.0
-70.0
-64.4583288766
-61.3180485733
-59.7232787722
-59.1089742659
0
-70.0
-70.0
-70.0
-70.0
-70.0
-70.0
-70.0
-70.0
-70.0
-70.0
-70.0
-65.1533229691
-62.4068726515
-61.012106706
-60.4748435817
-54.0502378347
0
-70.0
-70.0
-70.0
-70.0
-70.0
-70.0
-70.0
-70.0
-70.0
-70.0
-65.7002432697
-63.2637144559
-62.026340019
-61.549704023
-55.1256458715
0
-70.0
-70.0
