-70.0
-70.0
-70.0
-70.0
-69.0
-68.1
-67.6233333333
-67.4165555556
-67.3786037037
-67.4432124691
-63.1987263473
-60.878743796
-59.7907961387
-58.774630636
-58.5391103131
-58.7798277757
-59.298263994
-59.9660502585
-60.7011870086
-61.4522294917
-62.1877806652
-59.4298192815
-56.9606601836
-55.9138093854
-56.7552385936
-57.7015881654
-55.8705706874
-54.0762195527
0
-70.0
-70.0
-70.0
-70.0
-66.0814029755
-63.8608646617
-62.733179518
-62.2987957812
-62.2948723464
-62.5493558739
-62.9504007947
-64.4244919485
-65.4947969091
-65.2987143418
-65.3377743234
-62.0569184359
-60.3531742889
-59.6524886577
-59.5769943238
-57.0703569636
-55.9973626487
-55.8203206382
-56.1867514106
-56.8670514937
-57.7129964937
-58.6301302773
-59.5594062049
-60.4649915546
-61.3261763793
-62.1320147281
-62.8777839131
-63.562652627
-64.1881521012
-64.7571800489
-65.2733574826
-65.7406186934
-66.1629547968
-66.5442579656
-66.888231268
-67.1983408738
-67.4777952749
-67.7295414064
-67.9562710384
-68.1604331163
-69.3442477139
-66.5763224165
-65.0296898242
-64.2673872746
-64.0010928357
-64.0412797446
-64.2640158984
-64.5888570607
-64.9641331894
-65.3571610937
-65.7477391331
-65.1238280258
-64.9120204273
-64.9545351872
-65.1482262036
-65.4261666067
-62.2532202672
-60.6076784546
-59.9334307519
-59.8644344385
-60.1608888359
-59.6840733763
-59.7418483214
-60.1184516777
-60.6737986356
-61.3178801891
-61.993733115
-62.6661204333
-63.3140154765
-63.9646292729
-60.7346681374
-59.1055358515
-56.5466692433
-55.459793637
-55.2923418186
-55.6821260003
-56.4225228077
-57.3193434652
-58.2801244109
-59.2472554979
-60.1859589669
-60.2080029921
-60.5476293076
-61.0664841199
-61.67558087
-62.3185195577
-62.9603321184
-63.5800752509
-64.165918622
-64.7118940239
-65.2157494643
-65.6775377464
-62.5995805158
-60.9994868269
-60.3394477193
-60.2654426641
-60.5455248755
-62.0285228874
-63.1840375983
-60.8092367685
-59.6907150451
-59.3632448428
-59.5213212267
-59.9654563495
-60.5664222115
-60.2415137249
-60.3718515087
-60.7709924621
-62.3065495987
-63.4843322274
-64.963746286
-66.0192698449
-67.340830541
-68.2224059406
-68.8106043157
-69.2031698635
-69.4652701968
-69.6403547235
-68.7625318465
-64.7779747838
-62.5613080534
-61.4792644133
-61.1140627488
-58.3823653762
-57.1306014401
-56.8085230304
-57.0549918836
-54.8255991838
0
-70.0
-70.0
-70.0
-70.0
-69.4420875085
-66.6628581106
-64.107573494
-62.770816941
-62.2097357778
-62.1327625539
-59.3095820546
-56.805299395
-54.8303446479
-54.151026978
0
-70.0
-70.0
-70.0
-70.0
-68.3149675822
-64.8970368927
-63.0163772493
-62.1207688882
-61.8460449087
-61.953009024
-62.2854205257
-62.7420200759
-63.2579124701
-63.7921841577
-63.3219580232
-59.8229570807
-58.0627912792
-57.4045987557
-54.9664509637
-54.0046805897
-54.9607922022
-56.0357660964
-56.1852433386
-56.7354215727
-57.5076811273
-58.3874474892
-59.3023923901
-60.2079462509
-57.638213698
-56.5084337097
-56.2802845931
-56.60071897
-57.2396222971
-55.0090724037
-54.1704400541
-54.1949126426
-54.736432441
0
-70.0
-70.0
-70.0
-70.0
-69.9832166541
-69.9737060914
-69.9688762174
-70.0
-70.0
-70.0
-70.0
-66.6973483884
-64.8258458084
-63.8754160669
-63.5093110197
-63.5060042907
-63.720486777
-64.0411533915
-64.4321815805
-64.8523924412
-65.2761058762
-64.8853279389
-64.8213502452
-64.9555852875
-64.5005697663
-64.4108747946
-65.5173496903
-66.3306563047
-66.6940381496
-67.0222659849
-63.8198745115
-60.9377221855
-59.510506717
-57.0592911704
-56.9321273082
-57.2914247473
-57.9306223859
-58.7164535561
-56.5248326599
-55.6590323669
-55.6175844455
-56.0721295444
-54.00034467
0
-70.0
-70.0
-70.0
-70.0
-69.6958400509
-69.5234827464
-68.4360859294
-64.4266607541
-62.2067836238
-61.1346312249
-60.786852078
-60.0169767634
-59.8878190159
-56.9545168997
-55.6293850667
0
-70.0
-70.0
-70.0
-70.0
-69.5130658585
-69.2371365117
-69.0970076865
-69.0430301352
-65.6334250458
-63.7332144907
-62.8019810079
-62.4831748847
-62.5424520479
-62.8266032776
-63.2362072394
-63.7074293753
-63.2001154967
-64.1223899595
-64.8716749719
-65.4921901469
-62.5415716894
-60.1515021348
-59.0457436642
-58.7474304596
-58.9435281883
-59.4297358858
-60.0738026415
-60.7911159402
-58.1648728278
-56.9836311994
-56.7087651824
-56.9868867328
-57.5875301052
-58.3616651252
-59.214090633
-60.0850762499
-60.9381650784
-62.7517788109
-64.0815544234
-65.0767013101
-65.8378993984
-66.4333549382
-66.9095164307
-67.2982294452
-67.6215162724
-67.8947711597
-64.6311018616
-62.8345484255
-61.9954647497
-61.7588323858
-61.8915585547
-62.2414756375
-62.7100433659
-63.2341825575
-63.7741933205
-64.3057266676
-64.814455787
-65.2925447323
-65.7363132751
-66.1446972917
-66.5182377919
-67.8549953448
-68.7285500318
-69.8506200652
-70.0
-70.0
-70.0
-70.0
-67.166301306
-65.5605387127
-64.7450631997
-64.4309424519
-64.4281052548
-63.6121591628
-61.084111705
-59.8644795068
-59.470550871
-59.5851753271
-57.1923365409
-56.1396596369
-55.9700648399
-56.3359724671
-54.2022103455
0
-70.0
-70.0
-70.0
-70.0
-68.5650852332
-67.7519668653
-67.3390302824
-67.1799673232
-67.178530637
-68.2682921166
-68.9798726005
-69.4408251374
-70.0
-70.0
-70.0
-70.0
-70.0
-70.0
-70.0
-70.0
-70.0
-67.1654868326
-64.5599393438
-63.1779462058
-60.1130731301
-58.6037135136
-58.07797396
-58.1599310958
-55.7950000585
-54.8495414341
0
-70.0
-70.0
-70.0
-70.0
-69.7951435281
-69.6790581941
-69.6201050538
-69.5973963346
-69.5971912252
-69.6104951187
-70.0
-70.0
-70.0
-66.7701191265
-64.9398532982
-64.010365358
-64.5645355867
-62.2694455887
-61.150076737
-60.773452868
-60.8550301177
-61.208808797
-61.7141157113
-62.2934960028
-62.8980076443
-63.4974477077
-60.6647459348
-59.2763000066
-56.8561530745
-54.6754715211
0
-70.0
-70.0
-70.0
-70.0
-69.3090570237
-68.9175226704
-65.5258044691
-62.6399144294
-61.1537165913
-60.5568740021
-57.7047650328
-55.2366191919
-54.2478443809
0
-70.0
-70.0
-70.0
-70.0
-68.8147415371
-68.1430950748
-67.8020040282
-67.6706159327
-67.6694292109
-67.7464028709
-63.5301253724
-61.8436695852
-59.1591377518
-57.9097807267
-57.5631738207
-57.7697705498
-59.1697156595
-60.3706922033
-61.4122550561
-62.3234509326
-59.7624595338
-58.5671160434
-56.2864700394
-55.3752001024
-54.3210697012
-54.2112224704
-54.6716067163
-55.4587837066
-56.4157971105
-57.4428119159
-57.5653852305
-58.0534163782
-58.7444545209
-60.5332472966
-61.9220813854
-63.0246457926
-63.9186962438
-64.6578366397
-65.2793929892
-65.809680366
-66.2675301132
-66.6666556244
-67.0172424103
-67.3270197349
-67.6019854718
-66.8491823898
-66.5025277942
-66.4111174438
-65.7721969483
-65.5297714195
-65.5333237215
-65.684344312
-65.9188118559
-66.195531987
-66.4883796662
-66.7811422848
-67.0640951131
-66.3577426012
-66.055339674
-61.9496672332
-60.7545905932
-58.4011888813
-57.3757748914
-57.181334001
-57.4919583335
-56.15480613
-55.2058822671
0
-70.0
-70.0
-70.0
-70.0
-69.5390729383
-69.2778809366
-69.1452363711
-65.7305478591
-63.8240498233
-62.8860160077
-62.560328518
-62.6129050737
-62.8906875046
-63.2943340463
-63.7600441698
-61.8828599187
-59.8603990792
-58.9849092728
-58.8267850798
-59.1043510614
-59.6340789483
-57.258208569
-56.2574127225
-54.1704854155
0
-70.0
-70.0
-70.0
-70.0
-69.6961373029
-69.5239484411
-69.4365035094
-69.4028197667
-69.4025155289
-69.4222491352
-65.9801597702
-64.0489008256
-63.0885154313
-63.7425779088
-61.5348218495
-60.4923408188
-58.2392381316
-57.2794019148
-56.1275201329
-55.8988070592
-56.2316189798
0
-70.0
-70.0
-70.0
-70.0
-67.0050283145
-65.3078776927
-64.4459913965
-65.1124708001
-65.6752760823
-62.9642365484
-61.5721382765
-60.0568264797
-59.479078519
-59.4831271253
-56.7968809051
-55.6252371428
-55.4014096473
-55.7537328284
-56.4400023095
-57.3037639211
-58.2452287574
-59.2019333673
-59.1474527076
-60.4749934493
-61.0334625572
-61.6674286033
-62.3255606109
-63.7787235975
-64.8579972696
-65.6769615638
-65.4002329168
-61.8909089478
-58.8888959765
-57.4580583278
-57.017620461
-57.1861037256
-57.7143235601
-58.4407780088
-59.2619580778
-60.1126008499
-60.9525664848
-57.3605704488
-55.6266871456
-55.0654675922
-55.226553607
-55.8156534291
-56.6419248746
-57.5829569128
-58.561477572
-56.1662801548
-55.1902856993
-55.0983461693
-55.5399042457
-56.2868422834
-54.15287255
-54.4007165577
-55.0693990771
-55.9682952861
-54.1665822197
0
-70.0
-70.0
-70.0
-70.0
-68.4702943568
-67.603461159
-67.1632458683
-65.9937015664
-65.4255182664
-62.3828015649
-60.8110781585
-60.1743415093
-60.1198214695
-60.41644873
-60.9138767953
-61.515204408
-62.1588274953
-62.8063737645
-63.4346890672
-64.0305219466
-64.587004276
-65.1013268645
-65.5732095221
-62.515723695
-60.9307080756
-61.2804859959
-61.7810032149
-58.5471824629
-56.9886505964
-56.4872431232
-56.6368238685
-57.1720115201
-57.920723727
-58.7725935936
-56.3626539908
-55.3712684294
-55.2640614783
-55.6909352583
-56.424028351
-57.316416595
-58.2746356548
-59.2404125689
-60.1785316318
-61.0687853484
-61.9006447334
-59.2100394744
-57.9553416698
-57.6040115981
-56.8066136542
-56.7679544327
-58.1857874833
-59.4302943975
-61.0848776217
-62.3747983022
-62.4907155956
-63.5142791554
-64.3446079862
-65.5868739073
-66.4793376631
-67.1321713278
-67.6194658157
-67.9911936479
-68.281190559
-68.5124823536
-68.700841352
-68.8571620393
-68.9890490503
-69.1018796219
-69.1995153108
-69.2847795472
-65.8597525098
-63.9427445371
-61.0499122273
-59.6125491005
-59.0963795877
-56.6870529078
-55.6852218029
-55.5612824132
-55.9682093656
-56.6800918915
-57.551218344
-55.295973437
-54.4329607115
0
-70.0
-70.0
-70.0
-70.0
-70.0
-70.0
-70.0
-70.0
-70.0
-66.5616143254
-64.6131957765
-63.623704788
-63.2425533686
-63.239110738
-63.462408135
-63.8143063021
-64.2316349922
-64.6743110399
-65.1158326151
-65.5435511397
-66.5042861054
-63.7240629903
-61.0984053966
-59.8197306606
-58.4796596254
-58.0596283501
-58.2056219733
-58.6863640814
-56.1590503765
-56.0780148462
-56.4934596997
-57.1929446219
-57.0785558634
-57.1073040796
-58.4226222971
-59.5977258178
-57.2859365092
-56.3226650405
-56.2006133246
-54.1242828648
0
-70.0
-70.0
-70.0
-70.0
-69.7453465052
-69.6010428582
-66.3348790743
-64.4973515015
-62.5797790133
-61.6765762199
-62.3730835609
-62.6748481431
-59.9071984539
-58.5830353586
-57.4653992857
-56.8793043325
-56.9650038828
-57.4509234836
-57.4570740909
-57.5455286522
-58.013750434
-58.6942251552
-59.4793691494
-61.2934358944
-62.6720947449
-63.7435535636
-65.2986807732
-66.3884677398
-67.1627243284
-67.7218541373
-68.1332702181
-68.4423441926
-68.6797104376
-68.8661398366
-69.0157928148
-69.1383915079
-69.2406710069
-69.3273496727
-69.4017785497
-69.466376591
-69.5229228627
-69.5727531969
-69.6168929576
-69.6561470488
-69.6911612685
-67.2218538653
-64.8328918955
-61.6272156089
-59.9829026499
-57.3856820779
-55.0811053739
0
-70.0
-70.0
-70.0
-70.0
-68.2015361739
-67.1824066725
-66.6648487492
-66.4654857036
-66.4636850195
-65.5978233049
-65.2250454994
-65.160543966
-66.2571459523
-66.2373998099
-66.3509721307
-67.2444534893
-67.8723938547
-68.3200782789
-67.7763735668
-67.5242716207
-67.4555347324
-67.4991081083
-67.6086151969
-67.7540322768
-63.5044764691
-61.1712604355
-60.0656221342
-59.7333850823
-59.8762633484
-60.2994481964
-60.876710832
-61.5271780523
-62.1998857827
-62.8635142283
-63.4995741546
-64.0978909719
-64.6536180299
-65.1652669971
-62.1452390399
-60.5950476309
-58.0338951562
-56.8960738329
-56.6501785778
-56.9476354721
-57.5611884263
-58.3439472513
-59.2021376379
-60.0769806153
-60.9326537145
-61.7483024502
-62.5127482767
-63.22099083
-63.8719033343
-64.4667207257
-65.0080538031
-63.0070800712
-61.0395954808
-60.7133404328
-60.8271427228
-57.6887080201
-56.2160235978
-55.7918788245
-55.307292296
-56.4185058072
-57.537950387
-58.6250187886
-59.65642587
-60.6200559231
-61.5108987576
-62.3283744997
-63.0745807949
-63.7531518789
-64.3598520351
-61.4237019567
-59.9478885111
-59.3974708267
-59.4206378552
-56.9784091948
-56.8593335302
-57.2259103471
-57.8716594256
-58.6633868919
-59.5163104753
-60.3775209428
-61.2149965252
-62.0103153238
-59.3447118715
-58.100526071
-57.7506637217
-57.9490575214
-58.4697918838
-59.1665727718
-59.9457555456
-60.7484066916
-61.5383838229
-63.293409015
-64.9033104964
-66.0391410354
-66.8526679909
-67.4456952312
-68.6891242035
-69.8122107801
-66.9974862787
-64.4087388454
-63.7455694609
-61.0930698621
-59.7984677742
-60.0654612993
-60.5568087043
-61.7219457461
-61.7554907765
-62.0504347688
-58.6415227133
-56.9747913896
-55.3327029313
-54.8363597586
-55.0440085297
-55.6671308414
0
-70.0
-70.0
-70.0
-70.0
-68.5650852332
-67.7519668653
-67.3390302824
-67.1799673232
-67.178530637
-63.832250943
-62.0300747618
-61.2144332277
-61.017900533
-61.1993842318
-61.6016283099
-61.1344814998
-61.1497106971
-61.4538578588
-62.9211284558
-64.0374531988
-64.0376868475
-64.9402745121
-65.6504846271
-66.2215945419
-63.198035645
-60.443910827
-59.109972242
-57.7311376797
-57.3127990197
-57.484702523
-58.0050212075
-58.7170450447
-59.5203578455
-59.4394584263
-60.7377985962
-61.8255427449
-59.2909717437
-58.1271967515
-55.8801558229
-55.0025927383
-54.9759684629
-55.4607949489
-56.2363310089
-57.1604416112
-57.1544542722
-57.5790467264
-58.2478339747
-59.0408451912
-59.0794879456
-59.4666906667
-60.0501226105
-61.7308293971
-63.0148924893
-64.0181672615
-64.8195265495
-65.4730245707
-66.0160225643
-66.4746206084
-66.8672920812
-67.2073185622
-66.5121311787
-66.2112810426
-62.657104639
-60.7693619755
-59.9444043115
-58.9163034789
-58.6688995301
-59.8966380709
-60.9700599264
-61.9151110421
-62.7516380101
-63.4951662573
-64.158110997
-65.6628159791
-67.0435451023
-66.9878726028
-67.0548733497
-67.1932446861
-63.8749899105
-60.9214824232
-59.4519951833
-59.8633753365
-60.4480909172
-61.1173172351
-58.7757046381
-57.7448802586
-56.5464506423
-56.2758445177
-56.5709526924
-57.1956525075
-57.9972839796
-58.8783533969
-57.4025616871
-55.9955289351
-55.6181249861
-55.315522895
-55.6234442104
-56.287415526
-56.4391807608
-56.9822672097
-57.7420435053
-58.6065078325
-59.5049695011
-60.3938808522
-61.2474316345
-62.0513143827
-62.7986002188
-63.4870183799
-64.1171686639
-64.6913532122
-65.212818834
-64.6904091438
-61.0548374165
-58.0049448413
-56.5748444681
-56.1642894286
-54.9160083681
-55.0031727862
-54.6138933409
-54.8931958958
-55.5643375655
-56.4482113151
-57.4302618544
-58.4384834495
-59.4288002915
-60.3753637204
-61.264122987
-62.0885744475
-62.8469595088
-63.5404252286
-63.1795311662
-63.1903436899
-63.4238197478
-63.7831113909
-60.7081194719
-58.3045409143
-57.2522424159
-57.0457885697
-57.3537233096
-57.9600267099
-55.532261026
-54.5578595815
-54.4879567287
-54.9630831261
0
-70.0
-70.0
-70.0
-70.0
-66.4964119555
-64.511045397
-63.5027906153
-63.1144113925
-63.110903479
-61.2991971632
-60.8355334683
-60.8628174691
-61.7393161762
-62.5405715279
-63.2699723546
-63.9319471055
-63.5314267873
-64.0417131273
-64.2131611604
-64.5089246083
-64.8694185234
-65.256734255
-65.6472325521
-66.0266237787
-66.3867043886
-67.6841774993
-68.5398554491
-69.101933704
-65.9705302251
-63.059282172
-61.543890601
-60.9165259718
-60.8428896618
-61.1039448871
-60.5586356316
-60.5461622238
-60.8538061051
-60.63956186
-60.8230299175
-57.7995430939
-55.2254112715
-54.1734184691
-54.0697755053
-55.5379205708
-56.9008769243
-58.1552881723
-59.3027586487
-59.3651571761
-60.6254038106
-61.6940383309
-63.1676399877
-60.8198469165
-59.7171761766
-59.3983345267
-58.6189460494
-58.530681428
-58.8600332743
-58.7252729025
-59.020240916
-59.007658138
-55.9574023126
-54.0397798514
0
-70.0
-70.0
-70.0
-70.0
-68.8761375752
-68.2392822011
-67.91585957
-68.7909766103
-69.3563476141
-69.717025296
-70.0
-67.494696894
-66.075025134
-63.4095185319
-61.0314197251
-59.9035131168
-59.5633187146
-59.7070914495
-57.0972142289
-55.9613807556
-56.7218223516
-57.6206932308
-58.5726593173
-59.5247503252
-56.269641282
-54.77425448
-55.2967557543
-56.1003646604
-57.6014067376
-58.0470056688
-55.5199180048
-54.4863348062
-54.3833070602
-54.842046844
-55.6225558194
-55.6579008392
-57.1181593808
-55.4617341234
-54.9524878315
-55.1485237953
-55.7611945804
-56.6034238988
-57.5553140266
-58.541270969
-60.4562751053
-61.9234017503
-63.0728976789
-63.0012059935
-63.1914841157
-63.5326015185
-63.9528519096
-64.4065737473
-64.8652543916
-60.9045763725
-58.8313503485
-57.9597030559
-57.8380579118
-58.1704688949
-58.7642331883
-56.3021371577
-55.2814749674
-55.1596951543
0
-70.0
-70.0
-70.0
-70.0
-66.4964987425
-64.5111813633
-63.5029515569
-63.1145819546
-64.1110565271
-61.8660015732
-60.7901018817
-60.4515586708
-60.5667141219
-60.9502502551
-60.4820896631
-60.5184569858
-60.8563288132
-58.0002470556
-56.6865897658
-56.3421757331
-54.1277091363
0
-70.0
-70.0
-70.0
-70.0
-68.3133605634
-67.357598216
-64.0634465847
-61.1181190948
-58.4802636728
-57.2815416304
-55.0417209758
-54.1964378838
-54.2160534324
-55.7539367129
-57.1515354575
-58.4183768556
-56.3716556322
-55.5979010438
-55.613718256
-56.102751308
-54.05063848
0
-70.0
-70.0
-70.0
-70.0
-69.1687025679
-68.6976340231
-68.4584050954
-68.3662542356
-69.3068942484
-66.4549151202
-64.8618971392
-64.077356446
-62.8300657767
-61.9873558493
-61.7488180312
-61.3251791837
-61.3601565691
-61.6691377814
-63.1148803861
-64.5451632694
-65.5851608904
-66.3563207667
-66.9404726669
-67.3929480514
-64.2591633193
-62.5702537027
-61.8045661427
-61.6183347353
-61.785984733
-59.1211374273
-56.7181361714
-55.7190642121
-55.5956522295
-56.9983244782
-58.2733170115
-59.4292019644
-60.4750928707
-60.4202579759
-61.5749945304
-62.5486699788
-63.3812529152
-63.298958444
-63.4729498132
-61.1810455125
-60.0998680817
-59.7811660205
-59.9305725831
-60.3558641012
-60.9325102087
-61.5807475329
-62.2503316764
-62.9104044399
-63.54276795
-64.1374271244
-64.6896417249
-65.1979824277
-65.6630541018
-66.0866619695
-67.4689876329
-68.3827501098
-69.5404714812
-70.0
-70.0
-70.0
-70.0
-70.0
-70.0
-70.0
-70.0
-70.0
-70.0
-70.0
-70.0
-66.5388512496
-64.5775336244
-63.5814919284
-63.1978171799
-63.1943517581
-63.4191274465
-63.7733552779
-64.1934468009
-64.6390534879
-65.0851157172
-65.5165825309
-65.9249098681
-66.3057426081
-66.6573841652
-66.9797896273
-67.2739065836
-67.541246538
-67.7836089593
-68.0029061135
-68.2010542022
-69.3798961814
-70.0
-69.4439766223
-69.1288967082
-68.9688855362
-69.7755620723
-70.0
-70.0
-70.0
-70.0
-70.0
-69.0877793261
-68.5708542775
-68.3083374391
-68.2072160881
-68.2063027412
-67.3972318845
-66.9985483077
-66.8593865514
-66.8805766125
-66.9972714288
-67.1673792709
-67.3638646671
-64.0694623016
-61.3295239145
-59.9745767517
-59.495789229
-59.8548197136
-60.4084106805
-61.6158404602
-61.916066609
-62.3656667446
-62.8899046012
-63.4414504951
-63.9909963482
-64.5210239819
-61.5394928771
-60.0325911183
-59.4606970257
-59.4688706693
-59.8248124999
-59.3891115348
-59.4813872379
-59.8873730852
-61.4657684991
-62.6972801309
-63.6796111055
-63.5674808154
-63.3812866141
-63.4901938728
-63.7725317656
-64.1495167758
-64.5707238894
-65.0044240279
-64.5189548053
-64.4103747782
-64.5315476027
-64.0828293402
-64.0108374047
-64.1672809966
-64.4555711186
-64.8133594877
-65.2009205263
-65.5934264653
-65.9758158131
-66.3393888948
-65.7055654088
-61.6349330978
-59.4713892746
-58.5242166716
-58.3384392207
-58.6156914428
-59.161519728
-56.6574192077
-55.5997115887
0
-70.0
-70.0
-70.0
-70.0
-68.5390733961
-67.3778816539
-66.4352372202
-62.6248820922
-61.5845061887
-61.5741304402
-61.8487673098
-62.2852571879
-62.8043092085
-63.3555967806
-60.6125410281
-58.1129012507
-56.0266955392
-55.2407489277
-56.2351437016
-57.2906091092
-57.545065581
-58.1129039448
-58.8498434982
-59.6636791136
-60.4965245124
-61.3130142679
-62.0924743123
-62.8237345286
-64.4843579774
-65.6645867808
-67.0727933924
-68.0152909129
-68.6469463948
-69.0710414708
-65.8578778256
-64.0680503777
-62.1934080018
-61.3288423096
-61.0991414839
-61.2580162724
-61.6447406031
-62.155283848
-62.7231003334
-63.3063535469
-63.8794270234
-63.4533025034
-63.4158510413
-63.6128517959
-63.9439571889
-63.5420193826
-64.5158219907
-65.2829094892
-65.9003983387
-66.4075450371
-66.8315815549
-67.1916174137
-68.4134601867
-69.1994505109
-69.6977296885
-70.0
-66.6858049694
-64.8077611187
-63.8540094376
-62.4900502685
-61.9220064247
-61.850446571
-63.0618209098
-64.0199181494
-64.7941125548
-65.4321587796
-65.9672478885
-66.4227264242
-66.8152559982
-68.0984042125
-65.4435045631
-64.0024479546
-61.3931963495
-58.9478172165
-57.8489958294
-57.5947364696
-57.855689638
-59.3780534421
-60.6455366099
-61.7178419569
-62.6372970998
-63.4343936156
-64.1315050712
-64.7453884422
-65.2888721834
-65.772000022
-66.2028100578
-67.5705275474
-68.4721404563
-69.064036853
-69.4503734627
-70.0
-70.0
-70.0
-70.0
-70.0
-69.6663547852
-66.5328877651
-64.7683779609
-63.8840594797
-63.557333075
-63.5760527963
-62.8892076978
-62.7141270487
-62.851941091
-63.1728981467
-59.381455752
-57.4605417901
-54.7814393117
0
-70.0
-70.0
-70.0
-70.0
-68.9135069692
-68.2978275851
-67.0729505303
-63.3963547999
-60.8549633128
-59.6349629768
-58.6929084537
-58.5045787914
-58.774761701
-59.3110460567
-60.9775541149
-61.4098943889
-59.1020734084
-58.0806450399
-57.8650998508
-58.1402694089
-58.7006954969
-58.5013861283
-58.7650876362
-60.2392779562
-61.4491495497
-62.4601008542
-63.3180016084
-64.8579444764
-65.953312048
-65.7844406317
-65.8236364275
-65.9863660241
-66.2177915812
-67.3949290343
-64.6902506798
-63.2444353112
-60.657595538
-59.4169051562
-57.0807247136
-56.1096589576
-54.0454948305
0
-70.0
-70.0
-70.0
-70.0
-68.1532131015
-63.8411524039
-61.1258775718
-59.7925167535
-59.3327497041
-57.6030135625
-56.9784047588
-57.0376926513
-57.5053422984
-55.3936463944
-54.6135073055
-54.658306942
-55.1965764925
0
-70.0
-70.0
-70.0
-70.0
-69.5426887305
-66.0906655108
-62.9830411036
-61.3523650891
-60.6622139775
-60.5593828446
-60.8123714034
-61.2704188252
-61.8362333175
-59.1525391659
-57.9039047027
-58.5578677982
-59.3316500623
-60.1515310853
-60.9717419962
-61.7648104763
-62.5151578817
-63.2148610623
-63.8608542686
-64.4530883834
-64.9933259061
-65.4843575563
-65.9294979611
-66.3322656053
-66.696184005
-67.0246622447
-67.3209271136
-67.5879884646
-67.8286256596
-68.0453871213
-64.7411346194
-61.7671570059
-60.2571985377
-59.6759835054
-59.6713883693
-61.0128589387
-62.4506459824
-63.5649633426
-64.4480549806
-65.1629747974
-65.7531608609
-66.2488338036
-66.6712764424
-66.0356994777
-62.3043164307
-61.2959970933
-60.2774352173
-60.5459391401
-61.0221768557
-61.4590321084
-62.0058441898
-62.6004032989
-63.2037919878
-63.7923654682
-60.9129640465
-59.4882243919
-59.925245456
-60.5232832459
-58.9447777515
-57.3835233931
-56.8673199983
-56.9953539615
-57.5056625407
-55.1890877903
-54.2928400138
-54.2786633474
-54.7942019026
-55.6103849723
-54.5231693054
-54.3867342616
-54.8253154267
0
-70.0
-70.0
-70.0
-70.0
-69.8724062716
-66.6072229918
-65.3167611464
-64.6985920009
-62.0413251276
-60.712254166
-60.2244031169
-57.7944667308
-56.7433560081
-56.5545777076
-56.8894914703
-56.5351640256
-56.7713954246
-57.3540877498
-58.1252335533
-58.9837465836
-59.866062849
-60.7332505133
-61.5624547614
-62.3412288182
-63.063785625
-63.728526855
-64.3364206978
-64.8899429802
-65.3923915836
-65.8474476929
-62.7603137937
-61.1493563277
-61.4777769024
-62.2922366838
-63.0378379965
-63.7172708509
-64.038259058
-64.096243347
-64.3278258089
-64.655847759
-65.0307993371
-66.2897230633
-67.1687531969
-66.8783376657
-66.8081437581
-63.3802509271
-61.544173531
-60.7243879756
-60.5417037099
-58.8995769688
-58.6176483585
-56.8833668721
-55.6688530152
-55.4178496005
-55.7533192317
-56.4294903693
-57.2875433729
-58.2261237293
-59.1817344855
-60.1157097897
-61.0055713126
-61.8393025159
-62.6115644873
-63.321202854
-64.9619050988
-66.1142629425
-66.9352022172
-68.2336294119
-69.0715647483
-69.6052737918
-69.9386567583
-70.0
-70.0
-70.0
-70.0
-70.0
-70.0
-70.0
-70.0
-70.0
-70.0
-69.0033981069
-68.4386570341
-68.1518571559
-64.5412252284
-61.3900836059
-59.7863958456
-59.1646366612
-59.1527599286
-56.6984342757
-54.5025027832
0
-70.0
-70.0
-70.0
-70.0
-66.2035466515
-64.0522230873
-62.9596881792
-62.5388442951
-62.5350431547
-62.7815943654
-63.1701386129
-63.6309272077
-64.1197027909
-64.6089780479
-65.0822439338
-65.5301286675
-64.9501388771
-64.770473707
-64.836992148
-65.0490034743
-65.3412434876
-65.6718793794
-66.0145316018
-66.3529718818
-66.6776036538
-66.9831292618
-67.2670069846
-67.5284333855
-67.7676747798
-64.4856041961
-62.7036005266
-61.8776116407
-61.0972090322
-60.925727166
-61.1253138075
-61.5408886654
-62.072203958
-61.7869402444
-61.8895506748
-62.2214652438
-62.6798984772
-63.1989618012
-63.737101069
-64.2687479273
-64.7787777781
-65.2588364293
-65.7049104057
-66.1157244447
-62.9931027449
-60.1936275955
-58.840821586
-58.4011105941
-56.0608346598
-55.1213079439
-55.0535483163
-55.5111075958
-56.2686062436
-54.1415807444
0
-70.0
-70.0
-70.0
-70.0
-69.5644535368
-68.4054353695
-67.7631766235
-67.4523821551
-67.3508260689
-68.3777471219
-69.0479748496
-65.999665439
-64.304024278
-62.5155238811
-61.3585728469
-60.9524497982
-61.0103609757
-61.3447623163
-61.8339110435
-62.399603245
-62.9923651244
-63.5816100813
-60.689403987
-59.2644335309
-58.7673034729
-58.8434486556
-59.2610208101
-59.8695300758
-60.572317966
-61.3082467679
-62.0395291568
-62.7436476183
-63.4079971078
-60.5666408324
-58.1765731013
-57.1366466927
-56.3859137355
-56.3892768367
-57.8449776469
-59.1235655447
-60.2532660986
-61.255977561
-62.1490718531
-62.9466260332
-63.6602710069
-64.2997822908
-65.8344778759
-66.8941459643
-67.6334752853
-68.155957035
-68.5309141837
-65.307061475
-64.4413896387
-62.1627375074
-61.0567883117
-60.6913258506
-60.7823375122
-58.3354256431
-57.2560976669
-57.0332976256
-57.3318410133
-57.9332390121
-55.6570653645
-55.7578979772
-54.3485982373
0
-70.0
-70.0
-70.0
-70.0
-68.6665557199
-67.9109372946
-67.5272016629
-67.3793868951
-67.3780518046
-67.4646490234
-65.2180191558
-64.0294405966
-64.0708676635
-64.2933616482
-63.6170793352
-60.0515028231
-57.9104401551
-57.0287878824
-57.8443787609
-58.7389206626
-58.8485459791
-59.286036303
-59.9056626206
-61.482229081
-63.0454279878
-61.1090330714
-60.2435616858
-60.0494934649
-60.2647360835
-60.7183904519
-61.2999700579
-61.9389188196
-59.2956823796
-58.0665511029
-58.7008416719
-59.4580546243
-60.2637805749
-60.072771752
-57.0961938994
-55.7403740579
-55.4022030178
-55.6858936264
-56.3332448707
-57.1772141216
-57.1695495315
-57.5926324598
-58.2600611347
-59.0518496352
-59.891861081
-61.7305222542
-63.1093682163
-60.6841833008
-58.3728779498
-56.2069438492
-54.2004303023
0
-70.0
-70.0
-70.0
-70.0
-69.751531413
-69.6107325471
-69.5392288093
-66.2163772033
-64.3487869996
-61.4720706024
-60.0303050774
-59.4975689264
-57.0649292856
-56.036514525
-55.8849151844
-56.2644584072
-56.9500357274
-57.7963809285
-58.7109753516
-56.3407244241
-54.2071614285
0
-70.0
-70.0
-70.0
-70.0
-68.4444303664
-67.5629409074
-67.1152825351
-66.9428447605
-65.9412873106
-65.4756432637
-65.3470687267
-65.4250217136
-65.624292782
-65.0213995731
-64.8256169953
-61.3984466632
-58.4621412835
-55.9182317213
-54.86127826
-54.7317302411
-55.1629437551
-55.916240405
-56.8376770481
-57.8292831324
-58.8299373452
-59.8026652947
-59.7313514524
-60.0308514319
-60.5428563718
-61.1652974568
-61.8332521925
-62.5062499608
-60.6676685947
-59.8755974885
-59.7378349085
-60.7009532339
-61.5887924547
-62.401869572
-63.1429868567
-63.8162243322
-64.4262926732
-64.978123922
-62.0371518795
-60.5379969247
-58.0093680128
-55.8923294915
-55.0923620623
-55.1093028694
-55.6158239247
-56.3992090937
-58.3203162337
-59.86230331
-61.1254187787
-62.179107434
-63.072017046
-63.8386955784
-64.5040795118
-64.0942145681
-64.0451551163
-64.2142142747
-64.5085092939
-62.3599626254
-61.3255025368
-60.9939763991
-60.1537891666
