-70.0
-70.0
-70.0
-70.0
-70.0
-70.0
-70.0
-70.0
-70.0
-70.0
-70.0
-70.0
-70.0
-70.0
-70.0
-70.0
-70.0
-65.2983843926
-60.4456994488
-57.8525651675
-56.8523490931
-57.5939468325
-60.0578483072
-62.9191832587
-58.9353958188
-56.9139434942
-56.2880239829
0
-70.0
-70.0
-70.0
-70.0
-70.0
-70.0
-70.0
-70.0
-70.0
-70.0
-70.0
-70.0
-70.0
-70.0
-70.0
-70.0
-70.0
-67.9361192944
-66.8877072649
-66.3624031384
-66.1684738912
-66.1798338799
-66.3139887437
-66.5173487039
-60.1651467008
-58.0352289726
-65.4458273444
-70.0
-70.0
-70.0
-68.2400093697
-67.2426813458
-66.7361951533
-66.5410969327
-66.5393347693
-60.5754436785
-54.977927568
0
-70.0
-70.0
-70.0
-70.0
-70.0
-70.0
-68.064514445
-66.9677392972
-66.4107495652
-66.1961974072
-66.1942595322
-66.3199548227
-66.5180401697
-67.9619418843
-70.0
-70.0
-70.0
-66.6147449966
-65.1327077003
-64.7108226865
-64.937645075
-65.3954149935
-66.4330224383
-67.327455483
-69.7594606632
-70.0
-70.0
-70.0
-70.0
-70.0
-70.0
-70.0
-70.0
-70.0
-70.0
-70.0
-63.1599078365
-61.5717345488
-64.0165394578
-68.9181006611
-70.0
-68.0375771498
-67.1725930902
-66.7478495515
-66.6014084432
-66.6268301635
-66.7545221902
-60.5538604662
-54.8150014163
0
-70.0
-70.0
-70.0
-70.0
-70.0
-70.0
-70.0
-70.0
-64.6024725684
-59.2105403571
-56.3350296851
-55.0652222924
-56.3304829038
-66.7161132357
-70.0
-70.0
-70.0
-70.0
-70.0
-70.0
-64.1066148455
-60.7670299247
-55.1821557524
0
-70.0
-70.0
-70.0
-70.0
-70.0
-70.0
-70.0
-70.0
-70.0
-70.0
-70.0
-70.0
-70.0
-70.0
-70.0
-70.0
-70.0
-70.0
-70.0
-66.410207328
-62.0426581472
-59.6873733672
-54.7290678313
0
-70.0
-70.0
-70.0
-70.0
-70.0
-70.0
-70.0
-70.0
-70.0
-70.0
-70.0
-70.0
-64.1783364245
-60.8793937318
-55.3151594361
0
-70.0
-70.0
-70.0
-70.0
-70.0
-70.0
-70.0
-70.0
-64.8067760668
-61.8639491713
-56.4805658394
0
-70.0
-70.0
-70.0
-70.0
-70.0
-70.0
-70.0
-70.0
-70.0
-70.0
-70.0
-70.0
-70.0
-70.0
-70.0
-70.0
-70.0
-70.0
-70.0
-70.0
-70.0
-70.0
-70.0
-70.0
-70.0
-70.0
-70.0
-70.0
-70.0
-70.0
-70.0
-70.0
-70.0
-70.0
-70.0
-70.0
-70.0
-70.0
-70.0
-70.0
-70.0
-65.4026391415
-69.8515669059
-70.0
-70.0
-70.0
-70.0
-70.0
-70.0
-64.207138579
-60.9245171072
-59.2574603205
-58.6153109044
0
-70.0
-70.0
-70.0
-70.0
-70.0
-70.0
-69.935309352
-69.8986513182
-69.8800347872
-69.8728637091
-69.8727989386
-63.7988108113
-60.3611242411
-58.6198081577
-58.1113943286
-58.989494377
-62.7492279054
-63.6832264594
-67.5055182454
-70.0
-70.0
-70.0
-70.0
-64.537207117
-61.4416244832
-55.980665198
0
-70.0
-70.0
-70.0
-70.0
-70.0
-70.0
-70.0
-70.0
-70.0
-70.0
-64.5072562857
-61.3947015143
-59.8140119343
-54.2792051959
0
-70.0
-70.0
-70.0
-70.0
-70.0
-70.0
-70.0
-70.0
-64.5749483603
-59.1674190978
0
-70.0
-70.0
-70.0
-70.0
-70.0
-70.0
-70.0
-70.0
-70.0
-70.0
-70.0
-70.0
-70.0
-70.0
-70.0
-70.0
-68.2491290449
-70.0
-68.7458375137
-68.1634880307
-67.8752954066
-67.7732033185
-62.1688906712
-59.0673400604
-57.5708316919
-57.087232281
-58.3412859416
-70.0
-70.0
-70.0
-70.0
-70.0
-70.0
-70.0
-70.0
-70.0
-70.0
-70.0
-70.0
-70.0
-70.0
-70.0
-70.0
-70.0
-70.0
-70.0
-70.0
-70.0
-70.0
-70.0
-70.0
-70.0
-70.0
-70.0
-70.0
-70.0
-70.0
-70.0
-70.0
-70.0
-70.0
-70.0
-70.0
-70.0
-70.0
-63.6127925703
-59.9933750268
-59.123972142
-61.7667703061
-69.5806961314
-70.0
-70.0
-70.0
-70.0
-70.0
-64.8527499775
-61.9359749647
-60.4547107916
-54.9582026687
0
-70.0
-70.0
-70.0
-70.0
-70.0
-70.0
-70.0
-70.0
-70.0
-65.2433833271
-62.5479672125
-61.1791186366
-60.6518388699
-60.6470763808
-61.6152733445
-66.9921704879
-70.0
-70.0
-70.0
-70.0
-70.0
-70.0
-70.0
-70.0
-63.6542786771
-61.3736894387
-64.3660640217
-70.0
-70.0
-70.0
-70.0
-70.0
-70.0
-70.0
-70.0
-65.0154249949
-65.1059699695
-69.2210258417
-70.0
-70.0
-70.0
-70.0
-70.0
-70.0
-63.6094581235
-59.9881510602
-58.1490951202
-57.606016809
-59.9767763479
-64.6627063349
-68.3041659238
-70.0
-70.0
-70.0
-70.0
-64.1097300798
-60.9354104584
-59.9829359898
-60.4098162623
-63.2656743175
-70.0
-70.0
-70.0
-70.0
-70.0
-70.0
-70.0
-70.0
-64.0143010781
-60.6224050223
-55.0109649992
0
-70.0
-70.0
-70.0
-70.0
-70.0
-70.0
-70.0
-70.0
-70.0
-70.0
-70.0
-70.0
-70.0
-64.2356147634
-64.8885001235
-69.5408273705
-70.0
-70.0
-66.8474908086
-65.0610689335
-64.1538468439
-63.8043853621
-63.8012289609
-64.0059608215
-64.3286012438
-64.7112321224
-67.2317581436
-70.0
-70.0
-70.0
-70.0
-70.0
-70.0
-70.0
-70.0
-70.0
-63.712814013
-60.150075287
-58.3407628751
-57.8080601906
-62.5035651489
-70.0
-70.0
-70.0
-70.0
-70.0
-70.0
-70.0
-70.0
-70.0
-70.0
-63.3435466346
-59.7346574967
-62.077853001
-68.5010084678
-70.0
-70.0
-70.0
-70.0
-70.0
-70.0
-70.0
-70.0
-70.0
-70.0
-63.6082119567
-63.8128583753
-70.0
-70.0
-69.2772937472
-68.8677602039
-68.6597814045
-68.579668078
-68.5789444795
-68.6258788378
-68.6998434915
-68.787560834
-68.8806058783
-69.1402460085
-69.8345365996
-70.0
-70.0
-70.0
-70.0
-70.0
-70.0
-70.0
-70.0
-70.0
-64.0728666034
-60.7141576787
-59.0084604012
-58.3514266881
0
-70.0
-70.0
-70.0
-70.0
-70.0
-70.0
-70.0
-70.0
-70.0
-70.0
-70.0
-70.0
-70.0
-63.4292320159
-61.704708026
-61.3921308355
-62.2840685367
-64.0270541137
-61.6778058484
-60.6776170647
-60.3882498923
-55.6090953332
0
-70.0
-70.0
-70.0
-70.0
-70.0
-70.0
-70.0
-70.0
-70.0
-70.0
-65.4082974433
-62.8063326612
-61.4849427032
-60.9759439716
-60.9713466003
-55.1913539904
0
-70.0
-70.0
-70.0
-70.0
-70.0
-70.0
-70.0
-70.0
-70.0
-70.0
-70.0
-70.0
-70.0
-68.204926092
-69.701436039
-70.0
-70.0
-70.0
-70.0
-70.0
-70.0
-70.0
-63.5703162971
-59.9268288654
-58.0765087775
-58.5400527215
-60.8805262677
-67.6615073521
-70.0
-70.0
-70.0
-65.2913188374
-62.6230661786
-61.2680123773
-55.8201204247
0
-70.0
-70.0
-70.0
-70.0
-70.0
-70.0
-70.0
-70.0
-70.0
-70.0
-70.0
-70.0
-70.0
-70.0
-70.0
-70.0
-70.0
-70.0
-70.0
-67.9455758357
-66.7814021426
-66.190184522
-65.9624477989
-60.3431068878
-57.2933987782
-55.8871272865
-55.5137934819
-55.9474064136
0
-70.0
-70.0
-70.0
-70.0
-70.0
-68.3829489246
-67.4666199818
-67.0012686168
-66.8220155105
-66.8203964631
-66.9254118192
-67.0909073055
-61.8704187022
-62.7611983819
-66.7587712447
-70.0
-68.9981527195
-66.2416985198
-64.7131027159
-63.9721751431
-63.7285460947
-63.7914171291
-57.9579032117
-54.8591980875
-54.8593586705
-60.8228412791
-66.2486881526
-70.0
-70.0
-70.0
-70.0
-63.8773747829
-58.0745538266
-54.9903761252
0
-70.0
-70.0
-70.0
-70.0
-70.0
-70.0
-70.0
-70.0
-70.0
-70.0
-70.0
-70.0
-67.0502111839
-66.5696309602
-66.3956284606
-66.4113726789
-66.5404401205
-67.0719400189
-63.1373909299
-63.7348992029
-62.4728640823
-62.4481166011
-58.79610867
-56.9783669558
-56.321776362
0
-70.0
-70.0
-70.0
-70.0
-70.0
-70.0
-70.0
-70.0
-70.0
-66.4748556191
-64.4772738032
-63.4628155869
-63.0720468042
-63.0685173078
-63.2974490331
-63.8254763827
-67.2611455543
-70.0
-70.0
-70.0
-70.0
-70.0
-64.9078913035
-62.0223630421
-60.5569673172
-59.9924976383
-59.9873992431
-60.3180935645
-64.5874103293
-70.0
-70.0
-70.0
-70.0
-67.8563251771
-66.6415761107
-66.0246741339
-65.78704381
-65.7848974887
-65.9241131129
-66.1435053837
-66.4036905667
-70.0
-70.0
-70.0
-70.0
-69.1790068352
-68.7137773752
-68.4775137867
-68.386505174
-68.3856831673
-68.4390005243
-62.1375647208
-58.6187844147
-56.8868900838
-57.8505243414
-67.9649406725
-70.0
-70.0
-70.0
-70.0
-70.0
-70.0
-70.0
-70.0
-70.0
-70.0
-70.0
-70.0
-70.0
-70.0
-70.0
-70.0
-70.0
-70.0
-65.0428531318
-62.2338032398
-60.80724653
-60.2577376198
-60.252774353
-60.5747039144
-61.2532852408
-67.2787260288
-70.0
-70.0
-70.0
-70.0
-70.0
-70.0
-70.0
-70.0
-70.0
-70.0
-70.0
-70.0
-70.0
-70.0
-70.0
-70.0
-70.0
-70.0
-70.0
-70.0
-70.0
-70.0
-70.0
-70.0
-70.0
-70.0
-70.0
-70.0
-70.0
-70.0
-70.0
-70.0
-70.0
-70.0
-70.0
-70.0
-70.0
-70.0
-70.0
-70.0
-70.0
-70.0
-70.0
-70.0
-70.0
-70.0
-70.0
-64.5355189947
-61.4389797583
-59.8664235579
-59.2606757191
-59.2552044918
-60.8056929642
-70.0
-70.0
-70.0
-70.0
-70.0
-70.0
-70.0
-70.0
-70.0
-70.0
-70.0
-70.0
-70.0
-70.0
-70.0
-70.0
-70.0
-70.0
-70.0
-70.0
-70.0
-70.0
-70.0
-63.586377189
-59.9519909294
-54.2174039204
0
-70.0
-70.0
-70.0
-70.0
-70.0
-70.0
-70.0
-70.0
-70.0
-64.327117395
-61.1124839189
-59.4799543692
-59.0231018804
-60.3862000058
-70.0
-70.0
-70.0
-70.0
-70.0
-70.0
-70.0
-70.0
-70.0
-70.0
-70.0
-70.0
-70.0
-70.0
-70.0
-70.0
-70.0
-70.0
-70.0
-70.0
-64.9458548118
-62.0818392052
-60.6273685343
-60.0671071807
-54.4447628452
0
-70.0
-70.0
-70.0
-70.0
-70.0
-70.0
-70.0
-70.0
-70.0
-70.0
-70.0
-70.0
-70.0
-70.0
-70.0
-70.0
-70.0
-70.0
-70.0
-66.5405948365
-62.2469319105
-57.5958364245
-55.2186512522
-54.2850517737
-54.2487236941
-54.7519693899
-55.5621844944
-56.5295740739
-59.9903765517
-67.8017886311
-70.0
-70.0
-70.0
-66.4502140258
-64.4386686404
-63.4171191212
-63.0236187723
-63.0200646039
-63.250596616
-64.1474794854
-65.4028704889
-70.0
-70.0
-70.0
-70.0
-70.0
-70.0
-70.0
-70.0
-70.0
-70.0
-70.0
-70.0
-70.0
-70.0
-70.0
-70.0
-70.0
-65.4903947739
-62.9349518125
-61.6371876419
-61.1372895515
-61.1327743788
-61.4256394626
-61.8871705308
-62.9679574927
-64.5599899077
-70.0
-70.0
-70.0
-70.0
-70.0
-70.0
-70.0
-70.0
-70.0
-70.0
-70.0
-70.0
-70.0
-67.5604066654
-70.0
-70.0
-70.0
-70.0
-67.3927705649
-65.9153405517
-65.1650378587
-64.8760216476
-64.8734111994
-65.0427312238
-65.309565531
-65.6260139309
-67.3665911926
-70.0
-70.0
-70.0
-70.0
-70.0
-70.0
-70.0
-70.0
-70.0
-70.0
-70.0
-70.0
-70.0
-70.0
-70.0
-70.0
-70.0
-70.0
-70.0
-65.3229913359
-62.6726864262
-61.3267472662
-60.8082921946
-60.8036094119
-61.1073460952
-55.376186168
-56.3017571461
-63.6474352509
-70.0
-70.0
-70.0
-70.0
-70.0
-70.0
-70.0
-63.6898828786
-60.1141498432
-58.2982383605
-57.5987501922
-60.0705473393
-68.939168617
-70.0
-69.0165189202
-68.709824086
-68.7097945308
-68.7527836467
-68.8201509947
-68.8998997036
-68.9844189389
-69.068983182
-69.1507556219
-70.0
-70.0
-70.0
-70.0
-70.0
-67.1585573143
-65.5484064591
-64.7307023973
-64.4157232137
-64.4128782631
-64.5974086839
-58.50275378
-55.2292023783
-54.4661673705
-58.2129102618
-66.9514477027
-68.525299571
-69.7672673729
-70.0
-65.6593199917
-63.1996013203
-61.9504500734
-61.4692776562
-61.4649316173
-55.668636973
0
-70.0
-70.0
-70.0
-70.0
-70.0
-70.0
-70.0
-70.0
-70.0
-70.0
-70.0
-70.0
-70.0
-70.0
-70.0
-70.0
-70.0
-70.0
-70.0
-70.0
-70.0
-70.0
-70.0
-70.0
-70.0
-70.0
-70.0
-70.0
-70.0
-70.0
-68.8377407072
-69.5996209431
-70.0
-70.0
-70.0
-70.0
-70.0
-70.0
-70.0
-70.0
-70.0
-70.0
-70.0
-70.0
-70.0
-70.0
-70.0
-65.3506515748
-62.7160208005
-61.3780416425
-60.8626527597
-55.2407137207
0
-70.0
-70.0
-70.0
-70.0
-70.0
-70.0
-70.0
-70.0
-70.0
-70.0
-70.0
-70.0
-70.0
-70.0
-70.0
-63.239610916
-60.4777665952
-63.5774758074
-63.9208076218
-65.753838419
-67.3806122834
-68.4439895259
-63.5165989366
-60.7762779518
-59.4395427625
-58.9895168902
-59.0865174705
-59.8668979188
-63.1546959581
-70.0
-70.0
-70.0
-70.0
-70.0
-70.0
-70.0
-70.0
-70.0
-63.5424504464
-59.883172366
-58.3885227093
-60.9519357341
-66.2238912537
-70.0
-70.0
-70.0
-70.0
-70.0
-70.0
-70.0
-70.0
-70.0
-70.0
-70.0
-70.0
-70.0
-70.0
-70.0
-70.0
-70.0
-70.0
-70.0
-70.0
-70.0
-70.0
-70.0
-63.7128205146
-66.7755632682
-70.0
-70.0
-70.0
-70.0
-70.0
-70.0
-70.0
-70.0
-64.0047880234
-60.6075012366
-58.8822124567
-58.2176321069
-58.7636361103
-62.4874306752
-70.0
-70.0
-70.0
-70.0
-70.0
-70.0
-70.0
-64.7767603612
-59.4835912326
-56.6582367143
-55.4077494462
-55.1438654372
-55.4807395171
-56.3563643352
-59.6802870249
-70.0
-70.0
-70.0
-70.0
-70.0
-70.0
-70.0
-70.0
-64.2135131209
-60.9345038895
-59.2692815543
-58.627838768
-58.8028962539
-64.2513959279
-70.0
-70.0
-69.6867396194
-69.7972068852
-69.8702470152
-64.9924702667
-59.8993885421
-54.8468932226
0
-70.0
-70.0
-70.0
-70.0
-70.0
-70.0
-70.0
-70.0
-70.0
-64.8950069189
-62.0021775063
-56.644185053
0
-70.0
-70.0
-70.0
-70.0
-70.0
-70.0
-70.0
-70.0
-70.0
-70.0
-70.0
-70.0
-70.0
-70.0
-70.0
-70.0
-70.0
-70.0
-70.0
-70.0
-70.0
-70.0
-64.7245111173
-59.4017340837
-56.5613433942
-55.3050642006
-55.0411278778
-55.3813951548
-57.172178908
-65.0269715121
-68.9194754803
-70.0
-70.0
-67.3175353869
-65.7974721062
-65.0255184009
-64.728162231
-64.7254764547
-58.82149314
-55.6517200465
-54.2281321889
-55.374418534
-60.3502894525
-69.030784018
-70.0
-70.0
-70.0
-70.0
-70.0
-70.0
-70.0
-63.5582206672
-59.9078790452
-58.0540781039
-58.2477353085
-64.3964563579
-70.0
-70.0
-70.0
-70.0
-70.0
-70.0
-70.0
-70.0
-70.0
-70.0
-70.0
-70.0
-70.0
-70.0
-70.0
-70.0
-70.0
-70.0
-70.0
-70.0
-70.0
-70.0
-70.0
-70.0
-70.0
-70.0
-70.0
-70.0
-70.0
-70.0
-70.0
-70.0
-67.6145208256
-66.2627492935
-65.5762613977
-65.3118266137
-65.3094381895
-59.3861678949
-56.1860001217
-54.7263661203
-54.910374399
-64.642317926
-70.0
-70.0
-70.0
-70.0
-70.0
-70.0
-70.0
-70.0
-70.0
-70.0
-70.0
-63.3244690339
-59.5416681531
0
-70.0
-70.0
-70.0
-70.0
-70.0
-70.0
-70.0
-66.9461260182
-65.2155974285
-64.3367603604
-63.9982327742
-63.99517513
-64.1935013725
-64.5060470722
-66.3385418859
-67.238062217
-70.0
-70.0
-70.0
-70.0
-64.7792933648
-59.4875596048
-56.6629340287
-55.4127275487
-55.1488460758
-56.2127639228
-58.7775266189
-65.9326527459
-70.0
-68.5937846188
-67.9463366436
-67.6263233036
-67.5134378562
-67.5285919925
-67.6200647413
-67.7542795658
-67.9096658083
-62.0762590372
-64.0513765638
-70.0
-70.0
-70.0
-70.0
-70.0
-70.0
-70.0
-70.0
-70.0
-70.0
-70.0
-63.2450262196
-58.2179180846
-58.8813030074
-67.7790593393
-70.0
-70.0
-69.3711690791
-69.0148315572
-64.9449791033
-62.6715683275
-61.5518029178
-61.1615502413
-61.2220136274
-61.5508912049
-55.8275034986
-54.3306907294
-59.8118387433
-62.9542333648
-66.1069576668
-68.4376706811
-70.0
-65.3427619274
-62.7036603529
-57.4745218409
-54.7545546723
0
-70.0
-70.0
-70.0
-70.0
-70.0
-70.0
-70.0
-70.0
-70.0
-70.0
-70.0
-70.0
-70.0
-70.0
-70.0
-66.3915585428
-70.0
-70.0
-70.0
-70.0
-70.0
-66.5403273262
-62.246512811
-59.9286736748
-58.8736810707
-58.6115628058
-58.83390642
-59.7128681316
-62.8147097639
-60.5276581343
-62.1370144592
-64.6338625441
-66.3108426435
-67.4400026151
-62.1246425438
-59.1979384162
-57.8019846591
-57.3710129162
-57.5333961066
-59.1660045929
-64.4112499323
-69.8044207843
-70.0
-70.0
-70.0
-70.0
-70.0
-70.0
-70.0
-70.0
-70.0
-70.0
-70.0
-70.0
-67.315695901
-65.7945902449
-65.0221071764
-64.7245470961
-64.721859478
-64.8961849246
-65.1709073617
-58.9064042229
-57.203611676
-63.823440705
-69.455260273
-70.0
-70.0
-70.0
-70.0
-70.0
-70.0
-70.0
-70.0
-70.0
-70.0
-70.0
-70.0
-70.0
-70.0
-70.0
-70.0
-66.2068810391
-64.0574469612
-62.9658716158
-62.5453973547
-62.5415995529
-62.78793422
-63.176137213
-66.9989814273
-70.0
-69.3336029212
-69.8933333045
-70.0
-70.0
-70.0
-64.179979207
-60.8819674242
-55.3182058849
0
-70.0
-70.0
-70.0
-70.0
-70.0
-70.0
-70.0
-70.0
-70.0
-70.0
-70.0
-70.0
-70.0
-70.0
-70.0
-70.0
-70.0
-70.0
-70.0
-70.0
-70.0
-70.0
-70.0
-63.8075281261
-60.2984607308
-58.516404936
-57.8299579612
-57.8237578443
0
-70.0
-70.0
-70.0
-70.0
-70.0
-67.9371677408
-66.7682294607
-66.1745921772
-65.9459234012
-65.9438580222
-66.0778235275
-67.9579247095
-70.0
-70.0
-70.0
-69.0395509878
-68.6501206217
-68.4614583813
-68.3995457576
-68.4157466582
-68.4782756433
-68.5665171795
-68.667244862
-68.7721066427
-70.0
-70.0
-70.0
-70.0
-70.0
-70.0
-70.0
-70.0
-70.0
-70.0
-70.0
-63.7386652395
-60.1905755418
-58.3887025385
-57.6946219853
0
-70.0
-70.0
-70.0
-70.0
-70.0
-70.0
-70.0
-70.0
-70.0
-70.0
-70.0
-70.0
-70.0
-64.5889325164
-67.4066009822
-70.0
-70.0
-70.0
-70.0
-70.0
-70.0
-70.0
-64.2165652921
-60.9392856243
-59.2749416361
-58.6338371887
-58.6280466139
-60.1255064135
-68.1209274257
-70.0
-70.0
-70.0
-66.035968759
-63.789684389
-62.6489242875
-62.2095040836
-56.5882512079
0
-70.0
-70.0
-70.0
-70.0
-70.0
-70.0
-70.0
-70.0
-70.0
-70.0
-65.4331418983
-60.5119223073
-57.8754598091
-56.6977336499
-56.4345068327
-56.728753848
-58.1032981785
-66.1158838042
-70.0
-70.0
-70.0
-70.0
-70.0
-70.0
-70.0
-70.0
-70.0
-70.0
-70.0
-70.0
-70.0
-70.0
-70.0
-70.0
-70.0
-70.0
-66.767122437
-64.9351584846
-64.0048081637
-63.646437699
-63.6432008302
-63.8531520146
-57.7985581245
-54.5170601493
-58.0236476555
-67.4101720574
-70.0
-70.0
-70.0
-70.0
-70.0
-70.0
-70.0
-70.0
-70.0
-70.0
-70.0
-70.0
-70.0
-70.0
-70.0
-70.0
-70.0
-70.0
-70.0
-70.0
-70.0
-70.0
-70.0
-70.0
-70.0
-70.0
-70.0
-70.0
-70.0
-70.0
-70.0
-70.0
-70.0
-70.0
-70.0
-70.0
-67.3243079922
-67.9714330467
-68.7964372571
-64.4056326155
-61.9576287434
-60.756905462
-60.3445746445
-60.4190236658
-60.7830589564
-63.1996848443
-67.7213130196
-70.0
-70.0
-70.0
-67.4870637071
-66.0630664745
-65.3398992524
-60.1354096848
-57.3415356214
-56.087159996
-55.7982959542
-56.098367664
-56.7417984344
-58.8820791252
-65.8322585632
-70.0
-70.0
-70.0
-70.0
-70.0
-70.0
-64.8322082154
-61.9037928708
-60.416617235
-59.8437579457
-59.8385837739
-60.1741931451
-61.082357751
-63.7978854434
-63.9733134199
-70.0
-70.0
-70.0
-70.0
-70.0
-70.0
-70.0
-70.0
-70.0
-70.0
-70.0
-70.0
-68.3582851714
-70.0
-70.0
-70.0
-70.0
-67.500248638
-66.0837228662
-65.3643499743
-65.0872479066
-65.0847450692
-65.2470851977
-65.5029197682
-59.2160168292
-56.1821557225
-59.467922506
-67.8750323833
-70.0
-70.0
-70.0
-70.0
-70.0
-70.0
-64.0369905232
-60.6579518197
-58.9419302036
-58.2809195605
-59.6205173627
-65.7565544075
-70.0
-70.0
-70.0
-67.9135800646
-66.7312754346
-66.130850142
-65.8995666285
-60.2801936821
-57.2325634582
-55.8295665419
-55.6611042786
-58.3472237792
-66.0729438556
-70.0
-70.0
-70.0
-66.5698672222
-64.6261253148
-63.6390093266
-63.2587727561
-63.2553383885
-63.4780998218
-63.8291533543
-64.8192745966
-67.3257511149
-70.0
-65.7492352084
-63.7301112044
-58.8387442063
0
-70.0
-70.0
-70.0
-70.0
-70.0
-70.0
-70.0
-70.0
-70.0
-70.0
-70.0
-70.0
-70.0
-63.6269599011
-57.6822371784
-54.5259956388
0
-70.0
-70.0
-70.0
-70.0
-70.0
-70.0
-66.7757467593
-64.9486699229
-64.0208014903
-63.6633870477
-63.6601588139
-64.0574963517
-69.3061164045
-70.0
-70.0
-70.0
-70.0
-69.5344804464
-69.2706860327
-69.1367198501
-69.0851161455
-69.0846500512
-69.1148820596
-69.162525196
-69.2190269046
-69.2789603663
-70.0
-70.0
-70.0
-70.0
-70.0
-70.0
-67.1806440567
-65.5830090222
-60.8827721452
-58.3665376141
-57.244578975
-56.9965844924
-57.2812349864
-57.8759841166
-63.4374102672
-70.0
-70.0
-70.0
-70.0
-70.0
-70.0
-70.0
-70.0
-64.1158876983
-60.7815573941
-59.0882406317
-58.4359758866
0
-70.0
-70.0
-70.0
-70.0
-70.0
-70.0
-70.0
-70.0
-70.0
-70.0
-63.7451741087
-60.2007727704
-54.5118839861
0
-70.0
-70.0
-70.0
-70.0
-70.0
-70.0
-70.0
-70.0
-70.0
-70.0
-70.0
-70.0
-70.0
-70.0
-70.0
-70.0
-68.6526661926
-65.5558437017
-63.8458887505
-63.0250528214
-62.7650495032
-62.8502125289
-63.1396365933
-63.5419698122
-63.9986374164
-66.8425581547
-70.0
-70.0
-70.0
-70.0
-70.0
-70.0
-70.0
-63.7940703559
-60.2773768909
-58.4914482488
-59.3559745541
-66.8463808663
-70.0
-70.0
-68.2016426523
-67.3416105257
-66.9142042322
-66.760620315
-66.7764492876
-60.8152090611
-57.5446246232
-55.9974531396
-58.694052928
-65.7787602198
-70.0
-70.0
-70.0
-67.6068125694
-66.2506730254
-65.5619668649
-65.2966776064
-65.2942814644
-65.4497010637
-65.6946294545
-65.9850988405
-66.2932105108
-63.6312892083
-70.0
-70.0
-70.0
-69.5321433948
-69.5934907013
-69.6438493951
-69.6859362982
-69.7216572302
-69.7523678816
-69.7790486765
-69.8024221975
-63.096161333
-60.0749995385
-60.3261260986
-65.7069837572
-70.0
-70.0
-70.0
-70.0
-65.082923795
-62.2965806121
-60.8815553487
-55.4105624197
0
-70.0
-70.0
-70.0
-70.0
-70.0
-70.0
-70.0
-70.0
-70.0
-65.903023094
-63.5814028473
-62.4023839377
-61.9482264606
-56.3268404751
0
-70.0
-70.0
-70.0
-70.0
-70.0
-70.0
-69.3252987316
-68.9429680128
-68.7488039812
-68.6740120961
-68.6733365619
-68.7171533559
-68.7862049872
-70.0
-70.0
-70.0
-70.0
-67.6221756242
-66.438593663
-65.8471580309
-65.6307247173
-65.6465072385
-65.8010931767
-66.0338083003
-66.7120653244
-70.0
-70.0
-70.0
-70.0
-70.0
-70.0
-70.0
-70.0
-70.0
-70.0
-70.0
-70.0
-70.0
-70.0
-70.0
-70.0
-70.0
-70.0
-70.0
-70.0
-70.0
-70.0
-70.0
-70.0
-63.3669831634
-60.0042099523
-60.8896068363
-66.7579601032
-70.0
-70.0
-69.2468926798
-66.4867985316
-64.9478487583
-64.1928839358
-63.9334755777
-63.9800480436
-64.2086565884
-64.5388664956
-58.3287238677
-59.9279071155
-70.0
-70.0
-70.0
-70.0
-70.0
-70.0
-64.6616074511
-61.63651834
-56.2113587065
0
-70.0
-70.0
-70.0
-70.0
-70.0
-70.0
-70.0
-70.0
-70.0
-70.0
-70.0
-64.2756612276
-61.0318692566
-59.3845317654
-58.7499782119
-59.1419505055
-62.4920925442
-70.0
-70.0
-70.0
-70.0
-70.0
-70.0
-70.0
-70.0
-70.0
-70.0
-70.0
-70.0
-70.0
-70.0
-70.0
-70.0
-70.0
-70.0
-70.0
-70.0
-70.0
-70.0
-64.1856016055
-60.8907758486
-59.2175211995
-58.57298437
-58.5671627934
-59.3437094519
-64.0814062878
-69.6980526587
-70.0
-70.0
-70.0
-70.0
-70.0
-70.0
-70.0
-70.0
-63.5214492404
-59.8502704766
-59.1550678827
-67.2621509312
-70.0
-70.0
-70.0
-70.0
-70.0
-70.0
-70.0
-70.0
-70.0
-70.0
-70.0
-70.0
-63.1600025586
-60.2695364982
-70.0
-70.0
-70.0
-70.0
-70.0
-70.0
-70.0
-70.0
-64.532417756
-61.434121151
-59.860672483
-54.3286549402
0
-70.0
-70.0
-70.0
-70.0
-70.0
-70.0
-70.0
-67.1712390262
-65.5682744744
-64.7542199275
-64.4406465352
-64.4378142819
-64.6215211205
-65.7017173279
-70.0
-70.0
-70.0
-70.0
-70.0
-70.0
-70.0
-70.0
-70.0
-63.7617304391
-57.893377688
0
-70.0
-70.0
-70.0
-70.0
-70.0
-70.0
-70.0
-70.0
-70.0
-70.0
-70.0
-70.0
-70.0
-70.0
-70.0
-70.0
-70.0
-70.0
-70.0
-70.0
-70.0
-64.9988764187
-62.1649063893
-60.7256941586
-55.2453844224
0
-70.0
-70.0
-70.0
-70.0
-70.0
-70.0
-70.0
-70.0
-70.0
-70.0
-64.4364678628
-61.2837996517
-55.7938498477
0
-70.0
-70.0
-70.0
-70.0
-70.0
-70.0
-69.8619741122
-69.7837594425
-69.7440386592
-69.7287382339
-64.111316087
-60.9371522626
-55.4458600037
0
-70.0
-70.0
-70.0
-70.0
-70.0
-70.0
-70.0
-70.0
-70.0
-70.0
-70.0
-70.0
-70.0
-70.0
-63.3284025581
-61.5371345344
-70.0
-70.0
-70.0
-70.0
-70.0
-70.0
-70.0
-64.9300694636
-59.723775493
-56.9425399276
-55.7090472574
0
-70.0
-70.0
-70.0
-70.0
-70.0
-70.0
-70.0
-70.0
-70.0
-70.0
-70.0
-70.0
-70.0
-70.0
-63.4389976323
-59.9101338215
-61.1850478435
-67.8015924635
-70.0
-70.0
-70.0
-70.0
-64.9879660104
-62.1478134163
-60.7054614126
-60.1498681633
-60.1448499417
-60.4703440106
-63.6131043634
-70.0
-70.0
-70.0
-69.9490790769
-67.9121868501
-66.7596452857
-66.1761321709
-65.9534865629
-65.9547829794
-66.0904013966
-66.3020924004
-59.9620642336
-54.3737991616
0
-70.0
-70.0
-70.0
-70.0
-70.0
-70.0
-70.0
-70.0
-70.0
-70.0
-70.0
-70.0
-64.8981644726
-62.1178430594
-64.1782256741
-67.0435924105
-69.2684310649
-70.0
-70.0
-70.0
-70.0
-63.5271798478
-59.8592484283
-60.2543934803
-66.7828968827
-70.0
-70.0
-70.0
-70.0
-70.0
-65.4000065777
-62.7933436384
-61.4695677535
-60.9596499642
-55.3377603411
0
-70.0
-70.0
-70.0
-70.0
-70.0
-70.0
-70.0
-70.0
-70.0
-70.0
-70.0
-70.0
-70.0
-70.0
-70.0
-70.0
-70.0
-70.0
-70.0
-70.0
-66.839562051
-62.71531388
-60.483587848
-55.5728770783
0
-70.0
-70.0
-70.0
-70.0
-70.0
-70.0
-70.0
-70.0
-70.0
-70.0
-70.0
-70.0
-70.0
-70.0
-70.0
-70.0
-70.0
-70.0
-70.0
-70.0
-70.0
-70.0
-70.0
-70.0
-64.6226133429
-61.5754275706
-60.0279351881
-59.4318419191
-59.4264578937
-60.3821380165
-65.7434480882
-70.0
-70.0
-70.0
-70.0
-70.0
-70.0
-70.0
-70.0
-70.0
-70.0
-70.0
-70.0
-63.3891959737
-63.6291492247
-70.0
-70.0
-70.0
-70.0
-70.0
-67.3843432197
-65.9021377109
-65.1494098152
-64.8594594173
-59.2395565807
-56.2262963261
-54.8774636291
-54.5722485566
-56.3548438857
-64.9604269068
-70.0
-70.0
-70.0
-70.0
-68.251503348
-67.2606885785
-66.7575100975
-66.5636860057
-66.5619353504
-66.6754871122
-66.8544352656
-67.0666563154
-67.2917670681
-70.0
-70.0
-70.0
-70.0
-70.0
-70.0
-70.0
-70.0
-70.0
-70.0
-70.0
-63.6186374214
-60.0025319602
-54.2772287293
0
-70.0
-70.0
-70.0
-70.0
-70.0
-70.0
-70.0
-70.0
-70.0
-65.4293221922
-60.5059381011
-55.535043043
0
-70.0
-70.0
-70.0
-70.0
-70.0
-70.0
-70.0
-70.0
-70.0
-70.0
-70.0
-70.0
-70.0
-70.0
-70.0
-66.0151639318
-70.0
-70.0
-70.0
-70.0
-70.0
-70.0
-70.0
-70.0
-70.0
-70.0
-70.0
-70.0
-70.0
-70.0
-70.0
-70.0
-70.0
-70.0
-70.0
-70.0
-70.0
-70.0
-70.0
-70.0
-70.0
-70.0
-70.0
-70.0
-70.0
-70.0
-70.0
-70.0
-70.0
-70.0
-70.0
-70.0
-70.0
-70.0
-70.0
-70.0
-64.3050868017
-64.6001248497
-70.0
-70.0
-70.0
-70.0
-70.0
-70.0
-70.0
-70.0
-70.0
-70.0
-70.0
-70.0
-70.0
-70.0
-70.0
-70.0
-70.0
-70.0
-70.0
-70.0
-70.0
-70.0
-70.0
-70.0
-70.0
-70.0
-70.0
-70.0
-70.0
-70.0
-70.0
-70.0
-70.0
-70.0
-70.0
-70.0
-70.0
-70.0
-70.0
-70.0
-70.0
-70.0
-70.0
-70.0
-70.0
-70.0
-70.0
-70.0
-70.0
-70.0
-70.0
-70.0
-70.0
-70.0
-70.0
-70.0
-70.0
-70.0
-70.0
-70.0
-70.0
-70.0
-70.0
-70.0
-70.0
-70.0
-63.3680903539
-59.6100082211
-64.4353974915
-70.0
-70.0
-70.0
-70.0
-70.0
-70.0
-70.0
-70.0
-70.0
-63.7343899298
-60.1838775567
-58.3807742142
-57.686219735
-60.4426501419
-70.0
-70.0
-70.0
-70.0
-70.0
-70.0
-70.0
-70.0
-70.0
-70.0
-70.0
-70.0
-70.0
-70.0
-70.0
-70.0
-70.0
-70.0
-70.0
-70.0
-70.0
-70.0
-65.1439010695
-62.3921116756
-60.9946343167
-60.4563267575
-60.4514646634
-60.7668319181
-55.323663765
-54.691905475
-70.0
-70.0
-70.0
-70.0
-70.0
-70.0
-70.0
-70.0
-70.0
-64.1668945169
-60.8614680765
-59.1828299431
-58.5362193982
-58.5303790914
-61.0164837496
-70.0
-70.0
-70.0
-70.0
-70.0
-70.0
-70.0
-70.0
-70.0
-70.0
-70.0
-70.0
-70.0
-70.0
-70.0
-70.0
-70.0
-70.0
-70.0
-70.0
-67.1963689757
-65.6076447286
-64.8008220227
-64.4900343317
-64.4872272394
-64.6693020761
-64.9562369088
-65.2965232449
-59.7797310658
-61.1915510685
-68.2199742088
-70.0
-70.0
-70.0
-70.0
-70.0
-70.0
-70.0
-70.0
-70.0
-70.0
-70.0
-70.0
-70.0
-70.0
-70.0
-70.0
-70.0
-70.0
-70.0
-65.3152736538
-62.6605953909
-61.3124352535
-60.7931246626
-60.7884341526
-61.0926720416
-65.1682169266
-70.0
-70.0
-70.0
-70.0
-70.0
-70.0
-70.0
-70.0
-70.0
-63.5156424269
-57.5078398021
-54.3195635672
0
-70.0
-70.0
-70.0
-70.0
-70.0
-70.0
-70.0
-70.0
-65.158353108
-62.4147532026
-61.0214348192
-60.4847292952
-60.9085651246
-67.8597401474
-70.0
-70.0
-70.0
-70.0
-70.0
-70.0
-64.8917175983
-61.9970242374
-60.5269740795
-59.9607115155
-59.9555969266
-60.287341609
-63.8209647084
-70.0
-70.0
-70.0
-70.0
-70.0
-70.0
-64.6676439499
-61.6459755215
-60.1114419471
-59.5203404042
-59.515001465
-59.8612980527
-61.5067884518
-70.0
-70.0
-70.0
-70.0
-70.0
-70.0
-66.0139676463
-63.7552159793
-62.6081244464
-62.1662653784
-62.162274425
-62.4211373722
-62.8290838947
-63.7650470191
-69.8162046135
-70.0
-70.0
-70.0
-70.0
-68.8255340657
-68.1600033695
-63.933129284
-61.5992338565
-60.4789221382
-60.1241043692
-60.2404102289
-60.6355134037
-61.1847248618
-63.0456282167
-70.0
-70.0
-70.0
-70.0
-70.0
-70.0
-70.0
-70.0
-70.0
-63.7592612816
-57.8895093411
0
-70.0
-70.0
-70.0
-70.0
-70.0
-70.0
-70.0
-70.0
-70.0
-65.744385225
-63.3328701858
-62.1081988228
-56.7105301183
0
-70.0
-70.0
-70.0
-70.0
-70.0
-70.0
-70.0
-70.0
-70.0
-70.0
-70.0
-70.0
-63.9822575072
-60.572203428
-58.8404308662
-58.1733529669
-60.7936329523
-70.0
-70.0
-70.0
-70.0
-70.0
-70.0
-70.0
-70.0
-65.2314867494
-62.5293292407
-61.1570570941
-60.6284585697
-60.6236841694
-54.8551740898
-54.198412543
-60.2934743195
-68.2201169064
-70.0
-70.0
-70.0
-70.0
-70.0
-70.0
-63.6721975523
-57.7531094987
-54.6098863498
-55.6223469458
-61.1869152767
-69.0182055052
-70.0
-70.0
-70.0
-70.0
-70.0
-70.0
-63.8430782857
-60.354155981
-58.5823307321
-57.8998245584
-59.1962327819
-64.9077125498
-70.0
-70.0
-70.0
-70.0
-70.0
-70.0
-65.8882142701
-63.5582023565
-62.3749217965
-61.9191227339
-61.9150058719
-62.182035559
-62.8169961817
-65.5726417346
-70.0
-70.0
-70.0
-70.0
-70.0
-70.0
-70.0
-70.0
-70.0
-70.0
-70.0
-63.3132730461
-57.1907944389
-54.8206856719
-56.3134846402
-65.0838243263
-70.0
-70.0
-70.0
-70.0
-70.0
-70.0
-64.6513650236
-59.2871385369
-56.425698027
-55.1613104535
-54.8973008943
-57.216402547
-69.2445091814
-70.0
-70.0
-70.0
-70.0
-70.0
-70.0
-64.547053908
-61.4570511226
-59.8878144139
-59.2833452415
-59.2778855634
-60.2788259195
-69.2022207608
-70.0
-70.0
-70.0
-70.0
-70.0
-70.0
-70.0
-70.0
-70.0
-70.0
-63.1715971344
-65.0999177676
-70.0
-70.0
-70.0
-70.0
-70.0
-66.6424962329
-64.7399107648
-63.7736957919
-63.4015102817
-63.3981486328
-63.6161933558
-63.9598137443
-64.3673255193
-65.4311291006
-66.70006277
-70.0
-70.0
-70.0
-70.0
-70.0
-70.0
-65.2993709299
-62.6356811234
-57.3940556466
-54.6692785056
0
-70.0
-70.0
-70.0
-70.0
-70.0
-70.0
-70.0
-70.0
-70.0
-70.0
-70.0
-70.0
-70.0
-70.0
-70.0
-63.3838396326
-60.5236843374
-62.2004959284
-66.5130652701
-70.0
-70.0
-70.0
-70.0
-70.0
-70.0
-70.0
-70.0
-70.0
-70.0
-70.0
-70.0
-70.0
-70.0
-70.0
-70.0
-70.0
-70.0
-67.8142036545
-66.5755857254
-65.9465621104
-65.7042625378
-65.7020740429
-65.8440251446
-66.0677283007
-59.742719562
-56.5090657911
-56.1226207702
-61.9000811924
-70.0
-70.0
-70.0
-70.0
-70.0
-70.0
-70.0
-63.7783022703
-60.2526735569
-58.4622072102
-57.9845493272
-60.5139715103
-70.0
-70.0
-70.0
-70.0
-70.0
-70.0
-70.0
-70.0
-70.0
-64.1639108995
-60.8567937425
-55.2884081013
0
-70.0
-70.0
-70.0
-70.0
-70.0
-70.0
-70.0
-67.7073475333
-66.4081778022
-65.7484033702
-65.4942585986
-65.4919631157
-65.6408537221
-65.8754929619
-66.3621415309
-64.9208934842
-70.0
-70.0
-70.0
-70.0
-70.0
-70.0
-70.0
-70.0
-70.0
-63.8544802127
-60.3720189998
-58.6034749721
-57.9222327231
-57.9160796163
-60.5511071769
-67.9737097525
-70.0
-70.0
-70.0
-65.3844565882
-62.7689819882
-61.4407311619
-60.9290896274
-60.9244683858
-61.2242133613
-62.154329114
-69.8157606913
-70.0
-70.0
-70.0
-70.0
-70.0
-70.0
-70.0
-70.0
-70.0
-70.0
-63.4629170345
-59.7585700207
-57.8773428118
-62.4762400556
-70.0
-70.0
-70.0
-70.0
-70.0
-70.0
-70.0
-70.0
-70.0
-70.0
-70.0
-70.0
-70.0
-70.0
-70.0
-70.0
-70.0
-70.0
-70.0
-70.0
-70.0
-70.0
-70.0
-70.0
-70.0
-70.0
-70.0
-70.0
-70.0
-70.0
-70.0
-70.0
-70.0
-70.0
-70.0
-70.0
-70.0
-70.0
-70.0
-70.0
-70.0
-70.0
-70.0
-70.0
-70.0
-70.0
-70.0
-70.0
-70.0
-63.9485136329
-60.5193380249
-54.888965837
0
-70.0
-70.0
-70.0
-70.0
-70.0
-70.0
-68.4223000222
-67.5282700348
-67.0742430412
-66.899352077
-66.8977724292
-67.0002322263
-67.1617003636
-61.8587883005
-60.8511168923
-70.0
-70.0
-70.0
-70.0
-70.0
-70.0
-70.0
-70.0
-70.0
-63.5651115318
-59.9186747332
-59.8851407019
-65.6019614986
-70.0
-70.0
-70.0
-66.6802096036
-64.7989950457
-59.9547442538
-57.3830356369
-56.2605759455
-56.0450809325
-56.3809478936
-57.0364364738
0
-70.0
-70.0
-70.0
-70.0
-70.0
-69.1221177205
-68.6246510955
-68.3720160839
-68.2747012075
-68.2738222415
-68.3308341204
-68.4206801105
-68.5272317008
-70.0
-70.0
-70.0
-70.0
-70.0
-70.0
-70.0
-70.0
-70.0
-70.0
-70.0
-70.0
-70.0
-70.0
-70.0
-70.0
-70.0
-70.0
-70.0
-70.0
-70.0
-70.0
-70.0
-70.0
-70.0
-70.0
-70.0
-63.3042011184
-61.0708248027
-62.4883699609
-70.0
-70.0
-70.0
-68.9368831836
-68.5163577283
-68.3134971976
-68.2479976392
-68.2670979829
-68.3363215896
-68.4333117007
-68.5437287107
-68.658521293
-70.0
-70.0
-70.0
-70.0
-70.0
-70.0
-68.8532125108
-65.8700329336
-64.2177907562
-63.4191857578
-63.1593832336
-63.2315222779
-63.5004216285
-63.8784138513
-57.7189557009
-54.8807926979
-57.2929571217
-66.2068297652
-70.0
-70.0
-70.0
-70.0
-66.79120841
-64.9728931756
-64.0494742625
-63.6937737725
-63.6905610194
-63.8989480003
-64.2273485888
-66.4868928086
-70.0
-70.0
-70.0
-70.0
-70.0
-70.0
-70.0
-70.0
-70.0
-70.0
-63.571264119
-59.9283137865
-58.0782664607
-55.7773654583
-64.6148206869
-70.0
-70.0
-70.0
-70.0
-70.0
-70.0
-70.0
-70.0
-70.0
-70.0
-70.0
-70.0
-70.0
-70.0
-70.0
-70.0
-70.0
-70.0
-70.0
-70.0
-64.4161496508
-61.2519677863
-59.6450597414
-59.0260795897
-59.0204888457
-60.2838620054
-70.0
-70.0
-70.0
-70.0
-70.0
-70.0
-69.0263937195
-66.1413501605
-64.5389456864
-63.7595381458
-63.4999090165
-63.5608012384
-63.8119765303
-64.1689491544
-64.5775010904
-68.6500981107
-70.0
-70.0
-70.0
-69.8324045609
-69.737433812
-65.8003146801
-61.2446993782
-58.8031735512
-57.7114856033
-57.4660899811
-57.7366496084
-58.3077637312
-56.0025793342
-65.1978527658
-70.0
-70.0
-70.0
-70.0
-70.0
-70.0
-70.0
-70.0
-70.0
-63.4303275326
-59.7075131344
-58.038573503
-63.3039119035
-70.0
-70.0
-70.0
-70.0
-70.0
-70.0
-70.0
-70.0
-70.0
-70.0
-63.3861801307
-57.3050155382
0
-70.0
-70.0
-70.0
-70.0
-70.0
-70.0
-70.0
-70.0
-66.3983327971
-64.3573880488
-63.3209082648
-62.9216567856
-62.9180506719
-63.1519519813
-63.5205610342
-68.1037160668
-70.0
-70.0
-70.0
-70.0
-67.5123740426
-66.1027193335
-65.3868358635
-65.1110779194
-65.1085872223
-65.2701398966
-65.5247335047
-65.8266652194
-68.235887978
-70.0
-70.0
-70.0
-70.0
-70.0
-70.0
-70.0
-70.0
-70.0
-70.0
-70.0
-70.0
-70.0
-70.0
-70.0
-70.0
-70.0
-67.8839235205
-66.6848135154
-66.0758537286
-65.8412827321
-65.8391640432
-65.9765873618
-66.1931551075
-59.8596842289
-56.8629191182
-60.1392454704
-70.0
-70.0
-70.0
-70.0
-70.0
-70.0
-70.0
-70.0
-70.0
-70.0
-63.5179443491
-59.8447794802
-57.9793879096
-59.3152905157
-65.3457315141
-70.0
-70.0
-70.0
-68.7254883132
-68.003265024
-67.636488883
-67.4952069023
-67.4939308172
-67.5767008055
-67.7071394383
-67.8618313034
-61.2990478085
-60.2581707424
-70.0
-70.0
-70.0
-70.0
-70.0
-70.0
-70.0
-70.0
-70.0
-70.0
-70.0
-70.0
-70.0
-70.0
-70.0
-70.0
-70.0
-70.0
-70.0
-69.2898777651
-68.8874751653
-64.7942288777
-62.5118068092
-61.3919600078
-61.0069865934
-61.0757696583
-61.4145138419
-61.9039432241
-58.8976944471
-66.3036466421
-70.0
-70.0
-70.0
-70.0
-70.0
-70.0
-70.0
-70.0
-70.0
-63.4916100947
-59.8035224817
-58.1623024839
-69.0048187081
-70.0
-70.0
-70.0
-70.0
-69.7979475593
-69.6834511763
-69.6253049739
-69.6029070867
-69.6027047848
-69.6158265775
-69.6365054339
-69.6610292332
-69.6870425384
-70.0
-70.0
-70.0
-70.0
-70.0
-66.9385222362
-65.2036848367
-64.3226595691
-63.9832890896
-63.9802238322
-64.1790438834
-64.4923677846
-65.0754671016
-70.0
-70.0
-70.0
-70.0
-70.0
-66.3712366599
-64.3149374338
-59.3817710948
-54.4424789216
0
-70.0
-70.0
-70.0
-70.0
-70.0
-70.0
-70.0
-70.0
-70.0
-70.0
-70.0
-70.0
-70.0
-70.0
-70.0
-70.0
-63.5377780805
-64.8702581543
-70.0
-70.0
-70.0
-70.0
-70.0
-70.0
-70.0
-70.0
-70.0
-70.0
-63.5633816354
-59.9159645622
-58.0636488328
-59.8947721865
-70.0
-70.0
-70.0
-70.0
-70.0
-70.0
-70.0
-70.0
-70.0
-70.0
-63.6443907236
-60.0428788003
-58.2138756863
-57.2095394733
-62.0166279627
-70.0
-70.0
-69.9468359441
-69.9167096458
-69.9014102119
-69.8955168779
-69.8954636482
-69.8989162554
-69.9043572779
-69.9108099821
-70.0
-70.0
-70.0
-70.0
-70.0
-70.0
-70.0
-66.3691430825
-64.311657496
-63.2667775609
-62.8642903477
-62.8606550083
-63.096451971
-57.0825888827
-58.0656612679
-66.4396124964
-68.9795752963
-70.0
-70.0
-70.0
-70.0
-70.0
-70.0
-70.0
-63.4037322389
-59.6658471743
-58.6872307573
-67.9676031443
-70.0
-70.0
-70.0
-70.0
-70.0
-66.1210063188
-63.9229098995
-62.8066217179
-62.376628085
-62.3727443024
-62.6246558895
-63.0216476454
-63.4924544441
-63.9918567085
-65.6601625414
-70.0
-70.0
-70.0
-70.0
-70.0
-68.2105739412
-64.8632325078
-60.6927198975
-58.5006550015
0
-70.0
-70.0
-70.0
-70.0
-68.2200668601
-70.0
-70.0
-70.0
-70.0
-70.0
-70.0
-70.0
-70.0
-70.0
-70.0
-70.0
-70.0
-70.0
-70.0
-70.0
-70.0
-70.0
-70.0
-70.0
-67.786114233
-66.5315789651
-62.0055829499
-59.5564659091
-58.4351134877
-58.1477982519
-58.3704825021
-58.8917436354
-61.897501244
-70.0
-70.0
-70.0
-70.0
-67.3440035141
-65.8389388388
-65.0746020723
-64.7801799433
-64.7775206679
-64.950007747
-65.2218330695
-66.0129408708
-68.5381143896
-70.0
-70.0
-69.3751470031
-70.0
-70.0
-70.0
-70.0
-70.0
-63.873213128
-60.4013672339
-54.7493252341
0
-70.0
-70.0
-70.0
-70.0
-70.0
-70.0
-70.0
-70.0
-70.0
-70.0
-70.0
-70.0
-70.0
-70.0
-70.0
-70.0
-70.0
-70.0
-70.0
-70.0
-70.0
-70.0
-70.0
-70.0
-63.6910701587
-60.1160099153
-58.5317434975
-59.1682867832
-59.0620162673
-60.9818154941
-63.3534512354
-65.1949380094
-66.6497302883
-67.6342813127
-68.3038692169
-68.7621596522
-62.4880889025
-56.640710156
-54.2668219804
-63.8382021369
-70.0
-70.0
-70.0
-70.0
-70.0
-70.0
-70.0
-70.0
-63.6136697399
-57.6614159258
0
-70.0
-70.0
-70.0
-70.0
-70.0
-70.0
-70.0
-70.0
-70.0
-70.0
-70.0
-70.0
-70.0
-70.0
-70.0
-70.0
-70.0
-70.0
-70.0
-70.0
-70.0
-70.0
-70.0
-70.0
-70.0
-70.0
-70.0
-70.0
-70.0
-70.0
-70.0
-70.0
-70.0
-70.0
-70.0
-70.0
-70.0
-70.0
-70.0
-70.0
-70.0
-70.0
-70.0
-70.0
-65.1241656448
-70.0
-70.0
-70.0
-70.0
-70.0
-68.6696405173
-67.9157701437
-67.5329222481
-67.3854494358
-67.3841174339
-67.4705143183
-61.2212091047
-57.7642523398
-56.0979365361
-58.2341563589
-68.217665224
-70.0
-70.0
-70.0
-70.0
-70.0
-70.0
-70.0
-70.0
-70.0
-63.4647198807
-59.7613944798
-60.7259126302
-69.9431800654
-70.0
-70.0
-70.0
-69.9534772246
-69.9271143185
-69.9137260976
-69.9085689618
-69.9085223816
-69.9115436874
-63.530845481
-59.9180650412
-58.0864612759
-59.2913411812
-70.0
-70.0
-70.0
-70.0
-70.0
-68.1034701115
-67.0287698414
-66.4829906846
-66.2727568344
-66.2708579631
-66.3940233749
-66.5881218428
-66.8183101954
-67.0624795339
-68.4795226228
-70.0
-70.0
-70.0
-70.0
-66.3359727639
-64.2596906635
-63.2052650477
-57.8731749174
-55.078148342
0
-70.0
-70.0
-70.0
-70.0
-70.0
-70.0
-70.0
-70.0
-70.0
-70.0
-70.0
-70.0
-70.0
-70.0
-70.0
-70.0
-70.0
-70.0
-70.0
-70.0
-70.0
-70.0
-70.0
-70.0
-70.0
-63.9469153027
-60.5168339742
-58.7748907113
-58.1038950632
-58.8161115112
-68.4430021724
-70.0
-70.0
-70.0
-70.0
-70.0
-65.7991235779
-63.4186269387
-58.3208191683
0
-70.0
-70.0
-70.0
-70.0
-70.0
-70.0
-70.0
-70.0
-70.0
-70.0
-70.0
-70.0
-70.0
-70.0
-70.0
-70.0
-70.0
-70.0
-70.0
-70.0
-70.0
-70.0
-70.0
-64.9562543586
-62.0981318285
-60.6466539161
-55.1616194456
0
-70.0
-70.0
-70.0
-70.0
-70.0
-70.0
-70.0
-70.0
-70.0
-70.0
-70.0
-70.0
-70.0
