-70.0
-69.0
-68.4333333333
-68.1455555556
-67.331
-66.9312333333
-66.7936655556
-66.114299
-67.8679524333
-70.0
-70.0
-68.3
-65.1474166667
-63.4176194444
-62.5991537963
-62.3547692809
-62.4629795956
-62.7791397979
-63.2095312593
-64.1028650942
-66.4186865587
-70.0
-70.0
-70.0
-70.0
-69.5889465828
-69.3560163131
-69.2377242741
-68.1926093346
-67.6257867264
-67.364833604
-67.2961006104
-68.3059723515
-68.9683629845
-70.0
-70.0
-70.0
-70.0
-70.0
-70.0
-70.0
-70.0
-70.0
-70.0
-70.0
-70.0
-69.4523749275
-69.1420540531
-68.9844597267
-70.0
-70.0
-70.0
-70.0
-70.0
-70.0
-70.0
-70.0
-70.0
-70.0
-70.0
-70.0
-70.0
-70.0
-70.0
-70.0
-70.0
-70.0
-70.0
-70.0
-70.0
-70.0
-69.9567129702
-69.9321836533
-69.919726608
-69.2112244569
-68.8124156844
-68.6127165647
-70.0
-70.0
-70.0
-70.0
-70.0
-70.0
-70.0
-70.0
-70.0
-70.0
-69.7860373961
-69.6647919205
-69.0476626822
-68.3757963832
-68.8339205183
-70.0
-70.0
-70.0
-70.0
-70.0
-70.0
-70.0
-70.0
-70.0
-69.8883201544
-69.8250349086
-69.2373403753
-68.9101456428
-68.9526537177
-70.0
-70.0
-70.0
-70.0
-70.0
-70.0
-64.5003608655
-62.2522114466
-61.1615814136
-55.8758914208
0
-70.0
-70.0
-70.0
-70.0
-70.0
-70.0
-70.0
-70.0
-70.0
-70.0
-70.0
-70.0
-70.0
-63.380353432
-59.6292203769
-54.4330075166
0
-70.0
-70.0
-70.0
-70.0
-70.0
-70.0
-70.0
-70.0
-70.0
-70.0
-70.0
-70.0
-70.0
-70.0
-70.0
-70.0
-70.0
-70.0
-70.0
-66.0497532394
-62.8164183062
-61.1158700694
-60.3916787916
-60.2774413986
-60.5329842495
-60.3493880466
-63.466894996
-70.0
-70.0
-70.0
-70.0
-70.0
-70.0
-70.0
-70.0
-70.0
-70.0
-70.0
-70.0
-70.0
-70.0
-70.0
-70.0
-70.0
-70.0
-70.0
-70.0
-65.3441049335
-63.7057565731
-62.9325556711
-62.7042166076
-62.8104059492
-63.1137726892
-63.5253336435
-58.0031203079
-62.4603455946
-70.0
-70.0
-70.0
-70.0
-70.0
-70.0
-70.0
-70.0
-70.0
-70.0
-70.0
-70.0
-70.0
-70.0
-70.0
-70.0
-70.0
-70.0
-70.0
-70.0
-70.0
-70.0
-70.0
-70.0
-70.0
-70.0
-70.0
-70.0
-70.0
-70.0
-70.0
-70.0
-70.0
-70.0
-70.0
-70.0
-70.0
-70.0
-70.0
-70.0
-70.0
-70.0
-70.0
-70.0
-70.0
-70.0
-70.0
-64.1633035332
-60.855842202
-58.3078579061
-57.1688053983
-56.9130803803
0
-70.0
-70.0
-70.0
-70.0
-70.0
-70.0
-70.0
-70.0
-70.0
-70.0
-70.0
-70.0
-70.0
-70.0
-70.0
-70.0
-70.0
-70.0
-70.0
-70.0
-70.0
-70.0
-70.0
-70.0
-70.0
-70.0
-70.0
-70.0
-70.0
-70.0
-70.0
-70.0
-70.0
-70.0
-70.0
-70.0
-70.0
-70.0
-70.0
-70.0
-70.0
-70.0
-70.0
-70.0
-70.0
-70.0
-70.0
-70.0
-70.0
-68.0040134203
-66.8729543585
-66.2985537761
-66.0772949675
-66.0752965167
-60.1267315953
-54.5533682559
0
-70.0
-70.0
-70.0
-70.0
-70.0
-70.0
-70.0
-70.0
-70.0
-70.0
-70.0
-70.0
-70.0
-70.0
-68.0193205911
-70.0
-70.0
-70.0
-70.0
-70.0
-70.0
-70.0
-69.9350462392
-69.8982391082
-63.0009375686
-59.095858726
-57.1162827962
-60.0868138615
-70.0
-70.0
-70.0
-70.0
-70.0
-66.539644428
-62.2454429372
-59.9274072781
-58.8723389734
0
-70.0
-70.0
-70.0
-70.0
-70.0
-70.0
-70.0
-70.0
-70.0
-70.0
-70.0
-70.0
-70.0
-70.0
-70.0
-70.0
-70.0
-70.0
-70.0
-70.0
-70.0
-70.0
-66.0332285581
-63.7853914077
-62.6438427372
-62.204118777
-62.2001471083
-62.4577592035
-62.8637344871
-63.3451951744
-67.6335447607
-70.0
-70.0
-70.0
-70.0
-70.0
-70.0
-70.0
-70.0
-70.0
-70.0
-70.0
-70.0
-70.0
-70.0
-70.0
-70.0
-70.0
-70.0
-70.0
-70.0
-70.0
-70.0
-70.0
-70.0
-70.0
-65.5983114198
-67.9109199205
-70.0
-70.0
-70.0
-70.0
-70.0
-70.0
-70.0
-70.0
-70.0
-70.0
-70.0
-70.0
-70.0
-70.0
-70.0
-70.0
-70.0
-70.0
-70.0
-70.0
-70.0
-70.0
-69.303159358
-68.9082829941
-61.8291384521
-60.8420415543
-62.2701170565
-68.6365462976
-70.0
-70.0
-70.0
-70.0
-70.0
-70.0
-70.0
-63.5663563925
-59.9206250149
-58.0691653545
-57.3559840464
-57.9402985282
-60.6859685333
-70.0
-70.0
-70.0
-70.0
-70.0
-70.0
-70.0
-70.0
-70.0
-70.0
-70.0
-70.0
-70.0
-69.1924873869
-70.0
-70.0
-70.0
-70.0
-70.0
-70.0
-70.0
-70.0
-70.0
-70.0
-70.0
-70.0
-70.0
-70.0
-70.0
-70.0
-70.0
-70.0
-70.0
-70.0
-70.0
-70.0
-70.0
-70.0
-70.0
-70.0
-63.4451525462
-62.3049227925
-70.0
-70.0
-70.0
-70.0
-70.0
-70.0
-70.0
-70.0
-70.0
-70.0
-70.0
-70.0
-70.0
-70.0
-70.0
-70.0
-70.0
-70.0
-70.0
-70.0
-70.0
-70.0
-70.0
-70.0
-63.3233611855
-60.7546028218
-61.1643290787
-69.2315596347
-70.0
-70.0
-70.0
-70.0
-70.0
-70.0
-70.0
-70.0
-63.6509179822
-60.0531048388
-58.2259801248
-58.5187471382
-59.077115775
-57.9744100914
-69.1779313886
-70.0
-70.0
-70.0
-70.0
-70.0
-70.0
-70.0
-70.0
-69.6060311389
-69.3827821176
-69.2694066343
-69.2257344565
-69.6198400012
-70.0
-70.0
-70.0
-70.0
-70.0
-70.0
-70.0
-70.0
-70.0
-70.0
-70.0
-70.0
-63.4968828296
-62.8302127653
-68.2314757275
-70.0
-70.0
-70.0
-70.0
-70.0
-70.0
-70.0
-64.3684546061
-61.1772455495
-59.5566119306
-58.9323446949
-58.926706197
-60.2890074043
-63.079532444
-70.0
-70.0
-70.0
-70.0
-70.0
-70.0
-70.0
-70.0
-70.0
-70.0
-70.0
-70.0
-70.0
-70.0
-70.0
-70.0
-70.0
-70.0
-70.0
-70.0
-70.0
-70.0
-70.0
-63.46485364
-59.761604036
-57.8809341391
0
-70.0
-70.0
-70.0
-70.0
-70.0
-70.0
-70.0
-70.0
-70.0
-65.408232951
-62.8062316233
-57.595934217
0
-70.0
-70.0
-70.0
-70.0
-70.0
-70.0
-70.0
-70.0
-70.0
-70.0
-70.0
-70.0
-70.0
-63.1494266021
-58.7550903592
-66.1852466842
-70.0
-70.0
-70.0
-70.0
-70.0
-70.0
-70.0
-70.0
-63.6618377959
-60.070212547
-58.2462303127
-57.9216748131
-61.0567742621
-65.4697752218
-62.4307957427
-60.8597148638
-60.2217425077
-60.1649010104
-59.4637709761
-59.7970502778
-60.1880604141
-63.5673140472
-70.0
-70.0
-70.0
-70.0
-70.0
-70.0
-70.0
-70.0
-70.0
-70.0
-70.0
-70.0
-70.0
-70.0
-70.0
-70.0
-70.0
-70.0
-70.0
-70.0
-70.0
-70.0
-70.0
-70.0
-70.0
-70.0
-70.0
-70.0
-70.0
-70.0
-70.0
-70.0
-70.0
-70.0
-70.0
-70.0
-70.0
-70.0
-70.0
-70.0
-70.0
-70.0
-70.0
-70.0
-70.0
-70.0
-70.0
-70.0
-70.0
-70.0
-70.0
-70.0
-68.6184321368
-70.0
-70.0
-70.0
-70.0
-65.6626818629
-63.2048682519
-61.9566844768
-61.4758847293
-62.4455297615
-63.2791324555
-64.0033229901
-65.2261860524
-70.0
-70.0
-70.0
-70.0
-70.0
-70.0
-70.0
-70.0
-70.0
-63.3684081038
-59.6105060293
-57.7020812503
-57.5834022714
-61.7768747604
-70.0
-70.0
-70.0
-70.0
-70.0
-70.0
-70.0
-70.0
-70.0
-63.8483723201
-60.3624499682
-58.5921482248
-57.9102289046
-56.9063533406
0
-70.0
-70.0
-70.0
-70.0
-70.0
-70.0
-70.0
-66.7055296236
-65.7069758342
-64.262505386
-58.6611470117
-55.6782937533
-54.3659720066
-54.8856269836
-58.7379530348
-65.8830544981
-70.0
-70.0
-70.0
-70.0
-70.0
-70.0
-70.0
-70.0
-70.0
-70.0
-70.0
-70.0
-70.0
-70.0
-70.0
-70.0
-70.0
-70.0
-70.0
-70.0
-70.0
-70.0
-64.7275986008
-61.7399044746
-60.2226245163
-59.6381690575
-60.6178943201
-67.5672582153
-70.0
-70.0
-70.0
-70.0
-70.0
-70.0
-70.0
-70.0
-70.0
-70.0
-70.0
-70.0
-70.0
-70.0
-68.6422464757
-70.0
-70.0
-70.0
-70.0
-70.0
-70.0
-70.0
-70.0
-70.0
-70.0
-69.819035278
-70.0
-70.0
-70.0
-70.0
-65.5961755956
-64.0891140798
-63.381906701
-63.1781853836
-63.2833464138
-63.5703314848
-63.9568448112
-64.7756267198
-60.7329666314
-65.1001441021
-70.0
-70.0
-70.0
-70.0
-70.0
-64.7166787287
-61.722796675
-60.2023742202
-60.5776898311
-61.1169562032
-61.7366174864
-63.9704504297
-64.8025983042
-70.0
-70.0
-70.0
-70.0
-70.0
-70.0
-70.0
-70.0
-70.0
-70.0
-70.0
-70.0
-70.0
-70.0
-70.0
-70.0
-70.0
-70.0
-70.0
-70.0
-68.3862003273
-66.6692447103
-65.7500965165
-65.3402710496
-65.2497000678
-65.5478061866
-65.8750763184
-65.6533802979
-65.8648140552
-65.2245854393
-70.0
-70.0
-70.0
-70.0
-70.0
-70.0
-70.0
-70.0
-70.0
-70.0
-70.0
-70.0
-70.0
-70.0
-70.0
-70.0
-70.0
-70.0
-70.0
-70.0
-70.0
-70.0
-70.0
-70.0
-70.0
-70.0
-70.0
-70.0
-64.1751509821
-63.066654806
-64.8896225063
-65.2490481669
-66.8061144407
-64.1396226126
-62.7350734286
-62.1345081373
-61.0363530547
-60.6762482367
-61.7705259783
-63.0347417574
-64.0254464996
-66.2479617779
-70.0
-70.0
-70.0
-70.0
-70.0
-70.0
-69.7662224438
-69.6337484953
-69.5664725096
-61.8415906073
-59.3008738672
-62.2420871587
-70.0
-70.0
-70.0
-70.0
-68.0849221996
-64.6663781127
-62.7930390568
-61.9092676547
-60.7072235551
-54.6784723595
0
-70.0
-70.0
-70.0
-70.0
-70.0
-70.0
-70.0
-70.0
-70.0
-70.0
-70.0
-70.0
-69.5612908269
-69.3126889622
-70.0
-70.0
-69.9793188162
-70.0
-70.0
-70.0
-70.0
-70.0
-70.0
-70.0
-70.0
-70.0
-70.0
-70.0
-70.0
-70.0
-70.0
-70.0
-70.0
-70.0
-70.0
-70.0
-70.0
-70.0
-69.5973254062
-69.3691431364
-69.6715858496
-70.0
-70.0
-70.0
-70.0
-70.0
-70.0
-70.0
-70.0
-70.0
-70.0
-69.9605913238
-69.9382597406
-70.0
-70.0
-70.0
-70.0
-70.0
-70.0
-70.0
-67.3455561665
-65.8413713275
-65.0774813798
-64.7832313652
-64.7805736443
-64.0846471331
-63.8642696552
-64.933142026
-65.7433607142
-69.7775929261
-70.0
-70.0
-70.0
-70.0
-70.0
-70.0
-70.0
-70.0
-64.5860698629
-61.5181761186
-59.9601673347
-59.3600231532
-60.266811044
-62.1583130017
-66.552614996
-70.0
-70.0
-70.0
-65.8990960476
-63.5752504746
-61.5926323125
-60.6833070048
-60.4482682533
-60.6256360607
-61.0445355431
-62.8333137762
-65.9472151644
-70.0
-70.0
-70.0
-70.0
-70.0
-70.0
-65.062853415
-62.2651370168
-60.8443359441
-60.2970441022
-60.2921008604
-61.2201041588
-66.0811321663
-70.0
-70.0
-70.0
-70.0
-70.0
-70.0
-65.4363622497
-63.8468753704
-63.0982873972
-61.8791995226
-61.4184401472
-61.428036517
-63.1408097331
-70.0
-70.0
-70.0
-70.0
-70.0
-64.1968205695
-60.9083522255
-59.238326145
-58.5950329585
-58.5892226146
-58.9660956545
-60.9436217318
-70.0
-70.0
-70.0
-70.0
-70.0
-70.0
-70.0
-70.0
-65.0151181009
-62.1903516915
-56.8669245672
0
-70.0
-70.0
-70.0
-70.0
-70.0
-70.0
-70.0
-70.0
-65.0172222982
-61.3911791314
-59.5025139269
-58.7192310067
-58.6252868876
-58.9480775199
-65.3311739266
-70.0
-70.0
-70.0
-70.0
-70.0
-70.0
-70.0
-70.0
-70.0
-70.0
-70.0
-70.0
-70.0
-70.0
-70.0
-70.0
-70.0
-70.0
-70.0
-70.0
-70.0
-70.0
-70.0
-70.0
-70.0
-70.0
-70.0
-70.0
-70.0
-70.0
-70.0
-70.0
-70.0
-70.0
-70.0
-70.0
-70.0
-70.0
-70.0
-70.0
-70.0
-70.0
-70.0
-70.0
-70.0
-70.0
-70.0
-70.0
-70.0
-70.0
-70.0
-70.0
-70.0
-70.0
-70.0
-70.0
-70.0
-70.0
-65.5783586081
-63.0727618193
-62.7998605925
-62.8761245032
-63.1593453663
-62.5650070519
-62.6623859602
-64.3595668207
-69.4198974189
-70.0
-70.0
-70.0
-70.0
-64.4948900143
-61.3753276891
-59.791079371
-59.1808277345
-59.175315828
-59.5328314899
-61.1041438783
-67.5789051346
-70.0
-70.0
-70.0
-70.0
-70.0
-70.0
-70.0
-70.0
-70.0
-69.5305940728
-69.2645973808
-63.13253678
-61.271095608
-70.0
-70.0
-70.0
-70.0
-70.0
-70.0
-65.2320650772
-62.1969019542
-60.6359073486
-59.4558914514
-59.0993521981
-59.2487835728
-59.8952912014
-62.6372386937
-68.3021793494
-70.0
-70.0
-70.0
-70.0
-70.0
-70.0
-70.0
-70.0
-70.0
-69.3715474321
-69.0154243103
-70.0
-70.0
-70.0
-70.0
-70.0
-70.0
-64.7840778543
-61.8283886385
-60.3273621543
-59.7491675254
-59.7439451638
-60.2726078439
-66.4682902665
-70.0
-70.0
-70.0
-70.0
-70.0
-70.0
-70.0
-70.0
-70.0
-70.0
-69.4391988579
-61.7928146871
-57.4785570284
-56.2299016694
-63.4940866299
-70.0
-70.0
-70.0
-70.0
-70.0
-70.0
-70.0
-69.6173251403
-69.0671427198
-68.7681285101
-68.6297823673
-68.5924486028
-70.0
-70.0
-70.0
-70.0
-70.0
-70.0
-70.0
-70.0
-70.0
-70.0
-70.0
-70.0
-70.0
-70.0
-69.2366734053
-70.0
-70.0
-70.0
-70.0
-70.0
-70.0
-70.0
-70.0
-70.0
-70.0
-63.1089534419
-56.8706937257
0
-70.0
-70.0
-70.0
-70.0
-70.0
-70.0
-70.0
-70.0
-70.0
-70.0
-70.0
-70.0
-70.0
-70.0
-70.0
-70.0
-70.0
-70.0
-70.0
-70.0
-70.0
-70.0
-63.7242546925
-61.1657153599
-55.4806234706
0
-70.0
-70.0
-70.0
-70.0
-70.0
-70.0
-70.0
-70.0
-70.0
-70.0
-70.0
-70.0
-70.0
-70.0
-70.0
-70.0
-70.0
-70.0
-69.8978305353
-69.0173686278
-64.6329569735
-62.1812114152
-60.9707903663
-60.5455113914
-60.6054936268
-60.0424246757
-60.0365024825
-64.5457191366
-70.0
-70.0
-70.0
-70.0
-70.0
-70.0
-70.0
-70.0
-70.0
-70.0
-69.7771306171
-62.6539956178
-59.8051212692
-61.4555690367
-68.0103056078
-70.0
-70.0
-65.9743524058
-63.6931521024
-63.3371293194
-63.345611339
-63.5725135061
-63.9229043562
-64.335708721
-65.5611888842
-70.0
-70.0
-70.0
-70.0
-70.0
-70.0
-70.0
-70.0
-70.0
-69.8744406327
-70.0
-70.0
-70.0
-70.0
-70.0
-70.0
-70.0
-70.0
-70.0
-70.0
-70.0
-70.0
-69.8144263411
-69.7092679344
-69.6558639593
-69.8377927755
-70.0
-70.0
-70.0
-70.0
-70.0
-70.0
-70.0
-70.0
-70.0
-70.0
-62.5363550439
-58.3069562354
-56.1590850758
-56.7663651697
-62.8410153929
-66.3245479109
-70.0
-70.0
-68.876520355
-68.2398818896
-67.916569414
-67.7920296148
-68.593373884
-69.1210679826
-69.4669821758
-63.1019915967
-59.5129308627
-61.7083053685
-70.0
-70.0
-70.0
-70.0
-70.0
-70.0
-70.0
-70.0
-70.0
-70.0
-70.0
-70.0
-70.0
-70.0
-70.0
-70.0
-70.0
-70.0
-70.0
-70.0
-70.0
-70.0
-70.0
-69.9956081702
-69.9931194666
-69.9918555956
-70.0
-70.0
-70.0
-70.0
-70.0
-70.0
-70.0
-70.0
-70.0
-64.4776167201
-61.3482661948
-59.7590470065
-59.1468805932
-59.1413513922
-59.4999888252
-61.26605992
-65.239424314
-69.0979142078
-70.0
-70.0
-70.0
-70.0
-70.0
-70.0
-70.0
-63.8760270253
-60.4057756729
0
-70.0
-70.0
-70.0
-70.0
-70.0
-70.0
-70.0
-70.0
-70.0
-70.0
-70.0
-70.0
-70.0
-70.0
-70.0
-70.0
-70.0
-70.0
-70.0
-70.0
-70.0
-70.0
-70.0
-70.0
-70.0
-70.0
-70.0
-70.0
-70.0
-70.0
-70.0
-70.0
-70.0
-70.0
-70.0
-70.0
-70.0
-70.0
-70.0
-70.0
-70.0
-70.0
-70.0
-70.0
-70.0
-70.0
-70.0
-70.0
-70.0
-70.0
-70.0
-70.0
-70.0
-70.0
-64.1744698537
-60.8733361041
-60.3938532266
-65.6493773364
-69.77395814
-70.0
-70.0
-70.0
-70.0
-63.8699794455
-61.3789596014
-60.1717157082
-54.8490529228
0
-70.0
-70.0
-70.0
-70.0
-70.0
-70.0
-70.0
-70.0
-70.0
-70.0
-70.0
-70.0
-70.0
-70.0
-70.0
-70.0
-70.0
-70.0
-70.0
-70.0
-66.4612836824
-64.4560111025
-63.4376471844
-57.3169788657
-54.0673452456
0
-70.0
-70.0
-70.0
-70.0
-70.0
-70.0
-70.0
-70.0
-70.0
-66.0508935612
-63.8130665792
-61.7351291675
-60.7638624149
-60.4889736162
-61.0495773271
-63.8820109355
-68.2026634078
-70.0
-70.0
-70.0
-70.0
-70.0
-70.0
-62.7879661807
-58.7011470165
-57.8322071345
-56.2180851145
-57.4868410475
-59.2544055601
-60.8928749473
-61.2380550782
-61.7372279875
-62.3121574668
-62.9133765721
-63.5103288163
-64.0848225356
-65.4400066745
-70.0
-70.0
-70.0
-66.7977291921
-64.6497757343
-63.5393444685
-63.0884408933
-63.0482840518
-63.2559138119
-63.6052945408
-64.2320184782
-65.4025418234
-68.8570860629
-70.0
-70.0
-70.0
-70.0
-70.0
-69.9394410305
-69.9051242811
-69.8876967555
-63.2845856129
-65.1833507502
-70.0
-70.0
-70.0
-70.0
-70.0
-70.0
-70.0
-70.0
-70.0
-70.0
-70.0
-70.0
-70.0
-70.0
-70.0
-70.0
-70.0
-70.0
-70.0
-70.0
-70.0
-70.0
-70.0
-70.0
-70.0
-70.0
-63.8671739669
-61.611449656
-64.1716891767
-70.0
-70.0
-70.0
-70.0
-67.8362175696
-66.6100741924
-65.987385693
-65.7475264036
-66.7376526032
-67.4404732362
-61.5620236412
-58.3162197628
0
-70.0
-70.0
-70.0
-70.0
-70.0
-70.0
-70.0
-70.0
-70.0
-70.0
-70.0
-70.0
-70.0
-70.0
-70.0
-70.0
-70.0
-70.0
-70.0
-70.0
-70.0
-70.0
-70.0
-63.7497894151
-60.2080034169
-58.4093317042
-58.3156867712
-62.8685946159
-70.0
-70.0
-70.0
-70.0
-70.0
-70.0
-70.0
-70.0
-70.0
-69.5127050606
-69.2365712616
-69.5403319582
-70.0
-70.0
-70.0
-70.0
-70.0
-70.0
-70.0
-70.0
-70.0
-70.0
-70.0
-70.0
-70.0
-70.0
-70.0
-70.0
-70.0
-70.0
-70.0
-70.0
-70.0
-70.0
-70.0
-70.0
-70.0
-70.0
-70.0
-70.0
-70.0
-70.0
-70.0
-70.0
-70.0
-65.1505576579
-62.4025403307
-61.0069785901
-54.6312744953
0
-70.0
-70.0
-70.0
-70.0
-70.0
-70.0
-70.0
-70.0
-70.0
-70.0
-70.0
-70.0
-70.0
-70.0
-70.0
-70.0
-70.0
-70.0
-70.0
-70.0
-70.0
-70.0
-70.0
-70.0
-70.0
-70.0
-69.4483105535
-69.3306749502
-70.0
-70.0
-70.0
-70.0
-70.0
-70.0
-70.0
-70.0
-70.0
-70.0
-70.0
-70.0
-70.0
-70.0
-70.0
-70.0
-70.0
-70.0
-70.0
-70.0
-70.0
-70.0
-70.0
-70.0
-70.0
-70.0
-70.0
-70.0
-70.0
-70.0
-70.0
-70.0
-70.0
-70.0
-64.5636391993
-62.2855038813
-61.1757725612
-60.8040746837
-60.8875868011
-61.0409520604
-69.7133363708
-70.0
-70.0
-70.0
-70.0
-70.0
-70.0
-70.0
-64.2055195579
-60.9219806406
-60.2521742774
-60.1752179835
-60.456536941
-61.7714380079
-58.8622337397
-60.6913987217
-63.4781118239
-65.3675359578
-66.6556059062
-67.5399276784
-68.1525231524
-68.5816629984
-68.8864248061
-69.1064010638
-69.2681734496
-69.600828689
-70.0
-70.0
-70.0
-70.0
-70.0
-70.0
-70.0
-70.0
-70.0
-70.0
-69.4989349457
-69.2149980816
-70.0
-70.0
-70.0
-70.0
-70.0
-70.0
-70.0
-70.0
-70.0
-70.0
-70.0
-70.0
-70.0
-70.0
-70.0
-70.0
-70.0
-70.0
-70.0
-70.0
-67.0655942333
-65.4027642988
-60.6694186393
-58.1404306222
-56.0183831927
-55.2112086286
0
-70.0
-70.0
-70.0
-70.0
-70.0
-70.0
-70.0
-70.0
-70.0
-70.0
-69.9356920679
-70.0
-70.0
-70.0
-70.0
-70.0
-70.0
-70.0
-70.0
-66.1289170941
-63.9353034475
-62.8212918112
-62.3921751024
-62.3882992404
-62.6396970819
-63.0358792173
-63.505725858
-70.0
-70.0
-70.0
-70.0
-70.0
-70.0
-70.0
-70.0
-70.0
-69.6778281133
-69.4952640442
-69.4025501346
-69.3668367844
-69.5828966495
-70.0
-70.0
-70.0
-69.6239105191
-69.4107931465
-69.3025629515
-69.2608727361
-68.2682035289
-67.7303285536
-67.4832592834
-67.4189090784
-67.4663353195
-68.7779885921
-70.0
-70.0
-70.0
-70.0
-70.0
-70.0
-70.0
-70.0
-70.0
-70.0
-70.0
-70.0
-70.0
-70.0
-70.0
-70.0
-70.0
-70.0
-70.0
-70.0
-70.0
-64.1190818025
-58.4532281573
-55.4386083649
-54.1152162106
0
-70.0
-70.0
-70.0
-70.0
-70.0
-70.0
-70.0
-70.0
-70.0
-63.8407741291
-60.3505461356
-58.7790578016
-64.8920164234
-70.0
-70.0
-70.0
-70.0
-70.0
-70.0
-70.0
-70.0
-70.0
-70.0
-70.0
-63.2762006279
-59.6640476499
-62.4533284231
-70.0
-70.0
-70.0
-70.0
-70.0
-70.0
-70.0
-70.0
-70.0
-63.7485062649
-60.2059931483
-57.4069528602
-56.3670411236
-54.8598665862
-63.6147556839
-70.0
-70.0
-70.0
-70.0
-70.0
-70.0
-70.0
-70.0
