-70.0
-70.0
-70.0
-70.0
-69.0
-68.4333333333
-68.1455555556
-68.0347037037
-68.0337024691
-68.0986449794
-68.2009889863
-68.3223624242
-68.4511077395
-68.5799846706
-62.7046446737
-59.4226191863
-58.36153881
0
-70.0
-70.0
-70.0
-70.0
-67.9259259259
-66.750617284
-66.153744856
-65.2201262003
-64.8192841335
-64.7514694223
-65.7979401197
-66.5658912008
-67.1411321427
-67.5815723032
-67.926450656
-68.2024959791
-68.4280399737
-68.615765038
-68.774541242
-68.9106555896
-69.0286356786
-69.1318025427
-70.0
-70.0
-70.0
-70.0
-70.0
-70.0
-63.0875910094
-59.1705592481
-57.1813215497
-56.4150682123
-56.4081472695
-57.8454954416
-59.1130544967
-60.7920436688
-62.1063690498
-63.15808531
-64.0171788892
-64.732062407
-65.3365904375
-65.8547542412
-66.3038273821
-65.6964774784
-65.4755182868
-65.493758829
-65.6549111934
-65.0939697698
-64.5876059232
-64.1308674179
-64.0524620674
-64.2036701216
-64.48760595
-64.8417139154
-65.2261215641
-65.6158954345
-65.9958965756
-66.3573673745
-66.6956709413
-68.0087379801
-68.8629536041
-69.413384525
-69.7631969267
-69.9809778035
-70.0
-70.0
-70.0
-70.0
-70.0
-70.0
-70.0
-70.0
-70.0
-70.0
-70.0
-70.0
-70.0
-70.0
-70.0
-69.4444444371
-69.1296296182
-69.7722222086
-70.0
-70.0
-70.0
-69.2962962957
-68.8975308632
-68.6950205749
-68.6170137162
-68.6163091437
-68.6620094287
-62.7080169907
-59.3786876281
-57.7351337563
-57.1578303081
-57.2395205622
-57.7138840292
-59.3202478133
-60.6400578233
-55.017070998
0
-70.0
-70.0
-70.0
-70.0
-69.4241772473
-68.0980781731
-67.3658161229
-67.014265022
-66.9028588607
-66.9392532019
-67.0631146999
-59.3590868882
-55.0913673049
0
-70.0
-70.0
-70.0
-70.0
-67.4970278921
-66.6342325865
-66.2287476503
-66.1111651002
-66.1702434001
-66.3333489334
-67.4217467128
-68.1607271567
-68.6654245178
-69.0127287839
-69.254020384
-69.4236613313
-69.5446571887
-69.6324327968
-62.7080074737
-56.463085364
0
-70.0
-70.0
-70.0
-70.0
-69.3877314579
-69.0407792841
-68.8645820036
-68.7967109019
-67.7961001953
-60.3501242377
-56.2042011886
0
-70.0
-70.0
-70.0
-70.0
-62.9609991586
-58.9722320152
-56.9465639953
-56.1662777168
-56.1592300259
-56.6163604104
-57.3367599608
-58.1911076924
-59.0973460749
-60.0045109019
-60.881992768
-61.7124154621
-62.4869218965
-63.2020616939
-63.8577435159
-57.4718800997
-55.0579660199
-54.1076853713
-54.0672608031
-55.2778010725
-56.4948651984
-57.6752748339
-58.7943447875
-59.8393086
-60.8049766009
-62.6030866862
-63.9285165145
-64.9261571943
-65.6938696957
-67.1005040092
-68.0411344636
-68.6708082542
-69.09291892
-69.3764213555
-69.5673087717
-69.6962642623
-69.7837620812
-69.8434687032
-69.8845103863
-62.9134008723
-58.9669551348
-56.9668558545
-57.1960961934
-58.0937705237
-59.362582771
-60.4784506937
-61.4653564242
-62.3419879817
-63.1232339835
-64.6895198756
-65.8063074151
-66.6161696916
-67.2148814011
-67.6669457134
-68.015952777
-68.2914919226
-68.5137656792
-61.7014075536
-57.8906124265
-56.0077816026
-55.3444903882
-56.4273253
-57.5294487371
-57.6064078414
-58.0657030427
-58.739090062
-59.5184859382
-60.3355072659
-61.1478698204
-62.8913399168
-64.1743773107
-65.6939427256
-66.749217217
-59.5187399397
-55.5298289087
0
-70.0
-70.0
-70.0
-70.0
-69.5577909871
-69.3072058799
-69.1799479528
-62.2523189743
-58.3539976213
-56.4032048888
0
-70.0
-70.0
-70.0
-70.0
-69.0781893004
-68.555829904
-67.7349977138
-67.3179984758
-67.1571989839
-67.1554793226
-66.4467957459
-66.1400257417
-59.1205971654
-56.2455744859
-54.1765725929
-54.0181745929
-54.4558633064
-54.5329107206
-55.0947088118
-55.9286307061
-56.8980294858
-57.1139319683
-58.6144813954
-60.2276616718
-61.5213144486
-62.5801289664
-63.4627467115
-65.0126949373
-66.1089073749
-66.896337925
-67.4722516575
-67.9020581751
-68.2298734798
-68.48556688
-68.6894640241
-61.8561105766
-58.0275614889
-56.12951332
-55.4530339746
-55.5320452349
-55.0621682429
-55.278169773
-56.896214707
-58.3038345105
-59.5382785755
-59.7593563049
-60.2333577323
-60.843313331
-61.5145095792
-55.2240554206
0
-70.0
-70.0
-70.0
-70.0
-69.3571440668
-68.992859038
-68.8078593861
-68.7365976154
-68.7359539658
-68.7777026439
-68.8434950959
-68.9215207306
-69.0042854204
-69.0871347203
-69.1672731428
-69.2431137583
-69.313847669
-69.3791597597
-69.4390416889
-69.4936694567
-69.5433238022
-69.5883389494
-69.6290700728
-62.6662889
-58.7330772331
-56.7487143251
-55.9998061028
-56.0171342994
-56.4936267406
0
-70.0
-70.0
-70.0
-70.0
-68.411524179
-67.5113878804
-67.0542598385
-66.8781743522
-66.8765839152
-66.0675350178
-65.7131878454
-65.6434732804
-65.7468620988
-65.9506666532
-66.207927164
-66.4886858984
-60.7812896451
-57.6641422383
-56.2050490529
0
-70.0
-70.0
-70.0
-70.0
-68.6540187347
-67.8912960176
-67.5039525202
-68.3431869844
-68.9019547635
-69.2738169388
-69.521140346
-70.0
-70.0
-70.0
-70.0
-70.0
-70.0
-63.1975191302
-59.3427799707
-57.3851771426
-56.631109541
-56.624298662
-57.0660688459
-57.7622619947
-58.5879024841
-59.4636900283
0
-70.0
-70.0
-70.0
-70.0
-68.0788659399
-66.9902233058
-66.4373636152
-66.224402347
-67.222345184
-67.91369938
-68.3980552517
-68.7420669329
-68.9904050439
-69.1730610757
-69.3102193256
-69.4155069647
-69.4981626493
-69.5644839718
-69.6187939662
-69.6640868306
-69.702459655
-69.735401361
-69.7639863393
-70.0
-63.666365938
-60.0773066362
-58.2546275006
-57.5525324359
-58.4145037397
-59.3178697307
-60.2159603343
-61.0809493519
-61.8972444508
-62.6571133617
-63.3577975963
-63.9996148838
-63.5847204113
-63.5496263808
-63.7435824164
-64.0685032906
-64.4611723721
-64.8814014086
-65.3041587835
-58.7174989
-55.1415863398
0
-70.0
-70.0
-70.0
-70.0
-67.9226340957
-66.7454600833
-65.1491627786
-64.3530789698
-64.0636593855
-64.0878856554
-64.2994918955
-65.6164647538
-66.5527663103
-66.2879826973
-66.2528464396
-66.3566698036
-66.5404081619
-66.7659709049
-67.0091095205
-67.2546890391
-67.4935471157
-67.7204103911
-67.9325146767
-68.1286934254
-68.3087775605
-68.4732021229
-69.6204664646
-70.0
-70.0
-70.0
-70.0
-70.0
-70.0
-69.0877752705
-68.5708479237
-68.3083299182
-69.1811958228
-69.7322088381
-70.0
-70.0
-70.0
-70.0
-70.0
-70.0
-70.0
-70.0
-70.0
-70.0
-70.0
-70.0
-70.0
-70.0
-70.0
-70.0
-70.0
-63.197397207
-57.0092556243
0
-70.0
-70.0
-70.0
-70.0
-67.3333255107
-65.8222099667
-65.0548003082
-65.6275072599
-66.116881189
-66.5399428401
-66.9091150695
-67.2336479048
-67.5205793425
-60.8563126999
-57.1625422911
-55.3741953027
-54.788713933
-54.94446798
-55.5397714756
-56.3789611904
-57.3365096463
-59.3297295775
-54.0634232811
0
-70.0
-70.0
-70.0
-70.0
-69.3854595336
-69.037219936
-68.8603688462
-69.5947150333
-70.0
-63.9122085048
-60.7957933242
-59.232751105
-58.65383407
-58.68468938
-59.0803795867
-58.6894884044
-58.8319707482
-59.2897277963
-59.9213910985
-60.6363427099
-61.3774355865
-62.1095101262
-62.8117711791
-63.4727354382
-64.0868894791
-64.6524855877
-65.1700937332
-65.6416554961
-66.0698707039
-66.4578041385
-66.8086373947
-67.1255161019
-67.4114594561
-67.6693101535
-68.9016508302
-68.6779676039
-68.2544920814
-68.0585903651
-68.8082321257
-69.2977427778
-69.6148577432
-69.8179647976
-69.9458968703
-69.0829872151
-68.5958085148
-68.3503076775
-68.2579969191
-61.2606786579
-56.4852856554
0
-70.0
-70.0
-70.0
-70.0
-69.9030635574
-69.8481329066
-69.8202367525
-69.8094911684
-69.8093941122
-69.8156894082
-70.0
-70.0
-63.4393062134
-60.425283438
-55.0471381026
0
-70.0
-70.0
-70.0
-70.0
-69.4437867113
-69.128599181
-68.9685333568
-67.906935487
-67.3397455821
-67.0881067865
-67.0341866162
-67.1006949602
-67.2372434679
-68.4097420181
-68.2247774111
-68.7285282887
-68.5176056501
-68.4404652119
-68.5943135901
-68.7334788307
-68.8591953474
-69.6763557828
-70.0
-70.0
-70.0
-69.1974076576
-68.7426053302
-67.9560815339
-67.5522978716
-67.3916177452
-67.3821557445
-67.4637400193
-67.5972325835
-66.8452118645
-66.4991590376
-66.4082220402
-59.4733871981
-55.6633733863
0
-70.0
-70.0
-70.0
-70.0
-65.5135226676
-61.9827465325
-60.1315226337
-59.34973754
-59.2356752324
0
-70.0
-70.0
-70.0
-70.0
-68.949927545
-68.3548864872
-68.0526989696
-61.2094255895
-57.3964807085
-55.5288310896
-54.8906136153
-55.0113293435
-55.5833811357
-56.4071661731
-57.3545316565
-58.344466558
-59.3269452802
-60.2722010043
-61.1636144052
-61.9930086323
-55.7935124984
0
-70.0
-70.0
-70.0
-70.0
-69.3854423905
-69.0371930785
-68.8603370553
-62.9742981347
-59.6768648445
-58.0425093755
-57.460479115
-57.5292449882
-57.9861963458
-58.6608272822
-59.4435782679
-59.2651097873
-59.5158583726
-59.4602233559
-59.778168234
-60.3096628863
-60.9515709149
-62.6349045475
-63.8904079088
-57.8580200671
-54.6433200266
0
-70.0
-70.0
-70.0
-70.0
-68.4375349286
-68.5347965249
-68.6419935985
-69.3071342783
-70.0
-70.0
-70.0
-70.0
-70.0
-70.0
-70.0
-69.6560095948
-69.4610816985
-70.0
-70.0
-70.0
-70.0
-70.0
-70.0
-69.9995841777
-69.999348545
-62.9994136905
-59.0328056548
-57.0184139782
-56.2424985063
-56.2355326063
-56.6901686461
-58.3675928728
-59.761794313
-60.9395887001
-61.9482790423
-62.8218839462
-62.5904556548
-62.6985834914
-63.0068407437
-64.3858819613
-65.4004439598
-66.1624996936
-66.7476498108
-67.207151554
-67.5759475482
-67.8780268931
-68.1300069369
-68.3435280653
-61.527480207
-57.7202688185
-54.8486918455
0
-70.0
-70.0
-70.0
-70.0
-65.2465567974
-61.611466646
-59.7100303336
-59.3563112509
-59.4988694262
-59.9344420172
-60.5313041712
-61.2050446579
-61.902454128
-62.5908180058
-63.2508090656
-63.8717767327
-64.4486314418
-64.9797898859
-65.4658252895
-65.9085856886
-66.3106224052
-66.6748236883
-67.0041836685
-67.301660201
-67.5700907805
-67.8121461022
-68.0303077585
-68.2268611603
-68.4038978293
-67.5634568937
-67.1404104358
-66.9819022132
-67.9873609371
-67.8552550044
-67.8474829446
-60.914586502
-57.057695753
-55.1749714452
-54.5834002266
-54.7423441546
0
-70.0
-70.0
-70.0
-70.0
-68.4700502972
-68.5640603567
-68.6683310471
-68.7752824265
-68.8802771732
-69.7830672513
-63.4128995293
-59.8103689119
-57.988504911
-57.2957696801
-57.3036028856
-57.731516046
-58.3972134074
-59.1833913773
0
-70.0
-70.0
-70.0
-70.0
-68.949927545
-68.3548864872
-68.0526989696
-67.9362964934
-67.9352451245
-61.1248301751
-55.0010868663
0
-70.0
-70.0
-70.0
-70.0
-69.0891896387
-68.5730637673
-68.3109527856
-67.2977792656
-59.5680065541
-55.2778760421
0
-70.0
-70.0
-70.0
-70.0
-64.5308641975
-62.3
-61.2181481481
-60.8617654321
-60.9525436214
-62.1110615501
-63.0691369223
-56.2066676745
0
-70.0
-70.0
-70.0
-70.0
-69.1281816796
-68.6341512981
-68.3832613592
-68.2866186839
-68.2857457893
-62.418152768
-59.1503251964
0
-70.0
-70.0
-70.0
-70.0
-70.0
-70.0
-70.0
-70.0
-69.8179139359
-70.0
-70.0
-70.0
-70.0
-70.0
-63.5788751715
-60.4957933242
-58.962751105
-58.41083407
-58.46598938
-58.8835495867
-59.5046340578
-60.2271302719
-60.9863903246
-62.7033815697
-63.9767969312
-63.9426345429
-64.8277529955
-65.5312323006
-66.102278807
-66.5748307505
-66.972534225
-67.3120718355
-67.6053920073
-67.8612043768
-68.0859849859
-67.3019953818
-66.9215351066
-66.2403188824
-65.9569118517
-65.9216372383
-66.0364178956
-67.2351220353
-68.0465071179
-68.5984545968
-62.6800814737
-59.373054884
-57.7430704341
-57.173644083
-57.2595334695
-57.7357493192
-58.430287185
-58.2360924857
-58.5117059166
-60.0340048164
0
-70.0
-70.0
-70.0
-70.0
-62.9561042524
-58.9645633288
0
-70.0
-70.0
-70.0
-70.0
-69.0756201849
-62.1663454227
-55.9485690513
0
-70.0
-70.0
-70.0
-70.0
-67.1111111111
-64.7703703704
-63.5402469136
-63.0174979424
-62.9365986283
-63.1235057522
-63.4648665014
-63.8875207343
-64.3448625829
-64.8077722726
-65.258592344
-57.7404404562
0
-70.0
-70.0
-70.0
-70.0
-67.8388110702
-66.6141373433
-65.9921951958
-66.7524229149
-67.3168121159
-67.7448852326
-61.2589856591
-57.6588130596
-55.9100823979
0
-70.0
-70.0
-70.0
-70.0
-69.0894495917
-68.573471027
-68.3114348539
-68.210498655
-69.2073033222
-69.8318093451
-70.0
-70.0
-70.0
-63.9999921774
-60.5999877445
-55.5399854933
0
-70.0
-70.0
-70.0
-70.0
-69.4732507236
-69.1747594669
-69.0231727307
-67.9647816884
-68.0469128102
-68.1612943895
-68.2912135242
-68.4261245542
-67.7570645512
-67.4303930644
-67.3200437368
-67.3431660157
-67.4456005159
-66.7238951082
-66.40007536
-66.3257809991
-66.4036783493
-66.5702941477
-66.7845871552
-67.0203433878
-67.3181242391
-67.5861886086
-67.82748761
-68.0446840905
-67.43771004
-67.158935275
-67.0863725735
-67.1399558668
-67.2674406473
-60.4350216346
-56.6544028392
0
-70.0
-70.0
-70.0
-70.0
-69.6890717878
-69.5128791343
-69.4234009043
-69.3889339362
-68.4276410665
-67.9032773091
-67.658549811
-67.5897616518
-67.6288300345
-67.731310063
-67.868421078
-68.0217403177
-68.179673851
-68.3351115092
-61.4852737876
-57.6591953617
-55.7749084608
-55.1185060382
-55.2207143834
-55.7746822444
-56.5812402195
-57.5124669973
-58.487454164
-58.4566490849
-58.8229444013
-59.4152901111
-60.1235211999
-60.8776758132
-61.6342460541
-62.4548358409
-63.1986951849
-63.8717209518
-64.4798123802
-65.0286734913
-65.5237010415
-65.969927537
-66.371999183
-66.7341755312
-67.0603421557
-67.3540307253
-66.6769705063
-66.3815020247
-66.3248375349
-59.413399015
-55.6194226026
0
-70.0
-70.0
-70.0
-70.0
-69.77049569
-69.6404432477
-69.5743970074
-69.5489560296
-69.548726242
-69.563630828
-69.5871192187
-69.6149749458
-69.6445225505
-69.6741003617
-69.7027103696
-69.7297860288
-69.7550385566
-68.7784445596
-68.233206676
-67.9649570567
-67.8718420499
-68.8867111583
-69.5327422515
-69.9359361656
-63.1801111819
-59.3539458189
-57.4131150739
-57.5803879625
-58.0947387636
-58.8001912854
-58.6019279868
-58.8629057414
-59.3907288694
-60.0610651173
-60.7945646954
-61.5415122858
-62.2716304305
-62.9673136363
-63.6191464385
-64.2412461869
-65.1397978296
-65.8409355543
-66.4002536706
-66.8558360847
-67.233990997
-68.4213970017
-69.1864607045
-62.6732406362
-58.0355462022
-55.6517446684
-54.6997389258
-54.6385441828
-55.1138758642
-56.8562605686
-58.3398160389
-58.6771497833
-59.2569783705
-59.9629762438
-60.7211424263
-60.6828682524
-60.6371414731
-60.9218006897
-54.4111884711
0
-70.0
-70.0
-70.0
-70.0
-67.2615429175
-65.7097505708
-64.921683477
-64.6181204382
-63.7470658431
-63.4328642246
-63.4632477794
-63.6993696529
-64.0510637886
-65.4603187406
-66.4571944204
-67.7289689031
-68.5677346293
-69.1187362441
-69.4787126715
-69.7120747722
-69.8616895402
-68.9612069808
-68.4555438791
-68.2036278888
-69.0863450701
-69.6464305432
-69.9942674756
-70.0
-70.0
-63.0926688005
-59.1785144541
0
-70.0
-70.0
-70.0
-70.0
-62.7114110503
-58.5812106455
-56.4837167145
-55.675763132
-54.7269932083
-54.6668314804
-55.141840061
-55.9221172073
-56.8595462549
-57.8600188083
-58.86496838
-59.8391058437
-60.7622847938
-54.6600836217
0
-70.0
-70.0
-70.0
-70.0
-69.3831793521
-69.0336476516
-68.8561403762
-68.7877646652
-68.787147083
-62.908131646
-59.6171179957
-57.9886058723
-57.4118784025
-58.2879151096
-59.2039399636
-60.1134235439
-60.9886662406
-61.8141896506
-62.5823640416
-63.2905232081
-63.9390679344
-63.5302281569
-56.5365509694
0
-70.0
-70.0
-70.0
-70.0
-69.3292155284
-68.9491043278
-68.7560674632
-68.6817097624
-68.6810381498
-61.8055277168
-57.9533705331
-57.0434968813
-57.2627894609
-57.8189386932
-57.5596785688
-57.4854665418
-58.6605595767
-59.1880411895
-59.8649287842
-61.3126007519
-62.4707839075
-63.4166676706
-64.2036423394
-64.8690390628
-65.439309128
-65.9334941962
-66.3655554306
-58.7680183298
-54.5838954584
0
-70.0
-70.0
-70.0
-70.0
-69.6634659351
-69.4727632983
-69.3759162729
-69.3386108486
-69.3382738991
-69.3601292661
-69.3945715107
-69.4354178071
-69.4787449914
-69.5221164689
-62.5711735211
-58.6482353017
-57.6718495674
-57.4969564746
-57.8087887364
-58.4022618023
-59.1449369151
-59.9523774189
-60.7717624739
-61.5710014245
-62.331511414
-63.0434336939
-63.7024726054
-63.3078187472
-62.9607658073
-62.6538418499
-62.7145594137
-62.438282416
-55.5293099466
0
-70.0
-70.0
-70.0
-70.0
-69.6232281664
-70.0
-70.0
-70.0
-70.0
-70.0
-63.1265490117
-59.2315934517
-57.2535670006
-56.4916322299
-56.4847502932
-55.9318060942
-56.7240850184
-57.6419828723
-58.6046554889
-59.5621038759
-59.6820336431
-60.0979237153
-60.1219714126
-60.4656676505
-60.9896964716
-61.6044572152
-62.2531650875
-62.9006176413
-63.5257352522
-64.1166146437
-64.6672551238
-59.1745173165
-56.239724055
-54.9375239629
-54.6582864422
-55.0021343817
0
-70.0
-70.0
-70.0
-70.0
-66.9057793258
-65.1523876104
-63.2621401466
-62.0192536635
-61.5395466515
-62.5314538976
-63.375549782
-64.10282232
-65.4394621358
-66.393463954
-67.0860829132
-60.6347524759
-57.8785982668
-56.6289524657
-56.3248665696
-56.5982528129
-57.2090094651
0
-70.0
-70.0
-70.0
-70.0
-68.9638435875
-68.3766882871
-68.0785054973
-67.9636456402
-66.9886204994
-66.1706513983
-66.8059924522
-67.2936640028
-60.7124457507
-57.0732999411
-54.4523897
0
-70.0
-70.0
-70.0
-70.0
-69.6564209385
-69.4617261371
-69.3628517183
-68.3507776379
-67.7985072684
-67.5405281378
-67.4677230548
-68.5074342773
-69.1810132016
-62.6195648307
-58.9287103138
-57.0832405932
-56.4065174077
-56.4535995828
-56.9333955685
-58.6178081986
-60.0078621701
-61.1749658139
-62.1693958065
-62.0285963806
-62.2098301791
-63.4904512903
-64.475808914
-65.2511631912
-65.0063575605
-64.6925955968
-64.6812518986
-64.8517372831
-58.128794922
-54.4907363412
0
-70.0
-70.0
-70.0
-70.0
-69.837219936
-69.7449778997
-69.6981334146
-69.6800889431
-70.0
-70.0
-70.0
-70.0
-69.1815452564
-68.717754235
-62.401534367
-58.865084634
-57.1143786398
-56.4934757552
-56.5711514993
-56.1239128926
-55.9847726321
-56.3684627215
-57.053061351
-57.8953851504
-59.7869250617
-61.2622848398
-55.4927093051
0
-70.0
-70.0
-70.0
-70.0
-68.4244779759
-67.5316821623
-67.0782819353
-66.9036324013
-66.9020549342
-67.0043732895
-67.1656185263
-60.3928126685
-56.6493687315
-54.8483234116
-54.2727521059
-54.451650919
-54.0849758562
-54.3954716233
-55.1019200294
-56.0223917388
-57.0405950398
-58.0834971857
0
-70.0
-70.0
-70.0
-70.0
-69.0666317572
-68.5377230863
-67.2742586786
-66.607038078
-66.3198044484
-66.2701374557
-67.3646657064
-68.4425604665
-62.1771795913
-58.6787117465
-55.996025757
-54.5198799715
0
-70.0
-70.0
-70.0
-70.0
-68.7654320988
-67.3621399177
-66.6080932785
-66.2687288523
-66.1894859015
-67.2516157378
-67.9805064483
-68.4851573263
-68.8384426089
-69.0891323581
-69.2699084624
-62.4133675815
-58.5523308002
-56.6172977047
-55.902367924
-55.9433311247
0
-70.0
-70.0
-70.0
-70.0
-69.2095758146
-68.7616687761
-68.5342022605
-68.4465822758
-68.4457908758
-68.4971230066
-68.5780181849
-68.6739546857
-68.7757180966
-69.8741600526
-69.5374251062
-69.3508033014
-69.2604701086
-62.2356576656
-58.279581611
-56.2966165912
0
-70.0
-70.0
-70.0
-70.0
-69.0743356271
-68.5497924825
-68.2834068462
-68.1807952363
-68.1798684292
-68.2399833972
-61.4156467377
-57.6071898508
-55.7352093903
-55.0875141343
0
-70.0
-70.0
-70.0
-70.0
-69.0781804999
-68.5558161166
-69.2905291267
-69.7550059619
-70.0
-70.0
-70.0
-70.0
-70.0
-70.0
-70.0
-70.0
-70.0
-70.0
-63.0173414395
-59.0605015885
0
-70.0
-70.0
-70.0
-70.0
-69.0792042543
-68.5574199985
-68.292435445
-68.1903635314
-68.1894415989
-67.2492403868
-66.7768116466
-59.6547454407
0
-70.0
-70.0
-70.0
-70.0
-68.9794238683
-69.2694101509
-69.4677549154
-69.6045032769
-69.699735518
-69.7668836786
-69.8149431191
-69.8499473461
-69.8759516374
-69.8956891576
-69.9110086978
-68.926592286
-68.3717226961
-68.0930768523
-67.9894534509
-67.9942976284
-67.1957481234
-59.8110290833
-55.719830023
-54.7404396133
-54.6614573804
-55.6809083502
-56.769881987
-57.8642701029
-58.9254273024
0
-70.0
-70.0
-70.0
-70.0
-68.4375349286
-67.5521380548
-67.1024953287
-66.9292931821
-67.922590557
-68.5878159634
-69.0340240084
-69.3339480351
-62.5720718009
-58.7625436671
-56.8514086645
-56.1430140408
-56.1798767986
-56.6626652266
-57.3969161092
-57.259091874
-57.6010942704
-58.2195925659
-58.983371791
-59.8088602663
-60.6438580093
-61.4567280548
-62.2292258136
-62.9517502751
-63.6202066095
-64.2339401898
-64.7943823317
-65.3041682057
-65.7665674567
-66.1851214253
-66.5634164257
-66.9049462117
-67.2130325429
-60.4910604718
-56.77484188
-54.985949329
0
-70.0
-70.0
-70.0
-70.0
-67.1111111111
-65.4740740741
-65.3464197531
-65.4249465021
-66.1801198903
-66.7605532602
-67.7723503957
-68.4536836638
-67.9313690324
-67.6869346192
-67.6173761506
-67.6550618645
-68.6680464021
-69.3202355779
-69.7342078975
-69.991451026
-70.0
-63.6406543718
-60.0370251825
-58.2069468295
-57.50200159
-57.4956343933
-57.9086262622
-59.5009395114
-60.8062961438
-61.8959669184
-62.8199038193
-63.6136024992
-57.3836287634
-54.9783987346
-54.0359807595
-54.0026639492
-54.515918398
-55.3400071206
-57.1914395408
-57.7292686091
-58.4609904298
-59.2846571745
-60.1360353156
-60.975661023
-54.8341991731
0
-70.0
-70.0
-70.0
-70.0
-68.6134302773
-67.8277074344
-67.4286834809
-67.2749796594
-67.2735913779
-67.3636386964
-67.5055457976
-67.6738385317
-67.8523528878
-68.0310497385
-68.2038995244
-68.3674794117
-68.5200446971
-68.6609157117
-68.7900744634
-68.9079005657
-69.0149995415
-69.1120922756
-69.1999448402
-69.2793248843
-69.3509754147
-69.4155998857
-68.4738561173
-67.9596813191
-67.7191870628
-67.650917607
-67.6882586799
-68.787721232
-69.4878080555
-69.9249332145
-70.0
-70.0
-70.0
-69.0877893586
-68.5708699952
-61.3083569935
-57.2405706261
-55.2252131181
-54.5084915093
-54.5948421604
-55.1601578124
-55.9940086099
-56.961185468
-57.976118734
-58.9858747357
-60.9581892061
-61.4481098126
-62.0271251827
-62.6402968987
-63.253523365
-63.8463417992
-65.3193633046
-66.3591974311
-66.162985656
-65.8398257358
-65.7846022591
-65.8919814311
-66.0933428866
-66.3443816637
-66.6168588745
-66.8931165719
-67.1624339712
-67.4186099451
-67.6583618646
-67.8802676208
-69.0806433331
-69.8315139827
-70.0
-63.2928708089
-58.4944479255
-55.998912598
-54.9682943149
-54.8509802012
-55.2855590596
-55.1684749821
-56.575267173
-57.8668335817
-59.0462123076
-60.1189657995
-61.0919857014
-61.0605229476
-62.2518363686
-63.5582298755
-63.8530879468
-64.234899858
-64.6561570095
-65.0870394001
-65.5093341877
-65.9123999207
-66.2904926965
-66.6409986054
-66.9632688639
-67.2578553902
-67.5260121264
-67.7693724305
-67.9897428653
-68.1889736973
-68.3688797399
-68.5311940409
-68.67754282
-68.8094339936
-68.9282542312
-69.0352712328
-69.1316390593
-69.2184051199
-69.2965179189
-69.366835001
-69.4301307503
-70.0
-69.999999578
-69.9999993388
-69.4444436618
-69.1296288002
-69.7722213924
-70.0
-70.0
-70.0
-70.0
-70.0
-70.0
-70.0
-70.0
-70.0
-70.0
-70.0
-70.0
-63.0562440052
-59.1214489415
-57.1231902719
0
-70.0
-70.0
-70.0
-70.0
-69.3209876543
-62.8580246914
-56.8849794239
0
-70.0
-70.0
-70.0
-70.0
-69.2269471117
-68.7888838084
-67.6542078613
-61.2221204085
-57.6554639232
-55.9269545679
-55.3589504691
-55.5061829942
-56.0776497428
-56.8846081339
-57.8059628974
-58.7652436589
-59.7153039939
-60.628163395
-61.4882735892
-62.2880639195
-62.028428141
-55.1623441476
0
-70.0
-70.0
-70.0
-70.0
-69.3272325988
-68.9459977381
-68.7523902304
-68.6778127182
-68.6771391202
-68.7208303241
-68.7896840356
-68.871340128
-68.9579557791
-68.046182416
-67.2309123177
-67.8340497046
-61.2728669564
-57.6270617422
-55.852009889
-55.2585784474
-55.3939003009
-55.0204910664
0
-70.0
-70.0
-70.0
-70.0
-68.537199802
-67.7082796899
-66.3263367419
-65.619626415
-65.3416126717
-58.5121700675
-54.7974321694
0
-70.0
-70.0
-70.0
-70.0
-69.4855967078
-63.1159122085
-60.0791266575
-58.587751105
-58.6288896256
-59.0326097504
-59.6404215003
-60.3504278335
-54.5077776833
0
-70.0
-70.0
-70.0
-70.0
-69.4023499705
-69.0636816205
-68.8916912231
-69.8203023795
-70.0
-70.0
-70.0
-69.1615632466
-68.6864490863
-61.4611512285
-57.4106008061
-55.3999171925
0
-70.0
-70.0
-70.0
-70.0
-69.8914799573
-69.8299852665
-70.0
-63.6276482244
-59.0426611797
-56.6569135802
-55.6702345679
-55.5558860082
-55.9687473388
-56.6841725592
-57.5572886061
-58.4959152808
-59.4425607762
-60.3624627142
-60.2529966498
-61.5070788918
-62.5426256072
-63.4125327829
-64.8577630326
-65.8963090813
-66.6562264078
-67.2236359235
-67.6566271021
-60.9966393398
-57.3007587045
-55.5065383664
-54.9131215514
-55.0599674107
-55.6460760125
-56.4762053066
0
-70.0
-70.0
-70.0
-70.0
-69.7446554813
-69.599960254
-69.5264777759
-69.4981723631
-69.4979167034
-69.5144994174
-69.5406323986
-69.5716244407
-62.6404664688
-58.7270894701
-56.7548269552
-56.0129752144
-56.0340983295
-56.5123022542
-57.2488145339
-57.1157618751
-57.4654048839
-58.0930105265
-58.8664735611
-59.7016689298
-60.6775506105
-61.5738279318
-62.3924667269
-63.1372344464
-63.8128539299
-64.4244638223
-64.0650724589
-64.0472685588
-64.2350106002
-64.5398221384
-64.90471499
-66.2819325147
-67.2321986123
-67.8946183172
-60.4014527817
-56.2255050344
-54.1790862182
0
-70.0
-70.0
-70.0
-70.0
-68.3313519281
-67.3857846873
-66.9055848533
-66.7206121244
-66.7189414163
-66.8273076108
-66.9980837406
-67.2006132937
-67.4154439158
-67.6304941585
-67.8385078322
-68.0353657754
-68.2189683487
-67.3886981002
-66.9775793478
-59.8363919278
-55.8904664115
0
-70.0
-70.0
-70.0
-70.0
-69.3928348947
-63.3218641625
-58.9896777462
-56.7573766383
-55.8594167522
-55.7919935955
-57.0934526722
-58.3045463624
-59.4210510312
-60.4435854647
-61.375653276
-63.0906849441
-64.3500144469
-65.8495005558
-66.8875422027
-67.614115784
-68.1295894067
-68.5012206001
-68.7741586295
-68.9787828261
-69.1355979165
-69.2585003736
-69.356958502
-69.4374680957
-69.5045249154
-69.5612748433
-69.609948972
-69.6521551501
-69.6890736853
-68.7216066179
-68.1837394902
-67.9215612305
-67.8335355671
-68.8526349214
-62.5023508531
-58.9421020504
-57.1745493671
