-70.0
-70.0
-70.0
-70.0
-70.0
-70.0
-70.0
-70.0
-70.0
-70.0
-70.0
-70.0
-70.0
-70.0
-69.739382716
-70.0
-70.0
-70.0
-64.2932571254
-61.5576686735
-61.2355212902
-61.5071136321
-62.1541045118
-63.0168466913
-63.9648116116
-64.7473085364
-66.2568096907
-68.1575111027
-70.0
-70.0
-70.0
-70.0
-70.0
-70.0
-70.0
-70.0
-70.0
-63.7835363496
-60.7898029748
-60.3204472857
-62.133806792
-64.3854406789
-67.9449391249
-70.0
-70.0
-70.0
-70.0
-70.0
-70.0
-70.0
-70.0
-70.0
-70.0
-70.0
-70.0
-70.0
-70.0
-70.0
-70.0
-70.0
-70.0
-70.0
-70.0
-70.0
-70.0
-69.9205386941
-69.8755106208
-70.0
-70.0
-70.0
-70.0
-70.0
-70.0
-70.0
-70.0
-70.0
-70.0
-70.0
-70.0
-70.0
-70.0
-70.0
-70.0
-70.0
-70.0
-70.0
-70.0
-70.0
-70.0
-70.0
-70.0
-70.0
-69.8538777356
-70.0
-70.0
-70.0
-70.0
-70.0
-70.0
-70.0
-70.0
-70.0
-70.0
-70.0
-70.0
-70.0
-70.0
-70.0
-70.0
-70.0
-70.0
-70.0
-70.0
-70.0
-70.0
-70.0
-70.0
-70.0
-70.0
-70.0
-70.0
-70.0
-70.0
-70.0
-70.0
-70.0
-70.0
-70.0
-70.0
-70.0
-70.0
-70.0
-70.0
-63.3524744172
-59.5855432536
-58.0354265125
-57.87632286
-59.8953789526
-56.5318472223
-56.3679516339
-56.1519693331
-56.323379123
-56.8821123595
-58.0168988304
0
-70.0
-70.0
-70.0
-70.0
-70.0
-70.0
-70.0
-70.0
-70.0
-70.0
-70.0
-70.0
-70.0
-70.0
-66.0493580211
-64.6094664356
-60.1964196401
-58.4252009846
-57.9325958079
-58.2417897964
-59.3791266164
-54.7345868184
0
-70.0
-70.0
-70.0
-70.0
-70.0
-70.0
-70.0
-70.0
-70.0
-70.0
-70.0
-70.0
-70.0
-70.0
-70.0
-70.0
-70.0
-70.0
-64.5425492655
-62.6398645165
-62.3069066983
-62.9456593332
-63.5640556031
-64.294235956
-64.9225363026
-65.6493825844
-67.2270854466
-68.6832696911
-70.0
-70.0
-70.0
-70.0
-64.0525105122
-60.6822664691
-59.2834683625
0
-70.0
-70.0
-70.0
-70.0
-67.0483715851
-65.8743661955
-65.8613341075
-67.5260187892
-69.0295643653
-70.0
-70.0
-70.0
-70.0
-70.0
-70.0
-70.0
-70.0
-63.4662146293
-59.9710356353
-58.3924461611
-58.6578121802
-59.7757775368
-61.5643745133
-63.1331854265
-65.4989672654
-67.8419776047
-62.5018039523
-59.547639629
-57.3216506491
-57.0150946797
-57.6822340281
-59.2735650132
-61.9460568502
-63.6115350525
-65.0210948795
-66.2047202057
-67.0414047279
-68.3779466355
-69.7944750387
-70.0
-70.0
-70.0
-70.0
-70.0
-70.0
-70.0
-70.0
-70.0
-70.0
-70.0
-70.0
-70.0
-70.0
-70.0
-63.63070703
-60.4527926624
-58.8642842863
-58.6824766252
-60.0871610168
-55.2843039771
0
-70.0
-70.0
-70.0
-70.0
-69.5759557141
-69.3356639521
-69.5801532058
-70.0
-70.0
-70.0
-70.0
-65.4715592383
-63.2629486873
-62.4970853017
-62.7964545505
-63.6078546682
-64.4828801044
-66.3968150872
-67.6652822406
-68.8942079231
-70.0
-70.0
-65.1037642771
-63.4845981965
-63.823669301
-63.7688415055
-64.3165791237
-64.8346690572
-65.5554693482
-66.1361005445
-66.8131034142
-67.5541786361
-68.486081337
-69.9130705127
-70.0
-70.0
-70.0
-70.0
-70.0
-70.0
-70.0
-70.0
-70.0
-70.0
-70.0
-70.0
-70.0
-70.0
-70.0
-70.0
-70.0
-70.0
-70.0
-70.0
-70.0
-70.0
-70.0
-64.6981094421
-61.6937047926
-60.1679385098
-54.6542881972
0
-70.0
-70.0
-70.0
-70.0
-70.0
-70.0
-70.0
-70.0
-70.0
-70.0
-70.0
-70.0
-70.0
-70.0
-70.0
-70.0
-70.0
-70.0
-70.0
-70.0
-70.0
-70.0
-70.0
-70.0
-70.0
-70.0
-70.0
-70.0
-70.0
-70.0
-70.0
-70.0
-70.0
-70.0
-70.0
-64.9474627259
-64.1392717633
-64.5837647734
-64.4669578822
-64.5813084848
-58.7523525964
-56.7118669796
-56.2903669084
-55.8148123045
-56.5839793603
-58.5065913946
-60.3596838342
-62.4113357689
-56.300098743
0
-70.0
-70.0
-70.0
-70.0
-70.0
-70.0
-70.0
-70.0
-70.0
-70.0
-70.0
-70.0
-70.0
-70.0
-70.0
-64.6111379149
-62.3688039149
-62.4061421093
-63.0659579158
-63.6929821358
-64.2794305967
-64.8219853199
-67.2732514297
-69.025714443
-63.6737698779
-61.1005596361
-59.8532815031
-59.4431385732
-60.1808557768
-62.1381629028
-63.9546050338
-65.824460333
-67.9689226831
-70.0
-70.0
-70.0
-70.0
-70.0
-70.0
-63.8680898113
-60.6066786101
-59.7195455924
-60.5361858567
-62.4552523568
-58.9853727691
-57.8721356931
-57.9658194029
-58.5946967598
-59.5417092078
-60.8202527043
-61.8933703788
-62.8074619708
-62.8154493246
-63.2749120275
-63.7747592484
-65.1093550647
-66.4686801354
-68.3702619317
-70.0
-70.0
-70.0
-70.0
-70.0
-70.0
-70.0
-70.0
-70.0
-70.0
-70.0
-70.0
-70.0
-70.0
-70.0
-70.0
-64.3811765419
-61.9580476977
-57.6810871936
-55.7227738283
-55.3778425252
-56.7838354031
-58.408484353
-59.4166726416
-60.3743631934
-61.4582987056
-62.9860933971
-58.0977021149
-55.5614106085
-55.6808919156
-57.2771478718
-58.9942666147
-60.5771180908
-61.8707789538
-63.8657145531
-66.4309973791
-67.5706636184
-69.0660322138
-70.0
-70.0
-70.0
-70.0
-70.0
-70.0
-70.0
-70.0
-70.0
-70.0
-70.0
-70.0
-70.0
-70.0
-70.0
-70.0
-70.0
-70.0
-70.0
-70.0
-70.0
-70.0
-70.0
-70.0
-70.0
-70.0
-70.0
-65.7937490439
-64.1299213359
-64.1647197847
-64.3801081945
-64.6966709672
-65.0633862653
-65.4479692353
-65.8304533761
-59.4720578442
-58.446642218
-59.2019102906
-60.331699273
-62.0316472501
-63.5129387127
-59.2320383399
-57.7908940306
-57.7121279183
-58.2767584578
-59.3766424323
-60.7694414038
-62.1270502221
-63.3925137933
-65.178437794
-67.6170295467
-70.0
-70.0
-70.0
-70.0
-70.0
-70.0
-70.0
-70.0
-63.2634668034
-60.0002259451
-58.3941965974
-58.4110515962
-54.4744931065
0
-70.0
-70.0
-70.0
-70.0
-64.791063628
-63.4079954594
-64.0559071251
-64.6427905537
-65.4658275925
-66.6589339577
-68.2202624763
-69.75986668
-70.0
-63.1829640309
-59.3199769817
-57.7345335482
-57.5622017607
-58.4671317997
-59.8176236297
-61.758970376
-63.6159393377
-58.5401351663
-55.8766481579
-54.7493343476
-54.7969378716
-55.5519526385
-57.6845847901
-60.3013071051
-63.1879051001
-65.5331185058
-66.4807283173
-67.5187791863
-69.3286168191
-70.0
-70.0
-70.0
-70.0
-70.0
-69.9129792147
-70.0
-70.0
-70.0
-70.0
-70.0
-70.0
-70.0
-70.0
-70.0
-70.0
-64.1226019164
-60.9473541135
-59.3439602946
-59.3337958439
-55.4192111161
-54.7746452006
0
-70.0
-70.0
-70.0
-70.0
-69.9688790576
-70.0
-70.0
-70.0
-70.0
-70.0
-70.0
-70.0
-70.0
-70.0
-70.0
-70.0
-70.0
-70.0
-70.0
-70.0
-70.0
-70.0
-70.0
-70.0
-70.0
-70.0
-70.0
-70.0
-70.0
-70.0
-70.0
-70.0
-70.0
-70.0
-63.3066588379
-59.7252827484
-57.7870306598
-58.0432145406
-58.7843991278
-60.0960719488
-55.4632852827
0
-70.0
-70.0
-70.0
-70.0
-70.0
-70.0
-70.0
-70.0
-70.0
-70.0
-70.0
-64.446649977
-61.7334292331
-62.4144800954
-59.1028192429
-57.8029346998
-57.8148732584
-59.0306764207
-60.5034054255
-61.7035959809
-63.6248201311
-65.7253535101
-68.5371042827
-70.0
-70.0
-70.0
-70.0
-70.0
-70.0
-70.0
-70.0
-70.0
-70.0
-70.0
-70.0
-70.0
-70.0
-70.0
-70.0
-70.0
-70.0
-70.0
-70.0
-70.0
-69.9793823899
-70.0
-70.0
-70.0
-70.0
-70.0
-70.0
-64.0558913347
-59.8850939553
-57.9147636303
-58.0131998204
-58.1675741602
-60.393076973
-62.7354155553
-66.0871855687
-68.5620080578
-63.4130873468
-61.2916196629
-60.3090183972
-60.4377745752
-61.7833199559
-63.8625635032
-66.4217433512
-68.764845061
-70.0
-64.6027490478
-61.5443068415
-59.9910979564
-59.3928026934
-59.3873987792
-60.540217025
-61.9440422427
-62.8783203054
-64.0838340666
-66.3773447146
-67.3723089147
-61.5218771694
-59.6715171968
-60.2359996624
-61.4549541587
-62.9642309781
-64.234683815
-65.3311697603
-66.1446890021
-66.7613109138
-67.6396257888
-68.6404266845
-62.7410575693
-60.179605619
-60.44811049
-60.9276097295
-62.0002408008
-62.9104780836
-64.4174342864
-65.7115299516
-67.036163014
-67.9297374176
-67.5350244697
-67.380362552
-61.8228336112
-59.5533269003
-59.3535777012
-60.706758388
-63.6582783582
-66.3727092273
-68.1222774411
-62.820136099
-57.5448467571
-55.6631576839
-55.0120389839
-55.1209664644
-57.7104600483
-60.672382473
-62.8729565121
-65.9990556198
-61.8215079483
-59.5875957472
-59.5455624263
-59.8688236863
-55.5245695384
0
-70.0
-70.0
-70.0
-70.0
-70.0
-65.3363302137
-61.3382989147
-59.6286525344
-59.3039744366
-59.4657017633
-60.3048536562
-61.3260827137
-63.2341306513
-66.7885888443
-70.0
-70.0
-70.0
-70.0
-64.4729117963
-61.5447315673
-60.069665711
-59.6836901522
-60.0027107023
-61.1323209099
-62.4860251029
-64.3082026247
-67.3361253974
-63.5856552318
-61.735999592
-61.0668673329
-61.1168504243
-61.442945265
-60.9823649907
-61.2247548401
-61.8665333416
-64.4964123854
-60.4428457082
-59.1303546087
-59.1606166472
-55.173275448
0
-70.0
-70.0
-70.0
-70.0
-70.0
-65.9905136238
-64.7484005962
-65.1136911739
-66.0211351388
-67.5006994822
-62.3935588051
-60.1383779942
-59.6617603982
-59.903984933
-61.2113744508
-63.0967599215
-65.8419524672
-69.2471329992
-70.0
-65.0920241554
-62.458893399
-61.4969861904
-60.3788406064
-60.3917050878
-61.6611726102
-63.7739998068
-65.4165277748
-67.2944871335
-69.0518905292
-70.0
-70.0
-70.0
-70.0
-63.6900848423
-60.4864461478
-60.4461062324
-61.7599953229
-63.8606449959
-66.698935622
-67.8778545509
-68.8579816491
-70.0
-70.0
-70.0
-70.0
-70.0
-70.0
-70.0
-70.0
-70.0
-70.0
-70.0
-70.0
-70.0
-70.0
-70.0
-70.0
-70.0
-70.0
-70.0
-70.0
-70.0
-63.3980904854
-59.8559967673
-59.2170752045
-59.5375687978
-61.7809365236
-57.7112095386
-55.6789996962
-54.9370404676
-55.2279094484
-56.5224561938
-57.9620410696
-54.213070278
0
-70.0
-70.0
-70.0
-70.0
-70.0
-70.0
-70.0
-70.0
-70.0
-70.0
-70.0
-70.0
-70.0
-70.0
-70.0
-70.0
-70.0
-70.0
-70.0
-70.0
-70.0
-70.0
-70.0
-70.0
-70.0
-70.0
-70.0
-70.0
-70.0
-70.0
-70.0
-70.0
-70.0
-70.0
-70.0
-70.0
-70.0
-70.0
-70.0
-70.0
-70.0
-70.0
-70.0
-70.0
-70.0
-70.0
-70.0
-70.0
-70.0
-70.0
-70.0
-70.0
-70.0
-70.0
-70.0
-70.0
-70.0
-70.0
-70.0
-69.5867737681
-70.0
-70.0
-70.0
-70.0
-70.0
-70.0
-70.0
-70.0
-70.0
-70.0
-70.0
-70.0
-70.0
-70.0
-70.0
-70.0
-70.0
-70.0
-70.0
-70.0
-70.0
-70.0
-70.0
-70.0
-70.0
-70.0
-70.0
-70.0
-70.0
-63.9567650406
-61.3289304936
-61.9637522959
-58.0500011395
-56.68956648
-56.5251766735
-57.2617148841
-58.1282473143
-59.2460835681
-60.4871760638
-62.7092722605
-64.9096422347
-67.3781273504
-64.4887202436
-63.3211963638
-63.1462435991
-63.2697304871
-58.1392606159
-55.4563366727
-54.3313710844
-54.7503160008
-57.2566204146
-60.9856644798
-64.5197584257
-66.922056179
-68.4660329584
-69.4435512607
-70.0
-70.0
-70.0
-64.9747168028
-63.3411162922
-63.1009794299
-63.4660591093
-58.4766344557
-56.8669581911
-56.5113279001
-57.3100288825
-59.1343352719
-61.9413716947
-64.7353350231
-66.9806524864
-68.7706253037
-70.0
-69.8971561505
-69.8388779691
-70.0
-70.0
-70.0
-70.0
-70.0
-70.0
-70.0
-70.0
-70.0
-69.6298753424
-70.0
-70.0
-70.0
-70.0
-70.0
-70.0
-70.0
-70.0
-70.0
-70.0
-70.0
-70.0
-70.0
-70.0
-65.2237295088
-60.3713414304
-58.9700728044
-58.4969758686
-59.0184439218
-60.4628157541
-62.5809866091
-64.0991895684
-65.3789346547
-66.8778401566
-68.483266521
-70.0
-70.0
-64.0061870498
-59.6099937733
-57.7362310328
-57.2086991198
-57.2050910498
0
-70.0
-70.0
-70.0
-70.0
-70.0
-70.0
-70.0
-69.7582484298
-69.6212558734
-69.9357539595
-70.0
-64.4499746109
-59.3562531203
-56.3677750281
-55.6306077772
-56.1046575378
-56.8522654762
-58.1386734516
-59.2776934462
-60.8455681306
-63.2918981839
-65.3166329431
-66.8943149243
-68.1364084556
-69.5743943691
-70.0
-70.0
-70.0
-70.0
-70.0
-70.0
-65.014706039
-62.6207977637
-61.1374186032
-60.7518173456
-61.1943816095
-61.2678394006
-61.8147513888
-62.5707340292
-63.6633390203
-64.9127808242
-65.8320198791
-67.3254993217
-69.0106987525
-70.0
-70.0
-70.0
-70.0
-70.0
-69.427862311
-69.1036509539
-69.5849163089
-70.0
-70.0
-70.0
-70.0
-70.0
-70.0
-70.0
-70.0
-70.0
-70.0
-70.0
-70.0
-70.0
-70.0
-70.0
-70.0
-70.0
-70.0
-70.0
-65.0627912695
-63.0247276831
-63.0157983189
-62.254808443
-62.4391878172
-64.0867208769
-66.0276253687
-67.4989883018
-69.2660387823
-70.0
-70.0
-70.0
-70.0
-70.0
-70.0
-70.0
-70.0
-65.2514729251
-62.5606409159
-61.1941203466
-60.6677373268
-60.6629829373
-61.7765636947
-64.3583675533
-68.600722883
-70.0
-70.0
-70.0
-70.0
-69.9249913877
-70.0
-70.0
-70.0
-70.0
-70.0
-70.0
-70.0
-70.0
-70.0
-70.0
-70.0
-70.0
-70.0
-70.0
-63.5679701039
-58.5531241163
-57.4502440274
-57.9405629635
-58.9122355598
-59.8648312655
-54.856130939
0
-70.0
-70.0
-70.0
-70.0
-70.0
-70.0
-70.0
-70.0
-70.0
-70.0
-70.0
-64.3697082598
-61.1792096071
-59.5589367618
-59.1212200186
-59.2212159721
-61.2464156727
-64.319538286
-67.4884224269
-70.0
-70.0
-70.0
-70.0
-70.0
-70.0
-70.0
-63.1235797574
-60.4409088308
-60.7668051027
-61.0862694756
-61.6427682491
-62.4732982155
-63.3983395881
-64.3901640362
-65.1722532372
-65.3461010678
-66.7967367625
-68.3406438492
-69.507494263
-70.0
-70.0
-70.0
-70.0
-64.6530652429
-62.1786911028
-62.1346043314
-62.9244306782
-65.043871969
-67.601719402
-69.7899443967
-70.0
-70.0
-70.0
-70.0
-70.0
-70.0
-64.6981920274
-61.8963331203
-60.6713948778
-60.2473854364
-60.3103991791
-54.9263381518
0
-70.0
-70.0
-70.0
-70.0
-70.0
-70.0
-70.0
-70.0
-63.5195017812
-60.8119622555
-59.7019992176
-59.3114374725
-61.248314178
-63.3120055728
-64.7731535572
-66.0228871779
-67.6424104727
-69.4442740267
-70.0
-70.0
-70.0
-70.0
-70.0
-70.0
-70.0
-70.0
-70.0
-70.0
-70.0
-70.0
-70.0
-70.0
-70.0
-70.0
-70.0
-70.0
-70.0
-70.0
-70.0
-70.0
-70.0
-70.0
-63.5316426921
-60.0377754257
-57.5698255146
-56.9009176942
-57.3507719879
-60.4663326305
-64.3983254666
-67.9102435245
-70.0
-70.0
-70.0
-70.0
-70.0
-70.0
-70.0
-70.0
-70.0
-70.0
-70.0
-70.0
-70.0
-70.0
-70.0
-70.0
-70.0
-70.0
-70.0
-70.0
-70.0
-70.0
-70.0
-69.9645495219
-70.0
-70.0
-70.0
-70.0
-70.0
-70.0
-70.0
-65.4235959716
-63.0155132154
-62.1445581677
-63.4037265988
-65.4620675843
-68.1615903617
-70.0
-70.0
-70.0
-70.0
-70.0
-70.0
-70.0
-70.0
-70.0
-70.0
-70.0
-70.0
-70.0
-70.0
-70.0
-70.0
-70.0
-70.0
-70.0
-70.0
-70.0
-70.0
-70.0
-70.0
-70.0
-70.0
-70.0
-70.0
-64.0413635484
-61.2359255449
-59.1465396416
-58.4523886687
-58.5959323173
-58.6738607625
-59.4838409598
-60.8805606331
-62.558660989
-56.9956519004
0
-70.0
-70.0
-70.0
-70.0
-70.0
-70.0
-70.0
-62.7157004107
-58.8076805764
-57.0069850845
-56.7657403104
-57.9633295372
-60.2973119807
-62.5692225176
-65.689584627
-68.3088110079
-69.9367198028
-70.0
-70.0
-70.0
-70.0
-70.0
-70.0
-70.0
-70.0
-70.0
-70.0
-70.0
-70.0
-70.0
-70.0
-70.0
-70.0
-70.0
-70.0
-70.0
-70.0
-70.0
-70.0
-70.0
-70.0
-70.0
-70.0
-70.0
-70.0
-70.0
-70.0
-64.4539364228
-62.6448280285
-62.1690403445
-62.3573612131
-62.7251083605
-63.3990332787
-64.9509923652
-66.808352923
-68.4228496039
-69.7708634412
-70.0
-70.0
-70.0
-70.0
-70.0
-70.0
-70.0
-70.0
-70.0
-70.0
-70.0
-70.0
-70.0
-70.0
-70.0
-70.0
-70.0
-70.0
-70.0
-70.0
-70.0
-70.0
-70.0
-64.0312749306
-60.8156379949
-55.8960476887
0
-70.0
-70.0
-70.0
-70.0
-70.0
-70.0
-70.0
-70.0
-70.0
-70.0
-70.0
-70.0
-70.0
-70.0
-70.0
-70.0
-70.0
-70.0
-70.0
-70.0
-70.0
-70.0
-64.2510346493
-61.9778312548
-61.8722818702
-62.8325220336
-63.8112857676
-65.0341243497
-66.1306807613
-67.878573474
-68.9980233191
-62.885178513
-59.4546323455
-57.7478169002
-58.5207052419
-61.8380418927
-65.978801201
-69.1131566672
-70.0
-70.0
-70.0
-70.0
-70.0
-70.0
-70.0
-70.0
-70.0
-70.0
-70.0
-70.0
-70.0
-63.872884489
-60.4008523661
-59.0860660069
-59.2599177647
-61.3013598333
-63.604166948
-65.6115960832
-68.1646476758
-68.9350177147
-69.4327391475
-69.7502807023
-70.0
-70.0
-64.2140409424
-63.2516605382
-63.0981652846
-64.2947589805
-65.3285010097
-66.1044628603
-65.9362314044
-66.4972432536
-67.3636399925
-68.385754656
-63.1707766691
-60.6514208238
-59.4514266225
-59.4669492677
-60.4773510726
-61.8180206452
-56.6711564056
0
-70.0
-70.0
-70.0
-70.0
-70.0
-70.0
-70.0
-70.0
-70.0
-70.0
-70.0
-70.0
-70.0
-70.0
-70.0
-70.0
-70.0
-70.0
-70.0
-70.0
-70.0
-69.7034465335
-69.5353995691
-62.6543818709
-59.5462232784
-59.487138257
-60.0999095558
-61.8221723245
-62.8749853526
-63.7441736578
-64.4742141856
-65.0964313628
-65.633213957
-66.1008430483
-67.1059427288
-69.2099051546
-70.0
-70.0
-70.0
-70.0
-70.0
-70.0
-70.0
-70.0
-70.0
-70.0
-64.4782326476
-61.5546899481
-61.0562387818
-61.20936753
-62.1780608169
-63.6059802333
-65.0458615304
-67.1087598175
-69.0567809542
-70.0
-70.0
-70.0
-70.0
-70.0
-70.0
-65.0617062899
-63.0386567664
-61.4337658696
-60.7563724692
-61.5904816215
-62.7807987748
-64.3413299544
-65.466270997
-60.5539279989
-58.5459112713
-58.5054996283
-57.8904149498
-57.9250169777
-58.798791113
-60.2700680751
-62.2559016042
-63.9005382009
-65.2852343177
-66.6667200846
-67.6067208753
-68.6148450197
-69.4868433644
-70.0
-70.0
-70.0
-64.8075682842
-62.2618896267
-61.3746923632
-57.4270181428
-55.6920092304
-55.3136593595
-55.7661217275
-56.8951271437
-58.3698221115
-59.819311415
-62.1896846997
-64.4213760269
-66.5448830888
-68.1610619154
-70.0
-65.5419992939
-63.5400491223
-63.5842418463
-64.1916360908
-63.9294746042
-58.3143789816
-55.5104781083
0
-70.0
-70.0
-70.0
-70.0
-65.4379910438
-63.3314915241
-62.2898754282
-62.2945512633
-62.7385044383
-62.4603571791
-62.7441552613
-65.5810160199
-68.3534076995
-70.0
-70.0
-70.0
-70.0
-70.0
-70.0
-70.0
-70.0
-70.0
-70.0
-70.0
-70.0
-70.0
-70.0
-70.0
-70.0
-70.0
-70.0
-70.0
-70.0
-70.0
-70.0
-70.0
-70.0
-70.0
-70.0
-70.0
-65.1388566756
-62.7566539898
-62.0768513194
-62.1307958666
-62.4254693993
-56.7765685719
-54.0397744166
0
-70.0
-70.0
-70.0
-70.0
-70.0
-70.0
-70.0
-70.0
-70.0
-70.0
-70.0
-70.0
-65.0294282619
-62.5886291222
-62.336945077
-57.9043085716
-55.589389177
-54.6807912343
-55.0050916909
-56.0889765217
-57.8260985503
-60.2430658537
-63.7209534476
-66.3685610757
-68.4891497707
-62.9332553715
-61.1967923521
-60.4483547955
-60.5366776841
-61.4751705847
-62.683641634
-64.2619055884
-66.1982589689
-67.8314547243
-69.0371292423
-70.0
-70.0
-70.0
-70.0
-70.0
-70.0
-70.0
-70.0
-70.0
-70.0
-70.0
-70.0
-70.0
-70.0
-70.0
-70.0
-69.6877111893
-70.0
-70.0
-70.0
-70.0
-70.0
-70.0
-70.0
-70.0
-70.0
-70.0
-70.0
-70.0
-70.0
-70.0
-70.0
-70.0
-70.0
-70.0
-70.0
-70.0
-70.0
-70.0
-70.0
-70.0
-70.0
-70.0
-70.0
-70.0
-70.0
-70.0
-70.0
-70.0
-70.0
-70.0
-69.7971209845
-70.0
-70.0
-70.0
-70.0
-64.9805688099
-63.2627247945
-63.3066835199
-64.494847144
-65.3912504137
-67.2479550635
-68.975252808
-70.0
-70.0
-70.0
-70.0
-70.0
-70.0
-70.0
-70.0
-70.0
-70.0
-70.0
-70.0
-70.0
-70.0
-70.0
-69.6511226628
-62.8473359708
-59.7597291379
-58.42724997
-59.7699896866
-63.3361776532
-66.4124645721
-68.5755424311
-70.0
-70.0
-70.0
-70.0
-70.0
-70.0
-70.0
-70.0
-70.0
-70.0
-70.0
-70.0
-70.0
-70.0
-64.6725419885
-59.3203157819
-57.4103359563
-56.5862251737
-56.5388845316
-57.1375632152
-58.9410811396
-60.5637484489
-61.758386252
-63.8829645289
-65.7006479066
-60.0559603791
-57.00061585
-56.2139203089
0
-70.0
-70.0
-70.0
-70.0
-70.0
-70.0
-70.0
-70.0
-70.0
-70.0
-70.0
-70.0
-70.0
-70.0
-70.0
-70.0
-70.0
-70.0
-70.0
-70.0
-70.0
-70.0
-70.0
-70.0
-70.0
-70.0
-70.0
-64.8369734282
-62.2648014501
-61.5323170799
-61.9297811874
-63.5797666405
-65.4633002467
-67.2538104023
-68.4196561489
-68.4559598093
-68.529210012
-69.4160229421
-70.0
-70.0
-70.0
-70.0
-70.0
-70.0
-70.0
-70.0
-70.0
-70.0
-70.0
-70.0
-70.0
-70.0
-70.0
-65.4858348815
-63.0812802032
-61.8691713894
-61.4129337216
-61.4254266634
-62.0962877676
-63.7099525902
-65.0737696622
-66.2823499202
-67.1314197444
-67.9482462743
-70.0
-70.0
-70.0
-70.0
-70.0
-70.0
-70.0
-70.0
-70.0
-70.0
-70.0
-70.0
-70.0
-70.0
-70.0
-70.0
-70.0
-70.0
-70.0
-66.3245651744
-64.8577270767
-63.4500415459
-63.1331140278
-63.171853716
-63.4227024051
-63.9997542544
-64.5459935555
-65.2419488736
-66.0401237486
-67.7230184153
-69.8023339296
-70.0
-70.0
-70.0
-70.0
-70.0
-70.0
-70.0
-70.0
-70.0
-70.0
-70.0
-70.0
-65.6180025566
-63.691647421
-62.9606042643
-63.9575668275
-64.346583487
-64.7684406998
-65.6053958263
-67.4593453474
-69.7095613004
-70.0
-64.0085687039
-60.6134243028
-58.8892235188
-58.2250622643
-59.9623658001
-63.3296981088
-65.6570914715
-67.9479299885
-69.3908354325
-63.7748221004
-60.6127200311
-55.139479233
0
-70.0
-70.0
-70.0
-70.0
-68.9674504534
-69.9922818709
-70.0
-70.0
-70.0
-70.0
-70.0
-70.0
-70.0
-70.0
-70.0
-70.0
-70.0
-70.0
-70.0
-64.5975661283
-61.8295758233
-56.5522402239
0
-70.0
-70.0
-70.0
-70.0
-67.6788680297
-65.8547991856
-65.4809629605
