-67.93
-66.067
-64.3903
-62.88127
-61.523143
-60.3008287
-59.20074583
-58.210671247
-57.3196041223
-57.3376437101
-57.0805460057
-56.6669358496
-56.1732052276
-55.6478600135
-55.1210575512
-70.0
-70.0
-70.0
-70.0
-70.0
-70.0
-70.0
-70.0
-70.0
-70.0
-70.0
-70.0
-70.0
-70.0
-70.0
-70.0
-69.3169089177
-68.2398239711
-66.9622455374
-66.4269569593
-65.5348852471
-65.2784793782
-64.5920198776
-63.6704101813
-62.6384306908
-61.5746286402
-60.5271931218
-59.52449204
-58.5820549896
-58.5271909264
-58.1866994576
-57.6861812611
-57.9263309678
-70.0
-70.0
-70.0
-70.0
-70.0
-70.0
-70.0
-70.0
-70.0
-70.0
-70.0
-70.0
-70.0
-70.0
-70.0
-69.5815852984
-68.6544836341
-67.4530731811
-66.1271244699
-64.7706510942
-64.2610786989
-63.4566326385
-62.5020772476
-61.4892747715
-59.6552841268
-58.2097136024
-57.0453808344
-56.9086018124
-56.5729143388
-56.1290713767
-55.6351298868
-55.1275939967
-55.4488193294
-60.9765938847
-70.0
-70.0
-70.0
-70.0
-70.0
-70.0
-70.0
-70.0
-70.0
-70.0
-70.0
-70.0
-70.0
-70.0
-68.566165598
-67.0636594369
-65.570033759
-64.1315238936
-62.7740338446
-61.5104053537
-60.3452147474
-59.2779265587
-58.3049560935
-57.4210086113
-55.7999398349
-61.8106339079
-70.0
-70.0
-67.7702038686
-65.8166527275
-63.2739669519
-61.2825565881
-65.2282918169
-70.0
-70.0
-70.0
-70.0
-70.0
-70.0
-70.0
-70.0
-70.0
-70.0
-70.0
-69.348470216
-68.2892700051
-67.0207742117
-65.6689842619
-64.3122774833
-62.9978441667
-61.7525893712
-60.5903501815
-59.5166616617
-58.531893161
-57.6333022886
-56.8163710222
-56.0756665616
-55.4053883332
-60.1997084517
-70.0
-70.0
-70.0
-70.0
-70.0
-70.0
-70.0
-70.0
-70.0
-70.0
-70.0
-70.0
-70.0
-70.0
-70.0
-70.0
-70.0
-69.552698332
-69.4292273868
-69.5041705734
-69.695664133
-69.1307047976
-68.1307057031
-66.9030160563
-65.5796350664
-64.2429519702
-62.9428437135
-61.7080173023
-60.5535208789
-58.6657056622
-57.2208263435
-56.0898712074
-55.2649690856
-58.4711955096
-70.0
-70.0
-70.0
-70.0
-70.0
-70.0
-70.0
-70.0
-70.0
-70.0
-70.0
-69.7140361774
-68.8619900113
-67.6986959779
-66.3874296919
-65.0310889306
-63.6929148428
-62.410246562
-61.2036373748
-60.08288395
-59.0510024301
-58.1068401039
-57.2467813713
-56.4658534194
-55.7584348676
-55.1187025743
-54.5409064458
-54.0195318872
0
-70.0
-70.0
-70.0
-70.0
-70.0
-70.0
-70.0
-70.0
-70.0
-70.0
-70.0
-70.0
-70.0
-69.9101060159
-68.3491660916
-66.777629934
-64.4321205749
-62.5204109403
-60.9327047949
-59.5923242812
-58.4450184969
-57.4518010764
-56.5841439216
-55.8207448313
-55.1453472161
-54.5452637397
-54.0103715293
0
-70.0
-70.0
-70.0
-70.0
-70.0
-70.0
-70.0
-70.0
-70.0
-70.0
-70.0
-70.0
-70.0
-70.0
-70.0
-70.0
-70.0
-69.9403403996
-69.2165332927
-68.1183645855
-66.8321845416
-66.2960703639
-65.4078661785
-65.1580147946
-64.4795034712
-63.566413228
-61.7230119746
-60.2028708233
-58.9273571051
-57.8411369707
-56.9047003244
-56.0893483258
-55.3738255157
-54.7420509792
0
-70.0
-70.0
-70.0
-70.0
-70.0
-70.0
-70.0
-70.0
-70.0
-70.0
-70.0
-70.0
-70.0
-70.0
-70.0
-69.3391286752
-69.0946349245
-68.28811751
-67.9912698109
-66.3701188644
-64.8284243344
-62.5657934719
-60.7660218387
-59.3039581308
-57.273254635
-55.789057383
-54.6822371191
0
-70.0
-70.0
-70.0
-70.0
-70.0
-70.0
-70.0
-70.0
-70.0
-70.0
-70.0
-70.0
-70.0
-70.0
-70.0
-70.0
-69.8931873652
-69.1426602054
-68.0309219027
-66.7395148577
-65.3833534688
-64.0335448531
-62.7325415219
-61.5041881392
-60.3603698382
-59.305399863
-58.3389045491
-57.4577105425
-55.8370704538
-54.6467840521
0
-70.0
-70.0
-70.0
-70.0
-70.0
-70.0
-70.0
-70.0
-70.0
-70.0
-70.0
-70.0
-70.0
-70.0
-70.0
-70.0
-70.0
-70.0
-70.0
-69.3796386277
-68.3381005167
-67.0785742995
-65.7302394259
-64.3735638542
-63.0571063827
-62.6286616871
-61.9273061468
-61.0855826177
-60.1876957463
-59.286040432
-58.412179229
-57.5841231995
-56.8111521419
-55.2769977692
-54.1572718866
-54.1435272942
-70.0
-70.0
-70.0
-70.0
-70.0
-70.0
-70.0
-70.0
-70.0
-70.0
-69.4824705803
-68.4992039091
-67.2692704428
-65.9323346816
-64.5757620688
-63.2526264322
-61.9936575024
-60.8151542279
-59.7242137889
-57.9021757325
-56.5222137076
-55.4534960357
-54.6071488981
-54.7424356522
-54.642193183
-54.4039745953
-54.0909109562
0
-70.0
-70.0
-70.0
-70.0
-70.0
-70.0
-70.0
-70.0
-70.0
-70.0
-70.0
-70.0
-70.0
-69.1516542438
-67.9809249819
-66.6557899254
-65.2821825606
-63.9252787231
-62.6236271298
-61.3985152695
-60.260164311
-59.2118149255
-58.2524114634
-57.3783556707
-56.5846436727
-55.8655950181
-55.2153126581
-54.6279661535
-54.097959379
0
-70.0
-70.0
-70.0
-70.0
-70.0
-70.0
-70.0
-70.0
-70.0
-70.0
-70.0
-70.0
-70.0
-70.0
-69.9716242875
-69.2655447172
-67.3563788177
-65.6089999841
-64.0169393511
-62.5711383263
-61.2612864339
-60.0766657506
-59.006671149
-58.041118683
-57.1704165807
-56.3856480999
-55.6785987415
-55.0417491683
-54.4682477855
0
-70.0
-70.0
-70.0
-70.0
-70.0
-70.0
-70.0
-70.0
-70.0
-70.0
-70.0
-70.0
-70.0
-70.0
-70.0
-69.4275092514
-68.4130978271
-66.3473477117
-64.5396527187
-62.947047299
-61.5365824705
-60.282417491
-59.1638379203
-58.1638955806
-57.2684669907
-56.4655942704
-55.7450174959
-55.0978375147
-54.5162682754
0
-70.0
-70.0
-70.0
-70.0
-70.0
-70.0
-70.0
-70.0
-70.0
-70.0
-70.0
-70.0
-70.0
-69.6874861898
-68.8203950306
-67.6494605008
-66.3352510995
-64.9788837555
-63.6424338905
-63.1824828419
-61.6237627846
-60.2777386574
-59.1041995592
-58.8932694483
-58.4469357335
-57.8742376468
-57.2448108732
-56.60232778
-55.973426998
-55.3736389623
0
-70.0
-70.0
-70.0
-70.0
-70.0
-70.0
-70.0
-70.0
-70.0
-70.0
-70.0
-70.0
-70.0
-70.0
-70.0
-69.8215386059
-69.0304104825
-67.8980532591
-66.5987038164
-65.2424706903
-63.8973151249
-62.6036446148
-61.3839874883
-60.2493936294
-59.2036575265
-58.2460939472
-57.373352668
-56.5805961449
-55.8622556929
-55.2125095652
-54.6255782365
-54.0959001647
-70.0
-70.0
-70.0
-70.0
-70.0
-70.0
-70.0
-70.0
-70.0
-70.0
-70.0
-68.8033206475
-67.4352023478
-66.009824623
-64.5976038341
-63.2403512329
-61.9613212977
-59.9518592934
-58.3911201144
-57.9716392698
-57.4308961207
-56.8354203606
-56.2269542258
-55.6309760708
-55.062356642
-54.5291064301
0
-70.0
-70.0
-70.0
-70.0
-70.0
-70.0
-70.0
-70.0
-70.0
-70.0
-70.0
-70.0
-70.0
-70.0
-69.9409490025
-70.0
-70.0
-69.4369478526
-68.4278849691
-68.0048510733
-67.1275357001
-66.0068952862
-64.7776145283
-63.5241255892
-62.2978947062
-61.1288930195
-59.2131955735
-57.7333372534
-56.5643110196
-55.6207515787
-54.8439241948
-54.1930302913
-59.1793929393
-70.0
-70.0
-70.0
-70.0
-70.0
-70.0
-70.0
-70.0
-70.0
-70.0
-70.0
-70.0
-70.0
-69.7705765781
-68.1305699724
-66.5188803432
-64.9779038876
-63.530721218
-61.3680542422
-59.6681855821
-58.3026581999
-57.1832531639
-56.2488350369
-55.4565563261
-54.7759705554
-54.1850867412
0
-70.0
-70.0
-70.0
-70.0
-70.0
-70.0
-70.0
-70.0
-70.0
-70.0
-70.0
-70.0
-70.0
-70.0
-70.0
-70.0
-69.5638080992
-68.6266326888
-67.4201063529
-66.9121870062
-66.020362498
-64.9279223765
-63.7515275577
-62.5639730812
-61.4093079592
-60.3128652874
-59.2879041748
-58.339997368
-57.4699200383
-55.8555429726
-54.6683986341
0
-70.0
-70.0
-70.0
-70.0
-70.0
-70.0
-70.0
-70.0
-70.0
-70.0
-70.0
-70.0
-70.0
-70.0
-69.437733842
-68.4291163524
-67.186308647
-65.8444137354
-64.4877963307
-63.1675660101
-61.9131756175
-60.7401021946
-59.6549214011
-58.6586488783
-57.748930402
-56.9214683028
-56.1709420999
-55.4915949748
-55.6976002006
-55.607949996
-55.3438948734
-54.9839986374
-70.0
-70.0
-70.0
-70.0
-70.0
-70.0
-70.0
-70.0
-70.0
-69.4939753596
-69.3372280634
-68.5752720835
-67.4755894262
-66.2099268509
-64.8868650774
-63.573465844
-61.4896441092
-59.833029598
-58.4879599047
-58.1946527585
-57.7221800455
-57.9779570829
-57.8421580692
-57.4759400587
-56.9836779171
-56.4321980349
-55.8635701711
-55.3036077804
-60.3075100864
-70.0
-70.0
-70.0
-70.0
-70.0
-70.0
-70.0
-70.0
-70.0
-70.0
-69.3878338408
-68.3509396839
-67.093771867
-65.7463454479
-64.3896780815
-63.0726883923
-61.8234049657
-60.6563880776
-59.5776316754
-59.4077901116
-58.9689588363
-58.3833614432
-58.5492242926
-58.3404345258
-57.9138128482
-57.3707127467
-56.7758289276
-56.1697043385
-55.5770394405
-55.8322058536
-70.0
-70.0
-70.0
-70.0
-70.0
-70.0
-70.0
-70.0
-70.0
-70.0
-70.0
-70.0
-69.4646757628
-68.4713253618
-67.2362709424
-65.8973625927
-63.7207721631
-61.9341254999
-60.4409999854
-59.1737580104
-58.0842875585
-57.137795702
-55.4886407314
-54.2928597247
0
-70.0
-70.0
-70.0
-70.0
-67.5149071553
-70.0
-70.0
-70.0
-70.0
-70.0
-70.0
-70.0
-70.0
-70.0
-70.0
-70.0
-70.0
-70.0
-70.0
-69.7116988093
-68.8583281345
-67.6943614585
-66.3828360709
-65.0264929694
-63.6884706761
-62.406041611
-61.1997161182
-59.2592636186
-57.7630166649
-56.5831679371
-55.6324864359
-54.850994654
-54.1970664297
0
-70.0
-70.0
-70.0
-70.0
-70.0
-70.0
-70.0
-70.0
-70.0
-70.0
-70.0
-70.0
-70.0
-69.7456916301
-68.9115835538
-67.7573992563
-66.4496420359
-65.9133329691
-65.0377697634
-63.1678395145
-61.583620048
-60.2236343666
-59.0435218121
-58.0106702191
-57.1006035892
-55.4745434917
-54.2930893168
0
-70.0
-70.0
-70.0
-70.0
-70.0
-70.0
-70.0
-70.0
-70.0
-70.0
-70.0
-70.0
-70.0
-70.0
-70.0
-70.0
-69.5513735659
-68.60715192
-67.3970472017
-66.067749464
-64.7112458393
-63.3836354698
-62.9376147325
-61.3954151323
-59.2469148678
-57.6262508802
-56.3763107916
-54.570469712
0
-70.0
-70.0
-70.0
-70.0
-70.0
-70.0
-70.0
-70.0
-70.0
-70.0
-70.0
-70.0
-70.0
-70.0
-70.0
-70.0
-69.3732572395
-68.3281030086
-67.0667403697
-65.7176981074
-64.3610161465
-63.0449730983
-61.7971814995
-60.6319338236
-59.5550540906
-59.3870911144
-58.9500769582
-58.3661992326
-57.7136659561
-56.2216904583
-55.0957821444
-54.2270444179
0
-70.0
-70.0
-70.0
-70.0
-70.0
-70.0
-70.0
-70.0
-70.0
-70.0
-70.0
-70.0
-70.0
-69.6201419196
-68.7148890073
-67.5245742931
-66.2028996547
-64.8464648833
-62.6943885243
-60.9566630914
-59.5254723953
-58.3259088978
-57.3053071693
-56.42610256
-55.6610430424
-54.1699725637
0
-70.0
-70.0
-70.0
-70.0
-70.0
-70.0
-70.0
-70.0
-70.0
-70.0
-70.0
-70.0
-70.0
-70.0
-70.0
-70.0
-70.0
-68.993939968
-66.9138392832
-65.0786508962
-63.4515828341
-62.003622569
-61.5313923244
-60.8403411001
-60.0410323289
-59.2034126552
-58.3707270958
-56.7487581903
-55.5272849073
-54.5868247739
0
-70.0
-70.0
-70.0
-70.0
-70.0
-70.0
-70.0
-70.0
-70.0
-70.0
-70.0
-70.0
-70.0
-70.0
-70.0
-70.0
-69.355942773
-69.120977011
-68.3192983201
-67.2043144949
-65.9385137166
-63.8044161257
-62.0404770337
-59.7374310107
-58.0076890299
-57.4995875404
-56.101407062
-55.0357852062
-54.2052192526
0
-70.0
-70.0
-70.0
-70.0
-70.0
-70.0
-70.0
-70.0
-70.0
-70.0
-70.0
-70.0
-70.0
-70.0
-69.5140527571
-68.5486826528
-67.3278378351
-65.9944030167
-64.6378620251
-63.3126753626
-62.0504741863
-60.8681376744
-59.7731311781
-57.9470229077
-56.5631238485
-55.4906802847
-54.640858137
-54.7729362438
-54.6697518997
-55.2488495633
-55.398013176
-55.2842442377
-70.0
-70.0
-70.0
-70.0
-70.0
-70.0
-70.0
-70.0
-70.0
-70.0
-70.0
-70.0
-70.0
-69.3118906915
-68.2319620834
-66.9529395157
-65.5970946579
-64.2403512547
-63.7482935042
-62.9714490705
-62.0496274412
-61.0715468823
-60.0923136508
-59.1450299236
-58.2484920232
-56.5922862155
-55.3554865236
0
-70.0
-70.0
-70.0
-70.0
-70.0
-70.0
-70.0
-70.0
-70.0
-70.0
-70.0
-70.0
-70.0
-70.0
-70.0
-69.9421602318
-69.2193843632
-68.9417393632
-68.1204277178
-67.00029314
-66.5582026219
-64.8976748904
-64.2014357551
-63.2869777488
-62.2720703533
-62.050723571
-61.4928913825
-61.5717623567
-61.210026196
-60.5959836263
-59.851025297
-59.0523494562
-63.7880656365
-70.0
-70.0
-70.0
-70.0
-70.0
-70.0
-70.0
-70.0
-70.0
-70.0
-70.0
-70.0
-69.5724508442
-68.6401729893
-66.6161338433
-64.8245058943
-63.2320455951
-61.8121678957
-60.5431690129
-59.4069973828
-58.388394492
-57.4742862744
-56.6533451347
-55.9156689464
-55.2525409352
-54.6562460973
-54.119927658
0
-70.0
-70.0
-70.0
-70.0
-70.0
-70.0
-70.0
-70.0
-70.0
-70.0
-70.0
-70.0
-70.0
-70.0
-69.5531310775
-68.6099053547
-67.4003064092
-66.0712034949
-64.7147016299
-64.2069771232
-63.4054431817
-62.4543413775
-61.445202249
-60.4348786969
-59.4575219425
-58.532523825
-57.6697741604
-56.8731318896
-56.1427087975
-55.476364649
-54.8706793382
-54.3215788405
-64.9046892429
-70.0
-70.0
-70.0
-70.0
-70.0
-70.0
-70.0
-70.0
-70.0
-70.0
-70.0
-69.3206889147
-68.2457459663
-66.9692553317
-65.6143857733
-64.2576511791
-62.1250220499
-60.4179438374
-59.023098782
-57.0420884561
-55.5954126453
-54.5175600706
0
-70.0
-70.0
-70.0
-70.0
-67.8906420798
-66.8253392583
-65.6019795902
-70.0
-70.0
-70.0
-70.0
-70.0
-70.0
-70.0
-70.0
-70.0
-70.0
-70.0
-70.0
-70.0
-69.832684388
-69.0478722078
-67.0987224928
-66.155941914
-65.0284088363
-64.6476086951
-63.9075416539
-62.976583374
-61.9621222936
-60.9313749023
-59.9252139707
-58.9673436128
-58.0703766109
-57.2398505228
-56.4768731858
-55.7798576774
-55.1456531165
-54.570275276
-70.0
-70.0
-70.0
-70.0
-70.0
-70.0
-70.0
-70.0
-70.0
-70.0
-70.0
-70.0
-68.6827664094
-67.2463340414
-65.7862634858
-64.3606790363
-63.0033057321
-61.7321048918
-60.5549808912
-59.4735404612
-58.4855581878
-57.5865835508
-56.7709793169
-56.0325841327
-55.3651275511
0
-70.0
-70.0
-70.0
-70.0
-67.8225258124
-70.0
-70.0
-70.0
-70.0
-70.0
-70.0
-70.0
-70.0
-70.0
-70.0
-70.0
-70.0
-69.447879789
-68.4450116694
-67.205123742
-65.8643535275
-64.5077462812
-63.1868570574
-61.9314282879
-60.7571234166
-60.4906363799
-59.9577229452
-59.2827174529
-57.7249569091
-56.5094686858
-55.539860129
-54.7500996573
-54.0945733857
0
-70.0
-70.0
-70.0
-70.0
-70.0
-70.0
-70.0
-70.0
-70.0
-70.0
-70.0
-70.0
-69.2232027517
-68.0930176443
-66.7884726584
-65.4227965783
-64.0659643776
-62.7596662446
-61.5272318233
-61.2001967764
-60.6073025224
-59.8746558859
-59.0825793745
-58.2812474885
-57.5010734406
-56.7595998972
-55.2460624412
-54.1397378863
0
-70.0
-70.0
-70.0
-70.0
-70.0
-70.0
-70.0
-70.0
-70.0
-70.0
-70.0
-70.0
-70.0
-70.0
-70.0
-69.6885065732
-68.8219936314
-67.6513527453
-66.3372564554
-64.980890133
-63.6443740017
-62.364318523
-61.1608079516
-59.2233413437
-57.7300833342
-56.5531257507
-55.6051803422
-54.8262404191
-54.9946684512
-54.9059029888
-54.6657802784
-54.3428473095
0
-70.0
-70.0
-70.0
-70.0
-70.0
-70.0
-70.0
-70.0
-70.0
-70.0
-70.0
-70.0
-70.0
-70.0
-69.479151711
-68.4940043472
-67.263115784
-65.92581212
-64.5692361843
-63.2463160833
-61.16768682
-59.5249197013
-57.3784287734
-55.8212532576
-54.6695728395
0
-70.0
-70.0
-70.0
-70.0
-67.8861433115
-70.0
-70.0
-70.0
-70.0
-70.0
-70.0
-70.0
-70.0
-70.0
-70.0
-70.0
-70.0
-70.0
-69.6172680404
-68.7103865966
-67.5192448438
-66.1972516306
-64.8408139817
-63.5089242597
-63.0561596178
-62.3259621787
-61.453644976
-60.5251331551
-59.5938549575
-58.6919595403
-58.657756972
-59.1453101986
-59.9296651279
-60.0459559146
-59.7575318561
-58.4158930258
-57.3070466268
-70.0
-70.0
-70.0
-70.0
-70.0
-70.0
-70.0
-70.0
-70.0
-70.0
-70.0
-70.0
-70.0
-69.5742197178
-68.6429442245
-67.439414121
-66.1126489216
-64.7561681712
-63.4270741153
-62.9787152112
-62.2537426951
-61.3869677622
-59.6440038771
-58.2534254168
-57.9406308267
-56.6449330451
-55.6226832746
-54.7985773032
-54.1208278102
0
-70.0
-70.0
-70.0
-70.0
-70.0
-70.0
-70.0
-70.0
-70.0
-70.0
-70.0
-70.0
-70.0
-70.0
-70.0
-69.8010573768
-68.9983232236
-67.8600719576
-66.5584521327
-65.2021985
-63.8583730371
-62.5667986581
-61.3496274088
-60.2176704122
-58.3545738672
-56.9348968113
-55.8285940174
-54.9471925404
-55.0501119029
-54.9201931236
-54.6549020853
-54.3172307261
0
-70.0
-70.0
-70.0
-70.0
-70.0
-70.0
-70.0
-70.0
-70.0
-70.0
-70.0
-70.0
-70.0
-70.0
-69.4544058273
-68.4552357961
-67.2172259175
-65.0571791264
-62.4159117476
-60.393954262
-58.8109812953
-57.5441648054
-56.5092694179
-55.6480232049
-54.9196747035
-54.2953431126
0
-70.0
-70.0
-70.0
-70.0
-70.0
-70.0
-70.0
-70.0
-70.0
-70.0
-70.0
-70.0
-70.0
-70.0
-70.0
-70.0
-70.0
-70.0
-69.7874586109
-68.9770184904
-67.0148538017
-65.2470598618
-63.6548148358
-62.2209739923
-60.9299703532
-59.7677024912
-58.7214183577
-57.779600599
-56.9318565905
-55.3488149657
-55.0173628253
0
-70.0
-70.0
-70.0
-70.0
-70.0
-70.0
-70.0
-70.0
-70.0
-70.0
-70.0
-70.0
-70.0
-70.0
-70.0
-70.0
-70.0
-70.0
-68.528510826
-66.1846669608
-64.2155384096
-62.5368766653
-61.0884503965
-59.8264462887
-58.718362281
-57.7395664671
-56.8709700964
-56.0974466042
-55.4067509554
-54.7887752009
-54.2350305749
0
-70.0
-70.0
-70.0
-70.0
-70.0
-70.0
-70.0
-70.0
-70.0
-70.0
-70.0
-70.0
-70.0
-70.0
-70.0
-70.0
-70.0
-69.3363948317
-69.0903519029
-68.2830477489
-67.1658969982
-65.9000766479
-64.5872485494
-64.1099767387
-63.3299477609
-62.3942654489
-60.5763805468
-59.1097702539
-57.9028117364
-56.8918762347
-56.0322523925
-55.2920696741
-54.6482243873
-58.8036430687
-70.0
-70.0
-70.0
-70.0
-70.0
-70.0
-70.0
-70.0
-70.0
-70.0
-70.0
-69.49920039
-68.5254139443
-66.4802949454
-64.6805470479
-63.0880134078
-61.6728927768
-60.411390639
-60.1041096683
-60.379604097
-60.1755806176
-59.6906471761
-59.0533322053
-57.5258321493
-56.3351377107
-55.3862164572
-54.6139898232
-59.5135208484
-70.0
-70.0
-70.0
-70.0
-70.0
-70.0
-70.0
-70.0
-70.0
-70.0
-70.0
-69.6370351164
-69.5613550156
-68.8405684547
-67.7567442363
-66.4912248974
-65.1588724641
-64.650831922
-63.8343131994
-62.8599248591
-62.6432943597
-62.0685395814
-61.2980687283
-61.2558505922
-60.8319913575
-61.0132761047
-60.7316044162
-60.1815479226
-59.4887957624
-59.5535179408
-70.0
-70.0
-70.0
-70.0
-70.0
-70.0
-70.0
-70.0
-70.0
-70.0
-70.0
-70.0
-70.0
-69.1354913722
-67.9556031498
-66.6258167781
-65.2504177291
-63.8934977087
-62.5928957729
-61.3694380856
-60.2330488704
-59.1867803789
-58.2294599381
-57.357419009
-57.3856138179
-57.1330102426
-55.900347756
-54.9407386722
-54.1769485995
-54.3761096026
-54.326402551
-54.1290315684
-70.0
-70.0
-70.0
-70.0
-70.0
-70.0
-70.0
-70.0
-70.0
-70.0
-70.0
-69.3952028185
-68.3624844156
-67.1074372267
-65.7608276725
-63.5841676842
-61.8020327684
-61.1360173933
-60.3418742552
-59.4973258971
-58.650686019
-57.8310125582
-57.0548413965
-56.3306439862
-55.6617707405
-55.0483877684
-54.4887450595
-54.8000012655
-55.6234216136
-56.806693102
-70.0
-70.0
-70.0
-70.0
-70.0
-70.0
-70.0
-70.0
-70.0
-70.0
-70.0
-70.0
-70.0
-69.5192504396
-68.5568256888
-67.3374766486
-66.0046180029
-64.6480822154
-63.3225580024
-62.0598248745
-61.6968575019
-61.065848495
-60.295048141
-58.6460663239
-58.1651416895
-57.5810821859
-56.9546104109
-56.3235736655
-56.5308324961
-56.4141600446
-59.7070179055
-70.0
-70.0
-70.0
-70.0
-70.0
-70.0
-70.0
-70.0
-70.0
-70.0
-70.0
-69.3314757491
-68.2626453403
-66.989258917
-65.6355850991
-64.2788613051
-62.9655316518
-61.7220161381
-61.3818396253
-60.7750057301
-60.028405202
-59.2228313784
-58.4087260383
-57.6166386329
-56.864164902
-56.1605418333
-55.5096832644
-54.9121786808
-54.366603308
0
-70.0
-70.0
-70.0
-70.0
-70.0
-70.0
-70.0
-70.0
-70.0
-70.0
-70.0
-70.0
-70.0
-70.0
-70.0
-69.6892327627
-69.6431313282
-68.9373660899
-67.8593280772
-66.5938610004
-64.438118721
-62.6400693959
-61.116570821
-58.9885859821
-57.3888422126
-56.1593678772
-55.19303768
-54.4168049724
0
-70.0
-70.0
-70.0
-70.0
-70.0
-70.0
-70.0
-70.0
-70.0
-70.0
-70.0
-70.0
-70.0
-70.0
-70.0
-70.0
-70.0
-70.0
-69.4030924058
-69.1948447691
-68.4067346948
-67.2969774937
-66.0312239233
-63.8940643169
-62.1252997425
-60.6365310065
-59.365385398
-58.2671851862
-57.3093588863
-55.6476844769
0
-70.0
-70.0
-70.0
-70.0
-70.0
-70.0
-70.0
-70.0
-70.0
-70.0
-70.0
-70.0
-70.0
-70.0
-70.0
-70.0
-69.7378186902
-68.8992492813
-67.7427993266
-66.4341693762
-65.0778524268
-63.7381338429
-62.4530315644
-61.2435358119
-60.1197205
-58.2647739628
-56.8529802418
-55.7541380011
-54.0596947233
0
-70.0
-70.0
-70.0
-70.0
-70.0
-70.0
-70.0
-70.0
-70.0
-70.0
-70.0
-70.0
-70.0
-70.0
-70.0
-70.0
-69.6535384716
-68.7672102722
-67.5865063434
-66.2685337747
-64.912132441
-63.5778872261
-62.301410523
-61.1021441503
-59.9891795217
-58.1450947605
-56.7438074117
-55.6549080887
-54.7897382253
-54.0876450331
0
-70.0
-70.0
-70.0
-70.0
-70.0
-70.0
-70.0
-70.0
-70.0
-70.0
-70.0
-70.0
-70.0
-70.0
-70.0
-70.0
-69.3259790659
-69.0740338699
-68.2637322899
-67.1454269323
-65.8795961533
-64.5674444808
-63.2712386613
-62.0278072142
-60.8574881055
-59.7700470367
-58.7685808276
-57.8520817412
-57.017112898
-56.2588944954
-55.5720003041
-54.9507971124
-54.3897152937
-70.0
-70.0
-70.0
-70.0
-70.0
-70.0
-70.0
-70.0
-70.0
-70.0
-70.0
-70.0
-69.4217382365
-67.5840565705
-65.8719790186
-63.4723331868
-61.5601345815
-60.0041442656
-59.5337452672
-58.9103810259
-58.216016447
-57.5021971514
-56.8004990023
-55.3094634794
-54.2145267164
0
-70.0
-70.0
-70.0
-70.0
-70.0
-70.0
-70.0
-70.0
-70.0
-70.0
-70.0
-70.0
-70.0
-70.0
-70.0
-70.0
-70.0
-70.0
-69.9325462948
-68.3843225286
-66.8192441846
-65.296222372
-63.849201872
-62.4960161763
-61.244237553
-60.0950291273
-59.0456697676
-58.0911984929
-57.2254757783
-56.4418596236
-55.7336279433
-54.2742346703
0
-70.0
-70.0
-70.0
-70.0
-70.0
-70.0
-70.0
-70.0
-70.0
-70.0
-70.0
-70.0
-70.0
-69.9787137393
-69.276651525
-68.1895258122
-66.9075995241
-64.7315237671
-63.7314941873
-62.6504266332
-62.3767718797
-61.7766866315
-61.0007459283
-60.145156642
-60.0902978489
-59.6977059781
-58.2955606563
-57.1544214413
-57.0279238643
-56.694427856
-56.2478493224
-70.0
-70.0
-70.0
-70.0
-70.0
-70.0
-70.0
-70.0
-70.0
-70.0
-69.7276251981
-68.883279477
-67.7238960617
-66.4141361439
-65.8778089884
-65.0034190621
-63.9553378043
-63.6579777894
-63.0009625209
-62.1500546091
-61.2111747083
-60.250807611
-59.3095604322
-58.4111601105
-57.5684145805
-56.7871534431
-56.0688249792
-55.4122004016
-54.8144856417
-70.0
-70.0
-70.0
-70.0
-70.0
-70.0
-70.0
-70.0
-70.0
-70.0
-70.0
-69.9757618943
-70.0
-69.3858941753
-68.3479008746
-67.090174865
-64.9225334304
-63.1011974553
-61.5483559551
-60.2083725231
-59.0407700465
-58.0155162256
-57.1098467256
-56.3061168014
-55.5903416202
-54.9511984574
-54.3793392779
0
-70.0
-70.0
-70.0
-70.0
-70.0
-70.0
-70.0
-70.0
-70.0
-70.0
-70.0
-70.0
-70.0
-68.7798349379
-66.5784080694
-64.6816050126
-63.0308030115
-61.5826283771
-60.3043026505
-59.1704971262
-58.9811972408
-58.5449107348
-57.9749751401
-57.3438479453
-56.6970433635
-56.8823925023
-56.7408555689
-56.4079048899
-55.9712043195
-61.0268104999
-70.0
-70.0
-70.0
-70.0
-70.0
-70.0
-70.0
-70.0
-70.0
-70.0
-70.0
-70.0
-69.5499292748
-69.4248891972
-68.6790355107
-67.5855554485
-66.3199488962
-64.9932533349
-63.6741275537
-63.2235144998
-62.4890295175
-61.6087042109
-60.6702188865
-59.7281203957
-58.815257288
-57.9503641805
-57.1430828432
-56.3972779461
-55.7132190763
-55.0890097853
-54.5215172178
-70.0
-70.0
-70.0
-70.0
-70.0
-70.0
-70.0
-70.0
-70.0
-70.0
-70.0
-70.0
-69.8100655283
-68.1924359944
-66.5921104076
-65.0555113752
-62.7883682433
-60.9784700893
-58.6832488607
-56.9933411615
-54.9029518365
0
-70.0
-70.0
-70.0
-70.0
-67.7060390489
-65.7161278433
-63.9749768584
-67.9811203723
-70.0
-70.0
-70.0
-70.0
-70.0
-70.0
-70.0
-70.0
-70.0
-70.0
-70.0
-70.0
-70.0
-69.3700129515
-68.3230202907
-67.0607240178
-66.5313221202
-65.6393035776
-63.7394489994
-62.1182212859
-60.7182106149
-59.4975971918
-58.4253092316
-57.4777594811
-56.636637648
-55.88740996
-55.2182930151
-55.4395464144
-55.3676469068
-55.1222523053
-70.0
-70.0
-70.0
-70.0
-70.0
-70.0
-70.0
-70.0
-70.0
-70.0
-70.0
-70.0
-69.6825010298
-68.8125849467
-67.6402157986
-66.3254537831
-64.9690814478
-63.6329553316
-62.3535144842
-61.1507328263
-60.034039404
-59.0062220371
-58.0659908824
-57.2096524936
-56.4321943771
-55.7279796947
-55.0911848954
-54.5160685193
0
-70.0
-70.0
-70.0
-70.0
-70.0
-70.0
-70.0
-70.0
-70.0
-70.0
-70.0
-70.0
-70.0
-70.0
-69.9063228748
-69.1632391705
-68.0552809755
-66.7653300261
-65.4091817888
-64.0585201202
-62.7561724484
-61.5262247636
-59.5607153273
-58.0393858213
-56.835275257
-55.8616330765
-55.0587266657
0
-70.0
-70.0
-70.0
-70.0
-70.0
-70.0
-70.0
-70.0
-70.0
-70.0
-70.0
-70.0
-70.0
-70.0
-70.0
-70.0
-70.0
-70.0
-69.5568510341
-68.6157332868
-67.4072048621
-66.078514312
-64.7220161715
-63.3940500814
-62.127468758
-60.9399376721
-59.8394210981
-58.8277971171
-57.9032294913
-57.0617145994
-56.2980818443
-54.7866327964
0
-70.0
-70.0
-70.0
-70.0
-70.0
-70.0
-70.0
-70.0
-70.0
-70.0
-70.0
-70.0
-70.0
-70.0
-70.0
-68.6336240646
-67.1693443679
-65.6951317376
-64.2640997681
-62.9066772609
-61.6386678478
-60.4665732717
-59.391097417
-58.4094419903
-57.5168006679
-56.7073225189
-55.9747248788
-55.3126754655
-54.715023302
0
-70.0
-70.0
-70.0
-70.0
-70.0
-70.0
-70.0
-70.0
-70.0
-70.0
-70.0
-70.0
-70.0
-70.0
-70.0
-69.4835791643
-68.5009406907
-66.4513262502
-64.6498467109
-63.0572974303
-62.4631912809
-61.6679545486
-60.7785473575
-59.0422847977
-57.6757844352
-55.7566914032
-54.3900125372
0
-70.0
-70.0
-70.0
-70.0
-70.0
-70.0
-70.0
-70.0
-70.0
-70.0
-70.0
-70.0
-70.0
-70.0
-70.0
-69.4633521254
-68.4692516631
-67.2338163303
-65.0747612529
-63.2535028314
-61.6956310174
-59.5277202285
-57.8860497475
-56.6148458006
-55.6082952392
-54.7940883943
-54.9424280076
-54.843350842
-54.5991261812
-54.2759538454
-54.7361853157
-54.8311180207
-54.703707043
-59.987136888
-70.0
-70.0
-70.0
-70.0
-70.0
-70.0
-70.0
-70.0
-70.0
-70.0
-70.0
-69.9763847882
-69.2730028348
-68.1852069016
-67.723022445
-66.8316110228
-65.7123771354
-64.4937575652
-63.2561272375
-62.0483447996
-60.8987305103
-59.8223375863
-58.8257572457
-57.0902837998
-55.7893236057
-54.7924367023
-54.0112233369
0
-70.0
-70.0
-70.0
-70.0
-70.0
-70.0
-70.0
-70.0
-70.0
