-70.0
-70.0
-70.0
-70.0
-70.0
-69.0
-68.4333333333
-68.6580257366
-70.0
-70.0
-70.0
-70.0
-70.0
-70.0
-67.8032001563
-66.5583469116
-65.9261567344
-65.6826374035
-65.6804378916
-65.8005167806
-66.3458802213
-66.6534856593
-62.8227576051
-66.3736315823
-70.0
-70.0
-70.0
-70.0
-65.182567243
-62.4526886808
-61.0663385874
-60.5323172451
-60.5274938649
-54.7621607409
0
-70.0
-70.0
-70.0
-70.0
-70.0
-70.0
-70.0
-70.0
-70.0
-70.0
-70.0
-70.0
-63.9880025221
-60.5812039513
-58.8510846771
-55.6693787228
-58.1865373341
-67.3931837276
-70.0
-70.0
-70.0
-70.0
-70.0
-70.0
-70.0
-70.0
-69.4638689698
-69.1600613861
-69.0057747896
-69.3036825038
-70.0
-70.0
-70.0
-70.0
-70.0
-70.0
-70.0
-70.0
-70.0
-69.6999170404
-69.52987003
-68.8879572672
-68.5398777006
-68.379700704
-68.3376044825
-68.3677599336
-70.0
-70.0
-70.0
-70.0
-70.0
-70.0
-70.0
-70.0
-70.0
-70.0
-70.0
-63.5917745353
-59.960446772
-58.1163018883
-57.4059382284
-59.5217718071
-67.3346105798
-70.0
-70.0
-70.0
-70.0
-70.0
-70.0
-70.0
-70.0
-70.0
-69.3838816385
-69.0347479003
-68.8574427274
-64.6822757605
-70.0
-70.0
-70.0
-70.0
-70.0
-70.0
-70.0
-70.0
-70.0
-65.3394411831
-62.6984578535
-61.3572525939
-60.8406210184
-62.8163105705
-67.7418287171
-70.0
-70.0
-70.0
-70.0
-70.0
-70.0
-70.0
-70.0
-70.0
-64.1662930364
-60.860525757
-55.2928256419
-54.8729443583
-70.0
-70.0
-70.0
-70.0
-70.0
-70.0
-70.0
-70.0
-70.0
-70.0
-64.5728788851
-62.2999793892
-57.3040181564
-54.7296408115
0
-70.0
-70.0
-70.0
-70.0
-70.0
-70.0
-70.0
-70.0
-70.0
-70.0
-64.3798291241
-61.1950656277
-55.6888164534
0
-70.0
-70.0
-70.0
-70.0
-70.0
-70.0
-70.0
-70.0
-70.0
-70.0
-70.0
-70.0
-70.0
-70.0
-70.0
-70.0
-70.0
-70.0
-70.0
-70.0
-70.0
-70.0
-70.0
-70.0
-63.7129925793
-60.1503550409
-54.4522051276
0
-70.0
-70.0
-70.0
-70.0
-70.0
-70.0
-70.0
-70.0
-70.0
-70.0
-70.0
-70.0
-70.0
-70.0
-70.0
-70.0
-70.0
-70.0
-70.0
-70.0
-70.0
-70.0
-70.0
-65.7993840445
-63.419035003
-62.2101910781
-61.7445450205
-60.7403395238
-60.446471575
-60.5886017532
-61.6808659665
-69.1933903576
-70.0
-70.0
-70.0
-70.0
-70.0
-70.0
-70.0
-70.0
-64.9523888278
-62.0920758303
-56.7505966152
0
-70.0
-70.0
-70.0
-70.0
-70.0
-70.0
-70.0
-70.0
-70.0
-70.0
-70.0
-70.0
-70.0
-70.0
-70.0
-70.0
-70.0
-70.0
-70.0
-70.0
-70.0
-70.0
-70.0
-70.0
-70.0
-70.0
-70.0
-70.0
-70.0
-70.0
-69.471138527
-69.171450359
-69.0192557796
-70.0
-70.0
-70.0
-70.0
-70.0
-70.0
-70.0
-70.0
-70.0
-70.0
-70.0
-69.7476248228
-62.271278926
-58.0430954238
-55.9047488083
-55.9638187124
0
-70.0
-70.0
-70.0
-70.0
-70.0
-70.0
-68.3522925574
-65.0852583399
-63.2888625314
-62.4347296286
-57.24849964
-54.5618116589
-54.5606334162
-63.8099464544
-70.0
-70.0
-70.0
-70.0
-70.0
-70.0
-66.0175659665
-64.7608533422
-64.5147973229
-59.6240778746
-57.0355102765
0
-70.0
-70.0
-70.0
-70.0
-70.0
-70.0
-70.0
-70.0
-70.0
-70.0
-70.0
-64.4147157372
-58.9163879882
-55.9868450726
-55.8475953395
-62.3741706134
-70.0
-70.0
-70.0
-70.0
-70.0
-67.2469144552
-65.6868326465
-65.8685435115
-66.1152852468
-65.590351644
-65.4223797608
-65.4741839722
-65.6561270333
-68.501658781
-70.0
-70.0
-70.0
-70.0
-70.0
-70.0
-70.0
-70.0
-70.0
-70.0
-63.9418690659
-61.0644837589
-59.635903116
-54.1982987005
-59.0133144173
-70.0
-70.0
-70.0
-70.0
-70.0
-70.0
-67.0673073372
-64.4932396568
-63.1323577267
-62.5447499778
-62.4406936625
-62.6302367512
-62.9896213794
-64.431224097
-70.0
-70.0
-70.0
-70.0
-70.0
-70.0
-70.0
-70.0
-70.0
-70.0
-70.0
-69.3392417143
-68.9648120191
-70.0
-70.0
-70.0
-70.0
-70.0
-70.0
-70.0
-70.0
-70.0
-70.0
-69.9700813215
-70.0
-70.0
-65.6679742106
-70.0
-70.0
-70.0
-70.0
-70.0
-70.0
-70.0
-70.0
-63.6050911182
-59.9813094186
-58.1409967515
-57.4321092595
-58.8164688464
-64.2903174407
-70.0
-70.0
-70.0
-70.0
-70.0
-70.0
-64.0524987512
-60.6822480436
-58.9706893509
0
-70.0
-70.0
-70.0
-70.0
-70.0
-70.0
-70.0
-70.0
-70.0
-70.0
-70.0
-70.0
-70.0
-70.0
-70.0
-63.9495478193
-60.5209582503
-62.7137569508
-70.0
-70.0
-70.0
-70.0
-70.0
-70.0
-70.0
-70.0
-66.4228215305
-63.3962048242
-58.2818427877
-55.6038308062
0
-70.0
-70.0
-70.0
-70.0
-70.0
-70.0
-70.0
-70.0
-70.0
-70.0
-70.0
-70.0
-70.0
-70.0
-70.0
-62.9609520543
-59.6758619221
-59.9072055038
-70.0
-70.0
-70.0
-70.0
-70.0
-70.0
-70.0
-70.0
-70.0
-70.0
-70.0
-70.0
-70.0
-70.0
-70.0
-70.0
-70.0
-70.0
-70.0
-70.0
-70.0
-70.0
-68.5646646593
-67.7513079663
-67.3382503516
-67.1791407711
-66.1778373209
-65.7044606734
-65.5636193291
-66.5684662148
-70.0
-70.0
-70.0
-70.0
-70.0
-70.0
-70.0
-64.7558675935
-61.7841925632
-60.2750477929
-59.6937260042
-59.6884753976
-60.0290425204
-60.5657480433
-61.2022464223
-64.8616150867
-70.0
-70.0
-70.0
-70.0
-70.0
-70.0
-70.0
-70.0
-70.0
-70.0
-70.0
-70.0
-70.0
-70.0
-70.0
-70.0
-70.0
-70.0
-70.0
-70.0
-70.0
-70.0
-70.0
-70.0
-70.0
-70.0
-62.5550192947
-58.336196895
-58.9429450144
-70.0
-70.0
-70.0
-70.0
-70.0
-70.0
-70.0
-70.0
-70.0
-70.0
-70.0
-70.0
-70.0
-63.1785512579
-70.0
-70.0
-70.0
-70.0
-70.0
-70.0
-70.0
-70.0
-70.0
-64.7568231839
-61.7856896548
-60.2768198822
-59.6956040226
-60.6787933527
-61.9358118718
-65.0109468937
-70.0
-70.0
-70.0
-70.0
-70.0
-70.0
-70.0
-70.0
-70.0
-70.0
-69.6485468517
-69.1160567343
-68.8260274394
-68.6911422811
-69.4960620221
-70.0
-70.0
-70.0
-70.0
-70.0
-70.0
-70.0
-70.0
-70.0
-70.0
-69.8919473785
-69.4973842263
-69.2774001941
-69.1694964349
-70.0
-70.0
-70.0
-70.0
-70.0
-70.0
-70.0
-70.0
-65.004057803
-62.1730238914
-61.7342877888
-61.7465698676
-62.0290534527
-63.1679455256
-65.805512296
-64.1422860038
-70.0
-70.0
-70.0
-70.0
-70.0
-70.0
-70.0
-70.0
-70.0
-70.0
-70.0
-70.0
-70.0
-70.0
-70.0
-70.0
-70.0
-69.1583406862
-68.6814004084
-68.4391895614
-69.3424645805
-69.9063474392
-70.0
-70.0
-70.0
-70.0
-70.0
-70.0
-70.0
-70.0
-70.0
-70.0
-70.0
-70.0
-70.0
-65.0244347917
-62.2049478404
-60.7730907416
-61.0898528814
-61.5769150693
-62.1499218797
-61.8431867318
-66.429570227
-70.0
-70.0
-70.0
-70.0
-70.0
-70.0
-70.0
-70.0
-70.0
-70.0
-69.576718042
-69.3368582658
-70.0
-70.0
-70.0
-70.0
-70.0
-70.0
-70.0
-70.0
-70.0
-70.0
-70.0
-70.0
-70.0
-70.0
-70.0
-68.961815581
-70.0
-70.0
-70.0
-70.0
-70.0
-70.0
-70.0
-70.0
-70.0
-70.0
-70.0
-70.0
-70.0
-70.0
-70.0
-70.0
-70.0
-70.0
-70.0
-70.0
-70.0
-70.0
-70.0
-63.8256452418
-60.3268442122
-59.4622106255
-59.2946901193
-61.2221805681
-70.0
-70.0
-70.0
-70.0
-70.0
-70.0
-70.0
-70.0
-70.0
-70.0
-70.0
-70.0
-70.0
-70.0
-70.0
-70.0
-70.0
-70.0
-70.0
-70.0
-70.0
-70.0
-70.0
-70.0
-63.557537911
-59.906809394
-59.4948305951
-56.9548945685
-61.6344477636
-66.1113170336
-64.3529471647
-63.4861603379
-63.1832162306
-63.2286758918
-63.4816624921
-63.8507323693
-64.2771498833
-64.7237620622
-67.0921869023
-70.0
-70.0
-70.0
-70.0
-70.0
-70.0
-70.0
-70.0
-70.0
-70.0
-63.8113387913
-60.3044307731
-58.523471603
-59.5782608462
-65.2184966462
-70.0
-70.0
-70.0
-70.0
-64.6748858042
-60.9536173896
-59.0224024278
-58.2295933699
-58.1462548227
-60.5223849091
-70.0
-70.0
-70.0
-70.0
-70.0
-70.0
-70.0
-70.0
-65.0850419692
-62.8554546406
-61.7558537554
-61.3708980991
-61.4275614354
-61.7473073893
-63.8855370336
-70.0
-70.0
-70.0
-70.0
-70.0
-70.0
-70.0
-70.0
-69.5683864897
-69.3238055006
-69.1995967237
-62.5614452111
-58.8265061298
-57.9575413837
-59.9233281863
-70.0
-70.0
-70.0
-70.0
-70.0
-70.0
-70.0
-70.0
-70.0
-70.0
-70.0
-70.0
-70.0
-70.0
-69.8862009325
-69.80625607
-70.0
-70.0
-70.0
-70.0
-70.0
-67.3217000891
-65.0015276705
-63.7760399636
-63.248212674
-64.0687843826
-63.9563654592
-64.0903685899
-63.8122026264
-64.2364031005
-70.0
-70.0
-70.0
-70.0
-70.0
-70.0
-70.0
-65.4697179439
-62.9025581121
-61.5988436093
-61.0966534539
-61.092117579
-61.386325468
-66.9617128439
-70.0
-70.0
-70.0
-70.0
-70.0
-70.0
-70.0
-70.0
-70.0
-70.0
-63.8877743496
-60.4241798144
-58.6652170994
-59.1412111612
-63.5877505804
-70.0
-70.0
-70.0
-70.0
-70.0
-70.0
-66.7612300008
-64.9259270012
-63.9938809681
-63.6348573159
-63.6316145475
-63.8419484015
-57.7879575669
0
-70.0
-70.0
-70.0
-70.0
-70.0
-70.0
-70.0
-70.0
-67.6386396011
-66.6338687083
-66.1432105491
-65.9773753019
-66.0119616435
-66.1656480604
-69.0042126036
-70.0
-70.0
-70.0
-70.0
-70.0
-70.0
-70.0
-70.0
-70.0
-70.0
-70.0
-63.299418524
-59.5024223543
-57.5741439073
-64.9200082485
-70.0
-70.0
-70.0
-70.0
-70.0
-70.0
-70.0
-70.0
-70.0
-70.0
-70.0
-63.6097599907
-59.9886239854
-58.149654916
-64.0761888698
-70.0
-70.0
-70.0
-70.0
-70.0
-66.6553560935
-64.7015336931
-63.7058557964
-63.3182538652
-63.3084175776
-63.5255685525
-64.7399862762
-65.6439707012
-65.8362124954
-64.9439298895
-70.0
-70.0
-70.0
-70.0
-70.0
-70.0
-70.0
-70.0
-70.0
-69.5464464917
-69.289432837
-69.1589102163
-62.1446005876
-62.7985446847
-70.0
-70.0
-70.0
-70.0
-70.0
-70.0
-70.0
-70.0
-70.0
-70.0
-70.0
-70.0
-70.0
-70.0
-70.0
-70.0
-70.0
-70.0
-70.0
-70.0
-70.0
-70.0
-70.0
-64.362290554
-62.1665735754
-61.1102576024
-56.4024223948
-54.0309738571
-54.6219290261
-69.7362755976
-70.0
-70.0
-70.0
-70.0
-70.0
-68.8609848055
-68.5488761952
-64.0519571312
-61.5520737885
-56.4448524343
0
-70.0
-70.0
-70.0
-70.0
-70.0
-70.0
-70.0
-70.0
-70.0
-68.9518546911
-68.3579056827
-68.0562727549
-63.0141579805
-60.2284429039
-58.5493990944
-57.9236595056
-57.3952048799
-58.9330176173
-67.3916306016
-70.0
-70.0
-70.0
-70.0
-70.0
-70.0
-70.0
-70.0
-70.0
-69.3938739862
-69.8756091624
-70.0
-70.0
-70.0
-70.0
-70.0
-70.0
-70.0
-70.0
-70.0
-70.0
-63.2006641272
-58.836347904
-60.5209824844
-70.0
-70.0
-70.0
-70.0
-70.0
-67.0584789751
-65.9471726165
-65.7488163808
-65.7715087601
-65.9260738956
-66.1546105137
-66.4199121341
-68.3037016
-70.0
-70.0
-70.0
-70.0
-70.0
-70.0
-70.0
-70.0
-70.0
-70.0
-70.0
-70.0
-70.0
-70.0
-70.0
-70.0
-70.0
-70.0
-70.0
-68.0871308015
-67.003171589
-65.7489866382
-65.1381761131
-64.9337505943
-64.9799702632
-65.1750363891
-66.4494826976
-60.6056301556
-61.3263598023
-70.0
-70.0
-70.0
-70.0
-70.0
-70.0
-70.0
-70.0
-70.0
-70.0
-70.0
-70.0
-70.0
-70.0
-70.0
-70.0
-70.0
-70.0
-70.0
-70.0
-70.0
-70.0
-70.0
-70.0
-64.3357979621
-61.126083474
-59.4960519986
-58.8681647134
-58.8624935186
-59.2303410177
-63.633236615
-70.0
-70.0
-70.0
-70.0
-70.0
-70.0
-70.0
-70.0
-70.0
-64.7225187839
-61.7319460948
-60.2132042782
-58.6455272422
-58.8858725816
-54.7156518343
-62.7390236677
-70.0
-70.0
-70.0
-70.0
-70.0
-70.0
-70.0
-70.0
-70.0
-70.0
-70.0
-70.0
-70.0
-70.0
-65.864353874
-69.4123851193
-70.0
-70.0
-70.0
-70.0
-70.0
-70.0
-70.0
-69.5746297215
-69.0002532304
-62.7698676337
-57.2726406879
0
-70.0
-70.0
-70.0
-70.0
-70.0
-70.0
-70.0
-70.0
-70.0
-70.0
-70.0
-70.0
-63.5402818669
-59.8797749249
-58.40336164
-65.8356065717
-70.0
-70.0
-70.0
-70.0
-70.0
-66.3176630575
-64.2310054568
-63.1713107145
-62.7631168453
-57.1421460116
-55.1980249872
-54.5249515396
-54.9571048357
-57.8676354619
-65.7988439105
-70.0
-70.0
-70.0
-70.0
-70.0
-70.0
-70.0
-64.4967387548
-61.3782240492
-59.7945077575
-59.1844610573
-59.1789510019
-62.6874366915
-70.0
-70.0
-70.0
-70.0
-70.0
-70.0
-70.0
-70.0
-70.0
-70.0
-63.8422973684
-60.3529325438
-59.5223549008
-59.3819281348
-67.5967055911
-70.0
-70.0
-70.0
-70.0
-70.0
-70.0
-70.0
-70.0
-70.0
-70.0
-70.0
-70.0
-70.0
-70.0
-64.1676509697
-70.0
-70.0
-70.0
-70.0
-70.0
-70.0
-68.6015718463
-67.8091292259
-68.406666278
-68.8182996334
-69.1046696588
-69.3063360188
-69.4504579675
-69.5552492044
-70.0
-70.0
-70.0
-70.0
-70.0
-70.0
-70.0
-70.0
-70.0
-70.0
-70.0
-69.9838641818
-70.0
-70.0
-70.0
-70.0
-70.0
-70.0
-70.0
-70.0
-70.0
-70.0
-70.0
-70.0
-70.0
-64.5250716914
-60.4248959748
-58.283960679
0
-70.0
-70.0
-70.0
-70.0
-70.0
-70.0
-70.0
-70.0
-70.0
-70.0
-70.0
-64.3341099334
-62.115731549
-61.0475134667
-55.7790729092
0
-70.0
-70.0
-70.0
-70.0
-70.0
-70.0
-70.0
-70.0
-70.0
-70.0
-70.0
-70.0
-70.0
-70.0
-70.0
-70.0
-70.0
-70.0
-70.0
-70.0
-70.0
-70.0
-70.0
-70.0
-68.8857670506
-68.2543683792
-67.9337168971
-66.8102024165
-60.6251363636
-57.2265921865
-55.6132459406
0
-70.0
-70.0
-70.0
-70.0
-70.0
-70.0
-70.0
-70.0
-70.0
-70.0
-70.0
-70.0
-70.0
-70.0
-70.0
-69.3251157783
-66.8973367903
-70.0
-70.0
-70.0
-70.0
-70.0
-70.0
-70.0
-70.0
-70.0
-70.0
-70.0
-70.0
-70.0
-70.0
-70.0
-70.0
-70.0
-70.0
-70.0
-70.0
-70.0
-70.0
-70.0
-70.0
-70.0
-65.2917033198
-62.6236685343
-61.2687253786
-60.7468019725
-60.7420878631
-62.6882875158
-68.6755308823
-70.0
-70.0
-70.0
-70.0
-70.0
-70.0
-70.0
-70.0
-70.0
-70.0
-70.0
-70.0
-70.0
-70.0
-70.0
-70.0
-67.6871447108
-66.3765267135
-61.8220494692
-57.0286281403
-54.5849544049
0
-70.0
-70.0
-70.0
-70.0
-70.0
-70.0
-70.0
-70.0
-70.0
-70.0
-66.6772773534
-64.794401187
-59.9493065588
-57.3772728965
-56.2548102692
-57.0395033661
-57.9423357787
-69.3750748259
-70.0
-70.0
-70.0
-70.0
-70.0
-67.3995918836
-65.9260272844
-61.2887987264
-58.7968349675
-57.6750955465
-57.4128820424
-58.6674171919
-59.7978910418
-60.8162456504
-66.3432569508
-70.0
-70.0
-70.0
-70.0
-70.0
-70.0
-70.0
-64.7164605603
-61.7224548778
-60.2019696391
-58.616338911
-57.7110825105
-57.5775592532
-57.911526657
-68.531493596
-70.0
-70.0
-70.0
-70.0
-70.0
-70.0
-70.0
-70.0
-69.3395971962
-62.8871796402
-59.2528231187
-57.4304484351
0
-70.0
-70.0
-70.0
-70.0
-70.0
-70.0
-70.0
-70.0
-70.0
-70.0
-70.0
-70.0
-64.0825826994
-60.7293795625
-59.0264783615
-58.3705216956
-60.7317582522
-62.0071758477
-67.7864034608
-70.0
-70.0
-70.0
-70.0
-70.0
-64.4340644212
-61.2800342599
-59.6782816878
-59.0612874216
-59.0557146144
-60.7497848298
-70.0
-70.0
-70.0
-69.5765016755
-69.3365192916
-69.2146458849
-69.1677003114
-69.1672762902
-69.1947793345
-62.8526623163
-59.2856366949
0
-70.0
-70.0
-70.0
-70.0
-70.0
-70.0
-70.0
-70.0
-70.0
-70.0
-64.2416938322
-60.9786536705
-59.3215411177
-60.4613513074
-64.2641463419
-70.0
-70.0
-70.0
-70.0
-70.0
-68.5351074388
-67.7050016541
-67.2834381282
-67.121052075
-66.1586038162
-65.7091814004
-65.5825552376
-65.6538276987
-58.3121235457
-55.5468732338
-60.3812227898
-70.0
-70.0
-70.0
-70.0
-70.0
-66.6368637635
-64.1755310073
-58.6706580978
0
-70.0
-70.0
-70.0
-70.0
-70.0
-70.0
-70.0
-70.0
-70.0
-70.0
-70.0
-70.0
-70.0
-70.0
-70.0
-70.0
-70.0
-69.8855635305
-70.0
-70.0
-70.0
-70.0
-70.0
-70.0
-70.0
-70.0
-70.0
-64.3981848976
-62.136031511
-61.040871762
-60.6824135206
-60.7779247917
-68.3718713809
-70.0
-70.0
-70.0
-70.0
-70.0
-70.0
-70.0
-70.0
-70.0
-70.0
-70.0
-70.0
-70.0
-70.0
-70.0
-70.0
-70.0
-68.9750820573
-68.3942952232
-68.0993466152
-67.9857325633
-62.3674224294
-58.3825428442
-56.378863665
-55.6306940353
-55.6607691229
-56.8137743964
-64.9775252912
-70.0
-70.0
-70.0
-70.0
-70.0
-69.8930556618
-69.8324538701
-69.8016776661
-69.7898226882
-70.0
-63.7065338579
-66.0917290244
-70.0
-70.0
-70.0
-70.0
-70.0
-70.0
-70.0
-70.0
-69.2855533051
-68.880700178
-68.6750982958
-68.5959005566
-68.5951852279
-70.0
-70.0
-70.0
-70.0
-70.0
-70.0
-70.0
-70.0
-70.0
-70.0
-70.0
-70.0
-70.0
-70.0
-70.0
-70.0
-70.0
-70.0
-70.0
-70.0
-70.0
-70.0
-70.0
-70.0
-70.0
-70.0
-70.0
-70.0
-70.0
-70.0
-70.0
-70.0
-70.0
-70.0
-70.0
-70.0
-70.0
-63.6043644369
-60.952960164
-60.4229020847
-60.5999216668
-64.2269030146
-68.4694844854
-70.0
-65.1916975285
-62.4669927946
-57.1943813056
0
-70.0
-70.0
-70.0
-70.0
-70.0
-70.0
-70.0
-67.1261551183
-65.4976430187
-64.6706143249
-64.3520432979
-64.349165905
-65.7494066135
-69.7102052619
-70.0
-70.0
-70.0
-70.0
-70.0
-70.0
-70.0
-70.0
-70.0
-70.0
-63.5791501037
-59.9406684958
-54.2040016923
0
-70.0
-70.0
-70.0
-70.0
-70.0
-70.0
-70.0
-70.0
-70.0
-64.9539488522
-59.7611865351
-56.986822927
-54.7675383512
0
-70.0
-70.0
-70.0
-70.0
-70.0
-70.0
-70.0
-70.0
-66.2464876431
-61.7861639741
-59.383764307
-58.2961990298
-58.0337865625
-57.2774965216
-54.3503554588
-60.8992762599
-70.0
-70.0
-70.0
-70.0
-67.0767279691
-65.4202071515
-64.5789544226
-64.2549043045
-65.19344976
-66.250128708
-67.0091317865
-68.1197847963
-70.0
-70.0
-70.0
-70.0
-70.0
-70.0
-68.9643055895
-68.3774120902
-68.0793622543
-67.9645536109
-67.9635166378
-68.0307772328
-68.1367743486
-69.236467845
-70.0
-70.0
-70.0
-70.0
-70.0
-70.0
-70.0
-70.0
-65.7661303889
-63.3669376092
-62.1485240211
-62.6714843876
-63.2295444612
-63.7900623567
-65.0370747191
-66.3792648465
-69.3855999807
-70.0
-70.0
-70.0
-70.0
-66.9203747443
-65.1752537661
-64.2890060536
-63.2439201873
-62.842071328
-63.7078723919
-64.4370906173
-65.7041077484
-70.0
-70.0
-70.0
-70.0
-70.0
-70.0
-70.0
-70.0
-70.0
-70.0
-70.0
-70.0
-70.0
-70.0
-70.0
-70.0
-70.0
-70.0
-70.0
-70.0
-70.0
-70.0
-70.0
-70.0
-70.0
-70.0
-70.0
-70.0
-70.0
-70.0
-70.0
-70.0
-70.0
-70.0
-70.0
-70.0
-70.0
-62.5128203693
-57.7833422648
-64.1859452945
-70.0
-70.0
-70.0
-70.0
-70.0
-65.4796901979
-62.91818131
-61.6173366002
-60.1278129077
-60.5616491564
-61.1365626004
-55.3914990465
0
-70.0
-70.0
-70.0
-70.0
-70.0
-70.0
-70.0
-70.0
-70.0
-70.0
-65.6856163053
-63.2407988783
-58.1103262372
-55.4283651114
-54.3049095988
-54.4460135707
-58.7291212954
-70.0
-70.0
-70.0
-70.0
-70.0
-70.0
-70.0
-70.0
-70.0
-70.0
-70.0
-70.0
-70.0
-70.0
-70.0
-70.0
-70.0
-70.0
-70.0
-70.0
-70.0
-70.0
-70.0
-70.0
-70.0
-70.0
-63.3735063211
-60.2038283103
-62.8689242115
-70.0
-70.0
-70.0
-70.0
-70.0
-70.0
-70.0
-70.0
-63.9543297498
-60.5284499413
-58.7886403916
0
-70.0
-70.0
-70.0
-70.0
-70.0
-70.0
-70.0
-70.0
-70.0
-70.0
-70.0
-70.0
-70.0
-70.0
-70.0
-70.0
-70.0
-70.0
-70.0
-70.0
-70.0
-70.0
-70.0
-70.0
-66.3890539529
-63.3428546695
-61.7370399439
-61.0489831104
-60.9345162399
-61.1680189097
-61.6025198812
-66.2496679016
-70.0
-70.0
-70.0
-70.0
-70.0
-70.0
-70.0
-70.0
-70.0
-63.4668937032
-57.4314668017
0
-70.0
-70.0
-70.0
-70.0
-70.0
-70.0
-70.0
-70.0
-70.0
-66.0085144447
-63.74667263
-63.3017154906
-63.2580173572
-58.3948028369
-58.0252615682
-67.3663583312
-70.0
-70.0
-70.0
-70.0
-70.0
-70.0
-70.0
-70.0
-69.7355584659
-70.0
-63.9987229076
-60.597999222
-59.426520592
-59.4030736508
-70.0
-70.0
-70.0
-70.0
-69.7034044462
-69.5353336323
-69.449980023
-69.4171018566
-69.4168048948
-69.4360665547
-70.0
-70.0
-70.0
-69.2867486
-68.8825728067
-70.0
-70.0
-70.0
-70.0
-70.0
-70.0
-70.0
-70.0
