-62.0
-57.4666666667
-55.1644444444
-54.2776296296
-54.2696197531
-54.7891598354
-64.7579118903
-70.0
-70.0
-70.0
-70.0
-70.0
-70.0
-70.0
-70.0
-70.0
-63.2377763552
-59.4058496232
-57.4598319299
-56.7102269162
-57.0028074184
-58.6626818572
-70.0
-70.0
-70.0
-70.0
-70.0
-70.0
-70.0
-70.0
-70.0
-70.0
-63.0423256617
-59.0996435367
-57.0973794772
-56.4758655684
-64.3645739157
-70.0
-70.0
-70.0
-70.0
-70.0
-70.0
-70.0
-70.0
-70.0
-70.0
-70.0
-62.5078330322
-58.2622717505
-70.0
-70.0
-70.0
-70.0
-70.0
-70.0
-66.4943424405
-64.5078031567
-63.4989528146
-63.1103441821
-63.1068341966
-63.3345003987
-63.6932834401
-65.3360397541
-70.0
-70.0
-70.0
-70.0
-70.0
-70.0
-70.0
-70.0
-64.0482331138
-60.6755652116
-58.9627789632
-58.3030145821
-58.2970554674
-58.8376373645
-70.0
-70.0
-70.0
-70.0
-70.0
-70.0
-70.0
-70.0
-70.0
-70.0
-63.1356020932
-59.2457766126
-57.2703554372
-56.5094242174
-56.5025513449
-70.0
-70.0
-70.0
-70.0
-70.0
-70.0
-70.0
-70.0
-70.0
-70.0
-70.0
-63.0428158309
-59.1004114684
-57.0982884687
-56.4825904289
-62.4419378765
-70.0
-70.0
-70.0
-70.0
-70.0
-70.0
-70.0
-70.0
-70.0
-70.0
-70.0
-62.4946375167
-58.2415987762
-66.644432644
-70.0
-70.0
-70.0
-70.0
-70.0
-69.4605740741
-69.1548993827
-68.9996645885
-68.9398682257
-68.9393281338
-68.9743598075
-69.0295668182
-69.0950387973
-61.4766348967
-57.5097306682
-70.0
-70.0
-70.0
-70.0
-70.0
-70.0
-67.9481234568
-66.7853934156
-66.1949089438
-65.9674546292
-65.9654002194
-66.098654233
-66.3086515
-66.5576948102
-59.2955074705
-70.0
-70.0
-70.0
-70.0
-70.0
-70.0
-70.0
-67.5296378601
-66.1297659808
-65.4188506539
-65.1450064359
-65.1425330239
-65.3029645426
-65.5557913024
-66.1818125116
-60.6015929376
-70.0
-70.0
-70.0
-70.0
-70.0
-70.0
-70.0
-66.7551558137
-64.9164107748
-63.9826167256
-63.6229197386
-63.6196708885
-63.8303992154
-64.1624895711
-64.8809011175
-70.0
-70.0
-70.0
-70.0
-70.0
-70.0
-70.0
-70.0
-63.2910566107
-59.4893220235
-57.5586372037
-56.814938405
-56.808221179
-61.489219535
-70.0
-70.0
-70.0
-70.0
-70.0
-70.0
-70.0
-70.0
-70.0
-70.0
-63.1785666819
-59.3130878017
-57.3500308801
-56.5938623645
-56.7529992365
-70.0
-70.0
-70.0
-70.0
-70.0
-70.0
-70.0
-70.0
-70.0
-70.0
-70.0
-63.1022791241
-59.1935706278
-57.2085598424
-56.4439347097
-57.4340783451
-67.8061261094
-70.0
-70.0
-70.0
-70.0
-70.0
-70.0
-70.0
-70.0
-70.0
-70.0
-62.9727992955
-58.9907188963
-56.9684466936
-56.3573552593
-63.5991090337
-70.0
-70.0
-70.0
-65.1589710116
-62.4157212514
-61.022580687
-60.4859436587
-60.4810966532
-60.7954852281
-61.2909355321
-70.0
-70.0
-70.0
-70.0
-70.0
-70.0
-70.0
-70.0
-70.0
-63.3255941866
-59.5434308924
-57.6226852194
-56.882814975
-56.8761323292
-57.8190800815
-70.0
-70.0
-70.0
-70.0
-70.0
-70.0
-70.0
-70.0
-70.0
-70.0
-63.0487537015
-59.1097141323
-57.1092999197
-56.3387413949
-56.6663850707
-61.6694596258
-70.0
-70.0
-70.0
-70.0
-70.0
-70.0
-70.0
-70.0
-70.0
-70.0
-62.9908717167
-59.0190323562
-57.0019609947
-56.3947592102
-58.8385804252
-65.8867099466
-70.0
-70.0
-70.0
-70.0
-70.0
-70.0
-70.0
-70.0
-70.0
-70.0
-63.1221506207
-59.2247026391
-57.2454104288
-56.4829880883
-57.3357523322
-70.0
-70.0
-70.0
-70.0
-70.0
-70.0
-70.0
-70.0
-70.0
-70.0
-70.0
-63.0267792511
-59.0752874934
-57.0685495224
-56.295555089
-57.6607666383
-70.0
-70.0
-70.0
-70.0
-70.0
-70.0
-70.0
-70.0
-70.0
-70.0
-70.0
-62.9904408881
-59.0183573913
-57.0011620469
-56.5733228499
-65.7378708464
-70.0
-70.0
-70.0
-70.0
-70.0
-70.0
-70.0
-70.0
-70.0
-70.0
-70.0
-62.4502861206
-58.1721149222
-70.0
-70.0
-70.0
-70.0
-70.0
-70.0
-70.0
-70.0
-70.0
-70.0
-70.0
-70.0
-70.0
-70.0
-62.3122756731
-58.1330285737
-70.0
-70.0
-70.0
-70.0
-70.0
-70.0
-68.5031069959
-67.6548676269
-67.2240950846
-67.0581617231
-67.056662982
-67.1538749714
-67.3070729992
-67.4887560493
-60.1722342272
-69.4692739276
-70.0
-70.0
-70.0
-70.0
-70.0
-70.0
-67.9000576132
-66.7100902606
-66.1057735071
-65.8729910047
-65.8708884698
-66.0072639999
-66.2221805179
-66.4770577448
-59.4272348923
-59.612820136
-70.0
-70.0
-70.0
-70.0
-70.0
-70.0
-67.5701347885
-66.1932111686
-65.4939499577
-65.2245948993
-65.2221620342
-65.3799635807
-65.6286457226
-65.923566817
-59.6253210427
-57.102332232
-70.0
-70.0
-70.0
-70.0
-70.0
-70.0
-69.0243065844
-68.4714136488
-68.1906307659
-68.0824733439
-68.081496446
-68.1448604256
-68.2447167993
-68.3631400635
-60.9844555547
-57.5905703546
-70.0
-70.0
-70.0
-70.0
-70.0
-70.0
-68.345218107
-67.4075083676
-66.9312989118
-66.7478632745
-66.7462064497
-66.8536721398
-67.0230291492
-67.2238757165
-59.9336351051
-63.307342822
-70.0
-70.0
-70.0
-70.0
-70.0
-70.0
-68.5812716049
-67.7773255144
-67.3690470096
-67.2117783397
-67.2103578598
-67.3024936432
-67.4476919918
-67.6198879346
-60.1146901076
-61.2857928787
-70.0
-70.0
-70.0
-70.0
-70.0
-70.0
-68.3930946502
-67.482514952
-67.0200833013
-66.8419548676
-66.8403459784
-66.9447024456
-67.1091595777
-67.3041952044
-60.2062386595
-57.2098457405
-70.0
-70.0
-70.0
-70.0
-70.0
-70.0
-67.1560098791
-65.5444154772
-64.7259783202
-64.4107167487
-64.4078692474
-64.5925651051
-64.8836304496
-65.2288153079
-58.2956640882
-55.4687682765
-70.0
-70.0
-70.0
-70.0
-70.0
-70.0
-70.0
-70.0
-70.0
-70.0
-70.0
-70.0
-70.0
-70.0
-62.4147212428
-58.3076668032
-70.0
-70.0
-70.0
-70.0
-70.0
-70.0
-69.3365349794
-68.9605714678
-68.7696409785
-68.6960946523
-68.6954303682
-68.7385174522
-68.8064191208
-68.8869461512
-61.284511703
-57.8044433349
-70.0
-70.0
-70.0
-70.0
-70.0
-70.0
-69.0140082305
-68.455279561
-68.1715330407
-68.0622340271
-68.0612468181
-68.1252795987
-68.2261899471
-68.345863158
-60.9791938046
-63.7718813879
-70.0
-70.0
-70.0
-70.0
-70.0
-70.0
-68.3340894192
-67.3900734234
-66.9106613785
-66.7259921056
-66.7243241384
-66.8325125534
-67.0030085173
-67.2052058117
-60.1345514431
-57.3927852587
-70.0
-70.0
-70.0
-70.0
-70.0
-70.0
-67.0659427784
-65.4033103529
-64.5589538858
-64.2337082093
-64.2307705298
-64.4213155711
-64.7215987435
-65.0777153555
-57.9638454999
-62.8190478846
-70.0
-70.0
-70.0
-70.0
-70.0
-70.0
-68.0112345679
-66.8842674897
-66.3119449931
-66.0914866621
-66.0894954414
-66.2186508609
-66.422189084
-66.6635723816
-59.4289823175
-56.6609301466
-70.0
-70.0
-70.0
-70.0
-70.0
-70.0
-70.0
-70.0
-70.0
-70.0
-70.0
-70.0
-70.0
-70.0
-62.3483768847
-58.2126579427
-70.0
-70.0
-70.0
-70.0
-70.0
-70.0
-69.3149012346
-68.9266786008
-68.7295224005
-68.6535779337
-68.6528919891
-68.6973840228
-68.7674997755
-68.850652568
-61.4526868448
-60.7877271559
-70.0
-70.0
-70.0
-70.0
-70.0
-70.0
-68.4431286445
-67.5609015431
-67.1128685641
-66.9402864912
-66.9387276978
-67.0398348318
-67.1991712845
-67.3881341133
-59.9007215453
-57.2060276616
-70.0
-70.0
-70.0
-70.0
-70.0
-70.0
-69.1447469136
-68.6601034979
-68.4139806653
-68.3191742769
-68.3183179679
-68.3738602503
-68.461390278
-68.5651952854
-60.9874526521
-57.3932146207
-70.0
-70.0
-70.0
-70.0
-70.0
-70.0
-69.9894773663
-69.9835145405
-69.9804863603
-69.9793199069
-69.9793093712
-69.9799927375
-69.981069666
-69.9823468342
-62.2958491125
-58.3902756421
-70.0
-70.0
-70.0
-70.0
-70.0
-70.0
-69.7036399177
-69.5357025377
-69.4504166918
-69.4175646279
-69.4172679019
-69.4365142696
-69.4668449479
-69.50281519
-62.0614991579
-59.3787498552
-70.0
-70.0
-70.0
-70.0
-70.0
-70.0
-70.0
-70.0
-70.0
-70.0
-70.0
-70.0
-70.0
-70.0
-62.3629471418
-58.2466479712
-70.0
-70.0
-70.0
-70.0
-70.0
-70.0
-68.1859437732
-67.1579785781
-66.6359335084
-66.4348420163
-66.4330257205
-66.5508350856
-66.7364928685
-66.9566711093
-59.7150215918
-59.610941549
-70.0
-70.0
-70.0
-70.0
-70.0
-70.0
-68.2425474598
-67.2466576871
-66.7409019005
-66.5460850319
-66.5443254096
-66.6584587893
-66.8383235241
-67.0516315809
-59.5900429007
-56.7954542893
-70.0
-70.0
-70.0
-70.0
-70.0
-70.0
-70.0
-70.0
-70.0
-70.0
-70.0
-70.0
-70.0
-70.0
-62.429697099
-58.573659248
-70.0
-70.0
-70.0
-70.0
-70.0
-70.0
-70.0
-70.0
-70.0
-70.0
-70.0
-70.0
-70.0
-70.0
-62.3250795027
-58.4545025807
-70.0
-70.0
-70.0
-70.0
-70.0
-70.0
-69.7278609965
-69.5736488944
-69.4953333368
-69.4651662243
-69.4648937493
-69.4825671393
-69.5104189354
-69.5434493818
-62.34609587
-59.408880193
-70.0
-70.0
-70.0
-70.0
-70.0
-70.0
-70.0
-70.0
-70.0
-70.0
-70.0
-70.0
-70.0
-70.0
-62.3501929283
-58.2363412234
-70.0
-70.0
-70.0
-70.0
-70.0
-70.0
-68.5308451237
-67.6983240272
-67.2755339016
-67.1126753629
-67.1112043943
-67.206615
-67.3569741967
-67.5352905749
-60.2589365264
-56.9348843941
-70.0
-70.0
-70.0
-70.0
-70.0
-70.0
-70.0
-70.0
-70.0
-70.0
-70.0
-70.0
-70.0
-70.0
-62.3578852616
-58.0273535766
-70.0
-70.0
-70.0
-70.0
-70.0
-70.0
-70.0
-70.0
-70.0
-70.0
-70.0
-70.0
-70.0
-70.0
-62.4620484456
-58.1905425648
-70.0
-70.0
-70.0
-70.0
-70.0
-70.0
-69.1513817264
-68.670498038
-68.426284557
-68.3322136499
-68.3313639839
-68.3864753849
-68.4733263793
-68.5763260967
-60.9977292623
-61.5468281587
-70.0
-70.0
-70.0
-70.0
-70.0
-70.0
-70.0
-70.0
-70.0
-70.0
-70.0
-70.0
-70.0
-70.0
-62.5416072143
-59.74985749
-70.0
-70.0
-70.0
-70.0
-70.0
-70.0
-70.0
-70.0
-70.0
-70.0
-70.0
-70.0
-70.0
-70.0
-62.3448281333
-58.2383554508
-70.0
-70.0
-70.0
-70.0
-70.0
-70.0
-70.0
-70.0
-70.0
-70.0
-70.0
-70.0
-70.0
-70.0
-62.3511483984
-58.0167991575
-70.0
-70.0
-70.0
-70.0
-70.0
-70.0
-70.0
-70.0
-70.0
-70.0
-70.0
-70.0
-70.0
-70.0
-62.3516179846
-58.5085920741
-70.0
-70.0
-70.0
-70.0
-70.0
-70.0
-70.0
-70.0
-70.0
-70.0
-70.0
-70.0
-70.0
-70.0
-62.446208644
-58.1657268757
-70.0
-70.0
-70.0
-70.0
-70.0
-70.0
-68.8920184068
-68.2641621706
-67.9453096899
-67.8224878785
-67.821378529
-67.893333635
-68.0067289108
-68.1412084459
-60.5960034239
-56.8816580486
-70.0
-70.0
-70.0
-70.0
-70.0
-70.0
-69.3398112608
-68.9657043087
-68.7757166604
-68.7025335161
-68.7018725123
-68.7447468263
-68.8123131871
-68.8924425641
-61.2895863099
-58.0368419075
-70.0
-70.0
-70.0
-70.0
-70.0
-70.0
-70.0
-70.0
-70.0
-70.0
-70.0
-70.0
-70.0
-70.0
-62.4811154578
-58.2204142172
-70.0
-70.0
-70.0
-70.0
-70.0
-70.0
-70.0
-70.0
-70.0
-70.0
-70.0
-70.0
-70.0
-70.0
-62.3988826455
-58.3355765138
-70.0
-70.0
-70.0
-70.0
-70.0
-70.0
-70.0
-70.0
-70.0
-70.0
-70.0
-70.0
-70.0
-70.0
-62.3552038592
-58.5377290593
-70.0
-70.0
-70.0
-70.0
-70.0
-70.0
-70.0
-70.0
-70.0
-70.0
-70.0
-70.0
-70.0
-70.0
-62.3798802627
-58.3088990627
-70.0
-70.0
-70.0
-70.0
-70.0
-70.0
-69.36155985
-68.9997770983
-68.8160482107
-68.7452759377
-68.7446367094
-68.7860986154
-68.8514391385
-68.9289288144
-61.3232725313
-57.8210576309
-70.0
-70.0
-70.0
-70.0
-70.0
-70.0
-70.0
-70.0
-70.0
-70.0
-70.0
-70.0
-70.0
-70.0
-62.4210107588
-58.1262501888
-70.0
-70.0
-70.0
-70.0
-70.0
-70.0
-70.0
-70.0
-70.0
-70.0
-70.0
-70.0
-70.0
-70.0
-62.5032076035
-58.2550252454
-70.0
-70.0
-70.0
-70.0
-70.0
-70.0
-69.604411821
-69.3802451862
-69.2664036991
-69.2225520169
-69.2221559403
-69.2478464297
-69.288332509
-69.3363464063
-61.6994240696
-58.976963036
-70.0
-70.0
-70.0
-70.0
-70.0
-70.0
-70.0
-70.0
-70.0
-70.0
-70.0
-70.0
-70.0
-70.0
-62.3516918487
-58.5548836256
-70.0
-70.0
-70.0
-70.0
-70.0
-70.0
-70.0
-70.0
-70.0
-70.0
-70.0
-70.0
-70.0
-70.0
-62.3843481954
-58.3270621164
-70.0
-70.0
-70.0
-70.0
-70.0
-70.0
-70.0
-70.0
-70.0
-70.0
-70.0
-70.0
-70.0
-70.0
-62.3899851561
-58.0776434112
-70.0
-70.0
-70.0
-70.0
-70.0
-70.0
-70.0
-70.0
-70.0
-70.0
-70.0
-70.0
-70.0
-70.0
-62.3894752669
-58.0768445849
-70.0
-70.0
-70.0
-70.0
-70.0
-70.0
-70.0
-70.0
-70.0
-70.0
-70.0
-70.0
-70.0
-70.0
-62.5173691303
-58.2772116375
-70.0
-70.0
-70.0
-70.0
-70.0
-70.0
-69.6628215532
-69.4717537667
-69.3747213026
-69.3373444474
-69.3370068527
-69.3589040674
-69.3934122607
-69.434336768
-61.7898944519
-57.7798385095
-70.0
-70.0
-70.0
-70.0
-70.0
-70.0
-70.0
-70.0
-70.0
-70.0
-70.0
-70.0
-70.0
-70.0
-62.3149146824
-58.2271732657
-70.0
-70.0
-70.0
-70.0
-70.0
-70.0
-70.0
-70.0
-70.0
-70.0
-70.0
-70.0
-70.0
-70.0
-62.552233072
-58.3318318128
-56.727027343
-70.0
-70.0
-70.0
-70.0
-70.0
-70.0
-70.0
-70.0
-70.0
-70.0
-70.0
-70.0
-70.0
-62.5819500266
-58.3783883749
-56.2436384381
-70.0
-70.0
-70.0
-70.0
-70.0
-70.0
-70.0
-70.0
-70.0
-70.0
-70.0
-70.0
-70.0
-62.4609065026
-58.1887535207
-68.7179805069
-70.0
-70.0
-70.0
-70.0
-70.0
-70.0
-70.0
-70.0
-70.0
-70.0
-70.0
-70.0
-70.0
-62.4484764712
-58.1692798049
-70.0
-70.0
-70.0
-70.0
-70.0
-70.0
-69.6983458226
-69.5274084554
-69.4405990865
-69.4071601623
-69.4068581357
-69.4264483153
-69.4573208125
-69.493933617
-61.8449177177
-57.5273442542
-70.0
-70.0
-70.0
-70.0
-70.0
-70.0
-70.0
-70.0
-70.0
-70.0
-70.0
-70.0
-70.0
-70.0
-62.4125811696
-58.1130438323
-70.0
-70.0
-70.0
-70.0
-70.0
-70.0
-70.0
-70.0
-70.0
-70.0
-70.0
-70.0
-70.0
-70.0
-62.5378420107
-58.3092858167
-58.2562020077
-70.0
-70.0
-70.0
-70.0
-70.0
-70.0
-70.0
-70.0
-70.0
-70.0
-70.0
-70.0
-70.0
-62.4056886799
-58.3813081784
-70.0
-70.0
-70.0
-70.0
-70.0
-70.0
-70.0
-70.0
-70.0
-70.0
-70.0
-70.0
-70.0
-70.0
-62.3122041183
-58.2368230336
-70.0
-70.0
-70.0
-70.0
-70.0
-70.0
-70.0
-70.0
-70.0
-70.0
-70.0
-70.0
-70.0
-70.0
-62.4208114918
-58.408002971
-70.0
-70.0
-70.0
-70.0
-70.0
-70.0
-70.0
-70.0
-70.0
-70.0
-70.0
-70.0
-70.0
-70.0
-62.4167972487
-58.119649023
-70.0
-70.0
-70.0
-70.0
-70.0
-70.0
-70.0
-70.0
-70.0
-70.0
-70.0
-70.0
-70.0
-70.0
-62.4268131063
-58.1353405331
-70.0
-70.0
-70.0
-70.0
-70.0
-70.0
-70.0
-70.0
-70.0
-70.0
-70.0
-70.0
-70.0
-70.0
-62.3768579138
-58.3443475878
-70.0
-70.0
-70.0
-70.0
-70.0
-70.0
-70.0
-70.0
-70.0
-70.0
-70.0
-70.0
-70.0
-70.0
-62.3303187704
-58.273424395
-70.0
-70.0
-70.0
-70.0
-70.0
-70.0
-70.0
-70.0
-70.0
-70.0
-70.0
-70.0
-70.0
-70.0
-62.3377939212
-58.2866303263
-70.0
-70.0
-70.0
-70.0
-70.0
-70.0
-70.0
-70.0
-70.0
-70.0
-70.0
-70.0
-70.0
-70.0
-62.6008984629
-58.4080742585
-56.5705170812
-70.0
-70.0
-70.0
-70.0
-70.0
-70.0
-70.0
-70.0
-70.0
-70.0
-70.0
-70.0
-70.0
-62.634398037
-58.4605569247
-56.3409003598
-70.0
-70.0
-70.0
-70.0
-70.0
-70.0
-70.0
-70.0
-70.0
-70.0
-70.0
-70.0
-70.0
-62.4935719016
-58.2399293125
-60.2540840442
-70.0
-70.0
-70.0
-70.0
-70.0
-70.0
-70.0
-70.0
-70.0
-70.0
-70.0
-70.0
-70.0
-62.4952984445
-58.2426342298
-61.4724472159
-70.0
-70.0
-70.0
-70.0
-70.0
-70.0
-70.0
-70.0
-70.0
-70.0
-70.0
-70.0
-70.0
-62.4219635155
-58.4244754712
-70.0
-70.0
-70.0
-70.0
-70.0
-70.0
-70.0
-70.0
-70.0
-70.0
-70.0
-70.0
-70.0
-70.0
-62.5192526132
-58.2801624273
-68.4967520545
-70.0
-70.0
-70.0
-70.0
-70.0
-70.0
-70.0
-70.0
-70.0
-70.0
-70.0
-70.0
-70.0
-62.5372532986
-58.3083635012
-57.7772748384
-70.0
-70.0
-70.0
-70.0
-70.0
-70.0
-70.0
-70.0
-70.0
-70.0
-70.0
-70.0
-70.0
-62.4823013391
-58.2222720979
-59.9810101339
-70.0
-70.0
-70.0
-70.0
-70.0
-70.0
-70.0
-70.0
-70.0
-70.0
-70.0
-70.0
-70.0
-62.4651188531
-58.1953528698
-67.1605140906
-70.0
-70.0
-70.0
-70.0
-70.0
-70.0
-70.0
-70.0
-70.0
-70.0
-70.0
-70.0
-70.0
-62.4858304271
-58.2278010024
-69.8292712756
-70.0
-70.0
-70.0
-70.0
-70.0
-70.0
-70.0
-70.0
-70.0
-70.0
-70.0
-70.0
-70.0
-62.5599502936
-58.3439221267
-56.2028411556
-70.0
-70.0
-70.0
-70.0
-70.0
-70.0
-70.0
-70.0
-70.0
-70.0
-70.0
-70.0
-70.0
-62.651318359
-58.487065429
-56.3722781568
-70.0
-70.0
-70.0
-70.0
-70.0
-70.0
-70.0
-70.0
-70.0
-70.0
-70.0
-70.0
-70.0
-62.5290389895
-58.295494417
-56.4633800484
-70.0
-70.0
-70.0
-70.0
-70.0
-70.0
-70.0
-70.0
-70.0
-70.0
-70.0
-70.0
-70.0
-62.5986190239
-58.4045031375
-56.2745501677
-70.0
-70.0
-70.0
-70.0
-70.0
-70.0
-70.0
-70.0
-70.0
-70.0
-70.0
-70.0
-70.0
-62.7511584842
-58.6434816252
-56.5574261224
-70.0
-70.0
-70.0
-70.0
-70.0
-70.0
-70.0
-70.0
-70.0
-70.0
-70.0
-70.0
-70.0
-62.7783781254
-58.6861257299
-56.6079034348
-67.1349862682
-70.0
-70.0
-70.0
-70.0
-70.0
-70.0
-70.0
-70.0
-70.0
-70.0
-70.0
-70.0
-62.5283643833
-58.2944375339
-56.1442668398
-70.0
-70.0
-70.0
-70.0
-70.0
-70.0
-70.0
-70.0
-70.0
-70.0
-70.0
-70.0
-70.0
-62.5372384593
-58.3083402529
-56.1607233206
-70.0
-70.0
-70.0
-70.0
-70.0
-70.0
-70.0
-70.0
-70.0
-70.0
-70.0
-70.0
-70.0
-62.5763840426
-58.3696683335
-56.5504326727
-70.0
-70.0
-70.0
-70.0
-70.0
-70.0
-70.0
-70.0
-70.0
-70.0
-70.0
-70.0
-70.0
-62.7453812258
-58.634430587
-56.5467125176
-70.0
-70.0
-70.0
-70.0
-70.0
-70.0
-70.0
-70.0
-70.0
-70.0
-70.0
-70.0
-70.0
-62.8128482226
-58.740128882
-56.671826315
-59.6858368145
-70.0
-70.0
-70.0
-70.0
-70.0
-70.0
-70.0
-70.0
-70.0
-70.0
-70.0
-70.0
-62.6153168602
-58.430663081
-56.3055153774
-70.0
-70.0
-70.0
-70.0
-70.0
-70.0
-70.0
-70.0
-70.0
-70.0
-70.0
-70.0
-70.0
-62.6249556246
-58.4457638119
-56.3233899305
-70.0
-70.0
-70.0
-70.0
-70.0
-70.0
-70.0
-70.0
-70.0
-70.0
-70.0
-70.0
-70.0
-62.504112011
-58.2564421505
-56.4335695706
-70.0
-70.0
-70.0
-70.0
-70.0
-70.0
-70.0
-70.0
-70.0
-70.0
-70.0
-70.0
-70.0
-62.8070856407
-58.7311008372
-56.6611399271
-58.2287076012
-70.0
-70.0
-70.0
-70.0
-70.0
-70.0
-70.0
-70.0
-70.0
-70.0
-70.0
-70.0
-62.9356041949
-58.932446572
-56.8994704458
-56.1163690886
-58.4629611465
-70.0
-70.0
-70.0
-70.0
-70.0
-70.0
-70.0
-70.0
-70.0
-70.0
-70.0
-63.5801749527
-59.9422740926
-58.0947911067
-57.3831416117
-57.3767138609
-58.1206366588
-70.0
-70.0
-70.0
-70.0
-70.0
-70.0
-70.0
-70.0
-70.0
-70.0
-64.2616349134
-61.0098946976
-59.3585207449
-58.7224123485
-58.716666899
-59.4161466774
-70.0
-70.0
-70.0
-70.0
-70.0
-70.0
-70.0
-70.0
-70.0
-70.0
-64.1923345473
-60.9013241241
-59.230007066
-58.5862165956
-58.5804017602
-58.9575661336
-70.0
-70.0
-70.0
-70.0
-70.0
-70.0
-70.0
-70.0
-70.0
-70.0
-64.173290687
-60.871488743
-59.1946912852
-58.5487897676
-58.5429558648
-58.9213569943
-70.0
-70.0
-70.0
-70.0
-70.0
-70.0
-70.0
-70.0
-70.0
-70.0
-63.8926864591
-60.4318754526
-58.6743263336
-57.9973193178
-57.9912044643
-58.3878287368
-70.0
-70.0
-70.0
-70.0
-70.0
-70.0
-70.0
-70.0
-70.0
-70.0
-64.4422825789
-61.2929093736
-59.6935218046
-59.0774385364
-59.0718739576
-59.4328060784
-65.4629809716
-70.0
-70.0
-70.0
-70.0
-70.0
-70.0
-70.0
-70.0
-70.0
-64.9926971306
-62.1552255045
-60.7142350121
-60.1591662163
-60.1541527315
-60.4793395496
-61.320676578
-70.0
