-67.93
-66.067
-63.5703
-61.5966033333
-60.0024985556
-58.689285737
-57.5883818547
-55.8315601301
-54.5597484244
0
-70.0
-70.0
-70.0
-70.0
-67.8756872917
-66.8019100904
-66.3942467665
-65.5798405467
-64.5485354632
-63.4214678977
-62.2745117618
-61.1538543549
-60.0863314322
-59.0862732975
-58.1600293068
-57.3089486022
-56.531335226
-55.8237226927
-56.0016977497
-55.8850928589
-55.5956268291
-55.2120929836
-54.7849029101
-54.3457587691
0
-70.0
-70.0
-70.0
-70.0
-67.939599662
-66.0820394705
-63.5881020399
-61.6154695135
-60.0213743472
-58.7075381026
-57.6056517524
-56.6676648838
-55.8592839332
-55.1556125651
-54.5382226587
0
-70.0
-70.0
-70.0
-70.0
-67.5425143572
-65.4599391596
-63.6717294024
-62.9397459014
-62.045897604
-61.9047253721
-62.2198645206
-61.978285859
-61.4107291334
-60.6665041269
-59.8410856521
-58.9944650455
-58.1633438467
-57.3692263325
-56.623781613
-55.9323887274
-56.1164733719
-56.8197083795
-56.9909924381
-56.8373964586
-56.4939923223
-56.0481500965
-55.5557064244
-55.0517166737
-54.5575989341
-54.0858749926
0
-70.0
-70.0
-70.0
-70.0
-67.934743897
-66.0744321053
-64.3990972935
-63.7105931632
-61.9971375796
-60.5458263102
-59.3001786715
-58.2194507992
-56.4536990492
-55.1557913643
-54.1818537078
0
-70.0
-70.0
-70.0
-70.0
-66.8228190051
-64.3324164413
-62.337094355
-60.7053312914
-59.3460957435
-58.1956845567
-57.208915026
-56.3532228067
-55.6047000483
-54.9454297249
-54.3616865401
0
-70.0
-70.0
-70.0
-70.0
-66.7742403106
-64.2563098199
-62.2470078648
-60.609859763
-59.2505755764
-58.1033192119
-56.3015214195
-54.9870586967
0
-70.0
-70.0
-70.0
-70.0
-67.7680852165
-65.8133335058
-64.9100380293
-63.8477261423
-62.7254148054
-61.6045141764
-60.5218233265
-59.498148039
-58.5440045985
-57.6633850476
-56.8562338155
-56.1200686157
-55.4510338753
-54.8445785685
-54.2958860989
-54.6201410804
0
-70.0
-70.0
-70.0
-70.0
-67.3476762549
-65.1546927994
-63.3104129661
-61.7368313006
-60.3781212579
-59.1936245237
-58.1531389991
-57.233743051
-55.5976473805
-55.2260683988
-54.8055853965
-54.3697760819
0
-70.0
-70.0
-70.0
-70.0
-68.3045184505
-66.6537455724
-65.0848236598
-63.6173097236
-62.2595577045
-61.0129212361
-59.8745086473
-58.0189774724
-56.615026185
-56.3488212064
-55.9541375124
-55.4955227123
-55.0138364084
-54.5343634125
-54.8922008345
-54.9204965933
-54.7501241621
-54.4662298979
-54.1236856762
0
-70.0
-70.0
-70.0
-70.0
-67.7023196724
-65.71030082
-63.9680794813
-63.2538106954
-62.3601224006
-61.3885720104
-60.4026893759
-59.4410701494
-58.5260629418
-57.6695231859
-56.8766152261
-56.1483166094
-55.4830602191
-54.8778043775
-54.32872406
0
-70.0
-70.0
-70.0
-70.0
-69.1354551546
-67.9555464089
-66.6257496145
-65.2503465507
-63.893426494
-62.5928269103
-60.5493729297
-58.1283214436
-56.3814131706
-55.917221101
-55.4181318226
-54.9147405282
-54.4255477339
0
-70.0
-70.0
-70.0
-70.0
-67.9363456798
-66.076941565
-64.4020677106
-62.8937411409
-61.5356204944
-59.4928940901
-57.9274951111
-56.7006725534
-55.7178899336
-54.9142906973
0
-70.0
-70.0
-70.0
-70.0
-68.6278108977
-67.1602370731
-65.6843515426
-65.0726751728
-64.9999135119
-63.6129260649
-62.3036360613
-61.0846075237
-59.9603701503
-58.9304820547
-57.9915331288
-57.1384460023
-56.365312193
-54.8459215009
-54.5694230357
-54.227876522
0
-70.0
-70.0
-70.0
-70.0
-68.4018317292
-66.8062030423
-65.2652857288
-62.9885591498
-61.1662378974
-59.6773038827
-58.4380333444
-57.38986991
-56.491309519
-55.7124629671
-54.2114062704
0
-70.0
-70.0
-70.0
-70.0
-67.8545159594
-66.7687416697
-65.5349857069
-64.253565939
-62.9862618803
-61.7696707157
-60.6240603265
-59.5592254154
-58.5783502882
-56.8605468689
-55.5778465884
-54.5989648672
0
-70.0
-70.0
-70.0
-70.0
-67.8991766639
-66.0187101068
-64.3331398357
-62.8206930118
-61.4625351504
-60.2422225952
-59.1452943089
-58.1589608602
-57.2718620956
-56.4738741003
-55.7559521665
-54.2900006007
0
-70.0
-70.0
-70.0
-70.0
-67.8579796895
-65.9541681802
-64.2567423353
-61.9197287505
-60.0968629746
-58.6432480766
-58.2796375352
-57.7621499593
-57.1695857483
-56.5517276969
-55.9392886094
-54.5305155366
0
-70.0
-70.0
-70.0
-70.0
-67.864609013
-65.9645541203
-65.0890360474
-64.037424002
-63.7352093081
-63.8927068481
-63.5007818105
-62.7922673943
-61.9174164981
-61.7919254104
-61.3002332441
-60.6052101696
-58.9913559858
-58.5199982761
-57.9298503743
-57.2880999542
-56.6367797036
-56.0014282298
-55.3968364045
-54.8308534292
-54.306901863
0
-70.0
-70.0
-70.0
-70.0
-67.8245741587
-65.9018328487
-63.3747936344
-62.2094103179
-61.0798666508
-60.0094782289
-59.0102625681
-58.0870577527
-57.2402329383
-56.4674636184
-55.7648865726
-55.1278441259
-54.5513571871
-54.0304197842
0
-70.0
-70.0
-70.0
-70.0
-67.6874056135
-64.8669354611
-62.655755521
-61.7038557062
-60.7192539605
-59.7478511143
-58.8167477028
-57.9408607325
-57.9472998592
-56.8429200066
-56.7488614282
-56.4441309002
-56.0231548867
-56.3664641157
-56.3369008493
-56.0845995278
-55.7070654173
-56.0869761037
-56.0886899788
-55.8634286379
-55.5094908788
-55.090145194
-54.6455329433
-54.2005811615
0
-70.0
-70.0
-70.0
-70.0
-67.9378662508
-66.0793237928
-64.404887525
-62.8967295135
-61.5386103894
-60.3157852354
-60.0348973017
-59.5085346315
-58.8524325417
-58.1403568697
-57.4184329042
-56.7146640947
-56.8652473393
-56.7034223746
-56.3595466501
-55.9179029936
-55.4323200333
-54.9365595894
-54.4512180034
0
-70.0
-70.0
-70.0
-70.0
-67.9368753359
-66.0777713596
-64.4030499285
-62.8947820722
-61.536661956
-60.3139011544
-59.213114635
-58.2222055688
-56.5102532769
-55.2427401258
-54.2841408976
0
-70.0
-70.0
-70.0
-70.0
-67.3513486779
-65.1604462621
-63.3172232705
-62.5640486999
-61.6700090008
-60.721251548
-59.7712886914
-58.8522680211
-57.9824466848
-57.1711389936
-56.4219830791
-54.9150900944
-54.6437846338
-54.3028752029
0
-70.0
-70.0
-70.0
-70.0
-67.8390013965
-65.9244355213
-64.2215481454
-62.7024307817
-61.3442126707
-60.1278080485
-59.0370383402
-58.8780085705
-58.4633237564
-57.9090687427
-57.2895467764
-57.4715153707
-57.3083126816
-56.9434473121
-56.4697465133
-55.9465344836
-55.4110561163
-54.8860672254
-54.38487165
0
-70.0
-70.0
-70.0
-70.0
-67.8540525561
-65.9480156713
-64.2494596846
-62.7320107698
-60.5538077286
-58.8717589796
-57.5434710976
-56.4717159984
-55.589605739
-54.8506860587
-54.2223113819
0
-70.0
-70.0
-70.0
-70.0
-67.4511363669
-65.3167803081
-63.5022739959
-61.1201610754
-59.2968879539
-57.8696944826
-57.547721917
-57.0796143138
-56.5394292747
-55.9740039421
-55.4122819445
-54.8715060144
-54.3613235892
0
-70.0
-70.0
-70.0
-70.0
-67.9341234064
-66.0734600034
-64.3979466281
-62.8893737154
-61.5312508439
-60.3086687595
-59.2081638836
-58.2175888286
-57.3259908346
-57.3434990104
-56.2658872822
-56.2071240025
-55.941628568
-55.5609436883
-55.9438346376
-56.7721080526
-57.0200018331
-57.731404707
-57.8771996078
-57.6787698947
-57.280419737
-56.7753956511
-57.0432013446
-56.9457780492
-56.6324648036
-56.2000613628
-55.7106172529
-55.2032635452
-54.7020758691
-54.2212940678
0
-70.0
-70.0
-70.0
-70.0
-67.9352170786
-66.0751734231
-65.2199747824
-64.1761897719
-63.0540457732
-61.9222911815
-60.8224953871
-59.7785347309
-59.6228738462
-59.1853815204
-58.5933734077
-58.7483894264
-58.5264527234
-58.0857422775
-57.5284579341
-56.9198053969
-56.3006203613
-54.8757553279
0
-70.0
-70.0
-70.0
-70.0
-67.7043931525
-65.7135492723
-63.971924635
-62.4378856982
-61.0795328128
-59.8718699878
-58.7948766266
-57.8321847223
-56.9701634223
-56.1972785282
-55.5036383075
-54.8806662315
-54.3208607782
0
-70.0
-70.0
-70.0
