-70.0
-69.0
-68.4333333333
-68.1455555556
-68.0347037037
-68.0337024691
-68.0986449794
-69.2009889863
-69.8890290909
-70.0
-70.0
-69.1975308642
-68.7427983539
-68.5118655693
-68.4229103795
-68.4221069197
-69.4482089849
-70.0
-70.0
-69.2962962963
-68.8975308642
-68.6950205761
-61.6170137174
-57.6496424783
-55.6808983189
-54.9769552126
-55.0553575084
0
-70.0
-70.0
-70.0
-70.0
-69.0745735082
-69.5491502036
-69.8489245474
-70.0
-70.0
-63.1968542247
-59.3417382854
-56.3842448409
0
-70.0
-70.0
-70.0
-70.0
-69.6570644719
-69.4627343393
-69.3640451151
-69.3260300767
-69.3256867178
-62.4693485213
-58.6065673193
-56.6686796875
-55.9503244522
-56.9702922993
-58.0165965976
-59.0438259567
-60.0253693736
-59.9472342042
-60.2354452958
0
-70.0
-70.0
-70.0
-70.0
-69.2254229538
-68.786495961
-68.5635898999
-68.4777265999
-68.4769510666
-68.5272540444
-68.6065273629
-68.700540442
-67.8025472662
-67.3369997853
-67.1464379705
-67.127219616
-67.2114479494
-67.3549366844
-67.5291987027
-67.7161159568
-67.9043957775
-68.0872171439
-68.2606693923
-68.4339787196
-68.2568316919
-61.2089263005
-57.2732188557
-55.3360204269
-54.6625006887
-54.7696388229
-55.3416004093
-57.1343722385
-58.6388895947
-59.9203036886
-61.025142022
-55.1085976641
0
-70.0
-70.0
-70.0
-70.0
-68.6336105213
-67.85932315
-68.4583992757
-67.8695323705
-68.1427833706
-68.701974525
-69.0807567334
-69.3386675007
-69.5154583778
-69.6376842914
-69.7230970298
-63.7117688845
-60.3145797012
-59.1546690901
-59.153567087
-59.514453649
-60.0805037979
-60.7507837606
-61.4612589462
-55.4452978555
0
-70.0
-70.0
-70.0
-70.0
-66.768762666
-64.025519672
-62.5787232198
-61.9580212412
-61.8536660127
-62.0625973418
-62.4525362278
-56.1201677493
0
-70.0
-70.0
-70.0
-70.0
-67.9182779825
-61.1213515553
-56.3425761345
0
-70.0
-70.0
-70.0
-70.0
-68.3950617284
-67.4855967078
-66.1115226337
-65.4166941015
-65.1525738455
-65.1556825636
-64.5165559066
-57.4372520916
0
-70.0
-70.0
-70.0
-70.0
-69.3303573575
-68.9508931935
-68.7581849219
-61.866039859
-55.6685514927
0
-70.0
-70.0
-70.0
-70.0
-68.0782487036
-66.9892563023
-67.4361925834
-67.7898145992
-68.0756606554
-68.311312934
-68.50899387
-61.7312540623
-55.606901709
0
-70.0
-70.0
-70.0
-70.0
-70.0
-70.0
-70.0
-70.0
-63.1715185693
-56.9687124253
0
-70.0
-70.0
-70.0
-70.0
-63.1481481481
-59.2654320988
-57.2936213992
-56.5340809328
-55.5857482853
-55.497223754
-55.9275349101
-55.9511000697
0
-70.0
-70.0
-70.0
-70.0
-67.9529009422
-66.7928781428
-59.8183089914
-55.9729572009
0
-70.0
-70.0
-70.0
-70.0
-67.9506766871
-66.7893934765
-66.1996437676
-65.9724724833
-65.97042063
-66.1035088303
-66.3132447895
-66.5619782054
-66.8258189814
-66.1072710108
-65.8058998615
-58.7808661177
-54.9398170008
0
-70.0
-70.0
-70.0
-70.0
-65.6036173348
-59.2234449356
-55.7545599982
-55.0602855406
0
-70.0
-70.0
-70.0
-70.0
-67.7174211248
-67.3654320988
-67.2420576132
-67.2599643347
-59.8302641975
0
-70.0
-70.0
-70.0
-70.0
-66.8271096886
-64.0876661755
-62.6410778619
-62.0184222783
-55.5254219853
0
-70.0
-70.0
-70.0
-70.0
-69.3598983317
-68.997174053
-68.8129670174
-61.9316703156
-57.7385032841
-55.6313196223
-55.5496691416
-55.9823565484
-56.7092237742
-57.5883699839
-57.6173702055
-58.0475246649
0
-70.0
-70.0
-70.0
-70.0
-68.4313141064
-67.5423921
-67.0909591595
-66.9170674232
-66.9154968006
-67.0173712004
-67.1779168003
-67.3683136002
-67.5702745601
-67.7772794865
-67.9755731261
-68.1620302057
-68.3351701132
-68.4945483873
-68.6403570722
-68.7731637141
-60.9543750061
-56.5646226145
-54.3786170923
0
-70.0
-70.0
-70.0
-70.0
-65.8911725471
-58.6369110646
-54.6631238063
0
-70.0
-70.0
-70.0
-70.0
-64.3334224381
-61.1223618197
-59.4916467214
0
-70.0
-70.0
-70.0
-70.0
-66.9259294027
-65.1839560642
-58.2211175585
0
-70.0
-70.0
-70.0
-70.0
-65.2943150267
-62.6277602085
-61.2735686439
-60.7519347504
-60.7472232559
-54.6673627171
0
-70.0
-70.0
-70.0
-70.0
-69.3850084422
-69.0365132261
-68.8595323222
-69.7913593687
-70.0
-70.0
-70.0
-70.0
-63.1316696419
-58.2396275062
-55.3630813079
-54.1250508787
0
-70.0
-70.0
-70.0
-70.0
-67.2626847467
-65.7115394364
-64.9238009357
-64.6203644708
-64.6176237761
-64.7953919001
-66.0752389825
-66.9739725992
-67.6140803493
-68.0776756543
-68.4199103155
-62.5702119374
-59.3080525125
-57.7071551072
-57.1563781605
-57.2540327204
-57.7374910323
-58.3492014627
-59.1045876722
-60.4765553643
-61.6171841342
-62.5809885916
-64.11027535
-65.2241715601
-59.087671185
0
-70.0
-70.0
-70.0
-70.0
-63.0
-55.9962962963
0
-70.0
-70.0
-70.0
-70.0
-65.5418381344
-63.0155464106
-61.732586496
-61.2383909973
-55.1557380311
0
-70.0
-70.0
-70.0
-70.0
-67.1836627463
-65.5877383026
-64.7772590263
-64.4650628263
-64.4622430121
-64.6451430231
-64.9333782623
-66.2578652672
-60.2986860039
-57.0465555792
0
-70.0
-70.0
-70.0
-70.0
-68.9135802469
-68.2979423868
-61.3949885688
-57.5400499924
-55.6424185134
-54.9824256756
-55.0870157838
-55.6468693225
-56.461219135
-57.401121718
-58.3850258772
-59.3625341768
0
-70.0
-70.0
-70.0
-70.0
-63.666365938
-57.7439733029
-54.599071945
0
-70.0
-70.0
-70.0
-70.0
-68.6163186506
-67.8322325526
-67.4340398087
-66.5769524651
-66.1768016434
-66.0641510956
-66.1277557304
-66.2949933203
-65.6505233396
-66.4081472671
-59.9895547626
-56.4720807679
0
-70.0
-70.0
-70.0
-70.0
-66.9018950363
-65.1463022236
-63.2662974818
-56.2845620869
0
-70.0
-70.0
-70.0
-70.0
-66.8313761846
-66.0351460498
-64.7155820621
-64.0999909341
-63.9273032261
-64.0261138272
-63.4820605911
-63.3728932964
-63.5282964764
-56.9181889747
0
-70.0
-70.0
-70.0
-70.0
-69.6076817558
-69.3853680841
-69.2724676116
-69.2289784078
-69.2285856052
-69.2540637368
-69.2942151579
-69.3418321719
-68.4096828379
-67.9034038095
-67.6695229322
-67.6068769747
-66.8465910319
-67.4921076111
-60.9651190722
-57.3500886465
-56.3064378065
-56.1366993757
-56.496966338
0
-70.0
-70.0
-70.0
-70.0
-68.7448559671
-68.0336076818
-67.6724051212
-67.5332700808
-67.5320133872
-67.6135255915
-67.741982061
-67.8943232073
-68.0559171215
-68.2176762327
-68.3741424916
-68.5222174973
-68.6603219174
-68.7878405056
-67.9081824624
-67.4501148877
-67.2602705133
-67.2376882049
-60.3168396132
-56.487102471
-54.6396901034
-54.0432530127
0
-70.0
-70.0
-70.0
-70.0
-69.5216293736
-70.0
-70.0
-69.6127152403
-69.3932538764
-69.2818019289
-69.2388706961
-69.2384829332
-69.2636341777
-69.3032704518
-62.3534341855
-58.4384179528
-56.4747942815
0
-70.0
-70.0
-70.0
-70.0
-68.9300411523
-67.6200274348
-66.5800182899
-59.3431412894
-55.3562437128
0
-70.0
-70.0
-70.0
-70.0
-65.89402712
-63.5673091546
-61.830145848
-61.0601763358
-60.8961887506
-61.1012565745
-54.7940511458
0
-70.0
-70.0
-70.0
-70.0
-69.1879682715
-69.7277905573
-70.0
-63.385916781
-57.3046029569
0
-70.0
-70.0
-70.0
-70.0
-69.1007761079
-68.5912159024
-68.332439249
-68.2327586153
-69.2267200502
-69.8488729094
-70.0
-70.0
-70.0
-70.0
-69.0718058874
-68.5458292236
-68.2787155845
-68.1758235482
-68.1748942082
-61.2372785645
-56.0257592129
0
-70.0
-70.0
-70.0
-70.0
-68.4993141289
-67.6489254687
-67.2170614236
-67.0507076157
-67.0492050771
-67.1466633848
-67.3002495898
-67.4823929932
-59.7375791813
-55.4327715881
0
-70.0
-70.0
-70.0
-70.0
-69.531979178
-69.2667673789
-69.1320813868
-69.080200412
-68.0912928333
-60.6155232848
-55.1095265118
0
-70.0
-70.0
-70.0
-70.0
-69.7908855357
-69.6723873393
-69.6122088435
-69.5890281179
-69.5888187453
-69.6023991635
-69.6238007757
-69.6491817171
-69.6761042247
-69.7030542552
-69.7291224649
-69.7537926419
-69.7768016601
-69.7980470156
-69.8175259951
-69.8352958496
-68.8515073039
-68.2995172663
-68.0250060015
-67.926132376
-67.9359371214
-68.0106220646
-69.1216862252
-69.8176018474
-70.0
-70.0
-70.0
-70.0
-70.0
-70.0
-70.0
-70.0
-63.1960084254
-59.3404131997
-57.3823756244
-57.5696128949
-58.096301494
-57.8093050895
-58.0434637437
-58.5825101449
-58.582817277
0
-70.0
-70.0
-70.0
-70.0
-69.122085048
-68.6245999086
-68.3719554946
-68.2746369964
-68.2737579976
-69.3134304685
-63.0410467417
-59.5095816142
-57.7403831506
-57.0875179674
-56.1277373641
-56.0142777566
-56.4123927336
-57.104181962
0
-70.0
-70.0
-70.0
-70.0
-65.3333333333
-62.1333333333
-60.4755555556
-59.2428148148
-58.8617432099
-59.0043754733
0
-70.0
-70.0
-70.0
-70.0
-69.4115226337
-62.137037037
-58.59
0
-70.0
-70.0
-70.0
-70.0
-69.012345679
-67.5843621399
-60.2177869227
0
-70.0
-70.0
-70.0
-70.0
-68.6388830871
-67.8675835031
-67.4758843025
-67.3250019722
-67.3236391749
-60.5334242334
-54.4415144607
0
-70.0
-70.0
-70.0
-70.0
-69.0521262003
-68.5149977138
-68.2422206981
-68.9396162678
-69.3933997341
-69.6858898227
-69.8718542152
-69.9877043768
-70.0
-69.0718058874
-61.5564862954
-57.3287449971
-55.2144753848
-54.438764438
-54.492045722
0
-70.0
-70.0
-70.0
-70.0
-66.8783428282
-65.1094037641
-58.5937762496
-55.0646071993
0
-70.0
-70.0
-70.0
-70.0
-67.2016460905
-65.6159122085
-64.810608139
-58.4222161256
-54.9751070467
0
-70.0
-70.0
-70.0
-70.0
-70.0
-70.0
-70.0
-70.0
-69.0068643556
-68.4440874904
-68.1582851216
-68.0481941963
-67.2447306988
-59.8651519822
-56.7675256729
-54.6463286611
0
-70.0
-70.0
-70.0
-70.0
-67.8966620942
-66.7047706142
-66.0994767058
-66.8489762739
-67.403710139
-67.8230934535
-68.1472869937
-68.403560218
-69.4788515692
-63.1953494207
-57.3187364842
-54.2154775062
0
-70.0
-70.0
-70.0
-70.0
-69.6162295458
-69.3987596218
-69.2883190133
-69.2457773478
-69.2453931035
-69.2703161202
-70.0
-70.0
-70.0
-70.0
-70.0
-70.0
-70.0
-69.0564225628
-62.4841136399
-58.7912578315
-56.9491690854
-55.476474399
-55.0769751073
-55.3347096953
-55.9781934583
-57.773149604
-59.2576849713
-59.5942748545
-60.1430862893
-60.8009369405
-61.5022827665
-55.2423151209
0
-70.0
-70.0
-70.0
-70.0
-69.2614796374
-68.8429847653
-68.6304550165
-68.5485886667
-61.669239944
-57.8193227123
-55.9153949495
-54.2502324734
0
-70.0
-70.0
-70.0
-70.0
-65.3333333333
-58.8
0
-70.0
-70.0
-70.0
-70.0
-67.8527663466
-66.6360006097
-66.0180744805
-65.7800496537
-65.7778997691
-65.9173465127
-66.1371030085
-66.397720139
-66.6741664127
-60.0048467228
-56.3364266849
-54.5908271059
-54.057106455
0
-70.0
-70.0
-70.0
-70.0
-63.131598138
-58.2395631527
-55.6963567232
0
-70.0
-70.0
-70.0
-70.0
-67.4970278921
-66.0786770309
-65.3583772799
-65.0809181866
-57.7045136107
0
-70.0
-70.0
-70.0
-70.0
-69.7421124829
-69.5959762231
-69.5217619265
-69.4931746177
-68.5102579417
-67.9701660047
-60.7677234021
-56.7540003938
-54.787299909
-54.1143696212
-54.2401324611
0
-70.0
-70.0
-70.0
-70.0
-66.8818581817
-66.1144600584
-65.7835391825
-66.2810909064
-60.3181260436
-57.0630762578
-55.5412771777
-55.110155157
-55.3478101061
-56.8910179101
-58.2539086622
-59.4631794914
-60.5399693392
-61.5013776032
-62.3615099749
-63.132205732
-63.8235496619
-64.4442376978
-58.0258210078
-55.5565687636
-54.556465125
-54.4711874376
0
-70.0
-70.0
-70.0
-70.0
-69.2098764076
-68.7621397052
-67.5347597539
-66.8805064579
-66.5919375985
-66.5323983628
-66.6122615427
-66.7731040658
-66.0649642727
-66.7678227671
-67.2972771048
-67.7050404705
-68.026197141
-61.2894210483
-56.6254995196
-54.2729632851
0
-70.0
-70.0
-70.0
-70.0
-63.2377686328
-59.4058375248
-57.4598176091
-57.6224202442
-58.1325678171
-58.8342374336
-59.6274312891
-60.4490998927
-61.2604643918
-62.0386009449
-63.7123351818
-65.2594978845
-66.3458122433
-60.1553747348
-57.4729701088
-56.2810949963
-56.5788223178
-57.2048313001
-58.0069423129
-58.8879775101
-59.786999378
0
-70.0
-70.0
-70.0
-70.0
-65.350673318
-63.704493845
-62.9266363663
-62.6957006669
-57.426130295
-54.683517062
0
-70.0
-70.0
-70.0
-70.0
-69.7878372021
-69.6676116166
-69.6065558781
-69.583037239
-69.5828248143
-69.596603199
-69.6183167898
-69.644067718
-69.6713826843
-69.6987255746
-69.7251737897
-69.7479199343
-69.7699702899
-69.7908681603
-69.1066742402
-68.7259354134
-68.5399609369
-61.4774600421
-57.5240441705
-55.5678598419
-54.8752205833
-54.0223240055
-54.0431752586
-54.5875801686
-55.4279704422
-55.6154697892
-56.2074537378
-57.022395649
-57.9439476074
-58.8987471955
-59.8416687086
-60.7460326594
-61.597116608
-62.3878630902
-64.1159597717
-65.3489524549
-66.243782983
-59.9079936343
-56.4429202374
-54.8157788579
0
-70.0
-70.0
-70.0
-70.0
-69.0894495917
-68.573471027
-62.7159902671
-59.4443021356
-57.8331458522
-57.2720138871
-57.3596009118
-57.8334997628
-58.5233890814
-59.3198763698
-60.1537728639
-60.9823183315
-62.7626934711
-57.1530892455
-54.2155570686
0
-70.0
-70.0
-70.0
-70.0
-70.0
-69.3935375705
-69.0498755271
-68.8753491168
-68.8081216334
-61.8614658487
-57.9647568496
-56.0279062218
-54.3900599678
0
-70.0
-70.0
-70.0
-70.0
-67.8415599181
-66.6184438717
-59.9191034811
-57.2345141714
0
-70.0
-70.0
-70.0
-70.0
-68.7027917876
-67.9677071338
-67.5943994371
-67.4506015046
-66.4497537878
-65.9675866982
-65.2571446656
-64.9889746239
-64.995106778
-65.1656158446
-65.429067423
-64.8711900321
-64.7074239299
-64.7855834708
-64.302589376
-64.2027066066
-64.336020058
-64.6048074603
-64.945919653
-65.3190563135
-65.698969766
-66.070285512
-59.4242502525
-55.7891540883
-54.0817912536
0
-70.0
-70.0
-70.0
-70.0
-67.037037037
-65.3580246914
-63.637037037
-63.6848559671
-57.5385925926
-54.2662148148
0
-70.0
-70.0
-70.0
-70.0
-63.0
-59.0333333333
-57.0188888889
-56.2429259259
-56.235917284
-55.7295332983
-55.9013851303
-57.4571085285
-58.8086389499
0
-70.0
-70.0
-70.0
-70.0
-68.6497993192
-66.90202713
-65.9566295788
-65.5241700622
-58.6870177796
0
-70.0
-70.0
-70.0
-70.0
-64.6676816259
-61.6460345472
-60.1115118151
-59.5204144487
-59.5150755472
-59.8613696881
-60.4071005163
-61.0543023294
-61.7408133396
-62.4280261677
-63.0927529924
-56.7757820805
-54.4263989747
0
-70.0
-70.0
-70.0
-70.0
-68.7046243528
-61.8923888523
-58.075301257
-56.1825386579
-56.4901216132
-57.4583339993
0
-70.0
-70.0
-70.0
-70.0
-68.7215363512
-67.9970736168
-67.629160189
-68.4614278311
-69.0120741554
-69.3753928114
-62.6951313842
-58.9304701485
-57.0406577354
-56.338748363
-56.3729777942
0
-70.0
-70.0
-70.0
-70.0
-67.9303875175
-61.1403231602
-57.3616071071
-54.5158577241
0
-70.0
-70.0
-70.0
-70.0
-62.912342162
-58.8960027204
-56.8563322982
0
-70.0
-70.0
-70.0
-70.0
-69.0781893004
-68.555829904
-68.2905532693
-68.1883688462
-68.1874458975
-68.2473105983
-68.3416523989
-67.4650967525
-68.015952793
-67.8570457686
-67.8331333617
-68.5947185092
-68.3948086104
-61.3331055271
-57.3849801596
0
-70.0
-70.0
-70.0
-70.0
-69.065183153
-67.5614659012
-66.4071866868
-65.8343796019
-65.6295493642
-65.6523329095
-65.0084561372
-64.7885148692
-64.8302662795
-64.3239378793
-64.2093429099
-64.3336078312
-65.5968460372
-58.7038281001
-54.9445564012
0
-70.0
-70.0
-70.0
-70.0
-68.8673982625
-68.2255906112
-67.8996530001
-67.774102
-67.772968
-67.846522
-67.962437
-68.0999047667
-68.2457219344
-60.4471620359
-57.069112499
-55.4733123602
-55.0000551982
-55.2160990611
-55.8385220768
0
-70.0
-70.0
-70.0
-70.0
-67.9317064359
-61.1423894656
-57.3640529679
-55.5182493037
-54.8934921284
-55.0221880856
-54.5996810163
-54.8595207408
-55.5201072175
0
-70.0
-70.0
-70.0
-70.0
-67.8498704466
-60.7315500686
-56.7695061728
-54.8332962963
-54.1771271605
0
-70.0
-70.0
-70.0
-70.0
-66.8888888889
-65.1259259259
-64.230617284
-63.885744856
-63.0143171468
-62.7243166164
-56.0659681738
0
-70.0
-70.0
-70.0
-70.0
-64.6718048978
-61.6524943398
-60.1191581937
-59.5285178996
-59.5231831265
-59.8692094917
-60.4145183278
-61.0612196852
-61.7471998435
-62.433881277
-63.0980940945
-63.7266853152
-57.3489181547
-54.9439341852
-54.002812664
0
-70.0
-70.0
-70.0
-70.0
-69.5878677031
-69.3543260682
-69.2357235516
-69.1900379233
-68.2286437245
-67.7108524144
-68.4713443168
-68.9785946477
-69.3169916913
-69.542796861
-68.7813115627
-68.0317099983
-68.5597672312
-68.9246093299
-69.1793609448
-61.5577211466
-54.5994798961
0
-70.0
-70.0
-70.0
-70.0
-69.1065047672
-68.600190802
-68.3430627294
-68.2440171283
-68.24312253
-68.3011483533
-68.3925922355
-68.5010388237
-68.6160721491
-68.7312230728
-68.8426061912
-68.9480158558
-69.0463277928
-68.1386264674
-67.6560514565
-67.4446380682
-60.4039043665
-54.1660006666
0
-70.0
-70.0
-70.0
-70.0
-69.6644143
-62.8839427142
-59.0528616723
-57.1191176581
-56.3882339943
-56.4034293295
-56.865765553
-57.580975102
-58.424068328
-59.3157886527
0
-70.0
-70.0
-70.0
-70.0
-69.744816365
-69.6002123051
-62.9364697699
-59.1736752565
-58.1451887971
-57.9232572949
-58.1926564837
-58.7478741142
-59.4560755554
-60.2324605683
-61.0238762237
-61.7979297428
-55.6571549056
0
-70.0
-70.0
-70.0
-70.0
-67.9293513865
-66.7559838389
-66.1600971823
-65.930561949
-65.928488744
-66.0629618629
-59.4569664029
-55.8448035802
-54.1493457672
0
-70.0
-70.0
-70.0
-70.0
-63.0000117339
-59.0333517164
-57.0189106487
-55.2429489865
-54.6692736896
-54.8360927218
-55.4416477171
-57.2902584369
-58.8230829209
-60.115341514
-61.220185286
-62.1757520397
-63.0099003572
-56.7793602868
0
-70.0
-70.0
-70.0
-70.0
-69.8283815392
-68.7321460373
-61.3897956311
-57.2713921997
-55.2246370675
-54.489096086
-54.5648016275
-55.1247315648
-55.9565318084
-56.9237275609
-58.9322134138
-60.5062311451
-54.888491455
0
-70.0
-70.0
-70.0
-70.0
-70.0
-63.9993233605
-60.5989399315
0
-70.0
-70.0
-70.0
-70.0
-69.0050297211
-67.5290047249
-66.392422903
-66.8133848499
-67.172182523
-60.6031124188
-57.6786036461
-56.3346115942
-55.98372931
-56.2404089624
0
-70.0
-70.0
-70.0
-70.0
-68.6381580144
-67.8664475559
-61.089080162
-57.3196903869
-55.480733509
-54.8613349319
-54.9943179546
0
-70.0
-70.0
-70.0
-70.0
-65.333494217
-61.6891673414
-59.7795989713
-58.9745379835
-58.8590167914
-59.1610701831
-60.7035822777
-61.0267616204
-61.5197771721
-62.0982605973
-62.7087419659
-56.3720241479
0
-70.0
-70.0
-70.0
-70.0
-69.5336076818
-61.8765432099
-55.2197530864
0
-70.0
-70.0
-70.0
-70.0
-69.3442734001
-68.9726949934
-68.7839914497
-68.7113029418
-68.7106464056
-68.7532309371
-68.8203406247
-68.8999284165
-68.9843501443
-69.0688581762
-69.1506010561
-62.2350647968
-58.3445742147
0
-70.0
-70.0
-70.0
-70.0
-67.9258980578
-66.7505736238
-60.0755038756
-56.4012785641
-54.6500340918
-54.1109566085
-54.3171448983
-54.9636197089
-56.5564209753
0
-70.0
-70.0
-70.0
-70.0
-68.573388203
-67.7649748514
-67.3544276787
-67.1962851191
-66.220869041
-65.761590426
-65.6273035762
-65.6924880138
-65.0727132734
-65.8628076618
-59.8320824511
-54.2192445764
0
-70.0
-70.0
-70.0
-70.0
-69.4179749022
-69.0881606801
-68.9206667909
-68.8465140477
-68.8404719335
-68.319942045
-68.0636260437
-61.8128189949
-58.3352407991
-56.6375191883
-56.0643022489
0
-70.0
-70.0
-70.0
-70.0
-69.0926405753
-68.5784702347
-68.3173523558
-61.4898989795
-55.3437636544
0
-70.0
-70.0
-70.0
-70.0
-69.0896143303
-69.5734283888
-69.8779358776
-69.1525006702
-68.7454895234
-69.345568987
-69.7274310323
-63.0016015093
-59.1993837452
-57.2780736286
0
-70.0
-70.0
-70.0
-70.0
-68.799234534
-61.7333412364
-57.7693605499
-54.8864516149
0
-70.0
-70.0
-70.0
-70.0
-70.0
-70.0
-63.9609815577
-60.538871107
-54.9120869109
0
-70.0
-70.0
-70.0
-70.0
-63.0374960035
-56.7587437388
-54.4155260587
0
-70.0
-70.0
-70.0
-70.0
-64.5308641975
-61.4316872428
-59.8577914952
0
-70.0
-70.0
-70.0
-70.0
-68.9542094042
-68.4442479974
-67.8567962201
-67.5757652797
-60.6700406036
-56.8376044444
-54.9768892675
-54.3612305191
-54.513127586
-55.1204949067
-56.9548865073
-58.4903585841
-60.3508520996
-61.7887864723
-62.9252542134
-63.8429597177
-64.5988176963
-65.2323718936
-64.7729477877
-64.6715283979
-65.7492740418
-66.5376122934
-66.3235590321
-66.3176751076
-66.436888916
-66.6271875705
-66.8537938442
-67.0946311469
-67.335979157
-67.5695886578
-67.7907680697
-67.9971167812
-68.187688782
-68.3624423565
-68.5218797559
-61.6668372075
-57.8315837715
-54.9383292425
0
-70.0
-70.0
-70.0
-70.0
-63.1646090535
-58.3790123457
-55.8950205761
0
-70.0
-70.0
-70.0
-70.0
-67.5925925926
-66.2283950617
-65.5355967078
-65.2687311385
-65.266320759
-65.4226638394
-65.6690475596
-66.9027152096
-67.0910529792
-66.9676872083
-60.0486962653
-56.2290118239
0
-70.0
-70.0
-70.0
-70.0
-69.4846314078
-69.1925892056
-69.0442775774
-68.9871480145
-69.9814937786
-70.0
-70.0
-63.9922926534
-60.5879251569
-58.8590404872
-58.1930750024
-58.1870598782
-58.5772154743
-59.1920683162
-59.9212444108
-60.6947085872
-61.4689634735
-62.2178842894
-61.9267297408
-63.0134386737
-63.3427938554
-63.4289805026
-63.6997264741
-57.0828402464
0
-70.0
-70.0
-70.0
-70.0
-66.9432674558
-65.2111190142
-64.3314593153
-63.9926148522
-57.3992479902
0
-70.0
-70.0
-70.0
-70.0
-69.2666090874
-68.8510209035
-68.6399672965
-67.5638077868
-66.999318488
-66.7606476259
-66.725423521
-66.8134416074
-66.9724710724
-67.1688063822
-67.3809806888
-67.5955859164
-67.8044961891
-68.9996003257
-69.7500094634
-70.0
-70.0
-70.0
-63.1294035845
-56.9027322824
0
-70.0
-70.0
-70.0
-70.0
-65.2093534372
-62.4946537182
-61.1160120963
-54.9676761026
0
-70.0
-70.0
-70.0
-70.0
-69.2539727766
-68.8312240166
-68.6165339601
-68.5338354609
-61.654479222
-57.8050495047
0
-70.0
-70.0
-70.0
-70.0
-68.6157638296
-66.8323782923
-65.8679343601
-65.4270035222
-65.3148782353
-59.5858595476
-56.49558635
-55.6471251087
-55.616477527
-56.077539727
-56.8182590562
-57.7020820184
0
-70.0
-70.0
-70.0
-70.0
-69.3729631579
-63.4346518829
-60.0905100551
-58.4143412899
-58.4985323582
-58.9324292539
-59.5616864162
-60.2871844997
-61.0462438664
-60.8001776264
-60.9591986282
-62.2974436115
-63.3571424811
-64.2143903869
-64.9215927841
-65.5151944629
-66.0208489881
-59.4675371422
-55.8866321299
-55.1695162759
-55.233596221
-55.7642576473
-56.5571792482
-57.4810262338
-59.3209463079
-60.1157225809
-60.9220642587
-61.7084671234
-62.4566932715
-63.1570725179
-62.9370848913
-56.9767097355
0
-70.0
-70.0
-70.0
-70.0
-67.4970278921
-66.0786770309
-65.3583772799
-65.0809181866
-65.0784121244
-65.2409614163
-64.5022638419
-64.2423031693
-64.6966821429
-65.146086789
-65.5775266837
-65.9838063977
-66.3614473462
-65.8410042466
-65.6673715786
-65.7076129252
-58.8795737787
-56.1274188699
-54.9385452957
-54.7272696413
-55.1095952606
-55.8353374568
-55.7689504876
-56.2034866231
-56.9240920836
-57.7923189572
0
-70.0
-70.0
-70.0
-70.0
-69.49662145
-69.9150773087
-70.0
-70.0
-70.0
-70.0
-70.0
-70.0
-70.0
-63.1968542247
-59.3417382854
-57.3839441123
-55.6300032904
-55.0566386877
-55.2107319697
-55.79616354
-56.6208836975
-57.5616863354
-58.5407783736
-59.5102076508
-60.441524962
-61.3189311834
-62.1347438768
-63.8857300574
-58.1561163717
-55.6686998368
-54.6539599213
-54.5566506412
-55.0130433852
-54.7874592113
-55.1591933999
-55.8769274664
-56.7783369908
-57.7599048057
-58.7568486678
-59.7297866961
0
-70.0
-70.0
-70.0
-70.0
-68.9480244965
-68.3519050444
-68.0491698718
-68.9321053461
-69.4974631192
-69.8534290124
-70.0
-69.1435794378
-69.5265872097
-69.7721722993
-62.9431032175
-58.2784225254
-55.8703333592
-54.8964687476
-55.7278095272
-56.7023536773
-57.7303350448
-58.7561126972
-58.8049031955
-59.207347388
-59.8085689905
-60.509016319
-61.2456508388
-61.9794431894
-62.6870704935
-63.3554111928
-63.0169203482
-63.0465951632
-63.2961802135
-64.6671082449
-66.0007614556
-67.2675946668
-68.1187747713
-69.2477458972
-69.9502037095
-70.0
-70.0
-70.0
-70.0
-70.0
-63.1282617554
-59.2342767501
0
-70.0
-70.0
-70.0
-70.0
-67.1234567901
-66.3617283951
-66.0259670782
-65.9569780521
-66.0503520348
-65.3697185993
-65.1156812514
-59.1596686818
-55.9474055173
-54.4884674347
-54.1301556707
-54.4441634232
-55.1510959606
-56.0702189511
-57.0860187803
-58.1259647185
-59.1457334575
-60.1194035856
-61.0329588763
-61.8799934215
-63.6537428035
-64.9295343392
-65.8640247827
-66.5625848893
-67.096301457
-66.5136220777
-66.2802270476
