-70.0
-70.0
-69.0
-68.4333333333
-68.1455555556
-68.0347037037
-68.0337024691
-70.0
-70.0
-70.0
-70.0
-70.0
-70.0
-70.0
-70.0
-70.0
-70.0
-63.7635823851
-61.2296124034
-56.1126877787
0
-70.0
-70.0
-70.0
-70.0
-70.0
-70.0
-70.0
-70.0
-70.0
-70.0
-70.0
-70.0
-70.0
-70.0
-63.3438088931
-58.1562293897
-62.1320868292
-67.5505141927
-70.0
-70.0
-70.0
-70.0
-70.0
-70.0
-70.0
-70.0
-70.0
-70.0
-70.0
-70.0
-70.0
-70.0
-70.0
-70.0
-70.0
-70.0
-70.0
-70.0
-70.0
-63.1826328313
-56.9861247691
-54.112064495
-62.3521013557
-70.0
-70.0
-70.0
-70.0
-68.5490571718
-67.7268562359
-67.3093071331
-67.1484674337
-67.1470146996
-60.2947405115
-56.5068846483
-55.6839299081
-55.6673594004
-57.2265510191
-68.0026196365
-70.0
-70.0
-70.0
-70.0
-70.0
-70.0
-70.0
-70.0
-70.0
-70.0
-63.156862959
-59.2790853024
-58.3082600928
0
-70.0
-70.0
-70.0
-70.0
-70.0
-70.0
-70.0
-70.0
-68.0956739304
-64.683222491
-62.8129775443
-61.9303979915
-61.6698369934
-61.7911724948
-62.1376013791
-56.5026118495
-59.3657059895
-70.0
-70.0
-70.0
-70.0
-70.0
-67.7794474024
-66.5211342637
-64.8821163944
-64.069301793
-63.7793029723
-63.8126602476
-64.0389192711
-64.3733773762
-64.7616063267
-69.1033817056
-70.0
-70.0
-70.0
-70.0
-70.0
-70.0
-67.6688409186
-66.3478507725
-66.2325505479
-66.2889520616
-66.4464945678
-66.6594702525
-66.898606655
-67.1454682746
-67.9698712857
-70.0
-70.0
-70.0
-70.0
-70.0
-70.0
-70.0
-70.0
-70.0
-70.0
-63.7704511073
-60.2403734014
-58.4476476645
-59.6903708666
-66.2205825476
-70.0
-70.0
-70.0
-70.0
-70.0
-68.8651837744
-68.2221212466
-67.895546355
-67.7697498749
-67.7686136577
-61.7641221717
-58.435956541
-56.8245252779
-56.2968490108
-56.9236967628
-62.3991785648
-70.0
-70.0
-70.0
-70.0
-70.0
-70.0
-70.0
-70.0
-70.0
-70.0
-70.0
-70.0
-63.7160560143
-59.2868416652
-56.9864183335
-56.0399503901
-56.3109599644
-56.8834830454
-69.6607928126
-70.0
-70.0
-70.0
-70.0
-70.0
-65.9993305215
-61.3989511503
-58.9254251559
-56.8138875415
-55.9865020548
-55.9571873609
-56.4076922993
0
-70.0
-70.0
-70.0
-70.0
-70.0
-70.0
-70.0
-70.0
-70.0
-70.0
-70.0
-69.8836992389
-70.0
-70.0
-70.0
-70.0
-70.0
-70.0
-70.0
-70.0
-70.0
-70.0
-70.0
-70.0
-70.0
-70.0
-70.0
-70.0
-65.7514017141
-70.0
-70.0
-70.0
-70.0
-70.0
-70.0
-70.0
-70.0
-70.0
-70.0
-70.0
-70.0
-63.4937262474
-59.8068377875
-57.9344767854
-57.2132442913
-63.2992067399
-70.0
-70.0
-70.0
-70.0
-70.0
-69.8287350875
-69.7316849704
-69.6823987344
-69.6634137017
-68.6892545202
-69.1311089974
-69.4251847171
-70.0
-69.6599841766
-70.0
-70.0
-70.0
-70.0
-70.0
-70.0
-70.0
-70.0
-70.0
-70.0
-70.0
-63.0348949646
-59.0880021112
-57.0835996621
-59.0929940759
-70.0
-70.0
-70.0
-70.0
-70.0
-70.0
-70.0
-70.0
-70.0
-70.0
-70.0
-69.4369664007
-68.7845806945
-68.4336632476
-63.4667404486
-70.0
-70.0
-70.0
-70.0
-70.0
-70.0
-66.3372375707
-63.2790137239
-61.6681122918
-60.9793010228
-60.1630005236
-61.0011201798
-61.8039546342
-62.558856819
-58.214954454
-61.421123567
-70.0
-70.0
-70.0
-67.7235315807
-66.4335328098
-65.7784157869
-65.526065047
-65.5237857681
-65.6716253418
-65.9046082414
-66.1809110397
-59.7471247802
-58.4278838347
-68.8567172969
-70.0
-70.0
-70.0
-70.0
-70.0
-70.0
-70.0
-70.0
-69.9029688761
-69.8479845725
-69.8200611713
-70.0
-63.7637525032
-60.543499048
-69.5427175612
-70.0
-70.0
-70.0
-70.0
-70.0
-70.0
-70.0
-70.0
-70.0
-70.0
-69.7395243602
-70.0
-70.0
-70.0
-70.0
-70.0
-70.0
-70.0
-70.0
-70.0
-70.0
-70.0
-70.0
-70.0
-70.0
-64.1521317781
-60.8383397857
-55.2665643752
0
-70.0
-70.0
-70.0
-70.0
-70.0
-70.0
-70.0
-70.0
-70.0
-70.0
-70.0
-70.0
-70.0
-70.0
-70.0
-69.4260001589
-70.0
-70.0
-70.0
-70.0
-70.0
-70.0
-70.0
-67.9567625576
-67.667240764
-67.5712863291
-67.5946707905
-67.6888791077
-67.8224414611
-67.9751641577
-68.1342923038
-68.291959448
-70.0
-70.0
-70.0
-70.0
-70.0
-70.0
-70.0
-70.0
-65.5848297317
-63.0828999129
-61.8123120246
-56.3969562982
0
-70.0
-70.0
-70.0
-70.0
-70.0
-70.0
-70.0
-70.0
-70.0
-69.7283229164
-69.2410392357
-68.9739677195
-68.8479258857
-69.1069104475
-69.2920708362
-69.4267647083
-69.5266888746
-69.6024204119
-70.0
-70.0
-70.0
-70.0
-70.0
-67.8281619232
-67.5858926597
-67.5210013463
-62.6387739207
-59.9548116681
-54.7903850387
0
-70.0
-70.0
-70.0
-70.0
-70.0
-70.0
-70.0
-70.0
-70.0
-70.0
-64.9177803831
-58.704611705
-55.3532234413
0
-70.0
-70.0
-70.0
-70.0
-70.0
-70.0
-70.0
-70.0
-70.0
-70.0
-70.0
-70.0
-70.0
-70.0
-70.0
-63.5072958751
-59.828096871
-59.2762569954
-63.2796799932
-70.0
-70.0
-70.0
-70.0
-70.0
-70.0
-70.0
-70.0
-70.0
-70.0
-70.0
-70.0
-70.0
-69.5425268758
-70.0
-70.0
-70.0
-70.0
-70.0
-70.0
-70.0
-70.0
-70.0
-64.6280083197
-59.2505463676
-56.3823843173
-55.9837203672
0
-70.0
-70.0
-70.0
-70.0
-70.0
-70.0
-70.0
-70.0
-70.0
-70.0
-64.957971395
-62.1008218522
-60.6498380648
-60.0909198568
-60.0858716035
-60.4133135981
-55.1239717988
-60.4725936434
-70.0
-70.0
-70.0
-70.0
-70.0
-70.0
-64.4927225105
-61.3719319331
-60.5895289914
-55.8411770007
0
-70.0
-70.0
-70.0
-70.0
-70.0
-70.0
-70.0
-70.0
-70.0
-70.0
-65.832035469
-63.4701889014
-62.2707413308
-61.8087147441
-62.8030191951
-57.8285951074
-60.9194693761
-67.9628175877
-70.0
-70.0
-70.0
-70.0
-70.0
-70.0
-70.0
-64.0406078006
-60.6636188876
-58.007165907
-56.8130552551
-56.5361536888
0
-70.0
-70.0
-70.0
-70.0
-70.0
-70.0
-70.0
-67.2467295755
-65.6865430016
-64.8942129572
-64.589007832
-64.5862511625
-64.7650554553
-65.0468361825
-65.6163228724
-70.0
-70.0
-70.0
-70.0
-70.0
-70.0
-70.0
-70.0
-70.0
-70.0
-70.0
-70.0
-70.0
-70.0
-70.0
-70.0
-70.0
-70.0
-70.0
-70.0
-70.0
-70.0
-70.0
-70.0
-70.0
-70.0
-70.0
-70.0
-70.0
-70.0
-70.0
-70.0
-70.0
-70.0
-70.0
-70.0
-70.0
-70.0
-70.0
-70.0
-64.2036609373
-60.9190688018
-59.2510112271
-59.7800677594
-65.216772394
-70.0
-70.0
-70.0
-65.1992852466
-62.4788802197
-61.0973411962
-60.5651730756
-61.5343541391
-61.40147646
-61.6083673039
-63.2940643372
-70.0
-70.0
-70.0
-70.0
-70.0
-70.0
-70.0
-70.0
-70.0
-70.0
-70.0
-70.0
-69.3494663742
-70.0
-70.0
-70.0
-70.0
-70.0
-70.0
-70.0
-70.0
-70.0
-70.0
-70.0
-70.0
-70.0
-70.0
-70.0
-70.0
-70.0
-70.0
-70.0
-70.0
-70.0
-70.0
-63.8356341928
-60.3424935687
-58.5685260753
-63.0720974847
-70.0
-70.0
-70.0
-70.0
-70.0
-70.0
-66.3022555689
-64.206867058
-63.1427383828
-62.732836565
-62.7291342554
-63.9302566189
-64.8532548163
-66.1341674631
-70.0
-70.0
-70.0
-70.0
-70.0
-70.0
-70.0
-70.0
-70.0
-70.0
-64.1934177775
-58.5696878514
-55.5764603007
0
-70.0
-70.0
-70.0
-70.0
-70.0
-70.0
-70.0
-70.0
-70.0
-70.0
-70.0
-70.0
-70.0
-70.0
-70.0
-70.0
-70.0
-70.0
-70.0
-70.0
-70.0
-70.0
-70.0
-67.8261544264
-64.260975268
-62.3131685974
-61.4007123084
-61.1398814581
-61.2787202326
-61.6527328229
-61.647917639
-63.6491507856
-70.0
-70.0
-70.0
-70.0
-70.0
-70.0
-70.0
-70.0
-70.0
-70.0
-70.0
-70.0
-70.0
-70.0
-70.0
-70.0
-70.0
-70.0
-70.0
-70.0
-67.150328602
-65.8688481431
-60.348835444
-57.3585333097
-56.1338824003
-55.8612957746
0
-70.0
-70.0
-70.0
-70.0
-70.0
-70.0
-70.0
-70.0
-70.0
-65.3831413036
-62.0632176719
-60.3358229039
-59.6215252796
-59.5388958623
-59.8380216833
-65.3870351731
-70.0
-70.0
-70.0
-70.0
-70.0
-70.0
-70.0
-70.0
-70.0
-70.0
-70.0
-70.0
-70.0
-70.0
-70.0
-70.0
-70.0
-70.0
-70.0
-70.0
-70.0
-70.0
-70.0
-64.4526734452
-61.1116627484
-59.4033342387
-59.2871148804
-54.335679621
-55.3991722917
-70.0
-70.0
-70.0
-70.0
-70.0
-70.0
-70.0
-70.0
-70.0
-70.0
-70.0
-70.0
-70.0
-70.0
-70.0
-70.0
-70.0
-70.0
-70.0
-70.0
-70.0
-70.0
-70.0
-70.0
-70.0
-69.4680895888
-69.1666736892
-64.2799888476
-70.0
-70.0
-70.0
-70.0
-70.0
-70.0
-70.0
-70.0
-70.0
-70.0
-64.500070498
-61.3834437803
-59.8006862903
-59.1910089199
-59.1855022004
-61.6903316244
-70.0
-70.0
-70.0
-70.0
-70.0
-70.0
-70.0
-66.9830311231
-62.9400820928
-60.7496432716
-59.7437252031
-59.4820501886
-58.6756699084
-58.9232727742
-64.4846438578
-70.0
-70.0
-70.0
-70.0
-70.0
-70.0
-70.0
-70.0
-70.0
-70.0
-70.0
-69.6829558516
-70.0
-70.0
-70.0
-70.0
-70.0
-70.0
-70.0
-70.0
-70.0
-70.0
-63.9285922523
-60.4881278619
-58.7409116323
-58.4339227549
-60.7691192391
-69.3600206001
-70.0
-70.0
-70.0
-70.0
-70.0
-70.0
-70.0
-70.0
-70.0
-70.0
-70.0
-70.0
-70.0
-70.0
-70.0
-70.0
-70.0
-70.0
-70.0
-70.0
-70.0
-64.3492424585
-61.1471465183
-59.5209840703
-58.8945871324
-61.6318947627
-70.0
-70.0
-70.0
-70.0
-70.0
-70.0
-70.0
-70.0
-70.0
-63.9907268057
-60.5854719956
-58.8561367096
-58.1899976478
0
-70.0
-70.0
-70.0
-70.0
-70.0
-70.0
-70.0
-70.0
-70.0
-70.0
-70.0
-63.8827295915
-60.41627636
-58.6558618758
-58.9777115206
-61.6292026818
-70.0
-70.0
-70.0
-70.0
-70.0
-70.0
-70.0
-66.8357883651
-64.0442575441
-62.5678638001
-61.929765427
-61.8159142222
-62.0204063586
-62.4090880952
-61.9831190291
-63.6795529071
-70.0
-70.0
-70.0
-70.0
-70.0
-70.0
-70.0
-70.0
-70.0
-70.0
-70.0
-70.0
-70.0
-70.0
-70.0
-70.0
-70.0
-70.0
-70.0
-70.0
-70.0
-70.0
-70.0
-63.3229420588
-59.539275892
-56.1652416185
-55.9545453825
-63.3276934698
-69.6634661416
-70.0
-70.0
-65.4294846897
-62.8395260139
-57.6353443857
-54.9249905959
0
-70.0
-70.0
-70.0
-70.0
-70.0
-70.0
-70.0
-70.0
-68.7368776227
-68.0211082755
-67.6576097247
-67.51759027
-67.5163255882
-66.6568835897
-59.8671960706
-56.3067323804
-61.4769131611
-70.0
-70.0
-70.0
-70.0
-66.3941902662
-64.3508980837
-63.3132261714
-62.913515485
-62.9099052236
-63.1440755594
-64.4253170803
-69.1819436872
-70.0
-70.0
-70.0
-70.0
-70.0
-70.0
-70.0
-70.0
-70.0
-70.0
-70.0
-70.0
-70.0
-70.0
-70.0
-70.0
-70.0
-70.0
-70.0
-70.0
-70.0
-64.1878481818
-60.8942954847
-59.2216873504
-59.5513872632
-60.0974943021
-56.1431624242
-69.6525562329
-70.0
-70.0
-70.0
-70.0
-70.0
-70.0
-70.0
-70.0
-70.0
-70.0
-70.0
-70.0
-70.0
-70.0
-70.0
-70.0
-70.0
-70.0
-70.0
-70.0
-70.0
-70.0
-66.228771333
-64.0917417551
-63.0064659498
-62.5884182684
-62.5846423838
-62.8295554404
-57.8290436001
-55.2344350426
-59.563159538
-70.0
-70.0
-70.0
-70.0
-70.0
-70.0
-70.0
-70.0
-70.0
-70.0
-70.0
-70.0
-70.0
-70.0
-70.0
-70.0
-70.0
-70.0
-70.0
-70.0
-70.0
-70.0
-63.6834196973
-60.1040241924
-58.2862527498
-57.5860481258
0
-70.0
-70.0
-70.0
-70.0
-70.0
-70.0
-70.0
-68.0843458044
-66.998808427
-66.4475257196
-66.2351719045
-66.2339253097
-66.6920465091
-67.0771843452
-67.4056942353
-70.0
-70.0
-70.0
-70.0
-70.0
-70.0
-70.0
-70.0
-70.0
-70.0
-70.0
-70.0
-70.0
-70.0
-70.0
-70.0
-70.0
-70.0
-70.0
-70.0
-70.0
-70.0
-67.8694123532
-65.6620969543
-64.4823044831
-63.9583521843
-63.8453690656
-63.9827335588
-64.2657278028
-64.6266667557
-65.3474136106
-69.9166608382
-70.0
-70.0
-70.0
-70.0
-70.0
-70.0
-65.4893304659
-62.9332843966
-61.6352139417
-61.1351978708
-60.3282124967
-54.0882248887
0
-70.0
-70.0
-70.0
-70.0
-70.0
-70.0
-70.0
-70.0
-70.0
-70.0
-65.7522813055
-61.0119073786
-58.4672861099
-57.3249371449
-57.0620298612
-61.927848034
-70.0
-70.0
-70.0
-70.0
-70.0
-70.0
-70.0
-70.0
-70.0
-70.0
-70.0
-63.5014974253
-60.8138744019
-59.5075047745
-54.147506913
-54.1572120086
-66.8947947343
-70.0
-70.0
-70.0
-70.0
-70.0
-70.0
-70.0
-70.0
-70.0
-64.213139346
-58.6005849754
-55.6130328538
0
-70.0
-70.0
-70.0
-70.0
-70.0
-70.0
-70.0
-70.0
-70.0
-70.0
-70.0
-70.0
-70.0
-70.0
-70.0
-70.0
-70.0
-70.0
-70.0
-70.0
-70.0
-70.0
-70.0
-70.0
-63.5726001418
-59.9304068888
-54.1918551518
0
-70.0
-70.0
-70.0
-70.0
-70.0
-70.0
-70.0
-70.0
-70.0
-70.0
-63.9776392941
-60.5649682274
-54.9429777576
0
-70.0
-70.0
-70.0
-70.0
-70.0
-70.0
-70.0
-70.0
-70.0
-70.0
-70.0
-69.8273138346
-69.7294583408
-69.6797630999
-70.0
-70.0
-70.0
-70.0
-70.0
-70.0
-70.0
-70.0
-70.0
-70.0
-70.0
-70.0
-70.0
-70.0
-70.0
-70.0
-70.0
-70.0
-70.0
-70.0
-70.0
-70.0
-70.0
-70.0
-70.0
-70.0
-63.9010554487
-58.1116535363
-55.468858086
-61.6195829631
-70.0
-70.0
-70.0
-70.0
-70.0
-66.5382120681
-64.5765322401
-64.3827757377
-64.453762645
-64.6812293679
-64.9950017561
-66.1525675996
-66.3672158491
-68.4198664865
-70.0
-70.0
-70.0
-70.0
-68.1558368458
-67.1108110584
-65.6678933793
-64.9465463258
-59.0649025989
-55.9004196095
-54.4717158288
-54.1321030328
-54.4572652541
-57.9197638899
-65.0941924661
-65.1022810497
-66.0450066261
-66.8966752841
-67.5111206361
-67.9627504927
-62.2234474232
-59.0390840007
-57.4938298139
-56.9835496413
-58.7374524391
-61.9028857668
-68.7698653848
-70.0
-70.0
-70.0
-70.0
-70.0
-64.8868250628
-61.9893592651
-56.6290122554
0
-70.0
-70.0
-70.0
-70.0
-70.0
-70.0
-70.0
-70.0
-70.0
-70.0
-70.0
-70.0
-70.0
-70.0
-70.0
-70.0
-70.0
-70.0
-70.0
-70.0
-70.0
-70.0
-70.0
-70.0
-70.0
-64.7103473948
-59.3795442519
-54.2017442244
0
-70.0
-70.0
-70.0
-70.0
-70.0
-70.0
-70.0
-70.0
-70.0
-70.0
-70.0
-70.0
-70.0
-69.448129671
-69.1354031513
-68.9765871344
-70.0
-70.0
-70.0
-70.0
-70.0
-70.0
-70.0
-70.0
-70.0
-70.0
-70.0
-70.0
-63.4222583463
-59.6948714092
-58.367137952
-70.0
-70.0
-70.0
-70.0
-70.0
-70.0
-70.0
-70.0
-70.0
-64.2142933347
-60.9188357875
-58.9109333996
-58.0758275201
-57.9722364085
-58.3110071946
-58.9039027597
-60.5002048871
-70.0
-70.0
-70.0
-70.0
-70.0
-70.0
-70.0
-70.0
-70.0
-70.0
-70.0
-70.0
-70.0
-69.232386195
-68.7974050388
-70.0
-70.0
-70.0
-70.0
-70.0
-70.0
-70.0
-70.0
-70.0
-70.0
-70.0
-63.9280383037
-60.4872600091
-58.7398843654
-58.066796167
-59.0889238895
-62.9585045069
-70.0
-70.0
-70.0
-70.0
-70.0
-70.0
-66.0693965107
-63.8420545335
-62.710914196
-62.2751995203
-62.2712640642
-61.5265449227
-54.9767024068
0
-70.0
-70.0
-70.0
-70.0
-70.0
-70.0
-70.0
-70.0
-70.0
-70.0
-70.0
-70.0
-70.0
-70.0
-70.0
-63.3458234608
-63.6156286646
-70.0
-70.0
-70.0
-70.0
-70.0
-70.0
-70.0
-70.0
-64.781722516
-61.8246986084
-60.3229943102
-59.7445385876
-54.1220299172
0
-70.0
-70.0
-70.0
-70.0
-70.0
-70.0
-70.0
-70.0
-70.0
-70.0
-70.0
-70.0
-70.0
-62.5193577028
-58.2803270678
-57.9286907015
-63.8700076845
-70.0
-70.0
-70.0
-70.0
-70.0
-70.0
-70.0
-70.0
-70.0
-63.3894766567
-61.122626208
-67.0181922304
-70.0
-70.0
-70.0
-70.0
-70.0
-70.0
-70.0
-70.0
-70.0
-70.0
-70.0
-70.0
-70.0
-69.4354376781
-70.0
-70.0
-70.0
-70.0
-70.0
-70.0
-70.0
-70.0
-70.0
-70.0
-70.0
-70.0
-70.0
-70.0
-70.0
-69.4449724124
-63.2469837289
-70.0
-70.0
-70.0
-70.0
-70.0
-70.0
-70.0
-70.0
-70.0
-70.0
-70.0
-70.0
-70.0
-70.0
-70.0
-70.0
-70.0
-70.0
-70.0
-70.0
-70.0
-66.6347950234
-64.7278455366
-63.7594143267
-63.3863751232
-62.5805366278
-62.011015643
-61.6022691974
-61.6369456901
-64.9479713397
-70.0
-70.0
-70.0
-70.0
-70.0
-70.0
-70.0
-70.0
-64.8380693763
-62.8739569139
-62.2663575393
-62.1595859966
-62.3568702044
-62.7300117223
-68.6421916776
-70.0
-70.0
-70.0
-70.0
-70.0
-70.0
-70.0
-70.0
-64.9100621927
-62.0257641019
-60.5609931107
-59.9967640789
-59.9916678573
-60.3222211957
-55.2657138822
-64.6162783882
-70.0
-70.0
-70.0
-70.0
-70.0
-70.0
-70.0
-70.0
-70.0
-70.0
-70.0
-70.0
-70.0
-70.0
-70.0
-70.0
-70.0
-70.0
-70.0
-70.0
-70.0
-70.0
-70.0
-70.0
-70.0
-70.0
-63.6900597811
-58.7759554259
-55.2406460743
0
-70.0
-70.0
-70.0
-70.0
-70.0
-70.0
-70.0
-70.0
-70.0
-70.0
-64.5769164224
-60.8001320246
-58.8407236519
-57.4814989509
-57.0832474986
-57.4572801245
-70.0
-70.0
-70.0
-70.0
-70.0
-70.0
-70.0
-70.0
-70.0
-70.0
-70.0
-70.0
-70.0
-70.0
-70.0
-70.0
-70.0
-70.0
-70.0
-70.0
-67.6830521828
-66.3701150864
-64.7067744798
-63.8852109665
-57.978815209
-54.1319802105
0
-70.0
-70.0
-70.0
-70.0
-70.0
-70.0
-70.0
-70.0
-70.0
-70.0
-70.0
-70.0
-70.0
-70.0
-70.0
-70.0
-70.0
-70.0
-70.0
-70.0
-70.0
-70.0
-70.0
-70.0
-70.0
-70.0
-70.0
-63.6380443564
-60.0329361584
-58.202106701
-57.7239621221
-59.8627871707
-70.0
-70.0
-70.0
-70.0
-70.0
-70.0
-70.0
-70.0
-69.8532812096
-63.179834206
-59.4031048636
-57.4902970961
-56.7596025323
-62.2418743556
-68.6625943617
-70.0
-70.0
-70.0
-70.0
-70.0
-70.0
-70.0
-70.0
-70.0
-70.0
-70.0
-70.0
-70.0
-70.0
-70.0
-70.0
-70.0
-70.0
-70.0
-70.0
-70.0
-70.0
-70.0
-70.0
-70.0
-70.0
-70.0
-70.0
-70.0
-70.0
-70.0
-70.0
-70.0
-70.0
-70.0
-70.0
-70.0
-70.0
-70.0
-70.0
-70.0
-70.0
-70.0
-70.0
-70.0
-70.0
-70.0
-64.4661663313
-61.3303272524
-55.8489240077
0
-70.0
-70.0
-70.0
-70.0
-70.0
-70.0
-70.0
-70.0
-70.0
-70.0
-70.0
-70.0
-70.0
-70.0
-70.0
-70.0
-70.0
-70.0
-70.0
-70.0
-70.0
-70.0
-70.0
-70.0
-70.0
-70.0
-70.0
-70.0
-70.0
-70.0
-70.0
-63.2429025806
-59.4138807096
-68.6841051291
-70.0
-70.0
-70.0
-70.0
-70.0
-70.0
-70.0
-70.0
-70.0
-70.0
-63.1737239675
-59.3055008825
-57.220095138
-66.2314320584
-70.0
-70.0
-70.0
-70.0
-70.0
-70.0
-70.0
-64.0167582202
-59.7579417878
-57.5440538688
-56.6309193217
-56.8658469991
-64.8086248623
-70.0
-70.0
-70.0
-70.0
-70.0
-70.0
-70.0
-70.0
-64.0730891765
-60.7145063766
-59.0088731507
0
-70.0
-70.0
-70.0
-70.0
-70.0
-70.0
-70.0
-70.0
-70.0
-66.5286353884
-62.2281954418
-59.9069916258
-57.9384944438
-57.1594463199
-56.5644803459
-57.2668051246
-59.4842718457
-67.3609451958
-70.0
-70.0
-69.3841710277
-69.0352012767
-68.8579793836
-68.7897136016
-68.7890970123
-67.9168819869
-68.4623135993
-69.1741621134
-69.6287991514
-70.0
-70.0
-70.0
-70.0
-70.0
-70.0
-70.0
-70.0
-66.8352315634
-65.0418627826
-64.1311127548
-63.7802923129
-63.7771236373
-63.9826516441
-64.3065467267
-65.4569199192
-70.0
-70.0
-70.0
-70.0
-70.0
-70.0
-70.0
-70.0
-70.0
-70.0
-70.0
-70.0
-63.3843605662
-59.6354982204
-58.6282713213
-59.541950056
-63.6786071813
-70.0
-70.0
-70.0
-70.0
-70.0
-70.0
-70.0
-70.0
-70.0
-69.5353411917
-62.6817281779
-58.8135027637
-57.517965822
-55.41178116
-62.8884923343
-70.0
-70.0
-69.3721324671
-69.0163408652
-68.8356545418
-67.777615283
-67.2168712183
-66.4176401833
-66.0575135562
-59.382547439
-55.7314828541
0
-70.0
-70.0
-70.0
-70.0
-70.0
-70.0
-70.0
-70.0
-70.0
-64.9651786679
-61.3096441105
-59.4060019058
-58.6169498527
-59.3162338243
-54.8996516731
-59.7918538667
-70.0
-70.0
-70.0
-70.0
-70.0
-70.0
-70.0
-70.0
-70.0
-70.0
-70.0
-70.0
-65.0340903835
-66.665483636
-70.0
-70.0
-70.0
-70.0
-70.0
