-67.93
-66.067
-64.3903
-62.88127
-61.523143
-59.4808287
-57.9160791633
-55.8700268026
-54.4233944927
0
-70.0
-70.0
-70.0
-70.0
-68.4073439008
-67.634838778
-66.5601744116
-65.3400366448
-64.0732860965
-62.8207928977
-61.6186038818
-61.3066703429
-60.7192878747
-59.9862154647
-59.1901648365
-58.3828622984
-57.5957186989
-56.8469085826
-56.1460588934
-55.4973471167
-54.9015418135
0
-70.0
-70.0
-70.0
-70.0
-67.9860925681
-66.1548783567
-64.4943205513
-62.9915085163
-61.6334376781
-60.407480586
-59.3016569778
-58.304774247
-56.5864854669
-55.31262935
-54.3478947015
0
-70.0
-70.0
-70.0
-70.0
-67.8980902748
-66.0170080972
-65.1511251874
-64.1032246019
-62.9810434306
-62.6716999468
-62.0403705249
-61.2368938543
-60.3569113901
-59.4603581986
-58.5837476771
-57.7483231083
-56.9654575967
-56.2402230365
-56.3937415326
-56.2493945791
-55.931139921
-55.5191491288
-55.0646496825
-54.5997950254
-54.1442223969
0
-70.0
-70.0
-70.0
-70.0
-67.6935693278
-65.6965919468
-63.9518524534
-62.4166136755
-61.058249953
-59.8512900543
-58.7754044467
-57.8140262672
-56.9533984839
-56.1819085312
-55.4896176085
-54.0479224679
0
-70.0
-70.0
-70.0
-70.0
-68.2087175085
-66.50365743
-64.9071661352
-63.4290324872
-62.0711845488
-60.8307696341
-59.7021616975
-58.6782582123
-56.9313075141
-55.628760178
-54.6362731038
0
-70.0
-70.0
-70.0
-70.0
-67.8984292077
-66.017539092
-65.1517537195
-64.1038907054
-62.9817098734
-61.8523443785
-59.9363136022
-58.4321513497
-57.2252489532
-56.2369325502
-55.4127116234
-54.7144220132
-54.1149675133
0
-70.0
-70.0
-70.0
-70.0
-67.9249070136
-66.8790209879
-65.6655220063
-65.2119052171
-64.409338303
-62.6041535444
-61.0775709045
-58.9490356237
-57.3502799344
-55.3026838564
-54.6940367477
-54.9690472576
-54.9450853216
-54.7425386492
-54.4395926909
-54.0865053595
0
-70.0
-70.0
-70.0
-70.0
-68.3625594019
-66.7446763964
-66.0124573798
-64.1960440572
-63.4296612618
-63.3188428758
-62.7850570816
-62.0152837024
-61.1295768848
-59.3838335648
-58.0002597873
-57.7001068612
-57.2400115435
-57.5192873014
-57.4128765128
-57.0786008225
-56.6187487143
-56.0988791589
-55.5603281203
-55.0285198932
-54.5184842938
-54.0385134577
0
-70.0
-70.0
-70.0
-70.0
-67.9336764965
-66.0727598446
-64.3971178586
-63.708495405
-63.6350387527
-63.1131301362
-62.3395472952
-61.440746014
-61.3167737115
-60.8418312063
-60.1721379963
-60.2279174704
-59.8971212392
-60.1654061258
-59.9641968536
-59.4879980618
-58.0426788514
-56.8840646967
-56.7560940474
-56.4307751895
-55.9978913685
-55.5148980302
-55.0179387596
-54.5291652386
-54.061595618
0
-70.0
-70.0
-70.0
-70.0
-68.096834296
-66.3283737305
-65.5196849334
-64.4938154908
-63.3718333088
-63.0495828893
-62.397913208
-61.5703142923
-60.6647444664
-59.7425777554
-58.8411918036
-57.9823205057
-57.1775870434
-56.4321607313
-55.747166253
-55.1212640242
-54.5516805528
-54.0348744516
0
-70.0
-70.0
-70.0
-70.0
-67.9307341084
-66.0681501032
-64.3916613633
-62.8827127406
-62.3445864756
-61.5868911674
-60.7227109436
-59.8234457779
-58.9331051525
-58.0777972722
-57.2720193016
-56.5228185425
-55.832537469
-55.2006175759
-54.6247783875
-54.1017822616
0
-70.0
-70.0
-70.0
-70.0
-67.9308324137
-65.2483041149
-63.1071769984
-61.3622614952
-59.9132368101
-58.6900474387
-57.6431322346
-56.7368787043
-55.9452306293
-55.2487340967
-54.6325450406
-54.9050801055
-54.881765141
-54.6817173242
-54.3822980567
-54.033236561
0
-70.0
-70.0
-70.0
-70.0
-67.1239736239
-64.8042253441
-62.8955688648
-61.2971893484
-59.9382553269
-58.7682864031
-57.7506955021
-56.8584511114
-56.0711561066
-54.5530739002
0
-70.0
-70.0
-70.0
-70.0
-67.8561702851
-65.9513334467
-64.2533868955
-62.7361727348
-61.377971814
-60.160452201
-59.0679253598
-58.0868117431
-58.0252498484
-57.6974710499
-57.2208880691
-56.6709086784
-56.095224088
-55.5233058641
-54.972711401
-54.4532643431
0
-70.0
-70.0
-70.0
-70.0
-67.387531881
-65.2171332803
-64.2043230105
-63.0998260816
-61.9771337215
-60.8809471814
-59.0172036847
-57.5750507971
-56.433924038
-55.5114505146
-54.7509180501
-54.1129013031
0
-70.0
-70.0
-70.0
-70.0
-67.6788790174
-65.6735771273
-63.924610089
-63.207742863
-62.3140310987
-61.3440030035
-60.3605193796
-59.4017452259
-57.6697558928
-56.3515704299
-55.3256068045
-55.3291750691
-55.1303435255
-54.8166998152
-54.4446235952
-54.04989041
0
-70.0
-70.0
-70.0
-70.0
-67.9405112032
-66.0834675517
-64.4097924424
-62.9019276288
-61.543811153
-60.320814229
-59.2196556004
-58.2283052365
-57.3358848436
-56.5325697798
-55.8094950822
-55.1586670942
0
-70.0
-70.0
-70.0
-70.0
-68.611656759
-67.9549289224
-66.9390612564
-65.7415719482
-64.475025965
-63.2092641763
-61.9861649638
-60.8294332709
-59.7510798128
-58.7556984108
-58.6632796226
-58.2957190289
-58.5953253718
-59.2852449984
-59.3663552744
-59.0794762642
-58.581366316
-57.1531214698
-56.0344038465
-55.1386931443
-54.4066436181
-54.6171924485
-54.5662819984
-54.3601929951
-54.0678664933
0
-70.0
-70.0
-70.0
-70.0
-68.3874435378
-66.7836615425
-65.2386036273
-64.6002820906
-63.7072797655
-62.6912357117
-61.6352347556
-60.5904596901
-59.5872459945
-58.6424095773
-57.7640940744
-56.9549683035
-56.2143272309
-55.5394650129
-54.9265655151
-54.3712736325
0
-70.0
-70.0
-70.0
-70.0
-67.9306465553
-66.0680129366
-64.3914990009
-62.8825406727
-60.7044143201
-59.8373913645
-58.9659312123
-58.1208574139
-57.3197845545
-55.7518146869
-54.5959722769
0
-70.0
-70.0
-70.0
-70.0
-67.8851683124
-65.9967636895
-64.307162126
-61.9731624504
-60.1503238967
-59.5149433013
-58.793216834
-58.0437403925
-57.3025965145
-56.5911569705
-55.9212546785
-55.298604814
-54.7250614015
-54.2000999739
0
-70.0
-70.0
-70.0
-70.0
-67.1115402766
-64.7847464333
-62.8725119128
-61.2727541368
-59.9138076667
-59.5646461957
-58.1929944399
-57.0735702384
-56.1427967096
-55.3562393687
-54.6824303185
-54.0987305444
0
-70.0
-70.0
-70.0
-70.0
-67.9260092846
-65.2407478793
-63.0982327734
-61.3527826174
-59.9037531033
-58.680876958
-57.6344553722
-56.7287872417
-55.937760122
-55.2418851794
-54.6262973746
-54.0794014459
0
-70.0
-70.0
-70.0
-70.0
-67.9287475497
-66.0650378279
-64.3879774006
-62.8788085641
-61.5206803101
-61.1184473474
-60.4831593249
-60.5492145338
-60.2138738414
-59.6488736313
-58.1449110508
-56.9477031341
-55.9744549463
-55.1680242021
-54.4885649489
0
-70.0
-70.0
-70.0
-70.0
-67.9218655181
-66.8742559783
-66.4798817219
-66.4905944439
-65.9240022624
-65.0299135447
-63.9691298626
-62.0236886579
-60.4323009798
-59.1063916737
-57.9839663675
-57.0210456382
-56.1859250127
-55.4553218037
-54.8117824848
-54.2419328106
0
-70.0
-70.0
-70.0
-70.0
-67.9283608076
-66.8844319319
-65.6719268755
-64.3986929457
-63.131462823
-61.9100759887
-60.7569080217
-59.6831103075
-58.6927280021
-57.7854076854
-56.9581685726
-56.2065528191
-55.5253649397
-54.9091400474
-54.3524337771
0
-70.0
-70.0
-70.0
-70.0
-68.234073107
-66.543381201
-64.954186684
-63.478863751
-62.1210411995
-60.0589796286
-58.4631100318
-56.3801512727
-54.8943709747
-54.6364237635
0
-70.0
-70.0
-70.0
-70.0
-67.8484847088
-65.9392927105
-64.2391344211
-62.7210683001
-61.3628596842
-60.9658391918
-60.33876559
-59.5945625759
-58.8048886816
-58.8342547223
-58.534065856
-58.046150341
-57.4618626873
-56.8392280055
-57.0343395962
-56.8935952308
-56.5560287705
-56.1116212687
-55.6179227253
-55.111106175
-54.6133127057
0
-70.0
-70.0
-70.0
-70.0
-67.2826643313
-65.0528407856
-63.1898519654
-61.6090636078
-61.0702884729
-60.3546804429
-59.5568262768
-58.7362195679
-57.9293148903
-57.1575282541
-56.4325386639
-55.759793621
-55.1408201412
-54.5747420486
-54.0592704581
0
-70.0
-70.0
-70.0
-70.0
-67.9310537275
-66.0686508397
-64.392254079
-62.8833408867
-60.7052149417
-59.0181655433
-57.6819970529
-56.6008960568
-55.7088722573
-54.9600289023
-54.3220552593
0
-70.0
-70.0
-70.0
-70.0
-67.3770149133
-66.0206566976
-64.6494865448
-63.3151349017
-62.0473527524
-60.0417717045
-57.6603640189
-55.9528406069
-54.7065652061
0
-70.0
-70.0
-70.0
-70.0
-68.4256605682
-67.6635348902
-66.5941416537
-65.3760343234
-64.9293021144
-63.3202860519
-61.887533546
-60.6082975909
-59.4638127648
-58.4383281103
-57.5184263806
-56.6925377968
-55.9505867199
-55.2837298498
-54.6841580661
-54.1449430603
0
-70.0
-70.0
-70.0
-70.0
-66.7454853927
-64.2112604485
-62.1936834671
-60.5533478293
-59.1940348523
-58.8686459044
-58.3544576722
-57.7441294771
-56.2764615775
-55.1633121184
-54.2999787058
0
-70.0
-70.0
-70.0
-70.0
-68.4557227149
-66.8906322533
-66.1852235679
-65.1991375711
-64.0775147206
-62.9119571863
-61.7588907595
-60.6517545448
-60.4290809978
-59.924507503
-59.267613156
-58.541222776
-58.6173477888
-58.3524445368
-57.8917544344
-57.3289485585
-56.7236334143
-56.1129898807
-55.5195040978
-54.9560958248
0
-70.0
-70.0
-70.0
-70.0
-67.5841929997
-65.5252356995
-63.7490201294
-61.381656783
-59.5585168824
-58.1226823793
-56.9670922648
-56.0181684539
-55.224875219
-54.5514034373
0
-70.0
-70.0
-70.0
-70.0
-68.1962236041
-66.4840836464
-64.8839968836
-63.4044782631
-62.0466178154
-59.9870142862
-58.3950183592
-57.9566535243
-57.4050795059
-55.983965778
-54.908498682
-54.0762684684
0
-70.0
-70.0
-70.0
-70.0
-67.9601668833
-66.1142614504
-64.4462428091
-62.9405568639
-61.5824600681
-60.3581866549
-60.0750163852
-59.5459470106
-58.8869738187
-58.1720241097
-57.4473201473
-56.7409204316
-56.8890499211
-56.7249592841
-56.3790062591
-55.9354675688
-54.6281621024
0
-70.0
-70.0
-70.0
-70.0
-67.8734834603
-65.9784574212
-64.285493217
-61.9501982539
-60.1273480009
-58.6727262491
-56.6675289897
-55.2188263344
-54.1523105301
0
-70.0
-70.0
-70.0
-70.0
-67.8883312443
-66.0017189493
-64.3130276074
-62.7993785487
-60.6212098285
-58.9369349354
-58.425138835
-57.8138898803
-56.3433441782
-55.2262386176
-54.358433994
0
-70.0
-70.0
-70.0
-70.0
-68.6549772719
-68.022797726
-67.019396741
-65.8267095919
-64.5602069827
-63.2916318511
-62.0640990438
-60.9021093913
-59.81817862
-58.8172142033
-57.8993950798
-57.0620571031
-56.3009190802
-55.6108722972
-54.9864818175
-54.4222981357
0
-70.0
-70.0
-70.0
-70.0
-67.5659475007
-64.6766510844
-62.4305181985
-60.645154527
-59.1957645065
-57.9962716774
-56.9867002573
-56.1247340633
-55.3800632115
-54.7305919267
0
-70.0
-70.0
-70.0
-70.0
-68.1828206342
-66.4630856602
-64.8591418205
-63.378137456
-62.0202635888
-60.7815304821
-59.6555729354
-59.4548126429
-58.9958627126
-58.3972973306
-57.7349148571
-57.0563215445
-56.3906215054
-55.7548474317
-55.1582214065
-54.6049717445
-54.0961895558
0
-70.0
-70.0
-70.0
-70.0
-68.0938816997
-66.3237479962
-64.6942095076
-63.2033460975
-61.8453831815
-60.6124259925
-59.4955708127
-58.4856053444
-57.5734392186
-56.7503582359
-56.0081643717
-56.1592425741
-55.2012480764
-54.4297431086
0
-70.0
-70.0
-70.0
-70.0
-68.3797553769
-66.7716167571
-65.22434636
-62.9451725764
-60.3028292204
-58.3506622328
-56.8776732991
-55.7412908289
-54.8447516525
-54.1220030916
0
-70.0
-70.0
-70.0
-70.0
-67.915227027
-66.0438556756
-63.5429043423
-61.5675700642
-59.9734504952
-58.6611970706
-57.5618051135
-56.6267764355
-55.8215333475
-55.1210030498
-54.5066514361
0
-70.0
-70.0
-70.0
-70.0
-66.4525184036
-63.7522788324
-61.6503924618
-59.9775808908
-58.6179745852
-57.4916116489
-56.5427401656
-55.7319926034
-55.0311443126
-54.4195971944
0
-70.0
-70.0
-70.0
-70.0
-67.683662974
-65.6810719926
-63.9334816706
-62.3971447551
-61.038771114
-60.6524545588
-60.0422494738
-59.3180514403
-59.3695975722
-59.0648719989
-58.5565409217
-57.9429909112
-57.286761208
-56.6267980124
-55.9865934946
-55.3795843342
-54.8127260267
-54.2888535081
0
-70.0
-70.0
-70.0
-70.0
-67.7704301857
-65.8170072909
-64.0943866444
-62.567668035
-61.2093812681
-59.9974298324
-58.9136779766
-57.9429709306
-57.0724476719
-56.2910521277
-55.5891797302
-54.9584169674
-54.3913454108
0
-70.0
-70.0
-70.0
-70.0
-67.4743364732
-64.5331271414
-62.2606306375
-60.465111714
-58.1956299694
-56.5374199237
-55.3012465654
0
-70.0
-70.0
-70.0
-70.0
-67.7770293451
-65.007345974
-62.8219577522
-61.0599928941
-59.610814216
-57.577613202
-56.0817721535
-54.9582084527
-54.0954632837
0
-70.0
-70.0
-70.0
-70.0
-67.9039325697
-66.0261610258
-64.3419593986
-62.8300397757
-61.4718866761
-60.2512652605
-59.1538502357
-58.1669395464
-58.0992284812
-57.7652942261
-57.2827571988
-56.7271430758
-56.1462031661
-55.5694324481
-55.0143889357
-54.4908831971
0
-70.0
-70.0
-70.0
-70.0
-67.6642492756
-65.6506571984
-63.8974800455
-62.3589910856
-61.0005980068
-59.795542226
-58.7226573499
-57.764837846
-56.9079848821
-56.1402736076
-55.4516377227
-54.833401601
-54.278013208
0
-70.0
-70.0
-70.0
-70.0
-67.8218366435
-66.7175440748
-65.4743837311
-63.3693414005
-61.6373379554
-60.1868912899
-58.9537269142
-57.8920373917
-57.7886224318
-57.4436193748
-57.7851635614
-57.707251288
-57.3802622144
-57.7347266964
-57.666247829
-57.346285581
-56.0660987128
-55.0724499681
-54.2838457224
0
-70.0
-70.0
-70.0
-70.0
-67.9114444555
-66.037929647
-64.3558897736
-62.8448028571
-61.4866572787
-61.0855480223
-60.4520308678
-59.7001862128
-58.902406546
-58.1036585278
-57.3309544326
-56.5996334943
-55.0975198149
-54.0030009468
0
-70.0
-70.0
-70.0
-70.0
-67.8848078453
-65.9961989577
-65.1264936599
-63.2571206925
-61.6702595557
-60.3058008884
-59.1202656584
-58.0816023318
-57.9856842581
-58.4586106053
-58.4370793934
-58.1195913532
-57.6351121506
-57.0665875574
-56.4665865495
-55.8676997265
-55.2894443084
-54.742842914
-54.2334539802
0
-70.0
-70.0
-70.0
-70.0
-67.9330635156
-66.0717995078
-64.3959811195
-62.8872907159
-61.5291667832
-60.3066535308
-59.2062571283
-58.2158107159
-57.3243491779
-56.5219939492
-55.7998476803
-55.1498983297
-54.5649321083
-54.0384546385
0
-70.0
-70.0
-70.0
-70.0
-67.9300013819
-65.247002165
-63.105635896
-61.3606282715
-59.0916027543
-57.4038006856
-56.1209927548
-55.1239415712
-54.3315794753
0
-70.0
-70.0
-70.0
-70.0
-68.0735419094
-66.2918823247
-64.6564904963
-63.9833723828
-63.0900557686
-61.2743972745
-59.7858556022
-58.5432020787
-57.4895032287
-56.5843004777
-55.7983688112
-54.2901975176
0
-70.0
-70.0
-70.0
-70.0
-67.4699541805
-65.3462615495
-63.5371705859
-61.9771436549
-60.6185560411
-59.4261182714
-58.3731183339
-56.6188810936
-55.3223760463
-54.3437271498
0
-70.0
-70.0
-70.0
-70.0
-67.8969542899
-66.0152283875
-64.3290185664
-62.8163253883
-61.4581653018
-60.2379970731
-59.9612962335
-59.4398991886
-58.7890643221
-58.0822612581
-57.3654373777
-56.6664951369
-56.0015799546
-55.3792448467
-54.803202287
-54.274136675
0
-70.0
-70.0
-70.0
-70.0
-67.9318659746
-66.0699233602
-64.3937603462
-62.0649371929
-60.2421453945
-58.7837321357
-58.4125597759
-57.8861043674
-57.2840276435
-56.6566473543
-56.0349976023
-55.4375078311
-54.8744303739
-54.3507695539
0
-70.0
-70.0
-70.0
-70.0
-67.5820192893
-64.7018302199
-62.4603224376
-60.6767403537
-59.2273664248
-58.0268298534
-57.015613582
-56.1516966998
-55.4049566805
-54.7534141129
-54.1807081019
0
-70.0
-70.0
-70.0
-70.0
-68.0895729295
-67.1369975896
-65.9708857993
-64.7155225318
-63.4484538203
-62.216597466
-61.0469304046
-59.9535658209
-58.94242821
-58.0143313698
-57.1669955533
-56.3963608783
-55.6974347107
-55.8848311865
-55.7777746991
-55.4976149833
-55.1229319877
-54.7040244575
-54.2725457907
0
-70.0
-70.0
-70.0
-70.0
-67.9395625814
-66.0819813776
-64.408033276
-62.9000633059
-61.5419458802
-59.4990105622
-57.9332823526
-55.8860693485
-54.438205901
-54.2182143025
0
-70.0
-70.0
-70.0
-70.0
-68.0367833408
-66.2342939006
-64.5883237732
-63.0911309042
-60.9131108194
-59.2191950745
-57.8722057918
-56.7782720291
-55.8726360372
-55.9301665741
-56.5636793438
-56.7016643608
-56.5377332257
-56.1981167704
-55.7644096715
-55.2887050898
-54.8036588378
-54.329175792
0
-70.0
-70.0
-70.0
-70.0
-67.9366618678
-66.0774369262
-64.4026540637
-62.8943625441
-60.7162422142
-59.0288286091
-57.6920861591
-55.7903044838
-54.4328919958
-54.2673481032
0
-70.0
-70.0
-70.0
-70.0
-67.8525455413
-65.9456546814
-64.2466650095
-62.7290490393
-61.3708444892
-60.1535602762
-59.0614044058
-58.0807307368
-58.0196355108
-57.6923238581
-57.2161927379
-56.6666409746
-56.0913552174
-55.5198052558
-54.9695484371
-54.4504093979
0
-70.0
-70.0
-70.0
-70.0
-67.934197821
-66.0735765862
-64.3980846258
-62.889519962
-61.531397165
-61.128810248
-59.6729644228
-58.453691447
-57.4170046132
-56.5244256925
-55.7480641504
-55.0673117534
-54.4666165901
0
-70.0
-70.0
-70.0
-70.0
-67.9278961657
-66.0637039929
-65.2063985561
-64.1618020088
-63.0396506802
-61.908371527
-60.8093249842
-59.7662528923
-58.7915345408
-57.8903190452
-57.0632457797
-56.3082269611
-55.6216081045
-54.9989165204
-54.435337686
-54.7460124624
-54.7508835795
-54.5721101305
-54.2891090567
-54.7730047772
-55.700908717
-56.0442874569
-56.845505119
-57.0747188789
-56.9530898389
-56.6250094203
-56.1839941884
-54.8699185764
0
-70.0
-70.0
-70.0
-70.0
-66.8526018157
-64.3790761779
-62.3923249226
-59.9438633387
-58.1199909438
-56.7316678086
-55.6509516673
-54.7908235936
-54.0917192962
0
-70.0
-70.0
-70.0
-70.0
-68.5242367572
-66.9979709195
-66.312279053
-64.5137879646
-62.9275670461
-61.5215822602
-60.2706053132
-59.1543323013
-58.1560907508
-57.2619427954
-56.460055929
-55.7402552782
-55.0936997118
-54.5126430482
0
-70.0
-70.0
-70.0
-70.0
-67.9298519228
-66.0667680123
-64.390025399
-62.0609789843
-60.2381851694
-58.7799027081
-57.5889364744
-56.5980588517
-55.7602636497
-55.0422444069
0
-70.0
-70.0
-70.0
-70.0
-67.2690294318
-65.0314794432
-63.9845668019
-62.8669336571
-61.7441226483
-60.6556319547
-59.6240164735
-58.6609133022
-57.7710209561
-56.9547181832
-57.0297792467
-57.6371565766
-57.7236777553
-57.494801204
-57.0843152331
-56.5785464761
-56.032467006
-55.4804037571
-54.9431523492
-54.4326964262
0
-70.0
-70.0
-70.0
-70.0
-68.7547283895
-67.3590744769
-65.0997129801
-63.2174389827
-62.4441599515
-61.5420538677
-59.7727217552
-58.3620317625
-57.2135500415
-56.2606760075
-55.4569290535
-54.7694499127
-54.1746474311
0
-70.0
-70.0
-70.0
-70.0
-67.7638232107
-65.8066563635
-64.9021343763
-64.6593500382
-63.1817011007
-61.8323883682
-59.7850544497
-58.2071522836
-56.9635059079
-55.9618678855
-55.1388228092
-54.4503683365
0
-70.0
-70.0
-70.0
-70.0
-67.9208194509
-66.0526171398
-64.3732751818
-62.8632275009
-61.505091309
-60.2833732169
-58.3642299211
-56.9106029462
-55.7847399964
-54.8930642267
-54.1716232906
0
-70.0
-70.0
-70.0
-70.0
-67.9157659686
-66.0447000175
-64.3639037796
-62.8532959109
-61.4951546593
-61.093764753
-60.4598053175
-59.7074361456
-58.9091001043
-57.2897951427
-56.0518856609
-55.0840771165
-54.3105894194
0
-70.0
-70.0
-70.0
-70.0
-67.5484291919
-64.649205734
-62.3980314682
-60.6107258597
-59.1613182993
-57.9629631531
-56.9551846269
-56.9153446903
-56.6375959054
-56.2263601042
-56.5687399534
-56.5318765311
-56.2686959267
-55.8784976998
-54.605095507
0
-70.0
-70.0
-70.0
-70.0
-68.0379350411
-67.056098231
-65.8751262039
-63.7940387809
-62.062251701
-60.5977710631
-60.1624903116
-59.5392388503
-58.8239800118
-58.0773587083
-57.3368073026
-56.6245828825
-55.9530954676
-55.3284331698
-54.7526880188
-54.2254846608
0
-70.0
-70.0
-70.0
-70.0
-68.1745489553
-66.4501266966
-64.0238024516
-62.0772144894
-60.4833545625
-59.154260121
-58.0283281187
-57.8818246467
-56.6878617419
-56.545221941
-56.2181306624
-55.7912715398
-55.3187803483
-54.8346596218
-54.3596985318
0
-70.0
-70.0
-70.0
-70.0
-67.9368920601
-65.2577975608
-63.1184142759
-61.3741704958
-59.9251518778
-58.7015689778
-57.6540336052
-56.7470445948
-55.1346163687
0
-70.0
-70.0
-70.0
-70.0
-67.6108582701
-65.5670112899
-63.7984693921
-62.2540619403
-60.8956154046
-59.6940269697
-58.6266063431
-57.675267089
-56.8252879669
-56.0644575614
-55.3824773994
-54.7705400556
-54.2210263141
0
-70.0
-70.0
-70.0
-70.0
-69.2964507228
-68.207772799
-66.9243069514
-65.5667505445
-64.2099916822
-62.8989366421
-61.65900573
-60.503080325
-60.2560890712
-59.7426913499
-59.0865630054
-59.1866672319
-58.9171741934
-58.4349058972
-57.8410480562
-56.3800317498
-55.2674209076
-54.400940372
0
-70.0
-70.0
-70.0
-70.0
-68.179652592
-66.4581223941
-64.8532668622
-63.3719113143
-62.0140342751
-59.9555069091
-58.3652069259
-57.1088533717
-56.0947461268
-55.2597902423
-54.5601570369
0
-70.0
-70.0
-70.0
-70.0
-67.3438630074
-65.1487187116
-63.3033415104
-61.7293371393
-60.3706232787
-59.1863741864
-58.9662789248
-58.5120124703
-57.9323855153
-57.2968631585
-56.6489876391
-56.0152960728
-54.5912379306
0
-70.0
-70.0
-70.0
-70.0
-68.6839343947
-67.2481638851
-65.7884294498
-64.3629744736
-63.0056023388
-61.7343256466
-60.5570821098
-59.4754999173
-58.4873672713
-57.5882421079
-56.772492273
-56.0339592963
-55.3663742004
-54.7636106695
-54.2198321953
-54.5495707043
-54.5724281195
0
-70.0
-70.0
-70.0
-70.0
-67.0501099137
-64.6885055315
-62.7585927177
-61.1520252722
-59.7930172959
-58.6278452668
-57.6178138739
-56.7345345756
-55.9567491775
-55.2681862994
-54.6561090292
-54.1103256994
0
-70.0
-70.0
-70.0
-70.0
-67.8211234083
-65.8964266731
-64.1883944095
-62.6672952377
-61.3090592267
-60.0938156458
-59.8248756425
-59.3126824524
-58.6716104566
-57.1545802439
-55.9825427748
-55.0565688675
-54.3090988942
0
-70.0
-70.0
-70.0
-70.0
-67.9149162722
-66.0433688265
-64.3623280649
-63.6716260057
-61.95815057
-60.5081269563
-59.2645085561
-58.1861872309
-57.2429881947
-55.5923024998
-54.3921476662
0
-70.0
-70.0
-70.0
-70.0
-67.8798776772
-65.9884750276
-64.2973509369
-61.9627647846
-60.1399209337
-58.6848839254
-57.4990322562
-56.5142201795
-55.6828589275
-54.151280212
0
-70.0
-70.0
-70.0
-70.0
-67.6896011788
-65.6903751801
-63.9444937416
-62.4088150871
-61.0504473915
-60.6637451944
-60.0529323696
-59.3280135958
-58.5587952117
-57.7886376741
-56.2235885625
-55.05377281
-54.1600909316
0
-70.0
-70.0
-70.0
-70.0
-67.9020555635
-66.8432203828
-65.6231452616
-64.3469953468
-63.0797388864
-61.8600603806
-59.8895845978
-58.3543129748
-56.3113395685
-54.8518442058
0
-70.0
-70.0
-70.0
-70.0
-68.6328050343
-67.1680612204
-66.5136128914
-65.5471567976
-64.4257112481
-64.0686535435
-63.3621304692
-62.4694789424
-61.4949053949
-60.5036644198
-59.5354643542
-59.4333621696
-59.0343221199
-59.2904206861
-59.1110658029
-58.6764173463
-58.1030810274
-57.4656432018
-56.8109923998
-56.1678355052
-55.5530135183
-55.7956865422
-55.7247674718
-55.4680571138
-55.1084289953
-54.6990378243
-54.2734351942
0
-70.0
-70.0
-70.0
-70.0
-67.9400346691
-65.2627209815
-63.1242420696
-61.3803466535
-59.931331182
-58.7075441931
-57.6596871933
-56.7523167536
-55.9594839314
-55.2618014403
-54.644465231
-54.0959146644
0
-70.0
-70.0
-70.0
-70.0
-67.8207782458
-65.8958859185
-64.1877543248
-63.4866168911
-62.5930472011
-61.6138038138
-60.6157976543
-59.6398007034
-59.5295425095
-59.1224028428
-58.5507056147
-57.899330424
-57.2218609621
-56.5513172529
-55.9072804523
-55.3006156902
-54.7365963099
-54.2169648047
0
-70.0
-70.0
-70.0
-70.0
-67.1424798355
-64.8332184089
-62.929887606
-61.3335595374
-59.974644045
-58.8034732814
-57.7839883805
-56.0694978273
-54.8151535678
0
-70.0
-70.0
-70.0
-70.0
-67.8793096756
-65.9875851584
-63.4762976095
-61.4969818265
-60.7228262958
-59.8775721008
-59.0178338472
-58.1780631001
-57.3782652152
-56.629110977
-55.9353147349
-55.2978598318
-54.7154582289
0
-70.0
-70.0
-70.0
-70.0
-68.3702093283
-65.936661281
-64.7419770766
-63.5104339847
-63.1178269968
-62.4216685708
-61.5665845628
-60.644648006
-59.7133311383
-58.8074299798
-58.766974952
-59.2471361036
-59.2036615911
-59.6674548306
-59.6001489466
-59.2164271179
-58.6556464502
-57.1873231678
-56.0434184262
-55.132294967
-55.2112110592
-55.8815203459
-56.8843219064
-57.2331921125
-57.1780744991
-56.8824014477
-56.452250902
-55.9557522111
-56.2559945896
-56.2042735303
-55.1230984438
-54.2802901104
0
-70.0
-70.0
-70.0
-70.0
-67.9071304482
-66.0311710354
-64.3478896866
-62.0163245545
-60.19350799
-59.5567011183
-58.8327269581
-57.2605848966
-56.0519468299
-55.1016990955
-55.158160485
-54.9967653026
0
-70.0
-70.0
-70.0
-70.0
-67.8592770033
-65.9562006385
-64.2591481317
-62.7422783566
-61.3840805463
-60.1663591752
-59.0735143801
-58.0920236903
-57.2100618201
-56.4172159707
-55.7042679286
-55.0630235058
-54.4861760686
0
-70.0
-70.0
-70.0
-70.0
-67.929952146
-66.0669250288
-64.3902112575
-62.8811759528
-61.5230489049
-59.4807377126
-57.9159930735
-56.6899465209
-55.7079870387
-54.9052117814
-54.2367062343
0
-70.0
-70.0
-70.0
-70.0
-67.3738532241
-65.1957033845
-64.1789567012
-63.0729434678
-61.9502374122
-60.8549391985
-58.9925956303
-57.5521029683
-56.4127372722
-54.6720266122
0
-70.0
-70.0
-70.0
-70.0
-69.2062908591
-68.066522346
-66.7571104932
-65.3895596984
-64.032710565
-63.5475107327
-63.6014738089
-63.157135861
-62.4286285636
-61.553903233
-60.6206045936
-59.6832719234
-58.7747632573
-57.9138326156
-57.1101464768
-56.3675965776
-56.5064800855
-56.3495941874
-56.0204761756
-55.598989496
-55.1361311717
-54.6638784714
0
-70.0
-70.0
-70.0
-70.0
-68.621422588
-66.3302287213
-64.3878381105
-62.719475807
-61.2711425647
-60.0031045338
-58.8855115641
-57.8954387302
-57.0148804055
-56.2293827305
-55.5271047012
-54.8981677268
-54.3341999514
0
-70.0
-70.0
-70.0
-70.0
-68.3345738489
-65.8808323632
-63.8558930597
-62.1557330423
-60.7071125971
-59.4577032434
-59.1894675231
-58.6988771735
-58.0912270579
-57.4335960866
-56.7678976343
-56.9395486418
-56.7878876249
-57.2672947606
-57.28936255
-57.0362911386
-56.6265719205
-56.9565213256
-56.8992735912
-55.7916158308
-54.0906339802
0
-70.0
-70.0
-70.0
-70.0
-68.0941200314
-67.1441213825
-65.9793181471
-63.9044589343
-62.1727281088
-60.7045986765
-58.6235677279
-57.0641635679
-55.0497156196
0
-70.0
-70.0
-70.0
-70.0
-68.1857557999
-66.4676840865
-64.8645849223
-63.3839059263
-62.0260349979
-60.7871112742
-59.6608533309
-58.6397367872
-57.7157423014
-57.7008208665
-58.2318406434
-58.2527244881
-57.9668306453
-57.5063999848
-57.7765949223
-56.8361587207
-56.0206917091
-55.3073884452
-54.6791602053
-54.1229179212
0
-70.0
-70.0
-70.0
-70.0
-67.9283911099
-66.0644794055
-65.2073164027
-64.162774721
-63.0406238879
-61.9093125917
-60.8102153943
-59.7670832294
-58.7923011562
-57.0710218737
-55.7792202417
-54.7881652545
-54.0105934203
-54.2070305392
-54.1613251258
0
-70.0
-70.0
-70.0
-70.0
-67.6957336749
-65.6999827573
-63.9558661149
-62.4208672589
-60.2425057034
-58.5707385799
-57.2586536865
-56.2061142943
-55.3443868491
-54.6258708204
-54.0172321758
0
-70.0
-70.0
-70.0
-70.0
-68.2877677641
-66.6275028304
-65.0537604425
-63.5843896616
-62.2266208711
-60.9810722344
-59.8443739779
-58.8108758914
-57.8737478431
-57.0256794194
-56.2593157178
-55.5675203063
-54.9435257158
-55.2010114377
-55.1588024896
-54.9381837044
-54.6178729764
-54.2484241071
0
-70.0
-70.0
-70.0
-70.0
-68.1872148963
-66.4699700042
-64.8672907355
-63.3867734831
-62.8489040155
-62.0745522011
-61.1841227058
-60.2537275851
-59.3303662598
-58.4420039226
-57.6042530563
-56.8247941012
-56.9262922582
-56.7329814104
-56.3692288547
-55.9153363595
-55.4224896504
-55.7426986365
-54.900067407
-54.2078197558
0
-70.0
-70.0
-70.0
-70.0
-67.8104068336
-66.6996373727
-65.4531877837
-64.1668784375
-63.7195302152
-62.9704702747
-62.0653519679
-61.0967692515
-60.12239398
-59.9970223511
-60.385231962
-60.2486499965
-59.8017458173
-59.1835451159
-58.4831731912
-57.7568442633
-57.0391520978
-56.3505650619
-55.702394005
-55.1000782373
-54.5453528355
-54.0376724999
0
-70.0
-70.0
-70.0
-70.0
-66.969751326
-64.5626104108
-62.6095721812
-60.9940968375
-59.6350084033
-58.4750550627
-57.4732478896
-56.5997219894
-55.832282383
-55.154075873
-54.5520161046
-54.0157130401
0
-70.0
-70.0
-70.0
-70.0
-66.9774204485
-64.5746253693
-62.6237941428
-60.1891689355
-58.3654215132
-56.9689923428
-55.8755017624
-55.0002240221
-55.1050499105
-54.9744437799
-54.7069319755
-54.366193827
0
-70.0
-70.0
-70.0
-70.0
-67.9475543527
-66.0945018193
-64.4228535719
-62.9157695044
-61.5576600804
-60.3342057567
-59.2323263039
-58.2401210888
-57.3467939234
-56.54257116
-55.8186184634
-55.1669595633
-54.5803989044
-54.0524492123
0
-70.0
-70.0
-70.0
-70.0
-67.9300079186
-65.2470124059
-63.105648018
-61.360641118
-59.0916156075
-57.4038131142
-56.1210045144
-55.1239525374
-54.3315896
0
-70.0
-70.0
-70.0
-70.0
-67.9115666231
-65.2181210429
-63.89144966
-61.7890651749
-60.1113323113
-58.7443148495
-57.6092938774
-56.6513048316
-55.0114679097
0
-70.0
-70.0
-70.0
-70.0
-67.850574469
-65.9425666681
-64.2430097653
-62.7251752981
-61.3669687746
-60.1498125679
-59.057858425
-58.0774239918
-57.1965825321
-56.4048582385
-55.6929950545
-55.0527773089
-54.4768874179
0
-70.0
-70.0
-70.0
-70.0
-68.294390702
-66.6378787665
-65.8860423129
-64.8820723637
-63.760287982
-63.4252077537
-62.7533193582
-61.9017423423
-60.9707380546
-60.0231108803
-59.0970975463
-58.2149196277
-57.3884488889
-56.6229514827
-55.9195546562
-55.2768647385
-54.6920219632
-54.1613822326
0
-70.0
-70.0
-70.0
-70.0
-67.1141261973
-63.968797709
-61.5926406925
-59.7571917928
-57.4873493932
-55.852532307
-55.4732243118
-55.8598653709
-55.8731878273
-55.6620750403
-55.3233382
-54.0993181559
-54.0249288575
0
-70.0
-70.0
-70.0
-70.0
-67.965603184
-66.1227783215
-64.4563241267
-62.9512408056
-61.5931494527
-60.3685229926
-59.2647963501
-58.2704004862
-57.3747496184
-56.5682007771
-56.661998113
-56.4728765775
-56.1203077703
-55.6814228936
-55.2053778711
-54.7229049286
-54.2526576655
0
-70.0
-70.0
-70.0
-70.0
-68.3716334248
-66.7588923656
-65.2092846512
-63.7492105341
-62.3915257128
-61.1405306296
-60.8152492253
-59.4162387419
-58.2396244938
-57.2356684618
-57.1887725606
-56.8976759345
-56.4697620943
-56.7940217204
-56.7387767721
-55.6376705773
-54.7657511746
-54.0604078271
0
-70.0
-70.0
-70.0
-70.0
-67.9160614997
-66.0451630162
-64.3644518255
-62.853876717
-60.6757357613
-58.9896599958
-57.65502587
-56.5757445322
-55.6856509117
-54.9387397091
-54.3026349972
-54.5742176702
0
-70.0
-70.0
-70.0
-70.0
-68.7705187312
-67.3838126789
-65.9489952915
-64.5331383494
-63.1758529058
-61.8989532095
-60.7128482847
-59.6207570536
-58.6214770799
-57.711193193
