-70.0
-70.0
-70.0
-70.0
-62.0
-57.4666666667
-55.1644444444
-54.2776296296
-54.4878697531
0
-70.0
-70.0
-70.0
-70.0
-70.0
-70.0
-70.0
-70.0
-64.2630928212
-61.0121787532
-60.361224354
-60.291944236
-63.2695200724
-69.7137725912
-70.0
-70.0
-70.0
-70.0
-70.0
-70.0
-70.0
-64.6116225431
-61.5582086508
-60.0075533604
-54.4843158149
0
-70.0
-70.0
-70.0
-70.0
-70.0
-70.0
-70.0
-70.0
-70.0
-70.0
-70.0
-63.3994473714
-60.65160353
-67.1181457065
-70.0
-70.0
-70.0
-70.0
-70.0
-64.1572659121
-60.8463832623
-59.1649742304
-58.5172963369
0
-70.0
-70.0
-70.0
-70.0
-70.0
-70.0
-70.0
-70.0
-70.0
-70.0
-70.0
-70.0
-69.4997683554
-69.2163037568
-69.0723482057
-69.0168966016
-69.0163957524
-70.0
-70.0
-70.0
-70.0
-70.0
-70.0
-70.0
-70.0
-64.4849456509
-61.3597481865
-60.7141104381
-60.6362574411
-55.2843864443
0
-70.0
-70.0
-70.0
-70.0
-70.0
-70.0
-70.0
-70.0
-70.0
-70.0
-70.0
-63.6044008364
-59.9628899239
-58.1125537122
-60.1116911832
-65.9368149233
-70.0
-70.0
-70.0
-70.0
-70.0
-70.0
-70.0
-70.0
-70.0
-70.0
-70.0
-70.0
-70.0
-70.0
-70.0
-70.0
-70.0
-70.0
-70.0
-70.0
-70.0
-70.0
-70.0
-70.0
-70.0
-70.0
-70.0
-70.0
-70.0
-70.0
-70.0
-70.0
-65.4467739501
-62.8666125219
-57.6674063587
-54.9589691154
0
-70.0
-70.0
-70.0
-70.0
-70.0
-70.0
-70.0
-70.0
-65.229378409
-60.1926928408
-57.4975917385
-55.3362964614
-54.9547666229
-56.8296277996
-70.0
-70.0
-70.0
-70.0
-70.0
-70.0
-70.0
-70.0
-70.0
-70.0
-70.0
-70.0
-70.0
-70.0
-65.0155223196
-66.497681604
-70.0
-70.0
-70.0
-70.0
-70.0
-70.0
-70.0
-70.0
-70.0
-70.0
-70.0
-70.0
-70.0
-70.0
-70.0
-70.0
-70.0
-70.0
-70.0
-70.0
-70.0
-70.0
-70.0
-63.3150959882
-59.9520111227
-59.3387993076
-61.7437162194
-65.1865116578
-67.8358868094
-63.1121894731
-60.5075647556
-59.2612044332
-58.871348092
-60.3636344166
-60.8052184089
-63.0652361085
-59.3160656207
-58.4873633132
-58.3738964849
-58.6933531717
0
-70.0
-70.0
-70.0
-70.0
-70.0
-70.0
-70.0
-70.0
-70.0
-70.0
-70.0
-70.0
-63.9644248054
-60.5442655285
-59.0334665281
-59.8372020852
-70.0
-70.0
-70.0
-70.0
-70.0
-70.0
-70.0
-70.0
-70.0
-70.0
-70.0
-63.2267369702
-59.3885545867
-58.5140245229
-63.5936277892
-70.0
-70.0
-70.0
-70.0
-70.0
-70.0
-70.0
-70.0
-70.0
-70.0
-70.0
-70.0
-70.0
-70.0
-70.0
-70.0
-70.0
-70.0
-70.0
-70.0
-70.0
-70.0
-70.0
-69.6875984035
-69.5105708322
-69.420668595
-68.9099092254
-70.0
-70.0
-70.0
-70.0
-70.0
-70.0
-70.0
-70.0
-70.0
-70.0
-69.7188063587
-69.5594632953
-69.9229786358
-70.0
-70.0
-70.0
-70.0
-67.4258578419
-65.9671772857
-65.2263963757
-64.9410479506
-59.3211866798
-56.3052303614
-54.0399403868
0
-70.0
-70.0
-70.0
-70.0
-70.0
-70.0
-70.0
-70.0
-64.8191893022
-61.8833965735
-59.4001817304
-59.2634909954
-59.5393601879
-60.6868050624
-63.4175627453
-69.7317172536
-70.0
-70.0
-70.0
-70.0
-70.0
-64.6973346
-61.6924908733
-60.1665016081
-54.6527654029
0
-70.0
-70.0
-70.0
-70.0
-70.0
-70.0
-70.0
-70.0
-70.0
-70.0
-70.0
-70.0
-70.0
-69.6990395814
-69.5284953442
-63.3601013109
-67.306361055
-70.0
-70.0
-70.0
-70.0
-70.0
-70.0
-64.7557135096
-61.783951165
-60.2747620528
-59.6934231837
-59.6881724227
-60.0287495521
-56.8634958294
-60.6479358998
-66.931583752
-70.0
-70.0
-70.0
-70.0
-70.0
-70.0
-70.0
-70.0
-69.490093487
-69.201146463
-70.0
-70.0
-70.0
-70.0
-70.0
-70.0
-70.0
-70.0
-66.2983542128
-63.2123159534
-61.5869491326
-60.892164069
-60.7788875619
-61.0182920723
-61.4613250427
-62.0117673236
-62.6083071147
-63.8539029308
-70.0
-70.0
-70.0
-70.0
-70.0
-67.5404491296
-66.1467036363
-65.4388995525
-65.1662537838
-65.1637911964
-65.2654440337
-59.0987947346
-55.762178664
-55.0821908615
-58.8169828103
-68.2740157137
-70.0
-70.0
-70.0
-70.0
-70.0
-70.0
-70.0
-70.0
-70.0
-70.0
-70.0
-70.0
-70.0
-70.0
-70.0
-70.0
-66.565367443
-64.6190756607
-59.741775847
-57.1573367639
-56.0347620886
-55.8267252138
-56.1743455818
-56.8437729499
-57.6955260772
-61.6061291147
-70.0
-70.0
-70.0
-70.0
-70.0
-70.0
-70.0
-70.0
-70.0
-70.0
-70.0
-70.0
-70.0
-70.0
-70.0
-70.0
-70.0
-70.0
-70.0
-70.0
-70.0
-70.0
-70.0
-69.2333795936
-62.6239472472
-66.8840136202
-70.0
-70.0
-70.0
-70.0
-70.0
-70.0
-70.0
-70.0
-69.649508995
-70.0
-70.0
-70.0
-70.0
-70.0
-70.0
-70.0
-70.0
-65.6151860165
-63.1304580925
-61.8686060684
-62.3651997884
-63.2509826941
-64.007419681
-64.6610345505
-65.2311689872
-67.4632783185
-70.0
-70.0
-70.0
-70.0
-70.0
-70.0
-70.0
-70.0
-70.0
-70.0
-70.0
-70.0
-70.0
-70.0
-70.0
-70.0
-70.0
-70.0
-70.0
-70.0
-70.0
-70.0
-64.1464870291
-60.4961630123
-58.6227631684
-57.8779644899
-57.835153133
-58.2149612145
-58.8356806896
-64.9801430769
-70.0
-70.0
-70.0
-70.0
-70.0
-70.0
-70.0
-70.0
-70.0
-70.0
-63.4421312716
-59.7260056589
-57.8062814007
-63.2744915313
-70.0
-70.0
-70.0
-70.0
-70.0
-70.0
-70.0
-70.0
-70.0
-70.0
-70.0
-70.0
-70.0
-70.0
-70.0
-70.0
-70.0
-70.0
-70.0
-70.0
-70.0
-70.0
-70.0
-70.0
-70.0
-70.0
-70.0
-70.0
-70.0
-70.0
-70.0
-70.0
-70.0
-70.0
-70.0
-70.0
-70.0
-70.0
-70.0
-70.0
-70.0
-70.0
-70.0
-70.0
-70.0
-70.0
-70.0
-70.0
-70.0
-70.0
-70.0
-70.0
-70.0
-70.0
-70.0
-70.0
-70.0
-70.0
-70.0
-70.0
-70.0
-70.0
-70.0
-70.0
-70.0
-70.0
-70.0
-70.0
-70.0
-67.145366977
-65.5277415972
-64.7062416495
-65.3863748051
-64.9482432352
-64.8537561854
-64.9686054159
-66.0614720055
-70.0
-70.0
-70.0
-70.0
-70.0
-70.0
-70.0
-70.0
-69.9583340975
-69.9347234194
-69.9227328986
-69.9181141561
-69.9180724388
-69.9207783271
-70.0
-70.0
-70.0
-70.0
-70.0
-70.0
-70.0
-70.0
-70.0
-65.2414312506
-62.5449089592
-61.1754986191
-61.4504715968
-60.9008907566
-61.3016130115
-64.9668785619
-70.0
-70.0
-70.0
-70.0
-70.0
-70.0
-70.0
-70.0
-70.0
-70.0
-70.0
-70.0
-70.0
-70.0
-70.0
-70.0
-67.8135566791
-66.9450999083
-66.6847447378
-66.6390401443
-67.6651217199
-68.3585999412
-68.8294002093
-68.1899188055
-61.1396950992
-58.7513563982
-61.5471434178
-69.83396067
-70.0
-70.0
-70.0
-70.0
-70.0
-70.0
-70.0
-64.2082721656
-60.9262930594
-59.2595624937
-57.6198223961
-61.4402554941
-70.0
-70.0
-70.0
-70.0
-68.6895300455
-67.9469304047
-66.6088247156
-65.9190004784
-65.0855836978
-64.4160141729
-64.2004053189
-64.2643598292
-57.7670496372
-54.2764285341
-54.0081359168
-61.0254871348
-70.0
-70.0
-70.0
-70.0
-69.6577134521
-69.4637510749
-70.0
-70.0
-70.0
-70.0
-70.0
-69.1701222712
-70.0
-70.0
-70.0
-70.0
-70.0
-70.0
-70.0
-70.0
-70.0
-70.0
-70.0
-70.0
-63.2917043756
-59.9236604941
-60.8100187739
-65.0845239769
-69.7032606646
-70.0
-70.0
-64.9164624261
-62.0357911342
-60.5728619879
-60.0093424339
-59.0043120236
-58.7678167099
-59.0003256314
-59.9441077833
-63.710272343
-70.0
-70.0
-70.0
-70.0
-66.8949362559
-62.802066801
-60.5862762346
-59.570592687
-58.3478479112
-58.0026061153
-58.1953741673
-59.5645989872
-58.0651725583
-61.6339002089
-65.5580838241
-68.4394607723
-70.0
-65.0050041799
-61.2622980437
-59.3079310938
-59.4906982616
-54.3333846695
0
-70.0
-70.0
-70.0
-70.0
-70.0
-70.0
-70.0
-70.0
-70.0
-70.0
-64.4222004589
-61.2614473856
-59.6562806288
-59.2472087903
-54.3857880023
-56.0119139075
-58.7440035445
-61.7581564798
-59.6957642018
-58.9998033615
-60.0820374756
-61.9584409656
-63.3523350274
-63.4102720308
-63.6646918319
-64.0285206514
-64.4458672548
-65.0914005003
-65.4422717618
-67.2882071256
-70.0
-70.0
-70.0
-70.0
-70.0
-70.0
-70.0
-70.0
-70.0
-70.0
-70.0
-70.0
-70.0
-70.0
-70.0
-70.0
-70.0
-70.0
-70.0
-70.0
-70.0
-70.0
-70.0
-70.0
-70.0
-64.2710092753
-61.4775663671
-60.933054553
-63.9673652022
-69.439641756
-70.0
-67.0545090578
-65.3853975239
-64.5377506861
-64.2112375605
-59.5324768191
-57.4074711469
-56.5522187054
-56.7130765481
-58.3541040797
-69.6197908409
-70.0
-70.0
-70.0
-70.0
-70.0
-70.0
-70.0
-70.0
-70.0
-70.0
-70.0
-70.0
-70.0
-69.0849285434
-70.0
-70.0
-70.0
-66.1079775877
-63.1987945171
-57.7911026352
0
-70.0
-70.0
-70.0
-70.0
-70.0
-70.0
-70.0
-70.0
-70.0
-70.0
-70.0
-70.0
-66.8119877652
-69.9889139645
-68.6357847325
-67.8693810356
-67.4805594496
-67.3312478496
-68.2916008524
-68.9247592923
-69.3404957131
-69.6119210419
-63.694926016
-61.197743881
-62.7901435591
-65.9344346619
-70.0
-70.0
-70.0
-70.0
-70.0
-64.2245087433
-61.7541995004
-60.5468739712
-60.3588131403
-62.0641568774
-59.6335402595
-59.9944756736
-60.981800479
-61.874802013
-57.0641589156
-54.60896776
0
-70.0
-70.0
-70.0
-70.0
-70.0
-70.0
-70.0
-70.0
-70.0
-70.0
-70.0
-66.6940131365
-65.4852873227
-65.3498632702
-66.501232971
-67.5245040112
-70.0
-70.0
-70.0
-70.0
-70.0
-70.0
-70.0
-64.3765824558
-61.9720342113
-61.0244921994
-60.1339486852
-61.8446226854
-63.9467761387
-60.6811664134
-59.2027524386
-58.6756123057
-58.7368078158
-59.1489648613
0
-70.0
-70.0
-70.0
-70.0
-70.0
-70.0
-70.0
-68.3719395732
-67.4493719979
-66.9808523862
-66.800378873
-66.7987488026
-65.9218206635
-59.1461435577
-55.442532509
-54.7055883946
-57.9883970172
-65.3144179393
-70.0
-70.0
-70.0
-70.0
-70.0
-70.0
-70.0
-70.0
-70.0
-70.0
-70.0
-70.0
-70.0
-70.0
-70.0
-70.0
-70.0
-70.0
-70.0
-70.0
-70.0
-70.0
-70.0
-70.0
-70.0
-70.0
-70.0
-70.0
-70.0
-70.0
-70.0
-70.0
-70.0
-70.0
-70.0
-70.0
-70.0
-70.0
-70.0
-69.4576306027
-70.0
-70.0
-70.0
-70.0
-70.0
-70.0
-70.0
-70.0
-70.0
-69.9566620656
-69.9321039028
-69.9196322084
-69.2111244144
-69.4775499084
-67.5059960963
-70.0
-70.0
-70.0
-70.0
-70.0
-70.0
-70.0
-70.0
-70.0
-70.0
-70.0
-70.0
-70.0
-70.0
-70.0
-70.0
-70.0
-70.0
-70.0
-70.0
-70.0
-70.0
-70.0
-70.0
-70.0
-70.0
-70.0
-70.0
-70.0
-70.0
-70.0
-70.0
-70.0
-70.0
-70.0
-70.0
-70.0
-70.0
-70.0
-70.0
-70.0
-70.0
-70.0
-70.0
-70.0
-70.0
-70.0
-70.0
-70.0
-70.0
-70.0
-70.0
-70.0
-70.0
-70.0
-70.0
-70.0
-70.0
-70.0
-70.0
-66.7032194349
-64.8350437813
-63.8863035965
-63.5208493657
-58.7027337002
-56.1884398442
-55.1402488692
-56.5326275372
-60.4025213213
-57.0578186353
-55.7014019271
-55.7144496157
-56.6512366258
-57.86151714
-58.9923015438
-60.2401952593
-61.7214801448
-68.8900559013
-70.0
-70.0
-70.0
-67.2760596273
-66.7318167766
-66.5142105069
-66.4998397282
-66.6078892701
-66.7857893529
-66.9996697574
-67.4365090083
-70.0
-70.0
-70.0
-70.0
-70.0
-70.0
-70.0
-70.0
-70.0
-70.0
-70.0
-63.3552522442
-59.5898951826
-54.8484020469
-56.7832004304
-56.8695547672
-57.359048877
-59.0740509771
-60.4672505379
-61.6209285898
-62.5924378013
-64.224731204
-64.7299495789
-66.2549052062
-65.1781734728
-68.8150098525
-69.2587338377
-69.9154825568
-70.0
-70.0
-70.0
-70.0
-70.0
-70.0
-70.0
-63.4072155992
-59.6713044388
-60.8138274371
-69.3257488101
-70.0
-70.0
-70.0
-70.0
-70.0
-65.3722157611
-62.7498046924
-57.5291423392
-55.7950986527
-55.2281691524
-55.9359613693
-57.0319378481
-59.8492214031
-67.7288890954
-70.0
-70.0
-70.0
-70.0
-70.0
-65.4724805689
-60.5735528913
-57.9484111884
-56.7750457937
-56.5118583637
-56.803550627
-57.4184476307
-58.2067709119
-61.2540475564
-70.0
-70.0
-70.0
-70.0
-70.0
-70.0
-70.0
-70.0
-70.0
-70.0
-70.0
-62.3549217369
-58.0227107211
-59.7091651346
-67.9197406432
-69.8775707155
-68.4071531754
-68.2623031011
-68.2333162865
-67.5711099511
-67.2547491515
-66.6008854778
-66.321871091
-66.2770667559
-66.3742819296
-67.4202094723
-70.0
-70.0
-70.0
-70.0
-70.0
-70.0
-70.0
-70.0
-69.4993277017
-70.0
-70.0
-70.0
-63.3534718338
-59.5871058729
-60.2129005999
-66.2322638009
-70.0
-70.0
-70.0
-70.0
-70.0
-70.0
-70.0
-70.0
-69.7827160482
-69.6595884755
-69.5970589827
-69.5729726543
-70.0
-70.0
-70.0
-70.0
-70.0
-70.0
-70.0
-70.0
-70.0
-70.0
-70.0
-70.0
-70.0
-70.0
-70.0
-70.0
-69.9210253013
-70.0
-70.0
-70.0
-70.0
-70.0
-70.0
-70.0
-70.0
-70.0
-70.0
-70.0
-70.0
-70.0
-70.0
-70.0
-70.0
-70.0
-70.0
-70.0
-70.0
-70.0
-70.0
-70.0
-70.0
-70.0
-70.0
-70.0
-70.0
-70.0
-70.0
-70.0
-70.0
-70.0
-70.0
-70.0
-64.5013100513
-60.3854451502
-58.2364113712
-58.2621814485
-64.3983220084
-70.0
-70.0
-70.0
-70.0
-70.0
-70.0
-70.0
-70.0
-70.0
-69.2949863265
-68.8954785781
-68.6925913099
-68.8235649153
-70.0
-70.0
-70.0
-66.6373987332
-64.731924682
-59.875353873
-54.9655662585
0
-70.0
-70.0
-70.0
-70.0
-70.0
-70.0
-70.0
-70.0
-70.0
-70.0
-70.0
-70.0
-64.390125594
-65.1158964729
-70.0
-70.0
-70.0
-70.0
-70.0
-70.0
-70.0
-70.0
-70.0
-70.0
-70.0
-70.0
-70.0
-70.0
-70.0
-70.0
-68.8348706238
-69.1161029806
-69.3143056286
-69.4560836964
-70.0
-70.0
-70.0
-70.0
-70.0
-70.0
-70.0
-70.0
-70.0
-70.0
-70.0
-70.0
-70.0
-70.0
-70.0
-63.6553272638
-59.7639169028
-62.708383838
-70.0
-70.0
-70.0
-70.0
-70.0
-70.0
-70.0
-70.0
-70.0
-70.0
-70.0
-70.0
-63.5810642878
-64.2558280651
-70.0
-70.0
-70.0
-70.0
-70.0
-70.0
-69.0169278861
-69.4594025952
-69.7429073341
-63.3312735773
-59.706584204
-59.4071478601
-67.5471868134
-70.0
-70.0
-70.0
-70.0
-70.0
-70.0
-70.0
-70.0
-70.0
-70.0
-70.0
-70.0
-70.0
-70.0
-70.0
-70.0
-70.0
-70.0
-70.0
-70.0
-70.0
-70.0
-70.0
-70.0
-70.0
-70.0
-70.0
-70.0
-70.0
-70.0
-70.0
-70.0
-70.0
-70.0
-70.0
-63.6206857948
-60.0057410785
-59.0459106198
-64.4273882749
-70.0
-70.0
-70.0
-70.0
-70.0
-67.2882011851
-65.75151519
-64.9711197533
-63.6705118331
-63.1011300199
-62.4339077091
-62.285777399
-62.4540399663
-62.9500247861
-60.5102336601
-64.0905583229
-67.481524222
-70.0
-70.0
-70.0
-65.8291138949
-63.4656117687
-62.265323434
-60.8419914277
-60.2932591763
-59.7320222974
-59.7375460935
-59.5273866124
-60.6219966174
-66.9929002828
-70.0
-70.0
-70.0
-67.036440129
-65.3570895354
-64.5042428614
-64.1757267616
-64.172759543
-65.3652205485
-66.2351898002
-66.8826650245
-68.0261955543
-70.0
-70.0
-70.0
-70.0
-70.0
-70.0
-70.0
-64.0526181252
-59.3413943828
-56.8699469913
-55.82474699
0
-70.0
-70.0
-70.0
-70.0
-70.0
-70.0
-70.0
-70.0
-70.0
-70.0
-64.4323243504
-61.277308149
-59.6750548232
-59.0578676669
-59.0522931176
-65.8891053938
-70.0
-70.0
-70.0
-70.0
-70.0
-70.0
-70.0
-64.1659992989
-60.8600655682
-59.1811698109
-58.5344600294
-58.5286188263
-59.9068168373
-61.4897178772
-70.0
-70.0
-70.0
-70.0
-70.0
-70.0
-70.0
-70.0
-65.3331406691
-62.6885870483
-57.4566797519
0
-70.0
-70.0
-70.0
-70.0
-70.0
-70.0
-70.0
-70.0
-68.3518704622
-65.0845970575
-64.2490613371
-62.9509988802
-58.0367577398
-55.4869877975
-54.4408929055
-54.3318728735
-55.6440163004
-60.7156102221
-70.0
-70.0
-70.0
-70.0
-70.0
-70.0
-70.0
-70.0
-70.0
-70.0
-70.0
-70.0
-70.0
-70.0
-70.0
-70.0
-70.0
-70.0
-70.0
-70.0
-70.0
-70.0
-70.0
-63.9199775946
-62.3994772535
-63.8138433626
-67.6263733652
-70.0
-70.0
-70.0
-70.0
-70.0
-69.4655327488
-69.1626679731
-63.1832388927
-60.1561401481
-58.668009563
-59.2236905191
-69.1223236575
-70.0
-70.0
-70.0
-70.0
-70.0
-70.0
-70.0
-70.0
-69.2683165958
-68.8536960001
-68.0875782204
-68.1927810778
-70.0
-70.0
-70.0
-70.0
-70.0
-70.0
-70.0
-70.0
-70.0
-62.4904869652
-62.6054522575
-68.9144676802
-70.0
-70.0
-70.0
-70.0
-70.0
-70.0
-70.0
-70.0
-70.0
-70.0
-70.0
-63.2118585122
-59.57374496
-58.1794186634
-57.4978939132
-68.1012486776
-70.0
-70.0
-70.0
-70.0
-70.0
-70.0
-70.0
-70.0
-63.4798991592
-59.7851753494
-57.9088352186
-57.1860699661
-57.6100384481
-62.291654692
-70.0
-70.0
-70.0
-70.0
-70.0
-70.0
-64.6060448833
-60.5504852764
-58.4321333364
-57.5467177278
-57.4305777718
-58.4267628689
-66.5512932673
-70.0
-70.0
-70.0
-70.0
-70.0
-70.0
-70.0
-70.0
-70.0
-70.0
-63.9043032357
-60.6645750256
-62.0383813382
-70.0
-70.0
-70.0
-70.0
-70.0
-65.2360105521
-62.5364165316
-61.1654462349
-54.9089541207
0
-70.0
-70.0
-70.0
-70.0
-70.0
-70.0
-70.0
-70.0
-67.2370366186
-65.6713573692
-65.7445506644
-65.9303149528
-66.177429694
-67.1568212527
-68.1725621461
-67.8689335721
-70.0
-70.0
-70.0
-70.0
-70.0
-70.0
-64.2814349958
-61.0409148268
-59.3952388978
-58.7613253772
-58.7555997522
0
-70.0
-70.0
-70.0
-70.0
-70.0
-70.0
-70.0
-70.0
-70.0
-70.0
-70.0
-70.0
-70.0
-70.0
-70.0
-70.0
-70.0
-68.9449294234
-68.6925190596
-67.5897937704
-67.0084988046
-66.7594385316
-66.7180210834
-66.8025699117
-59.5012610987
-56.0909263437
-59.8164667363
-66.2433631894
-70.0
-70.0
-70.0
-70.0
-70.0
-64.2465485365
-60.9862593738
-59.3305438971
-58.6927631479
-58.6870025934
-59.9606458475
-62.4915005718
-65.9454206293
-62.1088103017
-62.1580919913
-65.0235831534
-68.2031760055
-70.0
-70.0
-70.0
-64.2522912228
-58.6619229158
-55.6856378343
-54.5825120499
-56.15257711
-59.2821976302
-65.2097082435
-70.0
-70.0
-70.0
-70.0
-70.0
-70.0
-63.7269392658
-60.1722048497
-58.3669573718
-57.6715769726
-57.8865461223
-57.0117222658
-67.7516485161
-70.0
-70.0
-70.0
-69.4289703366
-69.1053868607
-67.9410595309
-68.2525668186
-68.4977189639
-68.6948862856
-68.8566904691
-68.9918832969
-69.1066028837
-69.3411356536
-70.0
-70.0
-70.0
-70.0
-70.0
-70.0
-70.0
-70.0
-70.0
-70.0
-70.0
-70.0
-70.0
-70.0
-70.0
-70.0
-70.0
-70.0
-66.8806414799
-65.1130049852
-63.2156236508
-62.3033407285
-62.0125262842
-62.1042867414
-62.4225334578
-62.8660637056
-63.5822241271
-70.0
-70.0
-70.0
-70.0
-70.0
-70.0
-70.0
-70.0
-70.0
-70.0
-70.0
-70.0
-70.0
-70.0
-70.0
-70.0
-70.0
-70.0
-70.0
-70.0
-70.0
-70.0
-69.8741764883
-69.8028764983
-69.2111117321
-61.882356359
-60.0709153411
-66.7183560836
-70.0
-70.0
-70.0
-70.0
-70.0
-70.0
-70.0
-70.0
-70.0
-70.0
-70.0
-70.0
-70.0
-70.0
-70.0
-70.0
-70.0
-70.0
-70.0
-70.0
-70.0
-63.6075507518
-59.9851628444
-58.1455580052
-57.5242835704
-57.5673761238
-58.6676041961
-64.7148645969
-70.0
-70.0
-70.0
-70.0
-70.0
-70.0
-70.0
-70.0
-70.0
-69.2581033356
-70.0
-70.0
-70.0
-70.0
-70.0
-70.0
-70.0
-70.0
-70.0
-70.0
-70.0
-70.0
-70.0
-70.0
-70.0
-70.0
-70.0
-70.0
-70.0
-67.0163680884
-66.3253426099
-66.0332159024
-64.9906171075
-64.5320372604
-64.4391547767
-64.5687867939
-64.8276064445
-58.6391867401
-57.0563844685
-65.2894321326
-70.0
-70.0
-70.0
-70.0
-70.0
-70.0
-70.0
-70.0
-70.0
-70.0
-70.0
-64.1743576025
-61.4967338252
-63.0980366548
-69.8030221516
-70.0
-70.0
-70.0
-70.0
-70.0
-70.0
-70.0
-63.6385547476
-60.0337357712
-57.2615808565
-56.0229018791
-56.9705640845
-62.2799052075
-70.0
-70.0
-70.0
-70.0
-70.0
-70.0
-64.2568934353
-61.0024663819
-58.3574352838
0
-70.0
-70.0
-70.0
-70.0
-70.0
-70.0
-70.0
-70.0
-70.0
-70.0
-70.0
-70.0
-70.0
-70.0
-70.0
-70.0
-70.0
-70.0
-70.0
-70.0
-70.0
-70.0
-70.0
-63.4383346484
-57.3867242824
0
-70.0
-70.0
-70.0
-70.0
-70.0
-70.0
-70.0
-70.0
-70.0
-65.1045180486
-62.3304116095
-60.9216006924
-60.3789274524
0
-70.0
-70.0
-70.0
-70.0
-70.0
-70.0
-70.0
-70.0
-66.4703098908
-64.4701521622
-63.4543857863
-63.0631131013
-63.0595790535
-63.2888059897
-63.6500486185
-68.8524842829
-70.0
-70.0
-70.0
-70.0
-70.0
-65.9118513854
-63.5952338371
-62.4187555135
-61.965576669
-60.9615098747
-60.6603528023
-61.224301545
-65.5054096668
-65.1157163434
-69.2952093632
-70.0
-70.0
-70.0
-70.0
-70.0
-70.0
-70.0
-70.0
-70.0
-70.0
-70.0
-70.0
-70.0
-70.0
-70.0
-70.0
-70.0
-70.0
-70.0
