-70.0
-70.0
-70.0
-70.0
-69.2962962963
-68.8975308642
-68.6950205761
-68.6170137174
-68.6163091449
-60.7936966728
-56.5319226337
-55.9800441225
-57.5659988783
-60.859149547
-63.3117905188
-65.006315418
-67.187202852
-68.5894952173
-69.6530314955
-70.0
-63.3518771275
-57.3863852775
-54.6238805581
-54.0754076109
-55.8830908394
-57.676414652
-58.4177026624
0
-70.0
-70.0
-70.0
-70.0
-70.0
-70.0
-70.0
-70.0
-70.0
-70.0
-70.0
-70.0
-70.0
-70.0
-70.0
-70.0
-70.0
-70.0
-70.0
-70.0
-70.0
-70.0
-70.0
-70.0
-70.0
-70.0
-70.0
-70.0
-70.0
-70.0
-63.7595567255
-61.0389681657
-59.5190954874
-58.9565353642
-59.4307623421
-60.2709644755
-61.0993869396
-63.2250854598
-57.9994641528
-54.1121804651
0
-70.0
-70.0
-70.0
-70.0
-70.0
-70.0
-70.0
-64.1143458228
-61.4135812037
-60.0793363922
-59.0056069115
-59.1242778145
-60.9807961018
-62.6106072989
-63.8348071072
-64.9638300954
-66.5427268613
-67.8120362493
-68.8674133198
-70.0
-70.0
-70.0
-64.0604283936
-60.8595785574
-59.2437493704
0
-70.0
-70.0
-70.0
-70.0
-70.0
-70.0
-70.0
-70.0
-70.0
-65.4795326897
-63.6396560413
-63.1435579436
-63.4910326587
-64.8236615433
-60.0895498246
-57.8036603979
-57.230164689
-57.7587942966
-58.9138424601
-60.1870240586
-61.2780322157
-62.2233693694
-63.4676972406
-65.1664264312
-66.8096062075
-67.901860533
-68.8474400796
-69.4532064715
-70.0
-70.0
-70.0
-70.0
-69.7373046602
-69.7704814492
-70.0
-70.0
-70.0
-70.0
-70.0
-70.0
-70.0
-70.0
-70.0
-70.0
-70.0
-70.0
-70.0
-64.7403536867
-63.8886282719
-60.4356862883
-58.8769815474
-58.8680815402
-59.2338054845
-59.8121130016
-60.4986937452
-61.8027752012
-56.8885258781
-54.6073741458
-54.6582729732
-57.0093443859
-59.1863424207
-61.0413761238
-62.4530171416
-64.0156958768
-65.3717099632
-66.5855207703
-67.8575538773
-70.0
-70.0
-70.0
-70.0
-70.0
-63.6179391786
-61.6162940332
-60.9037706702
-60.7794642967
-61.4249397103
-62.7027248678
-63.899453434
-64.8208421259
-65.8910381709
-67.499387888
-70.0
-70.0
-70.0
-70.0
-70.0
-70.0
-70.0
-63.8249777944
-59.543023643
-58.6011903165
-59.345950573
-60.5701950162
-61.8386132645
-62.2478650016
-63.1730159625
-64.3611738343
-65.9806774017
-59.4052785357
-56.4101701176
-55.261402767
-55.8567866661
-57.349001353
-59.2707495845
-61.2303223145
-62.6983885421
-64.1886091544
-58.6559480215
-55.7144864077
-55.4250139541
-55.977160534
-56.7758764641
-56.8882787898
-57.7752316055
-60.2711266852
-62.3116516345
-64.0164741483
-58.9459125209
-57.2572285579
-56.3165465088
-56.2650371124
-57.2432168466
-58.4441258129
-59.795492479
-61.4801395375
-63.9561077025
-65.8733880005
-67.9647880917
-70.0
-70.0
-70.0
-70.0
-70.0
-70.0
-70.0
-70.0
-70.0
-70.0
-70.0
-70.0
-70.0
-64.5361733445
-61.65943836
-60.3978755353
-55.4160549522
0
-70.0
-70.0
-70.0
-70.0
-67.1986077491
-66.1739357279
-67.1983987113
-67.2456499006
-67.6094747525
-67.9074538385
-67.6382390566
-68.458210745
-69.7716780708
-64.1148824963
-61.3651366779
-60.2116872245
-60.7144970125
-61.4904619972
-62.2396922547
-63.1518756697
-63.9274565297
-64.7641608197
-66.5033242784
-69.223088208
-70.0
-70.0
-70.0
-70.0
-63.8243734813
-60.5594429463
-60.3517895951
-55.9933827745
-54.4865615229
0
-70.0
-70.0
-70.0
-70.0
-70.0
-70.0
-70.0
-70.0
-70.0
-70.0
-70.0
-70.0
-70.0
-64.180430691
-61.5690977411
-60.4584720794
-60.3187168734
-60.5575731873
-61.015634536
-62.0037362306
-63.0820435891
-63.8481430039
-57.7512402981
-55.6910725111
-55.0232526689
-56.6637534978
-58.8367957139
-61.0652878668
-63.31373811
-64.8856836522
-66.230007265
-67.3496592609
-68.3137634854
-69.3066560796
-70.0
-70.0
-64.1867212286
-62.2703812821
-61.9844597343
-62.7386934875
-63.4332772898
-64.8517955621
-66.7000741587
-68.1634285524
-69.490274537
-70.0
-70.0
-70.0
-70.0
-70.0
-70.0
-70.0
-70.0
-70.0
-70.0
-70.0
-70.0
-70.0
-70.0
-70.0
-70.0
-65.0390868663
-63.1423493909
-63.6379579898
-64.9387345792
-66.6066809852
-67.8722261293
-68.7024790114
-68.2438814582
-68.027260211
-68.5916526387
-68.9772330073
-70.0
-70.0
-66.6106659568
-64.6900433323
-63.8849923873
-62.6643230708
-62.1764440453
-63.0128145856
-63.7475430903
-64.3967954235
-65.5334455834
-68.8904706249
-64.7072839167
-60.4406525243
-58.524688975
-57.9351675093
-57.9836157129
-58.413230778
0
-70.0
-70.0
-70.0
-70.0
-68.6380085457
-68.6356300549
-69.0343671438
-69.5096335788
-70.0
-70.0
-70.0
-70.0
-70.0
-70.0
-70.0
-70.0
-70.0
-70.0
-70.0
-70.0
-70.0
-70.0
-70.0
-70.0
-70.0
-70.0
-70.0
-70.0
-70.0
-65.67052218
-63.5164014153
-58.9231044648
-56.7056771334
-56.7598371666
-57.2336719477
0
-70.0
-70.0
-70.0
-70.0
-70.0
-70.0
-70.0
-70.0
-70.0
-70.0
-70.0
-70.0
-70.0
-70.0
-70.0
-70.0
-70.0
-63.6644464993
-60.2865494508
-59.6675192719
-59.6405171889
-60.498453592
-61.7725671227
-63.7396679997
-65.9958730953
-66.4907743962
-67.1255486761
-67.6022282883
-67.9681617793
-68.2554498146
-68.725926192
-69.0506811454
-70.0
-70.0
-70.0
-70.0
-70.0
-70.0
-70.0
-70.0
-70.0
-63.9871513489
-60.9864003709
-60.3487768497
-61.3599805195
-62.6326149639
-57.9784099722
-55.5866066448
-54.6319710935
-55.0097771367
-54.7371498172
-55.765916699
-57.510616738
-59.6110313747
-54.6849192628
0
-70.0
-70.0
-70.0
-70.0
-70.0
-70.0
-70.0
-70.0
-70.0
-70.0
-70.0
-70.0
-70.0
-63.0971411864
-59.0308322346
-56.956685789
-56.7378258469
-57.2524609543
-57.9861599869
-59.7700812637
-61.7813042979
-62.9381365467
-64.6091122617
-66.5348319256
-68.1673279685
-69.2079146619
-70.0
-70.0
-70.0
-70.0
-70.0
-70.0
-70.0
-69.9189729357
-70.0
-70.0
-70.0
-70.0
-64.2198867675
-61.1039800098
-59.5309699548
-59.1444323445
-59.8585969008
-60.8196970911
-56.7118555063
-54.6900887052
-55.1571848844
0
-70.0
-70.0
-70.0
-70.0
-70.0
-70.0
-70.0
-70.0
-70.0
-70.0
-70.0
-64.591924425
-61.0880591861
-60.2724791849
-60.107381878
-60.9097740424
-62.2933290128
-63.6053492679
-64.6057164453
-59.857687844
-58.1649138275
-57.9314805411
-57.4135563692
-57.9317268387
-59.1034873226
-54.3780353001
0
-70.0
-70.0
-70.0
-70.0
-70.0
-70.0
-70.0
-70.0
-70.0
-70.0
-64.4350507636
-62.2872548332
-61.4738189609
-61.0791971635
-61.4813047012
-63.1616807632
-64.3978503749
-65.3262904628
-65.3920980799
-65.8062048211
-67.3114688934
-68.9188995519
-70.0
-70.0
-64.2531372071
-61.9792400945
-61.1052954699
-56.7952828356
-55.6973043439
-55.5152737707
-56.7571923917
-57.9437704845
-59.7946187916
-62.1333102358
-64.3263304148
-66.164598175
-67.5901086831
-69.1188190774
-70.0
-64.2165309324
-61.9973915144
-61.2839207391
-61.8746307782
-63.4548273292
-65.7796718209
-60.9297965883
-58.5035130027
-57.5950701958
-57.9178761786
-58.7436713335
-59.6143593821
-60.8908906963
-57.0070273726
-55.5337599298
-55.5396193312
-56.3883936084
-57.9050190597
-59.4146126091
-61.0515534624
-62.9186264119
-64.6623038279
-66.4752166049
-67.6804570509
-68.6645065225
-70.0
-65.1081973561
-62.336175858
-60.9284237638
-60.6257593573
-61.3270818916
-62.4657400833
-57.1953801505
-55.7027616895
-56.040242753
-55.8696964627
-56.2383788064
-57.3100116027
-58.3759908938
-58.7695629283
-59.953809716
-61.4539959194
-63.2111929776
-64.0043263468
-64.8728077578
-66.1993517178
-66.998256199
-68.0067137653
-68.6782311795
-62.1323053033
-58.4670062675
-56.1839108239
-55.2745898637
-55.4044597205
-56.5958865418
-58.5660824115
-62.385803451
-58.7460396136
-55.8384271918
-54.7352331532
-55.3846114275
-55.4635280595
-55.9954271034
-56.7813856263
-58.7223615118
-61.2830820159
-64.4794669385
-67.484315963
-69.7373900724
-70.0
-70.0
-70.0
-70.0
-70.0
-70.0
-70.0
-70.0
-70.0
-70.0
-70.0
-70.0
-70.0
-70.0
-70.0
-70.0
-70.0
-70.0
-70.0
-70.0
-70.0
-70.0
-70.0
-70.0
-63.4629123631
-59.7585627021
-59.0646991512
-59.9648569474
-62.2401062797
-64.2800662309
-66.2730442861
-61.226985886
-55.5408197196
0
-70.0
-70.0
-70.0
-70.0
-70.0
-70.0
-70.0
-70.0
-70.0
-69.5183772506
-70.0
-70.0
-70.0
-70.0
-70.0
-70.0
-70.0
-70.0
-70.0
-70.0
-63.3102716466
-60.0816412862
-59.9430045054
-61.6470786022
-63.187554749
-63.7709135499
-59.095655603
-56.8748950935
-56.3354426276
-56.8951932937
-57.6678705835
-59.6007882977
-61.3378583921
-63.8634320315
-65.991517584
-68.3707139208
-70.0
-70.0
-70.0
-70.0
-70.0
-70.0
-70.0
-64.2347321614
-63.0843205751
-62.5020486476
-62.4171244933
-63.1537442461
-63.8239246229
-64.4319020282
-64.9822917371
-65.4797825045
-66.1199459661
-67.2229326095
-69.2444083069
-70.0
-70.0
-70.0
-70.0
-70.0
-70.0
-63.4082212079
-59.6728798924
-58.3744276435
-57.9828753727
-58.3607010015
-59.3889473844
-62.065606842
-65.2237611389
-67.4481857532
-69.3174099188
-70.0
-70.0
-70.0
-70.0
-70.0
-70.0
-70.0
-70.0
-70.0
-70.0
-70.0
-70.0
-70.0
-70.0
-70.0
-70.0
-70.0
-64.9178182931
-62.7843345653
-62.866171446
-62.8692689277
-63.6609254483
-64.5119841914
-65.2055532976
-65.7815096513
-66.8668141903
-67.8936669157
-69.2068852616
-62.5466250111
-58.9951183975
0
-70.0
-70.0
-70.0
-70.0
-67.3021875522
-62.5513123429
-60.2794530298
-59.6411676608
-60.2137576545
-62.6282280253
-64.3226359803
-65.9253369202
-67.9043547151
-63.2895142677
-60.9057990299
-60.1957058044
-55.7382685842
0
-70.0
-70.0
-70.0
-70.0
-69.0326770539
-69.3840500831
-70.0
-65.1700510127
-62.8620002446
-61.7151031089
-61.3031280571
-61.7792489084
-62.3389464556
-64.235336162
-65.9799078984
-67.7295131713
-63.0369116362
-60.4534536606
-59.7771526421
-59.7121336097
-60.1470830717
-61.3135538038
-62.5184792293
-64.4110410556
-66.1607726274
-67.3385858162
-68.1339875357
-68.6734289828
-68.0803313273
-61.0327300618
-58.4053382436
-59.2809677484
-55.8254098121
-54.604208666
0
-70.0
-70.0
-70.0
-70.0
-70.0
-70.0
-70.0
-64.8115209072
-62.673881867
-61.8550471302
-61.1873468893
-61.2953069513
-62.2555316385
-63.714431719
-66.1047124967
-68.530987774
-70.0
-70.0
-70.0
-70.0
-64.436896784
-61.8745745023
-61.6445402605
-62.3827746927
-64.8503812597
-66.6377102691
-68.1566191843
-69.2902654988
-70.0
-70.0
-70.0
-70.0
-70.0
-70.0
-70.0
-70.0
-70.0
-70.0
-70.0
-70.0
-64.6884344902
-59.9873582809
-57.5004672794
-57.0032140658
-56.5464158895
-57.1158782357
-58.0767594612
-60.2277977414
-62.2777648537
-64.5784722322
-66.7327599539
-69.3096778312
-64.1138405102
-61.192543434
-59.5780014619
-58.9566762299
-58.951991883
-59.4925620667
-60.4115418158
-54.9134884304
0
-70.0
-70.0
-70.0
-70.0
-70.0
-70.0
-70.0
-70.0
-70.0
-70.0
-70.0
-64.1160754204
-62.03638985
-61.7895118431
-61.9150679776
-62.7505722319
-63.4935223767
-64.3920130839
-65.4810250758
-66.4601786231
-67.8336204549
-69.1355048204
-70.0
-70.0
-70.0
-70.0
-70.0
-70.0
-70.0
-70.0
-70.0
-70.0
-70.0
-70.0
-63.294529639
-59.4947631012
-54.0742311579
0
-70.0
-70.0
-70.0
-70.0
-70.0
-70.0
-70.0
-70.0
-70.0
-70.0
-70.0
-70.0
-70.0
-70.0
-70.0
-70.0
-70.0
-70.0
-70.0
-70.0
-70.0
-70.0
-70.0
-70.0
-70.0
-70.0
-70.0
-70.0
-70.0
-70.0
-70.0
-70.0
-70.0
-70.0
-70.0
-64.0916961415
-60.7355154037
-59.7084613807
-59.836553612
-60.6718114714
-61.4839058047
-63.5637040981
-65.8676642347
-68.5024060283
-70.0
-70.0
-70.0
-63.5918507567
-60.5535079287
-59.045385301
-59.4178740525
-60.6594507045
-62.4863412363
-63.4743262234
-65.0806649253
-66.9805655806
-68.4145955969
-69.7482966378
-64.2059271962
-61.7004111225
-62.6888089566
-64.4549884408
-66.0635977512
-67.7998590553
-69.532461102
-70.0
-70.0
-70.0
-70.0
-70.0
-70.0
-70.0
-70.0
-70.0
-70.0
-70.0
-70.0
-70.0
-70.0
-70.0
-70.0
-70.0
-70.0
-70.0
-70.0
-70.0
-70.0
-70.0
-64.8734322235
-62.1597194566
-60.9818159627
-60.5756800009
-61.2615059178
-61.964284604
-55.3073679042
0
-70.0
-70.0
-70.0
-70.0
-70.0
-70.0
-70.0
-65.3186779835
-62.2297179355
-60.8033698274
-60.2541153016
-59.5457217057
-59.6558321589
-60.235690651
-61.7744061876
-57.6511425927
-56.8891988346
-57.6033030743
-59.1642130032
-60.9205907493
-62.4696569646
-63.0964234894
-57.9271477745
-54.8777466234
-54.5000303442
-54.9998624054
-56.7996325714
-58.3195069186
-60.2881474295
-62.4318787408
-64.7299609781
-66.4993684299
-67.67770062
-61.543037053
-55.8108043444
-54.0131287373
0
-70.0
-70.0
-70.0
-70.0
-65.5471625068
-63.3368508903
-62.8092111621
-62.9198758421
-64.3636801375
-65.4178400436
-66.2030746524
-66.8007795959
-69.30154899
-70.0
-70.0
-70.0
-70.0
-70.0
-70.0
-70.0
-70.0
-70.0
-64.7420431898
-61.7625343306
-61.6370405185
-62.0358799176
-62.6316944876
-63.6216030841
-64.6525647648
-67.0027900042
-68.5128321477
-70.0
-70.0
-70.0
-70.0
-70.0
-70.0
-64.6095689133
-61.774536047
-59.7453857172
-58.7168138845
0
-70.0
-70.0
-70.0
-70.0
-70.0
-65.3386979071
-61.9066359041
-60.3210561064
-61.1359595191
-62.1077609865
-58.3230348135
-57.1530138538
-57.5296783442
-58.3887676135
-60.0633250118
-61.974215205
-64.203437965
-59.1438839998
-54.1366888207
0
-70.0
-70.0
-70.0
-70.0
-70.0
-70.0
-70.0
-70.0
-70.0
-70.0
-70.0
-70.0
-70.0
-65.5531130722
-63.2581089839
-62.1058362315
-61.6776113723
-61.8825978701
-62.2761698398
-64.4754591235
-68.1858512746
-70.0
-70.0
-70.0
-70.0
-63.2361069197
-59.2687117646
-57.8623646154
-57.4231441719
0
-70.0
-70.0
-70.0
-70.0
-70.0
-70.0
-70.0
-70.0
-70.0
-70.0
-69.4811405129
-69.5845448434
-69.7547331044
-70.0
-70.0
-65.0653552563
-62.7766102683
-61.6441429332
-61.2431911011
-61.7223451834
-62.6901366891
-63.5144737029
-64.6476712753
-65.7127296667
-66.8950471516
-68.7405280805
-70.0
-70.0
-70.0
-70.0
-70.0
-70.0
-70.0
-70.0
-70.0
-70.0
-70.0
-70.0
-70.0
-70.0
-70.0
-70.0
-70.0
-70.0
-70.0
-70.0
-70.0
-70.0
-70.0
-70.0
-64.545551191
-62.8614116816
-62.6882932979
-62.9632569355
-63.7782052728
-63.8634903627
-64.3639477331
-65.4047598479
-67.3329009837
-68.3493536603
-69.4157315986
-70.0
-70.0
-70.0
-70.0
-70.0
-64.6519154898
-62.4436739847
-61.6012421894
-61.6317843433
-62.4037964438
-63.1202104893
-64.1862058402
-65.0195961894
-66.0425005716
-67.4115010862
-69.159855189
-70.0
-70.0
-70.0
-70.0
-70.0
-70.0
-70.0
-70.0
-70.0
-70.0
-70.0
-70.0
-70.0
-70.0
-69.9288633539
-64.1605192803
-62.6098943075
-61.9258561802
-61.7845714311
-62.1626296822
-57.3749901454
-54.9232400852
0
-70.0
-70.0
-70.0
-70.0
-70.0
-70.0
-64.0629803467
-58.9456839246
-57.7693207396
-57.6685995447
-59.2620268577
-54.9587317329
0
-70.0
-70.0
-70.0
-70.0
-70.0
-70.0
-70.0
-65.3258961711
-63.3361013502
-63.1886053272
-63.9124985483
-59.7199904126
-58.528325141
-54.4554836586
0
-70.0
-70.0
-70.0
-70.0
-70.0
-70.0
-70.0
-70.0
-70.0
-70.0
-70.0
-70.0
-70.0
-70.0
-70.0
-70.0
-70.0
-70.0
-70.0
-70.0
-70.0
-70.0
-70.0
-70.0
-70.0
-70.0
-70.0
-70.0
-70.0
-70.0
-70.0
-70.0
-70.0
-70.0
-70.0
-63.9851858939
-61.1690206799
-60.1919763767
-60.3696808346
-60.7973141482
-62.1765039728
-63.9112909462
-66.1740339214
-61.1169564339
-58.9495584498
-58.2173967234
0
-70.0
-70.0
-70.0
-70.0
-70.0
-70.0
-64.5171612696
-61.6141354626
-61.7978000244
-58.9523471791
-57.8166885907
-57.8665180154
-58.3008650698
-58.9514444667
-59.7100772893
-61.5948706617
-63.1994147305
-65.0018887809
-67.3450786274
-62.1967186566
-57.6154811879
-55.9182614817
0
-70.0
-70.0
-70.0
-70.0
-70.0
-70.0
-70.0
-70.0
-70.0
-70.0
-70.0
-70.0
-70.0
-70.0
-70.0
-70.0
-70.0
-70.0
-64.8009706497
-64.6822749258
-65.3986210617
-66.5373635968
-67.5153821831
-67.8328255396
-68.6636632022
-68.838546208
-69.5796287235
-70.0
-70.0
-70.0
-70.0
-70.0
-70.0
-70.0
-70.0
-64.8236013777
-62.4630469193
-61.4520200877
-61.1303366525
-55.6156980857
0
-70.0
-70.0
-70.0
-70.0
-70.0
-65.9908232534
-64.5547224903
-64.2139581141
-64.4022965636
-64.7018897478
-65.0582493334
-64.6509486545
-64.5848699586
-65.361699483
-66.1716043266
-67.8342665921
-69.0968006662
-70.0
-70.0
-70.0
-63.8091271551
-60.3009658763
-54.8524787526
0
-70.0
-70.0
-70.0
-70.0
-65.1227355966
-62.9358149884
-62.1639039757
-62.9034329055
-64.181149299
-65.362988229
-67.2355448295
-68.4512272955
-70.0
-70.0
-70.0
-64.1584959216
-60.5895023332
-55.8863554416
0
-70.0
-70.0
-70.0
-70.0
-67.5671891936
-66.5661522891
-66.6183729668
-67.3360768232
-69.3460981995
-70.0
-70.0
-70.0
-70.0
-70.0
-70.0
-70.0
-70.0
-70.0
-63.8939450176
-59.5216386895
-56.9142002696
-56.408716657
-58.1990193386
-59.3766965278
-60.6212626074
-61.6806268349
-63.2224176203
-63.8169404441
-64.7840925432
-67.0578367366
-69.2791161682
-70.0
-70.0
-63.954943949
-60.9446523716
-59.4403223462
-59.6796521485
-54.5787398846
0
-70.0
-70.0
-70.0
-70.0
-64.0769201488
-60.7205082332
-59.213014513
-54.1362788321
0
-70.0
-70.0
-70.0
-70.0
-70.0
-64.7938635858
-61.8437196178
-60.3455092497
-58.7688504802
-58.1972268691
-58.2476784735
-61.1871174634
-65.060132587
-68.1199525351
-70.0
-70.0
-70.0
-70.0
-70.0
-70.0
-69.6343060666
-69.6502392392
-70.0
-70.0
-69.6900077283
-62.3681614973
-58.6289603688
-57.5545008686
-57.7532443872
-58.6540631856
-60.0282864365
-61.419890243
-63.4611970404
-59.6280704742
-58.3029928834
-56.9151880961
-56.9274849644
-58.4061888775
-60.231824669
-55.7996170776
0
-70.0
-70.0
-70.0
-70.0
-70.0
-70.0
-70.0
-64.8711483887
-61.9647991423
-56.5999407341
0
-70.0
-70.0
-70.0
-70.0
-69.4695080349
-69.1688959214
-69.0162321225
-68.9574261058
-69.1355393348
-69.4463666606
-69.8349046063
-70.0
-70.0
-70.0
-70.0
-70.0
-70.0
-70.0
-70.0
-70.0
-70.0
-70.0
-70.0
-70.0
-70.0
-65.3223914038
-64.0296816485
-63.5834830738
-64.4952063299
-65.2257334058
-66.439249204
-68.8402902597
-70.0
-70.0
-70.0
-63.5450975334
-59.5403331737
-57.7269625376
-59.041297523
-60.9846499288
-62.4511730413
-63.8154918539
-58.2499270573
0
-70.0
-70.0
-70.0
-70.0
-70.0
-70.0
-63.7362837939
-60.5341594253
-55.0395239343
-54.0009231007
0
-70.0
-70.0
-70.0
-70.0
-70.0
-70.0
-70.0
-70.0
-70.0
-70.0
-70.0
-70.0
-70.0
-63.7582725031
-60.8144054153
-59.5974276379
-59.0359388303
-60.6439222312
-61.9205815307
-63.8922070889
-65.6121088542
-66.7903129516
-68.0402999638
-68.5298777764
-64.7002927812
-63.9455881518
-63.8803015532
-64.5371133695
-65.9542226062
-66.9393473947
-68.1892405197
-69.2311372389
-70.0
-70.0
-70.0
-70.0
-70.0
-70.0
-70.0
-70.0
-70.0
-70.0
-70.0
-70.0
-70.0
-70.0
-70.0
-70.0
-70.0
-70.0
-70.0
-70.0
-70.0
-70.0
-70.0
-70.0
-70.0
-70.0
-70.0
-70.0
-70.0
-70.0
-70.0
-70.0
-70.0
-70.0
-70.0
-70.0
-70.0
-70.0
-70.0
-70.0
-70.0
-64.8728827779
-62.9089886885
-61.9670192786
-61.6696036567
-56.3598509656
0
-70.0
-70.0
-70.0
-70.0
-64.9659532098
-62.701728247
-61.5864689944
-62.0564629321
-63.0092538087
-63.8914313484
-65.702703878
-67.2709513405
-68.6713927981
-70.0
-70.0
-70.0
-70.0
-70.0
-70.0
-70.0
-70.0
-63.5659226637
-60.545108059
-60.532236991
-60.8401064505
-61.4795190223
-62.301256672
-56.6654645059
0
-70.0
-70.0
-70.0
-70.0
-70.0
-70.0
-70.0
-70.0
-70.0
-70.0
-70.0
-70.0
-70.0
-70.0
-70.0
-64.7443059815
-62.3582818075
-62.2647253308
-61.4779949538
-60.9566902291
-61.1381164854
-61.7174822109
-56.3076899545
0
-70.0
-70.0
-70.0
-70.0
-70.0
-70.0
-70.0
-70.0
-70.0
-64.6359090685
-61.8015044543
-60.8190849712
-59.971330916
-59.7969674523
-60.032450459
-60.6940207888
-62.4612481021
-66.0647945728
-70.0
-70.0
-65.9818497545
-61.5418886894
-59.3331824274
-54.6477219308
0
-70.0
-70.0
-70.0
-70.0
-70.0
-70.0
-70.0
-69.9481929755
-63.0402263711
-59.1274388627
-57.1421850623
-56.7697320671
-58.4153697164
-60.2509797601
-64.2941343484
-67.5126774651
-69.5267140863
-70.0
-70.0
-70.0
-70.0
-70.0
-70.0
-70.0
-70.0
-70.0
-70.0
-70.0
-70.0
-70.0
-70.0
-70.0
-70.0
-70.0
-70.0
-70.0
-70.0
-70.0
-70.0
-70.0
-70.0
-70.0
-70.0
-63.5939813971
-60.0663145628
-55.3879168843
-54.4673793427
0
-70.0
-70.0
-70.0
-70.0
-67.0805656456
-65.5802935856
-66.3915180332
-66.7178330794
-67.8881579105
-68.6110006318
-69.4866799976
-70.0
-70.0
-70.0
-70.0
-70.0
-70.0
-70.0
-64.5793064333
-62.0729494627
-61.2729653169
-57.3708796841
-55.659168242
-56.2630121807
-57.5296701114
-58.8786758662
-59.7819298382
-60.6644845602
-61.8610301165
-64.054576935
-66.0200414118
-67.3319853841
-68.801776764
-69.7235923665
-70.0
-70.0
-70.0
-70.0
-70.0
-70.0
-70.0
-70.0
-70.0
-70.0
-70.0
-70.0
-70.0
-70.0
-64.7041523964
-61.8596535692
-60.9774880555
-60.9430070466
-61.2242182064
-61.9028841486
-64.0714732633
-67.1530926177
-69.66088513
-64.3589505304
-61.5439729012
-56.2479650047
0
-70.0
-70.0
-70.0
-70.0
-70.0
-70.0
-65.7344881687
-62.1162331103
-60.4006648976
-56.0172380207
0
-70.0
-70.0
-70.0
-70.0
-70.0
-70.0
-70.0
-70.0
-70.0
-70.0
-70.0
-70.0
-70.0
-70.0
-70.0
-70.0
-64.1073399538
-61.0217278322
-60.2415029373
-60.6864063361
-61.2638014975
-61.9014452111
-62.5539832655
-64.2363571523
-67.070171071
-68.3580663889
-69.3348958112
-70.0
-70.0
-70.0
-70.0
-70.0
-70.0
-70.0
-70.0
-70.0
-65.6139564734
-62.6344798956
-61.3038342261
-61.3508745724
-61.8519114202
-63.9015178519
-65.9688220827
-68.9892710389
-70.0
-70.0
-63.9070429555
-60.6233539224
-58.9656953718
-58.5259160351
0
-70.0
-70.0
-70.0
-70.0
-70.0
-70.0
-70.0
-70.0
-70.0
-70.0
-70.0
-70.0
-64.8137301895
-63.0388085384
-62.9166203948
-63.2145312733
-63.6194600913
-64.6865048098
-66.4848205494
-67.6809826416
-68.4759804754
-69.0037798266
-69.7935828715
-70.0
-70.0
-70.0
-69.9023119035
-69.8469553154
-70.0
-70.0
-70.0
-64.6933812544
-62.3583433362
-61.5924680494
-62.0547520043
-57.1784123169
-54.6799947605
0
-70.0
-70.0
-70.0
-70.0
-68.6134381288
-65.3305962846
-63.8189546353
-63.297356343
-63.7814715318
-58.8316117586
-56.5896730335
-56.5054123679
-56.9046755562
-57.580744284
-58.9965566968
-61.4820485797
-63.6355436668
-65.3176699219
-66.0533322655
-67.2632131586
-69.0788454837
-63.7707812225
-60.7935832917
-59.7852494894
-59.8916931166
-60.7804689052
-56.1832967284
-54.3388817675
-54.2016995576
-55.1223737031
-56.3596805485
-57.5567419708
-58.6897540918
-54.0313316494
0
-70.0
-70.0
-70.0
-70.0
-70.0
-70.0
-70.0
