-70.0
-70.0
-70.0
-70.0
-70.0
-70.0
-70.0
-70.0
-70.0
-70.0
-70.0
-70.0
-63.0390184423
-59.0944622263
-57.0912464225
0
-70.0
-70.0
-70.0
-70.0
-65.7777777778
-63.3851851852
-62.1701234568
-61.7020823045
-61.6978548697
-54.5865970462
0
-70.0
-70.0
-70.0
-70.0
-62.5606937866
-58.3450869324
0
-70.0
-70.0
-70.0
-70.0
-69.0524777342
-62.1300889166
-58.2389859955
-56.296358043
0
-70.0
-70.0
-70.0
-70.0
-68.8559670782
-67.6521262003
-67.0080841335
-66.7213894223
-66.6586596149
-66.7323997433
-66.8855638288
-67.0812768192
-67.2959953862
-67.5149600134
-67.729173456
-67.9333957397
-68.1248159186
-61.3069106384
-57.5059371156
-55.6418217648
-55.0019584955
-55.1179752507
-55.6836527955
0
-70.0
-70.0
-70.0
-70.0
-62.8024955372
-58.723909675
-56.6526278351
-55.8547711367
0
-70.0
-70.0
-70.0
-70.0
-69.0730517561
-62.1623215509
-55.9438060428
0
-70.0
-70.0
-70.0
-70.0
-68.9133797611
-68.2976282925
-61.5994636012
-57.8605826664
-56.02190135
-56.3456107395
-56.9949826819
0
-70.0
-70.0
-70.0
-70.0
-67.9844520442
-66.8423082025
-66.2622782908
-66.0388510674
-59.4465266754
-56.8352071377
-55.7072418438
-55.5068879394
-55.8697793321
-56.5585215233
-57.4198161206
-58.3559323416
-59.3057376628
-60.2320962668
-61.1135082203
-56.0021573947
0
-70.0
-70.0
-70.0
-70.0
-65.4211248282
-62.8264288975
-55.5828044501
0
-70.0
-70.0
-70.0
-70.0
-65.2489673255
-62.5567154767
-60.2284922938
-59.1572753076
0
-70.0
-70.0
-70.0
-70.0
-66.8304503302
-65.034372184
-64.1222462235
-63.770895773
-63.7677223103
-63.9735608224
-64.2979452355
-57.8647304397
0
-70.0
-70.0
-70.0
-70.0
-69.1385459534
-68.6503886603
-68.4024813291
-61.4890736168
-58.5857080933
0
-70.0
-70.0
-70.0
-70.0
-63.2885889497
-59.4854560211
-58.4223738205
-58.1704453728
0
-70.0
-70.0
-70.0
-70.0
-69.1365164781
-69.6081907067
-69.9042555537
-63.9137705951
-60.5223539335
-57.8034518735
-56.5786622417
-56.2911663879
0
-70.0
-70.0
-70.0
-70.0
-68.0905349794
-67.0085048011
-66.4590032007
-66.2473354672
-66.2454236448
-66.3694290965
-65.5764124176
-65.2480553297
-65.2094392326
-65.3459549333
-65.5829991892
-65.8724591032
-59.1997053559
-54.6145905925
0
-70.0
-70.0
-70.0
-70.0
-68.7654320988
-68.0658436214
-67.7105624143
-66.705395519
-66.2121155312
-59.1638010635
-55.2960190142
0
-70.0
-70.0
-70.0
-70.0
-67.1358024691
-65.5127572016
-64.5787654321
-57.7875555556
-54.1199111111
0
-70.0
-70.0
-70.0
-70.0
-69.6634659351
-69.4727632983
-69.3759162729
-69.3386108486
-62.4192010387
-59.5029069215
-58.1030335538
0
-70.0
-70.0
-70.0
-70.0
-69.3740345037
-68.0196214512
-67.2729862379
-60.1890346649
-57.2071682354
-55.8444761032
-54.6303988633
-54.4142725572
0
-70.0
-70.0
-70.0
-70.0
-69.0781893004
-68.555829904
-68.2905532693
-68.1883688462
-68.1874458975
-68.2473105983
-61.4225795385
-57.613654918
-55.7411783151
-55.0929864095
0
-70.0
-70.0
-70.0
-70.0
-65.3333333333
-62.6888888889
-61.3459259259
-54.2115338191
0
-70.0
-70.0
-70.0
-70.0
-67.09739369
-60.5266575217
-56.8999939034
-55.1606626022
-54.6117084015
-54.7952789343
-55.4122452896
-56.2564802942
-57.2211386205
-58.2258956623
-59.221220032
-60.1777073193
-61.0790094478
-61.9171570766
-62.6894737514
-63.3965479645
-64.0409075602
-64.6261597323
-65.1564390445
-58.64079514
0
-70.0
-70.0
-70.0
-70.0
-69.2832739778
-68.8771292319
-68.6708714099
-67.5916214889
-67.02435082
-66.7831767246
-66.7456997099
-66.8316901774
-66.9888947853
-68.166246194
-69.2671154994
-63.3013855072
-59.9452346616
-58.2667029988
-57.6506939012
-57.6927319793
0
-70.0
-70.0
-70.0
-70.0
-68.9638435875
-68.3766882871
-68.0785054973
-67.9636456402
-67.9626082046
-61.1512895125
-57.3594553134
-55.5057062836
0
-70.0
-70.0
-70.0
-70.0
-62.7037928085
-58.5692754
-56.4695891082
-55.6607910295
-55.6534858147
0
-70.0
-70.0
-70.0
-70.0
-66.883752203
-65.1178784514
-64.2210915854
-63.8756497462
-63.8725296512
-58.4846000466
-55.635688949
-54.9607082143
-54.3905633188
-54.5687909375
-55.1901011442
-56.0565505634
-57.0412018628
-58.0639525803
-59.987679763
-61.4756600805
-62.652592935
-63.6036662165
-64.3875213115
-64.0564780114
-57.0719550388
0
-70.0
-70.0
-70.0
-70.0
-68.7265002136
-60.8589884233
-56.443181735
-54.2455916642
-54.4506621274
-55.0920156678
-55.9737606031
-56.0581403727
-56.5734968887
-57.330260902
-58.2066439466
-59.1255856418
-60.132099938
-61.0649385178
-61.9224770484
-62.7062509318
-63.4196402308
-64.0670191359
-64.6532125077
-65.1831547805
-65.6616816515
-65.1194206806
-64.9567500754
-65.0272560431
-65.2353177556
-65.5189775246
-57.9705052595
0
-70.0
-70.0
-70.0
-70.0
-66.7575023748
-64.9200870538
-63.9869682927
-63.6275314263
-63.6242849256
-63.834860861
-65.1666846588
-66.4602227822
-60.4757289395
-57.202508336
0
-70.0
-70.0
-70.0
-70.0
-63.0387177137
-59.0939910847
-57.0906887379
-56.3190177052
-56.3120478287
-55.7641705773
-55.9099718739
-56.4671202561
-57.2525052769
0
-70.0
-70.0
-70.0
-70.0
-69.3251028807
-68.9426611797
-68.7484407865
-67.7321548544
-67.1979781334
-66.9708728297
-66.9355805531
-67.9905402072
-61.7264656104
-58.2438053319
-56.5460823204
-55.9759124362
0
-70.0
-70.0
-70.0
-70.0
-69.0921053429
-68.5776317039
-68.3163597971
-67.2167329523
-66.3163990803
-65.8989854545
-65.7852377638
-65.857481224
-66.0389112592
-66.2798055718
-59.5643342481
-55.8829069789
-54.1446203848
0
-70.0
-70.0
-70.0
-70.0
-69.7234571504
-70.0
-70.0
-70.0
-62.2962962963
-57.9308641975
0
-70.0
-70.0
-70.0
-70.0
-66.8477027553
-66.0498399634
-60.0855103389
-56.8373955528
0
-70.0
-70.0
-70.0
-70.0
-68.9855204999
-68.4106487832
-67.1772317905
-66.5312738686
-66.2593233198
-66.2208422132
-59.4046526151
0
-70.0
-70.0
-70.0
-70.0
-65.3162925321
-61.6737526535
-59.7657703046
-58.9621218851
-58.8478621039
-58.3485750293
-58.4373836168
-59.8760717145
-60.3730451456
-60.9921276994
-61.6638396417
-62.3447388191
-56.0444213157
0
-70.0
-70.0
-70.0
-70.0
-69.3796790236
-69.0281638037
-68.8496492116
-61.9629715468
-58.0988658963
-55.1793906344
0
-70.0
-70.0
-70.0
-70.0
-62.912342162
-58.8960027204
-56.8563322982
-56.0706523015
-56.0635558935
-56.5238461856
-57.2492254879
-58.1094788864
-60.0219764142
-61.5020757171
-62.6733994416
-63.6204136949
-57.4552265501
0
-70.0
-70.0
-70.0
-70.0
-68.0955308303
-67.0163316342
-65.9127121731
-65.3867834241
-65.2250000605
-64.5833930033
-64.3789823355
-57.4976546168
-54.0812224884
0
-70.0
-70.0
-70.0
-70.0
-68.5075445816
-67.6618198445
-67.2323243408
-60.4765765381
-54.4072419719
0
-70.0
-70.0
-70.0
-70.0
-62.1316872428
-57.6729766804
-55.4086511203
-54.5364340802
0
-70.0
-70.0
-70.0
-70.0
-69.3768949788
-69.0238021335
-68.8444863552
-68.7754140097
-68.7747901354
-68.8152561397
-68.8790272042
-68.9546556028
-69.0348774552
-69.1151813181
-62.1960152429
-58.304648423
-56.3596733836
-55.6473659138
-55.6984025682
-56.2057444752
-56.9699581369
-57.863268679
-58.8038127149
0
-70.0
-70.0
-70.0
-70.0
-69.0781893004
-62.1703703704
-58.2866666667
-56.3468888889
-55.6381259259
-55.691597284
0
-70.0
-70.0
-70.0
-70.0
-70.0
-70.0
-70.0
-70.0
-70.0
-70.0
-70.0
-70.0
-70.0
-70.0
-70.0
-70.0
-70.0
-70.0
-70.0
-63.0051366859
-59.0413808079
-57.0284145875
-56.2530210356
0
-70.0
-70.0
-70.0
-70.0
-65.3334669503
-62.6890982222
-60.3461737291
-59.2622132422
-58.9697631754
-59.1619676961
0
-70.0
-70.0
-70.0
-70.0
-67.8999151763
-66.7098671095
-66.1055093658
-65.872711074
-59.2803020407
-55.6821798861
-54.0005672638
0
-70.0
-70.0
-70.0
-70.0
-62.2962962963
-57.9308641975
0
-70.0
-70.0
-70.0
-70.0
-69.0370031669
-62.1058454278
-58.2102892701
-56.2659459332
0
-70.0
-70.0
-70.0
-70.0
-68.2757201646
-67.2986282579
-66.246863283
-66.6823811919
-67.0542792308
-67.931164302
-67.7237873989
-61.2847419923
-57.7118233486
-55.2739743471
-54.302132468
-54.2422895915
-55.5999536365
-56.8945536089
-58.1081618054
-59.0242165287
-59.9397088117
-60.8243472211
-60.9572816557
-61.3384662613
-61.3003392603
-61.2341184178
-61.486581965
-61.9218406944
-62.452267909
-64.0047737775
-65.1361181727
-65.9770542041
-66.6157140161
-67.9141885719
-68.762800353
-69.3132074098
-61.6781829652
-57.3745621995
0
-70.0
-70.0
-70.0
-70.0
-68.799234534
-68.11880077
-66.9049343954
-66.2797834241
-66.0287000605
-59.1318174164
-55.3559605827
0
-70.0
-70.0
-70.0
-70.0
-67.9087180532
-66.7236582833
-66.121833812
-65.8900113354
-65.8879174717
-66.023730571
-58.4213692479
0
-70.0
-70.0
-70.0
-70.0
-62.0000010301
-57.4666682806
-56.1644458969
-55.8442976035
0
-70.0
-70.0
-70.0
-70.0
-65.0
-62.1666666667
-61.4314814815
-55.6587037037
0
-70.0
-70.0
-70.0
-70.0
-69.4179749022
-69.0881606801
-68.9206667909
-68.8561482309
-67.8607037184
-68.3270395403
-62.0498911418
-58.5486057313
-56.8295476273
-56.237127844
-56.3404383792
0
-70.0
-70.0
-70.0
-70.0
-64.3506748632
-61.1493906191
-60.5159330387
-60.4519940558
-60.7318975309
-61.2087763649
-61.7879444531
-62.409180491
-63.0349494307
-63.6425791468
-65.1800525626
-66.2632015266
-67.5932064097
-68.4714357926
-68.05275105
-67.8664485027
-67.8257853576
-67.1701575883
-60.7864751628
-57.263383202
0
-70.0
-70.0
-70.0
-70.0
-63.6276482244
-60.0166488848
-58.1828276516
-57.4764406566
-57.4700604378
-58.7961054633
-59.9651956299
-61.0011432088
-55.1958027454
0
-70.0
-70.0
-70.0
-70.0
-62.1975308642
-55.1094650206
0
-70.0
-70.0
-70.0
-70.0
-69.3092290584
-68.9177921914
-68.7190036649
-61.8245164909
-55.6270069702
0
-70.0
-70.0
-70.0
-70.0
-68.3856600194
-60.880561008
-56.6814829008
-54.6059866065
0
-70.0
-70.0
-70.0
-70.0
-63.6406543718
-60.0370251825
-58.2069468295
-56.5097089366
0
-70.0
-70.0
-70.0
-70.0
-62.5728970855
-58.3642054339
-56.2268502618
-55.4035421499
-55.3961058777
-55.8784405851
-56.6385600568
-57.5400130712
-58.4962177774
-60.4529489156
-61.9452226347
-63.109079445
-64.037090883
-56.8309126589
0
-70.0
-70.0
-70.0
-70.0
-65.9062304188
-63.5864276561
-62.4083317433
-55.8763405038
0
-70.0
-70.0
-70.0
-70.0
-66.5761316872
-64.6359396433
-63.6506264289
-62.4027715287
-61.9072995377
-61.8797730251
-62.1339313501
-62.5486286334
-63.0458260489
-62.6637417918
-62.3456998445
-62.4100180146
-62.7016083162
-55.4321241241
0
-70.0
-70.0
-70.0
-70.0
-69.1879286694
-62.3422953818
-59.4023807346
-57.9916859219
-57.5455461701
-57.6930107801
-57.1994298667
-58.198279747
0
-70.0
-70.0
-70.0
-70.0
-62.890260631
-58.8614083219
0
-70.0
-70.0
-70.0
-70.0
-67.0748587331
-64.4249860286
-62.6875628715
-62.8303292181
-63.1549780521
-56.9876283951
0
-70.0
-70.0
-70.0
-70.0
-66.4197530864
-64.3909465021
-63.3606310014
-62.9637540009
-62.9601693339
-63.192679556
-63.5590963706
-63.9936432471
-64.4545832647
-64.9159944998
-59.4128340299
-56.4638432803
-55.1456540545
0
-70.0
-70.0
-70.0
-70.0
-66.9274562382
-65.1863481065
-64.3021382906
-64.9499801048
-64.5071082946
-64.4244815987
-65.2644598982
-65.9262982146
-66.459191264
-67.6006577552
-68.3655157247
-68.8789133156
-69.2243214263
-62.473407853
-58.6737461139
-55.7830518866
-54.5225336207
0
-70.0
-70.0
-70.0
-70.0
-68.8857966673
-68.2544147788
-61.343465464
-56.5439746897
-54.1128144022
0
-70.0
-70.0
-70.0
-70.0
-62.7037928085
-56.2359420666
0
-70.0
-70.0
-70.0
-70.0
-69.9410150892
-69.9075903064
-69.8906157598
-69.8840771732
-69.8840181155
-70.0
-63.6276482244
-60.0166488848
-58.1828276516
-57.4764406566
-57.4700604378
-57.8838969585
0
-70.0
-70.0
-70.0
-70.0
-69.0854455541
-68.5671980347
-68.3040095886
-68.2026295346
-68.2017138511
-68.2611073126
-69.3540298396
-70.0
-70.0
-70.0
-70.0
-70.0
-70.0
-70.0
-70.0
-70.0
-70.0
-62.0115610199
-55.1514455979
0
-70.0
-70.0
-70.0
-70.0
-68.1636945588
-61.5058375248
-57.7942620535
-55.9741747024
-55.3496498016
-55.4632798677
0
-70.0
-70.0
-70.0
-70.0
-68.7853184915
-68.09699897
-67.7474406248
-68.611775971
-69.1766513129
-69.5430214744
-69.7780761887
-63.78292704
-60.393073316
-54.7905030822
0
-70.0
-70.0
-70.0
-70.0
-62.7777777778
-56.3518518519
0
-70.0
-70.0
-70.0
-70.0
-67.9129197785
-66.7302409863
-66.1296256781
-65.8982689706
-65.8961793137
-66.0317195425
-65.2487451824
-65.9358132881
-66.8168603752
-67.4515932817
-67.9173799161
-68.2662725663
-61.5493846787
-57.8009391235
-56.8707156577
-56.7502243896
-57.1195888158
-57.770554511
-58.5687821111
-59.4287592674
-60.2971202523
-61.1415661682
-61.9435148454
-62.6932335569
-56.4405750916
0
-70.0
-70.0
-70.0
-70.0
-62.3348557722
-57.9912740431
0
-70.0
-70.0
-70.0
-70.0
-66.8499595514
-65.0649366305
-58.5411410396
0
-70.0
-70.0
-70.0
-70.0
-62.9984810379
-58.0319685853
-55.4509954942
0
-70.0
-70.0
-70.0
-70.0
-65.2748058055
-62.597195762
-61.2373898771
-60.7135933503
0
-70.0
-70.0
-70.0
-70.0
-68.6337448595
-67.8595336132
-67.466355745
-67.3149038326
-67.3135358907
-67.4022639292
-60.6230190943
-54.5347048902
0
-70.0
-70.0
-70.0
-70.0
-69.1879286694
-69.7277549154
-63.3338545954
-58.7782469136
-56.4189407408
-55.4560590124
-55.3631280082
-55.7952651388
-56.5280385792
-57.4167680241
-58.369446757
-59.3287391048
-60.2600232099
-61.1434595661
-61.9687393942
-62.7316159779
-63.4316213956
-57.0865562075
0
-70.0
-70.0
-70.0
-70.0
-67.6297632868
-66.2866291493
-64.736214938
-63.9814259133
-63.7291716347
-63.7868466797
-57.2106428815
0
-70.0
-70.0
-70.0
-70.0
-69.3681190338
-69.010053153
-68.8282118527
-67.7633049086
-67.1989172451
-66.9536540722
-66.9080410327
-67.9837384477
-67.8280528578
-67.807039742
-67.8675305478
-67.9749073463
-68.1068365139
-61.2522571149
-57.431100905
0
-70.0
-70.0
-70.0
-70.0
-68.9182185793
-68.3052091076
-67.9938964543
-66.8762626388
-66.3098069281
-59.3660690337
-55.5542906626
0
-70.0
-70.0
-70.0
-70.0
-70.0
-70.0
-70.0
-70.0
-70.0
-69.0777358164
-68.5551194457
-68.2897123084
-68.1874776158
-68.186554213
-68.2464483642
-68.3408365761
-68.4527749508
-69.5663739128
-63.2503908933
-59.6857880518
-56.9023944318
-55.6689451121
-55.4065773498
-55.7356041142
0
-70.0
-70.0
-70.0
-70.0
-69.0598843522
-68.5271521517
-68.2566077597
-68.1523941992
-68.1514529229
-68.2125063931
-68.3087215954
-68.4228266636
-68.5438621491
-68.6650213687
-68.7822161882
-68.8931258736
-68.9965674891
-69.0920802087
-70.0
-70.0
-70.0
-63.2962698949
-59.497489502
-57.5683049495
-56.825184053
-56.8184720467
-57.253829108
-57.9399157079
-58.7535704775
-59.6166443234
-59.4806011736
-59.7496219112
-60.2527136235
0
-70.0
-70.0
-70.0
-70.0
-68.7942386831
-62.4936899863
-58.963571102
-57.2133807346
-57.3919562922
-56.9367112803
-57.654562786
-58.4967882632
-59.3855639408
-60.2726438826
-61.1291370517
-61.9387283847
-62.6931922383
-63.3894308093
-64.0275262582
-64.6094659856
-65.1383142892
-65.6176794617
-66.0513759165
-65.4466400795
-65.2355772414
-65.2677536304
-58.4462044099
-54.7384013973
-54.0217629037
-54.1243877107
-54.7151496712
0
-70.0
-70.0
-70.0
-70.0
-67.0154379006
-60.3982601183
-56.7480114451
0
-70.0
-70.0
-70.0
-70.0
-69.7446554813
-69.599960254
-62.9361714201
-59.9758282083
-54.644872452
0
-70.0
-70.0
-70.0
-70.0
-63.2962928196
-59.4975254173
-57.5683474621
-56.8252291068
-56.8185171235
-57.253872696
-57.9399569497
-57.7536091404
-57.7166801501
0
-70.0
-70.0
-70.0
-70.0
-63.1646090535
-60.0936899863
-58.9146822131
-58.5767881421
-58.754825428
-59.236486952
-60.6867367705
-61.8673287692
-61.8519112406
-62.114263682
-55.100368178
0
-70.0
-70.0
-70.0
-70.0
-65.2628833681
-62.5785172766
-62.2075730326
-62.2447540517
-57.0029371166
-54.291082385
0
-70.0
-70.0
-70.0
-70.0
-70.0
-62.2962962963
-57.9308641975
-55.713909465
-54.1562359396
0
-70.0
-70.0
-70.0
-70.0
-64.7777777778
-57.9296296296
-54.2230864198
0
-70.0
-70.0
-70.0
-70.0
-69.8475842097
-63.0343443581
-59.1785889685
-57.2258494358
-56.480010735
-56.4831738233
-56.9356325489
-57.6425866992
-58.4786729662
-59.3643689608
-60.2503075922
-61.106860518
-62.9149465979
-64.2359666926
-58.2566808106
-55.0605532544
0
-70.0
-70.0
-70.0
-70.0
-69.616310828
-70.0
-70.0
-69.323053735
-68.9394508516
-68.7446407597
-68.6696000127
-61.6929006424
-56.915471575
-54.485165082
0
-70.0
-70.0
-70.0
-70.0
-67.9259259259
-66.750617284
-60.0755555556
-56.4013333333
-54.6500888889
-54.1110059259
-54.317189284
-54.963659656
-55.852753224
-56.8577842573
-57.8988767354
-58.9269029978
-59.9128219886
-60.8406126501
-54.7565513851
0
-70.0
-70.0
-70.0
-70.0
-66.3331996762
-63.2554352641
-61.6335954414
-55.3220877491
0
-70.0
-70.0
-70.0
-70.0
-67.9129197785
-66.7302409863
-65.146967208
-64.3587707008
-65.068755542
-65.659121262
-66.1580366519
-66.5854513308
-66.9557184271
-67.2793547373
-67.5642246989
-59.8663298925
-55.5853820122
0
-70.0
-70.0
-70.0
-70.0
-68.4149481211
-66.9611965009
-66.1902389787
-65.8546564995
-65.7914851286
-65.8938661351
-66.0921658678
-65.4291983404
-65.1837778793
-65.6414216796
-66.3946272372
-66.9667296638
-67.411100131
-67.7640190736
-68.0503031367
-68.28706347
-68.4862175543
-61.6571050201
-57.8377339988
-55.9515202528
-55.2880746634
-55.380404821
-55.9231227548
-56.7179827567
-57.6376326659
-58.6015015225
-59.5597727858
-60.4827431175
-54.4346943523
0
-70.0
-70.0
-70.0
-70.0
-68.950617284
-67.8004115226
-67.1836076818
-60.3170987654
-54.1866234568
0
-70.0
-70.0
-70.0
-70.0
-65.3333333333
-58.8
-54.5496296296
0
-70.0
-70.0
-70.0
-70.0
-65.0864197531
-62.3020576132
-60.8880384088
-59.475046182
-59.9390641975
-60.5528395336
-61.2360100841
-61.1355762758
-62.1732659175
-63.0567708385
-63.8183147632
-64.4812972926
-65.0630435671
-65.5766565463
-66.9444776204
-67.8670210108
-68.4916463447
-61.9214364766
-55.9152626732
0
-70.0
-70.0
-70.0
-70.0
-69.1065047672
-68.600190802
-61.6161918256
-57.7052527123
-55.7685141539
-55.0808538804
-55.1655625869
-55.7108690579
0
-70.0
-70.0
-70.0
-70.0
-69.3729631579
-69.0176422807
-67.8378716511
-67.2020802184
-66.9138693514
-66.8438138529
-66.9069867587
-67.0479909435
-67.2309937563
-59.5156017273
-56.2307082212
-54.7187485102
-54.3209477333
0
-70.0
-70.0
-70.0
-70.0
-67.9896357263
-60.7722400041
-56.7493945706
-54.7773741582
0
-70.0
-70.0
-70.0
-70.0
-67.9095993552
-66.7250389899
-66.1234681377
-65.8917433551
-65.8896503737
-66.0254062391
-66.239346217
-65.4940802891
-58.2780451956
-54.3391559664
0
-70.0
-70.0
-70.0
-70.0
-65.2943172088
-62.6277636272
-61.2735726906
-60.751939039
-60.7472275467
-61.0528263998
-61.5344248316
-62.1055697297
-62.7114043442
-63.3178583014
-63.9044687324
-64.4596193666
-64.9773891015
-65.4554713058
-58.9097905259
-55.3520557072
0
-70.0
-70.0
-70.0
-70.0
-68.9236396895
-61.0312757209
-56.5948148157
-54.3797777787
-54.5714296305
-55.2007064205
-56.0715822805
-57.0583883872
-58.0818591049
-59.0932128987
-60.0635847451
-60.9770216947
-60.8374108279
-61.0590639469
-61.4900870201
-62.03236463
-61.8208499058
-61.6332460744
-61.7995755731
-62.1727207532
-55.6606748205
0
-70.0
-70.0
-70.0
-70.0
-68.0783229576
-66.9893726336
-67.4362972815
-67.7899088275
-68.0757454609
-67.4430765017
-67.1487059095
-67.0671266905
-67.1159416027
-67.24136583
-67.4085748387
-67.5952810826
-67.7874621262
-68.9649609949
-70.0
-62.6666666667
-59.0666666667
-57.2711111111
-56.6180740741
-56.6723160494
-57.1491173663
-57.8635609108
-57.7553026707
-57.7651709709
-58.1789195853
0
-70.0
-70.0
-70.0
-70.0
-69.8806584362
-69.8130315501
-69.7786877
-69.7654584667
-69.7653389778
-69.7730893185
-69.7853032124
-70.0
-70.0
-70.0
-70.0
-69.1868737923
-68.7261022746
-61.4968390979
-57.4427198886
-55.4288243668
-54.7061929081
-54.7824076026
-54.3939171627
-54.68102566
-55.3639232364
0
-70.0
-70.0
-70.0
-70.0
-68.634195949
-61.4747807864
-58.4631051769
-57.040662972
-55.7069670452
-55.3831839209
0
-70.0
-70.0
-70.0
-70.0
-62.8284814307
-58.7646209081
-56.7008172309
-55.9058411169
-55.8986607446
0
-70.0
-70.0
-70.0
-70.0
-68.9469531506
-68.3502266026
-68.0471831204
-66.9694693694
-66.4238588064
-66.2156971751
-67.2169040217
-67.9103979956
-68.3961477801
-68.7410593914
-68.9899710452
-68.2120041116
-67.8048238144
-67.6336881756
-67.6098838531
-66.872802662
-66.5347938587
-67.4359344281
-68.0620876221
-68.5023766178
-69.5201744983
-70.0
-70.0
-70.0
-70.0
-70.0
-70.0
-70.0
-70.0
-70.0
-70.0
-70.0
-63.9989850408
-58.2650765639
-55.2158955923
0
-70.0
-70.0
-70.0
-70.0
-68.3703307682
-67.4468515369
-66.9778689469
-65.7972288286
-65.22893713
-57.7645710805
0
-70.0
-70.0
-70.0
-70.0
-62.7088419348
-59.5737602104
-57.171939745
-56.1584494742
-56.0117403292
-56.3899901646
-57.0706070604
-57.9099569625
-58.8165683383
-59.7333162192
-60.6255877404
-61.4734310618
-62.2663560193
-62.9998991264
-63.6733616865
-64.2883271663
-57.8583526206
0
-70.0
-70.0
-70.0
-70.0
-62.9998997571
-59.0331762861
-57.018702994
0
-70.0
-70.0
-70.0
-70.0
-68.9135802469
-61.1100137174
-54.3908733425
0
-70.0
-70.0
-70.0
-70.0
-65.7192501143
-62.3325102881
-60.5560493827
-59.8049711934
-59.6941585734
-59.9711990489
-60.4717166993
-61.0896367329
-61.7574008619
-62.4328126439
-63.0902992917
-63.7151146373
-64.2995000234
-57.8641263327
-54.4074312405
0
-70.0
-70.0
-70.0
-70.0
-69.5899889199
-68.3579500366
-67.6734617053
-67.340319983
-67.2290909503
-67.2547171656
-60.3975699402
-56.6033626069
-54.7733927868
-54.1829644684
-54.3559419952
-54.9811971113
-55.856976944
-56.8538789455
-57.8953619548
-58.9237396952
-59.9099750162
-60.838050375
-61.7002939111
-63.3626096596
-64.5812454534
-65.4930520812
-58.2400431694
-54.2802363833
0
-70.0
-70.0
-70.0
-70.0
-67.9990855053
-66.8652339582
-66.2894152314
-66.0676101543
-59.4753004138
-55.870737889
0
-70.0
-70.0
-70.0
-70.0
-63.8683127572
-60.3936899863
-54.7402377686
0
-70.0
-70.0
-70.0
-70.0
-70.0
-63.6632411793
-60.0724111809
-58.2488328091
-56.5474063183
-55.9749702133
-56.0990095431
-56.6367994896
-57.4049134745
-59.259605788
-60.7304343166
-55.0433076659
0
-70.0
-70.0
-70.0
-70.0
-62.6296296296
-58.4530864198
-56.3320576132
0
-70.0
-70.0
-70.0
-70.0
-62.9855487251
-58.0280345325
-55.4525915326
-54.3922393482
0
-70.0
-70.0
-70.0
-70.0
-69.1708581009
-68.7010110247
-68.4624024116
-68.3704904966
-68.3696603311
-68.4235068874
-68.5083645916
-68.6090003944
-68.7157485296
-61.8441736766
-57.9930896423
-56.082669567
-55.4003285362
-56.280048769
0
-70.0
-70.0
-70.0
-70.0
-68.6877339159
-67.9441164682
-67.5664754507
-67.4210083252
-66.4231199264
-65.9436162229
-65.2355712378
-64.9695585389
-65.9742068141
-66.7111888855
-66.4605360296
-59.4441120563
-55.5861206038
0
-70.0
-70.0
-70.0
-70.0
-69.1632034412
-68.6890187246
-68.638030788
-68.6528369998
-68.7066261602
-68.7820121178
-68.8678432884
-68.9570805478
-69.0453868852
-69.1301911248
-69.2100672977
-69.2843240916
-62.3558916824
-58.4536358475
-57.489453805
0
-70.0
-70.0
-70.0
-70.0
-69.3738089572
-69.0189673663
-68.8387634996
-68.7693490629
-68.7687220987
-68.809388517
-68.8734754174
-68.949478377
-69.0300975402
-69.1107991201
-69.1888600974
-69.2627346806
-69.3316349411
-69.3952539327
-69.4535835299
-70.0
-70.0
-63.4444437577
-57.3962952204
-54.1875295906
0
-70.0
-70.0
-70.0
-70.0
-68.3383291842
-66.5942465862
-65.6613221411
-65.2461900694
-58.4287002535
0
-70.0
-70.0
-70.0
-70.0
-69.0524777342
-68.5155484502
-68.2428725982
-68.1378380004
-68.1368893083
-68.1984237828
-69.2953706067
-69.9770263474
-70.0
-69.2723178846
-69.6624338216
-69.9077555898
-70.0
-70.0
-70.0
