-63.0
-59.0333333333
-57.0188888889
-56.2429259259
-56.235917284
-56.690514856
-59.206922904
-66.3265369693
-70.0
-70.0
-70.0
-70.0
-70.0
-70.0
-70.0
-70.0
-70.0
-70.0
-63.3180003048
-59.8331213109
-61.5804503648
-70.0
-70.0
-70.0
-70.0
-70.0
-70.0
-70.0
-70.0
-70.0
-70.0
-70.0
-70.0
-70.0
-70.0
-70.0
-70.0
-70.0
-70.0
-70.0
-70.0
-70.0
-70.0
-70.0
-70.0
-70.0
-70.0
-70.0
-70.0
-70.0
-70.0
-70.0
-70.0
-70.0
-63.9732068937
-60.5580241334
-54.9403362423
0
-70.0
-70.0
-70.0
-70.0
-70.0
-70.0
-70.0
-70.0
-70.0
-70.0
-64.5504696971
-61.4624025254
-59.8941488049
-54.3795566587
0
-70.0
-70.0
-70.0
-70.0
-70.0
-70.0
-66.4664331802
-64.4640786489
-63.4471966419
-63.0554942163
-63.051956287
-63.2814349866
-65.3026629691
-69.9986405703
-70.0
-70.0
-70.0
-70.0
-70.0
-70.0
-70.0
-70.0
-70.0
-63.3414859848
-60.6338165907
-62.9757359033
-69.7325867039
-70.0
-70.0
-70.0
-70.0
-70.0
-70.0
-70.0
-70.0
-70.0
-70.0
-70.0
-70.0
-70.0
-70.0
-70.0
-70.0
-70.0
-64.4585661229
-61.3184202592
-59.7237187324
-59.1094405252
-59.10389225
-60.2269442928
-65.6384358881
-70.0
-70.0
-70.0
-70.0
-70.0
-70.0
-70.0
-70.0
-70.0
-70.0
-70.0
-70.0
-70.0
-70.0
-70.0
-70.0
-70.0
-70.0
-65.2661162178
-62.5835820746
-61.2212755195
-60.6965157357
-60.6917760077
-60.9992063039
-61.4836909382
-64.1874647029
-70.0
-70.0
-70.0
-70.0
-70.0
-66.9234906273
-62.8595551078
-60.6592086258
-59.6503604491
-59.3900395281
-59.5875123245
-60.0530789249
-61.26772695
-70.0
-70.0
-70.0
-70.0
-70.0
-70.0
-70.0
-70.0
-70.0
-70.0
-70.0
-70.0
-70.0
-63.2301653045
-59.5461870981
-59.9829677994
-65.3214595357
-70.0
-70.0
-70.0
-70.0
-70.0
-70.0
-70.0
-70.0
-70.0
-70.0
-70.0
-70.0
-70.0
-70.0
-70.0
-70.0
-70.0
-70.0
-70.0
-70.0
-70.0
-70.0
-70.0
-70.0
-70.0
-70.0
-70.0
-70.0
-70.0
-70.0
-70.0
-63.3729584509
-59.7714082069
-65.4767068433
-70.0
-70.0
-70.0
-70.0
-70.0
-66.519395611
-64.5470531239
-63.5454125276
-63.1595810855
-63.156096184
-63.3821353704
-63.7383543698
-64.1608072905
-66.2950843379
-70.0
-70.0
-70.0
-70.0
-70.0
-70.0
-70.0
-70.0
-70.0
-70.0
-70.0
-63.4763978791
-59.7796900105
-58.8198511608
-65.5294955452
-70.0
-70.0
-70.0
-70.0
-70.0
-70.0
-70.0
-70.0
-70.0
-70.0
-64.6044117933
-68.0244044546
-70.0
-70.0
-70.0
-70.0
-70.0
-70.0
-70.0
-70.0
-63.7727709575
-60.2440078334
-58.4519496979
-57.7616498266
-56.9840898231
-60.2049139489
-62.1700343458
-64.0916971057
-61.7164109924
-60.567358958
-60.1923491054
-60.2942648904
-60.678938865
-61.2204452876
-61.8380009649
-62.4806010058
-64.3481547558
-70.0
-70.0
-70.0
-70.0
-65.6703390466
-63.2168645064
-61.9708842987
-61.4909333641
-55.9255048008
0
-70.0
-70.0
-70.0
-70.0
-70.0
-70.0
-67.4777573695
-66.0484865456
-65.3226411664
-65.0430459
-65.0405205435
-65.2043213114
-66.0795265212
-67.8084617001
-70.0
-70.0
-68.5178900968
-69.6895775119
-70.0
-70.0
-70.0
-70.0
-70.0
-63.6543034332
-60.2159053228
-60.8241629393
-64.1117130955
-69.776412359
-70.0
-70.0
-70.0
-70.0
-70.0
-64.796754177
-61.8482482107
-60.3508696905
-59.7740802554
-54.2235229778
0
-70.0
-70.0
-70.0
-70.0
-70.0
-70.0
-70.0
-70.0
-70.0
-70.0
-70.0
-70.0
-70.0
-70.0
-70.0
-70.0
-70.0
-70.0
-70.0
-70.0
-70.0
-70.0
-70.0
-70.0
-70.0
-70.0
-70.0
-70.0
-70.0
-70.0
-67.0238504411
-65.337365691
-64.4808959846
-64.1509842946
-64.1480044708
-64.3412830941
-64.645874165
-65.0070996687
-69.2897389492
-70.0
-70.0
-70.0
-70.0
-70.0
-70.0
-70.0
-70.0
-70.0
-70.0
-70.0
-70.0
-70.0
-70.0
-70.0
-70.0
-70.0
-70.0
-70.0
-70.0
-70.0
-70.0
-70.0
-70.0
-63.4622437766
-59.75751525
-57.8760942923
-62.196707134
-70.0
-70.0
-70.0
-70.0
-70.0
-70.0
-70.0
-70.0
-70.0
-70.0
-70.0
-70.0
-70.0
-70.0
-70.0
-70.0
-70.0
-70.0
-70.0
-70.0
-70.0
-70.0
-70.0
-70.0
-70.0
-70.0
-70.0
-68.1477967266
-67.2557586154
-62.9836788642
-60.6543083847
-59.5682091509
-59.2642759722
-59.4397735326
-59.8970796178
-60.5082272816
-61.1913083038
-61.8947799737
-63.6908221039
-70.0
-70.0
-70.0
-70.0
-70.0
-67.152306689
-63.2416148544
-61.1204792585
-60.1437819257
-59.8863041285
-60.0689406459
-60.5095578681
-61.0902762725
-61.7356981061
-58.4467483442
-66.3571650337
-70.0
-70.0
-68.6130249229
-67.9548568699
-67.6281274758
-62.6660884836
-59.9333288055
-58.6292287052
-58.2257943548
-58.3762072661
-58.8539147706
-59.5120754477
-62.9359018312
-70.0
-70.0
-70.0
-70.0
-70.0
-70.0
-70.0
-70.0
-70.0
-63.7786398642
-60.2532024539
-58.4628332593
-58.2440032881
-61.8366548861
-70.0
-70.0
-70.0
-70.0
-70.0
-65.2247762665
-62.5188161508
-61.1446128764
-60.6152704826
-60.6104893635
-60.9206043799
-61.4093199105
-62.7770827486
-61.7936350108
-65.5475518625
-69.8060032978
-70.0
-70.0
-70.0
-70.0
-70.0
-70.0
-70.0
-70.0
-70.0
-70.0
-70.0
-70.0
-70.0
-70.0
-70.0
-70.0
-70.0
-70.0
-70.0
-64.2619588696
-61.010402229
-59.3591215037
-58.7230490184
-59.0355901834
-64.9918545939
-70.0
-70.0
-70.0
-70.0
-70.0
-70.0
-70.0
-70.0
-70.0
-63.701783231
-60.1327937286
-58.3203069029
-59.8503296144
-65.8748237288
-70.0
-70.0
-70.0
-70.0
-70.0
-70.0
-70.0
-70.0
-70.0
-70.0
-70.0
-70.0
-70.0
-70.0
-70.0
-70.0
-70.0
-70.0
-70.0
-66.0228402459
-63.7691163853
-62.6245781894
-62.1837026655
-62.1797205957
-62.438007334
-56.578894586
-54.4651142533
-59.1357191152
-68.9440557518
-70.0
-70.0
-70.0
-70.0
-70.0
-70.0
-70.0
-70.0
-70.0
-70.0
-70.0
-70.0
-70.0
-70.0
-70.0
-70.0
-70.0
-70.0
-70.0
-70.0
-70.0
-70.0
-70.0
-63.4079753363
-62.5509628449
-69.8144118003
-70.0
-70.0
-70.0
-70.0
-67.1228640833
-65.4924870638
-64.6645112833
-64.3455754389
-64.342694751
-64.5295431798
-64.8240007978
-65.1732086754
-65.543626446
-66.2367581067
-69.8147002455
-70.0
-70.0
-70.0
-70.0
-70.0
-70.0
-70.0
-70.0
-70.0
-70.0
-70.0
-70.0
-70.0
-70.0
-70.0
-70.0
-70.0
-70.0
-70.0
-70.0
-70.0
-70.0
-70.0
-70.0
-70.0
-70.0
-70.0
-70.0
-70.0
-70.0
-70.0
-70.0
-70.0
-70.0
-70.0
-70.0
-70.0
-70.0
-70.0
-70.0
-70.0
-70.0
-70.0
-70.0
-70.0
-70.0
-70.0
-70.0
-70.0
-70.0
-70.0
-70.0
-70.0
-70.0
-70.0
-70.0
-70.0
-70.0
-70.0
-70.0
-70.0
-70.0
-70.0
-70.0
-70.0
-70.0
-70.0
-70.0
-70.0
-70.0
-63.6888662472
-60.5944733757
-60.0114134079
-56.3077986242
-55.985951175
-56.9030227702
-58.5330623675
-56.3208193728
-56.2023199996
-56.7516703346
-57.6707545902
-58.6331799906
-59.5895292312
-60.5103544678
-61.3791711275
-62.5112575335
-66.5067937682
-70.0
-70.0
-70.0
-70.0
-70.0
-70.0
-70.0
-70.0
-70.0
-70.0
-70.0
-70.0
-70.0
-70.0
-70.0
-70.0
-70.0
-70.0
-70.0
-70.0
-64.1982754944
-60.9106316079
-59.2410242225
-58.5978923171
-58.59208343
-60.9033078953
-64.3543973189
-70.0
-70.0
-70.0
-70.0
-70.0
-70.0
-70.0
-70.0
-70.0
-70.0
-70.0
-70.0
-70.0
-70.0
-70.0
-70.0
-70.0
-70.0
-70.0
-70.0
-70.0
-70.0
-70.0
-70.0
-63.6666334792
-63.6195504886
-70.0
-70.0
-70.0
-70.0
-70.0
-70.0
-70.0
-70.0
-70.0
-70.0
-70.0
-70.0
-70.0
-70.0
-70.0
-70.0
-70.0
-65.8419522816
-63.4857252412
-62.2891315089
-61.8282042192
-61.8240410381
-62.0940750948
-62.519626359
-65.4470669349
-70.0
-70.0
-70.0
-70.0
-70.0
-70.0
-65.1888890453
-62.4625928377
-57.2770012546
-54.589746263
0
-70.0
-70.0
-70.0
-70.0
-70.0
-70.0
-68.8066693775
-68.1304486915
-67.7870346568
-67.6547517474
-67.6535569436
-67.7310548298
-61.6157085583
-58.3868980415
-54.9738161195
-61.9832637115
-68.1432587127
-70.0
-70.0
-70.0
-70.0
-70.0
-70.0
-70.0
-70.0
-70.0
-70.0
-70.0
-70.0
-70.0
-70.0
-70.0
-70.0
-70.0
-70.0
-70.0
-70.0
-70.0
-70.0
-70.0
-70.0
-70.0
-70.0
-70.0
-70.0
-70.0
-70.0
-70.0
-70.0
-70.0
-70.0
-70.0
-70.0
-70.0
-70.0
-70.0
-70.0
-70.0
-70.0
-66.0563712593
-63.8216483062
-62.6867595909
-62.2496010419
-62.2456525445
-62.5017616946
-63.2270945591
-68.8953388095
-70.0
-70.0
-70.0
-70.0
-70.0
-70.0
-70.0
-70.0
-64.1088697527
-60.7705626126
-59.0752262414
-58.5830801032
-55.2954783937
-59.4222465012
-66.2402132651
-70.0
-70.0
-70.0
-70.0
-64.5333776093
-61.4356249213
-59.8624524777
-59.2564672624
-59.2509938911
-60.0945008641
-66.9243684569
-70.0
-70.0
-70.0
-70.0
-70.0
-70.0
-70.0
-70.0
-70.0
-70.0
-63.567135884
-59.9218462183
-58.7183059436
-60.9143199136
-69.7060597394
-70.0
-70.0
-70.0
-70.0
-70.0
-70.0
-70.0
-64.0269980883
-60.6422970051
-55.1373233994
0
-70.0
-70.0
-70.0
-70.0
-70.0
-70.0
-70.0
-70.0
-70.0
-65.4901163067
-62.9345155471
-61.6366712398
-61.1367422808
-61.1322268293
-61.4251099975
-55.8495584769
-54.4562241645
-59.8348978889
-66.8665303977
-70.0
-68.7258765778
-68.2708774719
-68.055515426
-67.9911143509
-68.0194365608
-68.102448668
-62.0186187117
-58.6343667808
-56.982670063
-56.4255630301
-60.5138182674
-70.0
-70.0
-70.0
-70.0
-70.0
-70.0
-70.0
-70.0
-70.0
-70.0
-70.0
-70.0
-70.0
-70.0
-70.0
-70.0
-70.0
-70.0
-70.0
-66.2252722895
-64.0862599202
-62.999977168
-57.805563949
-55.0953972193
0
-70.0
-70.0
-70.0
-70.0
-70.0
-70.0
-70.0
-70.0
-70.0
-70.0
-70.0
-70.0
-70.0
-70.0
-70.0
-70.0
-70.0
-70.0
-70.0
-70.0
-70.0
-70.0
-70.0
-70.0
-70.0
-70.0
-70.0
-70.0
-70.0
-70.0
-70.0
-70.0
-64.0104151321
-66.1169443483
-70.0
-70.0
-70.0
-70.0
-70.0
-70.0
-70.0
-70.0
-70.0
-70.0
-63.4238470597
-60.8579531712
-67.1134533868
-70.0
-70.0
-70.0
-70.0
-70.0
-70.0
-64.3557675172
-61.1573691103
-59.5330844292
-58.9074108062
-58.9017596055
-61.7677198237
-70.0
-70.0
-70.0
-70.0
-70.0
-70.0
-70.0
-70.0
-70.0
-70.0
-70.0
-70.0
-70.0
-70.0
-70.0
-70.0
-70.0
-70.0
-70.0
-70.0
-70.0
-70.0
-70.0
-63.5364383646
-59.8737534379
-59.8585690736
-66.5766324919
-70.0
-70.0
-70.0
-70.0
-70.0
-70.0
-70.0
-70.0
-70.0
-70.0
-63.4818193772
-59.7881836909
-63.4290890375
-70.0
-70.0
-70.0
-70.0
-70.0
-70.0
-65.305121929
-62.6446910221
-57.5376476383
-54.8888333534
0
-70.0
-70.0
-70.0
-70.0
-70.0
-70.0
-70.0
-70.0
-67.1263672746
-63.2448358136
-58.8879494931
-56.6442193845
0
-70.0
-70.0
-70.0
-70.0
-70.0
-70.0
-70.0
-70.0
-70.0
-70.0
-70.0
-70.0
-70.0
-70.0
-70.0
-70.0
-70.0
-70.0
-70.0
-70.0
-70.0
-70.0
-66.890348602
-65.1282128098
-64.2333242408
-63.8886136247
-63.8855001343
-64.0874487022
-64.4057028862
-64.783131967
-65.1834850167
-66.0799905607
-70.0
-70.0
-70.0
-70.0
-70.0
-70.0
-70.0
-70.0
-64.4059635358
-61.2360095395
-59.626170157
-59.0060608556
-59.000459913
-60.2099746453
-65.1245347733
-70.0
-70.0
-70.0
-70.0
-70.0
-70.0
-70.0
-70.0
-70.0
-70.0
-70.0
-70.0
-70.0
-70.0
-70.0
-70.0
-70.0
-70.0
-70.0
-70.0
-70.0
-70.0
-63.8373000303
-60.3451033808
-58.5716152784
-58.5644616226
-65.9847964372
-70.0
-70.0
-70.0
-70.0
-70.0
-70.0
-70.0
-70.0
-70.0
-70.0
-70.0
-70.0
-70.0
-70.0
-70.0
-70.0
-70.0
-70.0
-70.0
-70.0
-70.0
-70.0
-70.0
-70.0
-70.0
-70.0
-70.0
-70.0
-70.0
-70.0
-70.0
-70.0
-70.0
-70.0
-70.0
-70.0
-70.0
-70.0
-70.0
-70.0
-70.0
-70.0
-70.0
-70.0
-70.0
-70.0
-66.3552720072
-64.2899261447
-63.2410544223
-62.8370295748
-62.8333803471
-63.0700781323
-63.443094199
-64.3947004654
-70.0
-70.0
-70.0
-70.0
-70.0
-70.0
-70.0
-70.0
-70.0
-70.0
-70.0
-70.0
-70.0
-70.0
-70.0
-70.0
-70.0
-70.0
-70.0
-69.8184544768
-69.7155786803
-69.6633339131
-69.6432092556
-69.643027486
-69.654817508
-69.6733976043
-63.351150427
-59.7794304397
-58.3214284973
-66.9699376219
-70.0
-70.0
-70.0
-70.0
-70.0
-70.0
-70.0
-70.0
-70.0
-70.0
-70.0
-70.0
-63.4418738776
-61.7573173559
-70.0
-70.0
-70.0
-70.0
-70.0
-70.0
-70.0
-70.0
-64.7201929379
-61.7283022693
-60.2088911259
-54.8945565181
0
-70.0
-70.0
-70.0
-70.0
-70.0
-70.0
-68.4195161962
-65.287153499
-63.5648307641
-62.7459427643
-57.7743730992
-55.1989521968
-54.1470679154
-54.7258345702
-56.9484856225
-63.841465294
-70.0
-70.0
-69.7335430809
-67.3467143685
-66.0030599954
-65.330098705
-65.0819853073
-65.0970510917
-65.2695221927
-65.5306874468
-65.8363636844
-66.500614564
-70.0
-70.0
-70.0
-70.0
-70.0
-70.0
-70.0
-70.0
-64.2722115752
-61.0264648011
-59.3781345767
-58.7431986228
-58.737463763
-59.1094407217
-60.8855035318
-70.0
-70.0
-70.0
-70.0
-70.0
-70.0
-66.8873430789
-65.123504157
-64.2277506653
-63.8827068814
-63.8795903817
-64.0817341358
-64.4002959171
-64.9455391739
-66.3093761185
-70.0
-70.0
-70.0
-70.0
-70.0
-70.0
-70.0
-70.0
-70.0
-70.0
-70.0
-70.0
-70.0
-70.0
-70.0
-68.3179851501
-70.0
-70.0
-70.0
-70.0
-70.0
-70.0
-70.0
-70.0
-70.0
-70.0
-70.0
-70.0
-70.0
-70.0
-68.2377221727
-70.0
-70.0
-70.0
-69.4074420212
-67.1140196989
-65.8341656489
-65.205114364
-64.9875131142
-65.0240352605
-65.2118140396
-65.4840875058
-59.4925622331
-56.2478949951
-57.3695069118
-64.2211089797
-70.0
-70.0
-70.0
-70.0
-70.0
-70.0
-70.0
-70.0
-70.0
-70.0
-70.0
-70.0
-70.0
-70.0
-70.0
-70.0
-70.0
-70.0
-70.0
-70.0
-70.0
-70.0
-70.0
-70.0
-70.0
-70.0
-70.0
-63.8068032121
-61.6683852235
-63.4500479068
-67.5016972871
-70.0
-70.0
-70.0
-70.0
-70.0
-70.0
-70.0
-70.0
-70.0
-70.0
-70.0
-70.0
-70.0
-70.0
-70.0
-70.0
-70.0
-70.0
-64.0831901908
-60.7303312989
-59.0276049204
-58.371715596
-54.0440925963
-55.1160634575
-62.3563901659
-70.0
-70.0
-70.0
-70.0
-70.0
-70.0
-70.0
-70.0
-70.0
-70.0
-70.0
-70.0
-70.0
-70.0
-70.0
-70.0
-70.0
-70.0
-70.0
-70.0
-70.0
-70.0
-70.0
-70.0
-70.0
-70.0
-70.0
-63.6147716581
-65.0705871852
-69.7769222228
-70.0
-70.0
-70.0
-70.0
-70.0
-70.0
-70.0
-70.0
-70.0
-70.0
-70.0
-70.0
-70.0
-70.0
-70.0
-70.0
-70.0
-70.0
-70.0
-70.0
-70.0
-64.0150761088
-60.6236192371
-58.9012911395
-58.237851243
-58.2318589303
-59.498222397
-64.598813464
-70.0
-70.0
-70.0
-70.0
-65.3598956754
-62.7305032247
-61.3951843135
-60.8808201564
-60.8761743235
-61.1775143464
-61.6524012152
-63.2621281051
-68.6380948764
-70.0
-70.0
-70.0
-70.0
-70.0
-70.0
-70.0
-70.0
-70.0
-70.0
-70.0
-70.0
-70.0
-70.0
-70.0
-70.0
-70.0
-70.0
-65.1896943459
-62.4638544753
-61.0795554037
-60.546324114
-60.5415078697
-60.8539011941
-61.8691520219
-65.3407987227
-64.7884385611
-66.8405790604
-68.7055625452
-69.8677005512
-70.0
-70.0
-64.2236137787
-60.9503282533
-59.2880126629
-58.6476895533
-59.1586949246
-61.2149065249
-64.5485115979
-70.0
-70.0
-70.0
-70.0
-70.0
-70.0
-70.0
-70.0
-70.0
-70.0
-70.0
-70.0
-70.0
-70.0
-70.0
-70.0
-70.0
-70.0
-70.0
-70.0
-65.3913470771
-62.7797770874
-61.4535091907
-60.9426314797
-60.9380171371
-61.2373146269
-61.7089826333
-64.7211340209
-70.0
-70.0
-70.0
-70.0
-70.0
-70.0
-70.0
-70.0
-70.0
-70.0
-70.0
-70.0
-70.0
-70.0
-70.0
-70.0
-70.0
-70.0
-70.0
-70.0
-70.0
-70.0
-70.0
-70.0
-70.0
-70.0
-70.0
-63.4874564022
-60.5023256243
-62.867909448
-70.0
-70.0
-70.0
-70.0
-70.0
-65.0584585564
-62.2582517383
-60.8361859229
-60.2884069028
-60.2834592607
-60.7776340087
-63.4755832666
-69.1577995347
-70.0
-70.0
-70.0
-70.0
-70.0
-70.0
-70.0
-70.0
-70.0
-70.0
-70.0
-70.0
-70.0
-70.0
-70.0
-70.0
-70.0
-70.0
-70.0
-66.3784672172
-64.3262653069
-59.583013095
-54.8636613313
0
-70.0
-70.0
-70.0
-70.0
-70.0
-70.0
-70.0
-70.0
-70.0
-70.0
-65.3580236863
-62.7275704419
-61.3917128138
-56.1956950784
0
-70.0
-70.0
-70.0
-70.0
-70.0
-70.0
-70.0
-70.0
-70.0
-70.0
-64.6903668452
-61.6815747241
-60.153580294
-59.5649976261
-59.5596814379
-57.8119148926
-70.0
-70.0
-70.0
-70.0
-68.8537760594
-68.2042491597
-67.8743913813
-67.7473303348
-67.7461826958
-67.8206213559
-67.9379305067
-61.8314389084
-58.4398293191
-56.7902025882
-57.8192283192
-67.5596601898
-70.0
-70.0
-70.0
-70.0
-70.0
-70.0
-70.0
-70.0
-70.0
-70.0
-63.6600926177
-60.0674784344
-58.776913483
-59.9790319756
-66.8704065386
-70.0
-70.0
-70.0
-70.0
-70.0
-70.0
-70.0
-64.1906325611
-60.8986576791
-59.2268508272
-58.5828716885
-58.577055149
-62.3437074174
-70.0
-70.0
-70.0
-70.0
-70.0
-70.0
-70.0
-70.0
-64.1154429263
-60.7808605845
-59.0874158266
-58.4351017776
-58.4292099557
0
-70.0
-70.0
-70.0
-70.0
-70.0
-70.0
-70.0
-70.0
-70.0
-70.0
-70.0
-70.0
-70.0
-70.0
-63.7784357436
-63.1205338265
-66.1559814007
-69.5376227909
-70.0
-70.0
-70.0
-70.0
-70.0
-70.0
-70.0
-63.5961828421
-60.3214301941
-62.0845967296
-70.0
-70.0
-70.0
-70.0
-70.0
-70.0
-70.0
-70.0
-70.0
-70.0
-70.0
-70.0
-70.0
-70.0
-70.0
-70.0
-70.0
-70.0
-70.0
-70.0
-70.0
-70.0
-70.0
-70.0
-70.0
-63.6240795377
-58.6830831503
-66.7991997734
-70.0
-70.0
-70.0
-70.0
-70.0
-70.0
-70.0
-70.0
-70.0
-70.0
-70.0
-70.0
-70.0
-70.0
-70.0
-70.0
-70.0
-70.0
-66.6950362406
-65.0007671936
-64.150846859
-63.8358664296
-63.8523492909
-64.0671606981
-64.3938088524
-64.7766707832
-66.2522346663
-70.0
-70.0
-70.0
-70.0
-65.480937546
-62.9201354887
-61.6196497381
-61.1187032964
-61.1141786549
-61.4076579148
-61.8701568736
-64.7562506318
-70.0
-70.0
-70.0
-70.0
-70.0
-70.0
-65.7655233188
-61.1686719494
-56.5076241461
-54.160741326
0
-70.0
-70.0
-70.0
-70.0
-70.0
-70.0
-70.0
-70.0
-70.0
-70.0
-70.0
-70.0
-70.0
-70.0
-70.0
-70.0
-70.0
-70.0
-70.0
-70.0
-70.0
-70.0
-70.0
-70.0
-70.0
-70.0
-70.0
-63.9713711354
-60.5551481122
-59.009264406
-60.4585277456
-67.9562931944
-70.0
-70.0
-70.0
-70.0
-70.0
-70.0
-70.0
-70.0
-70.0
-70.0
-70.0
-70.0
-70.0
-70.0
-70.0
-70.0
-70.0
-70.0
-70.0
-70.0
-70.0
-70.0
-70.0
-70.0
-70.0
-63.6270063137
-60.9213146728
-61.8520197033
-70.0
-70.0
-70.0
-70.0
-70.0
-70.0
-70.0
-70.0
-70.0
-70.0
-70.0
-70.0
-70.0
-70.0
-70.0
-70.0
-70.0
-70.0
-70.0
-70.0
-70.0
-70.0
-70.0
-70.0
-70.0
-70.0
-70.0
-70.0
-70.0
-70.0
-70.0
-70.0
-70.0
-70.0
-70.0
-65.6934709114
-63.2531044278
-62.0137810568
-61.5363943323
-61.5320824865
-61.8117592961
-62.4326078553
-65.2310838775
-70.0
-70.0
-70.0
-70.0
-66.6878297662
-64.8109333004
-63.857764311
-63.4906041069
-63.4872878476
-63.702388497
-58.0456223137
-55.0500418599
-54.8282766111
-60.236816062
-70.0
-70.0
-70.0
-70.0
-70.0
-70.0
-70.0
-70.0
-70.0
-70.0
-70.0
-63.7112615883
-60.147643155
-59.5981981691
-67.3651416067
-70.0
-70.0
-70.0
-70.0
-70.0
-70.0
-70.0
-70.0
-70.0
-70.0
-70.0
-70.0
-70.0
-70.0
-70.0
-70.0
-70.0
-70.0
-70.0
-70.0
-70.0
-70.0
-70.0
-70.0
-70.0
-70.0
-70.0
-70.0
-70.0
-70.0
-70.0
-70.0
-70.0
-70.0
-70.0
-70.0
-70.0
-70.0
-70.0
-70.0
-70.0
-70.0
-70.0
-69.3388600152
-69.1442577706
-69.0560211648
