-70.0
-70.0
-70.0
-70.0
-70.0
-69.1975308642
-68.7427983539
-68.5118655693
-68.4229103795
-68.4221069197
-68.4742212798
-67.6441406817
-67.2246209668
-60.0654217723
-56.1010548632
-54.185732889
0
-70.0
-70.0
-70.0
-70.0
-67.9088851247
-66.7239200286
-66.1221436367
-65.8903396804
-65.8882459839
-67.0240086311
-68.137999265
-68.8684603365
-69.3444549682
-69.6519032483
-68.8482761701
-68.4044907175
-67.6358475331
-67.2534667047
-67.1155893175
-67.1290099079
-67.2327619319
-67.3872544153
-66.65483292
-66.3268855921
-67.2491288549
-60.8945863398
-55.0520412861
0
-70.0
-70.0
-70.0
-70.0
-69.407136446
-62.4808740763
-59.5584126554
-58.1529887143
-57.7046347259
-57.8454678419
-58.3351187835
0
-70.0
-70.0
-70.0
-70.0
-69.7447223099
-70.0
-70.0
-70.0
-63.2962698949
-58.4975071029
0
-70.0
-70.0
-70.0
-70.0
-68.6510863859
-67.1829983008
-59.8057391507
-55.7191923556
0
-70.0
-70.0
-70.0
-70.0
-69.5517390064
-69.2977244434
-69.1687248908
-69.1190343295
-68.1262928618
-68.2597121492
-68.3977733167
-68.5340175733
-68.6646302081
-68.7875101154
-68.9016543893
-69.006752474
-69.1029195756
-69.1905225175
-68.2960791602
-67.8162105071
-67.6010822984
-68.5442619499
-69.1586943425
-70.0
-70.0
-70.0
-70.0
-63.1715185693
-59.3020457586
-57.2607300716
-56.1272496571
-55.9095864198
0
-70.0
-70.0
-70.0
-70.0
-62.9804907788
-59.0027688869
-56.9827101221
-56.2045845258
-56.1975563506
-56.6534209004
-57.3718256003
-59.2215239086
-60.6906254299
-61.8823988284
-63.571753277
-64.7996408368
-58.7636701046
-55.5166319951
0
-70.0
-70.0
-70.0
-70.0
-69.1041751939
-68.5792172081
-68.311601843
-68.2073125625
-68.2044952422
-68.2626550085
-68.3554623681
-68.4659647049
-68.5834006168
-60.7640789974
-56.3803500592
-55.1867594977
0
-70.0
-70.0
-70.0
-70.0
-69.4836153025
-69.1909973073
-62.4520869109
-58.660337776
-56.7632770358
-57.0077370271
-57.5874884543
0
-70.0
-70.0
-70.0
-70.0
-69.1364162352
-68.6470521018
-68.3985318851
-68.3028020255
-68.3019373756
-68.3580206731
-69.4412650648
-70.0
-69.4084768268
-69.0732803621
-68.9030531378
-68.8374816986
-61.8439941598
-57.9197684978
-55.967907484
-55.2645272929
-55.3336816019
-56.8524904472
-58.2020260729
-59.4050132458
-60.4799717747
-61.4422811662
-62.3049240956
-62.0812960416
-62.2110760079
-63.509556345
-64.5049926692
-65.2854213747
-65.9108312188
-66.4223827514
-66.8485675792
-67.2093262232
-67.5188038689
-66.8045385239
-67.4564824045
-67.9324326528
-68.2869217133
-69.2604214629
-69.8691739305
-70.0
-69.9999178623
-69.9998713175
-69.9998476801
-62.9998629121
-59.0332099542
-56.4632222921
-56.0761593222
-56.3080495628
-56.1998783514
-56.5949796795
-57.278874487
-58.1132488886
-59.0100985667
-59.9145384213
-60.7933843866
-62.6015668581
-63.933090779
-64.934235439
-65.7037810536
-66.3087157206
-66.7947193302
-67.1931641849
-67.5257922915
-67.8078427458
-68.0501449268
-68.2605214046
-68.4447299111
-68.6070973512
-60.7515258472
-56.3464654165
-54.1585469776
0
-70.0
-70.0
-70.0
-70.0
-67.9508177697
-67.7894808487
-67.7663626678
-67.826946337
-67.9357316606
-68.0698117995
-61.3359901989
-56.6235160075
-54.2419142924
0
-70.0
-70.0
-70.0
-70.0
-69.6734814714
-69.4884543053
-69.3944895287
-69.3582943452
-69.3579674235
-69.3791723564
-69.4125895709
-69.4522202473
-69.4942579782
-69.5363386841
-69.5770424849
-69.6155633492
-69.6514904228
-69.6846636528
-69.7150788025
-69.7428252655
-70.0
-70.0
-70.0
-63.2962698949
-57.1641561686
0
-70.0
-70.0
-70.0
-70.0
-69.4027995183
-69.0528259222
-69.2077475672
-68.771553413
-68.5507851401
-68.4666313383
-67.7635476423
-68.2845585938
-61.6783249566
-57.9919739424
-56.1804308692
-55.5541573296
-56.528234052
-57.5617389505
0
-70.0
-70.0
-70.0
-70.0
-67.3703703704
-65.8802469136
-65.1234979424
-64.8319986283
-64.8293657522
-65.0001405014
-66.230248892
-67.0939722966
-67.7090739294
-68.8582028152
-69.5857400528
-62.071610492
-57.8274124058
-55.6866464738
-54.8792986989
-54.8989134106
-55.4140517906
-55.2971245875
-55.7170641127
-55.8895701352
-56.4634214108
-57.2589514625
-58.1609711114
0
-70.0
-70.0
-70.0
-70.0
-66.863327687
-64.1032215729
-62.6437171853
-61.4576684244
-61.0307835537
-61.0736265128
-61.3968780712
-61.8775997372
-55.5581701216
0
-70.0
-70.0
-70.0
-70.0
-70.0
-70.0
-70.0
-63.4410189571
-59.7242630327
-57.8367340437
-56.110673808
-55.2046818731
-55.154263983
-55.6188711161
-56.3770063588
-57.2859872925
-58.2551762763
-59.2281837907
-60.1710488396
-61.0643995743
-62.8959797044
-64.231728459
-65.2254534298
-65.9808399646
-66.5680438866
-67.034764777
-67.4136384853
-67.7271747608
-67.9910573674
-68.2163516858
-68.4109832206
-68.5807293675
-68.7298860767
-68.861717233
-61.9788818923
-58.1165512915
-56.1952678879
-55.5026555829
-55.5703330137
-56.0919283718
-56.8684879742
-57.7721408032
-57.7219312839
-58.1010745295
-58.7251913259
-59.4754883595
-60.2764836344
-61.0811980115
-61.8613200374
-62.600682585
-63.2909440274
-63.9287360919
-64.5137867943
-65.0476909892
-65.5331104731
-65.9732584811
-66.3715720032
-66.7315077163
-67.056418887
-60.3497621747
-54.3141094082
0
-70.0
-70.0
-70.0
-70.0
-68.3703109672
-67.4468205152
-66.9778322269
-66.7971781797
-66.7955464787
-66.9013825755
-67.068171481
-66.2659759184
-65.9091260502
-65.8313785943
-65.9236841676
-66.114944706
-66.3592028721
-66.6271176761
-66.9002959693
-67.1675264129
-66.4482927601
-66.1351428098
-66.0760814127
-66.1714418606
-66.356276734
-59.5890509226
-55.8757470717
-54.118573192
-54.5936233565
-55.3921993432
-56.3582716238
-57.3926392714
-58.4335052176
-59.4435746114
-60.4014970939
-61.2962006803
-62.1231494761
-62.8818804378
-63.5743896668
-63.2045333084
-63.2091350497
-56.4489153313
0
-70.0
-70.0
-70.0
-70.0
-64.8641975309
-61.953909465
-60.4759396433
-59.9066264289
-59.9014842859
-60.2350161906
0
-70.0
-70.0
-70.0
-70.0
-69.3251028807
-68.9426611797
-67.8362322817
-67.2445005335
-66.9813114667
-66.9240209778
-66.1897101828
-65.5428000329
-65.3032272753
-65.3160427115
-65.4798638829
-65.7288277896
-66.0205785406
-66.3282763733
-66.6352858604
-66.9316486906
-67.2117447658
-67.472744252
-67.713585802
-67.9343045386
-61.1358695108
-56.0188570724
0
-70.0
-70.0
-70.0
-70.0
-66.8888888889
-65.6814814815
-65.4343209877
-65.4382139918
-65.5926093278
-66.5358632556
-67.2172868371
-67.7188980914
-68.0959015743
-68.3855736115
-68.6131910468
-68.7959884731
-68.9458006464
-69.0708279289
-69.1768167007
-68.269371846
-67.7825925383
-67.5644385357
-59.8131329132
-55.1685784426
0
-70.0
-70.0
-70.0
-70.0
-66.5555555556
-64.6037037037
-64.3161728395
-64.3331152263
-64.5321768176
-64.833874545
-65.1870973634
-65.5594611422
-65.9308973715
-59.3703230029
-56.7492825061
-54.629909811
0
-70.0
-70.0
-70.0
-70.0
-66.8888888889
-65.1259259259
-64.230617284
-63.885744856
-63.882629904
-64.0846732693
-64.4030768462
-64.7806830975
-65.1812240783
-58.6631016705
0
-70.0
-70.0
-70.0
-70.0
-68.4121992732
-68.5119944351
-67.917768014
-60.9037689903
-57.7022809802
-56.1913121414
-55.7450204335
-55.9524113942
-56.5450989242
-57.3492081447
-58.2533667389
-59.1874163374
-60.108265552
-60.9904995623
-61.8201566497
-55.6445637736
0
-70.0
-70.0
-70.0
-70.0
-69.1385459534
-69.5187014175
-69.762837982
-69.9172253213
-69.1004083761
-69.4427737322
-69.6667671548
-69.8122709699
-69.9058308932
-69.9651058175
-70.0
-70.0
-70.0
-70.0
-70.0
-70.0
-70.0
-69.0070836131
-68.4444309939
-68.1586917225
-68.0486251023
-68.0476309601
-68.1121134428
-68.2137324843
-68.3342461597
-68.462079493
-69.5898430241
-70.0
-70.0
-70.0
-63.1923926331
-59.3347484585
-57.3756703385
0
-70.0
-70.0
-70.0
-70.0
-70.0
-70.0
-70.0
-70.0
-70.0
-70.0
-70.0
-70.0
-70.0
-63.1316820277
-59.2396351767
-56.2630882114
-54.9350570918
-54.6404031837
-54.9755973994
-55.6775273488
-57.5683937268
-59.1173004295
-60.4094011034
-61.5043481376
-61.4705170484
-61.7345344933
-62.1684604771
-62.6898673849
-63.2463826167
-63.9110872831
-57.5199785548
-54.1013140327
0
-70.0
-70.0
-70.0
-70.0
-69.7488187776
-69.6064827516
-69.5341983776
-69.506354474
-68.5138103293
-67.9678234981
-68.6906290863
-68.4642544326
-68.3796211593
-69.086557527
-69.5411674301
-69.829227791
-70.0
-63.9122085048
-60.4624599909
-59.2660844383
-58.9060562922
-59.0598375282
-59.5167783521
-60.1403835681
-60.8432005787
-61.5701174325
-62.2872636303
-62.9746425613
-63.6212485012
-64.2218371152
-64.774795713
-65.2807443479
-65.7416220506
-66.1600946039
-66.5391749824
-66.8819840434
-67.1916033452
-67.4709881482
-67.722919425
-67.9499808769
-67.1545595415
-67.7720210983
-68.2167639958
-68.5430509344
-68.7873880665
-68.9744107435
-69.1208106582
-69.2379569185
-69.3336461107
-69.4132714223
-69.4806042285
-69.5383171047
-69.5883342602
-69.6320667448
-69.6705706774
-69.7046540144
-69.7349488828
-68.7629758003
-69.2200111316
-68.9646764037
-68.8459863535
-68.2576838894
-67.9627796147
-67.853744396
-67.8598651182
-68.8763477175
-69.5236923532
-69.9279760561
-69.2314747395
-68.8391914582
-68.0869595519
-67.6993884231
-67.5435327983
-60.5319016645
-56.6405262621
-54.7510168119
0
-70.0
-70.0
-70.0
-70.0
-67.4238683128
-65.9640603567
-65.2227069044
-64.9371379363
-64.9345586242
-65.1018590828
-65.3655107219
-65.6781846812
-66.0098495675
-66.3418535137
-66.6629940976
-66.966911978
-60.2743440521
-56.5829918281
-54.8154140994
-54.2610203256
-54.4530167171
-55.0864473281
-55.9636241171
-56.9578093866
-57.9890602354
-59.0081754035
-59.9860386576
0
-70.0
-70.0
-70.0
-70.0
-68.6337526786
-67.8595458632
-61.8760604126
-58.5567671286
-56.5899793046
-55.5235739667
-55.3662782985
-55.7596916209
-56.4704165603
-57.3478376386
0
-70.0
-70.0
-70.0
-70.0
-69.0724087904
-68.5467737717
-68.2798336347
-68.1770084314
-68.176079695
-68.2363197967
-68.3312531978
-68.4438381318
-68.5632611546
-68.682806263
-68.798439786
-68.907871907
-69.0099354493
-62.1089122028
-56.8979615793
-54.2081258192
0
-70.0
-70.0
-70.0
-70.0
-67.9844501127
-66.8423051765
-66.2362639593
-59.6126375633
-55.9847071403
-54.9788290189
-54.8760078454
-55.3184482131
-56.0732974933
-56.9904304783
-57.9743625867
-58.9655764322
-59.9281188584
-60.8413736855
-61.6946141256
-62.4834045855
-63.2072320419
-63.8679541143
-64.4687888873
-64.0146784141
-63.9417228497
-64.0998920827
-57.3946215374
0
-70.0
-70.0
-70.0
-70.0
-68.7188819717
-61.4026087333
-57.2994244991
-55.2608664753
-54.5290361119
-54.6056366901
0
-70.0
-70.0
-70.0
-70.0
-69.0704829839
-68.5437566748
-68.2762623335
-68.173223651
-68.1738152217
-68.2350429902
-68.3306115515
-68.44359897
-68.5632714554
-68.6829658981
-68.7986837005
-67.966685922
-67.5352643909
-67.3585693258
-67.3405999759
-67.4184650335
-67.5512352335
-67.7125228458
-67.8855446516
-68.0598395801
-68.2290885511
-68.3896683154
-68.5396938968
-68.6783861157
-68.8056552432
-68.9218282116
-62.0274953894
-58.1566458497
-56.2289145976
-55.5313120264
-55.5950400828
-56.1134422472
-56.8873688043
-57.7888124451
-58.7367182147
-60.6809009259
-62.1580471885
-63.305733373
-64.2174873047
-64.9572900868
-65.5692620866
-66.0841365502
-66.52359001
-66.9031424189
-67.2341024503
-67.5248750541
-67.7818427813
-68.0099619915
-68.213168118
-69.3912273692
-70.0
-70.0
-70.0
-70.0
-70.0
-69.0877367367
-68.5707875542
-68.3082584595
-68.4774163888
-68.6296639334
-68.7666903291
-68.8900164889
-69.0010116351
-69.100908335
-69.1908160771
-69.2717335198
-69.3445595347
-69.4101031592
-68.4864340919
-67.649351515
-67.2254569185
-67.0636049299
-67.0643735724
-67.1626889722
-66.4479424891
-66.1374965163
-66.0799790487
-66.1761359332
-59.3612922044
-55.6270095602
0
-70.0
-70.0
-70.0
-70.0
-68.92365729
-68.3137297544
-67.3002785375
-67.7821933076
-68.4786023928
-68.9471610975
-69.2633909504
-69.4776824971
-69.6236680086
-69.7238037152
-70.0
-70.0
-70.0
-70.0
-70.0
-69.4435088442
-69.1281638559
-68.9680180677
-61.9066072074
-57.1370713152
-54.7041140694
0
-70.0
-70.0
-70.0
-70.0
-63.6081390032
-59.0251028807
-56.6411111111
-55.6560123457
-54.8393823045
-54.854758203
-55.3688251353
-56.1649711236
-57.1038263457
-58.0970119341
-59.0896895561
-60.048973144
-60.956244192
-54.8380329653
0
-70.0
-70.0
-70.0
-70.0
-69.383476604
-69.0341133463
-68.8566916134
-68.7883488533
-69.7876721655
-70.0
-70.0
-70.0
-70.0
-70.0
-70.0
-70.0
-70.0
-70.0
-70.0
-70.0
-70.0
-70.0
-70.0
-70.0
-70.0
-70.0
-70.0
-70.0
-63.666666531
-60.0777775652
-58.2551849336
-57.5531231902
-56.5467820646
-56.3914179871
-56.751818941
-57.4096655486
-58.2240513283
-59.1052144185
-59.9970717919
-59.9241448198
-54.2650636711
0
-70.0
-70.0
-70.0
-70.0
-66.9181527206
-65.1717725956
-64.2848854341
-63.9432569561
-63.9401713041
-64.1403142027
-63.4608610329
-63.2711604299
-63.3816347204
-63.6685314708
-64.2477268973
-64.7869865899
-65.8398650748
-66.6102633298
-67.1854935052
-68.3281521973
-69.0694756727
-63.1040004419
-59.7545819554
0
-70.0
-70.0
-70.0
-70.0
-65.260173754
-61.6620637098
-54.855202967
0
-70.0
-70.0
-70.0
-70.0
-69.3292155284
-68.9491043278
-68.7810647989
-69.0542055882
-62.3710072516
-58.6153880079
-56.7415035281
-56.0591227226
-55.2021816438
-55.1812776084
-55.6626926001
-55.7257481382
-57.2133775615
-57.9766204079
-58.8353454355
0
-70.0
-70.0
-70.0
-70.0
-68.3118427069
-67.3552202408
-66.8694060865
-66.6822707243
-66.6805804829
-66.7902136553
-66.9629864368
-67.1678838912
-67.3852262341
-67.5927521843
-67.7975093483
-67.9937800017
-68.1784163937
-68.3499176825
-68.5078211996
-61.6570390797
-56.4328075082
0
-70.0
-70.0
-70.0
-70.0
-69.4681127977
-68.1701355372
-67.4523446629
-66.5510364274
-66.1252169385
-65.9988846805
-66.0564558364
-66.222450002
-66.4479648347
-65.7894664017
-65.5347184618
-65.5307124158
-65.677285041
-65.9093191148
-59.1870006892
-55.5140429442
0
-70.0
-70.0
-70.0
-70.0
-69.2762432707
-68.8661144574
-69.3615370578
-69.6800727162
-69.881858354
-70.0
-63.1968542247
-59.3417382854
-57.3839441123
-56.6298028047
-56.6229912599
-57.0648046244
-56.7611252255
-56.6868800787
0
-70.0
-70.0
-70.0
-70.0
-68.9914127644
-68.4198799976
-67.1686494466
-66.5122894677
-65.6791749426
-65.3233337295
-65.2657178773
-65.38895777
-65.6166031134
-65.8993035489
-66.2056136919
-66.5158793214
-66.818176055
-67.1056148933
-67.3745576999
-67.6234381271
-66.8596924592
-66.5061219765
-67.4104416009
-68.0393519888
-62.0378859257
-58.7024100904
-57.633266475
-56.4625324201
-56.2113409065
-56.5202479681
-57.9573864086
0
-70.0
-70.0
-70.0
-70.0
-69.1399685007
-68.6526173178
-68.4051193641
-68.3097832798
-68.3089221865
-68.364774791
-68.4527938607
-68.5571788405
-68.667903867
-69.7764584291
-63.4650281598
-59.896002393
-58.0913868531
-56.4057049579
-55.8474389889
-55.9842314411
-55.8297954941
-56.2094740761
-56.8969654227
0
-70.0
-70.0
-70.0
-70.0
-69.0414545164
-68.4982787423
-68.2224306531
-68.1161741112
-68.1152143823
-68.1774647322
-68.2755661178
-68.3919080785
-68.515316319
-68.6388507193
-61.7743286101
-57.9298043908
-56.0254297129
-55.3486239157
-55.4309196402
-55.9659330869
-56.7547433854
-57.6695381183
-58.6294303541
-59.5843846837
-60.5045444588
-61.3731555085
-62.1818836213
-62.9277243684
-63.6109713376
-64.2338871413
-64.7998403854
-65.3127509857
-65.7767389797
-66.1959071434
-65.5742113404
-58.3501235476
-54.404000087
0
-70.0
-70.0
-70.0
-70.0
-68.5782655088
-61.6944266633
-57.8409758006
-55.9342060896
-55.2590040601
-56.3452493736
-57.7854882493
-59.3901152997
-60.7065543533
-61.806199307
-63.4428166727
-64.6433598697
-65.5422404589
-66.2301607971
-66.7685743068
-67.1993366024
-67.5511494264
-67.8438654732
-61.0984709668
-56.3479694983
0
-70.0
-70.0
-70.0
-70.0
-68.592590014
-67.7950576886
-67.3900363704
-68.2333457277
-68.7982198178
-69.1772036112
-68.5198119288
-67.8413831884
-67.5062798378
-67.3883418329
-67.6424029351
-67.8734261652
-68.6384814533
-69.1428985777
-69.4741188998
-69.690380463
-69.8304580522
-69.920156004
-69.9766362416
-70.0
-70.0
-70.0
-70.0
-70.0
-70.0
-70.0
-70.0
-70.0
-70.0
-70.0
-69.4444423079
-69.1296262823
-68.9697491242
-68.9081645252
-68.1051391459
-67.6864859467
-67.5124111623
-68.4648736248
-69.0875219814
-69.4915269293
-70.0
-70.0
-70.0
-70.0
-70.0
-70.0
-70.0
-70.0
-70.0
-70.0
-70.0
-70.0
-70.0
-70.0
-70.0
-70.0
-70.0
-70.0
-70.0
-70.0
-70.0
-70.0
-70.0
-70.0
-70.0
-70.0
-70.0
-70.0
-63.0585266333
-59.1250250589
-56.1274237367
-54.7912821522
-54.4965544631
-54.8364993676
-55.5459163313
-56.4533692985
-57.4493954355
-59.4638421644
-54.1451061723
0
-70.0
-70.0
-70.0
-70.0
-69.2866941015
-68.8824874257
-68.6772138394
-61.7802286237
-58.8770114312
-57.5058474013
-57.0996207367
-57.9896010837
-58.9239359225
-58.8614463083
-59.1952376628
-59.7556712201
-61.3017217377
-62.519294657
-63.4991952533
-63.3916205979
-63.547355118
-63.8558839928
-64.2458051846
-64.6715643936
-65.1046344391
-65.5276553185
-65.9305460022
-67.296367859
-68.2059820445
-68.8115511543
-62.2151313152
-57.5244823812
-55.1259436081
-54.182622224
-54.1438753194
-54.649164666
0
-70.0
-70.0
-70.0
-70.0
-69.3004115226
-68.9039780521
-68.7026520348
-68.6251013565
-68.6244009043
-68.6698339362
-68.7414326241
-67.8523563776
-67.3904987505
-67.2003675492
-67.1796099101
-67.2611683296
-67.4013977704
-67.5721555091
-67.7555383021
-68.9388609289
-69.6842258074
-70.0
-70.0
-70.0
-70.0
-69.0876066853
-68.5705838069
-68.3080172863
-67.5031730941
-66.7701608089
-66.4380147442
-66.3574599472
-60.4254176562
-57.1853450264
0
-70.0
-70.0
-70.0
-70.0
-70.0
-70.0
-70.0
-70.0
-69.0154448001
-68.4575301868
-68.1741970793
-68.0650573121
-68.0640715414
-67.2596982704
-59.5510699733
-55.2741906626
-54.1912160407
-54.068390733
-54.5257491905
-55.3159726254
-55.3673657607
-55.8859561165
-56.6675784594
-57.5809659165
-59.5039477513
-61.0076052604
-62.2095462572
-63.1903926467
-64.0058873922
-64.6949879931
-66.197490592
-66.2373034848
-66.3866144377
-66.5966471949
-66.8361119427
-67.0852537266
-67.3318970061
-67.5688197402
-67.7920127227
-67.9995280881
-68.1907197044
-68.3657440174
-68.5252338046
-68.6700865501
-69.7979031583
-63.4813540218
-59.9087127391
-58.1015042115
-57.4137956213
-58.2890233703
-58.2049770003
-58.5477166117
-59.1351031581
-60.6521674498
-61.8740004432
-62.8779668911
-64.4214515672
-65.5334939873
-66.3496029731
-65.9869605603
-65.903143094
-65.9894145111
-59.1819682589
-55.4581015656
0
-70.0
-70.0
-70.0
-70.0
-68.5954445868
-67.7995298527
-67.3953300171
-67.2396324485
-67.2382261591
-67.3294415135
-68.4727382493
-69.5429583492
-70.0
-63.4184321496
-59.6888770343
-57.794848064
-56.9412891836
-56.8644442158
-57.2561890947
-57.9160297188
-58.7147331027
-60.4384434534
-54.9734742795
0
-70.0
-70.0
-70.0
-70.0
-70.0
-70.0
-70.0
-70.0
-70.0
-63.2952813371
-59.4959407614
0
-70.0
-70.0
-70.0
-70.0
-69.0954714271
-68.5829052358
-61.7322956575
-57.8975200552
-56.000070692
-56.3259817261
-56.9773289557
-57.8022263282
-58.7037572075
-59.6212171615
-61.385965319
-62.7319487029
-56.9031978192
0
-70.0
-70.0
-70.0
-70.0
-69.4244779357
-69.098348766
-68.9327263052
-68.8689286186
-68.8683523861
-68.9057282336
-68.9646294677
-69.0344825593
-69.1085783289
-68.1827498474
-60.6984848355
-56.5179763338
-54.4590720217
0
-70.0
-70.0
-70.0
-70.0
-68.7268973052
-68.0054724449
-67.6391017805
-67.4979759892
-67.4967013148
-67.5793797996
-67.7096742305
-67.8641950814
-68.0281010892
-68.1921746576
-67.3682211733
-66.9615750436
-66.8188681977
-66.8392818168
-66.9568872611
-67.128887619
-67.3277915797
-67.5362075702
-67.7433835788
-67.9429097313
-68.1311950985
-68.3064598155
-67.4757773318
-67.0615085972
-66.9108970699
-66.2197965474
-65.5978096824
-65.0380239073
-64.8675516453
-64.9363498999
-65.1464171894
-65.4342436568
-65.7591314153
-67.0954263565
-67.9940224427
-68.600046013
-69.0103252881
-69.2894820102
-69.4806599764
-69.6126780903
-69.704799689
-69.7699126585
-70.0
-69.6666666593
-69.144444433
-68.8596296161
-68.726753072
-68.6894687099
-68.7107824689
-68.7665446421
-61.841117125
-57.9578233772
-56.029253016
-55.3378023654
-55.4116718962
-56.937132987
-58.287838542
-59.4886672569
-60.5595422439
-60.5190328196
-60.477426071
0
-70.0
-70.0
-70.0
-70.0
-62.8798737771
-58.8451355842
-56.7961214823
-55.0458607474
-54.4941756148
-54.6800253482
-55.3022010099
-56.1654330399
-57.14452449
-58.1604952103
-60.1645273164
-61.6947956695
-62.8897968257
-63.8438042919
-65.4238844311
-66.5244697002
-67.3006718716
-67.8563707788
-67.2635280887
-66.999038205
-66.9403763347
-67.007166668
-68.1079835367
-68.8315408734
-69.3046239129
-70.0
-70.0
-70.0
-70.0
-70.0
-70.0
-70.0
-70.0
-70.0
-70.0
-70.0
-70.0
-70.0
-70.0
-70.0
-70.0
-70.0
-70.0
-70.0
-69.0390183173
-68.4944620304
-68.2179128572
-67.4076825544
-67.0079549542
-67.8627149979
-61.4468138685
-57.8823793952
-56.1476393981
-55.5685407532
-55.7021302078
-56.2588795403
-57.0509664885
-57.9578531078
-58.9033899758
-60.8232575674
-62.2810695369
-63.4130544006
-63.3140938305
-63.4775810273
-63.7930873112
-64.1892881712
-64.6206990814
-65.0588556582
-65.4864544157
-65.8934651896
-59.2766612483
-54.6900358034
0
-70.0
-70.0
-70.0
-70.0
-69.2569730224
-68.8359244018
-68.6220977493
-68.5397318329
-68.5389878886
-68.5872419257
-68.6632862838
-68.7534700225
-68.849131265
-67.9709025966
-67.5116019756
-67.3189682038
-67.2927556673
-67.3672696231
-67.4997356759
-67.6625574517
-67.8381652687
-69.0149144772
-70.0
-69.6664818567
-69.4774882422
-70.0
-69.6666119082
-69.4776919895
-69.3817503053
-69.3447936179
-69.3444598182
-69.3661108778
-69.400231151
-69.4406956098
-69.4836177648
-69.526583799
-70.0
-70.0
-70.0
-63.2911580652
-59.4894809688
-56.5611090036
-56.1642573625
-56.3873377991
0
-70.0
-70.0
-70.0
-70.0
-63.0195092212
-56.7305644465
0
-70.0
-70.0
-70.0
-70.0
-69.0925887247
-68.578389002
-68.3172562017
-68.2166679814
-68.2157594499
-68.274689016
-68.3675571218
-68.4776927478
-67.6060787185
-67.162907677
-67.9915153929
-68.5556295094
-68.9422436623
-69.9131744024
-70.0
-70.0
-70.0
-70.0
-70.0
-70.0
-63.1898235176
-59.3307235109
-57.3709060565
0
-70.0
-70.0
-70.0
-70.0
-68.4192299804
-68.5183220715
-62.0368602347
-58.4134211248
-57.3292806584
-57.10115369
-57.3942390526
-57.9902823017
-58.7482321745
-59.5780610257
-60.4233563022
-61.2497549247
-62.037268934
-63.7491894136
-64.9847020543
-65.8931862368
-66.5751705385
-67.0985221015
-67.5092489693
-67.8387101243
-67.108630299
-59.7701190447
-56.6819960291
-55.2730556855
-54.9185896231
-55.2086236649
-55.8756899678
-56.746740084
-57.7111454842
-58.6994172082
-59.6690663357
0
-70.0
-70.0
-70.0
-70.0
-69.080092349
-69.5565276884
-69.8571713025
-70.0
-70.0
-70.0
-70.0
-70.0
-70.0
-70.0
-70.0
-70.0
-69.2891915817
-69.6888692805
-69.9390469237
-70.0
-70.0
-70.0
-70.0
-70.0
-70.0
-70.0
-69.0258890883
-68.4738929049
-68.1935654314
-68.085583433
-68.0846081194
-61.1478855521
-57.2809224933
-55.3847139082
-54.7341649602
0
-70.0
-70.0
-70.0
-70.0
-68.9101547595
-68.2925757899
-66.9804649873
-66.2938496729
-66.0054188284
-65.9655130275
-65.2735833102
-65.0159727028
-65.0275405816
-65.2002299562
-65.4638359157
-64.9048922037
-64.7393629031
-64.8153998926
-65.0338420898
-65.3304460052
-66.6636090613
-67.9080532595
-68.7244513365
-62.257432205
-58.6353063193
-55.8581954404
-54.6633223984
-55.3698296648
-56.2814063691
-56.4831697102
-57.0547887246
-57.8292671757
-58.6996453405
-59.598550728
-60.4846089363
-61.3334235634
-61.1901258843
-61.0644764141
-61.2869375181
-61.7108495966
-62.2415018571
-62.8185098182
-63.4040976009
-63.9753136839
-64.5188662108
-65.0277021866
-65.4987470326
-65.9314157057
-59.326913601
-55.7199818848
0
-70.0
-70.0
-70.0
-70.0
-68.7819047381
-68.0916507563
-67.7411100087
-68.6060784165
-69.1715235139
-69.5384064552
-69.7739226715
-69.9227683123
-70.0
-70.0
-70.0
-70.0
-69.0189075803
-68.1296218758
-67.6583963906
-59.9002640981
-55.5820425861
0
-70.0
-70.0
-70.0
-70.0
-69.5322297853
-69.2671599969
-69.132546124
-69.0806929295
-62.1611517214
-58.2707219391
-56.3274400051
-55.6172228446
-55.6705184534
-56.1801452036
-56.9465830803
-57.8415597036
-58.7838270208
-59.7230598438
-60.6291642094
-62.4851869917
-63.849294428
-64.8727824088
-58.6817608621
-55.344422572
0
-70.0
-70.0
-70.0
-70.0
-69.6076455678
-69.3853113896
-69.272400503
-63.345159766
-60.0106433315
-58.3429120265
-57.7308428426
-56.7725733731
-56.6385259124
-57.9156884103
-59.0847962954
-59.3476320141
-59.8604123782
0
-70.0
-70.0
-70.0
-70.0
-69.0781893004
-62.1703703704
-58.2866666667
-56.3468888889
-55.6381259259
-55.691597284
-57.1128353608
-58.3951503615
-59.5513676832
-60.5933858201
-61.5321505083
-56.3673744375
0
-70.0
-70.0
-70.0
-70.0
-67.3470507545
-65.8437128487
-65.0802530102
-64.7861686735
-64.783512449
-64.9558016327
-65.2273150884
-65.549312659
-64.9168797408
-64.706857332
-65.7557595367
-66.5265755417
-67.1048459599
-67.5483133456
-67.8961166654
-68.1749281018
-67.4420691359
-67.0876181185
-66.9720269041
-67.003604612
-67.122431083
-67.2896459295
-67.4803199731
-67.6787137335
-67.8751261986
-68.0638028044
-68.2415486743
-68.4068112405
-68.5590750722
-69.6980131092
-70.0
-70.0
-70.0
-70.0
-70.0
-69.6666652423
-69.4777755462
-69.3818492104
-69.3448984352
-69.3445646889
-69.3662122849
-69.4003270996
-69.4407850851
-69.4837003736
-63.5093180414
-60.4743780406
-58.9709347722
-58.4365043187
-58.5012959027
-58.9234609896
-59.5459780088
-60.26795562
-61.0255436661
-61.7792450382
-62.5054910268
-62.1913563145
-62.2631636099
-62.5641425335
-57.0114319838
-54.1127579213
0
-70.0
-70.0
