-67.85
-65.915
-64.1735
-63.42615
-62.4802016667
-61.4466259444
-60.394926313
-59.3674089903
-58.3886516304
-57.4717754934
-56.6225906281
-55.842326688
-55.129424101
-54.4807017454
0
-70.0
-70.0
-70.0
-70.0
-70.0
-70.0
-70.0
-70.0
-70.0
-70.0
-70.0
-70.0
-70.0
-69.5644700877
-68.6010031374
-67.3528895293
-66.7955917135
-65.8513599669
-64.7064422533
-63.4792768834
-62.243668432
-61.0441810801
-59.0863492997
-57.5587719214
-56.3402664304
-55.3478209214
-54.5240929187
-54.6490530197
-54.5190606464
-54.2404298675
0
-70.0
-70.0
-70.0
-70.0
-70.0
-70.0
-70.0
-70.0
-70.0
-70.0
-70.0
-70.0
-70.0
-69.3928838994
-67.5121847758
-65.7500258091
-64.1177295687
-62.6177608389
-61.247187573
-59.9999373611
-58.8682559885
-57.8436386321
-56.9174135971
-55.2610981229
-54.861938901
-54.4103787377
0
-70.0
-70.0
-70.0
-70.0
-70.0
-70.0
-70.0
-70.0
-70.0
-70.0
-70.0
-70.0
-70.0
-70.0
-70.0
-70.0
-70.0
-70.0
-69.5532760932
-68.5834658793
-67.3321308883
-65.9535921975
-64.5446825764
-62.3445140512
-60.5629291343
-59.0918805464
-57.8561887088
-56.8029006493
-55.8941644586
-55.1024505955
-54.4073405912
0
-70.0
-70.0
-70.0
-70.0
-70.0
-70.0
-70.0
-70.0
-70.0
-70.0
-70.0
-70.0
-70.0
-70.0
-69.9738266765
-69.2423284598
-68.1120185811
-67.6000987012
-67.4762768166
-66.7694411252
-65.7363583396
-64.5419633902
-63.2905943076
-62.0467530477
-60.8488898569
-58.8985422805
-57.3817156587
-56.1755624969
-55.1960185167
-54.3850915113
0
-70.0
-70.0
-70.0
-70.0
-70.0
-70.0
-70.0
-70.0
-70.0
-70.0
-70.0
-70.0
-70.0
-70.0
-70.0
-69.605457351
-68.6652165166
-66.6088981321
-64.7714771636
-63.1266420104
-61.6521861848
-60.3291064833
-59.1409551129
-57.253365787
-55.8290333318
-54.7301327477
0
-70.0
-70.0
-70.0
-70.0
-67.291448801
-70.0
-70.0
-70.0
-70.0
-70.0
-70.0
-70.0
-70.0
-70.0
-70.0
-70.0
-70.0
-69.8728404896
-69.0841167671
-67.924745308
-66.5816309223
-65.1730412601
-63.7721194208
-62.4224956698
-61.1486382303
-59.9627024922
-58.8690509663
-57.8672250185
-56.9538886159
-56.1240904871
-55.3720752603
-54.6917969489
0
-70.0
-70.0
-70.0
-70.0
-70.0
-70.0
-70.0
-70.0
-70.0
-70.0
-70.0
-70.0
-70.0
-69.9500617665
-69.2050967675
-68.8879478759
-68.0180602783
-66.8455257106
-65.5304874462
-64.1737815727
-62.8372986629
-61.5574989615
-61.1743691753
-60.5220123311
-59.7298644802
-58.8802469537
-58.0244682059
-58.0135186838
-57.689831681
-57.1892917567
-70.0
-70.0
-70.0
-70.0
-70.0
-70.0
-70.0
-70.0
-70.0
-70.0
-70.0
-69.3531094319
-69.0898714433
-67.4255996021
-65.7961831772
-64.2419938831
-62.7847471772
-61.4342409144
-60.1927957929
-58.2381688603
-57.560787072
-56.8523317633
-56.1488475193
-55.4717953889
-54.0131709311
0
-70.0
-70.0
-70.0
-70.0
-70.0
-70.0
-70.0
-70.0
-70.0
-70.0
-70.0
-70.0
-70.0
-70.0
-70.0
-69.7496344626
-68.8910939914
-67.6962665756
-66.3394945736
-64.9307815533
-63.5378610227
-62.2008466702
-60.9419431697
-59.7718696304
-58.6940965192
-57.7076294351
-55.9888282035
-54.7079198578
0
-70.0
-70.0
-70.0
-70.0
-70.0
-70.0
-70.0
-70.0
-70.0
-70.0
-70.0
-70.0
-70.0
-70.0
-70.0
-70.0
-69.2852563225
-67.3435682385
-64.7304364469
-62.6215428237
-60.8854885556
-59.4310063763
-58.1939501894
-57.1285848044
-56.2017460798
-55.3889179758
-54.6715905142
-54.8554743534
-54.7539555118
-55.3045790232
-55.4081338292
-54.4199955852
0
-70.0
-70.0
-70.0
-70.0
-70.0
-70.0
-70.0
-70.0
-70.0
-70.0
-70.0
-70.0
-70.0
-69.3446179565
-68.2565681318
-66.1251859659
-64.2588504676
-62.6137541529
-61.1562378924
-59.8598535397
-58.7033611434
-56.8493536675
-55.458637393
-54.3922530486
0
-70.0
-70.0
-70.0
-70.0
-67.5745084791
-70.0
-70.0
-70.0
-70.0
-70.0
-70.0
-70.0
-70.0
-70.0
-70.0
-70.0
-70.0
-70.0
-69.414442815
-68.3659604101
-67.0746722868
-66.50074367
-65.5563617109
-64.4211871451
-63.2093761674
-61.9919770419
-60.8118049985
-59.6933082725
-58.6490999612
-56.8642716424
-54.6945655963
0
-70.0
-70.0
-70.0
-70.0
-70.0
-70.0
-70.0
-70.0
-70.0
-70.0
-70.0
-70.0
-70.0
-70.0
-70.0
-70.0
-69.9760540163
-69.2458179588
-68.116149059
-67.6044760839
-67.4806564293
-66.773676089
-65.7403653484
-64.5457000592
-62.474044217
-59.9452492377
-58.0464639423
-56.5889773003
-55.4448527384
-54.52688291
0
-70.0
-70.0
-70.0
-70.0
-70.0
-70.0
-70.0
-70.0
-70.0
-70.0
-70.0
-70.0
-70.0
-70.0
-69.497506579
-68.4960936404
-67.2287094225
-65.8439885778
-65.2550231183
-64.343143072
-63.2679102752
-62.9505069212
-62.2783813448
-61.4158266208
-60.4677662324
-59.5000044583
-58.5526805785
-57.649196898
-56.8021334598
-56.0171576149
-55.2956001874
-70.0
-70.0
-70.0
-70.0
-70.0
-70.0
-70.0
-70.0
-70.0
-70.0
-70.0
-70.0
-69.294407229
-68.1779046588
-67.6720729614
-66.7295048442
-65.5563138125
-64.2838553996
-62.9942518386
-61.7373479741
-60.5419607229
-59.4233296814
-58.3880400671
-57.437264963
-56.5688910684
-55.778903696
-55.0622811494
-54.4135649165
-54.6472163461
-67.2824999918
-70.0
-70.0
-70.0
-70.0
-70.0
-70.0
-70.0
-70.0
-70.0
-69.4448355671
-67.5935757218
-65.8463672906
-64.2198299888
-62.7199132748
-61.3459661372
-60.0933989834
-58.9554120584
-57.9241061681
-56.9911857616
-56.1483939924
-55.3877724644
-54.7018071321
-54.0835010284
0
-70.0
-70.0
-70.0
-70.0
-70.0
-70.0
-70.0
-70.0
-70.0
-70.0
-70.0
-70.0
-70.0
-70.0
-70.0
-70.0
-69.3251447266
-68.2260600717
-66.9090739431
-66.3252464678
-65.3807751003
-64.2513997765
-63.048727923
-61.8421672135
-60.6734918806
-59.5665036182
-58.5334272069
-57.5791337865
-56.7039199414
-55.9053276363
-55.1793279986
-55.3410839495
-64.5500417798
-70.0
-70.0
-70.0
-70.0
-70.0
-70.0
-70.0
-70.0
-70.0
-70.0
-70.0
-70.0
-69.4229142108
-68.3792322636
-67.0903820198
-65.6973924729
-64.2883523289
-63.7366498316
-62.8977400055
-61.914469443
-61.6973581241
-61.1271793952
-60.3641661781
-59.5108860419
-58.6318884254
-57.7667602413
-56.9387913229
-55.3407169277
-54.153848393
-58.3332209526
-70.0
-70.0
-70.0
-70.0
-70.0
-70.0
-70.0
-70.0
-70.0
-70.0
-70.0
-69.4821914498
-67.6520999379
-65.9156416996
-64.2932453666
-62.7933660546
-61.4169929322
-60.1606026277
-59.0180816908
-57.9819664056
-57.0442316876
-56.1967831339
-55.4317545639
-54.7416789364
-54.1195775954
0
-70.0
-70.0
-70.0
-70.0
-70.0
-70.0
-70.0
-70.0
-70.0
-70.0
-70.0
-70.0
-70.0
-70.0
-70.0
-70.0
-69.5254911218
-68.5399360908
-67.2806052025
-65.8989864961
-64.4900490558
-63.9316849564
-63.0822769982
-61.2665563233
-59.7515720409
-58.4675290702
-57.3648523187
-56.4077511905
-55.5698988073
-54.8315240837
-54.1774484468
0
-70.0
-70.0
-70.0
-70.0
-70.0
-70.0
-70.0
-70.0
-70.0
-70.0
-70.0
-70.0
-70.0
-70.0
-69.7879982962
-68.9511973307
-67.7674101738
-66.4148908738
-65.0062162647
-63.6108042904
-62.2698636295
-61.0063037786
-59.8312910754
-58.748573751
-56.9373242314
-55.5693303785
-54.5128897209
-54.4985956689
-55.1100660488
-55.2566127417
-55.1193203328
-59.8962561699
-70.0
-70.0
-70.0
-70.0
-70.0
-70.0
-70.0
-70.0
-70.0
-69.8001766763
-68.1502767928
-66.5053276363
-64.9181805546
-63.4186196204
-62.0215957391
-60.7326615525
-59.5515456554
-58.4744912619
-57.4957755838
-56.6086869908
-55.8061442686
-55.081080493
-54.4266728779
0
-70.0
-70.0
-70.0
-70.0
-68.2451396815
-70.0
-70.0
-70.0
-70.0
-70.0
-70.0
-70.0
-70.0
-70.0
-70.0
-70.0
-70.0
-69.8271138626
-69.0124783848
-67.8399478186
-66.4917645516
-65.0831291064
-63.685176869
-63.1602329643
-62.3565921893
-60.592521318
-59.1309947513
-57.8997123196
-56.8476191165
-55.9381092242
-55.1444663146
-54.4467983584
0
-70.0
-70.0
-70.0
-70.0
-70.0
-70.0
-70.0
-70.0
-70.0
-70.0
-70.0
-70.0
-70.0
-69.8161228332
-68.9952591054
-67.8195655652
-65.6501639222
-62.9568508057
-60.8589679089
-59.1882725739
-57.8295796204
-57.523377861
-57.0388775433
-56.4635481012
-55.8528988326
-55.2414126437
-55.4698071756
-55.3745169888
-55.0881923105
-54.6967910931
-54.2553906596
-66.4986046964
-70.0
-70.0
-70.0
-70.0
-70.0
-70.0
-70.0
-70.0
-70.0
-70.0
-69.760269723
-68.9077558994
-67.7159890752
-66.3603960115
-64.9516936396
-63.5580824285
-62.2199796209
-60.9597852822
-59.788342503
-57.889198752
-55.6167392097
-54.016038844
0
-70.0
-70.0
-70.0
-70.0
-70.0
-70.0
-70.0
-70.0
-70.0
-70.0
-70.0
-70.0
-70.0
-70.0
-70.0
-70.0
-70.0
-69.9924547381
-69.2715124231
-68.1465632866
-66.8167083619
-66.2282384616
-66.1042152394
-64.6229941314
-63.1968283289
-61.8512345698
-60.598837162
-59.4441041452
-58.3864608637
-57.4223261993
-56.5464345273
-55.7526850399
-55.0346791795
-54.3860530239
0
-70.0
-70.0
-70.0
-70.0
-70.0
-70.0
-70.0
-70.0
-70.0
-70.0
-70.0
-70.0
-70.0
-68.5636463176
-67.8530458976
-66.7815841157
-65.5293209093
-64.2103189552
-62.8952404842
-61.6263520522
-60.4274739245
-59.3105645838
-59.1000668265
-58.6204326113
-57.9953043285
-57.3037172145
-56.5953077056
-56.7204184101
-56.5214708858
-56.1347200083
-66.6281490103
-70.0
-70.0
-70.0
-70.0
-70.0
-70.0
-70.0
-70.0
-70.0
-70.0
-70.0
-69.5645908747
-68.6011923703
-67.3531135221
-65.1558290957
-63.2822641367
-61.6653830234
-60.2564082546
-59.0191431182
-57.9261459324
-56.1361427565
-54.8076027591
0
-70.0
-70.0
-70.0
-70.0
-70.0
-70.0
-70.0
-70.0
-70.0
-70.0
-70.0
-70.0
-70.0
-70.0
-70.0
-70.0
-70.0
-69.8120625157
-68.9888979413
-66.9920359319
-65.1775175285
-63.5328892356
-62.0450159519
-61.52079145
-60.7722303672
-59.914019372
-59.0186254624
-58.1307682679
-57.2770283423
-56.4722167755
-55.7235892763
-55.0336264675
0
-70.0
-70.0
-70.0
-70.0
-70.0
-70.0
-70.0
-70.0
-70.0
-70.0
-70.0
-70.0
-70.0
-70.0
-69.7335794396
-68.865941122
-68.4864934274
-67.5926083631
-66.4198570457
-65.1188776871
-63.7843274824
-62.4741197768
-61.2221911609
-60.0469609526
-58.9569241292
-57.9543378976
-57.037641562
-57.0230357086
-56.7301710062
-56.2801131513
-55.7507413333
-55.1914268647
-70.0
-70.0
-70.0
-70.0
-70.0
-70.0
-70.0
-70.0
-70.0
-70.0
-70.0
-70.0
-69.4941208191
-69.3107892832
-68.5070973856
-67.3579790009
-66.03990867
-64.6644028491
-63.3002859283
-61.9884729115
-60.7517693377
-59.6013548822
-59.3610610462
-58.8548493763
-59.0259607285
-58.7777621823
-58.2862509817
-65.2851358947
-70.0
-70.0
-70.0
-70.0
-70.0
-70.0
-70.0
-70.0
-70.0
-69.9298012088
-69.1733552271
-67.2103757971
-65.4089089459
-63.764398537
-62.2688790071
-60.9126046556
-59.6850865562
-58.575739478
-57.5742732485
-55.8509177358
-54.571873837
0
-70.0
-70.0
-70.0
-70.0
-70.0
-70.0
-70.0
-70.0
-70.0
-70.0
-70.0
-70.0
-70.0
-70.0
-70.0
-70.0
-70.0
-69.9762399132
-69.2461091973
-68.1164937945
-67.6048414264
-67.4810219579
-66.7740295449
-66.560699779
-65.8306785934
-64.8149765957
-63.6617228438
-62.4643798312
-61.280494696
-60.144147125
-59.0742003449
-58.079758932
-57.1637687865
-56.3253824063
-55.561504498
-70.0
-70.0
-70.0
-70.0
-70.0
-70.0
-70.0
-70.0
-70.0
-69.424325006
-68.3814425093
-67.092998261
-65.7001651034
-64.291126372
-62.0993322541
-60.3309447082
-58.8755473571
-57.6564573678
-56.6197881287
-55.7271269809
-54.9506260596
-54.2697046381
0
-70.0
-70.0
-70.0
-70.0
-70.0
-70.0
-70.0
-70.0
-70.0
-70.0
-70.0
-70.0
-70.0
-70.0
-70.0
-70.0
-70.0
-70.0
-69.4463038212
-69.2358759866
-67.5984234196
-65.9793377654
-64.4252417807
-62.9619427972
-61.6018986472
-60.3491422023
-59.2025169286
-58.1577912001
-58.0290293897
-57.6341379904
-57.0927318845
-56.4814638248
-55.8486541948
-60.3040132767
-70.0
-70.0
-70.0
-70.0
-70.0
-70.0
-70.0
-70.0
-69.9903605545
-69.2682315354
-68.1426797394
-65.9925926705
-64.1194540068
-62.4749223417
-61.0223725979
-59.7334303317
-58.5856172943
-57.5607422287
-56.6437924483
-56.6421628319
-55.5497796343
-54.6593570612
0
-70.0
-70.0
-70.0
-70.0
-70.0
-70.0
-70.0
-70.0
-70.0
-70.0
-70.0
-70.0
-70.0
-70.0
-70.0
-70.0
-70.0
-69.654712319
-68.7423826331
-67.5202387338
-66.1529444364
-64.7441363767
-63.3573803284
-62.0300806884
-59.9626982149
-58.3401787902
-57.0386611758
-55.9731285679
-55.9047047176
-55.6168269168
-55.2068726724
-55.5573377034
-54.7123721319
-54.8183137179
-70.0
-70.0
-70.0
-70.0
-70.0
-70.0
-70.0
-70.0
-70.0
-70.0
-70.0
-69.2878371911
-68.1676115994
-66.8398891911
-66.2519261064
-65.3074173854
-65.0004649066
-63.4462779224
-62.0155564678
-60.7066050462
-59.5143473583
-58.4318478336
-57.4512865244
-56.5645735213
-56.5837266021
-56.3257608972
-55.9101227777
-55.4137358134
-55.7054457743
-63.2602604205
-70.0
-70.0
-70.0
-70.0
-70.0
-70.0
-70.0
-70.0
-70.0
-70.0
-70.0
-69.4668093125
-68.4480012563
-67.1717830473
-65.7836593537
-64.3746631591
-63.0001100036
-61.6920411103
-60.4674650706
-59.3338039444
-58.2924804706
-57.3412703706
-56.4758352982
-55.6907130782
-54.9799493103
-55.1574927391
-55.0421023718
-54.7547980724
-54.3739222236
-58.2095794373
-70.0
-70.0
-70.0
-70.0
-70.0
-70.0
-70.0
-70.0
-70.0
-70.0
-70.0
-70.0
-68.8457963539
-67.4750809545
-66.0201490163
-64.5631848862
-63.1535669119
-61.819343897
-60.5748319581
-59.4256303962
-58.3719217791
-57.4106325496
-56.5368379269
-55.7446665557
-55.0278748478
-54.3802039948
-54.6155946832
-54.5529759401
-54.3136388296
0
-70.0
-70.0
-70.0
-70.0
-70.0
-70.0
-70.0
-70.0
-70.0
-70.0
-70.0
-70.0
-69.7171498297
-68.8402013998
-66.8160256285
-64.9909859782
-63.3462626554
-61.8645532398
-61.3500424825
-60.6130012787
-60.5870098471
-60.1685146599
-59.528467059
-58.7768229297
-57.9832756879
-57.1910381532
-56.4259943606
-55.702768273
-55.0287403447
-55.2266989095
-57.6612507513
-70.0
-70.0
-70.0
-70.0
-70.0
-70.0
-70.0
-70.0
-70.0
-70.0
-69.8757118729
-69.0886152676
-68.7500701288
-67.8719407079
-66.6993316984
-65.3891219028
-64.8600252953
-63.1772331543
-61.6783167646
-60.3396897053
-59.1418571462
-58.0684290392
-57.9254245403
-57.525441023
-56.9846028785
-56.3772798959
-55.7503101098
-55.9524512344
-55.0053208681
-54.2201986193
-66.2584321128
-70.0
-70.0
-70.0
-70.0
-70.0
-70.0
-70.0
-70.0
-70.0
-70.0
-70.0
-69.2984703973
-68.1842702892
-66.8596078813
-65.4528235072
-64.0436587658
-62.6800379621
-61.3891975478
-60.185053381
-59.0730651015
-57.2334366305
-55.8385449935
-54.7569918449
0
-70.0
-70.0
-70.0
-70.0
-68.3661416824
-70.0
-70.0
-70.0
-70.0
-70.0
-70.0
-70.0
-70.0
-70.0
-70.0
-70.0
-70.0
-70.0
-69.5026919329
-68.5042173615
-67.2383253733
-65.8541793346
-64.4452190669
-63.068335604
-60.9365943395
-59.2429964362
-57.8687378129
-56.7318913786
-55.7753871387
-54.9589716901
-54.2538233646
0
-70.0
-70.0
-70.0
-70.0
-70.0
-70.0
-70.0
-70.0
-70.0
-70.0
-70.0
-70.0
-70.0
-70.0
-69.9442110342
-69.1959306202
-68.0570980178
-66.7218951891
-65.3133769856
-63.907820164
-62.5508920655
-61.2683721376
-60.0732477763
-58.9703982336
-57.9596752335
-57.0379189257
-56.2002678435
-55.4410015994
-54.7540751329
-54.953450082
-54.8579600487
-54.5887340271
-70.0
-70.0
-70.0
-70.0
-70.0
-70.0
-70.0
-70.0
-70.0
-70.0
-70.0
-70.0
-69.6055548506
-68.6653692659
-67.4290789396
-66.8763354458
-65.9321448347
-64.7845589735
-63.5531888243
-62.312593774
-61.1078169514
-59.9646902927
-58.8966579545
-57.9092832864
-57.0032157093
-56.1761346394
-55.4240148428
-54.7419424701
-54.1246342975
-54.386761584
-55.1678125698
-70.0
-70.0
-70.0
-70.0
-70.0
-70.0
-70.0
-70.0
-70.0
-70.0
-70.0
-70.0
-70.0
-70.0
-69.3665522378
-68.2909318392
-66.985861872
-65.586624496
-64.1775279206
-62.8094857112
-61.5116775286
-60.2992700348
-59.1785165373
-58.1501138876
-58.0314018348
-56.8224612087
-55.8196814593
-54.9740242278
-54.2508290813
0
-70.0
-70.0
-70.0
-70.0
-70.0
-70.0
-70.0
-70.0
-70.0
-70.0
-70.0
-70.0
-70.0
-70.0
-69.5433372156
-68.5678949712
-68.1336997921
-68.038726025
-66.5104508972
-64.9931374572
-63.5329781447
-62.1557832857
-60.8742735941
-59.6928919927
-58.6109666321
-57.6247791946
-56.7289074257
-55.9170874501
-55.1827592165
-54.5194036357
-61.5407236297
-70.0
-70.0
-70.0
-70.0
-70.0
-70.0
-70.0
-70.0
-70.0
-69.0526174833
-67.7991007239
-66.4036873107
-64.9696496858
-63.560238788
-62.2125842898
-60.9469054478
-59.7726012944
-58.6922654258
-57.7043217238
-56.8047447785
-55.9881737854
-55.2486253966
-54.5799421835
0
-70.0
-70.0
-70.0
-70.0
-70.0
-70.0
-70.0
-70.0
-70.0
-70.0
-70.0
-70.0
-70.0
-70.0
-69.3989856604
-68.3417442013
-67.0460078525
-64.8303657814
-62.9566350127
-61.3505087178
-59.9584826502
-58.741317588
-56.8496412977
-55.436314147
-54.3571073849
0
-70.0
-70.0
-70.0
-70.0
-68.4741744551
-68.6128733122
-70.0
-70.0
-70.0
-70.0
-70.0
-70.0
-70.0
-70.0
-70.0
-70.0
-70.0
-69.7644284212
-68.9142711932
-67.72370115
-66.3685690857
-64.9598708776
-63.5659895902
-62.2274611647
-61.7867620706
-61.0794505451
-60.2357486117
-58.5183358312
-57.1539436352
-55.2268435298
0
-70.0
-70.0
-70.0
-70.0
-70.0
-70.0
-70.0
-70.0
-70.0
-70.0
-70.0
-70.0
-70.0
-70.0
-70.0
-69.8577306826
-69.0604447361
-67.8967250103
-66.5519356745
-65.1433308839
-62.9233903133
-61.1106462939
-59.6026450058
-58.3277560661
-57.2352308334
-56.2885413326
-55.4609095878
-54.7323002213
-54.0873912606
0
-70.0
-70.0
-70.0
-70.0
-70.0
-70.0
-70.0
-70.0
-70.0
-70.0
-70.0
-70.0
-70.0
-70.0
-69.7174178323
-68.8406212705
-67.6365226245
-66.2761793494
-64.8674340727
-63.4766057709
-62.1428885974
-60.0678953401
-59.2573028744
-58.4123706325
-57.5749989329
-56.7700759488
-56.01145296
-55.3058974014
-54.6557008195
-54.060392843
-56.0578616279
-64.6244141774
-70.0
-70.0
-70.0
-70.0
-70.0
-70.0
-70.0
-70.0
-70.0
-69.816906942
-68.9964875424
-67.8210196513
-66.4717049283
-65.0630592635
-63.6657698892
-62.3218706016
-61.874802009
-61.1607341198
-60.3102689156
-59.4063141626
-59.3203975054
-58.9081675942
-58.3138907277
-57.6301949168
-56.9156375998
-57.0263819562
-56.8086158382
-56.4010023061
-66.0530674426
-70.0
-70.0
-70.0
-70.0
-70.0
-70.0
-70.0
-70.0
-70.0
-70.0
-70.0
-70.0
-69.645976762
-68.7286969271
-67.5040391286
-66.1357764786
-64.7269596726
-63.3407709333
-62.0143653252
-60.7680431162
-59.6113150203
-57.7269009954
-57.1086892139
-56.4508058379
-56.611048951
-55.6168265205
-54.7830655116
-54.0733733891
0
-70.0
-70.0
-70.0
-70.0
-70.0
-70.0
-70.0
-70.0
-70.0
-70.0
-70.0
-70.0
-70.0
-69.8287968651
-69.0151150886
-68.6630688531
-66.9597388167
-65.3224161677
-64.5992753726
-63.6287483832
-62.5421405768
-61.4221045403
-60.3193461005
-59.2637128332
-58.2715424451
-57.3505221307
-56.5028925377
-55.7275516973
-55.0214288032
-54.3803741066
0
-70.0
-70.0
-70.0
-70.0
-70.0
-70.0
-70.0
-70.0
-70.0
-70.0
-70.0
-70.0
-70.0
-69.4612018402
-68.4392162163
-67.1613843014
-65.7726390091
-64.3636372001
-62.989448208
-61.6819532058
-60.4580577643
-59.325118574
-58.2845177739
-57.3340067014
-56.4692331679
-55.6847279422
-54.9745338754
-55.1525996394
-55.0376857765
-54.7508145996
-64.5303016022
-70.0
-70.0
-70.0
-70.0
-70.0
-70.0
-70.0
-70.0
-70.0
-69.5500669898
-68.578438284
-67.3261797844
-65.9472853585
-64.5383725243
-63.1584124064
-61.8418225887
-60.6071412785
-59.4627611164
-58.4107076486
-57.4491186463
-56.57386129
-55.7795781666
-55.060355687
-54.4101436763
0
-70.0
-70.0
-70.0
-70.0
-70.0
-70.0
-70.0
-70.0
-70.0
-70.0
-70.0
-70.0
-70.0
-70.0
-69.6052980702
-68.6649669766
-67.4286027546
-66.0558307962
-63.8269732613
-61.9787596317
-60.4205394662
-59.0882560513
-57.935944134
-56.9300255125
-56.0454734892
-56.0832264922
-55.8531040777
-55.4699271596
-55.0076901035
-54.5134248664
-54.0164182286
0
-70.0
-70.0
-70.0
-70.0
-70.0
-70.0
-70.0
-70.0
-70.0
-70.0
-70.0
-70.0
-70.0
-69.3446898228
-68.2566807223
-66.945319238
-66.3636583728
-65.4192065746
-64.2885619431
-63.0838897662
-61.8749568011
-59.8837651288
-58.3095912877
-57.0381006068
-55.9906028447
-55.1124174259
-54.3650922605
0
-70.0
-70.0
-70.0
-70.0
-70.0
-70.0
-70.0
-70.0
-70.0
-70.0
-70.0
-70.0
-70.0
-69.4200989207
-68.3748216424
-67.0851612207
-65.6918595937
-64.282816631
-62.9112969657
-61.608008601
-61.2091019621
-61.3661212467
-61.8514621093
-61.6976178898
-61.1653907618
-60.423874793
-59.5815027186
-58.70669605
-57.8415888471
-57.8311382305
-65.133829919
-70.0
-70.0
-70.0
-70.0
-70.0
-70.0
-70.0
-70.0
-70.0
-70.0
-69.4520936754
-68.4249467581
-66.3244937157
-64.4700720998
-62.8250833936
-61.3605873901
-60.0532035417
-58.8836664479
-57.8358219767
-56.8959212281
-56.052116738
-55.2940968193
-54.6128149741
-54.0002853679
0
-70.0
-70.0
-70.0
-70.0
-70.0
-70.0
-70.0
-70.0
-70.0
-70.0
-70.0
-70.0
-70.0
-70.0
-70.0
-70.0
-70.0
-69.3509198008
-67.4464410212
-65.6722057194
-64.035257681
-62.5352469353
-61.9873989234
-61.2091101521
-60.3184998842
-59.3901837274
-58.470187909
-57.5858508211
-56.7523868742
-55.9772289437
-55.2628932205
0
-70.0
-70.0
-70.0
-70.0
-70.0
-70.0
-70.0
-70.0
-70.0
-70.0
-70.0
-70.0
-69.9195912583
-69.157359638
-68.0114420112
-66.6735100348
-65.2649671811
-64.6810092295
-63.7912674843
-62.747713521
-61.6466573589
-61.3678017498
-60.7715616593
-60.0047655497
-59.1611956989
-58.2996805985
-58.2761155183
-57.9361059529
-57.4175633486
-56.8091856743
-57.8871862138
-70.0
-70.0
-70.0
-70.0
-70.0
-70.0
-70.0
-70.0
-70.0
-70.0
-70.0
-70.0
-69.7748185714
-69.7505490953
-69.0276357731
-67.909633254
-66.5918439674
-65.1981089298
-63.8052642763
-62.4593820083
-61.1865399139
-59.9999499935
-58.9046643748
-57.9006708577
-56.9849190522
-56.9726373339
-56.6828470584
-56.2362113245
-55.7103561733
-57.6944978767
-66.1984863896
-70.0
-70.0
-70.0
-70.0
-70.0
-70.0
-70.0
-70.0
-70.0
-70.0
-70.0
-69.2928231146
-68.1754228795
-66.8491353091
-65.4417249233
-64.0325545276
-61.8493004727
-60.0943713573
-58.6549348428
-57.452775106
-56.4330534271
-56.3767853055
-56.0804649223
-55.6499905284
-55.1533728744
-54.6336231862
0
-70.0
-70.0
-70.0
-70.0
-70.0
-70.0
-70.0
-70.0
-70.0
-70.0
-70.0
-70.0
-70.0
-69.1104971633
-67.8897788891
-66.5110219617
-65.0834004065
-63.6740474598
-62.3226341098
-61.0510316295
-59.8697024203
-58.7819148141
-57.7865117566
-56.8797195302
-56.05632021
-56.1304032776
-55.9205063422
-55.5472179696
-55.0883376803
-54.5933982508
-54.093321318
-57.8668112448
-70.0
-70.0
-70.0
-70.0
-70.0
-70.0
-70.0
-70.0
-70.0
-69.8198781199
-69.0011423879
-67.8265295358
-66.4775441733
-65.0689014834
-62.8514191533
-61.0425491168
-59.5391421243
-58.2691265247
-57.1814796141
-56.239508814
-55.4163427067
-54.6918982855
-54.0508350233
0
-70.0
-70.0
-70.0
-70.0
-70.0
-70.0
-70.0
-70.0
-70.0
-70.0
-70.0
-70.0
-70.0
-70.0
-70.0
-70.0
-69.7091168628
-68.8276164184
-66.8011289378
-64.9751988182
-62.5104674525
-60.5646130513
-58.9949466422
-57.703315242
-56.6215592272
-55.7017869774
-54.9098640616
-54.2210481767
0
-70.0
-70.0
-70.0
-70.0
-70.0
-70.0
-70.0
-70.0
-70.0
-70.0
-70.0
-70.0
-70.0
-70.0
-70.0
-70.0
-70.0
-69.8670642614
-68.2550673429
-67.449366947
-66.3343011445
-65.0707849583
-63.7603157479
-62.4653570301
-61.2228698984
-60.0532819561
-58.9664197922
-57.1454218341
-55.7646423314
0
-70.0
-70.0
-70.0
-70.0
-70.0
-70.0
-70.0
-70.0
-70.0
-70.0
-70.0
-70.0
-70.0
-70.0
-70.0
-70.0
-70.0
-69.7809462675
-68.9401491525
-67.7543325784
-65.581031548
-63.7076832114
-62.0767514358
-60.6456339893
-59.382109055
-58.261257126
-57.263370731
-56.3725265363
-55.5756024683
-54.8615946119
-54.2211367443
0
-70.0
-70.0
-70.0
-70.0
-70.0
-70.0
-70.0
-70.0
-70.0
-70.0
-70.0
-70.0
-70.0
-70.0
-70.0
-69.8831170086
-69.1002166469
-67.1238025416
-65.3171606603
-63.6726035096
-62.1801157688
-60.8286192654
-59.6067673878
-58.5034306817
-57.5079809686
-56.6104451085
-55.8015754221
-55.8928677629
-55.701214242
-55.3461816546
-54.9049560471
-54.4267221477
0
-70.0
-70.0
-70.0
-70.0
-70.0
-70.0
-70.0
-70.0
-70.0
-70.0
-70.0
-70.0
-70.0
-70.0
-69.6299659062
-68.7036132531
-68.2943478861
-67.3889770697
-66.2161220108
-64.9218715752
-63.5979255946
-62.3002938198
-61.8817049609
-61.1844948135
-60.3433522313
-59.4438882743
-59.3594136243
-58.9467483801
-58.3509242876
-57.6650656892
-56.9480483405
-63.8562363196
-70.0
-70.0
-70.0
-70.0
-70.0
-70.0
-70.0
-70.0
-70.0
-70.0
-70.0
-69.5009919465
-68.5015540495
-67.235172843
-65.8508383577
-64.4418763879
-63.0651033264
-61.7535360453
-60.5248111418
-59.3867491617
-58.3410203349
-57.3855490276
-56.5160812757
-55.7271979153
-55.0129613019
-54.3673206238
0
-70.0
-70.0
-70.0
-70.0
-70.0
-70.0
-70.0
-70.0
-70.0
-70.0
-70.0
-70.0
-70.0
-70.0
-70.0
-69.6758133418
-68.7754409021
-67.5593694082
-66.1944141983
-65.6056272657
-64.6821675307
-63.5886861053
-62.4296410465
-61.2698926431
-60.9683805129
-60.371860551
-60.4382198889
-60.0800948286
-59.4792166315
-58.7527158255
-58.7950581477
-57.6572949362
-60.0293938446
-70.0
-70.0
-70.0
-70.0
-70.0
-70.0
-70.0
-70.0
-70.0
-70.0
-69.5647896053
-68.601503715
-67.3534820569
-65.9762196602
-64.5673215668
-63.1864053252
-61.8683087361
-60.6318404914
-59.4855648616
-57.6116139883
-55.363522998
0
-70.0
-70.0
-70.0
-70.0
-67.9755919152
-66.1117606671
-70.0
-70.0
-70.0
-70.0
-70.0
-70.0
-70.0
-70.0
-70.0
-70.0
-70.0
-70.0
-70.0
-69.6247654754
-67.8754659115
-66.1800373094
-64.5734455711
-63.0737090092
-61.6880767717
-60.4170948701
-59.2572692335
-58.2027982104
-57.2466889896
-56.3814671574
-56.4196184862
-55.3585220006
-54.4932467092
0
-70.0
-70.0
-70.0
-70.0
-70.0
-70.0
-70.0
-70.0
-70.0
-70.0
-70.0
-70.0
-70.0
-70.0
-70.0
-69.7398843305
-68.8758187844
-67.6781854973
-66.3203326751
-64.0916098926
-62.2346558934
-59.8426616307
-58.0293763521
-56.6237593065
-55.5095971023
-55.427446543
-55.1472413227
-54.7575434797
-54.3151399913
0
-70.0
-70.0
-70.0
-70.0
-70.0
-70.0
-70.0
-70.0
-70.0
-70.0
-70.0
-70.0
-70.0
-70.0
-70.0
-69.4530078363
-68.4263789435
-67.1461889764
-66.5765353636
-65.6321920171
-64.494512942
-63.2787550655
-62.0566751708
-60.0515380616
-58.4634045273
-57.1784109226
-56.1181343956
-55.2280306662
-54.4697007397
0
-70.0
-70.0
-70.0
-70.0
-70.0
-70.0
-70.0
-70.0
-70.0
-70.0
-70.0
-70.0
-70.0
-70.0
-69.4310741495
-68.3920161676
-66.2855141728
-64.4287625035
-62.7837527518
-61.3206218091
-60.0153891832
-58.8484033015
-57.8032649958
-56.8660731791
-56.0248889832
-56.0893488329
-55.8750464482
-55.5006301358
-55.0426260105
0
-70.0
-70.0
-70.0
-70.0
-70.0
-70.0
-70.0
-70.0
-70.0
-70.0
-70.0
-70.0
-70.0
-69.942228304
-70.0
-69.3265459129
-68.2282552635
-66.9116723651
-65.5080002139
-64.0988635827
