-70.0
-70.0
-70.0
-70.0
-70.0
-70.0
-70.0
-70.0
-70.0
-70.0
-70.0
-66.6537037037
-63.3032061728
-61.6673507819
-60.9635925213
-60.8425511475
-61.0751746183
-61.5122428802
-62.0574090747
-65.0440593632
-70.0
-70.0
-70.0
-70.0
-68.04337189
-66.934615961
-66.3715418716
-66.1546460222
-66.1526869785
-66.2797553196
-66.4800044804
-66.7174871608
-67.4159166472
-70.0
-70.0
-70.0
-70.0
-70.0
-70.0
-70.0
-64.261037893
-61.0089593657
-59.3574136038
0
-70.0
-70.0
-70.0
-70.0
-70.0
-69.3290969449
-66.7669407693
-65.3374157049
-64.6351201428
-64.6783408584
-65.1751350854
-59.6342597936
-56.6552592921
-55.6134011974
-61.3493976746
-70.0
-70.0
-70.0
-70.0
-70.0
-70.0
-70.0
-70.0
-70.0
-70.0
-70.0
-70.0
-70.0
-70.0
-70.0
-70.0
-68.5908615238
-67.7923497207
-67.3868309814
-67.2306253718
-67.2292144937
-67.3207274837
-67.4649443615
-67.6359763429
-68.2633874943
-70.0
-70.0
-70.0
-70.0
-70.0
-70.0
-70.0
-70.0
-70.0
-70.0
-70.0
-70.0
-70.0
-70.0
-70.0
-70.0
-70.0
-70.0
-64.1325925704
-60.8077283604
-59.119218889
-58.4688059098
-58.4629312587
-58.9962973581
-62.5505978858
-70.0
-70.0
-70.0
-70.0
-70.0
-70.0
-70.0
-70.0
-70.0
-70.0
-70.0
-70.0
-70.0
-70.0
-69.7598069386
-67.5588642038
-66.8090271635
-66.4654907006
-66.3771857995
-66.4449633321
-66.604131074
-66.81282735
-67.0442842039
-67.4331619271
-70.0
-70.0
-70.0
-70.0
-70.0
-70.0
-70.0
-70.0
-70.0
-70.0
-70.0
-70.0
-63.3951289461
-60.1074940019
-59.5249485169
-65.7386632176
-70.0
-70.0
-70.0
-70.0
-70.0
-70.0
-70.0
-70.0
-70.0
-70.0
-70.0
-64.0683859535
-62.4149680427
-65.6121927709
-68.2838753797
-70.0
-70.0
-70.0
-70.0
-70.0
-70.0
-63.7127310203
-60.1499452651
-54.6154423032
0
-70.0
-70.0
-70.0
-70.0
-70.0
-70.0
-70.0
-70.0
-70.0
-70.0
-64.1430822346
-60.8241621675
-59.1386713884
-59.8619482404
-65.6675000553
-70.0
-70.0
-70.0
-70.0
-70.0
-70.0
-70.0
-70.0
-70.0
-70.0
-70.0
-63.690349072
-60.1148802128
-63.3785206264
-69.0930714509
-70.0
-70.0
-66.8838251976
-65.1179928096
-64.2212269498
-63.8757932023
-58.6817410816
-55.9425851065
-54.7676720178
-54.5704684307
-55.8900794448
-63.2941665138
-70.0
-70.0
-70.0
-70.0
-70.0
-70.0
-70.0
-70.0
-70.0
-70.0
-63.9204500296
-58.3298717131
-55.3645289994
-54.8455717805
-58.4246195557
-62.0368191191
-64.7784114654
-66.7214013058
-68.3038087827
-69.4650427361
-70.0
-70.0
-70.0
-70.0
-70.0
-70.0
-70.0
-64.6086853895
-62.1588791744
-62.4684817307
-65.6807134059
-70.0
-70.0
-70.0
-70.0
-70.0
-70.0
-70.0
-70.0
-63.8851211483
-60.4200231324
-58.9673196938
-61.2810938591
-70.0
-70.0
-70.0
-70.0
-70.0
-70.0
-70.0
-65.0156391654
-60.0981680258
-57.4777464078
-56.3229018901
-56.0858984498
-56.4074997706
-59.2130941757
-64.771723809
-70.0
-70.0
-70.0
-70.0
-70.0
-70.0
-70.0
-64.9487391602
-62.0863580177
-60.6327173983
-60.07277578
-60.067718283
-60.3957598421
-62.1542365581
-69.3489220436
-70.0
-70.0
-70.0
-70.0
-70.0
-70.0
-70.0
-70.0
-70.0
-70.0
-70.0
-70.0
-70.0
-70.0
-70.0
-70.0
-70.0
-70.0
-70.0
-70.0
-70.0
-70.0
-70.0
-70.0
-70.0
-70.0
-70.0
-70.0
-70.0
-70.0
-70.0
-70.0
-70.0
-66.2631932323
-64.1456693973
-63.0702994497
-62.6560674995
-62.6523260794
-62.8950036914
-63.2774434688
-63.730992553
-67.317192685
-70.0
-70.0
-70.0
-70.0
-70.0
-70.0
-70.0
-64.8344135152
-61.9072478405
-60.420706841
-59.8480920133
-59.8429200495
-60.178386203
-55.0405962315
0
-70.0
-70.0
-70.0
-70.0
-70.0
-70.0
-70.0
-66.050911774
-63.8130951126
-62.6766352786
-62.2388715356
-62.234917572
-62.958749027
-61.6229076971
-68.9824065767
-70.0
-70.0
-70.0
-68.6854844905
-67.9405923685
-67.5623040163
-67.4165875378
-67.4152713994
-67.5006393364
-67.6351721208
-67.7947193873
-67.963957101
-68.1333678259
-69.3880129931
-70.0
-70.0
-70.0
-70.0
-70.0
-70.0
-70.0
-70.0
-70.0
-70.0
-70.0
-70.0
-70.0
-70.0
-70.0
-70.0
-70.0
-70.0
-70.0
-70.0
-70.0
-70.0
-70.0
-70.0
-70.0
-70.0
-70.0
-70.0
-70.0
-70.0
-70.0
-70.0
-70.0
-70.0
-70.0
-70.0
-70.0
-70.0
-70.0
-70.0
-70.0
-70.0
-70.0
-70.0
-70.0
-70.0
-70.0
-70.0
-70.0
-68.0530419741
-67.0743620557
-66.5846753695
-66.4047075121
-66.4165698806
-66.5431349723
-66.7343028616
-61.2987640988
-58.3274820378
-57.2468592288
-61.5666018013
-70.0
-70.0
-70.0
-70.0
-70.0
-70.0
-70.0
-70.0
-70.0
-70.0
-70.0
-64.2234102554
-61.1072167999
-61.7329041067
-66.7890086017
-70.0
-70.0
-70.0
-70.0
-70.0
-70.0
-70.0
-70.0
-70.0
-70.0
-70.0
-70.0
-70.0
-70.0
-70.0
-70.0
-70.0
-70.0
-70.0
-70.0
-70.0
-70.0
-70.0
-70.0
-70.0
-64.4885007971
-61.3653179154
-59.7792309226
-59.1682710294
-59.4797410802
-61.9196704314
-68.5071994357
-70.0
-70.0
-70.0
-70.0
-70.0
-65.3118697373
-62.6552625884
-61.3061228795
-60.7864349581
-60.7817410401
-61.0861999879
-61.5660020236
-62.2932646541
-64.8625744746
-68.9384939388
-70.0
-70.0
-70.0
-70.0
-70.0
-70.0
-70.0
-70.0
-70.0
-70.0
-70.0
-70.0
-70.0
-70.0
-70.0
-70.0
-70.0
-70.0
-70.0
-70.0
-70.0
-70.0
-64.8073159769
-61.8647950304
-60.3704559616
-55.6747928771
0
-70.0
-70.0
-70.0
-70.0
-70.0
-70.0
-70.0
-70.0
-70.0
-70.0
-65.5103046591
-62.9661439659
-61.6741094178
-61.176418375
-61.1719231368
-56.4775565396
-54.1116846966
0
-70.0
-70.0
-70.0
-70.0
-70.0
-70.0
-70.0
-70.0
-70.0
-70.0
-65.0361485312
-62.2232993655
-60.7948132206
-60.244561093
-55.8519075876
-55.2838680731
-59.316823691
-66.3851580641
-70.0
-70.0
-70.0
-70.0
-70.0
-70.0
-70.0
-70.0
-70.0
-70.0
-70.0
-70.0
-70.0
-70.0
-70.0
-67.3626888531
-70.0
-70.0
-70.0
-70.0
-70.0
-70.0
-70.0
-70.0
-70.0
-70.0
-70.0
-70.0
-70.0
-70.0
-70.0
-70.0
-70.0
-70.0
-69.9592025721
-70.0
-70.0
-70.0
-70.0
-70.0
-70.0
-70.0
-70.0
-70.0
-70.0
-70.0
-70.0
-70.0
-70.0
-70.0
-70.0
-70.0
-70.0
-70.0
-70.0
-70.0
-70.0
-70.0
-70.0
-70.0
-70.0
-70.0
-70.0
-70.0
-70.0
-70.0
-70.0
-70.0
-70.0
-70.0
-70.0
-70.0
-70.0
-70.0
-70.0
-70.0
-70.0
-70.0
-70.0
-70.0
-70.0
-70.0
-70.0
-70.0
-70.0
-70.0
-70.0
-70.0
-70.0
-70.0
-70.0
-70.0
-70.0
-70.0
-70.0
-70.0
-70.0
-70.0
-70.0
-70.0
-70.0
-70.0
-70.0
-70.0
-70.0
-70.0
-70.0
-70.0
-70.0
-67.5400162214
-68.5583075959
-70.0
-70.0
-66.6991609714
-64.8286855218
-60.8263885125
-58.7307973564
-57.8490827509
-57.7250845626
-58.0598494975
-58.6587134752
-59.396074746
-60.3493925585
-62.0409861591
-68.2626841239
-70.0
-70.0
-70.0
-70.0
-70.0
-70.0
-66.3786577365
-64.3265637873
-63.2844219581
-62.882989462
-62.879363649
-63.1145427062
-63.4851653836
-63.924700144
-65.3474889841
-68.4215874128
-70.0
-70.0
-70.0
-70.0
-66.2794547891
-64.1711458363
-63.1004556034
-62.6880262769
-62.6843011384
-63.0837445557
-63.7121982762
-65.091882435
-67.5143604134
-69.6767856002
-70.0
-70.0
-66.789824347
-64.9707248103
-64.0469075946
-63.6910536787
-63.6878395398
-63.8963164052
-64.2248586443
-64.6144886996
-65.0277837761
-65.4415013628
-67.2734189787
-69.2532538056
-70.0
-70.0
-70.0
-70.0
-70.0
-70.0
-70.0
-70.0
-70.0
-70.0
-70.0
-70.0
-70.0
-70.0
-70.0
-70.0
-70.0
-70.0
-70.0
-70.0
-70.0
-65.4238223105
-62.8306549531
-58.475343818
-56.2463123431
-55.3673497133
-55.327727145
0
-70.0
-70.0
-70.0
-70.0
-70.0
-70.0
-70.0
-70.0
-70.0
-65.6017898998
-63.109470843
-61.8437637141
-61.3562139797
-61.3518103397
-61.6374411444
-62.7264902639
-66.5023651803
-70.0
-70.0
-70.0
-70.0
-70.0
-70.0
-70.0
-70.0
-70.0
-70.0
-70.0
-70.0
-64.6891722377
-61.6797031723
-60.1513649607
-59.8833138473
-61.9917681343
-64.8086517402
-67.803109034
-69.9474407088
-70.0
-70.0
-70.0
-70.0
-65.0224216421
-62.201793906
-60.7693574674
-60.3812891864
-60.9524867124
-64.813013384
-69.6443502711
-70.0
-68.9809069163
-66.6095541688
-65.2997573814
-64.6705540629
-64.4706802697
-64.5350666514
-64.7558629254
-65.063145259
-65.4120764838
-60.6027476517
-58.6757566375
-61.4488085314
-69.1949509089
-70.0
-70.0
-69.8570329624
-69.7760183078
-69.7348755714
-69.7190274105
-69.718884267
-69.7281689053
-69.7428007248
-69.7601531256
-69.778559462
-69.796984615
-69.8148068864
-69.831673353
-70.0
-70.0
-70.0
-70.0
-70.0
-70.0
-70.0
-70.0
-70.0
-70.0
-70.0
-70.0
-70.0
-70.0
-70.0
-70.0
-65.793909307
-67.6186262396
-70.0
-70.0
-70.0
-70.0
-70.0
-70.0
-70.0
-70.0
-70.0
-70.0
-70.0
-70.0
-70.0
-70.0
-70.0
-70.0
-66.5585692392
-67.1965692854
-70.0
-70.0
-70.0
-70.0
-70.0
-70.0
-70.0
-70.0
-70.0
-70.0
-70.0
-70.0
-70.0
-70.0
-70.0
-70.0
-70.0
-70.0
-69.9011149054
-70.0
-70.0
-70.0
-70.0
-70.0
-70.0
-70.0
-70.0
-70.0
-70.0
-70.0
-70.0
-70.0
-70.0
-70.0
-70.0
-70.0
-70.0
-70.0
-70.0
-70.0
-70.0
-70.0
-70.0
-70.0
-70.0
-70.0
-70.0
-70.0
-70.0
-70.0
-70.0
-70.0
-70.0
-69.8170879521
-70.0
-68.0440668676
-66.9357047592
-66.3728306689
-66.1560118591
-66.1540535112
-66.2810767188
-66.4812547527
-66.7186530813
-66.9704703091
-62.1295632587
-59.4873669198
-58.7318361998
-58.6541232279
-60.9342824746
-66.4287565155
-70.0
-70.0
-70.0
-70.0
-70.0
-70.0
-70.0
-70.0
-70.0
-70.0
-70.0
-70.0
-70.0
-70.0
-70.0
-70.0
-70.0
-70.0
-70.0
-70.0
-70.0
-70.0
-70.0
-70.0
-70.0
-70.0
-70.0
-70.0
-70.0
-70.0
-65.2478440225
-64.3516162481
-65.4668908922
-62.9634552781
-59.9671787337
-58.5038401826
-58.0090423792
-58.1118622845
-58.5698254849
-59.3847013711
-60.3872107009
-62.2713834309
-66.5565481072
-70.0
-70.0
-70.0
-70.0
-70.0
-70.0
-70.0
-70.0
-70.0
-65.0001596385
-62.166916767
-60.7280738185
-60.1738322554
-61.7955085109
-66.1381073271
-70.0
-70.0
-70.0
-70.0
-70.0
-70.0
-70.0
-65.3191264516
-62.6666314408
-61.319580053
-60.8006965518
-60.7960098994
-61.7508121597
-63.5610377012
-67.935246821
-70.0
-70.0
-70.0
-70.0
-70.0
-70.0
-70.0
-70.0
-70.0
-70.0
-70.0
-70.0
-70.0
-70.0
-65.1218960022
-63.6633799299
-66.5748079812
-70.0
-70.0
-70.0
-70.0
-70.0
-70.0
-70.0
-70.0
-70.0
-70.0
-70.0
-70.0
-70.0
-70.0
-70.0
-70.0
-70.0
-70.0
-70.0
-70.0
-70.0
-70.0
-70.0
-70.0
-70.0
-70.0
-70.0
-70.0
-70.0
-70.0
-70.0
-70.0
-70.0
-70.0
-70.0
-70.0
-70.0
-65.9350415054
-63.7910316703
-62.7115913803
-62.3068741602
-62.3204813562
-62.5846296286
-62.9902976044
-63.6301051364
-64.5488194801
-65.922252858
-67.8409927246
-65.1532745277
-64.188850879
-64.4575723512
-65.1338559922
-66.0321075199
-66.7033215193
-67.2159392016
-67.6163118376
-67.9359916912
-68.1965998804
-63.4082020114
-60.7548898896
-59.4710729535
-59.5398664108
-64.3290525285
-70.0
-70.0
-70.0
-70.0
-70.0
-70.0
-70.0
-70.0
-70.0
-70.0
-70.0
-70.0
-70.0
-70.0
-70.0
-70.0
-66.2135870979
-65.5393218916
-65.7710632774
-66.9800771161
-67.8061495154
-68.3749213046
-68.7703536679
-69.0486012969
-64.4032434266
-60.1223539235
-58.365448334
-58.02189534
-58.3779911062
-58.9790488625
-59.7070485541
-60.9631967507
-63.3100335825
-68.3332162252
-70.0
-70.0
-70.0
-70.0
-70.0
-70.0
-65.5311919383
-62.99886737
-61.7128437167
-61.2174680675
-61.2129937424
-61.9857358972
-63.3551602239
-64.7328094774
-65.7349720469
-66.7693816312
-68.3167144077
-70.0
-70.0
-70.0
-70.0
-70.0
-70.0
-70.0
-65.3640692308
-62.7370417949
-61.4029239402
-61.0489798367
-61.7716775176
-63.4603766269
-67.2935076398
-66.2547847836
-66.2443698707
-66.363308594
-66.5558948748
-66.7862501474
-67.0315883061
-67.2777382578
-67.5161702868
-67.7420238281
-67.9528018252
-68.3109867097
-68.7449480768
-69.0471599612
-64.5907159824
-62.9178699304
-63.7530317784
-64.9539861799
-66.4920617908
-67.8530224208
-68.7411647181
-69.3160112726
-69.9882466072
-70.0
-70.0
-70.0
-70.0
-65.2794775228
-62.9286962357
-62.0718092688
-62.1448640999
-63.9146587872
-62.4856206918
-62.8635622823
-60.5581529384
-57.827602234
-56.5950184036
-56.3023008253
-56.5832602507
-57.1990605643
-57.9952387337
-58.8731043442
-59.7707202323
-60.6502657575
-61.9726299299
-63.1971274357
-64.1585883579
-65.4161689648
-66.6467574198
-67.9614932701
-70.0
-70.0
-70.0
-70.0
-70.0
-70.0
-70.0
-70.0
-70.0
-65.6576248279
-63.1969455638
-61.9473064865
-58.1205728731
-56.2205136093
-55.539794264
-56.0975769501
-57.058548935
-58.2278560092
-60.2899290114
-62.4995918457
-64.5188753737
-66.4043262292
-67.983202535
-68.9977549006
-69.8026444899
-70.0
-70.0
-70.0
-70.0
-70.0
-70.0
-70.0
-70.0
-67.5558039183
-66.170759472
-65.4673741552
-65.1964304932
-65.1939832796
-61.0268681837
-58.82570352
-58.2058534432
-59.3707834309
-62.0551566664
-64.750063133
-66.7085049085
-67.9932864769
-68.8310458686
-69.3726666414
-69.718550217
-69.9354620219
-70.0
-70.0
-70.0
-70.0
-70.0
-70.0
-70.0
-70.0
-70.0
-70.0
-65.7721554414
-63.3763768582
-59.4013082574
-57.3695568217
-56.5715207329
-56.7017724626
-57.2231977517
-58.6159416781
-62.2703401801
-66.1867867519
-68.6637618032
-70.0
-70.0
-70.0
-70.0
-70.0
-70.0
-70.0
-70.0
-70.0
-70.0
-70.0
-70.0
-70.0
-70.0
-70.0
-70.0
-70.0
-70.0
-70.0
-70.0
-70.0
-70.0
-70.0
-70.0
-65.7959016234
-63.740760638
-62.7163173589
-62.3444408128
-62.3765001914
-58.3428475405
-56.4751943624
-57.2769979023
-62.2855259845
-67.3056375107
-70.0
-70.0
-70.0
-70.0
-70.0
-70.0
-70.0
-70.0
-65.3001997625
-62.6369796279
-61.2844815595
-60.9278634528
-61.0162971404
-62.6885484659
-68.3248825026
-69.9203623661
-70.0
-70.0
-70.0
-70.0
-66.3070242248
-64.2143379523
-63.1515815903
-62.7422083868
-62.7385108518
-62.978341969
-63.3562959071
-63.804525073
-64.2799784035
-64.7559177883
-60.3971304906
-58.430267143
-58.7973723008
-61.3710823756
-64.1912957214
-67.5201576645
-69.7673862188
-70.0
-70.0
-70.0
-70.0
-70.0
-70.0
-70.0
-70.0
-70.0
-70.0
-70.0
-70.0
-70.0
-67.1081474683
-66.0801402748
-65.9266839267
-66.130273004
-66.3814173502
-66.6527233796
-66.9270828845
-67.194129158
-67.4478859502
-63.1006470203
-61.7143276942
-61.6456524188
-62.0481329128
-62.8827099877
-64.1122232242
-65.5336903918
-68.6586966544
-70.0
-67.6471047997
-66.3137975195
-65.6366865674
-65.3758637773
-65.3735079773
-65.526310898
-65.7671156205
-66.0526946
-66.3556188344
-66.6588527472
-62.1729069349
-60.7177925491
-61.8177615868
-63.4050836486
-60.8513531097
-59.6240696828
-59.2335639705
-55.9459528552
-54.4418544242
-54.0580002182
-54.3590876872
-55.0611039124
-56.1438472789
-57.9018646723
-61.8003751117
-65.066802205
-67.1910983875
-68.7250561507
-69.687928937
-70.0
-70.0
-70.0
-70.0
-70.0
-70.0
-70.0
-65.3462574669
-63.0324876055
-60.5064007328
-59.7916019181
-59.7030025653
-59.9930762015
-60.5006845098
-61.1218933445
-61.7905555338
-62.4654009963
-63.1214615739
-63.7443825346
-64.3266556933
-65.3631146339
-67.1257970583
-70.0
-70.0
-70.0
-70.0
-70.0
-70.0
-65.5076242258
-62.9619446205
-61.6691387033
-61.1711505295
-57.7775242119
-57.1258142482
-57.8184222393
-59.6372840553
-61.7340231671
-59.3998767673
-58.6829097018
-55.9520769169
0
-70.0
-70.0
-70.0
-70.0
-70.0
-66.8435987783
-66.0334428243
-67.0011987407
-68.0122271473
-68.8547415579
-69.3984254857
-69.7446883262
-69.9609564196
-70.0
-70.0
-70.0
-70.0
-70.0
-70.0
-70.0
-70.0
-70.0
-70.0
-70.0
-70.0
-70.0
-70.0
-65.3370857099
-62.6947676122
-61.515945611
-61.7575222153
-62.5037429713
-63.8579667961
-65.3560024768
-66.5753734185
-67.4211502029
-63.3613516722
-61.3092274242
-57.7138675168
-56.1286559885
-55.6399072052
-55.9920351025
-56.9990140922
-58.2024098573
-59.3177003212
-60.3429512555
-56.8599455436
-55.5368272638
-55.2250620537
-55.8639156735
-56.7184306562
-58.3269222442
-60.173007561
-62.4294751619
-59.6197847779
-56.6907443882
-55.5446786747
-55.3388832908
-55.8678160851
-56.9827750954
-58.0856579985
-59.1445324737
-60.3037052315
-61.8189187118
-63.6457489515
-65.2680858186
-67.3890306841
-68.7486299139
-69.774101788
-70.0
-70.0
-70.0
-70.0
-70.0
-70.0
-70.0
-70.0
-70.0
-70.0
-65.2822707666
-63.1060408677
-64.6681624737
-65.0951448359
-67.5024393835
-69.3096903549
-67.0881105185
-64.2753589327
-62.7785293501
-62.1211472889
-61.9893464759
-62.1772877722
-58.443169295
-56.5879258989
-55.9218489979
-55.9914745574
-56.5002007412
0
-70.0
-70.0
-70.0
-70.0
-70.0
-70.0
-70.0
-68.4321078565
-67.5436356418
-67.0924311249
-66.9186273773
-66.9170575495
-62.9993738168
-60.8821177833
-59.9156935704
-59.6719825903
-59.8700232493
-60.4931051411
-62.1778469637
-64.6046418153
-67.7259759972
-70.0
-70.0
-70.0
-67.1944476713
-65.604634685
-64.7972590704
-61.2292361771
-59.3807812352
-56.0543488955
-54.5233445286
-54.1206304241
-54.4083142806
-55.1006474518
-56.0126924395
-57.0261630175
-58.066706597
-59.584558851
-61.8395880939
-64.2900143002
-67.1032779835
-69.5469440909
-70.0
-70.0
-70.0
-70.0
-70.0
-70.0
-70.0
-70.0
-70.0
-70.0
-70.0
-70.0
-70.0
-70.0
-70.0
-70.0
-67.3838055789
-69.2173059288
-70.0
-70.0
-70.0
-70.0
-70.0
-70.0
-70.0
-70.0
-70.0
-70.0
-70.0
-70.0
-65.7551114509
-63.3496746064
-62.2956498215
-62.7456221286
-63.4216957496
-66.1691699604
-70.0
-70.0
-68.3015068161
-65.8076606786
-64.4510976401
-63.822123229
-63.6506678081
-63.7594389619
-64.0327203555
-64.3955985131
-60.4749207293
-58.4400167014
-57.6044070612
-58.0185989676
-59.8243376664
-63.5701917506
-67.0161628422
-69.1832067358
-66.11195863
-64.3988111456
-63.5576289501
-63.2676653344
-63.3180983206
-63.5710881682
-63.9371791379
-64.3589277484
-64.8000126565
-65.2379965127
-65.6595202761
-66.8821163222
-69.5227174207
-70.0
-70.0
-70.0
-70.0
-70.0
-70.0
-70.0
-70.0
-70.0
-70.0
-70.0
-70.0
-70.0
-70.0
-70.0
-70.0
-70.0
-70.0
-70.0
-70.0
-70.0
-70.0
-70.0
-70.0
-70.0
-70.0
-70.0
-70.0
-70.0
-70.0
-70.0
-70.0
-70.0
-70.0
-70.0
-70.0
-70.0
-70.0
-70.0
-70.0
-70.0
-70.0
-70.0
-70.0
-70.0
-70.0
-70.0
-65.4544766512
-62.8786800869
-61.5705794787
-61.5715087945
-63.6734817775
-63.1822769217
-63.4424144083
-64.6563885655
-65.7303507976
-62.8630065671
-61.3804998098
-60.7783124285
-60.7243895854
-61.0012228934
-61.4672821151
-58.0463501509
-55.5357126302
-55.511771075
-56.8151526617
-58.5210487472
-59.9272181069
-61.1066791191
-62.1107997559
-62.9762454794
-63.7296380642
-64.3906856796
-64.9742913928
-65.821228441
-67.1294330552
-68.9940413783
-70.0
-70.0
-70.0
-70.0
-70.0
-70.0
-70.0
-70.0
-70.0
-70.0
-70.0
-70.0
-70.0
-70.0
-70.0
-70.0
-70.0
-70.0
-70.0
-70.0
-70.0
-70.0
-70.0
-70.0
-70.0
-65.5111728851
-62.9675041866
-61.6757194947
-58.1506265482
-57.9449986861
-60.2241519504
-62.9152872583
-61.4700718307
-60.8872735131
-60.8413520721
-61.1190874718
-61.5817591292
-62.1399701526
-62.7368977616
-63.337157735
-63.9194084612
-64.4714452815
-64.986952531
-65.463358463
-65.9004234067
-66.2993149261
-66.6620060068
-67.1551371217
-67.8750945533
-68.7085380557
-70.0
-70.0
-70.0
-70.0
-70.0
-70.0
-70.0
-70.0
-70.0
-70.0
-70.0
-70.0
-70.0
-65.5601059506
-63.0441659893
-61.7664631461
-61.6050841054
-62.9343049992
-64.6188299159
-67.4133337973
-69.8022032432
-70.0
-70.0
-70.0
-70.0
-70.0
-70.0
-65.6856993749
-63.7425790201
-62.7852875065
-62.7848165389
-63.0250400737
-63.5682641755
-64.1085898307
-64.6291655628
-65.1205388166
-61.1886384831
-59.1232103336
-58.57941992
-58.6338316745
-59.3801275254
-60.3499929661
-61.7545642957
-63.368646317
-64.8821364548
-66.1235759889
-66.9976538431
-68.1231787579
-69.1880544142
-69.8540446609
-70.0
-65.7670927362
-63.3684452867
-62.1503086408
-61.6810830319
-58.0632461334
-56.2904357899
-57.8427163784
-63.0094779512
-68.6842831157
-70.0
-70.0
-70.0
-70.0
-70.0
-70.0
-70.0
-70.0
-70.0
-70.0
-70.0
-70.0
-65.5788129059
-63.0734735526
-61.8011541556
-61.3110573788
-61.3066307335
-62.0980301507
-63.4985186796
-65.3894768665
-67.8372358267
-70.0
-70.0
-70.0
-70.0
-70.0
-70.0
-70.0
-70.0
-70.0
-70.0
-70.0
-70.0
-70.0
-70.0
-70.0
-70.0
-70.0
-70.0
-70.0
-70.0
-70.0
-70.0
-70.0
-70.0
-70.0
-70.0
-70.0
-70.0
-70.0
-70.0
-70.0
-70.0
-70.0
-70.0
-70.0
-70.0
-70.0
-70.0
-67.2493644805
-66.3517631155
-65.9348101927
-65.8201447659
-65.8906740176
-66.0699691014
-66.3085471816
-66.574742457
-66.8486348737
-67.1180158279
-67.3757105395
-69.1172541691
-70.0
-70.0
-70.0
-70.0
-70.0
-70.0
-70.0
-70.0
-70.0
-65.6355222447
-63.4935592653
-63.08950728
-64.2472577923
-65.468337201
-66.5216324535
-67.2695551899
-67.8093236587
-68.2062072847
-68.5041305509
-68.7327468255
-68.9121583628
-69.056066673
-69.1738761034
-69.7670991493
-70.0
-70.0
-70.0
-70.0
-70.0
-70.0
-70.0
-70.0
-70.0
-70.0
-70.0
-65.8163255898
-63.4455767573
-62.2416082326
-61.7778401767
-61.7736513372
-62.0453496556
-62.6452736582
-63.5893855975
-60.2596134485
-59.4310130442
-59.9494552639
-61.4298035367
-59.3791659627
-58.5028112196
-58.3602379997
-58.6626861345
-59.2220654775
-59.9169575674
-60.6699942358
-61.4328164289
-57.9119190646
-56.2023166772
-55.6364780221
-55.7757588951
-56.333468789
-57.1236457657
-58.1934637595
-58.0468096032
-60.5269644728
-64.0251145648
-66.9981961239
-68.8821051885
-70.0
-70.0
-70.0
-70.0
-70.0
-70.0
-70.0
-70.0
-70.0
-70.0
-70.0
-70.0
-70.0
-70.0
-70.0
-68.0049965942
-65.5666446642
-64.2514120174
-63.6538920288
-63.506916968
-63.6351680325
-60.0883344694
-58.2906231825
-57.602308971
-57.6025768117
-58.0159849557
-58.6634970103
-55.4000241643
-54.0963229846
-54.6827803993
0
-70.0
-70.0
-70.0
-70.0
-70.0
-70.0
-70.0
-70.0
-70.0
-70.0
-70.0
-70.0
-70.0
-66.6954140544
-65.1619984221
-64.403215762
-64.9635424236
-66.4568752006
-65.6946180757
-65.8704263836
-66.1135638222
-66.388994158
-66.6746192208
-66.9568402845
-67.2276115799
-67.4824873045
-67.7193298291
-67.9374576829
-68.1370858057
-68.3189598192
-68.9716160217
-69.5669878832
-70.0
-70.0
-70.0
-70.0
-70.0
-70.0
-70.0
-70.0
-70.0
-66.2929697173
-64.8676845952
-61.9276240311
-60.6011335582
-57.8648459336
-56.6275784944
-56.3309654144
-56.6086320526
-57.386748858
-54.6571221686
0
-70.0
-70.0
-70.0
-70.0
-70.0
-70.0
-70.0
-70.0
-70.0
-70.0
-70.0
-70.0
-70.0
-70.0
-70.0
-70.0
-65.8940068017
-64.0679261202
-63.5027167388
-63.8930392291
-65.8415733144
-69.3192476114
-70.0
-70.0
-66.8653824395
-63.6617991552
-61.9509225462
-61.1926991625
-61.0313418269
-61.233482698
-61.646984464
-62.1735193748
-62.7503230088
-63.6740606996
-64.6094176943
-65.3503179679
-66.1125974214
-66.8667951568
-67.4237539595
-67.8438041091
-68.1677073952
-68.4231257871
-64.5193852397
-63.727061356
-65.1581008924
-66.3500718865
-68.0253548529
-69.0963461377
-69.7690627039
-70.0
-70.0
-70.0
-70.0
-70.0
-70.0
-70.0
-70.0
-65.9279602705
-64.2879575279
-65.175131085
-67.5567131705
-69.2314935778
-70.0
-66.761059477
-64.9256598472
-63.9935647412
-63.6345221861
-63.6312792469
-64.0082163561
-64.602104743
-65.3056176171
-66.2246979526
-67.4059895552
-68.2012315315
-68.7383356663
-69.1026536249
-69.351155946
-69.6891354737
-69.9022853412
-70.0
-70.0
-65.8099183357
-63.435538726
-62.229726336
-62.0904128389
-59.03079493
-57.7261310203
-57.3524616404
-57.7180520319
-58.5149428039
-59.7105968691
-61.1017194126
-62.2330022916
-63.1706719426
-59.8299439481
-58.1645090197
-57.7265755398
-58.7192166374
-60.3658587823
-62.008916472
-60.0778331567
-61.294772018
-63.4857873757
-65.1894944186
-66.3720688303
-63.539219825
-62.054869761
-61.4290973972
-61.3393307323
-61.574159709
-61.9959184381
-62.5157763942
-63.0771652881
-63.6447597815
-64.1971578182
-60.5762868934
-57.3115881088
-55.9426825678
-56.5935353793
-58.2779514204
-60.5177620433
-63.174276102
-65.8258737113
-63.9373845133
-63.0063781774
-62.6808951033
-62.729575422
-63.0011310992
-63.3973601355
-63.8551855528
-64.3347079514
-64.8112644589
-65.2701562147
-65.7031527277
-66.1061788779
-66.4777886055
-67.9815885737
-70.0
-70.0
-70.0
-70.0
-70.0
-70.0
-70.0
-70.0
-70.0
-70.0
-70.0
-70.0
-70.0
-70.0
-70.0
-70.0
-70.0
-70.0
-70.0
-70.0
-70.0
-70.0
-70.0
-70.0
-70.0
-70.0
-70.0
-66.0179680321
-63.7614832502
-62.6155429395
-62.1741273217
-62.1701403736
-62.4287435257
-63.1685298794
-64.5038669676
-65.6555236548
-66.6570835453
-67.3694500281
-67.8845549169
-68.2641326862
-68.8812415916
-69.7867988585
-70.0
-70.0
-70.0
-65.9568203584
-63.6656852282
-62.836520198
-62.7430112473
-62.928805502
-63.2759885381
-65.5492477228
-68.3950614672
-70.0
-70.0
-70.0
-70.0
-70.0
-70.0
-70.0
-70.0
-70.0
-70.0
-70.0
-70.0
-70.0
-65.9978853536
-63.7300203873
-62.5783007279
-59.1786107599
-57.6687264204
-57.3413993804
-57.5669565104
-58.1167255713
-58.8426961556
-59.817428699
-61.0761806154
-63.2943770952
-66.5114611806
-69.7369962242
-70.0
-70.0
-70.0
-66.4839846318
-64.4915759231
-63.4797448338
-63.0899880191
-63.0864676629
-63.3148065272
-63.6746496281
-64.1014005011
-60.518621153
-58.6849995057
-57.9619932004
-57.9294563106
-58.312285633
-58.9315737054
-59.6720940919
-60.7959198541
-58.4038181269
-57.867945963
-59.62868499
-62.693391751
-65.4400725022
-67.4096707173
-68.6777739558
-69.4827101004
-69.9829147838
-70.0
-70.0
-70.0
-70.0
-70.0
-70.0
-70.0
-70.0
-70.0
-70.0
-70.0
-70.0
-70.0
-70.0
-70.0
-70.0
-70.0
-70.0
-70.0
-70.0
-70.0
-70.0
-70.0
-70.0
-70.0
-70.0
-70.0
-70.0
-70.0
-70.0
-70.0
-70.0
-70.0
-70.0
-70.0
-70.0
-70.0
-70.0
-70.0
-70.0
-70.0
-70.0
-70.0
-70.0
-70.0
-70.0
-70.0
-70.0
-70.0
-70.0
-70.0
-70.0
-65.8507006288
-63.4994309852
-62.4729159439
-63.1223814103
-64.5832445122
-66.9835239195
-69.0387407666
-70.0
-70.0
-70.0
-70.0
-70.0
-66.0429722432
-63.8006565144
-62.6619118599
-62.2232680053
-62.2193060923
-62.4762854081
-62.881263484
-63.3615415467
-64.0397403283
-64.6453349196
-65.3581805074
-66.1063651764
-62.5514702992
-60.6668176962
-60.0154433223
-60.1263946613
-60.5220856427
-61.5820676782
-62.4986546436
-63.6324535657
-64.8639844667
-66.794096646
-68.2217773988
-69.1376599371
-69.7159341289
-70.0
-70.0
-70.0
-70.0
-70.0
-70.0
-70.0
-70.0
-70.0
-70.0
-70.0
-70.0
-70.0
-70.0
-70.0
-70.0
-70.0
-70.0
-70.0
-70.0
-70.0
-70.0
-70.0
-70.0
-70.0
-70.0
-70.0
-70.0
-70.0
-70.0
-70.0
-70.0
-70.0
-70.0
-70.0
-70.0
-70.0
-65.9909840617
-63.7192083633
-62.5655026655
-62.1210958246
-62.1170818593
-62.3774374181
-62.7877361728
-63.6043242198
-64.9802162407
-66.3165775784
-67.5741750949
-68.7433444349
-69.829450425
-70.0
-70.0
-70.0
-70.0
-70.0
-66.0891848106
-63.8730562032
-63.4188043284
-63.3656263926
-63.7215036896
-64.9810234046
-66.9060344534
-68.3299232675
-69.4034256119
-70.0
-70.0
-70.0
-70.0
-70.0
-70.0
-70.0
-70.0
-70.0
-70.0
-70.0
-70.0
-70.0
-70.0
-70.0
-70.0
-70.0
-70.0
-70.0
-70.0
-70.0
-70.0
-70.0
-70.0
-70.0
-70.0
-70.0
-70.0
-70.0
-70.0
-70.0
-70.0
-67.7323611096
-65.4011990717
-64.1557952133
-63.6033597244
-63.4851197737
-63.6313384774
-63.9313584171
-64.3136584336
-64.8998331624
-66.2340177245
-67.3318112043
-68.0794269187
-68.59201545
-68.9465013872
-69.1943095699
-69.3698508272
-65.3518664137
-63.6089129625
-63.806292909
-64.4720923193
-65.2239736542
-65.8343033333
-66.3393576963
-66.7644117243
-67.1272970836
-67.440785063
-67.7141850152
-67.9544188194
-68.1667451413
-68.3552494297
-68.5231770217
-68.6731610096
-64.6682904866
-62.4430918232
-62.2059250088
-62.1139570492
-64.0183110383
-66.3798522551
-65.0185411693
-64.3678031455
-64.1651002263
-64.237975134
-64.4737675741
-64.7994507857
-65.1682123531
-65.5505288818
-65.928234503
-62.278241041
-60.3456369291
-59.5078865643
-59.35497346
-60.1154745694
-62.0804507393
-64.538171043
-66.3651141904
-68.4351929391
-69.9011504237
-70.0
-70.0
-70.0
-70.0
-70.0
-70.0
-70.0
-70.0
-70.0
-70.0
-70.0
-70.0
-70.0
-70.0
-67.0943841868
-65.4478685593
-62.3269746752
-60.7102058556
-60.0498043687
-57.2622051725
-56.0142388158
-55.7316510412
-56.0377100084
-56.6867550551
-57.5199569146
-58.7651283218
-60.8853426636
-62.8010431799
-64.190428717
-66.5729619825
-68.2892165424
-69.3759953936
-70.0
-70.0
-70.0
-70.0
-70.0
-70.0
-70.0
-70.0
-70.0
-70.0
-70.0
-70.0
-70.0
-70.0
-70.0
-70.0
-70.0
-70.0
-70.0
-70.0
-70.0
-70.0
-70.0
-70.0
-70.0
-65.9595603155
-63.6699778276
-62.5072290739
-62.0593388526
-62.0552934247
-62.3176897205
-62.7312045073
-63.2216065625
-63.9150442435
-65.1998545066
-68.3056718107
-70.0
-70.0
-70.0
-70.0
-70.0
-70.0
-70.0
-70.0
-70.0
-70.0
-70.0
-70.0
-70.0
-70.0
-70.0
-70.0
-70.0
-70.0
-70.0
-66.2220710519
-62.881594648
-61.450022313
-59.4424115015
-57.7346312946
-57.1188087939
-57.1786883337
-57.6419931131
-58.3319095437
-59.1347957505
-59.9787009496
-60.8190873708
-61.6293496444
-58.3971857465
-57.3560478829
-57.1528302353
-57.7895533785
-59.0927668487
-61.0652302745
-62.7157759341
-64.2864107988
-65.4192446909
-66.2516368699
-66.8760176149
-67.3547788081
-67.7302095637
-68.0311276983
-68.2773076558
-68.4824387084
-68.825602716
-69.7456446861
-70.0
-70.0
-70.0
-70.0
-66.2354249875
-64.1021658138
-61.0782047824
-59.7326880042
-59.2676216704
-59.3463278145
-56.4642479812
-55.1861918152
-54.9131517217
-55.2522226082
0
-70.0
-70.0
-70.0
-70.0
-70.0
-69.7965098033
-69.6811986919
-69.6226387353
-69.6000814702
-69.5998777288
-69.613092893
-69.633918895
-69.6586171998
-69.6848156093
-69.7110408014
-69.7364078899
-65.7791800228
-63.5455373018
-62.4205004258
-61.998128286
-62.0114340593
-63.2972217076
-64.9602527299
-67.3027562316
-68.7981664583
-69.7354737123
-70.0
-70.0
-70.0
-70.0
-70.0
-70.0
-70.0
-70.0
-70.0
-70.0
-70.0
-70.0
-70.0
-70.0
-70.0
-70.0
-70.0
-70.0
-70.0
-70.0
-70.0
-70.0
-70.0
-70.0
-70.0
-70.0
-70.0
-66.5680467364
-63.2820732204
-61.6968866701
-61.0225451843
-61.0891461157
-61.7684116806
-62.95838384
-60.4134327354
-59.2060143148
-59.1772350075
-59.5207262562
-56.8523708709
-55.6896119441
0
-70.0
-70.0
-70.0
-70.0
-70.0
-70.0
-70.0
-70.0
-70.0
-70.0
-70.0
-70.0
-70.0
-66.1812385846
-64.0172737825
-60.7039857751
-59.0258801116
-58.5561318208
-59.8649247743
-61.6626689606
-63.019226507
-64.406275671
-66.2558124331
-67.9810438131
-69.0834811807
-70.0
-70.0
-70.0
-70.0
-70.0
-70.0
-70.0
-70.0
-70.0
-70.0
-66.0400730718
-63.7961144791
-63.1682188409
-64.2139091554
-65.8711342868
-67.5148519086
-68.5839207514
-69.2725646987
-69.7099989104
-69.9821261404
-70.0
-70.0
-70.0
-70.0
-66.0807981126
-63.8599170431
-62.7320578333
-62.2976070463
-62.4603212775
-63.1469568023
-64.1278728373
-65.5969100305
-67.300852012
-68.7559388005
-69.6704595802
-70.0
-70.0
-70.0
-70.0
-70.0
-70.0
-70.0
-70.0
-70.0
-70.0
-70.0
-70.0
-70.0
-70.0
-70.0
-70.0
-70.0
-70.0
-70.0
-70.0
-66.5568063837
-64.6056633345
-63.6147887272
-63.2331043385
-63.229656894
-63.4532665309
-63.805656762
-64.2235690085
-64.6668640562
-65.1106122829
-65.8795908094
-67.4975105836
-69.396178762
-66.9015016453
-65.5079786538
-64.8215989037
-64.5823844236
-64.6194429214
-64.8210299227
-65.1146144594
-65.4536113661
-65.8085557979
-66.3314872637
-67.4417799011
-68.3619786068
-69.1291985433
-69.6185572204
-69.924887186
-70.0
-70.0
-70.0
-70.0
-70.0
-70.0
-70.0
-70.0
-70.0
-70.0
-70.0
-70.0
-70.0
-70.0
-70.0
-70.0
-70.0
-70.0
-70.0
-70.0
-70.0
-70.0
-70.0
-70.0
-70.0
-70.0
-70.0
-70.0
-66.052439302
-63.8154882398
-60.4779679945
-58.7928569142
-58.1553617022
-55.3791191849
-54.2007363684
-54.0203487995
-54.6137062512
-57.5047497883
-61.0126063141
-65.2836370296
-68.5074655602
-70.0
-70.0
-70.0
-70.0
-70.0
-66.3139048076
-64.2251175319
-63.1643412487
-62.7557307706
-62.7520401246
-62.9914243996
-63.3686741512
-63.8160681972
-64.4563856849
-65.3636133213
-66.9032461229
-68.7665009257
-70.0
-70.0
-70.0
-70.0
-70.0
-70.0
-70.0
-70.0
-70.0
-70.0
-70.0
-70.0
-70.0
-70.0
-70.0
-70.0
-70.0
-70.0
-70.0
-70.0
-70.0
-70.0
-70.0
-70.0
-70.0
-70.0
-70.0
-70.0
-70.0
-70.0
-70.0
-66.4746219174
-64.4769076707
-63.4623822002
-63.0715875113
-63.2376960525
-63.7331134899
-64.9020458346
-66.7850870244
-69.7133254974
-67.979384521
-67.3500481082
-67.0607779903
-66.9851899865
-67.0403308514
-67.1720710086
-67.3453794026
-67.5378517923
-67.735406833
-67.9294262964
-68.1148570978
-68.2889536754
-68.4504464995
-68.5989939773
-68.7348226647
-69.032492448
-69.4068445697
-70.0
-70.0
-70.0
-66.3361546045
-64.4344422137
-63.4789333721
-63.1229969548
-63.1386685392
-63.3767825386
-63.7404248536
-64.1672627474
-64.6177900588
-61.3958689409
-59.9224873054
-57.5215254139
-56.6713640985
-56.6055551727
-57.1882586389
-58.6337418503
-60.3946835819
-62.2844258196
-64.6902069678
-66.9909187574
-64.6379355332
-63.4048810808
-62.8848857067
-62.8100589587
-63.0048276112
-63.3548612157
-63.7863860046
-64.2524213444
-64.7236285035
-65.1822318488
-65.6179861277
-66.0255058241
-66.4025007812
-66.748614396
-67.0646620851
-67.3521352957
-67.6128813788
-67.8488996494
-68.4019639465
-65.1932459403
-64.4532747441
-65.7299828682
-67.6513360902
-69.3996016352
-67.0653960518
-65.7626928333
-65.1223144744
-64.9006769766
-64.9376719121
-65.1286131429
-65.4055574433
-65.7248721088
-66.0589651711
-66.3907888362
-66.710190074
-67.0114911475
-63.402796157
-61.4574859575
-60.743361417
-60.6234413121
-61.6957325635
-63.9913520213
-63.3459828082
-62.9293216225
-63.2534326209
-63.6727847992
-64.1353032796
-64.6083042585
-65.0718280372
-65.5142147032
-65.9291728793
-66.3138420224
-66.6675154408
-66.9908023105
-67.285081022
-67.5521455481
-67.7939794122
-68.0126137502
-64.3150557349
-62.793669045
-62.6315784575
-63.9745632051
-66.1513976574
-68.7630587882
-70.0
-70.0
-70.0
-70.0
-70.0
-70.0
-70.0
-70.0
-70.0
-70.0
-66.1497279418
-63.9679071088
-62.859884372
-62.4330745842
-62.4292195587
-62.6792658915
-63.0733181614
-63.540638918
-64.036343408
-60.9166124207
-59.8566813608
-57.7458166775
-57.748099325
-59.4822433805
-61.0452791085
-62.4467266223
-63.5393709099
-64.4103117854
-65.1191992512
-65.707225089
-62.4328266821
-60.7204267486
-60.0023058969
-59.904689856
-60.1826305695
-60.6766406454
-61.283825336
-62.1066753059
-63.5489961109
-64.9646720569
-66.1499218893
-66.9894077257
-68.4417022932
-70.0
-70.0
-70.0
-70.0
-70.0
-70.0
-70.0
-70.0
-70.0
-70.0
-70.0
-70.0
-70.0
-70.0
-70.0
-70.0
-70.0
-70.0
-70.0
-66.3450703971
-64.2739436221
-63.222136103
-62.8169803881
-62.9859592158
-63.3211478719
-63.7448894698
-64.382388112
-64.9521410269
-65.6317547412
-66.1851311451
-66.6443192826
-63.3569679327
-62.6295415249
-60.9747342962
-60.282692149
-58.0450993446
-57.4387236839
-57.661168609
-58.3771373513
-59.1941473516
-60.3867328021
-61.5929763124
-62.5969565415
-63.4461127943
-64.1740694528
-64.8050411328
-65.3567894363
-65.8426121039
-66.272685301
-66.6549730426
-66.9958465861
-67.3005091594
-65.5693882736
-68.5822592679
-70.0
-70.0
-70.0
-70.0
-70.0
-70.0
-70.0
-70.0
-70.0
-70.0
-66.2784546053
-64.1695788816
-63.098600818
-62.6860606192
-62.6823344793
-63.0936131605
-63.5705932638
-64.0710948837
-65.0895260262
-66.5467671774
-68.3934347163
-70.0
-70.0
-70.0
-70.0
-70.0
-70.0
-70.0
-70.0
-70.0
-70.0
-70.0
-70.0
-70.0
-70.0
-70.0
-70.0
-70.0
-70.0
-70.0
-70.0
-70.0
-70.0
-70.0
-70.0
-70.0
-70.0
-70.0
-67.6652104641
-66.3421630604
-66.3517568441
-66.9934917187
-67.6446378578
-68.1138376127
-68.4582295451
-68.7162570531
-65.2362846664
-63.3070917454
-62.3726729347
-59.37326218
-57.9278403212
-57.4629925286
-57.6019841021
-58.0986462427
-58.793355319
-59.5837355875
-60.4051725624
-61.2178623285
-62.3297141106
-63.2525013762
-64.0310903563
-64.8697073992
-65.7118873782
-67.0336324531
-69.4525584162
-70.0
-70.0
-70.0
-70.0
-70.0
-70.0
-70.0
-70.0
-70.0
-70.0
-70.0
-70.0
-70.0
-70.0
-70.0
-70.0
-70.0
-70.0
-66.4315848962
-64.4094830041
-63.3825724353
-62.9870070129
-62.9834341924
-63.2151760269
-63.5803819268
-64.0134927358
-64.4729094634
-65.2669147459
-67.5959253073
-69.0734674672
-70.0
-70.0
-70.0
-70.0
-70.0
-70.0
-70.0
-70.0
-70.0
-70.0
-70.0
-70.0
-70.0
-70.0
-70.0
-70.0
-70.0
-67.0020403753
-65.3031965879
-64.4404504292
-64.1081210531
-64.1051193922
-60.9768683255
-58.1250554079
-56.8097991438
-56.4603187472
-56.7019532176
-57.290202126
-58.0668114001
-58.9305499179
-56.2148542134
-55.0449416502
-54.8414960572
0
-70.0
-70.0
-70.0
-70.0
-70.0
-70.0
-70.0
-70.0
-70.0
-70.0
-70.0
-70.0
-70.0
-70.0
-70.0
-70.0
-70.0
-66.2517968218
-64.1278150208
-63.0491654395
-62.633670176
-62.6299173454
-59.5947597603
-58.1205065505
-57.6319377396
-57.7510651951
-58.7479892068
-59.7212106402
-63.2067668138
-65.6940386408
-69.3939253309
-70.0
-68.0245093679
-66.9050646763
-66.3365623722
-66.1175755773
-66.1155976478
-66.2438909685
-66.4460705953
-66.6858426849
-66.9401778491
-67.1947730194
-67.4410376875
-67.6740952322
-67.8914599179
-68.0921633987
-68.2761800406
-68.4440506911
-68.5966380583
-64.9650993616
-62.9540061649
-62.1557778192
-62.4556871061
-63.7480443607
-65.0815313053
-66.5266002062
-67.5094215399
-68.1821336221
-68.6463564174
-68.9700115473
-69.1985375737
-65.6253944711
-63.8025454605
-62.9154178721
-62.7912514641
-63.3053197264
-64.0080088739
-64.8003553768
-66.1177432021
-67.8873344339
-69.5295113585
-70.0
-70.0
-70.0
-70.0
-70.0
-70.0
-70.0
-70.0
-70.0
-70.0
-70.0
-70.0
-70.0
-66.2444748288
-64.1163438985
-63.0355872103
-63.28760992
-64.8572520721
-66.6578310185
-68.358834019
-69.4341413521
-70.0
-70.0
-70.0
-70.0
-70.0
-70.0
-70.0
-70.0
-66.2774143526
-64.1679491524
-63.9494772828
-64.5250582555
-65.2225431689
-65.8002826779
-66.4616669608
-67.1474419497
-68.1632422113
-69.0019139464
-69.7123865225
-70.0
-70.0
-70.0
-70.0
-66.5783741471
-64.6394528305
-63.6547849462
-63.2754913841
-63.272065534
-63.4942745061
-63.8444574059
-64.2597518989
-64.700270198
-65.1412388376
-65.5677787268
-65.9714433694
-62.9685967842
-62.2473522736
-63.4517319039
-64.8972575075
-66.277512704
-67.2297487317
-67.8934320573
-68.361860984
-68.697522974
-68.9423360688
-69.1244793901
-69.2629494032
-69.3705997642
-69.4561699887
-69.5256397905
-69.5831336785
-69.6315255554
-69.672843163
-70.0
-70.0
-70.0
-70.0
-70.0
-70.0
-70.0
-70.0
-70.0
-70.0
-70.0
-70.0
-70.0
-70.0
-70.0
-67.0929030049
-65.4455480411
-64.608950128
-64.2866930426
-64.2837823566
-64.4725765331
-64.7701004879
-65.7956948215
-66.7259449275
-67.3932301602
-67.8804936279
-64.5535603644
-62.7389483942
-61.8922162656
-61.6544364462
-61.7899540064
-62.3152749234
-62.8866249761
-63.4665475085
-64.0322827777
-64.5706478466
-65.2418952931
-66.3192472512
-67.2593501844
-68.5912669381
-69.437374759
-70.0
-70.0
-70.0
-70.0
-70.0
-70.0
-70.0
-70.0
-70.0
-70.0
-70.0
-70.0
-66.2768791046
-64.1671105971
-63.4473013617
-63.4057963396
-63.7748383866
-64.5564533641
-65.2068739051
-65.9286470995
-66.4974227795
-63.3242197993
-61.6428240178
-60.9125590817
-60.7773148173
-61.0035910981
-61.4392371633
-61.9859835636
-62.5811652851
-63.1855688084
-63.7753586288
-60.6731732586
-59.1227562612
-58.555080854
-58.7671802873
-59.6058938143
-61.6622373697
-63.5174689239
-65.0161922256
-66.4265531279
-67.391884565
-68.0580206084
-68.5224348809
-68.850335615
-69.0853982016
-69.2569224802
-69.384606298
-69.4817297121
-69.5572794368
-65.8986845346
-63.8402381088
-62.8104956497
-62.4323003192
-62.457639777
-62.7242554591
-63.1267496863
-63.7698545665
-64.537389009
-66.2097127253
-64.8805160599
-65.9495641921
-67.0738798205
-67.8460065369
-68.3810823488
-68.7560917577
-69.0225610111
-69.2150238627
-69.356667445
-69.4630980128
-69.5448530864
-69.6090776944
-69.6606432027
-69.7028944009
-69.7381486398
-69.7680295618
-69.793690463
-69.9874525094
-70.0
-67.1608219704
-64.4860544202
-61.8276254095
-60.5049804894
-60.0278941877
-57.4618274152
-56.3401264379
-56.1224349702
-56.4544055906
-57.1051077765
-57.9253588288
-58.8199974993
-59.8944474515
-60.8759691745
-61.7690165692
-62.7532111203
-63.7569212674
-64.7374999022
-65.5012637529
-66.1094799383
-66.7758436516
-67.2831337578
-67.6780700297
-67.9924294584
-68.7452141338
-69.7517111324
-66.8227798505
-65.8579450833
-65.9310460522
-66.1105384318
-66.3478825785
-66.6120263139
-66.8834450114
-63.6599551501
-61.9371960617
-61.1723007399
-61.0076201889
-61.2085578519
-58.4031594679
-57.1064817885
-56.7582591213
-57.5058391058
-58.8895194067
-60.4285113024
-61.8449560632
-62.9666577175
-63.8741234528
-64.9595487789
-65.7788190153
-66.41108719
-63.237008036
-61.5579936091
-60.831985166
-60.7019805946
-60.933911832
-61.3752735133
-61.927581405
-59.0430927589
-57.6776298127
-57.2690977178
-57.4483418703
-57.9742769661
-58.8587876392
-59.7608677883
-60.8136702849
-61.9218127733
-63.1972211636
-64.6992254924
-66.1266205732
-67.4534202693
-68.5016360779
-69.5292507356
-70.0
-70.0
-66.6419387116
-64.7390373149
-63.7726618997
-63.5746219946
-63.6699773185
-64.1091548123
-64.5690228149
-65.0259761893
-65.4659490077
-66.0558177317
-67.0448228657
-67.7367318506
-68.2273195132
-68.5807614603
-68.8401345799
-69.376579554
-69.89022722
-70.0
-70.0
-66.5098890026
-64.5321594375
-63.5277830504
-63.1408977832
-63.1374033634
-63.3640599328
-63.8915018766
-64.4115836471
-64.9099132544
-65.378580577
-65.8138282847
-66.2145159664
-66.5811113766
-67.2502815768
-68.9486909778
-70.0
-70.0
-68.5996807849
-67.8061665631
-67.4031858112
-64.6446059812
-63.1679712171
-62.5097246514
-62.364452557
-62.5318075484
-62.8811602917
-63.3280665946
-63.8186081565
-64.3189794884
-64.808569638
-65.2753714064
-65.7129400873
-66.1183832929
-66.4910364398
-66.83159378
-67.8337917247
-69.3675142051
-70.0
-70.0
-70.0
-70.0
-70.0
-70.0
-70.0
-70.0
-70.0
-70.0
-70.0
-66.3472721254
-64.2773929964
-63.2262190858
-62.8213074366
-62.8176501992
-63.0548675168
-63.4287023234
-63.8720464633
-60.7871667924
-59.2433334302
-56.789710665
-56.2692799837
-56.7535844623
-57.4857143341
-58.3421351127
-59.2445830761
-60.3185657516
-61.2856698319
-62.1564099523
-62.9403070261
-63.6459683696
-60.628587667
-59.1305396565
-56.5410817506
-54.2042709487
0
-70.0
-70.0
-70.0
-70.0
-70.0
-70.0
-70.0
-70.0
-70.0
-70.0
-70.0
-70.0
-70.0
-70.0
-70.0
-70.0
-70.0
-70.0
-70.0
-70.0
-70.0
-70.0
-70.0
-66.336834777
-64.2610411506
-63.2068636031
-62.8007949545
-65.2072822493
-69.2091938005
-70.0
-70.0
-69.744200371
-69.5992472479
-69.5256337991
-69.4972779366
-69.4970218211
-66.3426427331
-64.5719271892
-63.6904336233
-63.3718563629
-63.4016481279
-63.6394682493
-63.9941780472
-64.407197991
-64.8414366909
-65.2739320212
-65.6909648186
-66.0848190032
-66.6211035648
-67.2301753544
-68.371911025
-69.6204720593
-70.0
-70.0
-70.0
-70.0
-70.0
-70.0
-66.6384204805
-64.7335254194
-63.7661375354
-63.3935002206
-63.3901344909
-63.6084439035
-63.9524814209
-64.360487884
-64.793275499
-65.2265055514
-65.6455600645
-66.2161407597
-66.6846178181
-67.4144667926
-68.6188106134
-69.8944565431
-70.0
-70.0
-70.0
-70.0
-70.0
-70.0
-70.0
-70.0
-70.0
-70.0
-70.0
-70.0
-66.3566641039
-64.2921070961
-63.2436359882
-62.8397654572
-62.8361176234
-63.2423171834
-63.8815430064
-64.4690270667
-65.3366332673
-66.3606425454
-67.6153600274
-68.6194285157
-69.2678886582
-70.0
-70.0
-66.7705352765
-64.9405052664
-64.0111370849
-63.6531449398
-63.6499114881
-60.689257495
-59.2232231827
-58.7028284892
-58.7671640568
-59.1801932621
-59.7886710099
-60.4941352916
-61.2342760176
-58.4618153891
-57.1829451657
-56.8428581929
-57.0773774027
-57.6488430152
-58.4034276155
-59.7587307885
-58.4950345375
-58.2865323024
-58.7194409956
-59.3552048451
-60.0914896599
-60.8635442268
-61.8008254151
-62.9724999476
-64.0747545555
-64.9336155017
-65.6178115528
-66.5149021316
-67.1693264079
-67.65633676
-64.7313674232
-63.3264735737
-62.8825492559
-63.6973079908
-64.570391237
-65.2752281435
-65.8556226826
-66.3420053166
-66.7557680532
-67.11216676
-67.4222670921
-67.6942517216
-67.9343007753
-68.1471868483
-68.3366789305
-68.5058182155
-68.6571078459
-68.792644696
-65.2724777925
-63.6653950573
-62.9122989142
-62.8724053387
-63.0860556821
-63.9632213367
-64.8654966849
-65.7520120043
-62.9275479259
-61.4686178813
-58.8554170362
-57.658982628
-57.3524892288
-57.5901768816
-58.146450244
-58.8753325866
-59.6834842392
-60.5122590895
-61.3257820301
-62.1030363934
-62.8326211316
-59.911366716
-58.4949018429
-58.0285261909
-58.322707334
-59.4071239085
-61.100488437
-62.7664075396
-64.1780787498
-61.7265541443
-59.3199542429
-58.2319958273
-57.9714875837
-58.2161330514
-58.755715897
-59.4542750744
-60.2249347451
-61.013166056
-58.2930746007
-57.0512505742
-56.7377811391
-56.9917734401
-57.5777763727
-58.3434522532
-59.358659373
-60.3224949992
-61.2233798749
-62.0564648045
-62.8211002688
-63.519178205
-64.15405236
-64.7298417742
-65.5959873637
-66.2624751386
-63.8450851172
-64.1392649338
-65.3684362148
-66.6019892578
-67.4553881083
-68.052247815
-68.4752887118
-68.7799369595
-69.0033946762
-69.1706894836
-69.298710052
-69.3988987246
-69.4790486373
-69.5445036304
-69.5989598386
-66.0300757195
-64.0210760573
-63.1907848359
-62.9195839419
-60.0859328296
-58.716211068
-58.4493154198
-58.8439082576
-59.6259219567
-60.4409327776
-61.4180748442
-62.452424256
-63.3246197612
-64.070449739
-64.715599401
-65.2788358849
-65.7741499124
-66.2121999984
-66.6012900501
-66.9480344128
-63.6429250542
-61.8717619373
-61.5961886692
-62.5782587087
-63.756418652
-65.5336448857
-66.9191091298
-68.0225840385
-68.7505828492
-69.2290293739
-69.5417963096
-69.7447299274
-69.8749991005
-69.957327301
-70.0
-70.0
-70.0
-70.0
-70.0
-70.0
-70.0
-70.0
-70.0
-70.0
-70.0
-70.0
-70.0
-70.0
-70.0
-70.0
-67.1712002587
