-70.0
-70.0
-70.0
-70.0
-70.0
-70.0
-70.0
-70.0
-70.0
-70.0
-69.0390184423
-68.4944622263
-68.2179130891
-68.1113865039
-61.1104243359
-57.2061662239
-55.2900724826
-54.6307471551
-54.7474603867
-55.3259063128
-56.1621103247
-57.125095721
-58.1320504348
-60.1316210961
-60.6637349437
-61.5164343098
-55.0314575455
0
-70.0
-70.0
-70.0
-70.0
-69.6076817558
-62.7950617284
-58.947654321
0
-70.0
-70.0
-70.0
-70.0
-70.0
-70.0
-70.0
-70.0
-70.0
-70.0
-70.0
-70.0
-70.0
-70.0
-70.0
-70.0
-70.0
-70.0
-70.0
-70.0
-69.0246088945
-68.471887268
-68.1911913832
-68.0830674728
-68.0820908776
-68.1454352245
-68.2452606585
-68.3636472302
-68.4892242656
-68.614929678
-68.7365219362
-68.8515932265
-67.9666235732
-67.5034209954
-67.3087187488
-66.5779030723
-66.2534835639
-65.6281601845
-65.3986941508
-65.4143913921
-65.5766633572
-65.821471091
-66.1076400283
-66.409086723
-59.7096519325
-56.0330026604
0
-70.0
-70.0
-70.0
-70.0
-62.8518518519
-58.8012345679
-55.9416872428
-54.3612359396
0
-70.0
-70.0
-70.0
-70.0
-69.2623583803
-61.9657521719
-57.8555967078
-55.7943168724
-55.0310717421
0
-70.0
-70.0
-70.0
-70.0
-67.9162917426
-66.7355237301
-66.1358787983
-65.9048958792
-65.9028095985
-65.0404145017
-64.6882969602
-64.6540832034
-65.8114514471
-59.6994421049
-55.5072756722
0
-70.0
-70.0
-70.0
-70.0
-66.840115836
-65.0495148097
-65.1228288371
-64.6887352538
-64.605321262
-64.179539936
-64.1180864758
-64.2772781839
-65.4318633598
-66.2768856867
-66.9080028933
-67.3897397874
-68.5682597335
-69.3230963767
-69.7985618167
-70.0
-70.0
-70.0
-70.0
-70.0
-70.0
-70.0
-63.9989850408
-60.5984098972
-59.4270067034
-59.076597897
-59.2304660166
0
-70.0
-70.0
-70.0
-70.0
-62.8414875781
-56.4516638724
0
-70.0
-70.0
-70.0
-70.0
-67.73067872
-66.4447299946
-65.7916697596
-65.5401112933
-66.5373880774
-67.2511745453
-67.7710739412
-68.157311114
-68.4504763805
-68.6780263278
-69.77083059
-70.0
-63.0
-56.7
0
-70.0
-70.0
-70.0
-70.0
-68.8673982625
-68.2255906112
-67.8996530001
-67.774102
-61.1826616443
-57.5217087094
0
-70.0
-70.0
-70.0
-70.0
-68.7934540241
-68.1097446377
-67.7625275179
-67.6287796622
-61.8073740325
-57.6266366292
-55.530639633
-54.7553534475
0
-70.0
-70.0
-70.0
-70.0
-62.9869938526
-59.0129570357
-56.994769711
-56.2173649925
0
-70.0
-70.0
-70.0
-70.0
-67.9255876062
-66.7500872497
-66.1531174608
-65.9231650054
-59.3307816763
-55.7309922896
-54.0467522479
0
-70.0
-70.0
-70.0
-70.0
-69.2824316745
-69.8758061466
-69.4335014892
-69.1870019785
-68.5106466505
-61.190446183
-57.0919776964
-54.3594603108
0
-70.0
-70.0
-70.0
-70.0
-62.9199158514
-58.9078681672
-56.8703772845
-56.0855368453
-56.0784480204
-56.538246458
-57.2628506387
-58.1221847925
0
-70.0
-70.0
-70.0
-70.0
-62.9995885091
-59.0326886643
-57.0181258019
-56.2421172245
-56.2351081705
-55.6897918689
0
-70.0
-70.0
-70.0
-70.0
-65.245542296
-62.551349597
-56.2571963985
0
-70.0
-70.0
-70.0
-70.0
-69.3854595336
-62.4469135802
-58.5355555556
-56.5708888889
-55.8397259259
0
-70.0
-70.0
-70.0
-70.0
-66.4197530864
-59.4650205761
-55.6433470508
0
-70.0
-70.0
-70.0
-70.0
-69.8605903572
-69.7815915596
-62.9235586265
-56.7112869124
0
-70.0
-70.0
-70.0
-70.0
-63.9993233605
-60.5989399315
-54.9831896541
0
-70.0
-70.0
-70.0
-70.0
-63.444418043
-60.4332919711
-55.38995104
0
-70.0
-70.0
-70.0
-70.0
-69.4732499987
-69.1747583312
-69.0231713864
-69.9387678784
-70.0
-70.0
-70.0
-70.0
-70.0
-70.0
-70.0
-70.0
-70.0
-70.0
-70.0
-70.0
-70.0
-70.0
-70.0
-69.0074301317
-68.444973873
-68.1593343221
-68.0493061141
-68.0483123188
-68.1127722977
-69.2136792356
-68.958961754
-68.8408325399
-61.8086011377
-54.8252718882
0
-70.0
-70.0
-70.0
-70.0
-67.9698216735
-66.8193872885
-65.2741655235
-65.4655418381
-65.7315162323
-66.033383661
-66.3467246629
-65.7881923514
-65.5934665528
-65.6235155219
-65.7874277192
-66.0261941137
-66.3019141466
-66.5906156948
-66.8774827672
-67.1536869184
-67.4142865118
-67.6568367175
-67.8804722837
-68.0853045472
-69.2710121279
-69.0101617594
-69.4422017019
-70.0
-70.0
-69.4443623067
-69.1295009472
-68.9696007665
-68.9080072993
-68.9074509756
-69.8850078188
-70.0
-70.0
-70.0
-63.1715185693
-56.9687124253
-54.5936134961
0
-70.0
-70.0
-70.0
-70.0
-63.086776536
-59.1692832397
-57.1798111539
0
-70.0
-70.0
-70.0
-70.0
-69.744816365
-70.0
-70.0
-70.0
-70.0
-63.4444392293
-58.729624936
-56.2764155289
-55.2619427003
-55.1445275797
-55.5692609215
-56.3051255624
-57.2031401616
-58.1685109157
-59.1421163377
-60.0882090462
-60.9862577032
-61.8255449739
-62.6015991705
-56.3378234612
0
-70.0
-70.0
-70.0
-70.0
-68.0783229576
-61.2704906618
-57.476774929
-55.617986325
-54.9821136184
-55.1011862072
-55.6692568869
0
-70.0
-70.0
-70.0
-70.0
-69.0781893004
-62.1703703704
-58.2866666667
-56.3468888889
-55.6381259259
-55.691597284
-56.200626856
-55.9667003435
-56.2941210912
-56.3918806145
-56.9041403081
0
-70.0
-70.0
-70.0
-70.0
-68.4609053498
-67.5887517147
-67.1458344765
-66.9752229843
-66.9736819895
-59.3641052858
-55.1528890873
0
-70.0
-70.0
-70.0
-70.0
-62.1975308642
-58.6444444444
-56.8911111111
-56.1279259259
-56.132417284
0
-70.0
-70.0
-70.0
-70.0
-69.5473251029
-69.2908093278
-69.1605395519
-69.1103597013
-69.1099064675
-69.1393043117
-61.283901544
-56.8611964986
-54.645533588
0
-70.0
-70.0
-70.0
-70.0
-62.4444444444
-58.5333333333
0
-70.0
-70.0
-70.0
-70.0
-69.0781893004
-68.555829904
-68.2905532693
-61.4614979424
-57.6486814815
-55.7727022222
0
-70.0
-70.0
-70.0
-70.0
-69.0781893004
-68.555829904
-68.2905532693
-68.1883688462
-61.3695319616
-57.5659120988
-55.6982097778
-55.0543147259
-55.166167204
-55.727739784
-56.5404253392
-57.476689161
-58.4558911487
-59.4282159697
-60.3640036634
-62.2463754287
-63.6342526404
-57.7151381636
-54.5731648721
0
-70.0
-70.0
-70.0
-70.0
-66.2482345171
-65.1048925469
-64.5820576132
-64.4489547325
-64.5541278464
-64.7987607865
-65.118915191
-65.4737106607
-65.8374642538
-59.2753947408
0
-70.0
-70.0
-70.0
-70.0
-68.6296296296
-67.8530864198
-67.4587242798
-60.9213566529
-57.3015575217
-55.5529594589
-54.9853686393
0
-70.0
-70.0
-70.0
-70.0
-66.8943125773
-64.1359454765
-58.0556842622
-54.8056713916
0
-70.0
-70.0
-70.0
-70.0
-69.451303155
-69.1403749428
-62.1645582482
-58.2402496232
-56.2776561274
-54.5835237872
-54.0809269235
-54.3100045745
-54.9704510127
-55.8677038418
-57.8761171186
-59.8186278474
-61.3235133565
-55.596588023
0
-70.0
-70.0
-70.0
-70.0
-69.4210524885
-69.092982232
-68.9263740037
-68.8621966
-69.8539095911
-70.0
-62.6666666667
-58.5111111111
-56.4007407407
-55.5878271605
0
-70.0
-70.0
-70.0
-70.0
-68.0955308303
-67.0163316342
-59.8779613729
-56.9272022727
-55.5925067368
-55.2719391907
-55.5705340233
-56.2306731221
-57.085734144
-58.0292462857
-58.9943786945
-58.9518732032
-59.2946408017
0
-70.0
-70.0
-70.0
-70.0
-69.0219452952
-62.0822547622
-58.1823652837
0
-70.0
-70.0
-70.0
-70.0
-62.9978054465
-59.0298951996
-57.0148192114
-56.2386129781
-55.2320532319
-55.1203822764
-55.5493669606
-56.288445539
0
-70.0
-70.0
-70.0
-70.0
-70.0
-63.6493251368
-60.0506093809
-58.2230262814
0
-70.0
-70.0
-70.0
-70.0
-66.9142245443
-60.2396925268
-56.5603168987
-54.8006809586
-54.2515433626
-54.4470093595
0
-70.0
-70.0
-70.0
-70.0
-69.0784822064
-68.5562887901
-68.2910964473
-68.1889444933
-68.1880218379
-67.2478685468
-59.8564414269
0
-70.0
-70.0
-70.0
-70.0
-69.3159579332
-69.7308032312
-69.9886836356
-70.0
-70.0
-70.0
-70.0
-69.2423448699
-68.8130069628
-69.4632834104
-69.8713398319
-70.0
-70.0
-70.0
-70.0
-70.0
-70.0
-63.0216769124
-56.7339604961
0
-70.0
-70.0
-70.0
-70.0
-65.3346020324
-62.6908765174
-61.3482786578
-60.8311106535
-60.8264394957
-60.1295558084
-60.0404404024
-60.3189564788
0
-70.0
-70.0
-70.0
-70.0
-66.4444561784
-64.4296480128
-57.7891575625
-54.2118913735
0
-70.0
-70.0
-70.0
-70.0
-68.590306661
-67.7914804355
-60.5678880832
-56.5481364023
0
-70.0
-70.0
-70.0
-70.0
-68.5903063637
-67.7914799698
-67.3858014678
-67.2295343176
-67.2281228836
-60.3736233535
-55.6695943522
0
-70.0
-70.0
-70.0
-70.0
-69.5025148606
-69.2206066149
-70.0
-70.0
-70.0
-70.0
-70.0
-70.0
-70.0
-70.0
-70.0
-70.0
-70.0
-70.0
-62.6666666667
-58.5111111111
0
-70.0
-70.0
-70.0
-70.0
-67.8332571254
-60.9881522126
-57.1814841911
-55.3247672385
0
-70.0
-70.0
-70.0
-70.0
-66.8888888889
-65.1259259259
-63.4281481481
-62.6285432099
-56.0090359396
0
-70.0
-70.0
-70.0
-70.0
-65.3333333333
-58.8
-55.2533333333
0
-70.0
-70.0
-70.0
-70.0
-69.1848803536
-68.7229792206
-68.4884059002
-68.3980483779
-61.4781593915
-57.6102873533
-55.702554552
0
-70.0
-70.0
-70.0
-70.0
-69.0750645417
-61.1677585733
-56.7177830398
0
-70.0
-70.0
-70.0
-70.0
-66.7572133801
-64.9196342954
-63.9864323681
-62.6659819085
-62.1181789024
-62.0522244686
-62.2775776594
-62.6702036519
-64.1501053345
-58.3139699726
-55.2018230896
0
-70.0
-70.0
-70.0
-70.0
-67.6563023929
-66.3282070823
-65.0981874376
-64.5235694028
-64.3613462685
-64.4519675124
-64.6912746749
-65.0118164833
-65.3704143522
-65.7398925951
-66.103583121
-66.4516779992
-59.7894693981
0
-70.0
-70.0
-70.0
-70.0
-65.3318372959
-62.6865450969
-61.3431516076
-60.8256771271
-60.8210032013
-61.1241654057
-60.6020575387
-60.6020575672
-54.0974083962
0
-70.0
-70.0
-70.0
-70.0
-65.2674897119
-62.585733882
-62.1652949246
-62.1741883859
-62.4403848499
-62.8520898999
-63.3373765999
-64.7189488238
-65.7239271974
-66.4694499816
-67.0344486527
-66.4745832252
-66.2561778612
-66.2499287141
-66.3711816021
-67.5258755058
-68.3011626645
-68.8229628709
-69.1752775657
-70.0
-70.0
-70.0
-69.9993762665
-70.0
-69.6663894518
-69.4773434744
-69.3813377722
-69.3443564252
-69.3440224027
-70.0
-70.0
-70.0
-62.2962962963
-56.4
0
-70.0
-70.0
-70.0
-70.0
-69.0521262003
-61.924691358
-55.5840740741
0
-70.0
-70.0
-70.0
-70.0
-62.8284814307
-59.7472793781
-54.6847599451
0
-70.0
-70.0
-70.0
-70.0
-69.158273449
-68.6812950701
-67.4424903611
-66.784457857
-67.4794815628
-68.3138464008
-68.8706704236
-68.3740963993
-61.166316389
-57.1361045031
-55.1467738882
-54.4482830563
0
-70.0
-70.0
-70.0
-70.0
-66.1358024691
-63.946090535
-62.8340603567
-56.7884229538
0
-70.0
-70.0
-70.0
-70.0
-67.4238683128
-65.9640603567
-65.2227069044
-64.9371379363
-64.9345586242
-65.1018590828
-65.3655107219
-65.6781846812
-66.0098495675
-66.3418535137
-66.6629940976
-66.966911978
-60.2743440521
-56.5802429802
-54.8111075711
-54.2559227399
-54.4476144165
-55.0810422753
-56.8267103386
0
-70.0
-70.0
-70.0
-70.0
-69.0342935528
-68.4870598994
-68.209151044
-68.102100696
-68.1011337974
-68.1638491982
-68.2626834655
-68.379894577
-68.504224758
-68.6286820413
-68.74906701
-61.8736528293
-58.01928256
-56.1060176464
-55.4211914434
-55.4962560067
-56.0247528779
-56.8076925713
-57.7171999683
-58.6723310743
-59.622998702
-60.5392993219
-61.4044363831
-62.2100413184
-55.9890371866
0
-70.0
-70.0
-70.0
-70.0
-69.3854595336
-69.037219936
-68.8603688462
-68.7922458975
-68.7916305983
-68.8315403989
-68.8944349326
-68.9690238217
-69.0481430278
-63.1418062862
-59.8266106983
-58.1766063224
-57.5807168194
-57.6371592236
-58.0831193587
-57.7480584516
-57.955419959
-59.4423044225
-60.6863582865
-61.7432453287
-56.437233553
0
-70.0
-70.0
-70.0
-70.0
-65.9884389801
-63.7152210688
-63.2644866567
-63.2185631209
-57.338867595
-54.2330880263
0
-70.0
-70.0
-70.0
-70.0
-69.6171502934
-69.4002021264
-69.2900264886
-69.2475868896
-69.2472035673
-69.2720667883
-70.0
-70.0
-70.0
-70.0
-69.1735524525
-68.3718988422
-67.9451767146
-67.7576375476
-60.0208922351
-55.7114819732
0
-70.0
-70.0
-70.0
-70.0
-68.8829420945
-68.2499426147
-67.928478173
-67.8046502355
-67.8035317985
-67.8760763431
-67.0077420549
-59.6404348399
-55.5653693496
0
-70.0
-70.0
-70.0
-70.0
-70.0
-69.3935375705
-69.0498755271
-68.8753491168
-68.8081216334
-68.8075144223
-68.8468996149
-68.9089674099
-69.0020850611
-69.0912194831
-69.1749928202
-69.2527570618
-69.3243237047
-68.5214734764
-67.7557142235
-67.3710681977
-60.6339613779
-56.5705652401
-54.5801753828
0
-70.0
-70.0
-70.0
-70.0
-63.9414723365
-60.5083066606
-58.764797033
-58.093198022
-58.8896011505
-58.7454970025
-59.0341846136
-59.5729243599
-60.2437373956
-60.9714339705
-62.6212126213
-64.1903727243
-64.3840506922
-57.7234234007
-54.1362662458
0
-70.0
-70.0
-70.0
-70.0
-65.7387593355
-63.3240562922
-61.1151074531
-60.9542139918
-55.0810148148
0
-70.0
-70.0
-70.0
-70.0
-69.4049687548
-69.0677843825
-68.887876848
-68.8170030991
-68.2583565242
-68.6849270655
-68.9847051548
-62.2343827875
-58.4430432742
-56.553471457
-55.8679459849
-56.8399076735
0
-70.0
-70.0
-70.0
-70.0
-66.8449931413
-65.9986282579
-65.6241883859
-65.5453848499
-65.6465898999
-65.8524265999
-66.1141810666
-65.408468391
-58.2594825487
-54.3614416251
0
-70.0
-70.0
-70.0
-70.0
-66.4478699318
-64.4349962265
-63.4127721291
-56.9408226327
0
-70.0
-70.0
-70.0
-70.0
-66.5926816974
-64.6618679926
-63.6813175033
-63.3036099596
-63.3001984347
-55.9701903252
0
-70.0
-70.0
-70.0
-70.0
-62.4444444444
-58.162962963
-56.7911111111
-56.0379259259
0
-70.0
-70.0
-70.0
-70.0
-67.7050754458
-66.4046181984
-59.3587303765
-55.4859066707
0
-70.0
-70.0
-70.0
-70.0
-69.2962937177
-68.8975268244
-68.6950157943
-67.7048001449
-67.1871774171
-66.9703645332
-66.9412646518
-67.0257625679
-60.1915881731
-56.4180305971
-54.6066283649
-54.0328994135
0
-70.0
-70.0
-70.0
-70.0
-69.5216199574
-69.2505379333
-62.1937979273
-56.8866266394
0
-70.0
-70.0
-70.0
-70.0
-65.2894375857
-58.7312299954
-55.1719311081
0
-70.0
-70.0
-70.0
-70.0
-69.588593612
-69.3554633255
-69.2370697094
-69.1914645495
-68.1920675944
-60.7066452613
-56.5251703527
-54.4654463958
0
-70.0
-70.0
-70.0
-70.0
-65.3073386394
-62.6481638684
-61.2977202102
-61.7775247932
-62.3394900498
-62.9320195355
-63.5231365757
-64.0937022473
-64.6329182421
-58.2567412736
0
-70.0
-70.0
-70.0
-70.0
-67.0205167285
-61.3184254535
-58.1865565067
-56.7012165885
-56.2533054179
-56.4427818683
-57.8766877667
-58.1411451903
-58.6951148048
-59.40432608
-60.1830419758
-60.9775034474
-54.8358573551
0
-70.0
-70.0
-70.0
-70.0
-69.2614796374
-68.8429847653
-68.6304550165
-68.5485886667
-69.5463267958
-69.1774336432
-68.9835166303
-68.9010492015
-68.8882004375
-68.9175511646
-69.8834517334
-70.0
-63.385916781
-57.3046029569
-54.0789945638
0
-70.0
-70.0
-70.0
-70.0
-68.886602652
-69.058146624
-69.1924681197
-69.2999787465
-69.3878191643
-69.4609294429
-69.5227646286
-69.5757735857
-69.6217198405
-69.661896932
-69.6972732892
-68.7401510138
-68.2078726147
-67.9482431548
-67.8608573737
-68.8763051719
-69.523030345
-69.9269644374
-70.0
-70.0
-63.9739877051
-60.5592474047
-54.9362060887
0
-70.0
-70.0
-70.0
-70.0
-66.8888888889
-65.1259259259
-64.230617284
-63.885744856
-63.882629904
-64.9968817741
-65.8322035037
-66.4723230914
-67.677687778
-68.4783169973
-68.0209783156
-67.8125424961
-67.2048406989
-66.9333915973
-66.8727424165
-66.9405948274
-67.0832864464
-67.2661252029
-68.4496160868
-69.2113900809
-69.6947414747
-69.9949275951
-63.1756241699
-59.3115213091
-57.3493422156
-56.5937233524
-56.5872279227
-57.0304230674
-57.7286593854
-58.5566458633
-59.4348828879
-60.3139956731
-61.1643301551
-61.9690531725
-62.7195852105
-63.4125849263
-64.0479652582
-64.6275946154
-65.1544524092
-65.6320853386
-66.0642622515
-66.4547596576
-66.8072327793
-67.1251422264
-67.4117164871
-67.6699371606
-67.902538326
-68.1120144144
-68.3006329203
-68.4704495931
-61.6234067481
-58.794399271
-57.470514809
-57.0938336382
-57.2980304811
-57.8439475708
0
-70.0
-70.0
-70.0
-70.0
-68.4288641637
-67.5385538564
-67.0864158768
-66.9122525599
-67.907253997
-61.6954037687
-57.3036411696
-55.0917955712
-54.50854194
-54.6749716966
-54.7301082718
0
-70.0
-70.0
-70.0
-70.0
-68.0356652949
-66.9225422954
-66.3572504191
-65.1655125743
-64.2782861149
-63.9366740355
-63.9338176533
-64.1343099022
-65.4424209082
-59.7664915745
-57.0353842552
-55.8288737218
-56.1328938332
-56.7775427723
-57.60508071
-58.514767449
-58.451127924
-58.7979066116
-59.3793769371
-60.0822799011
-61.7955939072
-63.4303958473
-64.6302638164
-65.529175804
-66.9212541735
-67.859126056
-68.4932116504
-68.9238892853
-63.0237930101
-60.0496088114
-58.5967779984
-58.1051869107
-58.2067260277
-58.6607586303
-59.3111529042
-60.0576843717
-60.8370137732
-61.6100442883
-62.3535277877
-63.0545002945
-63.7066004554
-64.3076405367
-64.858009901
-65.3596311895
-58.8259399949
-55.2781939449
0
-70.0
-70.0
-70.0
-70.0
-68.617416921
-67.8339531763
-68.436017087
-68.8493881973
-69.1357645901
-69.3363982729
-69.4788985401
-69.5817687491
-70.0
-70.0
-63.4444444325
-59.729629611
-57.8430863977
-57.1163909231
-57.1098272743
-57.5355615091
-58.2064833331
0
-70.0
-70.0
-70.0
-70.0
-67.633055117
-66.29178635
-65.6106322115
-65.3482519879
-64.4044097844
-57.2977532323
0
-70.0
-70.0
-70.0
-70.0
-65.3333333333
-62.6888888889
-61.3459259259
-60.828617284
-61.7849264137
-62.6325476777
-57.35195138
-54.6051952221
0
-70.0
-70.0
-70.0
-70.0
-68.9821673525
-68.405395519
-68.1124859015
-67.1971881319
-66.7414365324
-67.5688970083
-61.1823776778
-57.6443868236
-55.9334460836
-55.3757667702
-55.5286336231
-56.1027326141
-56.9104342549
-57.8313740976
-58.7895588666
-59.7381510991
-60.6493680686
-61.5077859814
-62.3059105297
-63.0412549076
-63.7144197042
-57.3438235331
0
-70.0
-70.0
-70.0
-70.0
-63.000074254
-59.0334496646
-57.0190265888
0
-70.0
-70.0
-70.0
-70.0
-68.0781945155
-66.9891714076
-66.436118496
-59.4962118953
-55.682394205
0
-70.0
-70.0
-70.0
-70.0
-62.0000000904
-57.4666668084
-55.1644446122
-54.2776298074
-54.2696199309
0
-70.0
-70.0
-70.0
-70.0
-66.5555555556
-64.6037037037
-63.6124691358
-63.2306460905
-63.2271973937
-64.3630967673
-65.2325331658
-65.9131105661
-60.2827810672
-57.2284906656
-55.8216334025
-55.4501312645
-55.7122256062
-56.3457413577
-56.1844182508
-56.5481437782
-57.2147743021
-58.0409268063
0
-70.0
-70.0
-70.0
-70.0
-68.7841766624
-68.0952101044
-67.7453231661
-67.6105468976
-67.6093295733
-59.8486973446
-56.5304942768
-54.9885559602
-54.5637744383
-54.8234463772
-55.4851346613
-56.3659764763
0
-70.0
-70.0
-70.0
-70.0
-69.3667782501
-69.0079525918
-63.1037318452
-59.7910750024
-58.6993339522
-58.4209781904
-57.6406087664
-57.5843668198
-58.766945227
-59.8509274304
-61.395174727
-55.7906366782
0
-70.0
-70.0
-70.0
-70.0
-68.8032537949
-68.9934103692
-69.1410573014
-69.2582768841
-62.6264618337
-58.6971489837
-57.0496563075
0
-70.0
-70.0
-70.0
-70.0
-67.9551897577
-66.7964639537
-60.1298237057
-56.4588454335
0
-70.0
-70.0
-70.0
-70.0
-69.0789505198
-68.5570224811
-68.2919649084
-68.1898648679
-68.1889426813
-67.2489584325
-66.7766692687
-67.600606471
-60.5072124906
-56.5676023526
-54.6515828581
-54.0135850661
-54.1636668887
0
-70.0
-70.0
-70.0
-70.0
-70.0
-63.9884389801
-60.5818877354
-58.8518940641
0
-70.0
-70.0
-70.0
-70.0
-69.1167566497
-69.5902397897
-69.8879883474
-70.0
-70.0
-70.0
-70.0
-62.0877914952
-57.6042066758
-55.327248895
-54.45016593
-54.4422439533
-54.9560826356
0
-70.0
-70.0
-70.0
-70.0
-69.0676432397
-67.5470150888
-66.3830710287
-65.4719355583
-58.2582758216
-54.3214707855
0
-70.0
-70.0
-70.0
-70.0
-69.8475842097
-69.7612152619
-62.8994394486
-59.0190593123
-56.0645699334
-54.7563906417
-54.4796033786
0
-70.0
-70.0
-70.0
-70.0
-68.7448559671
-68.0336076818
-67.6724051212
-67.5332700808
-67.5320133872
-67.6135255915
-67.741982061
-67.8943232073
-68.0559171215
-68.2176762327
-68.3741424916
-68.5222174973
-68.6603219174
-67.7929787367
-67.3461402037
-67.1664990771
-67.1531644319
-61.2403171245
-57.9845981693
-56.4316801905
-56.6559104339
0
-70.0
-70.0
-70.0
-70.0
-65.4159865974
-62.8183790027
-61.4992018124
-60.9910554378
-60.9864657651
-61.2841631027
-61.7533094018
-62.3096868679
-63.8964316312
-65.0519307681
-65.9101658914
-67.2651384726
-68.1692840723
-68.7727952964
-69.1758088543
-69.4450900272
-69.62515573
-69.7456899607
-69.8264875005
-69.8807497743
-62.9186855465
-58.977490825
-56.9801909646
-55.2158051407
-54.6499801416
-54.8221524708
-54.7276804156
-55.180074502
-55.9455084704
-56.8732519024
-57.0649870957
-57.6111953086
-58.3518803926
-59.1845620966
-60.0446857158
-60.8926036968
-61.7049343622
-55.4759396639
0
-70.0
-70.0
-70.0
-70.0
-66.3281951022
-64.2475056602
-63.1908418063
-62.7838154337
-56.7019497953
0
-70.0
-70.0
-70.0
-70.0
-63.0172524251
-59.0603621327
0
-70.0
-70.0
-70.0
-70.0
-66.889898633
-65.1275078584
-63.2324921162
-62.321066267
-62.0301752152
-55.5309950546
0
-70.0
-70.0
-70.0
-70.0
-69.5569781029
-68.3232738912
-67.6389422344
-60.48913123
-56.5162735863
-54.5820165473
0
-70.0
-70.0
-70.0
-70.0
-67.4837651397
-66.0578987189
-65.3337822425
-58.6693934149
-55.0484470045
0
-70.0
-70.0
-70.0
-70.0
-62.9923322555
-59.0213205336
-57.0046694827
-56.2278565361
-55.2223626557
-55.111654239
-55.541507381
-56.2813690201
-57.182573703
-58.1505440559
-58.2140996277
-59.6450958586
0
-70.0
-70.0
-70.0
-70.0
-68.1659807956
-67.1267032465
-67.5598948331
-67.901146624
-68.1758594777
-68.401491874
-68.590154916
-68.7503475773
-68.8881182549
-69.0078433863
-68.1300918821
-67.6657712502
-67.4649864961
-67.4290160937
-67.4931333159
-68.6100276409
-68.414288143
-68.0163681729
-67.8437372517
-68.6145032598
-69.1231460893
-69.4575602507
-69.6762900725
-69.8183182965
-69.9095912877
-69.9673687061
-70.0
-70.0
-70.0
-70.0
-70.0
-63.0042818592
-59.0400415795
-57.026829359
-56.251341048
-56.2443366932
-56.6986561905
-57.4146260159
-58.2637203773
-59.1643863148
-60.0659730002
-54.0594499542
0
-70.0
-70.0
-70.0
-70.0
-67.037037037
-65.3580246914
-64.4395061728
-63.7404115226
-63.5296076818
-63.6188051212
-63.8850300808
-65.1169101444
-66.0188078444
-66.6926528696
-67.2072047891
-67.6090291144
-67.9298227392
-68.1208548574
-68.2981122998
-68.4611963553
-61.6150767197
-57.7869023811
-55.8971010319
-55.2333168546
0
-70.0
-70.0
-70.0
-70.0
-65.2093534372
-62.4946537182
-61.1160120963
-60.5849600532
-54.5019741918
0
-70.0
-70.0
-70.0
-70.0
-68.3950617284
-67.4855967078
-67.0237311385
-66.845820759
-66.8442138394
-66.9484425596
-67.112698373
-67.3074952487
-67.5141235325
-67.7209630516
-66.9244601488
-66.5490764022
-66.4388769408
-66.4914613659
-65.837494173
-58.5886005279
0
-70.0
-70.0
-70.0
-70.0
-65.2017797477
-57.6816908777
0
-70.0
-70.0
-70.0
-70.0
-69.2976758611
-62.3093858266
-56.0394322783
0
-70.0
-70.0
-70.0
-70.0
-63.9965745126
-60.5946334031
-59.4225365128
-59.0718604949
-58.2264028405
-58.8152851902
-59.541438427
0
-70.0
-70.0
-70.0
-70.0
-66.9844535894
-65.2756439567
-64.4078367119
-57.6880982743
0
-70.0
-70.0
-70.0
-70.0
-67.6188063895
-66.2694633435
-59.1987492042
-55.3163624138
0
-70.0
-70.0
-70.0
-70.0
-69.564333663
-62.5905851682
-58.6533165657
-56.6691781854
-55.9230558843
-55.9446139742
-56.4260616957
-56.1689173775
-56.4756668741
-57.1105276762
-57.9210932349
-58.8100627956
-59.7164424389
-61.6030552734
-63.0149211317
-64.0948766089
-64.9396873416
-65.6152508698
-66.1667472911
-58.6378640572
-55.4407443182
0
-70.0
-70.0
-70.0
-70.0
-65.7037037037
-63.2691358025
-62.0327572016
-55.9392208505
