-70.0
-69.0
-68.4333333333
-68.1455555556
-68.0347037037
-68.0337024691
-68.0986449794
-68.4192389863
-70.0
-70.0
-70.0
-70.0
-70.0
-70.0
-70.0
-70.0
-70.0
-70.0
-70.0
-69.9365423293
-62.7493357133
-59.382404257
-63.8809986742
-70.0
-70.0
-70.0
-70.0
-67.8737136286
-67.6102903547
-67.5318933785
-67.5671254135
-67.6693604541
-67.8083894633
-68.8331733106
-69.4869378419
-70.0
-70.0
-70.0
-70.0
-70.0
-70.0
-70.0
-70.0
-69.2783329277
-69.7377010105
-70.0
-70.0
-70.0
-70.0
-70.0
-70.0
-70.0
-70.0
-69.1373375724
-66.3151621967
-65.7331238782
-64.5312683222
-59.6220756741
-57.0224908962
-55.8953236662
0
-70.0
-70.0
-70.0
-70.0
-70.0
-70.0
-70.0
-70.0
-64.6230932649
-61.5761794484
-60.0288251769
-59.432785108
-59.6478884648
-64.1049796638
-70.0
-70.0
-70.0
-70.0
-67.2829353896
-65.7432654438
-64.9613546281
-63.7186906479
-63.1824692382
-63.0879874178
-63.2616987449
-65.7222854539
-70.0
-70.0
-70.0
-70.0
-70.0
-70.0
-70.0
-70.0
-70.0
-70.0
-70.0
-69.8066016017
-69.697009176
-69.6413534147
-70.0
-70.0
-70.0
-70.0
-70.0
-70.0
-70.0
-69.9754161881
-69.9614853614
-69.9544106867
-69.9516855256
-69.9516609114
-70.0
-70.0
-70.0
-70.0
-70.0
-70.0
-70.0
-70.0
-70.0
-70.0
-70.0
-70.0
-70.0
-70.0
-70.0
-70.0
-70.0
-70.0
-70.0
-70.0
-66.9193522024
-65.5069851171
-64.8093320287
-64.5637624413
-64.5976286075
-64.7980273537
-65.0916656896
-66.9332489518
-70.0
-70.0
-70.0
-70.0
-70.0
-70.0
-70.0
-70.0
-70.0
-70.0
-63.4501509593
-57.4052365029
-56.2601045973
-62.7067018089
-70.0
-70.0
-67.7383048353
-64.3002886864
-62.4274693741
-61.5561954743
-56.3889653594
0
-70.0
-70.0
-70.0
-70.0
-70.0
-70.0
-70.0
-70.0
-70.0
-70.0
-70.0
-70.0
-70.0
-70.0
-70.0
-70.0
-70.0
-70.0
-70.0
-70.0
-70.0
-68.3752264412
-67.4545214245
-66.9869477004
-66.8068385425
-61.1879278125
-58.110317114
0
-70.0
-70.0
-70.0
-70.0
-70.0
-70.0
-70.0
-70.0
-70.0
-70.0
-70.0
-70.0
-70.0
-70.0
-70.0
-70.0
-70.0
-70.0
-70.0
-70.0
-70.0
-70.0
-70.0
-63.4751048857
-59.7776643209
-57.8999445046
0
-70.0
-70.0
-70.0
-70.0
-70.0
-70.0
-70.0
-70.0
-70.0
-70.0
-70.0
-70.0
-70.0
-70.0
-63.4868651171
-59.7960886834
-58.5486831074
-63.0980680826
-70.0
-70.0
-70.0
-70.0
-70.0
-70.0
-70.0
-70.0
-70.0
-70.0
-70.0
-70.0
-70.0
-70.0
-70.0
-70.0
-70.0
-70.0
-70.0
-70.0
-70.0
-70.0
-70.0
-70.0
-70.0
-70.0
-63.0230427055
-60.6021737386
-67.8911455684
-70.0
-70.0
-70.0
-70.0
-70.0
-70.0
-70.0
-70.0
-70.0
-64.6275641033
-60.58546742
-58.1406938294
-57.2967279559
-63.6794222005
-70.0
-70.0
-70.0
-70.0
-70.0
-70.0
-70.0
-70.0
-70.0
-70.0
-70.0
-63.2264383811
-59.5934913764
-60.7448179692
-65.5349527234
-70.0
-70.0
-70.0
-70.0
-70.0
-64.7678301594
-61.8029339163
-56.4083428178
-54.6245542932
0
-70.0
-70.0
-70.0
-70.0
-70.0
-70.0
-70.0
-70.0
-70.0
-70.0
-70.0
-70.0
-70.0
-70.0
-70.0
-70.0
-70.0
-70.0
-70.0
-70.0
-68.19974321
-67.1795976957
-66.6615237972
-66.4619619982
-66.4601595189
-66.577072714
-67.7222997649
-68.4853593367
-70.0
-70.0
-70.0
-70.0
-70.0
-70.0
-70.0
-70.0
-70.0
-70.0
-64.3979753659
-61.2234947399
-57.4563141762
-68.140602321
-70.0
-70.0
-70.0
-70.0
-70.0
-70.0
-65.4752780348
-62.9112689211
-61.6091544889
-56.181654754
0
-70.0
-70.0
-70.0
-70.0
-70.0
-70.0
-70.0
-70.0
-70.0
-70.0
-64.958425845
-62.1015338238
-60.650680817
-67.8599646673
-70.0
-70.0
-70.0
-70.0
-70.0
-70.0
-70.0
-70.0
-70.0
-70.0
-63.894438303
-61.0939911659
-61.4339555053
-65.4104406168
-64.8934116009
-63.7972092396
-62.7546825142
-62.3706770619
-62.3945845551
-62.6624428991
-63.0677431423
-63.5419985167
-64.0418184575
-64.5403164734
-66.6966928995
-70.0
-70.0
-70.0
-70.0
-70.0
-70.0
-70.0
-70.0
-70.0
-70.0
-70.0
-70.0
-70.0
-70.0
-70.0
-70.0
-70.0
-70.0
-70.0
-65.0350018969
-62.2215029718
-60.7926868511
-54.316832784
0
-70.0
-70.0
-70.0
-70.0
-70.0
-70.0
-70.0
-70.0
-70.0
-70.0
-70.0
-63.7370002745
-59.4842633931
-57.2831458178
-56.386370412
0
-70.0
-70.0
-70.0
-70.0
-70.0
-70.0
-70.0
-70.0
-70.0
-69.2069262418
-62.3720582452
-58.5254021724
-56.599895123
0
-70.0
-70.0
-70.0
-70.0
-70.0
-70.0
-67.8791041598
-64.3439298503
-63.4113602496
-63.4047731475
-63.6206617813
-63.9628395688
-64.3693849224
-63.8595269673
-65.6881740417
-70.0
-70.0
-70.0
-70.0
-70.0
-70.0
-70.0
-70.0
-70.0
-64.6290630215
-61.5855320671
-60.0398957588
-59.6545091322
-60.8381580177
-70.0
-70.0
-70.0
-70.0
-70.0
-70.0
-70.0
-70.0
-70.0
-63.5074433837
-59.8283279678
-54.0710255638
0
-70.0
-70.0
-70.0
-70.0
-70.0
-70.0
-70.0
-70.0
-70.0
-70.0
-70.0
-70.0
-70.0
-63.3729512563
-61.2464037898
-63.7052160536
-70.0
-70.0
-70.0
-70.0
-70.0
-70.0
-70.0
-70.0
-70.0
-70.0
-70.0
-70.0
-70.0
-70.0
-70.0
-70.0
-70.0
-70.0
-70.0
-70.0
-70.0
-63.8632161599
-58.0523719838
-54.9641197454
-54.0473644107
-62.6357508151
-70.0
-70.0
-70.0
-70.0
-70.0
-70.0
-65.6710959366
-63.2180503007
-61.9722879091
-61.4924208772
-61.4880866288
-55.6910272251
0
-70.0
-70.0
-70.0
-70.0
-70.0
-70.0
-70.0
-70.0
-70.0
-64.7400538421
-59.4260843526
-56.5901665138
-55.354822365
-56.9804831393
-66.707475115
-70.0
-70.0
-70.0
-70.0
-66.2591582563
-64.1393479349
-63.0628168109
-62.6481375761
-62.644392116
-62.8873317695
-63.2701845025
-63.7242233256
-66.5705932192
-70.0
-70.0
-70.0
-70.0
-70.0
-70.0
-70.0
-69.6633521681
-69.4725850634
-62.4346902092
-59.464127972
-54.144097475
0
-70.0
-70.0
-70.0
-70.0
-70.0
-70.0
-70.0
-70.0
-70.0
-70.0
-70.0
-70.0
-70.0
-70.0
-70.0
-70.0
-70.0
-70.0
-70.0
-70.0
-70.0
-70.0
-70.0
-70.0
-70.0
-70.0
-70.0
-70.0
-70.0
-70.0
-70.0
-70.0
-70.0
-70.0
-70.0
-70.0
-70.0
-70.0
-70.0
-70.0
-70.0
-70.0
-70.0
-70.0
-70.0
-70.0
-67.1520656178
-65.5382361346
-64.7186639068
-64.4029651066
-64.4001136562
-64.6033706124
-64.9052124324
-65.2561437766
-65.3618932229
-66.3318616944
-70.0
-70.0
-70.0
-68.4029028208
-67.4978810859
-67.0382720088
-66.8612308288
-67.7279445171
-68.3237079129
-67.7760607955
-67.521603832
-67.8788408832
-70.0
-70.0
-70.0
-70.0
-70.0
-70.0
-70.0
-70.0
-70.0
-70.0
-70.0
-70.0
-70.0
-63.4175841282
-59.6875484675
-62.3539681706
-70.0
-70.0
-70.0
-70.0
-70.0
-70.0
-70.0
-70.0
-70.0
-70.0
-70.0
-70.0
-69.8062183021
-69.9251225239
-70.0
-70.0
-70.0
-70.0
-70.0
-70.0
-68.8968577648
-68.2717438315
-67.9542840105
-67.8319986508
-67.8308941467
-67.9025349727
-68.0154349691
-68.1493271347
-68.9271867245
-70.0
-70.0
-70.0
-70.0
-70.0
-70.0
-70.0
-70.0
-70.0
-70.0
-70.0
-70.0
-70.0
-70.0
-70.0
-70.0
-70.0
-70.0
-70.0
-70.0
-70.0
-70.0
-70.0
-70.0
-70.0
-70.0
-70.0
-70.0
-70.0
-70.0
-70.0
-70.0
-70.0
-70.0
-70.0
-70.0
-70.0
-70.0
-64.5566429269
-61.4720739188
-59.9055967166
-59.3021905047
-59.2967404275
-59.6502457002
-65.3527613348
-70.0
-70.0
-70.0
-70.0
-70.0
-70.0
-70.0
-70.0
-70.0
-70.0
-70.0
-70.0
-70.0
-70.0
-70.0
-70.0
-70.0
-70.0
-70.0
-70.0
-70.0
-70.0
-70.0
-70.0
-70.0
-70.0
-70.0
-70.0
-70.0
-69.0837831383
-68.5645935834
-68.3009267309
-68.1993623951
-63.5696000766
-61.0060893495
-59.767779935
-59.3658682885
-60.1234293856
-64.5740530308
-70.0
-70.0
-70.0
-70.0
-70.0
-70.0
-70.0
-70.0
-63.5286104819
-58.5021441268
-56.8379440969
-56.256159287
-58.7063758376
-61.1842141646
-62.9647766886
-64.2676216467
-65.2404079001
-65.9827327221
-66.5620365245
-66.2344825477
-67.2508805142
-70.0
-70.0
-70.0
-70.0
-70.0
-70.0
-70.0
-66.0323540212
-63.7840212998
-62.642220957
-61.4986963491
-61.0959583726
-55.072927674
0
-70.0
-70.0
-70.0
-70.0
-70.0
-70.0
-70.0
-70.0
-70.0
-70.0
-70.0
-70.0
-70.0
-70.0
-70.0
-70.0
-68.782500842
-68.0925846524
-67.7422154503
-67.607253414
-68.6053577723
-69.5840417948
-63.7996579482
-60.5357057087
-57.9043718613
-59.5221662908
-70.0
-70.0
-70.0
-70.0
-70.0
-70.0
-70.0
-70.0
-70.0
-70.0
-70.0
-70.0
-70.0
-70.0
-70.0
-70.0
-70.0
-70.0
-70.0
-70.0
-70.0
-70.0
-70.0
-70.0
-70.0
-70.0
-70.0
-70.0
-70.0
-70.0
-67.9453238893
-66.9548870561
-66.462128721
-66.2844027626
-66.3016204288
-66.4352303476
-66.6342219539
-66.8658095193
-68.5661570021
-70.0
-70.0
-70.0
-70.0
-70.0
-70.0
-70.0
-70.0
-70.0
-70.0
-70.0
-70.0
-70.0
-70.0
-70.0
-70.0
-70.0
-70.0
-70.0
-70.0
-70.0
-70.0
-70.0
-70.0
-70.0
-70.0
-70.0
-70.0
-70.0
-70.0
-70.0
-70.0
-70.0
-64.0737314157
-60.7155125513
-59.0100641476
-58.3531263005
-59.1808182786
-70.0
-70.0
-70.0
-70.0
-70.0
-70.0
-70.0
-70.0
-70.0
-70.0
-70.0
-70.0
-70.0
-70.0
-70.0
-70.0
-70.0
-70.0
-70.0
-70.0
-70.0
-70.0
-70.0
-70.0
-70.0
-70.0
-63.093149038
-60.0176501827
-63.9706989477
-70.0
-70.0
-70.0
-70.0
-70.0
-70.0
-70.0
-70.0
-70.0
-69.8465581208
-62.7955753402
-58.8051331605
-60.0383751512
-70.0
-70.0
-70.0
-70.0
-70.0
-68.4083707753
-67.506447548
-67.0484120267
-67.8704545409
-68.434664898
-68.825368949
-69.098945748
-69.2931269691
-68.8596165137
-70.0
-70.0
-70.0
-70.0
-70.0
-70.0
-70.0
-70.0
-70.0
-70.0
-70.0
-70.0
-70.0
-70.0
-70.0
-70.0
-70.0
-70.0
-70.0
-70.0
-70.0
-65.9285458876
-63.6213885572
-62.4497145404
-61.0569139758
-60.5193365045
-60.5128121382
-60.8251371138
-61.740281925
-68.1907996096
-70.0
-70.0
-70.0
-70.0
-70.0
-70.0
-70.0
-70.0
-70.0
-70.0
-70.0
-70.0
-70.0
-70.0
-70.0
-70.0
-70.0
-70.0
-64.4927629019
-61.3719952129
-58.7871611605
-57.6100220237
-56.761182252
-56.6931723139
-57.7271446564
-66.8976177068
-70.0
-70.0
-70.0
-70.0
-70.0
-66.3460434505
-64.2754680725
-63.2239405766
-61.9066842217
-61.3861076014
-55.2827020754
0
-70.0
-70.0
-70.0
-70.0
-70.0
-70.0
-70.0
-70.0
-70.0
-64.1919445422
-60.900713116
-59.4279600582
-66.0290996979
-70.0
-70.0
-70.0
-70.0
-70.0
-70.0
-70.0
-70.0
-70.0
-70.0
-70.0
-70.0
-70.0
-70.0
-70.0
-70.0
-70.0
-70.0
-70.0
-70.0
-70.0
-70.0
-70.0
-70.0
-70.0
-70.0
-70.0
-70.0
-70.0
-70.0
-70.0
-70.0
-70.0
-70.0
-70.0
-69.948214596
-69.9188695338
-69.9039668453
-69.8982263374
-70.0
-70.0
-70.0
-70.0
-70.0
-70.0
-66.1757749626
-64.0087141081
-62.9081871251
-62.4842646978
-56.8631518009
0
-70.0
-70.0
-70.0
-70.0
-70.0
-70.0
-70.0
-70.0
-70.0
-70.0
-64.6068501749
-61.5507319407
-59.9987032688
-59.4008626234
-59.3954628154
-62.3642401252
-70.0
-70.0
-70.0
-70.0
-70.0
-70.0
-70.0
-70.0
-70.0
-70.0
-70.0
-70.0
-70.0
-63.2760602841
-65.7777512946
-70.0
-70.0
-70.0
-69.4488690077
-66.9795707046
-65.5986726993
-64.9168448062
-64.6771865767
-59.0935348026
-56.106892578
-54.7780108239
-54.4880814107
0
-70.0
-70.0
-70.0
-70.0
-70.0
-70.0
-70.0
-70.0
-70.0
-70.0
-70.0
-70.0
-64.3764398866
-61.1897558223
-59.5714201897
-61.2912924301
-70.0
-70.0
-70.0
-70.0
-70.0
-70.0
-70.0
-70.0
-70.0
-70.0
-70.0
-70.0
-70.0
-70.0
-70.0
-70.0
-70.0
-70.0
-70.0
-70.0
-70.0
-70.0
-70.0
-69.1716747973
-68.7022905157
-68.4639169296
-62.7795055329
-59.6095418438
-58.0539122356
-58.7700786073
-66.9212950838
-70.0
-70.0
-70.0
-70.0
-67.6601802493
-66.3342823906
-65.6609342623
-60.475634984
-55.3486009176
0
-70.0
-70.0
-70.0
-70.0
-70.0
-70.0
-70.0
-70.0
-70.0
-70.0
-70.0
-70.0
-69.2780351207
-68.8689216891
-69.7457035525
-70.0
-70.0
-70.0
-70.0
-70.0
-70.0
-70.0
-70.0
-70.0
-64.0621316955
-60.6973396563
-58.9885531109
0
-70.0
-70.0
-70.0
-70.0
-70.0
-70.0
-70.0
-70.0
-70.0
-70.0
-63.18620749
-56.9917250677
0
-70.0
-70.0
-70.0
-70.0
-70.0
-70.0
-70.0
-70.0
-70.0
-70.0
-70.0
-70.0
-70.0
-70.0
-70.0
-70.0
-70.0
-70.0
-70.0
-70.0
-70.0
-70.0
-70.0
-70.0
-70.0
-64.4315471788
-61.2760905802
-55.7847247127
0
-70.0
-70.0
-70.0
-70.0
-70.0
-70.0
-70.0
-70.0
-70.0
-70.0
-70.0
-70.0
-70.0
-70.0
-70.0
-70.0
-70.0
-70.0
-70.0
-70.0
-70.0
-70.0
-70.0
-70.0
-70.0
-70.0
-70.0
-70.0
-70.0
-70.0
-70.0
-70.0
-70.0
-70.0
-70.0
-70.0
-65.5767030794
-63.7738718615
-62.8997107353
-62.6118903685
-62.6854684694
-62.9734330476
-63.380430693
-57.465725222
-57.3649250036
-63.116080454
-70.0
-70.0
-70.0
-70.0
-70.0
-70.0
-70.0
-70.0
-70.0
-70.0
-70.0
-69.1736569276
-69.5719742967
-70.0
-70.0
-70.0
-70.0
-70.0
-70.0
-70.0
-70.0
-70.0
-70.0
-70.0
-69.9463839168
-69.9160014697
-70.0
-70.0
-70.0
-70.0
-70.0
-70.0
-70.0
-70.0
-65.0008627435
-59.8346849648
-57.0738221321
-55.8481770281
-55.5802355389
-55.9001294607
0
-70.0
-70.0
-70.0
-70.0
-70.0
-70.0
-70.0
-70.0
-70.0
-70.0
-70.0
-70.0
-70.0
-69.4197256625
-70.0
-70.0
-70.0
-70.0
-70.0
-70.0
-70.0
-70.0
-70.0
-70.0
-70.0
-70.0
-70.0
-70.0
-70.0
-70.0
-70.0
-70.0
-70.0
-70.0
-70.0
-70.0
-70.0
-70.0
-70.0
-70.0
-70.0
-70.0
-70.0
-70.0
-70.0
-70.0
-70.0
-70.0
-70.0
-70.0
-70.0
-70.0
-70.0
-70.0
-70.0
-70.0
-70.0
-70.0
-70.0
-70.0
-70.0
-70.0
-70.0
-70.0
-70.0
-70.0
-70.0
-70.0
-70.0
-70.0
-70.0
-70.0
-70.0
-70.0
-70.0
-70.0
-70.0
-70.0
-70.0
-70.0
-70.0
-70.0
-70.0
-70.0
-70.0
-70.0
-70.0
-70.0
-70.0
-70.0
-65.9766207213
-62.698989455
-60.64244438
-59.7204358557
0
-70.0
-70.0
-70.0
-70.0
-70.0
-70.0
-70.0
-70.0
-70.0
-70.0
-70.0
-70.0
-70.0
-70.0
-70.0
-70.0
-70.0
-70.0
-70.0
-70.0
-70.0
-70.0
-70.0
-70.0
-70.0
-70.0
-70.0
-70.0
-70.0
-70.0
-70.0
-70.0
-70.0
-70.0
-70.0
-70.0
-64.0170491923
-63.1587960233
-70.0
-70.0
-70.0
-70.0
-70.0
-70.0
-70.0
-70.0
-70.0
-70.0
-70.0
-70.0
-70.0
-64.0813852382
-66.3991366353
-70.0
-70.0
-70.0
-70.0
-70.0
-70.0
-70.0
-70.0
-70.0
-70.0
-70.0
-70.0
-70.0
-70.0
-70.0
-70.0
-70.0
-70.0
-66.0543955953
-63.8185530993
-58.7942069428
-56.1531256842
0
-70.0
-70.0
-70.0
-70.0
-70.0
-70.0
-70.0
-70.0
-70.0
-70.0
-70.0
-70.0
-70.0
-70.0
-63.1507336761
-61.7985072514
-68.8382590718
-70.0
-70.0
-70.0
-70.0
-70.0
-70.0
-70.0
-70.0
-70.0
-70.0
-70.0
-70.0
-70.0
-70.0
-70.0
-70.0
-70.0
-70.0
-70.0
-70.0
-70.0
-70.0
-70.0
-70.0
-70.0
-63.9824235812
-60.5724636106
-62.619532863
-70.0
-70.0
-70.0
-70.0
-70.0
-70.0
-70.0
-70.0
-70.0
-70.0
-70.0
-69.5034994728
-70.0
-69.8026527149
-69.6908225868
-70.0
-70.0
-70.0
-70.0
-70.0
-64.9979631606
-62.1634756183
-60.7240005722
-60.1695155256
-60.1645073134
-60.7045936179
-67.4712860765
-70.0
-70.0
-70.0
-70.0
-70.0
-70.0
-63.9069214887
-60.4541769989
-54.8118355162
0
-70.0
-70.0
-70.0
-70.0
-70.0
-70.0
-70.0
-70.0
-70.0
-70.0
-70.0
-70.0
-70.0
-69.5493762519
-62.3180012063
-61.386739072
-70.0
-70.0
-70.0
-70.0
-70.0
-70.0
-70.0
-69.616456471
-69.3991151379
-69.2887398334
-69.246223323
-69.2458393059
-69.2707475855
-70.0
-70.0
-70.0
-70.0
-70.0
-67.7909837927
-66.5392079418
-65.9035021666
-65.6586286292
-65.6564168859
-66.7120844484
-67.455082171
-68.3944529238
-70.0
-70.0
-70.0
-70.0
-70.0
-68.8702650044
-68.2300818403
-67.9049692138
-62.8538100715
-60.0613209171
-58.7171167272
-58.2866903223
-57.4578965777
-57.3786904449
-61.448336812
-70.0
-70.0
-70.0
-70.0
-70.0
-70.0
-70.0
-70.0
-70.0
-70.0
-70.0
-69.5802131995
-69.3423340125
-69.2215286999
-70.0
-70.0
-70.0
-70.0
-70.0
-70.0
-70.0
-70.0
-70.0
-70.0
-70.0
-70.0
-70.0
-70.0
-70.0
-66.9313398074
-67.1114058674
-68.7158993636
-70.0
-70.0
-70.0
-70.0
-70.0
-70.0
-70.0
-70.0
-70.0
-70.0
-70.0
-70.0
-70.0
-70.0
-70.0
-70.0
-70.0
-70.0
-63.4251770842
-59.6994440985
-57.8073561705
-59.622486959
-69.5931487407
-70.0
-70.0
-70.0
-70.0
-65.0687439595
-63.2743632187
-62.421922667
-57.2371349877
-54.551691214
0
-70.0
-70.0
-70.0
-70.0
-70.0
-70.0
-70.0
-70.0
-70.0
-70.0
-70.0
-70.0
-70.0
-70.0
-70.0
-70.0
-70.0
-70.0
-70.0
-70.0
-70.0
-70.0
-67.0110116409
-65.3172515707
-64.4570871429
-65.0997399532
-65.648673641
-66.1230780656
-66.5369514516
-68.818575286
-70.0
-70.0
-70.0
-70.0
-70.0
-70.0
-65.1986712237
-62.4779182505
-61.0962025249
-60.5639663387
-60.5591590823
-54.7927801254
0
-70.0
-70.0
-70.0
-70.0
-70.0
-70.0
-70.0
-70.0
-70.0
-70.0
-70.0
-70.0
-70.0
-70.0
-70.0
-70.0
-70.0
-70.0
-70.0
-69.9201773855
-64.9903621391
-64.8722229607
-68.7491235168
-70.0
-70.0
-66.4173761809
-64.0013059024
-62.7516202052
-62.2434214467
-62.1970548101
-56.7754506147
-54.6263034476
0
-70.0
-70.0
-70.0
-70.0
-70.0
-70.0
-70.0
-70.0
-70.0
-70.0
-70.0
-70.0
-70.0
-70.0
-70.0
-70.0
-70.0
-70.0
-70.0
-70.0
-70.0
-63.4262053513
-59.7010550503
-57.8092630347
-56.3089578459
-59.8072493796
-70.0
-70.0
-70.0
-70.0
-70.0
-70.0
-70.0
-70.0
-70.0
-70.0
-70.0
-70.0
-62.3733687704
-61.9106184702
-70.0
-70.0
-70.0
-70.0
-70.0
-70.0
-70.0
-70.0
-70.0
-70.0
-63.7584865694
-60.2216289587
-57.428885581
-56.376192842
-59.8445378454
-69.9829298994
-70.0
-70.0
-70.0
-70.0
-69.6792099224
-69.4974288785
-69.4051126228
-69.3695524487
-69.3692312626
-69.3900641755
-69.4228951174
-70.0
-70.0
-70.0
-70.0
-70.0
-70.0
-70.0
-70.0
-70.0
-70.0
-70.0
-70.0
-70.0
-70.0
-70.0
-70.0
-70.0
-70.0
-70.0
-70.0
-70.0
-70.0
-66.3161291899
-64.2286023976
-63.1684662422
-62.760102341
-57.1391299715
-55.1074507223
-55.4792304714
-62.2980530547
-70.0
-70.0
-70.0
-70.0
-70.0
-70.0
-70.0
-70.0
-70.0
-70.0
-70.0
-64.1421264772
-65.2552541747
-70.0
-70.0
-70.0
-70.0
-70.0
-70.0
-70.0
-70.0
-70.0
-63.9244573855
-60.481649904
-58.7332437516
-58.0597586018
-64.2227992538
-70.0
-70.0
-70.0
-70.0
-70.0
-70.0
-70.0
-70.0
-70.0
-70.0
-70.0
-70.0
-70.0
-70.0
-70.0
-70.0
-70.0
-70.0
-70.0
-70.0
-70.0
-70.0
-70.0
-70.0
-70.0
-70.0
-70.0
-70.0
-70.0
-70.0
-65.5216865688
-62.9839756244
-61.695216537
-62.1109957047
-62.6234300153
-63.7323318233
-65.2505388773
-70.0
-70.0
-70.0
-70.0
-70.0
-70.0
-66.8083214944
-64.9997036746
-64.0812095268
-63.727406054
-63.7242104351
-63.9314860493
-58.4884038428
-65.433257019
-70.0
-70.0
-70.0
-70.0
-70.0
