-70.0
-70.0
-63.0
-58.0333333333
-55.4522222222
-54.3884814815
-54.2706209877
0
-70.0
-70.0
-70.0
-70.0
-70.0
-70.0
-70.0
-70.0
-70.0
-70.0
-63.4190329926
-59.689818355
-57.795962294
-57.0664499143
-58.3661173087
-67.7990160867
-70.0
-70.0
-70.0
-70.0
-70.0
-65.2295544935
-62.5263020397
-61.1534738329
-60.6246611143
-60.6198847794
-62.4203958254
-68.8334961412
-70.0
-70.0
-70.0
-70.0
-70.0
-70.0
-70.0
-70.0
-70.0
-70.0
-70.0
-69.9287723855
-69.8884100706
-69.867912346
-67.2577685024
-70.0
-70.0
-67.4061501407
-65.9363018871
-65.1898495387
-64.9023164784
-65.7680321834
-66.4285272004
-68.2011790963
-70.0
-70.0
-70.0
-70.0
-70.0
-70.0
-70.0
-70.0
-70.0
-70.0
-70.0
-70.0
-70.0
-70.0
-70.0
-70.0
-70.0
-70.0
-70.0
-70.0
-70.0
-64.6776909527
-61.6617158259
-60.1300735556
-59.5400857416
-59.5347568618
-60.8688399519
-61.9736618076
-70.0
-70.0
-70.0
-70.0
-70.0
-70.0
-70.0
-70.0
-70.0
-70.0
-70.0
-70.0
-70.0
-70.0
-70.0
-70.0
-70.0
-70.0
-70.0
-66.249670817
-61.2355953911
-58.5192969558
0
-70.0
-70.0
-70.0
-70.0
-70.0
-70.0
-70.0
-70.0
-70.0
-70.0
-70.0
-70.0
-70.0
-70.0
-70.0
-70.0
-70.0
-70.0
-70.0
-70.0
-70.0
-70.0
-70.0
-70.0
-70.0
-70.0
-70.0
-70.0
-70.0
-70.0
-70.0
-70.0
-70.0
-70.0
-70.0
-70.0
-66.076728163
-63.8535407888
-61.7245279388
-60.7229692976
-60.4312684696
-60.5752056905
-66.0284125711
-70.0
-70.0
-70.0
-70.0
-70.0
-70.0
-70.0
-70.0
-65.4088991155
-62.807275281
-61.4860584709
-60.9771264358
-61.8408424241
-61.6317205757
-63.7250842895
-70.0
-70.0
-70.0
-70.0
-70.0
-70.0
-70.0
-70.0
-70.0
-70.0
-70.0
-70.0
-70.0
-70.0
-70.0
-70.0
-70.0
-70.0
-70.0
-70.0
-70.0
-70.0
-70.0
-70.0
-70.0
-70.0
-70.0
-70.0
-70.0
-70.0
-70.0
-70.0
-70.0
-70.0
-70.0
-70.0
-70.0
-70.0
-70.0
-64.4665957186
-61.3309999592
-59.7386091716
-59.1252210599
-59.1196808243
-61.2732244672
-67.1680802342
-68.1540045019
-69.4868279811
-70.0
-69.6572313035
-69.1296623755
-68.8421322728
-68.7082098021
-68.6709159929
-67.8903733719
-67.6434059147
-70.0
-70.0
-70.0
-69.3592846878
-69.1289388415
-69.0197667056
-69.9869326522
-70.0
-70.0
-70.0
-70.0
-70.0
-70.0
-70.0
-70.0
-70.0
-70.0
-70.0
-67.7008401255
-67.2004519991
-65.9937378757
-65.4032514725
-65.2021845815
-65.2414716275
-66.2919742247
-67.0458766422
-68.9607927571
-70.0
-70.0
-70.0
-70.0
-70.0
-70.0
-70.0
-70.0
-70.0
-70.0
-70.0
-70.0
-70.0
-63.2711102363
-58.9972870484
-64.7102062206
-70.0
-70.0
-70.0
-70.0
-70.0
-70.0
-70.0
-70.0
-70.0
-70.0
-70.0
-70.0
-65.1094652188
-70.0
-70.0
-70.0
-70.0
-70.0
-70.0
-70.0
-70.0
-70.0
-70.0
-70.0
-70.0
-70.0
-70.0
-70.0
-70.0
-70.0
-70.0
-70.0
-70.0
-70.0
-70.0
-70.0
-70.0
-70.0
-70.0
-64.4625209164
-61.3246161023
-59.7310526771
-60.0745264907
-63.1103036481
-70.0
-70.0
-70.0
-70.0
-70.0
-70.0
-70.0
-70.0
-70.0
-70.0
-63.4146518417
-60.1686377085
-62.5305652658
-70.0
-70.0
-70.0
-70.0
-70.0
-70.0
-70.0
-70.0
-70.0
-70.0
-70.0
-70.0
-69.7286643884
-70.0
-70.0
-70.0
-70.0
-70.0
-68.9401926347
-68.3396351277
-68.0346461193
-67.9171645102
-67.9161033945
-67.9849299452
-68.0933948774
-68.2220273409
-68.3584725743
-65.7763735848
-70.0
-70.0
-70.0
-70.0
-70.0
-70.0
-70.0
-70.0
-70.0
-63.9905029109
-60.5851212271
-54.9668326203
0
-70.0
-70.0
-70.0
-70.0
-70.0
-70.0
-70.0
-70.0
-70.0
-70.0
-64.9215371203
-62.0437414884
-56.6933838375
0
-70.0
-70.0
-70.0
-70.0
-70.0
-70.0
-70.0
-70.0
-70.0
-70.0
-70.0
-70.0
-70.0
-70.0
-70.0
-70.0
-69.3524243565
-70.0
-70.0
-70.0
-70.0
-70.0
-70.0
-70.0
-66.6735527898
-64.7885660373
-59.9423995624
-57.3699530253
-56.2474866689
-56.0324239661
0
-70.0
-70.0
-70.0
-70.0
-70.0
-70.0
-70.0
-70.0
-70.0
-70.0
-70.0
-70.0
-62.7782633118
-58.6859458551
-56.6076905192
-58.1222076032
-70.0
-70.0
-70.0
-70.0
-70.0
-70.0
-70.0
-70.0
-69.9190134157
-70.0
-70.0
-70.0
-70.0
-70.0
-70.0
-70.0
-70.0
-70.0
-70.0
-70.0
-70.0
-70.0
-70.0
-70.0
-70.0
-70.0
-63.6446623196
-60.8457734365
-55.5826921031
0
-70.0
-70.0
-70.0
-70.0
-70.0
-70.0
-70.0
-70.0
-70.0
-70.0
-70.0
-70.0
-70.0
-70.0
-70.0
-70.0
-70.0
-70.0
-70.0
-70.0
-70.0
-70.0
-70.0
-70.0
-70.0
-69.4886968522
-69.1989584017
-69.0518167181
-69.9949373315
-69.7585093194
-69.811325725
-70.0
-70.0
-70.0
-70.0
-70.0
-70.0
-70.0
-70.0
-70.0
-70.0
-70.0
-70.0
-70.0
-70.0
-70.0
-70.0
-70.0
-70.0
-70.0
-70.0
-70.0
-70.0
-70.0
-70.0
-70.0
-70.0
-69.3979122116
-70.0
-70.0
-70.0
-68.4916289213
-67.63688531
-67.202809633
-67.0356039056
-67.0340936723
-67.1320510766
-60.900964283
-57.4656133975
-55.2106122513
-56.4306721696
-70.0
-70.0
-70.0
-70.0
-70.0
-70.0
-70.0
-70.0
-69.9620670925
-69.9405717782
-69.9296555304
-69.9254505973
-70.0
-70.0
-70.0
-70.0
-70.0
-70.0
-70.0
-70.0
-70.0
-70.0
-70.0
-70.0
-70.0
-70.0
-69.3246078615
-68.9418856497
-69.6103477299
-70.0
-70.0
-70.0
-70.0
-70.0
-70.0
-66.5923707343
-63.6787223469
-63.0095553268
-62.8410699372
-62.9786097055
-63.2951799097
-64.511085171
-65.4235921554
-66.3327879087
-70.0
-70.0
-70.0
-70.0
-70.0
-70.0
-70.0
-70.0
-70.0
-70.0
-69.9967855371
-70.0
-70.0
-70.0
-70.0
-70.0
-70.0
-70.0
-68.1498292381
-67.1013991397
-62.6800722205
-60.2712736616
-58.1579927508
-57.2847577793
-57.1846582038
0
-70.0
-70.0
-70.0
-70.0
-70.0
-70.0
-70.0
-70.0
-70.0
-70.0
-70.0
-70.0
-70.0
-63.5414088377
-59.8815405124
-58.2601941614
-67.7286418193
-70.0
-70.0
-70.0
-70.0
-70.0
-68.2611807522
-67.2758498451
-65.8014686008
-65.0567909009
-64.7747579176
-64.7797128637
-64.1542262668
-63.9737934331
-67.1753599676
-70.0
-70.0
-70.0
-70.0
-70.0
-70.0
-70.0
-70.0
-70.0
-70.0
-70.0
-70.0
-70.0
-70.0
-70.0
-70.0
-70.0
-70.0
-70.0
-70.0
-70.0
-70.0
-70.0
-70.0
-70.0
-70.0
-69.5052573841
-69.6067230062
-70.0
-70.0
-70.0
-70.0
-70.0
-70.0
-70.0
-70.0
-70.0
-65.2598951998
-60.2405024797
-57.5541834317
0
-70.0
-70.0
-70.0
-70.0
-70.0
-70.0
-70.0
-70.0
-70.0
-70.0
-70.0
-70.0
-70.0
-70.0
-63.9047806891
-60.4508230796
-58.6967544112
-58.0210880632
-59.2328738954
-62.7015250927
-70.0
-70.0
-70.0
-70.0
-70.0
-70.0
-70.0
-63.8609504233
-60.3821556632
-58.6154736183
-58.9089363093
-59.7880493802
-63.2525072946
-70.0
-70.0
-70.0
-70.0
-70.0
-70.0
-70.0
-70.0
-70.0
-70.0
-70.0
-70.0
-70.0
-70.0
-70.0
-70.0
-70.0
-70.0
-70.0
-70.0
-70.0
-70.0
-70.0
-69.4708410947
-69.1709843817
-70.0
-70.0
-70.0
-70.0
-70.0
-70.0
-70.0
-70.0
-70.0
-70.0
-64.2804896356
-61.7431374661
-60.4959549156
-59.3607431844
-58.7009247061
-58.6816694623
-59.2407676132
-66.3344987389
-70.0
-70.0
-70.0
-70.0
-70.0
-70.0
-70.0
-70.0
-64.6441820613
-62.5506908993
-61.5429065054
-61.2201389856
-61.3191405075
-62.6311287007
-69.4347729172
-70.0
-70.0
-70.0
-70.0
-70.0
-67.8929327924
-67.6912206949
-67.6471527465
-67.6991402193
-67.8070280289
-67.9448597804
-68.9643762625
-68.6157451741
-70.0
-70.0
-70.0
-70.0
-70.0
-70.0
-70.0
-70.0
-70.0
-70.0
-70.0
-69.4730278683
-62.2958010365
-60.6138378829
-63.2413602339
-70.0
-70.0
-70.0
-70.0
-70.0
-70.0
-70.0
-70.0
-70.0
-70.0
-70.0
-70.0
-70.0
-70.0
-70.0
-70.0
-70.0
-70.0
-70.0
-70.0
-70.0
-70.0
-70.0
-70.0
-70.0
-70.0
-70.0
-70.0
-66.1267356698
-70.0
-70.0
-70.0
-70.0
-70.0
-70.0
-70.0
-70.0
-70.0
-70.0
-70.0
-69.6098350142
-69.3887415222
-62.3304121361
-64.3985197049
-70.0
-70.0
-70.0
-70.0
-70.0
-70.0
-70.0
-70.0
-70.0
-69.7736588138
-69.6453988083
-70.0
-70.0
-70.0
-70.0
-70.0
-70.0
-70.0
-70.0
-70.0
-70.0
-63.435863566
-59.7161862534
-57.8271736574
-57.0995269779
-56.2246419804
-56.9703192583
-66.342262604
-70.0
-70.0
-70.0
-70.0
-70.0
-70.0
-70.0
-70.0
-64.4104500606
-61.4405296903
-59.9438931451
-59.3811147798
-59.3974106014
-60.5125133598
-70.0
-70.0
-70.0
-70.0
-70.0
-70.0
-70.0
-67.9229575379
-66.7459668093
-66.1482401452
-60.0180825109
-56.6727185133
-56.0219513357
-56.0974259846
-57.3565701434
-65.1445411833
-70.0
-70.0
-70.0
-70.0
-70.0
-70.0
-70.0
-70.0
-70.0
-69.7157813373
-70.0
-70.0
-70.0
-70.0
-70.0
-70.0
-70.0
-70.0
-70.0
-70.0
-70.0
-70.0
-70.0
-70.0
-65.0507161104
-59.912788573
-57.1662724314
-56.7486228013
-56.9397455964
0
-70.0
-70.0
-70.0
-70.0
-70.0
-70.0
-70.0
-70.0
-70.0
-70.0
-70.0
-70.0
-70.0
-70.0
-70.0
-70.0
-70.0
-70.0
-70.0
-70.0
-70.0
-70.0
-69.8434162885
-69.7546855187
-70.0
-70.0
-70.0
-70.0
-70.0
-70.0
-70.0
-70.0
-70.0
-70.0
-70.0
-70.0
-70.0
-70.0
-70.0
-70.0
-70.0
-70.0
-70.0
-70.0
-70.0
-70.0
-70.0
-70.0
-70.0
-70.0
-70.0
-70.0
-70.0
-70.0
-70.0
-70.0
-70.0
-70.0
-70.0
-70.0
-70.0
-70.0
-70.0
-70.0
-70.0
-70.0
-70.0
-63.46993283
-59.9350619395
-61.2915516417
-70.0
-70.0
-70.0
-70.0
-70.0
-70.0
-70.0
-70.0
-70.0
-70.0
-70.0
-70.0
-70.0
-70.0
-70.0
-70.0
-70.0
-70.0
-70.0
-70.0
-70.0
-70.0
-70.0
-70.0
-63.2857102114
-59.4809459979
0
-70.0
-70.0
-70.0
-70.0
-70.0
-70.0
-70.0
-70.0
-70.0
-70.0
-70.0
-70.0
-70.0
-70.0
-70.0
-70.0
-70.0
-70.0
-70.0
-70.0
-70.0
-70.0
-67.419216083
-65.9567718633
-65.2140796027
-64.9279949263
-59.3081270056
0
-70.0
-70.0
-70.0
-70.0
-70.0
-70.0
-70.0
-70.0
-70.0
-70.0
-70.0
-70.0
-70.0
-70.0
-70.0
-70.0
-70.0
-70.0
-70.0
-70.0
-70.0
-70.0
-70.0
-63.9737700529
-60.5589064161
-58.8246913536
-58.1566726043
-57.1896573768
-55.4907562509
-63.0097023835
-68.2763159788
-70.0
-69.1941736048
-68.7375386476
-68.5056397183
-68.4163123701
-68.4155055489
-68.4678379378
-68.5503094399
-68.6481153599
-68.7518617332
-70.0
-70.0
-70.0
-70.0
-70.0
-70.0
-70.0
-70.0
-70.0
-70.0
-70.0
-63.2082079352
-56.322488728
0
-70.0
-70.0
-70.0
-70.0
-70.0
-70.0
-70.0
-70.0
-70.0
-70.0
-70.0
-70.0
-70.0
-70.0
-70.0
-70.0
-70.0
-70.0
-66.3442393646
-65.2466293763
-64.7465090707
-64.6215532517
-59.108577368
-56.9663083946
-56.4487367308
-56.5899025081
-57.9087183883
-64.8736839739
-70.0
-70.0
-70.0
-69.8494300103
-69.7641070162
-69.7207763191
-70.0
-70.0
-70.0
-70.0
-70.0
-70.0
-70.0
-70.0
-70.0
-70.0
-70.0
-70.0
-70.0
-70.0
-70.0
-70.0
-70.0
-69.6383170785
-70.0
-63.5064032089
-57.4933650272
-55.8261076896
-70.0
-70.0
-70.0
-70.0
-70.0
-70.0
-70.0
-70.0
-70.0
-70.0
-63.3489336719
-57.2466627527
-54.9843991478
-54.4608943466
0
-70.0
-70.0
-70.0
-70.0
-70.0
-70.0
-70.0
-70.0
-70.0
-70.0
-70.0
-70.0
-70.0
-70.0
-70.0
-70.0
-70.0
-70.0
-70.0
-70.0
-70.0
-70.0
-70.0
-70.0
-64.9508554201
-62.0896734914
-60.6366418845
-60.0769348576
-59.0770177106
-59.7714186649
-61.2158725085
-69.357766715
-70.0
-70.0
-70.0
-70.0
-70.0
-70.0
-70.0
-70.0
-70.0
-70.0
-70.0
-70.0
-70.0
-70.0
-70.0
-70.0
-70.0
-70.0
-70.0
-70.0
-70.0
-70.0
-70.0
-70.0
-70.0
-70.0
-69.2483708525
-68.822447669
-70.0
-70.0
-70.0
-70.0
-70.0
-70.0
-70.0
-70.0
-70.0
-70.0
-70.0
-69.9961399737
-64.0748782198
-61.0529585602
-55.6491525902
0
-70.0
-70.0
-70.0
-70.0
-70.0
-70.0
-70.0
-70.0
-70.0
-65.62150306
-63.6959103496
-61.7522134839
-60.5275882483
-60.1085601653
-62.1734020981
-65.0062109695
-70.0
-70.0
-70.0
-70.0
-70.0
-70.0
-70.0
-70.0
-70.0
-70.0
-70.0
-64.1818431
-58.55155419
-59.5008664647
-70.0
-70.0
-70.0
-70.0
-70.0
-70.0
-70.0
-70.0
-70.0
-70.0
-70.0
-70.0
-70.0
-70.0
-70.0
-70.0
-70.0
-70.0
-70.0
-70.0
-70.0
-70.0
-70.0
-70.0
-69.6092303645
-69.3877942377
-69.2753394204
-70.0
-70.0
-70.0
-70.0
-70.0
-70.0
-70.0
-70.0
-70.0
-70.0
-70.0
-70.0
-70.0
-70.0
-70.0
-70.0
-70.0
-70.0
-70.0
-70.0
-70.0
-70.0
-70.0
-63.762438958
-60.2278210343
-58.4327895789
-58.1595704279
-60.9684915547
-68.5321900395
-70.0
-70.0
-70.0
-70.0
-70.0
-70.0
-70.0
-70.0
-70.0
-62.3714391685
-58.0485880307
-57.2053872526
-59.1950708703
-65.0226317143
-70.0
-70.0
-70.0
-70.0
-70.0
-70.0
-70.0
-70.0
-64.0778697171
-60.7219958901
-59.0177383976
-58.3612592888
-60.8034306076
-67.7757983449
-70.0
-70.0
-70.0
-70.0
-70.0
-70.0
-70.0
-70.0
-70.0
-63.3849144864
-59.8379151543
-60.7982394101
-70.0
-70.0
-70.0
-70.0
-70.0
-70.0
-70.0
-70.0
-70.0
-70.0
-70.0
-70.0
-70.0
-70.0
-70.0
-70.0
-70.0
-70.0
-70.0
-70.0
-70.0
-70.0
-70.0
-70.0
-70.0
-70.0
-70.0
-70.0
-70.0
-70.0
-70.0
-70.0
-70.0
-70.0
-64.1583724125
-60.8481167795
-59.1670261738
-58.5194709379
-58.5136220984
-58.8929920581
-54.1825460686
-55.8494779261
-68.0271984925
-70.0
-70.0
-70.0
-70.0
-67.3196182676
-65.800735286
-65.0293809874
-63.7712741511
-63.2240342442
-63.1215558253
-64.2015587512
-65.0428418817
-66.6001360747
-70.0
-70.0
-70.0
-70.0
-70.0
-70.0
-70.0
-70.0
-65.5330575116
-63.0017901015
-61.7163033187
-61.2211344717
-61.2166620145
-61.506756473
-63.229071508
-68.59768065
-70.0
-70.0
-70.0
-70.0
-70.0
-68.5637660283
-67.7499001109
-66.3368846188
-65.6111791696
-65.3220499278
-65.3045040517
-58.2625643883
0
-70.0
-70.0
-70.0
-70.0
-70.0
-70.0
-70.0
-70.0
-70.0
-70.0
-70.0
-70.0
-70.0
-70.0
-70.0
-70.0
-70.0
-70.0
-70.0
-70.0
-70.0
-70.0
-70.0
-70.0
-67.1623374598
-64.554346288
-63.1710733753
-62.5687405152
-61.7513457449
-61.5358640246
-61.6887128582
-62.8591226231
-67.9157320853
-70.0
-70.0
-70.0
-70.0
-70.0
-70.0
-70.0
-70.0
-70.0
-70.0
-70.0
-70.0
-63.7825274639
-62.5123103365
-70.0
-70.0
-70.0
-70.0
-70.0
-70.0
-70.0
-70.0
-64.7429009644
-61.7638781775
-60.2510018995
-60.6605353894
-60.2227092014
-61.9561844928
-68.2149536446
-70.0
-70.0
-68.5951160844
-66.1693855693
-62.5083010746
-60.5613736753
-59.7078381132
-59.5387888388
-59.7860663129
-60.2748972536
-61.232875721
-70.0
-70.0
-70.0
-70.0
-70.0
-70.0
-70.0
-70.0
-70.0
-70.0
-70.0
-70.0
-70.0
-70.0
-70.0
-70.0
-70.0
-70.0
-70.0
-70.0
-70.0
-70.0
-70.0
-70.0
-70.0
-70.0
-63.6320478902
-60.0235416946
-58.1909865875
-59.3262390196
-68.2267278404
-70.0
-70.0
-70.0
-70.0
-70.0
-70.0
-70.0
-70.0
-70.0
-63.3968755587
-59.655105042
-57.7548725639
0
-70.0
-70.0
-70.0
-70.0
-70.0
-70.0
-70.0
-70.0
-70.0
-70.0
-70.0
-70.0
-70.0
-70.0
-69.1778986798
-70.0
-70.0
-70.0
-70.0
-70.0
-70.0
-70.0
-70.0
-70.0
-70.0
-70.0
-70.0
-70.0
-63.9247542033
-60.4821149185
-62.1320853026
-70.0
-70.0
-70.0
-70.0
-70.0
-69.2240073215
-66.4509448037
-64.9054091329
-64.147907426
-58.9625502284
-56.2192509022
-55.0326296098
0
-70.0
-70.0
-70.0
-70.0
-70.0
-70.0
-70.0
-70.0
-70.0
-70.0
-70.0
-70.0
-70.0
-70.0
-70.0
-70.0
-69.7772043265
-70.0
-70.0
-70.0
-70.0
-70.0
-70.0
-70.0
-70.0
-70.0
-64.2923854154
-61.0580704842
-59.4155458426
-58.7828461962
-58.7771315352
-59.6421669104
-65.5601727242
-70.0
-70.0
-70.0
-70.0
-70.0
-70.0
-64.1040735069
-60.7630484942
-59.0663318701
-58.4127575
-58.5986003346
-69.3381628062
-70.0
-70.0
-70.0
-70.0
-70.0
-70.0
-70.0
-70.0
-70.0
-70.0
-70.0
-70.0
-70.0
-70.0
-70.0
-70.0
-70.0
-70.0
-70.0
-70.0
-70.0
-70.0
-70.0
-70.0
-70.0
-70.0
-70.0
-70.0
-70.0
-70.0
-70.0
-70.0
-70.0
-70.0
-70.0
-70.0
-70.0
-69.6762208352
-69.4927459752
-70.0
-70.0
-70.0
-70.0
-70.0
-70.0
-70.0
-70.0
-70.0
-70.0
-70.0
-66.5268486234
-64.5587295101
-63.0036781695
-63.1063272286
-57.7804218059
-54.9921978253
0
-70.0
-70.0
-70.0
-70.0
-70.0
-70.0
-70.0
-70.0
-70.0
-70.0
-69.3357661203
-68.9593669217
-68.7682151719
-63.1032623013
-62.8192987446
-68.0752923417
-70.0
-70.0
-70.0
-70.0
-70.0
-70.0
-66.5466249137
-64.5897123647
-63.5959077566
-63.2076710447
-63.2011399828
-63.4238500129
-63.7766810305
-64.1958236068
-69.2611713427
-70.0
-70.0
-70.0
-70.0
-70.0
-70.0
-70.0
-70.0
-70.0
-70.0
-70.0
-70.0
-70.0
-70.0
-70.0
-70.0
-70.0
-70.0
-70.0
-70.0
-70.0
-70.0
-70.0
-70.0
-70.0
-69.1460785694
-68.6621897586
-70.0
-70.0
-70.0
-70.0
-70.0
-70.0
-70.0
-70.0
-70.0
-64.4191787688
-61.2567134045
-58.6558153035
0
-70.0
-70.0
-70.0
-70.0
-70.0
-70.0
-70.0
-70.0
-70.0
-69.3096580559
-63.9925383616
-61.0025152663
-59.5084175669
-59.9616780565
-60.5682450817
-56.3181418679
-65.2428820318
-70.0
-70.0
-70.0
-70.0
-70.0
-70.0
-70.0
-70.0
-70.0
-70.0
-63.7792568468
-59.254620153
-56.898017465
-55.9207886033
-65.5162913577
-70.0
-70.0
-70.0
-70.0
-70.0
-70.0
-70.0
-70.0
-63.7017528316
-57.7994127694
-55.6386826783
-54.9849856762
-56.9729577801
-66.6035835153
-70.0
-70.0
-70.0
-70.0
-70.0
-70.0
-70.0
-70.0
-70.0
-70.0
-70.0
-70.0
-70.0
-70.0
-70.0
-70.0
-70.0
-70.0
-65.413840436
-62.8150166831
-61.4952218752
-60.9868375947
-60.9822457732
-61.2800824878
-61.7494484337
-62.3060863868
-69.5398238613
-70.0
-70.0
-70.0
-70.0
-70.0
-70.0
-70.0
-70.0
-65.2946300167
-62.6282536929
-61.2741527755
-60.7525537992
-60.7478426201
-61.6940842292
-68.6118839087
-70.0
-70.0
-70.0
-70.0
-70.0
-70.0
-70.0
-70.0
-70.0
-70.0
-70.0
-70.0
-70.0
-70.0
-70.0
-70.0
-70.0
-70.0
-70.0
-70.0
-70.0
-70.0
-70.0
-63.8284696956
-60.3312691897
-59.5545632737
-59.4367209484
-60.1502050635
-62.1301788878
-69.4691041186
-70.0
-70.0
-70.0
-70.0
-70.0
-70.0
-70.0
-70.0
-70.0
-70.0
-70.0
-70.0
-63.2379708081
-64.1013081085
-70.0
-70.0
-70.0
-70.0
-68.5034865002
-65.3221288503
-63.5692432987
-62.7318705245
-62.4717178424
-62.5665689718
-63.8710601979
-63.8583536557
-64.0554512751
-66.1060474151
-70.0
-70.0
-70.0
-70.0
-70.0
-67.4598916494
-65.0465092123
-63.7635961097
-63.2017283777
-63.0912167926
-63.2552026152
-63.5784206882
-63.9864041757
-64.9718825264
-70.0
-70.0
-70.0
-70.0
-70.0
-70.0
-70.0
-70.0
-70.0
-70.0
-70.0
-70.0
-63.5761034982
-60.9358920037
-59.6539020403
-61.255326388
-70.0
-70.0
-70.0
-70.0
-70.0
-70.0
-70.0
-70.0
-70.0
-64.3374980228
-61.1287469023
-59.4992046666
-58.8715058363
-58.8658363436
-61.8643638165
-70.0
-70.0
-70.0
-70.0
-70.0
-70.0
-70.0
-70.0
-70.0
-70.0
-63.3227733578
-59.5390115939
-57.617454149
-57.6091096462
-59.268807472
-62.3174248959
