-70.0
-70.0
-70.0
-70.0
-70.0
-70.0
-70.0
-70.0
-63.6666666667
-60.0777777778
-58.2551851852
-57.5531234568
-57.5467823045
0
-70.0
-70.0
-70.0
-70.0
-68.6288449706
-61.7736678201
-57.9347726025
-56.0336097186
-55.3584583309
-54.4414188873
0
-70.0
-70.0
-70.0
-70.0
-65.2456754953
-62.551558276
-61.1833693352
-60.6563436596
-60.6515834655
-60.9603412336
-62.4469061193
-63.5906148468
-64.4904862551
-65.2140595582
-65.8077348881
-66.3036822565
-59.7604288865
-57.1172682382
-54.96109697
-54.1686909767
-54.2209576815
-54.7782857816
-54.8176039799
-55.0139414328
-56.5727515267
-57.9556125321
-59.1868087177
-60.2859661384
-60.4009489623
-60.7899070246
-61.3302849612
-54.9594878322
0
-70.0
-70.0
-70.0
-70.0
-65.7517654829
-63.3444325899
-62.1218851011
-61.6509604378
-55.5685176581
0
-70.0
-70.0
-70.0
-70.0
-68.3931668802
-67.4826281124
-66.4646616924
-66.9694427923
-67.3733300259
-67.7032180319
-67.9777102344
-61.2457828323
-55.1651002967
0
-70.0
-70.0
-70.0
-70.0
-66.4560054644
-64.4477418942
-63.4278590223
-63.0350006651
-63.0314522952
-63.2616081968
-63.6243147979
-64.0544615986
-64.5107342924
-64.9674734323
-65.4092678018
-65.8273688301
-66.2173171527
-66.5773755746
-66.9074981085
-66.2096699845
-65.9173174439
-66.8779836042
-67.5584505135
-68.048115642
-68.406977531
-69.4778645492
-70.0
-70.0
-70.0
-70.0
-70.0
-70.0
-63.0533894324
-58.1204022648
-55.5565965554
-54.4997599113
-54.3823325944
-54.8324651178
-55.6081291279
-56.5532565631
-57.5685578054
-58.5921199572
-59.5865199165
-60.5302758948
-60.4237479719
0
-70.0
-70.0
-70.0
-70.0
-62.9122481069
-58.8958553675
-56.8561578783
-56.0704674555
-56.0807046605
-56.5508234949
-57.281200679
-58.1433869669
-59.055919174
-59.0999284353
-60.4018782157
-61.5029854767
-62.4468836508
-63.2649931002
-63.9803589999
-63.6980247348
-63.738690018
-63.4162439651
-63.4422348678
-63.6764215805
-64.0277195555
-64.4375743553
-64.8689014233
-65.2987342833
-58.7137586789
-55.1389813603
0
-70.0
-70.0
-70.0
-70.0
-63.2928708089
-59.4921642673
-56.5635239722
0
-70.0
-70.0
-70.0
-70.0
-68.0897503204
-67.0072755019
-65.9019925385
-65.3754230092
-65.213633858
-64.5724022016
-64.3685831344
-64.4340055896
-64.6587922097
-64.9717044415
-58.3430472403
-54.7544180116
0
-70.0
-70.0
-70.0
-70.0
-62.9923043873
-60.0212690508
-55.0157166584
0
-70.0
-70.0
-70.0
-70.0
-70.0
-70.0
-63.2961626391
-59.4973214679
-57.5681060496
-57.7371817685
-58.2473878075
-58.9452651707
-59.7324827495
-60.3495408303
-61.3747909844
-62.2774480441
-63.632016234
-64.6570232735
-65.4501267213
-66.0776512327
-66.5849108984
-67.0031030013
-67.3539148296
-67.6526047656
-67.910065235
-69.1081937139
-70.0
-70.0
-70.0
-70.0
-70.0
-70.0
-70.0
-70.0
-69.0584455257
-69.485879548
-69.2039217542
-69.616838575
-69.877360715
-70.0
-70.0
-70.0
-70.0
-70.0
-70.0
-70.0
-70.0
-70.0
-70.0
-70.0
-63.4410189571
-59.7242630327
0
-70.0
-70.0
-70.0
-70.0
-68.9066707311
-67.4188047215
-66.6121249584
-65.685490713
-65.273327142
-58.3049754707
0
-70.0
-70.0
-70.0
-70.0
-69.0394715868
-68.4951721526
-68.2187534203
-68.1237489821
-67.7959546865
-67.6727462862
-67.6763963698
-67.7560398743
-67.8786246479
-67.1545752666
-67.7564654654
-68.1923840692
-68.5141890959
-68.756799142
-68.9438051983
-69.0912153254
-69.2099542242
-69.3075324226
-69.3891615943
-69.4585003775
-69.5181536348
-69.5700071347
-69.6154523302
-62.6556198408
-58.7245330192
-56.7417298256
0
-70.0
-70.0
-70.0
-70.0
-65.0205761317
-61.4951989026
-59.6634659351
-58.90897729
-59.7999725652
-60.6745706447
-61.5101771376
-55.567664225
0
-70.0
-70.0
-70.0
-70.0
-69.8545953361
-69.7721993599
-70.0
-70.0
-63.4054260021
-59.6685007367
-57.5905395519
-56.7574115226
-56.698954321
-57.1072481893
-58.5844520398
-59.8512926154
-60.9496872069
-61.910401055
-62.7564826619
-63.5055822041
-64.1715225225
-64.7653692962
-64.3038723972
-64.2168451778
-64.3574006736
-64.6298206153
-64.9722785598
-65.3453440412
-66.7209130413
-60.6569607403
-57.8855795573
-56.6265648623
0
-70.0
-70.0
-70.0
-70.0
-68.5903089343
-67.7914839971
-67.3858062349
-67.2295393697
-66.2285790313
-65.4203835272
-66.0295924437
-66.5274647121
-66.9419392495
-60.3465107566
-55.1801724381
0
-70.0
-70.0
-70.0
-70.0
-62.7914951989
-58.7066758116
0
-70.0
-70.0
-70.0
-70.0
-69.2583786347
-69.7064392849
-69.9850610322
-70.0
-70.0
-70.0
-70.0
-70.0
-63.057851024
-59.1239666042
-57.1261703989
0
-70.0
-70.0
-70.0
-70.0
-67.9281831828
-67.7526312142
-67.7222123259
-67.7798872487
-67.8884959608
-68.8265137918
-69.4284406973
-68.8086503626
-69.1801915201
-62.4843945903
-58.7174366128
-56.8333472725
-56.1417820925
-56.1887835815
0
-70.0
-70.0
-70.0
-70.0
-68.6211376239
-67.8397822775
-67.442976327
-67.2901268792
-67.2887463145
-67.3782930986
-67.5194113991
-67.686768666
-67.8642907374
-68.0419942889
-67.2140169341
-66.8100966233
-66.6740745495
-65.9996217831
-65.7282960639
-65.7078907635
-65.8387178912
-66.0559235714
-65.4494034367
-65.2371779079
-66.2685998503
-67.3451663541
-60.2773163854
-56.3606958579
0
-70.0
-70.0
-70.0
-70.0
-67.8332571254
-66.6054361632
-65.9818957137
-59.35624872
-55.7356522331
-54.0387725998
0
-70.0
-70.0
-70.0
-70.0
-69.6157615118
-69.3980263685
-69.2874510702
-69.2448575222
-68.244773538
-60.8853167603
-56.7734654684
0
-70.0
-70.0
-70.0
-70.0
-66.8575777932
-65.076871876
-64.1725525965
-63.8242092756
-57.4356034402
-54.0212531577
0
-70.0
-70.0
-70.0
-70.0
-62.868401862
-58.8271629171
-56.774847453
-56.0232886336
-56.0382437208
-57.0681642047
-57.4134739845
-58.0402107196
-58.8149124033
-59.6525696668
-60.5000783693
-61.3252476451
-62.1095076225
-62.8430800215
-63.5217874602
-64.1449523414
-64.7140195254
-65.2316591849
-65.7011876745
-66.1261985124
-59.5124368321
-55.8937652628
-54.1927701458
0
-70.0
-70.0
-70.0
-70.0
-69.2825155642
-68.8759410505
-61.7908556834
-57.813442607
-55.833213341
-55.1173020033
-55.1838451339
-55.7176428411
-56.5140000375
-56.4529087073
-56.8678236189
-57.5545117786
-58.3813742818
-59.2647793077
-61.1526627077
-62.5803039908
-63.6842119609
-64.557083011
-65.2622362074
-65.8432535849
-66.3304222253
-59.7482003196
-56.1405938322
-54.4380101453
0
-70.0
-70.0
-70.0
-70.0
-65.0393206953
-62.2282690893
-60.8006958227
-60.2507953354
-59.3043561952
-60.0927134426
-60.8959706763
-61.6813926607
-62.4299327626
-62.2630796411
-55.5017922531
0
-70.0
-70.0
-70.0
-70.0
-69.3384928901
-62.3733325054
-57.4744708193
-54.952671447
0
-70.0
-70.0
-70.0
-70.0
-70.0
-70.0
-70.0
-63.0
-59.0333333333
-57.0188888889
-56.2429259259
-56.235917284
0
-70.0
-70.0
-70.0
-70.0
-68.0823045267
-66.4400548697
-65.5733699131
-65.2009132754
-65.1374088503
-65.2613925669
-65.4937363779
-65.7833514519
-67.0925372169
-61.0109317195
-57.6616040305
-56.0632872827
-55.5688543246
-55.7532327389
-56.3387520296
-56.1488640237
-57.4576173104
0
-70.0
-70.0
-70.0
-70.0
-69.6863283036
-69.508581009
-70.0
-70.0
-69.2623583803
-68.5110281292
-68.1098623742
-67.3766119532
-67.0241079688
-67.8532743157
-60.7346135508
-56.7722633068
-54.8357777169
-54.179360439
0
-70.0
-70.0
-70.0
-70.0
-69.0695185355
-68.5422457055
-61.6841674617
-55.5131816
0
-70.0
-70.0
-70.0
-70.0
-68.7192439599
-67.9934822039
-60.898038173
-56.944170482
-55.0070441847
-54.3445336001
0
-70.0
-70.0
-70.0
-70.0
-69.0704871689
-68.5437632312
-68.2762700943
-68.1732318756
-68.1723012153
-68.2326661119
-61.408723319
-57.6007335327
0
-70.0
-70.0
-70.0
-70.0
-68.9465020844
-69.3495199144
-69.6130132819
-69.7840088597
-69.893805911
-68.9805654747
-68.1332690304
-67.6871155295
-67.496519578
-67.4656113544
-68.505533747
-69.1793027243
-69.6109206865
-69.8828607743
-63.0530871187
-59.1867866881
-58.1396553783
-57.9067214131
-58.1700703202
0
-70.0
-70.0
-70.0
-70.0
-66.9649443682
-65.2450795102
-64.3716579451
-57.6497568742
-54.0282910026
0
-70.0
-70.0
-70.0
-70.0
-66.5932692321
-64.6627884636
-63.6824070537
-63.3047646393
-63.3013537027
-56.9322889949
0
-70.0
-70.0
-70.0
-70.0
-64.8888967115
-61.2889011444
-54.49334784
0
-70.0
-70.0
-70.0
-70.0
-66.7572019513
-65.9196161869
-59.9357935714
-56.6809735497
-54.9017650837
-54.3375145012
-54.5210470017
-55.147131602
-56.0178779754
-57.0063965336
-58.032627784
-59.9887512781
-61.4961336652
-62.6840253086
-63.6406261177
-57.4625333502
-54.1735932447
0
-70.0
-70.0
-70.0
-70.0
-68.935200709
-68.3318144441
-67.3216851667
-66.8048847613
-66.0457528038
-65.7220818692
-65.6704765795
-65.783830853
-65.9923823887
-66.2511005638
-66.5312947834
-66.8150348224
-67.0914443517
-67.3542419242
-67.6001124036
-67.8276309444
-68.0365543708
-68.2273566142
-68.4009260732
-68.5583702128
-68.7008910228
-67.8307221006
-67.0475966772
-66.6761348673
-66.5640532858
-66.611335894
-67.7526606239
-68.5123667744
-69.5733337944
-70.0
-62.4444444444
-57.8296296296
-55.1330864198
-54.879037037
-55.2306395062
-56.4894685597
-58.0284503731
-59.3508911154
0
-70.0
-70.0
-70.0
-70.0
-68.6922725194
-67.9512269471
-60.9845856831
-57.1051147352
-55.2072616753
-55.5539337703
0
-70.0
-70.0
-70.0
-70.0
-69.1608425645
-67.6887455051
-66.882529086
-66.5027149317
-66.391402608
-66.4449017935
-66.5955045784
-60.8481626254
-57.7048186994
-56.2286517205
0
-70.0
-70.0
-70.0
-70.0
-62.3723517756
-58.0500177818
0
-70.0
-70.0
-70.0
-70.0
-69.0414545164
-68.4982787423
-67.239772183
-66.243342508
-65.7707066194
-65.6281015323
-65.6882684289
-58.922044379
-55.2315751365
0
-70.0
-70.0
-70.0
-70.0
-69.2940178821
-68.8939613486
-68.6907953836
-68.6125359584
-69.6118275595
-70.0
-63.4184321496
-59.6888770343
-57.794848064
-57.9335818369
-58.4190360394
-59.096340693
-59.8661787953
-59.6673981357
-60.7608625593
-61.7249124615
-62.5791786541
-64.0428027849
-65.1195505038
-65.9282807851
-65.6077705911
-65.5618721217
-65.682270636
-65.8984340567
-65.3623818381
-65.195337779
-65.255266751
-59.4334437796
-56.2925685374
-54.8649577742
0
-70.0
-70.0
-70.0
-70.0
-65.9884389801
-59.8263321799
-56.4681903604
-54.9043655901
0
-70.0
-70.0
-70.0
-70.0
-69.9737844841
-69.958929025
-70.0
-70.0
-70.0
-69.2603286787
-68.8411815966
-61.6443062353
-57.604704144
-55.5941194178
-54.8679646014
-54.9366728916
-55.4800087693
-56.317467426
-57.6093603724
-58.7975174612
-59.8838277992
-60.8728197419
-61.7704542495
-62.5833531458
-63.3183140453
-57.0059918619
0
-70.0
-70.0
-70.0
-70.0
-67.7993769142
-66.5523571656
-65.9190667442
-65.6751236
-65.6729202601
-66.815157608
-67.9399947631
-68.6835638974
-69.1735865814
-69.4951473058
-69.7049121635
-69.8406073394
-69.9273375336
-69.9817977324
-63.0221853084
-56.7456783438
0
-70.0
-70.0
-70.0
-70.0
-66.3333069319
-64.2555141933
-58.2743954845
-55.076577743
0
-70.0
-70.0
-70.0
-70.0
-69.7448552803
-63.2148137389
-59.5229616894
-57.6570850701
-56.9489895961
-56.9591659919
-57.3999662963
-57.0844476426
-58.2996425674
-58.8632158811
-59.5725860067
-61.0494922522
-55.3149133973
0
-70.0
-70.0
-70.0
-70.0
-66.2807498857
-64.1731748209
-62.3991535843
-61.5881023895
-61.3818682597
-61.5453988398
-61.9253372265
-62.4224556844
-56.094702279
0
-70.0
-70.0
-70.0
-70.0
-62.5308641975
-58.2983539095
-56.1489026063
-55.3209350709
-55.3134567139
-55.7985211426
0
-70.0
-70.0
-70.0
-70.0
-69.072765612
-68.5473327922
-68.2804953406
-68.1777096915
-68.1767813124
-68.2369982412
-68.3318951238
-68.4444367492
-68.5638138328
-67.683513441
-60.2485350323
0
-70.0
-70.0
-70.0
-70.0
-69.6863283036
-69.508581009
-69.4183132653
-69.3835421768
-69.3832281179
-70.0
-63.6615284356
-60.0697278824
-58.9493603248
-58.6454944461
-58.8416584373
-59.3313015508
0
-70.0
-70.0
-70.0
-70.0
-67.9518788176
-67.7739352843
-67.7413713216
-61.9672165885
-58.7704831957
-57.2267603868
-57.4300050589
-57.9709516936
-58.6964879513
-58.508594986
-58.7789060407
-59.3151291388
-59.9930253597
-60.7333289136
-61.4864000822
-62.2220294472
-55.9586403689
0
-70.0
-70.0
-70.0
-70.0
-69.824765747
-69.7254663369
-68.6773214712
-68.0925238361
-67.2496722383
-66.8356388717
-66.692697556
-66.7171761813
-67.8239492873
-68.8938815079
-69.9060447901
-70.0
-70.0
-70.0
-70.0
-63.1201262229
-58.2292384291
-55.6870644719
-54.6388579485
-54.5219721028
-54.9677748587
-55.7363306836
-56.6729198224
-57.732498744
-58.7771628055
-59.7780558155
-60.7193230943
-60.7909702227
-61.140926159
-61.0906466265
-61.3574573528
-61.8056285435
-62.3476769732
-62.9279834652
-63.5119012449
-65.0708145246
-65.2289963384
-66.0384944376
-66.100687927
-66.2679810897
-66.4927576177
-66.7445316139
-67.0041116245
-67.2597225767
-67.5044317288
-67.7344428291
-66.986986504
-66.6389464921
-59.5421684184
-55.6326959602
0
-70.0
-70.0
-70.0
-70.0
-63.0
-56.7
-54.1658024691
0
-70.0
-70.0
-70.0
-70.0
-69.2569730224
-69.058146624
-68.9702458975
-68.9518305983
-68.9757203989
-69.0241969326
-69.0858096217
-69.1532502478
-62.237925223
-57.3864844764
-54.8960705458
0
-70.0
-70.0
-70.0
-70.0
-62.3356169916
-57.9924666202
-55.78682751
-54.9372164602
-54.929542615
0
-70.0
-70.0
-70.0
-70.0
-68.6057625328
-61.7375053343
-57.8919675041
0
-70.0
-70.0
-70.0
-70.0
-63.999548907
-60.5992932876
-58.8724968064
-58.9110393945
0
-70.0
-70.0
-70.0
-70.0
-69.5226220109
-69.2521078171
-69.1147290402
-69.0618108061
-63.1556274076
-59.8400631217
-58.1893891127
-57.5926717369
0
-70.0
-70.0
-70.0
-70.0
-63.0260122346
-59.0740858342
-57.0671271328
-56.2940476742
-56.2870650766
0
-70.0
-70.0
-70.0
-70.0
-69.0786403924
-68.5565366147
-68.2913897943
-68.1892553755
-68.1883328785
-68.2481682842
-67.3424639183
-60.9415508598
-57.4029513294
0
-70.0
-70.0
-70.0
-70.0
-63.0195092212
-59.0638977798
-54.1401664719
0
-70.0
-70.0
-70.0
-70.0
-69.47172859
-69.1723747909
-69.9813315762
-63.6494139923
-58.2841718644
-55.4555541922
-54.2431984491
-54.0410117216
-54.4516659611
-55.2163363061
-56.1679273028
0
-70.0
-70.0
-70.0
-70.0
-66.8965939177
-65.1379971377
-64.2449058318
-62.9008882073
-55.9456551588
0
-70.0
-70.0
-70.0
-70.0
-68.5588899443
-61.6640716124
-57.8050448928
-55.8961273646
-55.2209059356
-55.3084095469
-55.8506313955
0
-70.0
-70.0
-70.0
-70.0
-70.0
-70.0
-70.0
-70.0
-63.1974417594
-60.2109715136
-59.078723649
-58.7634174753
-58.9487865219
-60.1320854361
-61.1709952701
-62.0886413282
-56.176070015
0
-70.0
-70.0
-70.0
-70.0
-63.0260119896
-59.0740854504
0
-70.0
-70.0
-70.0
-70.0
-68.4130450726
-61.1283110801
-54.7198603153
0
-70.0
-70.0
-70.0
-70.0
-68.8999136311
-67.2938728852
-66.4204526749
-65.4601632373
-65.8377866027
-66.2031010684
-66.5488530456
-59.9927331732
-56.3926368106
-54.686157766
0
-70.0
-70.0
-70.0
-70.0
-69.606744681
-69.3839000002
-69.2707298584
-69.227136778
-69.2267430372
-68.2696235547
-67.7530310801
-67.5179745593
-66.7559711245
-66.4069033594
-65.7616770329
-65.5158186692
-65.517776362
-65.6683584323
-65.9030957267
-66.1805015791
-66.4742617046
-66.7680423897
-67.0520427212
-66.3467204575
-66.0453030841
-58.9963306491
-55.1337361664
0
-70.0
-70.0
-70.0
-70.0
-67.4814816171
-66.0543212002
-65.3295475767
-65.05036515
-65.0478435223
-65.2114024283
-65.469157691
-65.7748389255
-65.1164278987
-64.8841670193
-64.3597827021
-64.233159355
-64.3494133683
-64.607518664
-64.9421312193
-65.3114943785
-66.6893957945
-67.6264901176
-68.8234192631
-69.9141294417
-70.0
-70.0
-70.0
-69.4442596345
-69.1293400941
-68.9694103667
-68.907805518
-68.9072490915
-68.9433402659
-69.9611985194
-70.0
-70.0
-70.0
-70.0
-70.0
-70.0
-70.0
-70.0
-70.0
-70.0
-70.0
-63.443767805
-60.4322732648
-58.9443007652
-58.4200405733
-58.4914831057
-58.917965855
-59.5432566427
-59.2670288293
0
-70.0
-70.0
-70.0
-70.0
-66.6002999392
-64.6738032381
-63.6954451095
-63.318582062
-63.3151781648
-64.5349482618
-65.4489787112
-66.704653246
-67.9012361921
-68.6891447533
-69.2055850649
-69.5419297497
-69.759005569
-69.8972842082
-69.9836752515
-70.0
-70.0
-70.0
-70.0
-70.0
-70.0
-63.0050788279
-59.0412901637
-57.0283072931
-57.2513848887
-58.1435186165
-59.0740148993
-59.9965121723
-60.8834601304
-61.7195135676
-62.4971618443
-63.2138454155
-63.870060711
-64.468121198
-65.0113534502
-65.5035810199
-58.9647838022
-56.4016386649
-55.3170302937
-55.71125315
-55.4240784523
0
-70.0
-70.0
-70.0
-70.0
-63.5555555556
-59.9037037037
-58.0491358025
-57.3347572016
-56.4160962963
-56.3176965432
-56.7147334733
-57.3957978488
-59.1855581036
-60.619895653
-61.7931683275
-62.770692988
-63.5981846847
-64.3080735465
-64.9237377454
-65.4623450066
-65.9367645297
-66.3568574259
-59.7350877259
-56.1041896483
-54.3888444802
0
-70.0
-70.0
-70.0
-70.0
-68.3744855967
-67.4533607682
-66.9855738455
-66.8053825636
-66.8037550424
-66.9093200283
-66.1634731807
-65.8438492995
-65.7906133274
-59.9152556984
-57.0595325977
-55.7774476507
-55.4822817608
0
-70.0
-70.0
-70.0
-70.0
-67.8811815423
-66.6805177495
-60.4534849316
-57.0354824098
-55.4168314831
-54.9317465443
-55.1429706962
0
-70.0
-70.0
-70.0
-70.0
-69.7447965639
-69.6001812834
-69.5267394057
-62.7715787284
-58.9594296977
-57.0401592894
-56.3205917347
-56.3448314775
-56.8145476072
-57.5358923648
-57.384170504
-58.7059576907
0
-70.0
-70.0
-70.0
-70.0
-68.8696844993
-68.2291723823
-68.864874257
-68.3719244018
-68.1304236753
-68.0478424502
-61.1442927731
-57.2973532077
-54.544298271
0
-70.0
-70.0
-70.0
-70.0
-69.5370473863
-69.2747075718
-69.1414800974
-69.0901609429
-69.0896974187
-69.1197627236
-69.167143149
-62.2393189072
-58.3413137318
-56.3911335022
0
-70.0
-70.0
-70.0
-70.0
-68.0782069014
-67.9891790782
-68.0027897483
-67.3738261217
-66.7506537418
-66.1517285224
-65.9206491067
-58.9719312467
-55.1703028226
0
-70.0
-70.0
-70.0
-70.0
-68.7283950617
-68.00781893
-67.6418792867
-66.5594471879
-66.0246730224
-65.8363194223
-66.7743051197
-67.4446197008
-68.4875433483
-69.1637127585
-69.5972906461
-62.8948394354
-59.1102073945
0
-70.0
-70.0
-70.0
-70.0
-62.0173415299
-55.1605017302
0
-70.0
-70.0
-70.0
-70.0
-66.2748056699
-64.1638622161
-63.09183407
-62.67888938
-56.5969702863
0
-70.0
-70.0
-70.0
-70.0
-68.5829903978
-67.7800182899
-67.3722344155
-67.215156277
-67.213737518
-66.4374489215
-65.7570941328
-66.4787504353
-67.0291192022
-67.4583698223
-67.8006412003
-61.0864207017
-57.3550077124
-55.5376596618
-54.9293288427
-55.0666860565
-56.6208652214
-57.9993438795
-59.2264529451
-60.3218366197
-62.1041414062
-63.4367195646
-64.4550424741
-65.2508681374
-58.9226355483
-54.4953925696
0
-70.0
-70.0
-70.0
-70.0
-68.5410534754
-68.7066097648
-62.4635970127
-56.635669461
0
-70.0
-70.0
-70.0
-70.0
-62.9073311995
-58.8881522126
-56.8470397467
-56.0608042755
-56.0537028504
-56.5143185669
-57.2402107113
-58.1010723075
-59.0142201883
-59.9283015772
-60.8124736913
-61.6492278367
-63.4293386674
-64.7164272103
-65.2208060775
-65.6827398619
-66.1038088039
-58.7897242198
-54.7749493287
0
-70.0
-70.0
-70.0
-70.0
-67.8847397924
-66.6860923414
-66.0773674594
-65.8428869483
-64.8523300966
-64.4295849823
-63.8060628588
-56.7598048655
0
-70.0
-70.0
-70.0
-70.0
-63.2377686328
-59.4058375248
0
-70.0
-70.0
-70.0
-70.0
-68.366944883
-67.4415469833
-66.9715900108
-66.7905628269
-66.7889277556
-66.8949824544
-67.0621158585
-67.2603253723
-67.4705735682
-67.6810367001
-67.884613356
-68.0772722376
-68.256958492
-68.4228716282
-68.5749904557
-69.7127471111
-69.738314749
-69.7623781735
-69.7847369558
-69.8053276599
-70.0
-70.0
-70.0
-70.0
-63.1585124219
-59.281669461
-57.312841369
-56.5544498016
-56.5475998677
-56.9919032451
-57.6920884968
-58.5224633645
-59.4032728397
-60.2849827634
-61.1378426256
-61.9449637887
-62.6977376936
-63.3928107801
-64.0300942727
-63.6115503306
-56.5840293595
0
-70.0
-70.0
-70.0
-70.0
-69.6232281664
-69.4097241274
-69.3012975664
-69.259531711
-69.259154474
-70.0
-69.6127152403
-69.3932538764
-69.2818019289
-69.2388706961
-69.2384829332
-69.2636341777
-69.3032704518
-61.4119618489
-56.6301112922
-54.2066639151
0
-70.0
-70.0
-70.0
-70.0
-63.1390032007
-59.2511050145
-57.2766626022
-56.5161084015
0
-70.0
-70.0
-70.0
-70.0
-68.813292376
-68.1408247224
-61.4138571058
-57.6638812991
0
-70.0
-70.0
-70.0
-70.0
-65.89402712
-63.5673091546
-62.3857014036
-61.9305467062
-62.925420705
-64.0914977474
-64.988094048
-65.69311536
-66.2596909686
-66.7243133015
-67.1122762578
-60.4772791073
-56.8137048467
-55.0551034622
-55.4720935545
-56.5398844914
-57.6292295705
-58.6951956323
0
-70.0
-70.0
-70.0
-70.0
-69.4855967078
-69.1941015089
-69.0460676726
-68.9890451151
-68.9885300767
-69.0219367178
-69.0745828119
-69.1370177079
-69.2032447219
-68.272964927
-67.7723648858
-67.5462593649
-68.4846800603
-69.0982431421
-68.628126796
-68.3917860951
-69.1060579405
-62.5658225168
-58.8894871787
0
-70.0
-70.0
-70.0
-70.0
-66.9105658013
-65.159886422
-63.2785232603
-62.373754588
-61.5295460094
-61.3053693286
-54.1782578832
0
-70.0
-70.0
-70.0
-70.0
-68.6611796982
-67.9025148605
-68.4587044658
-62.253488391
-58.7885757998
-57.083342385
-56.49075759
-56.5855147933
-57.0895186222
-57.8222702988
-57.669368067
0
-70.0
-70.0
-70.0
-70.0
-65.4430727023
-62.8608139003
-61.5494314891
-61.0442876594
-60.0570666362
-59.7961651344
-59.9797520622
0
-70.0
-70.0
-70.0
-70.0
-65.2958373299
-62.6301451501
-60.2937332005
-59.2154282574
-58.9279310163
-59.1245016377
-59.6049606227
-60.2397373262
-60.9459454375
-54.7928628324
0
-70.0
-70.0
-70.0
-70.0
-62.9948652456
-60.025286567
-58.5760298076
-58.0872747584
-57.1921275295
0
-70.0
-70.0
-70.0
-70.0
-65.161814764
-63.4028349337
-62.5673525377
-62.3138180155
-62.4179033684
-62.7330911345
-63.1644340897
-64.5633005646
-65.583843764
-66.3433748916
-59.0053336987
-54.6356645264
0
-70.0
-70.0
-70.0
-70.0
-68.8381344307
-68.5130772748
-68.3676070721
-68.3347380481
-61.7802190096
-58.9239694221
-57.5794206888
-57.7422663147
0
-70.0
-70.0
-70.0
-70.0
-68.4993141289
-67.6489254687
-67.2170614236
-67.0507076157
-67.0492050771
-67.1466633848
-67.3002495898
-67.4823929932
-67.6755992688
-67.8690030585
-68.0560785638
-68.2331212481
-68.3982428171
-68.5507076646
-68.6904963176
-68.8180196322
-69.9337993093
-70.0
-70.0
-70.0
-70.0
-70.0
-70.0
-70.0
-70.0
-70.0
-70.0
-63.1975191302
-59.3427799707
-56.3851823577
-55.0644510447
-55.7308454464
-55.9026168688
-57.0311480489
-58.1405618219
-59.2015246917
-60.1980515905
-61.1226993435
-61.9733980171
-61.8098982842
-61.984801835
-62.3569172376
-62.8349559046
-63.360613908
-63.8973215797
-57.5075894218
-54.0901638129
0
-70.0
-70.0
-70.0
-70.0
-69.5903063557
-69.358146624
-69.2402458975
-70.0
-70.0
-70.0
-70.0
-69.1735524525
-68.7052321755
-68.4673989368
-68.3757856957
-68.3749582279
-68.5343047542
-61.6808742788
-57.8461201842
-56.6541007584
-56.3837524109
0
-70.0
-70.0
-70.0
-70.0
-65.6122880997
-63.1259180229
-61.8632320427
-61.3768460532
-62.3139252609
-63.1323752768
-63.8523661104
-64.4892817403
-65.0551217269
-65.5594549946
-66.0100731221
-66.4134415611
-66.7750145725
-60.1234363054
-56.4617081349
-54.7159476281
-54.1779597364
-54.3825683436
-55.025914563
-55.911058476
0
-70.0
-70.0
-70.0
-70.0
-67.9261257249
-66.7509303024
-65.1541156774
-64.3575563798
-64.0677022552
-57.3646621348
0
-70.0
-70.0
-70.0
-70.0
-62.868315075
-58.8270269509
-56.7746865113
0
-70.0
-70.0
-70.0
-70.0
-69.0730511598
-68.5477801503
-68.2810248729
-68.1782708774
-68.1773427842
-69.2375411569
-70.0
-70.0
-70.0
-70.0
-70.0
-70.0
-63.6666270645
-60.0777157344
-58.2551117452
-57.5530456269
-58.4150171922
-59.3183662249
-60.7719856593
-61.951757798
-62.9278958212
-63.7493154411
-64.4505233651
-65.0562306739
-65.5844473701
-66.0485624754
-66.4587461228
-66.8228981071
-68.1299511643
-68.9765179597
-68.5185741318
-61.2963463482
-57.2531314665
-55.2520981553
-54.5430748967
0
-70.0
-70.0
-70.0
-70.0
-69.0685551171
-68.5407363502
-67.2803945583
-66.6148429979
-66.3283506284
-66.278843519
-65.570708667
-65.2934708002
-65.2840123868
-65.4355369259
-65.6786004185
-65.1001724095
-64.9164431905
-64.9756575527
-64.474960548
-64.3587103268
-64.4770031832
-64.732078791
-65.0607215293
-64.5542370307
-57.4321489788
0
-70.0
-70.0
