-70.0
-70.0
-70.0
-70.0
-70.0
-69.0
-68.4333333333
-68.1455555556
-68.0347037037
-68.0337024691
-65.9396838652
-64.818616574
-62.5637105834
-61.4586433029
-60.1063271194
-59.6247265053
-59.6816085867
-60.0596842159
-60.6178734529
-61.2655245467
-61.9452643848
-62.6215994748
-64.2656398663
-64.4692217339
-64.77573013
-65.8374812004
-66.6132824692
-67.1916538149
-67.6322881618
-67.9755924979
-68.2490553496
-68.4714978823
-68.6559134726
-68.8113657109
-68.9442581969
-69.059185082
-69.1595017103
-69.2477082969
-69.325708639
-69.3949852229
-69.4567183325
-68.5125442267
-67.9956216223
-68.7516040328
-69.246806678
-69.5690347091
-69.7767370375
-69.9088005333
-69.991078613
-65.9208011327
-63.6146079401
-62.4437384265
-61.9930921042
-62.9722597107
-63.7940182843
-64.4939394856
-64.1559552203
-60.7789294483
-59.0600830034
-58.3934390364
-58.3803380217
-58.7597994788
-59.3621497037
-56.2843151491
-54.8948039113
-54.5646037049
-54.8809967909
-55.5747994162
-56.4719210108
-58.459607495
-60.0368991357
-61.3153774823
-62.3719519075
-63.2601648323
-64.0177537595
-65.5839238286
-66.6708284092
-67.4339435438
-64.8256007133
-63.4330749912
-62.8164570582
-62.6859377298
-62.8514282084
-64.1499897797
-65.4574603965
-66.3933607533
-67.0751222756
-67.5816751132
-67.9662176453
-68.2647359097
-65.3670750988
-63.7829094422
-63.0396464003
-62.8257003617
-62.9364760599
-60.4954260418
-60.3399078163
-60.5685999537
-61.0201952378
-60.5904796914
-60.6463010406
-60.9915838154
-61.4990340198
-62.086869675
-61.8350293219
-61.9560907992
-59.1744176906
-57.866266569
-57.4858336771
-57.6747128194
-57.286674706
-57.4776293478
-58.0096144879
-58.728485089
-59.5355246134
-59.5002514171
-59.8290791187
-60.3654064357
-57.8737420388
-55.9804828636
-54.978511263
-54.8780445939
-55.3218297726
-56.0773732207
-56.9947868489
-57.9787421309
-58.9698238957
-59.9321454914
-57.7409537036
-56.8348735074
-56.7300629395
-57.109507834
-57.766857843
-59.5690389484
-60.9980463133
-62.1555158552
-59.0772994517
-57.594459628
-55.3632953493
-55.4246954419
-55.9473789828
-54.5064371719
-54.1583241797
-55.2799813808
-56.4436429888
-55.0587497253
-54.725855443
-55.0352570255
-55.7197227409
-54.0714426167
0
-70.0
-70.0
-70.0
-70.0
-69.3832639348
-68.0340808932
-64.4084705104
-61.8639330414
-60.608412792
-60.1681535493
-60.2317262187
-58.8520616184
-58.3958608043
-58.5089449557
-58.9598306147
-60.4008367921
-61.5854126054
-62.5766443399
-64.122532273
-62.2102772515
-59.2747328566
-57.8709151244
-57.6798408945
-57.9758683268
-58.5542891753
-59.2828653785
-57.1956177264
-56.3700818777
-56.3290909725
-56.7601933969
-57.4601817384
-58.2981686853
-59.1910218973
-60.0870330946
-60.9550720431
-61.7773930108
-62.5448724911
-63.2538644295
-63.9041307783
-64.4974862282
-65.0369166239
-65.5260109739
-65.9686005514
-66.3685342796
-66.7295433738
-67.0551640512
-67.3486976559
-67.6131945636
-68.851426488
-69.6326514263
-70.0
-70.0
-70.0
-70.0
-70.0
-70.0
-70.0
-70.0
-70.0
-70.0
-70.0
-70.0
-70.0
-70.0
-70.0
-70.0
-69.9999997143
-66.8410386287
-65.6065162452
-65.0122522736
-64.8219521482
-64.8803736681
-64.1738722862
-63.9441757142
-64.9204270854
-65.6754970052
-65.4702199211
-65.49804634
-65.6648073133
-65.9093703202
-65.3899933112
-62.0838938626
-60.3641043981
-59.6534272394
-59.5719067029
-59.8705974909
-59.4752502092
-59.5888668332
-60.0040745799
-61.5841130836
-62.8126657497
-63.7893751577
-65.2861253343
-65.3998322592
-65.6213953389
-65.9002866754
-66.2042785881
-66.5131977828
-67.726984545
-68.8643571175
-69.5846354237
-70.0
-70.0
-70.0
-70.0
-70.0
-70.0
-69.0389350413
-68.4943315646
-67.662202871
-68.2292912058
-68.0730122776
-68.0434778447
-68.0909745902
-67.4794031141
-67.1964801247
-67.1201769935
-67.170389215
-68.2558184651
-65.8062549283
-64.4763083085
-63.8624633931
-62.7377594397
-62.305011753
-62.3018627492
-62.556577922
-62.9575210949
-63.4328362955
-64.9195893427
-65.980988193
-65.7908130057
-65.8170141265
-62.2738824638
-60.4055407174
-59.604350979
-59.47015877
-59.7406381522
-60.2449045099
-57.9910029794
-57.0389619618
-56.8997719525
-57.2529322152
-57.8897306323
-58.6754853281
-59.524421968
-61.3819549271
-63.117076205
-64.3875797649
-65.3369625754
-66.0620268425
-66.6283311746
-66.0809538278
-65.8831622921
-65.9017152942
-66.0494565857
-67.2437738462
-68.0522384077
-65.4447064019
-62.9790432804
-61.7336772981
-60.2880140936
-57.5213763986
-56.2773479016
-55.1943557009
-55.0380818572
-55.9986037112
-57.0416300333
-58.0993914921
-59.1307353176
-60.1118504357
-61.030124492
-61.8800847761
-62.6607247873
-63.3737513011
-60.8774150568
-59.683699475
-58.7557912545
-56.3508806445
-55.3629049236
-54.3713570208
-54.297383045
0
-70.0
-70.0
-70.0
-70.0
-69.6251912543
-69.4127996318
-69.3049380038
-69.2633897603
-69.2630144888
-70.0
-70.0
-70.0
-70.0
-70.0
-66.9724253999
-65.2567997932
-64.3855311028
-65.0109004094
-65.5524253131
-66.0255927449
-66.4419734458
-66.8104027514
-67.1377802431
-67.4296140634
-68.6318662233
-69.3988219784
-69.8790346989
-70.0
-70.0
-70.0
-70.0
-70.0
-70.0
-70.0
-70.0
-70.0
-65.8487462324
-64.157897533
-61.5831466655
-60.3188579228
-60.5866931168
-61.0611711293
-60.775506142
-60.9115902782
-61.2961877506
-61.8170733091
-62.4023688672
-63.9482729096
-61.9733596759
-61.0559664132
-60.8036649084
-60.9588285086
-61.3532990518
-61.8782047426
-62.4638746657
-63.0664807974
-62.6625872705
-62.6648315787
-59.8065038821
-58.4312904681
-57.9917860708
-58.12835723
-59.6037376929
-60.8355080476
-62.435608881
-63.6478157517
-65.1424349046
-66.5344585662
-67.485190811
-68.1394571308
-68.5940350183
-65.7709176082
-64.2180165752
-63.4790087362
-62.2536470478
-61.7766417998
-62.7385382961
-63.5577249174
-64.2639793929
-64.0106200079
-64.0582503767
-64.2848869187
-64.6113726133
-64.9868849429
-65.3792961759
-62.6206262438
-61.2114034097
-60.658822929
-60.6386472095
-60.9385868709
-61.420597772
-61.995784387
-62.607703543
-60.1855615463
-59.0594242968
-58.7484278038
-58.9368823146
-58.4194022501
-58.4949341363
-58.9237554635
-59.5502564111
-60.2744817659
-61.03320092
-61.787325715
-62.5135564016
-63.1988429335
-63.8367200881
-65.4248855679
-66.5302886702
-67.3091875759
-67.8662206668
-68.2715664991
-68.5723884485
-68.8004686699
-68.9773011804
-69.1174906473
-69.2310213059
-67.1486573325
-65.994283704
-65.4351834034
-64.2519728811
-63.7336474716
-63.075975088
-62.9121724883
-63.0501518455
-63.3646010649
-63.7744505611
-64.2278785735
-64.6923394284
-63.0056167079
-62.2267291853
-62.0185056989
-62.1596214171
-62.5056368008
-62.9630581377
-64.3842841733
-65.4242103223
-65.2029759925
-65.2301361949
-63.1037170167
-62.0577416093
-59.9399199144
-59.0045629003
-57.0548848651
-56.3165818818
-55.3687324714
-55.2877317427
-55.7295402475
0
-70.0
-70.0
-70.0
-70.0
-69.2911343119
-68.0869746194
-68.4267238778
-68.6830159703
-68.8806906934
-68.2341367017
-67.9050664166
-67.777455365
-67.7749735552
-67.8476520175
-67.9630040276
-68.1001150994
-67.3042389027
-66.9165718879
-66.786752616
-63.657958175
-62.9886574172
-61.9524756247
-61.5990173617
-61.6669751585
-61.9855173314
-62.4437920573
-62.970630491
-63.5210458682
-64.0672602322
-64.5927468429
-65.0882805812
-65.5493248048
-66.9665998322
-67.9180781875
-68.5583625945
-68.9905878189
-69.2835700262
-68.4847627885
-68.055986353
-67.8635209466
-68.7802392289
-69.3709288906
-70.0
-70.0
-69.4443193429
-65.970555924
-64.0206126752
-62.3462559331
-61.59676669
-61.4271809212
-58.8682238608
-57.7039088293
-57.4151895161
-57.6614516109
-58.2204938141
-58.9485693423
-59.7537956811
-60.5784716283
-61.3873281424
-63.1587161535
-64.4495917551
-62.2866904224
-61.2460599421
-59.158501259
-58.2673493405
-58.1237465448
-58.4334599825
-59.004839379
-59.714172371
-60.4826330871
-61.2609550806
-62.019249774
-62.7402515975
-63.4148443051
-64.0391051194
-64.6123581041
-65.1358979581
-65.6121586052
-66.0441763733
-66.4352478217
-66.7887157634
-67.1078393362
-67.3957188354
-67.6552559071
-67.8891362865
-68.099826638
-67.2895800966
-66.8937795018
-66.7598398283
-67.7874761481
-68.477808735
-68.942747996
-66.801720587
-65.6237134554
-65.0627853946
-65.5945060819
-66.0603882916
-66.4712380077
-66.8353732371
-67.1593419335
-68.3167245108
-69.0672632401
-69.5486777031
-69.8525704574
-70.0
-70.0
-70.0
-70.0
-66.8799236709
-64.0588933797
-62.5643120923
-61.9154195835
-61.795570092
-61.9971413941
-62.3848461289
-62.8713074321
-63.4008072997
-63.9384803102
-64.4631347729
-65.9620385317
-66.9959795026
-66.7164787885
-66.6582290671
-66.7346715987
-66.8893813976
-67.9981030686
-69.0633993022
-70.0
-67.449177889
-66.0037120261
-65.2696421075
-64.9868787527
-64.9843247814
-65.1499815726
-64.4161811593
-63.8286948727
-63.6819132717
-63.804447202
-64.0844859868
-64.4496930581
-64.8538275323
-65.267847299
-65.6739975825
-66.0618878331
-66.425892389
-66.763432043
-67.0738414339
-67.3576256873
-67.6159753831
-67.8504526879
-68.0627906478
-68.2547670688
-67.4291423117
-67.0194627137
-66.8730061977
-66.8893654149
-68.0028609421
-68.7375295603
-69.2204130793
-69.5361294213
-69.7410215792
-69.8725894879
-69.9557772502
-70.0
-70.0
-69.0260113307
-68.4740844181
-68.1937921232
-68.0858236755
-68.0848484844
-67.2797889964
-66.5540936704
-66.2335400191
-66.1667564943
-65.5507574593
-65.329466123
-65.3523757837
-62.3620812806
-59.7695148313
-58.5549911341
-58.2077772112
-56.1695503145
-54.354642128
0
-70.0
-70.0
-70.0
-70.0
-68.7226723983
-67.998853424
-64.5955635531
-62.7337375121
-61.8588506371
-61.6052901576
-60.8207690264
-61.6560305779
-61.8797642673
-62.8402345609
-63.655175585
-64.3556343467
-64.9640551254
-65.4969724219
-65.966823719
-66.3831737066
-66.7535445756
-67.0839822779
-68.3534331951
-69.1699893056
-69.687589995
-70.0
-70.0
-70.0
-70.0
-70.0
-69.6664790143
-69.4774837891
-69.3815038609
-69.3445324421
-66.1852744622
-64.4168771923
-63.5419429239
-64.1932324897
-64.7775651463
-65.302245902
-62.8920149639
-61.6828092357
-61.2345254908
-61.2577377276
-61.563073812
-62.0275063357
-62.5719156386
-63.1461640325
-63.7191742677
-64.2723412666
-64.7951634237
-66.2789257831
-67.293219006
-67.9920209728
-67.4782941904
-68.056584117
-65.3141868133
-63.824942204
-63.1372306983
-62.9533627716
-60.5429611278
-59.4119547706
-59.0862857973
-59.2546748867
-59.7138858441
-57.5893166555
-56.7282645871
-55.6591627576
-56.4905913369
-56.884206551
-58.11312435
-59.2467042177
-60.2852953311
-61.2322734881
-61.2244051755
-61.5122040154
-61.9678098522
-62.5089130258
-63.0832778292
-63.6584541169
-63.3027362474
-63.3125476509
-63.5413495713
-63.8939190711
-64.308996802
-64.7477435471
-65.1860668093
-65.6095252063
-66.0099494042
-66.3832056096
-66.7277191458
-63.8846255828
-62.3826152589
-61.7353218893
-61.6224351379
-61.8339552491
-62.2330688076
-62.731434649
-63.2727396656
-63.8217646867
-64.3571208765
-64.8664305611
-65.3431353532
-65.78438705
-65.189717903
-64.9932591513
-65.0422752619
-65.2369424196
-65.5125113002
-64.959122828
-64.7951189837
-64.8702127111
-65.0862618571
-62.2211437198
-59.8930552895
-58.8331003884
-58.5693574348
-59.7921330761
-60.8660606917
-60.9465691475
-61.2966552494
-61.7968184022
-61.6666519768
-61.866330389
-62.2572597567
-62.7499087187
-63.2871678053
-63.8332843304
-64.3665114345
-64.8742306491
-65.3497211563
-65.7900247553
-66.1945394229
-65.5756579293
-65.3518071022
-65.3724363692
-66.5386149574
-67.3537016118
-67.9309635506
-67.4340800908
-67.2214806786
-67.1865383419
-67.2593549952
-67.3943998207
-67.5622800553
-67.7442655275
-67.9286479599
-68.1083224874
-68.279183121
-65.2801003958
-63.6379807476
-61.8724836136
-60.7507692128
-61.385033306
-62.0527573184
-59.8366686205
-58.8457931144
-58.6230747069
-58.8686745056
-59.3870785679
-60.051885053
-60.7823727757
-62.5019073552
-64.1168978577
-65.281995564
-65.6990147889
-66.0925924976
-67.0145415951
-67.6672263338
-68.1365962992
-68.4803317351
-68.7372286055
-68.9334591075
-69.9989572767
-67.4807548066
-65.0711496942
-63.789681637
-63.2278114148
-60.5814601056
-60.2198091547
-60.3288249457
-60.7166069221
-61.2587225438
-59.1324015971
-58.2188623092
-58.0634433261
-58.3680771587
-56.4036194243
-55.6781574696
-55.7202750477
-56.2215364263
-56.9815753726
-55.128579993
-54.5124967655
-54.6590969368
-55.258420475
-56.1094005821
-57.0830086269
-59.09728874
-60.6692805165
-61.9234995651
-62.9452476755
-63.7934549525
-65.3775769109
-65.4821386782
-66.2510266715
-66.8373252451
-67.2945268811
-68.3627340037
-68.1899210532
-68.1465692479
-68.1823391897
-68.2643898485
-68.3714739155
-68.4900085585
-65.4527827567
-63.7820211838
-62.9868302005
-62.7434879372
-61.8567078446
-61.5960828608
-58.8382072472
-57.5555416374
-55.4457791535
-54.6650623581
-54.7077968689
-55.2431776797
-56.0563002436
-57.0089637738
-58.0135964328
-59.0159228137
-59.9834545485
-60.8978584378
-58.6457255945
-57.6729217021
-57.5001419766
-57.8131360753
-58.4071613321
-59.1500044418
-59.9573768262
-60.7765543626
-61.5755090724
-62.3356982625
-63.0472885012
-63.7059996943
-64.3110264204
-64.8636749087
-62.2183347053
-60.8905194264
-60.3974796116
-60.4217397356
-60.7555711521
-61.2640176303
-61.8602849296
-62.4893691448
-63.1171740358
-63.7232845025
-64.2961746325
-64.8300362227
-65.3226853027
-61.6314556589
-59.6956693507
-58.8776752541
-59.7576229541
-60.6270041423
-61.4610660505
-62.246134327
-60.0015629808
-57.935114369
-57.0974080563
-57.0248706668
-57.4138525442
-58.0667799192
-58.8563103468
-60.6899239053
-62.1004279102
-63.2100493828
-64.1021539536
-64.8340115642
-65.4453257452
-65.9639367289
-66.4096387615
-66.796738689
-67.1357740226
-63.280577036
-61.1914396095
-60.2315758334
-59.9812717065
-60.1650468402
-60.6031436924
-61.1792303473
-61.8189079954
-62.475417651
-63.120142856
-60.6321266549
-58.3985923411
-56.452892688
-55.7370431399
-55.7829653064
-56.2844197627
-57.0424784444
-57.9292310386
-58.8636415605
-59.7954998217
-60.6947647843
-58.4403183735
-57.4729732479
-57.310133731
-57.6354255631
-58.2427531436
-58.9990579205
-56.9379076612
-56.1366205836
-56.1179609842
-55.5701764979
-55.7224999229
-56.2898106471
-57.0872033934
-55.0219910935
-55.2821306652
-56.2621433861
-57.3080795724
-58.3587052984
-56.6341576558
-56.0449571484
-56.156604939
-56.6850401153
-54.8575749896
-54.5991767478
-54.9574985778
-55.6739083899
-56.5812906642
-54.8300441049
-54.2849613659
-54.4817463436
-54.1561108944
-54.4888592618
-55.2055463068
-56.1287069902
-57.144979834
-58.1832442124
-58.2878861943
-58.7410751769
-59.3882860606
-60.1303363888
-60.9045553727
-61.6722682507
-62.4104870358
-63.1064020723
-63.7537376918
-64.3503478071
-62.7390103823
-62.0142409146
-61.8455712035
-62.0161836701
-62.384678361
-62.8596192302
-63.3825964441
-63.9169628909
-64.4403506627
-64.9397049703
-66.3906525259
-67.3815326418
-68.0633429566
-68.5369843802
-68.8699364217
-69.1073764326
-69.279594558
-69.406938948
-69.5031142837
-69.5773823424
-69.6360304328
-69.683351606
-69.7222992564
-69.754924538
-70.0
-70.0
-70.0
-70.0
-70.0
-70.0
-70.0
-70.0
-69.0390111204
-68.4944507553
-67.6623439555
-67.2410017438
-66.5246074697
-66.210617323
-66.1485359908
-66.2396693252
-66.4196936816
-66.6470518394
-66.8952316728
-68.1471807574
-68.9601108496
-69.4825318766
-69.8132334302
-70.0
-70.0
-70.0
-69.999999995
-69.9999999922
-69.9999999908
-69.9999999903
-69.9999999903
-69.9999999906
-69.9999999911
-66.8410388778
-65.0509609138
-64.141882105
-62.8090469462
-63.237483266
-63.7199622824
-64.2187842828
-63.9083155378
-63.9250904396
-63.5820968104
-63.2568974059
-62.9532145164
-63.0058976321
-63.2706442471
-63.6538040745
-64.0952398352
-64.5569266304
-65.0153744865
-65.456597384
-65.8727778763
-67.2585378037
-67.1987173632
-67.2562011868
-67.3821514414
-67.5449832128
-64.5656801559
-62.9592423166
-61.317863031
-60.6224400252
-60.5177715543
-60.7710447532
-60.4281713784
-60.5415083075
-61.9196552903
-63.0158883036
-63.9064318349
-61.5214365907
-60.3730582245
-60.0049292639
-60.1172209121
-61.4554942072
-62.543275044
-63.4445010446
-64.2037532768
-65.654981976
-63.5937638435
-62.5705741692
-61.2058303311
-60.6801230173
-60.675361195
-60.9833253952
-61.4686597355
-62.0442383484
-62.6547775713
-59.2476802298
-57.561832484
-56.9649294204
-57.0412899348
-56.7165941099
-57.962273153
-59.1109381404
-60.7186614171
-58.9569699636
-58.2680560928
-58.2457725672
-58.6242100329
-59.2304655112
-59.9532032812
-60.7217391671
-61.4921360598
-62.2379696601
-62.9442041649
-64.5915770423
-65.7602815341
-66.602828178
-64.078865583
-62.7618591733
-62.2129266884
-62.1431363078
-62.3631575358
-63.7107132458
-64.7288895636
-65.5154990355
-66.1369480841
-66.6385859105
-67.0516157426
-67.3977131172
-67.692114438
-67.9456847492
-68.166304111
-68.3597989243
-68.5305691815
-67.6820133933
-67.9116745761
-68.1190821333
-68.3062239298
-68.4749682101
-68.6270491712
-68.7640627755
-69.7996773504
-70.0
-70.0
-69.2962406956
-68.8974437564
-68.6949174677
-68.6169044456
-68.6161998174
-68.6619037133
-68.7339292604
-68.8193469466
-68.9099526601
-69.0006509996
-69.0883816366
-69.1714072976
-70.0
-70.0
-70.0
-70.0
-69.2962962116
-68.8975307316
-68.6950204192
-68.6170135511
-68.6163089785
-68.662009269
-68.7340291344
-65.6604789732
-63.9609995773
-63.1426119539
-62.8801589814
-61.4216209491
-60.8324440981
-60.7845231842
-61.0629531964
-61.5279127639
-62.0892914122
-61.6908238467
-61.7287158458
-62.0271605171
-62.471988636
-62.9898192194
-63.5341902622
-63.1641313743
-63.1699583291
-62.8455670021
-59.7376661793
-58.2150034796
-57.6942390772
-56.9895033306
-56.6670117717
-56.9179497773
-57.5045809214
-58.2730735772
-60.1249776132
-61.5652874478
-62.7106304336
-63.6408152106
-64.4108989031
-65.0592524886
-66.5251647283
-67.5205399146
-68.2004136958
-67.6734624058
-67.4348428849
-68.2454891668
-68.0866569266
-68.055135685
-68.1010517505
-68.1918996648
-68.3066784245
-68.4319897329
-68.5594435268
-68.6839343523
-68.8024977025
-68.9135524559
-69.016400226
-69.1108955472
-69.1972295551
-69.2757889746
-68.3504904812
-67.8502950358
-67.6218346007
-67.5640305196
-67.6105470537
-67.7181054056
-67.8587035699
-68.0144390162
-69.1739765453
-69.8972331779
-70.0
-70.0
-70.0
-70.0
-70.0
-70.0
-70.0
-70.0
-69.197530862
-68.7427983505
-68.5118655652
-65.2639492616
-63.4730678374
-61.7477906311
-60.987697953
-60.8320524143
-60.3405596403
-60.3676453212
-60.704975219
-61.2172073171
-61.817306332
-63.4491072374
-63.7343423678
-60.9797247946
-59.6276300909
-59.1621189323
-57.0211023034
-56.1691222493
-56.1189634752
-56.5515694283
-57.2594140192
-58.108806973
-58.0321573762
-58.3850957055
-58.9840221796
-59.7105773248
-60.4894911677
-61.2738564345
-61.123138542
-61.3286031884
-61.7409285367
-62.2636261277
-62.8351238114
-63.4168516279
-63.9853265969
-65.5268412885
-66.6008553939
-67.3585686773
-67.9012443581
-68.296808288
-68.590919703
-64.6606581137
-62.480479223
-61.4230225811
-61.0744478433
-61.1628214058
-61.5104181632
-62.0019622788
-61.622017669
-61.6733169808
-61.426097113
-61.5635619552
-58.8048151603
-57.5227399113
-57.1694034315
-57.3850880959
-57.9349959581
-58.725501483
-59.2422880819
-59.9109504385
-60.6484495045
-61.4026672939
-59.0375958289
-57.9839664223
-58.6937955675
-58.5550941991
-55.9850681094
-54.910216852
-54.7682988691
-55.1908714504
-56.8502611223
-58.2842195547
-59.535120629
-61.3381942896
-62.708765343
-64.3297046859
-65.4912781354
-66.8940684894
-67.8392737522
-68.4784211182
-68.9126288338
-69.2093991687
-69.4138147307
-69.5560035769
-69.6561167653
-69.7276474529
-69.7796442837
-69.8181875727
-69.8473739604
-69.8699733276
-68.8879265736
-68.002434302
-64.3788467492
-62.3920659925
-60.7498916351
-60.0729239661
-59.9976458992
-60.2858908624
-59.9801723424
-60.1307354857
-60.5500488555
-60.4129315451
-60.6502301074
-60.5487126856
-57.6682312371
-56.3510013268
-56.0156300031
-56.2805528754
-56.8968215029
-57.703355296
-58.5971637286
-56.5394688294
-54.7005492241
-54.1071791535
-54.280917806
0
-70.0
-70.0
-70.0
-70.0
-69.4523179048
-69.1419647175
-68.9843539812
-68.9236424067
-67.9491063433
-67.4327478272
-67.2085077899
-67.1670135079
-68.2365498207
-68.9370532811
-69.3927869145
-70.0
-70.0
-70.0
-70.0
-67.02700873
-65.3423136771
-64.486752856
-64.1571912682
-64.1542146066
-64.3472881227
-65.6342144317
-66.5518964028
-67.7729979275
-68.5798922448
-69.1113657603
-69.4598710109
-69.6869784609
-69.8336769823
-69.9272401956
-69.9858034505
-70.0
-70.0
-70.0
-69.0101360347
-68.4492131211
-68.1643522689
-64.8960851188
-64.1029716666
-63.8236712064
-64.4175241123
-64.9599183854
-65.4533576698
-65.9009759847
-66.3061811075
-66.6724314776
-66.0108079971
-65.7468069755
-66.6911610211
-67.368068081
-67.0594742452
-66.9723354688
-67.020974354
-67.14945854
-67.3215671003
-67.5141133331
-66.8002954569
-66.4786615493
-66.4030591531
-65.7738920399
-62.3785824016
-60.595443872
-59.8390459584
-59.7239056784
-60.9958355489
-62.0591322862
-62.9618059191
-63.7380165682
-64.4124757387
-65.0034020497
-65.5245111013
-65.9863594956
-66.3972565489
-66.7638862293
-67.0917344966
-67.3853856404
-67.6487301387
-67.8851124997
-68.0974381663
-69.2859686358
-70.0
-70.0
-69.2958740785
-68.8968693896
-69.5625503538
-69.9765405872
-70.0
-70.0
-70.0
-69.1316625314
-68.6396046325
-68.3897164054
-68.293459589
-65.1336339465
-63.3999507629
-61.6675339891
-60.5724994585
-60.2297287582
-60.3497420461
-60.743425284
-61.2881877172
-61.0371261627
-61.1852516913
-62.567500859
-63.9779336644
-65.0249288921
-65.8189617324
-66.4347493788
-66.923063654
-67.318616764
-67.6453280712
-64.7630202834
-63.2082016013
-62.501703672
-60.1047754894
-58.9964593969
-58.6982544281
-58.8960562993
-59.3848688786
-61.0297104721
-62.315625079
-63.3433196739
-64.1818257751
-64.8788685766
-65.4677986383
-65.972230054
-66.4091479016
-66.7909936802
-66.1270856256
-65.8578379386
-65.8343613952
-66.2477190389
-66.2874763239
-66.435081484
-66.6424751973
-67.6812980546
-68.3818818337
-68.8561693734
-69.1788695848
-69.3998607255
-69.5524600524
-69.6589376468
-69.7341929485
-69.7882063646
-69.8276742021
-69.8570990979
-69.8795173987
-69.8969844659
-70.0
-70.0
-70.0
-70.0
-67.0382690213
-65.3599548001
-63.5077680978
-60.3898911706
-59.800483533
-59.7868228326
-60.1190656513
-60.6477758208
-61.2767427285
-61.9448981155
-61.6533131862
-61.7565851223
-62.09332878
-62.5589306819
-63.086327467
-63.6332212891
-64.1735835395
-64.6920147717
-65.1800063519
-65.633467755
-66.0510956717
-66.433302566
-65.7892239637
-65.5431360035
-65.5440453606
-65.6931227962
-65.926131831
-66.2017328575
-66.4937023782
-63.6268829648
-62.1192285513
-61.4773282848
-61.3762771821
-61.6031039477
-62.0190965422
-61.5398604452
-62.534321121
-63.3798534891
-64.6634000159
-64.8089454623
-65.0693078814
-65.3898817369
-65.7358966589
-66.9539551473
-68.1196584021
-68.8817584083
-69.9318486873
-70.0
-70.0
-70.0
-70.0
-70.0
-70.0
-70.0
-70.0
-70.0
-70.0
-70.0
-70.0
-66.866750452
-65.0912423748
-65.1780017627
-65.39079067
-65.6721043254
-65.9851557078
-66.3068146803
-66.6229162411
-66.9251466363
-66.2089878081
-66.866641142
-64.2432381358
-62.7129402461
-62.037663504
-61.8979086753
-62.084125489
-61.657248925
-62.5475274464
-63.3301103109
-64.021989686
-64.6363843215
-65.1838082921
-66.5411151552
-66.5293230981
-66.6379370939
-66.8151742549
-67.0276774096
-67.2542567222
-68.3939375904
-69.131281525
-69.6026451683
-69.8987085153
-66.9213951189
-65.2376272437
-63.3976732971
-60.29080585
-59.7113067444
-59.7065637229
-60.0468324526
-60.582765942
-61.2182338375
-61.8922401136
-62.5669025422
-63.2194699145
-64.7980095652
-65.9185330367
-66.7268960184
-67.3210172735
-67.7667894507
-68.1086931087
-65.22513174
-63.6541571941
-62.9231005601
-62.7203632277
-62.8413753873
-60.4096372685
-59.270273155
-56.1894229564
-54.8012654053
-54.4749953612
-55.7952110505
-57.060833429
-58.2515124085
-59.3575360493
-60.3758990321
-62.1760329446
-63.5169121939
-64.5375426704
-65.3320028673
-65.9642788898
-66.4781685403
-63.7557565799
-62.330450851
-61.7309190519
-59.4238633682
-59.3748263157
-59.6995765404
-60.2377741239
-60.8861002031
-61.5788925106
-62.2752714781
-62.9505898093
-64.5322334842
-65.663478573
-66.4867763406
-67.0978624564
-67.561252044
-68.7888901523
-69.8991766789
-70.0
-69.4396351193
-69.1220950203
-68.9608344602
-68.8987169755
-65.7401447947
-63.9869966598
-62.2233327187
-61.4243565967
-61.2308257037
-61.4070129777
-58.9175270482
-57.7932512555
-58.5221519173
-59.3420872505
-60.1893122087
-61.02467011
-62.6275316496
-63.8349975184
-65.3205326779
-66.3678360177
-64.0131102588
-62.7998377948
-63.1143488591
-63.5325772023
-63.9990949682
-64.4790357954
-63.9513331606
-63.8363338077
-64.8849982405
-65.6846969588
-63.2041797289
-60.8894096953
-59.8042340187
-59.4929874787
-60.5686818102
-61.5284756821
-62.3867361492
-63.1554678912
-63.8448580066
-64.4636634757
-65.0194913079
-65.5190049637
-66.929061216
-68.2107929269
-69.0394721892
-69.5686973403
-69.9006091862
-70.0
-70.0
-70.0
-70.0
-70.0
-70.0
-70.0
-70.0
-70.0
-70.0
-69.0584442624
-68.5248960111
-68.2539371933
-68.1495639962
-68.148621278
-68.2097682712
-68.306130858
-68.4204107149
-69.5393479469
-69.2520776494
-69.104646216
-69.046032482
-69.0426631589
-69.0725527931
-69.1214014805
-69.1799973103
-70.0
-67.4686871101
-66.0342764726
-65.3058208743
-64.0367811727
-63.4741313127
-63.354070353
-63.5035647654
-63.8098092539
-64.1998956386
-64.6272842815
-65.0628079912
-62.3662549821
-61.002781344
-60.4846044496
-60.4908781647
-60.8116131216
-61.3103336583
-61.8992215251
-61.5248638526
-61.5827537873
-61.8980626219
-63.3571788448
-64.4540759503
-65.2970783486
-65.9596438427
-66.4918616777
-66.9281303228
-67.2922871657
-68.5425107025
-69.3412278011
-69.8424171336
-70.0
-70.0
-70.0
-67.2839608914
-64.6918850251
-63.3135766712
-62.7094724364
-62.590027481
-62.7653595918
-63.1117135385
-63.5491354552
-64.0266174234
-64.5122193569
-65.9787991918
-66.9927871197
-67.7014203058
-67.2032273632
-66.9975373522
-66.9742054339
-67.0610661017
-64.0569951766
-62.4526527823
-61.7416255863
-60.6488160793
-57.7698677105
-56.4501697655
-56.1100120063
-56.3689169506
-56.9786293521
-57.7785024813
-58.6658096094
-59.5760002327
-61.4691301725
-62.889370464
-63.9785356235
-64.8327501983
-65.5175206033
-66.0777988262
-65.5469894573
-65.3769375207
-65.4290084414
-65.6126173791
-65.8690288291
-62.1347258519
-60.1563198706
-56.9868650004
-55.5189632449
-55.1209234168
-55.6728425969
-56.4815660183
-57.4174145372
-58.398343164
-58.5711530988
-56.0200972509
-54.9554605004
-54.8181631001
-55.2418458899
-55.9879940341
-56.9027497862
-57.8881782446
-57.9221811538
-58.3451768608
-58.9874683897
-59.739927694
-60.5334056868
-61.3250456263
-62.0891947357
-62.8113777102
-63.4843082379
-64.1052562799
-64.6743165625
-65.1932755132
-64.6725823799
-64.5377470872
-64.0833654532
-64.0079576243
-64.1624476728
-64.4497267795
-60.8457982024
-58.9885811161
-59.2412958426
-59.7515481505
-60.3993145968
-61.1079973114
-61.8296070297
-62.5349192931
-63.2069426747
-63.8365919478
-64.4198284468
-64.9557760646
-65.4454854331
-65.8911282065
-66.2954762636
-66.6615692224
-66.9925060236
-67.2913179036
-67.5608944347
-67.8039438723
-68.0229754057
-68.2202951456
-68.3980104847
-68.5580393387
-68.7021220064
-64.6730377963
-62.4331526771
-59.5864714529
-57.1725932985
-55.3493774934
-54.743802094
0
-70.0
-70.0
-70.0
-70.0
-69.9841466843
-69.9751631388
-69.9706009069
-69.9688435375
-69.9688276646
-66.8129837839
-65.3590446627
-64.6413797012
-64.389401401
-64.4252343741
-64.6325596789
-64.9358695391
-65.2866598039
-66.5957176392
-67.8279617524
-68.9730428286
-65.5834440982
-63.69690339
-63.4787858891
-63.5652891923
-63.8316815345
-64.1971275553
-64.6098242493
-64.0956424541
-63.9839452953
-64.1174621568
-64.3936568684
-64.7462517998
-65.1329336987
-62.3844487393
-60.0477371359
-59.9723140382
-60.2613163783
-60.7593405698
-61.3661770657
-62.018073061
-62.6752748895
-63.3137534903
-62.9587339767
-62.980431136
-63.2274350604
-63.6013895797
-64.0390493053
-61.3522033644
-60.0283556877
-59.5664352254
-59.6370684405
-57.4899106262
-56.6186189168
-57.5412132877
-58.843396134
-59.9965926374
-61.0219574514
-61.9364444248
-62.7539217947
-63.4859441568
-64.1422927689
-63.7318099368
-63.6944599063
-63.8822345578
-64.1988248634
-64.5821515514
-64.9927425124
-66.4008674409
-67.3657134833
-68.0324306593
-68.4980466095
-68.8274812927
-69.0642260595
-69.2374653843
-69.3668267997
-69.4655494223
-69.5425980151
-69.6040739036
-69.6541569733
-69.6957349159
-70.0
-70.0
-70.0
-70.0
-70.0
-66.1373351821
-63.9484917853
-63.7052154449
-63.7690757925
-64.0150894746
-64.3621947014
-64.6486453118
