-70.0
-70.0
-70.0
-70.0
-70.0
-69.0
-69.4333333333
-69.7122222222
-69.1854444444
-70.0
-70.0
-70.0
-70.0
-69.2833185961
-68.8771991339
-68.6709541521
-63.6655827654
-60.8735071745
-60.4947709009
-55.6584441807
0
-70.0
-70.0
-70.0
-70.0
-70.0
-70.0
-70.0
-70.0
-70.0
-66.2404923616
-64.1101046998
-63.0282019461
-63.609169904
-64.1707783487
-64.7020508038
-65.1974125835
-65.6547158985
-69.6106900203
-70.0
-70.0
-70.0
-70.0
-70.0
-70.0
-70.0
-70.0
-70.0
-70.0
-70.0
-70.0
-70.0
-63.8272078902
-69.0802904221
-70.0
-70.0
-70.0
-70.0
-70.0
-70.0
-70.0
-70.0
-70.0
-70.0
-70.0
-70.0
-70.0
-70.0
-70.0
-70.0
-70.0
-70.0
-70.0
-68.6761505496
-67.9259691944
-67.5449947414
-67.3982435783
-67.3969180944
-68.3512049582
-68.9787369112
-69.3892981859
-69.6559916779
-70.0
-68.5743072964
-70.0
-70.0
-70.0
-70.0
-70.0
-70.0
-70.0
-70.0
-70.0
-70.0
-69.8335796514
-70.0
-70.0
-70.0
-63.5293863116
-68.1088887082
-70.0
-70.0
-70.0
-70.0
-70.0
-70.0
-70.0
-70.0
-70.0
-70.0
-70.0
-70.0
-70.0
-70.0
-70.0
-70.0
-70.0
-70.0
-70.0
-70.0
-70.0
-70.0
-70.0
-70.0
-70.0
-70.0
-70.0
-70.0
-70.0
-70.0
-70.0
-70.0
-70.0
-70.0
-70.0
-70.0
-70.0
-70.0
-63.499245024
-59.8154838709
-57.94471105
-57.2240903225
-58.1785630996
-59.453895997
-70.0
-70.0
-70.0
-70.0
-70.0
-70.0
-70.0
-70.0
-70.0
-70.0
-70.0
-70.0
-70.0
-70.0
-70.0
-63.5286654248
-63.7232051514
-69.5910758922
-70.0
-70.0
-70.0
-70.0
-70.0
-70.0
-70.0
-64.1117198232
-60.7750277231
-59.0805115389
-57.4287997363
-56.8568126635
-57.5943443073
-66.2897964916
-70.0
-70.0
-70.0
-70.0
-70.0
-70.0
-70.0
-70.0
-70.0
-70.0
-70.0
-70.0
-69.2192318729
-70.0
-70.0
-70.0
-70.0
-70.0
-70.0
-70.0
-70.0
-70.0
-70.0
-70.0
-70.0
-70.0
-70.0
-70.0
-69.3506172868
-70.0
-70.0
-70.0
-70.0
-70.0
-68.8397258643
-67.2407648509
-66.59558497
-66.3219575425
-66.2803825013
-66.3794247265
-66.559535904
-66.7822847471
-67.0231912281
-69.9896427509
-70.0
-70.0
-70.0
-70.0
-70.0
-70.0
-70.0
-64.5555557972
-61.470370749
-59.903580695
-60.2993773334
-55.576258788
0
-70.0
-70.0
-70.0
-70.0
-70.0
-70.0
-70.0
-70.0
-70.0
-70.0
-64.4761283346
-61.3459343908
-59.7562868782
-54.2180295488
0
-70.0
-70.0
-70.0
-70.0
-70.0
-70.0
-70.0
-70.0
-70.0
-69.9043639292
-69.8501701558
-69.8226482198
-69.8120467843
-62.9940370943
-60.3950567235
-60.7309732937
-65.6870971478
-70.0
-68.4091400919
-67.5076528107
-63.1609497927
-60.7808963221
-59.6601676957
-59.3323915967
-59.491312884
-59.936955227
-60.5397754585
-60.2428207104
-65.2840641935
-70.0
-70.0
-70.0
-70.0
-70.0
-67.4269534593
-65.0079121951
-63.7228903635
-58.2351883265
-55.3347274934
0
-70.0
-70.0
-70.0
-70.0
-70.0
-70.0
-70.0
-70.0
-70.0
-70.0
-70.0
-70.0
-70.0
-63.8465334693
-60.3595691019
-57.5938764091
-58.1581677487
-67.3348918436
-70.0
-70.0
-70.0
-70.0
-70.0
-70.0
-70.0
-70.0
-70.0
-70.0
-70.0
-70.0
-70.0
-70.0
-70.0
-70.0
-70.0
-66.4467322428
-64.433213847
-62.6081932121
-61.7595743908
-56.9055163428
-54.4295643026
0
-70.0
-70.0
-70.0
-70.0
-70.0
-70.0
-70.0
-70.0
-70.0
-70.0
-70.0
-70.0
-69.5871483934
-69.3531991497
-69.9727992795
-70.0
-70.0
-70.0
-70.0
-70.0
-70.0
-70.0
-70.0
-70.0
-70.0
-70.0
-70.0
-70.0
-70.0
-70.0
-70.0
-70.0
-70.0
-70.0
-70.0
-70.0
-70.0
-70.0
-70.0
-70.0
-69.1280596145
-68.6339600627
-70.0
-70.0
-70.0
-70.0
-70.0
-66.9676972845
-65.2493924123
-64.3767630753
-64.0406267039
-64.0375906576
-65.1028287651
-64.9103489019
-64.9645160205
-62.4886362001
-70.0
-70.0
-70.0
-70.0
-70.0
-70.0
-70.0
-70.0
-70.0
-70.0
-70.0
-63.9850440403
-60.5765689964
-59.299661153
-58.0314255099
-67.2581631399
-70.0
-70.0
-70.0
-68.1919651599
-64.8340787505
-62.9915442798
-63.1119314415
-63.4137660237
-63.8144079056
-64.2609794379
-64.7202230427
-65.1717617708
-70.0
-70.0
-70.0
-70.0
-70.0
-70.0
-70.0
-70.0
-70.0
-70.0
-64.2897210154
-61.0538962575
-59.4106048608
-58.7776098608
-58.1503294602
-64.198790376
-70.0
-70.0
-70.0
-70.0
-70.0
-70.0
-70.0
-70.0
-70.0
-69.8485756961
-62.7734256624
-59.9724598253
-69.9205512179
-70.0
-70.0
-70.0
-70.0
-68.198691454
-66.622394389
-65.7892030037
-60.5037221465
-57.6489762273
-57.3455458099
-57.5853026992
-58.1429800761
-58.8728204997
-63.3839500105
-70.0
-70.0
-70.0
-70.0
-70.0
-70.0
-70.0
-70.0
-70.0
-63.332313566
-59.5539579201
-57.6351459352
0
-70.0
-70.0
-70.0
-70.0
-70.0
-70.0
-70.0
-70.0
-70.0
-70.0
-70.0
-69.4724413765
-69.3862473005
-70.0
-68.3368121841
-70.0
-67.6125282608
-66.2596276086
-66.8594771182
-67.3240709199
-67.692024837
-67.9897296927
-68.2353616163
-68.44156205
-68.6172302418
-70.0
-70.0
-70.0
-70.0
-70.0
-70.0
-70.0
-63.8110928967
-60.3040455381
-54.6341267162
0
-70.0
-70.0
-70.0
-70.0
-70.0
-70.0
-70.0
-69.9276427939
-69.8866403772
-69.8658175812
-64.931870725
-62.1404402537
-60.7275672959
-60.1889246113
-60.1927748469
-60.5219924933
-61.3824639011
-65.1399274113
-70.0
-70.0
-70.0
-67.9546961718
-64.4623573358
-61.5530645618
-60.0890534121
-59.5410116085
-59.5608194727
-59.9206768755
-60.4725687546
-63.1266615832
-70.0
-70.0
-70.0
-70.0
-70.0
-70.0
-65.9773762842
-63.6978895119
-63.5142555032
-62.6217890201
-62.3322494962
-62.4141174653
-62.716100998
-64.3560783611
-65.0198278968
-69.2375950391
-70.0
-70.0
-70.0
-70.0
-70.0
-70.0
-70.0
-70.0
-70.0
-70.0
-69.9631615202
-70.0
-70.0
-70.0
-70.0
-70.0
-67.8269082391
-66.5954895745
-65.9701220567
-64.7552431056
-64.2011409648
-64.0619749814
-64.1764095587
-64.4391899865
-64.7822185769
-65.4252080159
-70.0
-70.0
-70.0
-70.0
-70.0
-70.0
-70.0
-70.0
-70.0
-63.8162879822
-60.3121845054
-58.5326496025
-57.847173674
-58.8409800099
-58.8970226397
-62.5924435684
-70.0
-70.0
-70.0
-70.0
-70.0
-70.0
-70.0
-70.0
-70.0
-70.0
-70.0
-70.0
-70.0
-70.0
-70.0
-70.0
-70.0
-70.0
-70.0
-70.0
-70.0
-70.0
-63.6267111512
-57.6818474702
-54.5255343459
0
-70.0
-70.0
-70.0
-70.0
-70.0
-70.0
-70.0
-70.0
-70.0
-70.0
-70.0
-70.0
-70.0
-70.0
-70.0
-70.0
-70.0
-70.0
-70.0
-70.0
-70.0
-70.0
-70.0
-65.3986785944
-62.7912631313
-61.4671050823
-56.0311141576
0
-70.0
-70.0
-70.0
-70.0
-70.0
-70.0
-70.0
-70.0
-70.0
-70.0
-69.5868367021
-69.3527108333
-69.2338116175
-69.1880117008
-69.1875980275
-69.2144298892
-69.2567146766
-69.9086921203
-70.0
-70.0
-70.0
-70.0
-69.7261902163
-69.9043646721
-70.0
-65.696648953
-62.3897706024
-60.6593179054
-59.932402357
-59.831839616
-60.1104406509
-63.0101165321
-69.6335141374
-70.0
-70.0
-68.2910950116
-67.3227155181
-65.9626178809
-65.2811387026
-65.9710189087
-66.5192464021
-67.5197635736
-68.202748424
-68.6724477202
-69.6136573523
-70.0
-70.0
-70.0
-70.0
-70.0
-70.0
-70.0
-70.0
-70.0
-70.0
-70.0
-70.0
-70.0
-69.1589422501
-69.7200774676
-70.0
-70.0
-70.0
-70.0
-70.0
-70.0
-70.0
-70.0
-63.9862369061
-60.2451044862
-59.3082466881
-59.1025237863
-59.3423392524
-59.0390147545
-60.5025501426
-70.0
-70.0
-70.0
-70.0
-70.0
-70.0
-70.0
-70.0
-70.0
-70.0
-70.0
-70.0
-63.5782331423
-59.939231923
-54.2023012384
0
-70.0
-70.0
-70.0
-70.0
-70.0
-70.0
-70.0
-70.0
-70.0
-64.2964113152
-62.0639266342
-60.3223445399
-61.4500022482
-65.3845514639
-70.0
-70.0
-70.0
-70.0
-70.0
-64.5552498405
-61.4698914168
-56.0141244265
0
-70.0
-70.0
-70.0
-70.0
-70.0
-70.0
-70.0
-70.0
-70.0
-66.2448741501
-61.7836361685
-59.380772174
-58.2930280381
-58.0380205733
-58.2837487419
0
-70.0
-70.0
-70.0
-70.0
-70.0
-70.0
-70.0
-69.05041258
-68.512313042
-67.9504539348
-67.6816566727
-67.5976564263
-67.6273343976
-66.921760898
-66.6010247683
-66.5218822649
-66.8841470739
-70.0
-70.0
-70.0
-70.0
-70.0
-70.0
-70.0
-66.4089991691
-63.4326263617
-61.5323817985
-55.7485630747
0
-70.0
-70.0
-70.0
-70.0
-70.0
-70.0
-70.0
-70.0
-70.0
-70.0
-70.0
-70.0
-70.0
-63.938427005
-58.1702023078
-55.1035940793
0
-70.0
-70.0
-70.0
-70.0
-70.0
-70.0
-70.0
-70.0
-66.8804859374
-65.1127613019
-64.2150344772
-63.8692305665
-63.8661072012
-57.9905069748
0
-70.0
-70.0
-70.0
-70.0
-70.0
-70.0
-70.0
-70.0
-70.0
-70.0
-70.0
-70.0
-70.0
-70.0
-70.0
-70.0
-70.0
-70.0
-67.2391641365
-70.0
-70.0
-70.0
-70.0
-70.0
-70.0
-70.0
-70.0
-70.0
-70.0
-70.0
-70.0
-70.0
-70.0
-70.0
-70.0
-70.0
-70.0
-70.0
-70.0
-70.0
-70.0
-70.0
-70.0
-64.0589371701
-60.6923348998
-55.2845874455
-58.6292031924
-70.0
-70.0
-70.0
-70.0
-70.0
-67.851082128
-65.6333654773
-64.448289971
-64.917163437
-65.3679154021
-65.7927694011
-59.8024632868
-56.5481975087
-55.0440314582
-56.2126039537
-66.2504183159
-70.0
-70.0
-70.0
-70.0
-70.0
-70.0
-70.0
-70.0
-70.0
-70.0
-69.1505035496
-68.6691222277
-68.424656027
-70.0
-70.0
-70.0
-70.0
-70.0
-70.0
-70.0
-70.0
-70.0
-70.0
-70.0
-70.0
-70.0
-70.0
-63.6302850187
-69.4058510993
-70.0
-70.0
-70.0
-70.0
-70.0
-69.7520610069
-69.6115622442
-69.5402109118
-69.5127264152
-69.5124781701
-69.5285799507
-69.5539550208
-69.5840482287
-70.0
-70.0
-70.0
-70.0
-70.0
-70.0
-69.0803180336
-68.5591649192
-68.2945008867
-68.1925524376
-68.1916316202
-67.3830453186
-61.5881048067
-58.3915370061
-56.8605450922
-55.7719052911
-62.9984569818
-70.0
-70.0
-70.0
-70.0
-70.0
-70.0
-70.0
-70.0
-70.0
-63.0464739553
-56.7728091967
0
-70.0
-70.0
-70.0
-70.0
-70.0
-70.0
-70.0
-70.0
-70.0
-70.0
-70.0
-70.0
-70.0
-70.0
-70.0
-69.3588752484
-68.9692589625
-70.0
-70.0
-70.0
-70.0
-70.0
-70.0
-64.9675195583
-59.0787436043
-55.9095199118
-54.4776683659
-54.1359684928
0
-70.0
-70.0
-70.0
-70.0
-70.0
-70.0
-69.809538429
-69.7016102054
-69.6467995977
-68.6291120673
-62.4469118628
-58.9893613447
-58.2817186652
-58.2477424353
-59.6051686593
-57.8049248016
-60.4267328243
-63.447531479
-65.4784262893
-66.8476822991
-68.7352947194
-69.9100190142
-70.0
-70.0
-70.0
-70.0
-70.0
-70.0
-70.0
-70.0
-70.0
-70.0
-69.3667863263
-64.0820393186
-61.10845647
-59.6206915452
-59.0740095388
-59.110200017
-59.4949076367
-55.6327281111
-59.0968794762
-70.0
-70.0
-70.0
-69.5924819679
-69.361555083
-69.2442804493
-69.1991063208
-68.2002207385
-67.6608820312
-61.0297898721
-57.350141581
0
-70.0
-70.0
-70.0
-70.0
-70.0
-70.0
-70.0
-70.0
-70.0
-70.0
-70.0
-70.0
-70.0
-70.0
-62.4976706688
-58.2463507144
-59.3290253601
-67.5870826178
-70.0
-70.0
-70.0
-70.0
-70.0
-70.0
-70.0
-70.0
-69.6049747657
-69.723926773
-70.0
-70.0
-70.0
-70.0
-70.0
-70.0
-70.0
-70.0
-70.0
-70.0
-70.0
-64.0105296663
-58.2831631438
-55.2373044589
0
-70.0
-70.0
-70.0
-70.0
-70.0
-70.0
-70.0
-70.0
-70.0
-70.0
-70.0
-70.0
-64.3485891744
-61.1461230398
-59.5197725911
-59.6957723713
-56.6996103212
-66.9822175626
-70.0
-70.0
-70.0
-70.0
-70.0
-70.0
-70.0
-70.0
-70.0
-70.0
-70.0
-70.0
-65.0090714714
-70.0
-70.0
-70.0
-70.0
-70.0
-68.5319201072
-66.7015306068
-65.7132458863
-65.2631668579
-65.1510138788
-64.4428858263
-63.8699128006
-63.7304652252
-63.8557811724
-64.135778035
-60.9614905518
-68.6516378602
-70.0
-70.0
-70.0
-70.0
-70.0
-70.0
-70.0
-70.0
-70.0
-70.0
-70.0
-70.0
-70.0
-70.0
-70.0
-70.0
-70.0
-70.0
-70.0
-70.0
-70.0
-70.0
-70.0
-70.0
-70.0
-70.0
-70.0
-70.0
-70.0
-70.0
-70.0
-70.0
-70.0
-64.6930591878
-60.7248111699
-58.6530353201
-57.7882019663
-57.6763618884
-58.0200457788
-69.6333350655
-70.0
-70.0
-70.0
-70.0
-70.0
-65.2593238775
-61.8692370378
-60.106210366
-59.3781873507
-59.2954339632
-59.6026007986
-60.1334808732
-60.7808928888
-56.3806538518
-60.1662498983
-66.2646827132
-70.0
-70.0
-70.0
-70.0
-70.0
-70.0
-70.0
-69.5872504189
-70.0
-70.0
-70.0
-70.0
-70.0
-70.0
-70.0
-70.0
-70.0
-70.0
-64.4532712938
-61.310125027
-59.713899766
-59.667656717
-64.2674577847
-70.0
-70.0
-70.0
-67.488782392
-66.0657590807
-66.0467901617
-66.1671824715
-65.3678550812
-58.9644741772
-55.4902964956
0
-70.0
-70.0
-70.0
-70.0
-70.0
-70.0
-70.0
-70.0
-70.0
-70.0
-64.7285095606
-61.741331645
-60.2243138408
-59.6399593635
-59.6346813651
-63.5456394105
-70.0
-70.0
-70.0
-70.0
-70.0
-70.0
-70.0
-70.0
-70.0
-70.0
-70.0
-63.1503757579
-59.2689220206
-58.2976187204
-60.0395491449
-69.619603854
-70.0
-70.0
-67.5725865637
-66.1970522831
-65.4984966386
-65.229413364
-65.2269829538
-65.3846252758
-65.6330564932
-65.9276800072
-66.4322948791
-70.0
-70.0
-70.0
-70.0
-70.0
-68.3140345354
-67.3586541055
-66.8734707107
-66.6865783168
-66.6848902699
-66.7943810994
-66.9669295605
-67.1715609851
-67.3886211404
-67.6059031955
-64.5032172335
-70.0
-70.0
-70.0
-70.0
-70.0
-70.0
-70.0
-70.0
-70.0
-70.0
-70.0
-70.0
-70.0
-70.0
-70.0
-70.0
-70.0
-70.0
-70.0
-70.0
-70.0
-70.0
-70.0
-70.0
-70.0
-63.9421272278
-58.8797030273
-56.2129250727
-55.0724274642
-54.8857146503
-54.3652879688
-56.0370081045
-62.2939408492
-69.5556925789
-70.0
-70.0
-70.0
-70.0
-70.0
-70.0
-70.0
-70.0
-64.688102887
-60.7170462986
-58.6438441356
-59.0827260957
-65.5632155405
-70.0
-70.0
-70.0
-70.0
-70.0
-70.0
-65.283052938
-62.6101162695
-61.2526837261
-55.8038754833
0
-70.0
-70.0
-70.0
-70.0
-70.0
-70.0
-70.0
-70.0
-70.0
-70.0
-70.0
-69.7940661079
-69.6773702357
-69.6181070379
-69.5952788846
-70.0
-70.0
-70.0
-70.0
-70.0
-70.0
-70.0
-70.0
-70.0
-70.0
-70.0
-63.2595180655
-59.4399116359
-56.6965833426
-63.1050532124
-70.0
-70.0
-70.0
-70.0
-70.0
-70.0
-70.0
-70.0
-70.0
-70.0
-63.4626628337
-59.7581717729
-54.7161483498
0
-70.0
-70.0
-70.0
-70.0
-70.0
-70.0
-70.0
-70.0
-70.0
-70.0
-70.0
-70.0
-70.0
-70.0
-70.0
-70.0
-70.0
-70.0
-68.5437892473
-67.7186031541
-67.2995380597
-67.138114401
-67.1366563925
-67.2312263743
-67.3802608176
-67.5570061229
-61.0176155316
-56.7967891664
-60.6477758536
-70.0
-70.0
-70.0
-70.0
-70.0
-70.0
-70.0
-70.0
-64.446244779
-62.1674295777
-61.0612261376
-54.777244623
0
-70.0
-70.0
-70.0
-70.0
-70.0
-70.0
-70.0
-70.0
-70.0
-70.0
-70.0
-70.0
-70.0
-70.0
-70.0
-63.2562125343
-60.5455191228
-64.7419602576
-70.0
-70.0
-70.0
-70.0
-70.0
-67.1623529381
-63.2210196029
-58.7488522818
-56.4405901464
-55.5076131936
-55.4309065821
-55.8705190625
0
-70.0
-70.0
-70.0
-70.0
-70.0
-70.0
-70.0
-70.0
-70.0
-70.0
-70.0
-70.0
-70.0
-70.0
-70.0
-63.7600140437
-61.5161698222
-64.3770291985
-70.0
-70.0
-70.0
-70.0
-70.0
-70.0
-70.0
-64.6370192995
-61.5979969025
-60.0546502342
-59.4601538921
-60.4374427606
-61.4117687035
-57.9037955897
-60.3895042033
-66.8389521186
-65.7910520122
-66.2148187193
-66.595251453
-66.9370027114
-67.2441533761
-67.520305329
-67.7686529898
-67.99203982
-68.1930039241
-61.5559016532
-59.6930994494
-61.9928088518
-67.820727387
-70.0
-70.0
-70.0
-70.0
-70.0
-70.0
-70.0
-70.0
-63.1544138348
-59.6762089182
-60.8018864817
-70.0
-70.0
-70.0
-70.0
-70.0
-70.0
-67.6920236023
-66.3841703103
-65.7199859914
-65.4641425337
-65.461831708
-65.6117174889
-65.8479250412
-59.5377457154
0
-70.0
-70.0
-70.0
-70.0
-70.0
-70.0
-70.0
-70.0
-66.8001440663
-64.9868923706
-65.065955836
-65.277862054
-65.562410383
-65.8810590344
-66.2095462573
-68.5572870458
-70.0
-70.0
-70.0
-70.0
-70.0
-70.0
-66.3950577998
-64.3522572197
-59.4259460754
-56.822627853
-55.6998826578
-55.5029061188
-54.8756640047
-55.8265463392
-62.7073017179
-70.0
-70.0
-70.0
-70.0
-70.0
-70.0
-70.0
-70.0
-70.0
-69.7212969695
-69.5633652523
-69.4831607135
-70.0
-70.0
-65.6099844408
-65.6577981171
-70.0
-70.0
-70.0
-70.0
-70.0
-70.0
-70.0
-70.0
-70.0
-70.0
-70.0
-70.0
-70.0
-70.0
-70.0
-70.0
-70.0
-70.0
-66.7404575078
-64.8933834289
-63.955359534
-62.8903295088
-62.4883005101
-61.9419175383
-61.5493571706
-61.5955090443
-62.9227663615
-69.5455719065
-70.0
-70.0
-70.0
-67.8861967748
-66.6883749472
-66.0800693523
-61.861296761
-59.6013233141
-57.5996691489
-56.8120210114
-56.7790314285
-58.0682493884
-59.6643950992
-67.5849998679
-70.0
-70.0
-70.0
-70.0
-65.5708509855
-63.0609998774
-61.7863892165
-61.2954098462
-61.2909752291
-61.5786152845
-62.0319121416
-63.9174265183
-69.0271080424
-70.0
-70.0
-70.0
-70.0
-70.0
-70.0
-70.0
-70.0
-70.0
-70.0
-70.0
-70.0
-63.8407394455
-66.5921858887
-70.0
-70.0
-70.0
-70.0
-70.0
-70.0
-66.489376859
-64.5000237457
-63.4897444195
-64.0928779966
-64.6516622096
-65.1652106637
-65.6344993808
-59.4712829425
-63.7039615605
-70.0
-70.0
-70.0
-70.0
-70.0
-70.0
-66.38714078
-62.0065205553
-59.6445977353
-58.5726241188
-58.3103524783
-58.5426444113
0
-70.0
-70.0
-70.0
-70.0
-70.0
-70.0
-70.0
-70.0
-70.0
-70.0
-70.0
-70.0
-70.0
-70.0
-70.0
-70.0
-70.0
-70.0
-70.0
-70.0
-70.0
-66.3716905205
-64.315648482
-59.382612754
-56.7767042254
-55.6539356341
-55.4584766248
-55.8259186651
-56.5188532671
-57.3839855861
-64.4346745748
-70.0
-70.0
-70.0
-70.0
-70.0
-68.0729458704
-64.6476151969
-60.4374962863
-58.2301750637
0
-70.0
-70.0
-70.0
-70.0
-69.3294212659
-70.0
-70.0
-70.0
-70.0
-70.0
-70.0
-67.8027731694
-66.5576779655
-65.9253649109
-65.6817982478
-65.6795983083
-65.8222917344
-66.0471647322
-66.3138497065
-65.7921778784
-70.0
-70.0
-70.0
-70.0
-70.0
-70.0
-70.0
-70.0
-70.0
-70.0
-63.6644001867
-59.0819343058
-58.973241194
-68.3695421653
-70.0
-70.0
-70.0
-70.0
-70.0
-70.0
-70.0
-65.0788207927
-62.2901525752
-61.862385539
-60.9647706278
-60.7273759935
-60.3384711242
-61.0048088208
-66.1801508582
-70.0
-70.0
-70.0
-70.0
-70.0
-70.0
-70.0
-70.0
-70.0
-70.0
-70.0
-70.0
-70.0
-70.0
-70.0
-70.0
-70.0
-70.0
-70.0
-70.0
-70.0
-70.0
-70.0
-70.0
-70.0
-64.3471385247
-61.1438503554
-59.517082442
-58.8904522792
-61.6118251538
-70.0
-70.0
-70.0
-70.0
-70.0
-70.0
-70.0
-70.0
-70.0
-70.0
-69.4522272666
-69.1418227176
-69.9835092582
-70.0
-70.0
-65.011443734
-70.0
-70.0
-70.0
-70.0
-70.0
-70.0
-70.0
-65.2083687275
-62.4931110064
-61.1141860069
-60.583024807
-54.9609433095
0
-70.0
-70.0
-70.0
-70.0
-70.0
-70.0
-70.0
-70.0
-70.0
-70.0
-70.0
-70.0
-70.0
-63.2250850473
-59.3859665741
-57.4362966043
-56.6852847357
-64.7952501722
-70.0
-70.0
-70.0
-70.0
-70.0
-70.0
-70.0
-70.0
-70.0
-70.0
-70.0
-69.2267501905
-68.7885752985
-70.0
-70.0
-70.0
-70.0
-70.0
-70.0
-70.0
-70.0
-70.0
-70.0
-70.0
-69.5707990725
-68.9942518803
-68.6818485023
-67.9827893032
-67.8439473808
-70.0
-70.0
-70.0
-70.0
-70.0
-70.0
-70.0
-66.5288182693
-64.5618152886
-64.2665900276
-64.2805685367
-64.4796033576
-65.4867411753
-65.243749485
-65.6207725826
-62.1574534249
-69.9482974826
-70.0
-70.0
-70.0
-70.0
-70.0
-70.0
-70.0
-70.0
-64.0611237562
-59.7835520466
-57.5575572859
-57.4391776558
-64.118611664
-70.0
-70.0
-70.0
-70.0
-70.0
-70.0
-70.0
-65.1865419703
-63.1626194571
-62.176178634
-61.8451081856
-56.3010116932
0
-70.0
-70.0
-70.0
-70.0
-70.0
-70.0
-70.0
-70.0
-66.7001719249
-64.8302693491
-63.8806521586
-58.5889341798
-55.7942722531
-54.5909993554
-54.3826689716
-57.7240554137
-69.1543319931
-70.0
-70.0
-70.0
-70.0
-70.0
-70.0
-70.0
-70.0
-70.0
-70.0
-70.0
-70.0
-70.0
-70.0
-70.0
-70.0
-70.0
-70.0
-70.0
-63.7735013456
-61.2374447614
-60.0078959855
-59.6032368538
-59.7070001463
-60.112358117
-56.090588496
-57.3077383326
-64.9682564466
-67.6395796799
-70.0
-70.0
-70.0
-70.0
-70.0
-63.9663194228
-60.5472337624
-57.8115512136
-56.5764233105
-56.2827991249
-65.2839741511
-70.0
-70.0
-70.0
-70.0
-70.0
-67.5054869472
-66.6474851061
-66.2444344979
-66.1277896498
-66.1868764192
-66.3494326002
-66.5686518888
-66.8145617324
-69.8180892331
-70.0
-70.0
-70.0
