-70.0
-70.0
-70.0
-70.0
-70.0
-70.0
-70.0
-70.0
-70.0
-70.0
-70.0
-70.0
-70.0
-70.0
-70.0
-70.0
-70.0
-63.4485359617
-59.7360396733
-59.9593154185
-64.9308970481
-70.0
-70.0
-70.0
-70.0
-70.0
-65.1101795884
-62.3392813552
-60.9320997034
-60.3900540555
-60.3851581983
-60.7027154107
-61.349987871
-64.5733925436
-70.0
-70.0
-70.0
-70.0
-70.0
-64.6628190668
-61.638416538
-60.1024944695
-59.5108580794
-59.5055143093
-59.852124237
-61.443196133
-66.1354621976
-70.0
-70.0
-70.0
-70.0
-70.0
-70.0
-70.0
-70.0
-70.0
-70.0
-70.0
-70.0
-70.0
-70.0
-70.0
-70.0
-70.0
-70.0
-70.0
-70.0
-70.0
-70.0
-70.0
-70.0
-70.0
-70.0
-70.0
-70.0
-70.0
-70.0
-70.0
-70.0
-70.0
-70.0
-70.0
-70.0
-70.0
-70.0
-70.0
-70.0
-70.0
-70.0
-70.0
-70.0
-70.0
-70.0
-70.0
-70.0
-70.0
-70.0
-70.0
-70.0
-70.0
-70.0
-64.8530395116
-61.9364285682
-56.603692161
0
-70.0
-70.0
-70.0
-70.0
-70.0
-70.0
-70.0
-70.0
-70.0
-70.0
-70.0
-70.0
-70.0
-70.0
-70.0
-70.0
-70.0
-70.0
-70.0
-70.0
-66.3758228518
-64.3221224678
-63.2791648218
-62.8774180735
-62.873789422
-63.1091525837
-63.4800653947
-64.0706852797
-66.424644256
-70.0
-70.0
-70.0
-70.0
-70.0
-70.0
-70.0
-70.0
-70.0
-63.6822123706
-57.8233993806
-54.7139982739
0
-70.0
-70.0
-70.0
-70.0
-70.0
-70.0
-70.0
-70.0
-70.0
-70.0
-70.0
-70.0
-70.0
-70.0
-70.0
-70.0
-70.0
-66.624647007
-64.8347377185
-63.9329675547
-63.5941398713
-63.6043719322
-63.823698771
-64.1611715819
-64.5582828824
-58.4791102531
0
-70.0
-70.0
-70.0
-70.0
-70.0
-70.0
-66.5980454098
-64.6702711421
-63.69126421
-63.3141512438
-63.3107450892
-57.738554338
-54.8039547426
-54.3143933586
-58.0455422478
-67.4860309773
-70.0
-70.0
-70.0
-70.0
-65.3960626082
-62.7871647528
-61.4622538811
-60.9518988954
-60.9472892742
-55.5102932828
0
-70.0
-70.0
-70.0
-70.0
-70.0
-70.0
-70.0
-70.0
-70.0
-70.0
-70.0
-70.0
-70.0
-70.0
-70.0
-70.0
-70.0
-70.0
-70.0
-70.0
-70.0
-70.0
-70.0
-64.2926149001
-61.0584300102
-59.4159714092
-58.7832972017
-58.7775827704
-59.9140986414
-62.4674640943
-65.4755444056
-67.4312077789
-68.6902322102
-69.642951762
-70.0
-70.0
-70.0
-70.0
-70.0
-70.0
-70.0
-70.0
-70.0
-70.0
-70.0
-70.0
-70.0
-67.1136663736
-63.2999106519
-61.2349935306
-60.28821014
-60.0438664344
-60.2291313299
-60.6659858895
-61.2392324289
-61.8752059383
-62.6805858383
-69.8365486217
-70.0
-70.0
-70.0
-70.0
-70.0
-70.0
-70.0
-70.0
-70.0
-70.0
-70.0
-70.0
-70.0
-70.0
-70.0
-70.0
-70.0
-70.0
-70.0
-70.0
-70.0
-70.0
-70.0
-70.0
-70.0
-70.0
-70.0
-70.0
-70.0
-70.0
-70.0
-70.0
-70.0
-68.0408514941
-66.9306673407
-62.7529234929
-60.4878464011
-59.4458719327
-59.1724915205
-59.3693802226
-59.8418674364
-60.9249152758
-67.988615372
-70.0
-70.0
-70.0
-70.0
-70.0
-70.0
-70.0
-70.0
-70.0
-70.0
-70.0
-70.0
-70.0
-70.0
-70.0
-70.0
-70.0
-70.0
-70.0
-70.0
-65.4958310366
-62.9434686241
-61.647268889
-61.1479734184
-55.9233217134
0
-70.0
-70.0
-70.0
-70.0
-70.0
-70.0
-70.0
-70.0
-70.0
-70.0
-70.0
-70.0
-64.2096162979
-60.9283988667
-59.2620551124
-58.6201803561
-58.7712156776
-55.229118831
-56.7362238627
-61.3183403209
-65.7750816888
-68.5899571199
-70.0
-70.0
-70.0
-70.0
-70.0
-70.0
-70.0
-70.0
-70.0
-70.0
-70.0
-70.0
-70.0
-70.0
-70.0
-70.0
-70.0
-70.0
-64.5078295831
-61.3955996801
-59.8150750824
-54.7359800432
0
-70.0
-70.0
-70.0
-70.0
-70.0
-70.0
-70.0
-70.0
-70.0
-70.0
-70.0
-64.3992515215
-61.2254940503
-59.6137230992
-58.9928697586
-59.1422038017
-62.7033319675
-68.8042898696
-70.0
-70.0
-70.0
-70.0
-70.0
-70.0
-70.0
-70.0
-70.0
-70.0
-70.0
-70.0
-70.0
-70.0
-70.0
-70.0
-70.0
-70.0
-70.0
-70.0
-70.0
-70.0
-70.0
-70.0
-70.0
-70.0
-70.0
-70.0
-70.0
-70.0
-70.0
-70.0
-70.0
-70.0
-70.0
-70.0
-70.0
-70.0
-70.0
-70.0
-70.0
-70.0
-70.0
-70.0
-70.0
-70.0
-70.0
-70.0
-70.0
-70.0
-70.0
-70.0
-70.0
-64.0870540063
-60.7363846099
-59.0347701517
-54.1332073235
0
-70.0
-70.0
-70.0
-70.0
-70.0
-70.0
-70.0
-66.299978798
-64.2033001168
-63.1385162376
-62.7283620354
-62.7246574463
-62.9649461113
-63.3436211066
-63.9496658859
-65.2976150124
-69.225823715
-70.0
-70.0
-70.0
-70.0
-70.0
-70.0
-70.0
-70.0
-70.0
-70.0
-70.0
-70.0
-70.0
-64.5492251289
-64.2842173333
-68.2438718066
-70.0
-69.3433958797
-69.2277350264
-69.1840806802
-69.1850853831
-69.2128520255
-69.2557502767
-69.3062975515
-69.3597493314
-69.4131620882
-69.4647710061
-69.5135773232
-70.0
-70.0
-70.0
-70.0
-70.0
-70.0
-70.0
-70.0
-70.0
-70.0
-70.0
-70.0
-70.0
-64.0692727755
-60.7085273483
-59.0017958471
-59.2873110734
-62.8048931492
-69.2580334987
-70.0
-70.0
-70.0
-65.6321556261
-63.1570438142
-58.5295752666
-56.1354416291
-55.1611133923
-55.0711460039
-55.5147940373
-56.2638230561
0
-70.0
-70.0
-70.0
-70.0
-70.0
-69.9910432745
-69.9859677967
-69.9833902502
-69.9823973806
-69.9823884128
-69.982970085
-69.9838867522
-69.9849738608
-69.9861269972
-64.1859183445
-60.8995958747
-59.231149197
-59.3843229918
-64.2633630352
-70.0
-70.0
-70.0
-70.0
-70.0
-70.0
-70.0
-70.0
-70.0
-70.0
-70.0
-70.0
-64.1495385617
-62.2667424075
-67.1077799802
-70.0
-70.0
-70.0
-70.0
-70.0
-70.0
-70.0
-70.0
-70.0
-70.0
-70.0
-70.0
-64.218442898
-60.9422272069
-59.59725369
-61.0517536216
-63.6476538812
-68.2915966306
-70.0
-70.0
-70.0
-65.9038962673
-63.5827708188
-62.404003189
-61.9499425049
-61.9458413442
-62.211852603
-62.6310642715
-63.1282224636
-63.65557663
-64.8179683013
-66.3196364881
-63.3136265913
-64.2824609808
-68.5110181815
-70.0
-70.0
-70.0
-70.0
-70.0
-70.0
-70.0
-70.0
-70.0
-70.0
-70.0
-70.0
-70.0
-70.0
-70.0
-70.0
-70.0
-70.0
-70.0
-70.0
-70.0
-70.0
-70.0
-70.0
-70.0
-70.0
-70.0
-70.0
-70.0
-70.0
-70.0
-70.0
-70.0
-70.0
-70.0
-70.0
-70.0
-70.0
-70.0
-64.4321398458
-61.2770190917
-59.6747126695
-59.3813752185
-60.2002158605
-63.2431906739
-65.6112926828
-67.3400741794
-68.4660072714
-69.3547002172
-70.0
-70.0
-70.0
-70.0
-70.0
-70.0
-70.0
-70.0
-70.0
-70.0
-70.0
-70.0
-67.7789288362
-67.0961753035
-66.9237426491
-66.9228249682
-67.0248468607
-67.1852317675
-67.3752883193
-67.5768126398
-67.778500144
-67.9735626418
-68.1581480524
-68.3302943637
-68.6459297336
-69.5145869508
-70.0
-70.0
-70.0
-70.0
-70.0
-70.0
-70.0
-70.0
-70.0
-70.0
-70.0
-70.0
-70.0
-70.0
-70.0
-70.0
-70.0
-70.0
-70.0
-70.0
-70.0
-70.0
-70.0
-70.0
-70.0
-70.0
-70.0
-70.0
-70.0
-70.0
-70.0
-70.0
-70.0
-70.0
-70.0
-70.0
-70.0
-70.0
-70.0
-70.0
-70.0
-70.0
-70.0
-70.0
-70.0
-70.0
-70.0
-70.0
-70.0
-70.0
-70.0
-70.0
-70.0
-70.0
-70.0
-70.0
-70.0
-70.0
-70.0
-70.0
-70.0
-70.0
-70.0
-70.0
-70.0
-70.0
-70.0
-70.0
-70.0
-70.0
-70.0
-70.0
-70.0
-70.0
-70.0
-70.0
-69.9052390132
-68.2465077873
-67.4457410145
-67.0504229169
-66.9115512945
-66.9311766113
-67.0452459142
-61.9435366377
-59.1510598506
-57.8372051166
-57.4543187723
-57.64277634
-58.3275986513
-59.7688187389
-62.0868012095
-66.7605761222
-69.8309112485
-66.0038959512
-63.8408902411
-62.7483904737
-62.3346109308
-62.341856174
-62.6014747809
-63.0038634522
-63.4785012067
-63.9806671524
-64.4826111481
-65.9231858074
-69.3164397387
-70.0
-70.0
-70.0
-70.0
-70.0
-70.0
-70.0
-70.0
-70.0
-70.0
-64.4058950753
-61.2359022847
-59.6260432008
-59.0059263104
-59.0003252992
-60.3241897101
-62.5521743035
-65.8857919363
-68.9768559017
-70.0
-70.0
-70.0
-70.0
-70.0
-70.0
-70.0
-70.0
-70.0
-70.0
-70.0
-70.0
-70.0
-67.7562011752
-66.4847151744
-65.8389997348
-65.5902704799
-65.588023911
-65.7337418392
-65.9633812016
-66.2357187789
-66.524597366
-66.8137712727
-67.8886860066
-70.0
-70.0
-70.0
-70.0
-70.0
-70.0
-70.0
-70.0
-70.0
-70.0
-70.0
-70.0
-70.0
-70.0
-70.0
-70.0
-70.0
-70.0
-70.0
-70.0
-70.0
-70.0
-70.0
-70.0
-64.9094297848
-62.0247733295
-60.5598203453
-59.9955212099
-59.9904243551
-60.3210187637
-55.5778352772
0
-70.0
-70.0
-70.0
-70.0
-70.0
-70.0
-70.0
-66.4789971323
-64.4837621739
-63.470495793
-63.0801861048
-63.076660755
-63.3053235199
-63.6656770616
-64.0930332845
-64.5463459088
-65.0001219531
-65.9148109386
-67.2412263835
-70.0
-70.0
-70.0
-70.0
-70.0
-70.0
-70.0
-65.2855416015
-62.6140151756
-61.2572988143
-60.7346923703
-60.7299720916
-61.0361408547
-61.5186374173
-62.090847441
-63.6507190753
-70.0
-70.0
-70.0
-70.0
-70.0
-70.0
-65.8310412753
-63.4686313313
-62.2688976539
-61.806760859
-57.2340497164
-54.9159547069
-54.027899211
-54.0274692731
-54.5596290013
-55.3936038714
0
-70.0
-70.0
-70.0
-70.0
-70.0
-70.0
-70.0
-70.0
-70.0
-70.0
-70.0
-70.0
-70.0
-70.0
-70.0
-70.0
-64.6039059963
-61.7089661082
-61.0535996157
-62.4115983456
-65.4064253756
-69.8460146988
-70.0
-70.0
-70.0
-70.0
-70.0
-70.0
-70.0
-70.0
-70.0
-70.0
-70.0
-70.0
-70.0
-70.0
-70.0
-70.0
-70.0
-70.0
-70.0
-70.0
-70.0
-70.0
-70.0
-64.7810999038
-61.8237231827
-60.3218397105
-59.7433149702
-59.7380896271
-60.0770181002
-61.8980171356
-67.7351800579
-70.0
-70.0
-70.0
-70.0
-70.0
-70.0
-70.0
-70.0
-70.0
-70.0
-70.0
-64.4937935689
-61.3736099245
-59.7890460738
-59.1786728942
-59.65841593
-61.5791116558
-64.7887018077
-67.5293420142
-69.2560814042
-64.8850902921
-60.5740259484
-58.3015864772
-57.3280699119
-57.4877661163
-58.0006583017
-59.9968336213
-63.7613330193
-67.824041163
-70.0
-70.0
-70.0
-70.0
-70.0
-70.0
-70.0
-70.0
-70.0
-70.0
-70.0
-70.0
-70.0
-70.0
-70.0
-70.0
-70.0
-70.0
-70.0
-70.0
-70.0
-70.0
-70.0
-70.0
-70.0
-64.492483253
-61.8604528392
-62.1764375852
-65.5306878386
-69.9462901392
-70.0
-70.0
-70.0
-70.0
-70.0
-70.0
-70.0
-70.0
-70.0
-70.0
-64.5537220109
-61.4674978171
-59.9001800402
-59.7755703871
-61.5002831349
-65.5689888733
-70.0
-70.0
-70.0
-70.0
-70.0
-70.0
-70.0
-65.2504040462
-62.5589663391
-61.1921381702
-56.7874551817
-54.5850635492
0
-70.0
-70.0
-70.0
-70.0
-70.0
-70.0
-70.0
-70.0
-70.0
-70.0
-70.0
-70.0
-70.0
-70.0
-70.0
-70.0
-70.0
-70.0
-70.0
-66.9479899699
-66.1899871485
-62.981388902
-61.6135439137
-58.0316632346
-56.612412604
-56.2071151389
-56.4236994885
-57.3319635994
-58.299189946
-59.2695527558
-60.2094520165
-61.0997431723
-62.0895902949
-63.433829252
-65.0894373227
-67.0414862353
-68.3113327083
-70.0
-70.0
-70.0
-70.0
-70.0
-70.0
-70.0
-70.0
-70.0
-70.0
-70.0
-70.0
-70.0
-70.0
-70.0
-70.0
-70.0
-70.0
-70.0
-70.0
-70.0
-70.0
-70.0
-70.0
-70.0
-70.0
-70.0
-70.0
-70.0
-70.0
-70.0
-70.0
-70.0
-70.0
-70.0
-70.0
-70.0
-70.0
-70.0
-70.0
-70.0
-70.0
-70.0
-70.0
-70.0
-70.0
-70.0
-70.0
-70.0
-70.0
-70.0
-70.0
-70.0
-70.0
-70.0
-70.0
-70.0
-70.0
-70.0
-70.0
-70.0
-70.0
-70.0
-70.0
-70.0
-67.2354443599
-66.9584522321
-66.8936418811
-66.9583009411
-67.0984863458
-67.2793147104
-67.4785012388
-67.6820631145
-67.8814648028
-68.0717236557
-68.4106548456
-68.9924904582
-70.0
-70.0
-70.0
-70.0
-65.6049344329
-63.1143972782
-61.8495950761
-61.362393919
-61.3579934274
-61.6434200182
-62.0932286388
-62.7881684858
-63.7635172853
-64.8783574346
-65.717982943
-67.0058812701
-69.0124242206
-70.0
-66.0044694067
-64.2239123267
-63.3481143345
-63.190363621
-63.3227010723
-63.6246801739
-64.0183782958
-64.453984559
-64.9002154984
-65.3379468787
-66.3911781842
-67.463838694
-68.5144737101
-70.0
-70.0
-70.0
-70.0
-70.0
-70.0
-70.0
-70.0
-70.0
-70.0
-70.0
-70.0
-70.0
-70.0
-64.7163998601
-61.8840756105
-60.6190229849
-60.3348980507
-60.97975797
-62.1497310749
-64.2398762847
-67.1447175123
-66.6470299829
-66.899040853
-67.4834848797
-67.9180351331
-68.248164114
-68.5046360321
-68.7083646486
-63.7404667097
-60.968379056
-59.6061804953
-59.4562035083
-60.0389537422
-56.1537183875
-54.773019895
-55.1068472355
-56.1204968077
-58.0023684646
-59.8547983306
-61.4663200236
-62.7176890386
-64.1979390321
-60.143085515
-58.0387372209
-57.1748370038
0
-70.0
-70.0
-70.0
-70.0
-70.0
-70.0
-70.0
-70.0
-70.0
-70.0
-70.0
-70.0
-70.0
-70.0
-66.9396858155
-65.3672244443
-64.5781734734
-64.2854704418
-64.3003329414
-64.4992393431
-64.8019418727
-60.0684564575
-57.5594166597
-56.797728037
-56.9467479273
-58.1145247207
-60.3497542942
-63.7959367666
-66.5556823634
-69.1340902878
-70.0
-70.0
-70.0
-70.0
-70.0
-70.0
-70.0
-70.0
-65.0004152307
-63.1398671942
-63.5442307943
-65.1464872591
-66.4271040728
-67.4774128729
-68.1916843906
-68.6805244882
-69.1783110638
-69.5043726404
-69.7165304983
-69.8532741964
-69.9402112754
-69.9943664803
-70.0
-70.0
-70.0
-70.0
-70.0
-70.0
-70.0
-70.0
-70.0
-70.0
-70.0
-70.0
-70.0
-70.0
-70.0
-70.0
-70.0
-70.0
-70.0
-70.0
-64.7461346764
-61.9299109923
-62.6247818388
-66.0440830364
-70.0
-70.0
-70.0
-70.0
-70.0
-70.0
-70.0
-70.0
-64.9313400358
-62.0590993895
-60.6004516887
-60.0385813452
-60.3599390164
-60.8740889852
-62.6306505388
-67.0011879919
-70.0
-70.0
-70.0
-70.0
-70.0
-70.0
-70.0
-70.0
-70.0
-70.0
-70.0
-70.0
-70.0
-70.0
-70.0
-70.0
-70.0
-70.0
-66.81317774
-65.4909143048
-65.9291268826
-66.6581427278
-67.2069474773
-67.6293320778
-67.9617851022
-68.2291974134
-68.448671553
-68.632066985
-68.7877020113
-68.9214929601
-63.744828751
-60.8473359338
-59.5769901568
-59.162216352
-60.0913024925
-61.6270427915
-63.6418274576
-65.5433873096
-67.3120888781
-68.4629068565
-69.2046340817
-69.6761826141
-69.9699056464
-70.0
-70.0
-65.1968494994
-62.7977462877
-61.5983594844
-61.4854469011
-62.3459474957
-63.9285929074
-61.5210264075
-61.3040200577
-61.6266337415
-62.0993141603
-62.6462786063
-63.2195813203
-63.7895769048
-64.3385883586
-64.8567089523
-65.3390243434
-65.7837794333
-66.1911731728
-66.5625703107
-67.5479104805
-69.3565454067
-70.0
-70.0
-70.0
-70.0
-70.0
-70.0
-70.0
-70.0
-70.0
-70.0
-70.0
-70.0
-70.0
-70.0
-70.0
-70.0
-70.0
-70.0
-70.0
-70.0
-70.0
-70.0
-70.0
-70.0
-70.0
-70.0
-70.0
-70.0
-70.0
-70.0
-70.0
-70.0
-70.0
-70.0
-70.0
-70.0
-65.2167382845
-63.3208066022
-64.5204245628
-66.0739274834
-67.2982865912
-68.1229591695
-68.6803307442
-69.0587426642
-69.3171650607
-64.335864188
-61.5358881914
-60.3011006536
-60.864247518
-62.4842812643
-63.8704176511
-65.873414524
-67.7010126852
-69.0339544924
-70.0
-70.0
-70.0
-70.0
-70.0
-70.0
-70.0
-70.0
-70.0
-70.0
-70.0
-70.0
-70.0
-70.0
-70.0
-70.0
-70.0
-70.0
-65.0949619714
-62.8087666682
-62.4807741852
-63.3404455055
-64.4100099907
-65.2380816821
-65.8936553076
-66.4238776392
-67.028465117
-67.4902687663
-67.8510086638
-68.1390856468
-68.373962315
-68.5690895721
-68.7338629406
-69.5229315304
-70.0
-66.2191779656
-64.5667490445
-63.756400057
-63.4783106626
-63.5288466705
-63.7748733863
-64.2942436213
-64.7960576416
-65.2706107991
-65.8794890003
-66.5449162778
-67.2213421018
-67.8795695261
-68.5086869965
-69.2628679121
-69.7399475311
-70.0
-70.0
-70.0
-70.0
-70.0
-70.0
-70.0
-70.0
-70.0
-70.0
-70.0
-70.0
-70.0
-70.0
-70.0
-70.0
-70.0
-70.0
-70.0
-70.0
-70.0
-70.0
-70.0
-70.0
-70.0
-70.0
-70.0
-70.0
-70.0
-70.0
-70.0
-70.0
-70.0
-67.3877649004
-69.1736612904
-70.0
-70.0
-70.0
-70.0
-70.0
-70.0
-70.0
-65.0609218313
-62.2621108691
-60.8407539294
-60.293247968
-60.2883027922
-60.6090589269
-61.1145439769
-62.8517628227
-69.1580636352
-70.0
-70.0
-70.0
-70.0
-70.0
-70.0
-70.0
-70.0
-70.0
-70.0
-70.0
-70.0
-70.0
-64.8135321504
-61.8745337023
-60.38198351
-60.1359687591
-61.6244109547
-63.9378726514
-66.9840813104
-69.8842722778
-70.0
-70.0
-70.0
-70.0
-70.0
-70.0
-70.0
-70.0
-64.8488580749
-61.9298776507
-60.4474934745
-56.1894242974
0
-70.0
-70.0
-70.0
-70.0
-70.0
-70.0
-70.0
-70.0
-70.0
-70.0
-70.0
-70.0
-70.0
-70.0
-65.0262560834
-62.2078011973
-60.7764682257
-60.2251195019
-60.2201396176
-60.707489214
-61.6319015545
-62.7939854984
-65.3583510899
-69.6795688564
-70.0
-70.0
-70.0
-70.0
-70.0
-70.0
-70.0
-70.0
-64.9904431509
-62.1516942697
-60.710055132
-60.1547364783
-56.1361553048
-54.3488495405
-54.1257929926
-55.0080929546
-56.0372031666
-54.5814262084
-56.1656269747
-58.3970987233
-60.5654229261
-62.1809033502
-63.4108281597
-64.3684221067
-65.130697738
-65.7503731922
-66.2638326917
-66.6964473016
-67.0661344909
-67.3857423214
-67.6646489423
-68.3935879496
-69.6973199483
-70.0
-70.0
-70.0
-70.0
-70.0
-70.0
-70.0
-70.0
-70.0
-70.0
-70.0
-70.0
-70.0
-70.0
-70.0
-70.0
-70.0
-70.0
-67.9264049734
-66.914420035
-66.4100817374
-66.227142701
-66.2431411891
-61.8849713781
-59.5405704456
-55.6079108712
0
-70.0
-70.0
-70.0
-70.0
-69.8884206609
-70.0
-70.0
-70.0
-70.0
-70.0
-70.0
-70.0
-70.0
-70.0
-70.0
-70.0
-70.0
-70.0
-70.0
-70.0
-70.0
-70.0
-70.0
-70.0
-70.0
-70.0
-70.0
-70.0
-70.0
-70.0
-70.0
-70.0
-70.0
-70.0
-70.0
-70.0
-70.0
-70.0
-70.0
-70.0
-70.0
-70.0
-67.5549297974
-66.3311066826
-65.8821703193
-65.7500694907
-65.8124733438
-65.9894998776
-66.2293991352
-66.4990253853
-66.7775002892
-67.0520018886
-67.6434694493
-68.2375986443
-68.9775728731
-70.0
-70.0
-70.0
-70.0
-70.0
-70.0
-70.0
-70.0
-70.0
-70.0
-70.0
-70.0
-70.0
-70.0
-70.0
-70.0
-70.0
-70.0
-70.0
-70.0
-70.0
-70.0
-70.0
-70.0
-70.0
-70.0
-67.0098709129
-65.3154644302
-64.4549717262
-64.1235103796
-64.120516559
-64.314703048
-64.6207248398
-64.9836470869
-65.3686121989
-65.7539708595
-66.1267203605
-66.4794793825
-66.8084854829
-67.1122729604
-70.0
-70.0
-69.923031133
-70.0
-70.0
-70.0
-70.0
-70.0
-70.0
-70.0
-70.0
-70.0
-70.0
-70.0
-70.0
-70.0
-70.0
-70.0
-70.0
-70.0
-70.0
-70.0
-67.769244698
-67.6543691564
-68.32186608
-65.1464168463
-63.4029334112
-62.5767455698
-62.3284746793
-62.4352296557
-62.751441653
-63.1827874629
-63.6688353668
-64.1715029302
-64.6673867039
-60.0710721148
-57.6442476241
-56.6000113422
-56.7468006765
0
-70.0
-70.0
-70.0
-70.0
-70.0
-70.0
-70.0
-70.0
-70.0
-70.0
-70.0
-70.0
-70.0
-70.0
-70.0
-70.0
-70.0
-70.0
-70.0
-70.0
-70.0
-70.0
-70.0
-70.0
-70.0
-70.0
-70.0
-70.0
-70.0
-70.0
-70.0
-70.0
-70.0
-70.0
-70.0
-70.0
-70.0
-70.0
-70.0
-68.3855701115
-70.0
-70.0
-68.1208042818
-67.0559267082
-66.5151359404
-66.3068236151
-66.3049420993
-66.4269817866
-66.6193062061
-66.8473906509
-67.0893282961
-67.3315132733
-67.5657738172
-67.7874710163
-67.9942403019
-68.1851605299
-68.3602073156
-68.5198951433
-63.5628243309
-61.2988043149
-60.890926361
-61.2847280377
-62.9621992207
-64.6992921652
-66.2489838367
-67.3038327118
-68.0266142798
-68.5260627446
-68.8748630653
-69.1216478222
-69.2989970823
-69.4287734023
-69.5256800809
-69.9221346412
-70.0
-70.0
-70.0
-70.0
-70.0
-70.0
-65.8804946971
-63.5461083588
-62.5259173883
-62.4910892031
-62.8826275902
-64.1839822141
-65.6499122479
-66.8417212308
-67.8240813122
-68.486027984
-68.9336617209
-69.2377865724
-69.4456685975
-69.588875526
-69.6885038322
-69.7586640216
-69.8088046678
-69.8452622332
-70.0
-70.0
-70.0
-70.0
-70.0
-70.0
-70.0
-70.0
-70.0
-65.0499921581
-62.2449877144
-60.8204854577
-60.7578699008
-61.842812928
-64.2395079861
-66.0360414215
-67.2460934353
-68.0639215291
-68.6191543344
-68.9983222064
-69.2592121894
-69.4404391062
-69.5678272861
-69.6586659512
-70.0
-70.0
-70.0
-70.0
-70.0
-70.0
-70.0
-70.0
-70.0
-70.0
-70.0
-70.0
-70.0
-70.0
-70.0
-70.0
-65.098839968
-62.4907325937
-61.5045493049
-62.3493974082
-64.1036545808
-65.8510300233
-62.5784857696
-60.862343025
-57.3232459441
-55.6223461641
-55.0810614239
-55.2535885324
-55.8486518464
-56.6774014399
-57.7837378047
-59.1907483634
-55.6904493005
-54.2334715527
-54.8767025189
-56.7512452077
-55.2579237284
-55.1857667165
0
-70.0
-70.0
-70.0
-70.0
-69.8812350658
-69.8139349364
-69.7797570276
-69.7665917147
-69.7664728031
-69.7741856961
-69.7863405753
-69.8007554837
-70.0
-70.0
-70.0
-70.0
-70.0
-70.0
-70.0
-70.0
-65.3831749199
-62.7669740412
-61.4383543792
-60.9265707694
-60.9219482445
-61.2217764548
-61.6942808325
-57.5050069741
-55.4079424266
-54.6361056172
-55.1826683463
-57.4916507519
-61.5950914436
-64.6673190982
-66.6884117211
-63.1808875747
-61.3036768344
-60.467227829
-60.2831174982
-60.4965473831
-60.9413870679
-61.5102446432
-62.1345510336
-62.7713165001
-64.0545540246
-65.348927696
-66.2805876423
-67.1270640221
-67.7307143825
-68.1685474527
-70.0
-70.0
-70.0
-70.0
-65.4754742448
-62.9115763168
-61.6095183495
-61.1079662907
-57.0696645742
-55.0776947252
-54.3799229916
-54.481929185
-55.2242742682
0
-70.0
-70.0
-70.0
-70.0
-70.0
-70.0
-70.0
-70.0
-70.0
-70.0
-70.0
-65.1957138785
-60.8061184096
-58.478823848
-57.4664863161
-57.6095294574
-58.9438123846
-60.1129217281
-61.3059566099
-62.3115789854
-63.1712331111
-63.9146511495
-65.223423372
-66.1679059264
-67.3573319282
-68.159076465
-68.7014873049
-69.5697175653
-70.0
-70.0
-70.0
-65.1988356871
-62.4781759098
-61.0965075131
-60.7279956923
-60.9818434267
-61.934713321
-64.7500277703
-68.7427151604
-70.0
-67.0604775972
-63.8968315645
-62.2020828927
-61.4451642599
-57.7630039012
-55.9616075559
-55.3487161635
-55.469357456
-56.026096983
-56.8259374664
-57.7449771742
-58.7049017597
-59.6573597858
-60.5735892752
-61.4375406596
-63.0594656636
-65.7496481815
-68.4894360763
-70.0
-70.0
-70.0
-70.0
-70.0
-70.0
-70.0
-70.0
-70.0
-70.0
-70.0
-70.0
-70.0
-70.0
-70.0
-70.0
-70.0
-70.0
-70.0
-70.0
-70.0
-70.0
-70.0
-70.0
-66.7565324383
-64.9185674867
-63.9851695996
-63.6256252139
-63.6223777421
-63.8330166676
-59.6108563946
-57.4238650176
-56.5308746909
-56.4440513385
-56.8438222824
-57.522224106
-58.5073835652
-59.8083795845
-57.1293434973
-56.4503437181
-56.6663998341
-57.2404868425
-58.0102561529
-58.8717758673
-59.7596285004
-60.6336857969
-61.4703306482
-62.2566398707
-63.4882829729
-64.7738043563
-66.371068986
-67.6138921309
-68.4391229468
-68.9862906715
-69.8426316171
-70.0
-70.0
-65.6897718385
-63.2473092136
-62.0069213316
-61.529124558
-61.5248090086
-61.8047260453
-62.7408520658
-63.7094992759
-65.16170273
-66.5213013781
-67.6225171877
-68.5259961005
-69.1172169115
-69.5013755011
-64.7759832833
-62.1148818432
-60.7810582511
-60.2880621541
-60.482634029
-61.9086757727
-63.3595116266
-64.7783627513
-61.1800232305
-60.9906853919
-62.0086181067
-63.2169219468
-64.1680068526
-60.6151118887
-58.7962045141
-58.0783199388
-58.044978529
-58.4234743989
-59.0364561075
-55.233466143
0
-70.0
-70.0
-70.0
-70.0
-69.9078867913
-70.0
-70.0
-70.0
-70.0
-70.0
-70.0
-70.0
-70.0
-70.0
-70.0
-70.0
-70.0
-70.0
-70.0
-70.0
-70.0
-70.0
-70.0
-70.0
-70.0
-70.0
-70.0
-70.0
-70.0
-65.9002329639
-63.5770316434
-62.3972097964
-58.4532171023
-56.4717142492
-55.7337553956
-55.7665215703
-56.2606305561
-57.0150749291
-57.9005723885
-58.8351851179
-59.7681132516
-61.0011828535
-63.6858227997
-62.0935590695
-61.8958251087
-62.0473238953
-62.4033123707
-62.8701283769
-63.3878803681
-63.9189355505
-64.4402708083
-64.9383962694
-60.5782268123
-56.6239509111
-54.6972536733
-54.0513268748
-54.1953932332
-55.1419296439
-56.7091410091
-59.2437460077
-61.2880508065
-63.1320319424
-64.4673528925
-60.7491630987
-58.9980771192
-58.6440285164
-58.8101317375
-59.2827892789
-59.9236241611
-56.1275687569
0
-70.0
-70.0
-70.0
-70.0
-70.0
-70.0
-70.0
-70.0
-70.0
-70.0
-70.0
-70.0
-70.0
-70.0
-70.0
-70.0
-70.0
-70.0
-70.0
-70.0
-70.0
-70.0
-70.0
-70.0
-70.0
-70.0
-70.0
-70.0
-70.0
-70.0
-70.0
-70.0
-70.0
-70.0
-70.0
-70.0
-65.9372238594
-63.6349840463
-62.465807357
-62.0154410981
-62.0113733062
-62.2752201875
-62.6910209767
-58.5610341758
-56.464340956
-55.657513659
-55.6515001588
-56.1261753867
-56.8734413439
-57.7593528734
-58.698921362
-59.6393650765
-61.2074106941
-63.2603243748
-66.5384444084
-69.6129177825
-70.0
-66.7604021753
-64.9246300747
-63.9923458118
-63.6332303937
-63.6299867964
-59.5765246172
-57.4918964891
-56.658056396
-56.6024837935
-57.0157241056
-57.6964774894
-58.5150469366
-59.3890203738
-60.2671037569
-61.2833836616
-57.6881935967
-55.9414731046
-56.3575132659
-57.8819239546
-59.3663945076
-61.106787296
-62.4474633924
-63.6663702706
-64.6088353885
-60.5814801911
-58.479017733
-57.6015730004
-57.4883870608
-57.8375292617
-58.4524302735
-59.5310398714
-61.0244205766
-62.3838849304
-63.779684045
-64.9887573789
-66.2110745705
-67.0707623997
-67.6842163506
-68.1294815095
-68.4589912211
-68.7080640074
-69.2403123216
-69.9134842328
-70.0
-70.0
-70.0
-70.0
-70.0
-70.0
-70.0
-70.0
-70.0
-70.0
-70.0
-70.0
-70.0
-70.0
-70.0
-70.0
-70.0
-70.0
-70.0
-70.0
-70.0
-70.0
-70.0
-70.0
-70.0
-70.0
-70.0
-70.0
-70.0
-70.0
-70.0
-70.0
-70.0
-70.0
-70.0
-70.0
-70.0
-70.0
-70.0
-70.0
-70.0
-70.0
-70.0
-70.0
-70.0
-70.0
-70.0
-70.0
-70.0
-70.0
-70.0
-70.0
-70.0
-70.0
-70.0
-70.0
-70.0
-70.0
-70.0
-65.9758287443
-63.8631816995
-63.4666485225
-64.1018411352
-64.84395027
-65.7703888077
-62.0050798479
-60.0123918105
-59.149699261
-58.9937604226
-59.2670717722
-59.7888228562
-60.442246078
-56.5475857271
0
-70.0
-70.0
-70.0
-70.0
-70.0
-70.0
-70.0
-70.0
-70.0
-70.0
-70.0
-70.0
-70.0
-70.0
-70.0
-70.0
-70.0
-70.0
-70.0
-70.0
-70.0
-70.0
-70.0
-70.0
-70.0
-70.0
-70.0
-70.0
-70.0
-70.0
-70.0
-70.0
-70.0
-70.0
-70.0
-70.0
-70.0
-70.0
-70.0
-70.0
-70.0
-70.0
-70.0
-70.0
-70.0
-70.0
-70.0
-70.0
-70.0
-70.0
-70.0
-70.0
-70.0
-70.0
-70.0
-70.0
-70.0
-70.0
-70.0
-70.0
-70.0
-70.0
-70.0
-70.0
-70.0
-70.0
-70.0
-70.0
-70.0
-70.0
-70.0
-70.0
-70.0
-70.0
-70.0
-70.0
-70.0
-70.0
-70.0
-70.0
-70.0
-70.0
-70.0
-70.0
-70.0
-70.0
-70.0
-70.0
-70.0
-70.0
-70.0
-70.0
-70.0
-70.0
-70.0
-70.0
-70.0
-70.0
-70.0
-70.0
-70.0
-70.0
-70.0
-70.0
-70.0
-70.0
-70.0
-70.0
-70.0
-70.0
-70.0
-66.5771168443
-64.637483056
-63.6524533479
-63.2730204114
-63.2695933025
-63.491883927
-63.8421955042
-64.2576426003
-64.6983227714
-65.1394534483
-65.5661500728
-66.300464801
-67.0328645663
-68.3882116099
-69.9157854852
-70.0
-70.0
-70.0
-70.0
-70.0
-70.0
-70.0
-70.0
-70.0
-65.2107272628
-62.496806045
-61.1185597795
-61.0915322492
-61.5351529276
-62.2493290848
-62.9361904763
-63.9136585206
-64.7030173964
-65.3531988087
-65.8982010291
-66.3619289938
-66.7614348061
-67.1090904666
-67.414047514
-67.6832201587
-67.9219497402
-68.1344558311
-68.3241442912
-69.1613133021
-70.0
-70.0
-70.0
-70.0
-70.0
-70.0
-70.0
-70.0
-70.0
-70.0
-70.0
-70.0
-70.0
-65.182706733
-62.4529072151
-61.0665972638
-60.5325913842
-60.5277681437
-61.6750761666
-63.9570456343
-67.0169741408
-69.2808654401
-70.0
-70.0
-70.0
-70.0
-70.0
-65.4821001191
-62.9219568533
-61.6218056653
-61.120988097
-61.1164646195
-61.409868379
-61.8722483554
-62.420601396
-63.0022598406
-63.5845129126
-64.1477143254
-64.6807113622
-65.1778192056
-61.1517304919
-60.2005135859
-60.6281260092
-61.363031968
-62.0918744777
-58.5994413692
-56.8840001252
-56.2919353746
-56.3936320117
0
-70.0
-70.0
-70.0
-70.0
-69.3782469248
-70.0
-70.0
-70.0
-70.0
-70.0
-70.0
-70.0
-70.0
-70.0
-70.0
-70.0
-70.0
-66.0339632017
-63.7865423494
-62.645205093
-62.2055625694
-62.2015916363
-62.4591560218
-62.8650561191
-58.7997752854
-56.7339476089
-55.9366527494
-55.9270540754
-57.3842082121
-55.1685940456
-54.6592890775
-55.201301695
-56.019799209
-56.9769044104
-57.9852707176
-58.990781478
-59.961061885
-60.8778613997
-61.7320123951
-62.5201025793
-63.2422866038
-64.2353467987
-65.5190880221
-66.6036964887
-67.3676716857
-63.1016384751
-60.9359305995
-59.9386415209
-60.0105615045
-56.687329963
-55.137146706
-54.7024651949
-54.9515741151
-55.6026536634
-56.4732129369
-57.4464414032
-58.7795804361
-61.274226533
-67.0343655262
-70.0
-70.0
-70.0
-70.0
-70.0
-70.0
-70.0
-70.0
-70.0
-70.0
-70.0
-70.0
-70.0
-70.0
-70.0
-70.0
-70.0
-65.1904206516
-62.4649923541
-61.7458967412
-61.7607835216
-62.379098828
-63.167710232
-63.8686200666
-59.9640277403
-56.3521047531
-54.6398808023
-54.1245504052
-54.34453382
-54.9983727416
-55.8907303365
-56.8964538822
-58.1106728802
-59.402765183
-60.6992617253
-61.7871842598
-63.0481983052
-64.2022834555
-65.0879917639
-65.7831503568
-66.3408071673
-67.1266243416
-67.6938938347
-68.1111257361
-68.4244273524
-68.8299274104
-69.1122298649
-69.4762036754
-70.0
-70.0
-70.0
-70.0
-70.0
-70.0
-70.0
-70.0
-70.0
-70.0
-70.0
-70.0
-70.0
-70.0
-70.0
-70.0
-70.0
-70.0
-70.0
-70.0
-70.0
-70.0
-70.0
-70.0
-70.0
-70.0
-70.0
-70.0
-70.0
-70.0
-70.0
-65.2056810778
-62.4889003551
-61.1092019097
-60.7437001862
-61.1669690225
-61.8819568712
-58.3566288644
-57.1266944316
-57.3130272908
-58.3242248621
-59.3201359094
-60.4447701885
-61.4380584164
-62.3194294059
-63.2782710194
-64.2523836202
-65.0284383933
-65.8292899774
-66.4488245953
-66.9389178795
-67.3350099207
-67.6614981481
-68.1025911463
-68.5962439069
-69.4417273188
-70.0
-70.0
-70.0
-70.0
-70.0
-70.0
-70.0
-70.0
-70.0
-70.0
-70.0
-70.0
-70.0
-70.0
-70.0
-70.0
-70.0
-70.0
-70.0
-70.0
-70.0
-70.0
-70.0
-70.0
-70.0
-65.4235383241
-62.8302100412
-61.51320607
-61.0058968183
-61.0013147067
-61.2985216161
-61.7668950413
-62.3223559283
-62.9115539296
-63.5013542661
-65.2366059924
-67.4370368244
-69.6722274295
-70.0
-70.0
-70.0
-70.0
-70.0
-70.0
-70.0
-70.0
-70.0
-70.0
-70.0
-70.0
-70.0
-70.0
-70.0
-70.0
-70.0
-70.0
-70.0
-70.0
-70.0
-70.0
-70.0
-70.0
-70.0
-70.0
-70.0
-70.0
-70.0
-70.0
-70.0
-70.0
-70.0
-70.0
-70.0
-70.0
-70.0
-65.2126200703
-62.4997714434
-61.1220698858
-60.5913799551
-56.9068885802
-56.6443308025
-59.2565806915
-62.786101424
-66.6037715929
-69.0075813078
-70.0
-70.0
-70.0
-70.0
-70.0
-70.0
-70.0
-70.0
-70.0
-70.0
-70.0
-70.0
-70.0
-70.0
-70.0
-70.0
-70.0
-65.2306218471
-62.5279742271
-61.1554531809
-60.8024506168
-61.8918007606
-60.190821878
-60.7854279253
-62.4532057914
-63.705432318
-64.6665871567
-65.421060488
-66.0263758039
-66.5220191333
-66.9353378265
-67.2854844482
-67.5860562729
-67.8468641587
-68.0751200848
-68.2762363044
-68.454364826
-68.6127631114
-69.4357933075
-70.0
-70.0
-70.0
-70.0
-70.0
-70.0
-70.0
-70.0
-70.0
-70.0
-70.0
-70.0
-70.0
-70.0
-70.0
-70.0
-70.0
-70.0
-70.0
-70.0
-70.0
-70.0
-70.0
-70.0
-70.0
-70.0
-70.0
-70.0
-70.0
-70.0
-70.0
-70.0
-70.0
-70.0
-70.0
-70.0
-70.0
-65.2512874367
-62.5603503176
-61.3553374799
-61.7540073141
-63.4435214852
-66.1788522021
-68.280422221
-69.896834335
-66.3200649796
-64.296667867
-63.2727406705
-62.8826263303
-62.8858035152
-63.1248497089
-59.178324273
-57.1711315357
-56.3944448421
-56.3819513312
-56.8283901803
-57.5353071504
-58.5459470941
-59.8626328074
-60.9905564751
-62.1386254599
-63.2545126688
-64.1488945718
-64.8805605612
-65.6634426988
-66.2777238913
-66.7703684772
-67.1736096128
-67.509767307
-67.79446968
-68.0388087811
-68.2507852824
-68.6012783405
-68.8581982306
-69.2214102237
-69.4652904121
-69.629442178
-70.0
-70.0
-70.0
-70.0
-70.0
-70.0
-70.0
-70.0
-70.0
-70.0
-70.0
-65.4370678359
-62.8514062762
-61.5382957979
-61.0324863176
-57.228386888
-55.3716476673
-54.7452158793
-54.8778496105
-55.4615015289
-56.2963092956
-57.2539836458
-58.2534554677
-59.2446900453
-60.1979411237
-61.2676270645
-64.2007677269
-66.6557098511
-68.9069014639
-70.0
-70.0
-66.0620047687
-63.8304741377
-62.6972066211
-62.2606725571
-58.457198836
-56.5598746421
-55.8694843044
-55.9262672916
-56.4294615075
-57.1837293202
-58.0634990304
-58.9892442222
-59.9117165299
-60.8014760302
-62.3041234057
-63.6317410463
-65.9808369291
-68.5180165612
-70.0
-70.0
-70.0
-70.0
-70.0
-70.0
-70.0
-70.0
-70.0
-70.0
-70.0
-70.0
-70.0
-70.0
-70.0
-70.0
-70.0
-70.0
-70.0
-70.0
-70.0
-70.0
-70.0
-70.0
-70.0
-70.0
-70.0
-70.0
-70.0
-70.0
-70.0
-65.297079124
-62.6320906275
-61.2786945088
-60.7573670205
-60.7526582936
-61.058077781
-61.5393935474
-62.1102032223
-62.8851822532
-63.7530802632
-64.6500497272
-65.8652900255
-67.4020034348
-68.9146254256
-69.8583777725
-70.0
-70.0
-70.0
-70.0
-70.0
-70.0
-70.0
-70.0
-70.0
-70.0
-70.0
-65.304651185
-62.8101701898
-61.7199536975
-62.1783623826
-62.7141288475
-63.2784510982
-64.1770960787
-65.4031298644
-66.7907291403
-67.8967421473
-68.6304585465
-69.1163397679
-69.4373238418
-69.648670158
-69.9544389425
-70.0
-70.0
-70.0
-70.0
-70.0
-70.0
-70.0
-70.0
-70.0
-70.0
-70.0
-70.0
-70.0
-70.0
-70.0
-70.0
-70.0
-70.0
-70.0
-70.0
-70.0
-70.0
-70.0
-70.0
-70.0
-70.0
-70.0
-70.0
-66.0052859652
-64.2477646788
-63.3849930843
-63.0878303582
-63.3080766488
-63.828380716
-64.3462837991
-64.8454828556
-65.3168195277
-65.7557275467
-66.1605481065
-66.5314221722
-66.8695658726
-67.176799897
-62.7450372054
-60.3278116836
-60.7011826474
-63.7215269151
-68.0810003346
-70.0
-70.0
-70.0
-70.0
-70.0
-70.0
-70.0
-65.5760309414
-63.0691151416
-61.7959951569
-61.3055899942
-61.3011605635
-61.5884642196
-62.0412309393
-62.5781832731
-63.1477485643
-63.7178961202
-64.6053881164
-65.647670179
-66.9176170773
-68.2750664773
-69.3150339014
-69.9618465592
-70.0
-65.5654959076
-63.0526102553
-61.7764585221
-61.2848855314
-61.2804455526
-61.5684333802
-62.0222782975
-62.5605093046
-63.131430932
-63.7029362107
-64.2557415043
-64.7788999636
-65.2668317071
-65.8808630296
-66.3865863888
-66.8104675247
-67.1711139554
-67.4817980153
-67.7521485174
-67.9892872014
-68.1985941718
-68.3842252149
-68.8854599906
-64.6924706515
-62.688278026
-62.2344198495
-59.5956668742
-58.6939095265
-58.6987859115
-59.0784188788
-59.6702513632
-56.2991124339
-54.7331253285
-54.3024288877
-54.5672633936
-55.2405886507
-56.1365641832
-57.13626403
-58.1648751371
-59.1765459634
-60.1443302604
-61.0535231633
-61.8972547996
-62.673585288
-63.3835974048
-64.0301514281
-64.7798287944
-65.733640921
-66.6153901662
-68.7475100411
-70.0
-70.0
-70.0
-70.0
-70.0
-70.0
-70.0
-70.0
-70.0
-70.0
-70.0
-70.0
-67.451182008
-66.0068518125
-65.2733586347
-64.9908174403
-64.9882654756
-65.1537921143
-65.4146483603
-65.7240071626
-66.0521555386
-66.3806393795
-66.6983750381
-66.9990705987
-67.279518915
-67.5384706077
-67.943892603
-68.4221827135
-68.9252506893
-69.4294164518
-70.0
-70.0
-70.0
-65.490265175
-62.9347487741
-61.6369473078
-61.1370348511
-61.1325195487
-61.425393049
-61.8869373808
-62.4342994006
-58.5099211881
-57.5453468877
-59.3922361795
-61.3720841028
-63.013478325
-64.2311989141
-65.1541246371
-65.8694092497
-66.4362663756
-66.8951717719
-67.274009284
-67.5921781484
-67.8633401955
-68.0972594172
-68.3010356363
-63.8181039065
-61.3344080717
-60.1330436351
-59.7411235186
-59.8479339981
-60.2504224859
-60.8169014957
-61.6375896327
-63.2389995272
-65.7661625928
-68.592078366
-70.0
-70.0
-70.0
-70.0
-70.0
-70.0
-70.0
-70.0
-70.0
-70.0
-70.0
-65.358466805
-62.7282646611
-61.3925345528
-60.8780120027
-60.8733647392
-61.1747975565
-61.6498306616
-62.2131895027
-62.8107651572
-63.4089517113
-63.9875652535
-64.5351478703
-65.2138442084
-67.2821005359
-70.0
-70.0
-70.0
-70.0
-70.0
-70.0
-70.0
-65.7772155276
-63.3843043266
-62.1690807951
-61.7009773164
-61.6967493186
-61.9709875426
-62.4031642256
-62.9156980946
-63.4593618128
-64.0035813166
-59.9385219402
-57.8348689164
-56.9781814716
-56.8982296223
-57.2869841919
-57.9440041273
-59.0760677817
-60.9474370482
-62.8684942369
-64.7740954089
-66.6001509957
-67.8091126479
-68.6075192176
-69.1329791855
-69.4771558601
-69.7010900028
-69.845414155
-69.9371615079
-69.994304536
-70.0
-70.0
-70.0
-70.0
-70.0
-70.0
-70.0
-70.0
-70.0
-70.0
-70.0
-70.0
-70.0
-70.0
-70.0
-70.0
-70.0
-65.3780358098
-62.7589227687
-61.4288241851
-60.9164708954
-60.9118432251
-61.212005182
-62.0270355168
-64.2904072116
-66.8317499881
-68.9624139877
-70.0
-70.0
-70.0
-70.0
-70.0
-70.0
-70.0
-70.0
-70.0
-70.0
-70.0
-70.0
-70.0
-70.0
-70.0
-70.0
-70.0
-70.0
-70.0
-65.6433620148
-63.1746004898
-62.0899030333
-61.8694618657
-62.3474916462
-62.8893931263
-63.4515542434
-64.007132439
-60.0527460284
-58.0116893144
-57.1866656422
-57.1187625841
-57.5073953298
-58.1569951329
-58.9415218437
-59.7808538087
-60.6250911941
-61.9466305855
-63.5074998675
-61.0451908984
-60.196482487
-60.1859289104
-60.5067324674
-61.0156568526
-61.6204895887
-62.2627062441
-62.9059460292
-63.5283583659
-64.1175271558
-64.6671108578
-65.1746240504
-65.639977831
-66.0645241716
-66.6206845036
-67.0670245527
-67.4325944304
-68.2447045724
-69.6356168298
-70.0
-70.0
-70.0
-70.0
-70.0
-70.0
-70.0
-70.0
-70.0
-65.7615305269
-63.5259478254
-63.0771339081
-63.2090651681
-63.5145884186
-63.9140827549
-64.3566432648
-64.810291462
-60.7740292687
-58.8290209771
-58.3665041695
-58.6457346866
-59.1917485073
-59.8796318495
-60.6297074598
-61.3920959107
-62.3029591175
-63.106045071
-63.8176951408
-64.4507620112
-65.0155767332
-65.5206130085
-66.1356976735
-66.63355855
-67.0444897909
-67.8995653663
-68.4826251993
-69.2175402591
-69.6845712863
-70.0
-70.0
-70.0
-70.0
-70.0
-70.0
-65.3767223084
-62.7568649499
-61.4263883697
-60.913889476
-60.9092604906
-61.2095077496
-61.6826725134
-62.4118156212
-63.4419909651
-64.2786964726
-65.3081798902
-66.4188464761
-67.8409947549
-68.9395005638
-69.6339540303
-70.0
-70.0
-70.0
-70.0
-70.0
-70.0
-70.0
-70.0
-70.0
-70.0
-70.0
-70.0
-70.0
-70.0
-70.0
-66.5075701138
-63.4795931682
-62.2170872285
-59.2989363126
-57.904747886
-57.4714099005
-57.6290267792
-58.1359626804
-58.8355921318
-59.6275167316
-60.4484209337
-61.2593494239
-57.5019851871
-55.6641671387
-55.0393374051
-55.1631283181
-55.7319652553
-56.5488685757
-57.4873816155
-58.4675767188
-59.4401078902
-60.8811229967
-62.3819446274
-64.0313582162
-66.3997110891
-68.2774824432
-69.4615625075
-70.0
-70.0
-65.6481270365
-63.1820656905
-61.9296933599
-61.4472801829
-61.4429229372
-61.7255444919
-62.1709326083
-58.3152626034
-56.391351847
-55.6906269983
-55.7471711891
-56.5902185304
-57.5430396508
-58.6972143303
-59.9322286602
-61.0088296362
-61.9544959006
-62.7900791292
-63.5317597621
-64.1923761497
-64.782333444
-65.3102300391
-65.7832936615
-66.2076887129
-66.58873612
-67.0990733602
-67.501973259
-67.9897307563
-68.6786440618
-69.136037243
-69.4392719103
-69.808653647
-70.0
-65.6516213109
-63.1875400538
-61.9361732977
-58.1784067267
-56.4847665599
0
-70.0
-70.0
-70.0
-70.0
-67.4076106606
-65.938590035
-65.1925579918
-64.9051868328
-64.902591243
-65.0709475143
-65.3362630266
-65.6509102331
-65.9846682159
-66.3187673984
-66.8091846613
-67.7160455303
-68.9925438674
-70.0
-70.0
-70.0
-65.8776494087
-63.708617407
-62.616910959
-62.2079900583
-58.5054143925
-56.6670218466
-56.0084189241
-56.0796432065
-56.5863896691
-57.337557891
-58.2103402278
-59.1269982889
-60.0394265159
-56.4074889169
0
-70.0
-70.0
-70.0
-70.0
-70.0
-70.0
-70.0
-70.0
-70.0
-70.0
-70.0
-70.0
-65.804369579
-63.5953123396
-62.4833675846
-62.0667551454
-62.0812291771
-62.3538726235
-62.7723296039
-63.2643261387
-63.7840465216
-64.3030772006
-64.8043930347
-65.447119434
-65.9845179591
-61.8438486998
-59.6313188543
-58.6494236519
-59.103218705
-59.9016100516
-60.7172578579
-61.5160712797
-62.4446569568
-63.2536531312
-63.9639290647
-64.5912969894
-65.1480078446
-65.6437674295
-66.0864309328
-66.482481337
-67.0008622017
-67.5738619804
-67.9985331149
-68.3200513585
-68.7354605927
-64.7372959376
-63.0132206133
-64.3997124949
-65.9296560962
-67.3143269304
-68.2346518665
-68.845691766
-69.2507926468
-69.5188267537
-69.6956863261
-69.8119458586
-69.8879700495
-69.9373188958
-69.9690175736
-69.9890695279
-70.0
-70.0
-70.0
-70.0
-70.0
-70.0
-70.0
-70.0
-70.0
-70.0
-70.0
-70.0
-70.0
-70.0
-70.0
-70.0
-70.0
-70.0
-70.0
-70.0
-70.0
-70.0
-70.0
-70.0
-70.0
-70.0
-70.0
-70.0
-70.0
-70.0
-70.0
-70.0
-70.0
-70.0
-70.0
-70.0
-70.0
-70.0
-65.7537176273
-63.3474909494
-62.1255052443
-61.6547969798
-61.6505454551
-61.9263096918
-62.3608912441
-62.876277134
-63.4229660968
-64.484713903
-65.4721054465
-66.5462201911
-67.8068150315
-68.8087780967
-69.4496633326
-65.2605495669
-62.9050629886
-61.7282689419
-61.2979168826
-61.3297750842
-61.6378975024
-57.9030680598
-56.065401459
-55.4272881165
-55.5301771738
-56.0742380357
-56.8648666184
-57.7770815473
-58.7318411198
-59.6803021593
-60.593368711
-61.4547630183
-62.2564408355
-62.9955661645
-63.8375224898
-65.214112202
-69.0578390467
-70.0
-70.0
-70.0
-70.0
-70.0
-70.0
-70.0
-70.0
-70.0
-70.0
-70.0
-70.0
-70.0
-70.0
-70.0
-70.0
-70.0
-70.0
-70.0
-65.7395113532
-63.3252344534
-59.8751160539
-59.1510573138
-59.5831824697
-61.0367048768
-59.1513250618
-58.5494363374
-58.5699885582
-58.9633202721
-59.5672086247
-60.2773013487
-61.0274469382
-61.7766193939
-58.0914443639
-56.2772912004
-55.646222929
-55.7460412018
-56.2810641254
-57.0593757421
-57.957716854
-58.8981309594
-59.832441724
-61.2329467919
-62.5319849396
-63.5603416636
-64.5682609744
-65.3540705285
-65.9804205766
-66.4902165863
-66.9130869725
-67.2697063052
-67.5746876946
-67.8385202718
-68.0688691424
-63.6845692819
-61.2645037229
-60.1036475968
-59.7370123345
-59.859130766
-60.2704307994
-60.8415297928
-61.489471529
-62.3336708531
-63.0957347525
-64.1228429896
-65.4367631642
-66.8737231635
-67.840108391
-69.1609313998
-69.9813941584
-70.0
-70.0
-70.0
-70.0
-70.0
-70.0
-70.0
-70.0
-70.0
-70.0
-70.0
-70.0
-70.0
-70.0
-70.0
-70.0
-70.0
-70.0
-70.0
-65.4130273708
-62.9814595476
-62.0960924243
-62.167000551
-62.6372836803
-63.5078117973
-64.2465349409
-64.8815509957
-65.4331755954
-66.0881277568
-66.611494795
-67.0384651915
-67.3933652563
-67.69319312
-63.3834796692
-61.184418943
-60.1588352093
-60.0412312028
-60.635904302
-57.6651431699
-56.7992483747
-56.7197365518
-57.1147049063
-57.7811957555
-58.5883837398
-59.453083739
-60.323467614
-61.1682490185
-61.9695095605
-62.7179489004
-63.409747541
-59.5038698548
-57.5102142479
-56.7303470755
-56.7047485362
-57.1325644614
-57.9892607156
-54.893600093
0
-70.0
-70.0
-70.0
-70.0
-70.0
-70.0
-70.0
-70.0
-70.0
-70.0
-70.0
-70.0
-70.0
-70.0
-65.8861850841
-63.5550232984
-62.3711587837
-61.9151347821
-61.9110158884
-58.2109431995
-56.7146749363
-56.4288192583
-56.8756359503
-57.7493430387
-59.1869490671
-60.4099477152
-61.4634153135
-62.3800486954
-63.1840271014
-59.409447845
-57.4977186964
-56.7674239173
-56.7703329193
-57.2130672232
-57.9049388981
-58.7232306064
-59.5900979445
-60.6267150826
-61.561128196
-62.5748217908
-63.594043888
-64.4191090168
-65.1001777934
-65.6721464663
-61.6067104723
-59.4472251934
-58.8399151513
-58.8475319543
-59.2238509709
-59.9769395296
-57.6011292484
-57.6072357881
-58.8760470147
-60.0081321835
-61.0204455453
-61.9271520442
-62.7402708754
-63.470133145
-64.1257127352
-64.7148700648
-65.2445354605
-65.7208501825
-66.1492773429
-66.5346910611
-66.88144959
-67.1934563877
-67.47421192
-67.8933581754
-68.5450673228
-68.9845905671
-69.2821514948
-69.649616335
-69.8817746945
-70.0
-70.0
-70.0
-70.0
-70.0
-70.0
-70.0
-70.0
-70.0
-70.0
-70.0
-70.0
-70.0
-70.0
-70.0
-66.3278051863
-64.4198614585
-64.3056553954
-64.7701080434
-65.3882476356
-65.9128564698
-66.3638598879
-66.7556666092
-67.0988950884
-62.9726187802
-60.7310990359
-59.6951505548
-59.4170764477
-55.9540084475
0
-70.0
-70.0
-70.0
-70.0
-69.9114868138
-70.0
-70.0
-70.0
-70.0
-70.0
-70.0
-66.6468042783
-64.746660036
