-70.0
-70.0
-70.0
-70.0
-70.0
-70.0
-70.0
-70.0
-70.0
-70.0
-70.0
-70.0
-70.0
-70.0
-70.0
-70.0
-70.0
-70.0
-70.0
-70.0
-70.0
-70.0
-70.0
-70.0
-70.0
-70.0
-70.0
-70.0
-70.0
-70.0
-70.0
-70.0
-70.0
-70.0
-70.0
-70.0
-69.9247885779
-70.0
-70.0
-70.0
-70.0
-70.0
-63.7583348049
-60.2213911943
-59.3666509914
-59.2082518366
-61.4354726342
-70.0
-70.0
-70.0
-70.0
-70.0
-70.0
-70.0
-70.0
-70.0
-70.0
-70.0
-70.0
-70.0
-70.0
-63.2105435929
-60.8023129831
-60.5965211343
-63.8746498012
-68.6596175029
-70.0
-70.0
-70.0
-64.673832735
-61.6556712848
-56.2340298163
0
-70.0
-70.0
-70.0
-70.0
-70.0
-70.0
-70.0
-70.0
-70.0
-65.3960959678
-62.7872170163
-61.4623157448
-60.9519644571
-61.1816149075
-62.7692750228
-68.9490793031
-70.0
-70.0
-70.0
-70.0
-70.0
-69.8514111704
-69.7672108336
-69.1688947149
-68.8376085531
-68.6775832376
-62.052201992
-59.2809920173
-61.703600031
-67.0177227826
-66.1002860783
-63.3464811864
-61.9159822117
-61.3271500865
-62.1312585657
-62.8760150344
-64.1158906367
-64.0593784642
-64.9324758286
-70.0
-70.0
-70.0
-70.0
-70.0
-70.0
-70.0
-70.0
-70.0
-70.0
-70.0
-70.0
-70.0
-70.0
-70.0
-70.0
-70.0
-70.0
-70.0
-70.0
-70.0
-70.0
-70.0
-70.0
-70.0
-63.41165036
-58.6787033236
-56.2163116577
-55.9207994813
0
-70.0
-70.0
-70.0
-70.0
-70.0
-70.0
-66.551870677
-64.5979307273
-63.6056357332
-63.2234042123
-63.2199518261
-63.4438820001
-63.7967773712
-67.3268058861
-70.0
-70.0
-70.0
-70.0
-70.0
-67.2468634681
-65.1311972112
-64.0240908833
-63.5590240571
-63.4946831595
-57.5947332152
-54.4682721415
0
-70.0
-70.0
-70.0
-70.0
-70.0
-70.0
-70.0
-70.0
-70.0
-70.0
-64.5355859161
-61.4390846018
-59.8665476599
-65.007365635
-70.0
-70.0
-70.0
-70.0
-70.0
-70.0
-70.0
-70.0
-64.4097474252
-58.9086042995
-55.977631614
-54.6864602823
-57.5220386249
-69.282571872
-70.0
-70.0
-70.0
-70.0
-66.1797608436
-61.6816253216
-59.2600231643
-58.1650610978
0
-70.0
-70.0
-70.0
-70.0
-70.0
-70.0
-70.0
-70.0
-70.0
-70.0
-64.3449158962
-61.1403682374
-59.5129607009
-58.8860841556
-59.8688610699
-62.4639743014
-66.1669718378
-70.0
-70.0
-70.0
-70.0
-70.0
-70.0
-70.0
-70.0
-70.0
-70.0
-70.0
-70.0
-70.0
-70.0
-70.0
-70.0
-70.0
-70.0
-70.0
-64.9472439781
-59.7506822323
-56.9743891104
-55.742800267
0
-70.0
-70.0
-70.0
-70.0
-70.0
-70.0
-69.877258566
-69.8077050868
-69.7723828297
-64.8328507885
-62.8438390067
-61.8889706373
-61.5864172611
-57.008614449
-57.7490836762
-60.2435035119
-65.1445855559
-69.8884263256
-70.0
-70.0
-70.0
-70.0
-70.0
-63.7898323093
-61.4781385105
-67.0611689575
-70.0
-70.0
-70.0
-70.0
-70.0
-70.0
-70.0
-63.7665135712
-60.2342045949
-58.4403457227
-57.7493522086
0
-70.0
-70.0
-70.0
-70.0
-70.0
-70.0
-70.0
-67.4718114342
-66.0391712469
-65.3116147596
-65.0313603753
-64.0288407995
-63.626367694
-57.4760766263
-57.777136173
-64.7826283058
-70.0
-70.0
-70.0
-70.0
-70.0
-66.4611668501
-64.4558280651
-63.4374305253
-58.1192183913
-54.3358781845
0
-70.0
-70.0
-70.0
-70.0
-70.0
-70.0
-70.0
-70.0
-70.0
-70.0
-70.0
-70.0
-70.0
-70.0
-70.0
-67.5695863322
-66.1923519205
-65.4929328761
-59.4951219586
-56.2465980094
-54.7559303729
-54.3696654453
0
-70.0
-70.0
-70.0
-70.0
-70.0
-70.0
-70.0
-70.0
-70.0
-70.0
-70.0
-70.0
-70.0
-70.0
-70.0
-64.9409669543
-65.8324391118
-70.0
-70.0
-70.0
-70.0
-64.4464570517
-61.2994493809
-58.9975594288
-57.9831734765
0
-70.0
-70.0
-70.0
-70.0
-70.0
-70.0
-70.0
-70.0
-70.0
-66.946724571
-65.2165351613
-60.4489814545
-55.5734831819
0
-70.0
-70.0
-70.0
-70.0
-70.0
-70.0
-70.0
-70.0
-70.0
-70.0
-70.0
-64.1801788825
-58.5489469159
-55.5519095055
-55.2352900637
-55.5374753966
0
-70.0
-70.0
-70.0
-70.0
-70.0
-70.0
-70.0
-70.0
-70.0
-70.0
-70.0
-64.0664464028
-60.7040993643
-60.1918140752
-70.0
-70.0
-70.0
-70.0
-70.0
-70.0
-70.0
-70.0
-70.0
-70.0
-70.0
-70.0
-70.0
-70.0
-67.2314392609
-70.0
-70.0
-70.0
-70.0
-70.0
-70.0
-70.0
-70.0
-70.0
-70.0
-70.0
-70.0
-70.0
-70.0
-70.0
-70.0
-70.0
-70.0
-70.0
-70.0
-70.0
-70.0
-70.0
-70.0
-64.3877776542
-63.1457970528
-70.0
-70.0
-70.0
-70.0
-70.0
-70.0
-65.6866165916
-63.2423659934
-62.0010701015
-61.5229235629
-60.5186051595
-61.229776954
-56.0320927017
-55.9994736361
-65.8769915891
-70.0
-70.0
-70.0
-70.0
-70.0
-70.0
-70.0
-62.7860819969
-58.6981951285
0
-70.0
-70.0
-70.0
-70.0
-70.0
-70.0
-70.0
-70.0
-68.5239238732
-67.6874807346
-67.262698827
-67.0990730549
-67.0975951565
-67.1934552455
-67.3445227908
-68.7590926391
-70.0
-70.0
-70.0
-70.0
-70.0
-70.0
-70.0
-70.0
-70.0
-70.0
-70.0
-70.0
-70.0
-70.0
-70.0
-70.0
-70.0
-66.7509560383
-64.9098311267
-63.9748284755
-63.6146659356
-64.6112792233
-59.3106819214
-56.4866341429
-55.2426510044
-56.2862926414
-55.1105965445
-61.467610902
-68.7824202601
-70.0
-70.0
-66.5585602522
-64.6084110618
-63.6180411788
-63.2365512097
-62.3208970164
-55.9492852995
0
-70.0
-70.0
-70.0
-70.0
-70.0
-70.0
-70.0
-70.0
-66.1570229946
-63.9793360249
-62.8734126422
-57.5214855986
-54.7262798525
0
-70.0
-70.0
-70.0
-70.0
-70.0
-70.0
-70.0
-70.0
-70.0
-70.0
-70.0
-70.0
-70.0
-70.0
-70.0
-70.0
-70.0
-70.0
-69.9616465024
-67.6065795204
-66.2733200138
-64.6853784713
-63.9097675968
-63.6474088188
-63.7017465914
-63.9442910352
-64.291674667
-64.6903823572
-70.0
-70.0
-70.0
-70.0
-69.2441229975
-69.0132001035
-68.907539697
-68.8805587965
-68.901684963
-68.9509711641
-69.0155105127
-62.4967440823
-58.8355927547
-57.0110488663
-60.673785144
-70.0
-70.0
-70.0
-70.0
-70.0
-70.0
-70.0
-70.0
-70.0
-70.0
-70.0
-70.0
-63.2361297302
-61.5753268209
-67.3654415665
-70.0
-70.0
-70.0
-70.0
-70.0
-65.3053996735
-62.6451261551
-57.4052356167
-54.6811267731
0
-70.0
-70.0
-70.0
-70.0
-70.0
-70.0
-70.0
-70.0
-65.5726299662
-63.063786947
-61.7896882373
-61.2989060702
-61.5332592425
-62.4742336332
-65.2601304053
-70.0
-70.0
-70.0
-70.0
-70.0
-70.0
-70.0
-70.0
-70.0
-70.0
-63.493384872
-59.8063029661
-59.3052927814
-56.7540053917
-59.2266077151
-62.6476772874
-65.4088937968
-66.2263679225
-66.8426401338
-68.3142233021
-69.2533657596
-69.8417390422
-70.0
-70.0
-63.4456768899
-65.2739370777
-70.0
-70.0
-70.0
-69.1523477148
-67.2996596442
-66.2780581471
-65.7891619772
-65.6361855427
-66.4923292998
-67.1229379106
-68.1527607024
-68.8322290207
-64.9445636328
-67.3485515949
-70.0
-70.0
-70.0
-70.0
-70.0
-70.0
-70.0
-69.3542090426
-68.9882608334
-69.7633981045
-70.0
-70.0
-70.0
-70.0
-70.0
-70.0
-70.0
-70.0
-66.6239500726
-64.7108551138
-63.739302968
-63.3650615816
-57.7443974131
-54.7805189982
0
-70.0
-70.0
-70.0
-70.0
-70.0
-70.0
-70.0
-66.5967125703
-64.6681830268
-63.6887925331
-64.3108551797
-64.8737309283
-65.8517976633
-67.9668505026
-70.0
-70.0
-70.0
-70.0
-70.0
-70.0
-63.6324862409
-59.0632468865
-56.6862617109
-55.9348617232
-57.9043774553
-65.7118289598
-70.0
-70.0
-70.0
-70.0
-70.0
-70.0
-70.0
-70.0
-70.0
-70.0
-70.0
-69.6577718904
-70.0
-70.0
-70.0
-70.0
-70.0
-70.0
-70.0
-63.8887427779
-59.4263736582
-57.1014063978
-55.5808236061
-55.8585702179
-58.8147992201
-69.4875851082
-70.0
-70.0
-70.0
-70.0
-70.0
-64.7020548017
-61.6998858561
-59.2142734024
-58.0824301502
0
-70.0
-70.0
-70.0
-70.0
-70.0
-70.0
-70.0
-70.0
-70.0
-70.0
-70.0
-70.0
-70.0
-70.0
-70.0
-70.0
-70.0
-70.0
-70.0
-70.0
-70.0
-70.0
-70.0
-70.0
-70.0
-70.0
-70.0
-63.1031665076
-61.5680575393
-64.6546579012
-70.0
-70.0
-70.0
-70.0
-70.0
-70.0
-70.0
-70.0
-70.0
-69.2926932483
-68.891886089
-68.1327833682
-68.4519966929
-64.6162495281
-66.9211030419
-70.0
-70.0
-70.0
-67.1906196843
-65.5986375054
-60.9012713923
-58.3861426781
0
-70.0
-70.0
-70.0
-70.0
-70.0
-70.0
-70.0
-70.0
-70.0
-70.0
-70.0
-70.0
-70.0
-70.0
-70.0
-70.0
-70.0
-70.0
-70.0
-70.0
-70.0
-70.0
-70.0
-70.0
-70.0
-70.0
-70.0
-63.9182630061
-60.4719453762
-54.8328677302
0
-70.0
-70.0
-70.0
-70.0
-70.0
-70.0
-70.0
-70.0
-70.0
-70.0
-65.0811545739
-59.9604754991
-57.2227188709
-56.005974265
-55.7423950259
-56.0595009816
-57.3895479575
-63.5219972379
-69.3337969556
-66.274545984
-64.5631772015
-63.7175833586
-63.4196409409
-63.4602207923
-62.7040837822
-62.4935987834
-55.4716592467
0
-70.0
-70.0
-70.0
-70.0
-70.0
-70.0
-70.0
-70.0
-65.2134934765
-62.5011397798
-61.1236895691
-61.5540780148
-57.9521106184
-69.6037602302
-70.0
-70.0
-70.0
-70.0
-70.0
-70.0
-70.0
-70.0
-70.0
-69.287801567
-68.8842224549
-68.6792675725
-68.6003190573
-68.843268448
-70.0
-68.126186566
-67.4998266764
-67.2073498534
-66.7643965423
-67.4747907615
-61.9070116338
-57.0583326583
-54.5805141844
0
-70.0
-70.0
-70.0
-70.0
-70.0
-70.0
-70.0
-70.0
-70.0
-70.0
-70.0
-67.1713132371
-68.5423229178
-70.0
-70.0
-70.0
-70.0
-64.4149259519
-61.2500506579
-59.6427904596
-54.0977487327
0
-70.0
-70.0
-70.0
-70.0
-70.0
-70.0
-70.0
-70.0
-70.0
-70.0
-70.0
-70.0
-70.0
-70.0
-70.0
-66.6924379677
-70.0
-70.0
-70.0
-70.0
-70.0
-70.0
-70.0
-70.0
-70.0
-64.4811455714
-61.3537947285
-59.7655910652
-59.1538158317
-56.4954086943
-62.039586699
-66.7403848367
-70.0
-70.0
-70.0
-70.0
-70.0
-70.0
-70.0
-70.0
-64.3345487868
-61.3446264028
-61.045163339
-66.3139453652
-70.0
-70.0
-70.0
-70.0
-70.0
-70.0
-70.0
-70.0
-63.3789912707
-59.627086324
-62.5672255815
-70.0
-70.0
-70.0
-70.0
-70.0
-66.3155147932
-65.2274393568
-64.7336794498
-64.612967524
-65.4238118213
-60.3180020387
-57.9105827677
-56.8691117796
-58.1406664116
-63.5745163552
-70.0
-70.0
-70.0
-70.0
-70.0
-70.0
-70.0
-70.0
-65.0098829339
-62.1821499298
-60.7461051297
-60.192941412
-60.1879451343
-61.7057632459
-70.0
-70.0
-70.0
-70.0
-70.0
-70.0
-70.0
-70.0
-70.0
-70.0
-70.0
-70.0
-70.0
-62.6178597861
-59.4337588764
-66.4749799603
-70.0
-70.0
-70.0
-70.0
-70.0
-70.0
-70.0
-70.0
-70.0
-63.8503122671
-60.3654892185
-58.5957457487
0
-70.0
-70.0
-70.0
-70.0
-70.0
-70.0
-69.3715616945
-69.0154466546
-68.8345960756
-69.5674016615
-70.0
-70.0
-70.0
-70.0
-70.0
-70.0
-70.0
-70.0
-70.0
-70.0
-70.0
-64.5744505405
-61.4999725135
-59.9386199468
-59.3371877419
-59.3317554942
-59.9240900391
-61.2564481882
-65.9354201844
-70.0
-70.0
-70.0
-70.0
-68.447391501
-67.5675800183
-68.1205733089
-68.5150168397
-68.3568716096
-62.5718994508
-57.0151861738
-54.1139853351
-56.147517432
-66.3980748865
-70.0
-70.0
-70.0
-70.0
-70.0
-70.0
-70.0
-70.0
-70.0
-62.5573305446
-58.5740778916
-58.238006914
-61.4799788807
-66.1208868599
-69.5093773252
-70.0
-70.0
-70.0
-70.0
-70.0
-70.0
-70.0
-70.0
-69.139328461
-70.0
-70.0
-70.0
-70.0
-70.0
-70.0
-70.0
-70.0
-70.0
-70.0
-63.9817275329
-60.5713731349
-58.8394480582
-58.1723114103
-58.6730293539
-56.1516483096
-58.5565552098
-65.1613370442
-67.1882131881
-66.2788037579
-63.5238646413
-62.0867723499
-61.48829123
-62.3739077415
-63.1594807237
-62.9466333174
-63.0540370963
-62.794455905
-62.8788919933
-65.5339405686
-70.0
-70.0
-70.0
-70.0
-70.0
-70.0
-70.0
-70.0
-70.0
-70.0
-70.0
-70.0
-63.2875655785
-59.9951315293
-64.1283929141
-70.0
-70.0
-70.0
-70.0
-70.0
-70.0
-70.0
-70.0
-70.0
-63.9241601712
-60.4811842682
-58.7326925842
-58.2943478465
-65.5618824557
-70.0
-70.0
-70.0
-70.0
-70.0
-70.0
-70.0
-70.0
-65.4248951303
-62.8323357042
-62.0712777472
-61.8789337148
-62.2716355222
-69.1391466138
-70.0
-70.0
-70.0
-70.0
-70.0
-70.0
-70.0
-70.0
-70.0
-70.0
-70.0
-70.0
-70.0
-70.0
-70.0
-70.0
-70.0
-70.0
-70.0
-70.0
-70.0
-70.0
-70.0
-63.4021304715
-59.9160370659
-61.4781338424
-70.0
-70.0
-70.0
-70.0
-70.0
-70.0
-70.0
-70.0
-70.0
-64.0206536835
-60.6323574375
-58.911634442
-59.2488127898
-61.5823292834
-67.9690035451
-70.0
-70.0
-70.0
-70.0
-70.0
-70.0
-70.0
-70.0
-70.0
-70.0
-70.0
-70.0
-66.4919573617
-70.0
-70.0
-69.619648901
-69.4041166116
-69.8502155731
-70.0
-64.5544985483
-61.4687143924
-56.0127311969
0
-70.0
-70.0
-70.0
-70.0
-70.0
-68.6042269219
-67.8132888443
-67.4116163696
-67.2568923391
-61.6382108922
-58.5457283277
-57.7227666834
-61.3779078803
-70.0
-70.0
-70.0
-70.0
-70.0
-65.6172857722
-63.1337477099
-61.8724999488
-61.3866679605
-56.7647953991
-54.432845349
0
-70.0
-70.0
-70.0
-70.0
-70.0
-70.0
-70.0
-67.1791384995
-64.8769466123
-63.6663999261
-63.1511919169
-63.0703607142
-63.2528499687
-63.5872485225
-64.4824118279
-70.0
-70.0
-70.0
-70.0
-70.0
-70.0
-70.0
-70.0
-70.0
-70.0
-69.5220349029
-69.7395766617
-67.1262499981
-70.0
-70.0
-70.0
-70.0
-70.0
-70.0
-69.9509040445
-63.1962120992
-60.3701897264
-58.9955699786
-59.0931680194
-60.7228274088
-65.8229851153
-70.0
-70.0
-70.0
-70.0
-64.6977422217
-61.6931294806
-60.1672575199
-59.5794924262
-59.5741836224
-58.9200479916
-60.2753563478
-67.1409568406
-70.0
-70.0
-70.0
-70.0
-70.0
-70.0
-65.7467646361
-63.3365979299
-62.1126113085
-61.6411322921
-62.5490823106
-63.5840875789
-66.0656741431
-66.2613999934
-69.9467190787
-70.0
-70.0
-70.0
-70.0
-70.0
-69.4014722726
-69.0623065603
-70.0
-70.0
-70.0
-70.0
-70.0
-68.8217992895
-67.1931706626
-67.013258168
-67.0048687323
-66.3959690761
-60.0725743462
-54.2761183633
0
-70.0
-70.0
-70.0
-70.0
-70.0
-70.0
-70.0
-70.0
-70.0
-70.0
-70.0
-70.0
-69.7610098398
-69.6255820824
-69.7607221655
-70.0
-70.0
-70.0
-70.0
-70.0
-70.0
-68.5851190628
-65.4500198651
-64.7199497115
-60.5690204067
-57.4513564737
-55.9990462315
-55.5943585451
-55.8317339818
-57.6204388743
-63.783038428
-70.0
-70.0
-70.0
-70.0
-70.0
-70.0
-70.0
-62.9362169662
-59.9318841415
-54.5759994198
0
-70.0
-70.0
-70.0
-70.0
-70.0
-70.0
-69.563204778
-69.3156874855
-69.1899875272
-69.1415679679
-69.1411306334
-69.1694972116
-69.6804966737
-70.0
-70.0
-70.0
-70.0
-66.8082854164
-65.1808045598
-59.6077542478
-56.276998919
-54.624362493
-54.1453018876
-54.6368052398
-57.1229317894
-67.7800564885
-70.0
-70.0
-67.5858912802
-66.4141000426
-65.0280861629
-59.4362823704
-56.4333240158
-55.0837715359
-55.7452353686
0
-70.0
-70.0
-70.0
-70.0
-70.0
-70.0
-70.0
-70.0
-67.4280528166
-65.9706160793
-65.2304668343
-64.9453617261
-64.9427866037
-65.1098153101
-65.3730386903
-66.8356595873
-70.0
-70.0
-70.0
-70.0
-70.0
-65.0641271556
-62.8226880993
-61.7170683956
-61.3297942935
-55.7691527385
0
-70.0
-70.0
-70.0
-70.0
-70.0
-70.0
-70.0
-70.0
-66.0481090157
-62.8102265635
-61.1071562067
-60.3817421191
-60.2671022625
-60.5227482732
-56.7561636553
-64.8135987414
-70.0
-70.0
-70.0
-70.0
-70.0
-70.0
-70.0
-63.2269366352
-59.3888673951
0
-70.0
-70.0
-70.0
-70.0
-70.0
-70.0
-70.0
-70.0
-65.8101460407
-63.4358954638
-62.2301486022
-61.7656955319
-61.7615005052
-62.0336001391
-63.4271961598
-67.7548785748
-70.0
-70.0
-70.0
-70.0
-70.0
-66.7678099415
-64.936235575
-64.0060831026
-63.647788849
-63.6445526686
-63.8544592047
-64.1852544863
-65.5602149757
-67.7488087501
-65.1319083394
-66.6530784198
-69.2835520352
-67.2946038558
-66.3942388937
-65.9742119533
-59.9319852368
-56.6422496991
-55.1136667198
-56.7905771257
-60.4088753884
-67.1530538738
-68.6759791771
-70.0
-70.0
-70.0
-70.0
-70.0
-70.0
-64.417510233
-61.254099365
-59.6475828654
-59.0287535368
-60.8701075929
-70.0
-70.0
-70.0
-70.0
-70.0
-70.0
-70.0
-70.0
-70.0
-70.0
-70.0
-70.0
-70.0
-63.1359811848
-59.2463705229
-63.248378316
-70.0
-70.0
-70.0
-70.0
-70.0
-70.0
-70.0
-70.0
-70.0
-70.0
-63.321459249
-60.5367523376
-59.1813697796
-60.1426825895
-69.1086656042
-70.0
-70.0
-70.0
-70.0
-69.9540728489
-69.9280474633
-69.9148306498
-70.0
-70.0
-70.0
-69.3766302908
-69.9788648996
-70.0
-70.0
-70.0
-70.0
-70.0
-70.0
-70.0
-70.0
-70.0
-70.0
-70.0
-64.2473449213
-60.9875070433
-61.0927886418
-67.8569271797
-70.0
-70.0
-70.0
-70.0
-70.0
-70.0
-70.0
-70.0
-70.0
-70.0
-70.0
-63.195637049
-59.8070710868
-66.8168764061
-70.0
-70.0
-70.0
-70.0
-70.0
-67.2863805883
-65.7486629216
-64.9677435576
-65.6668744174
-66.2307904527
-66.6947803921
-67.0833483427
-67.413710835
-63.0180724384
-66.0859293846
-70.0
-70.0
-70.0
-70.0
-69.719742444
-70.0
-66.6142004217
-64.6955806607
-63.721222782
-57.4785023663
0
-70.0
-70.0
-70.0
-70.0
-70.0
-70.0
-70.0
-70.0
-70.0
-70.0
-70.0
-70.0
-70.0
-70.0
-70.0
-70.0
-70.0
-70.0
-70.0
-70.0
-70.0
-70.0
-70.0
-70.0
-70.0
-70.0
-70.0
-70.0
-63.3399641087
-60.2664305314
-62.3092434491
-70.0
-70.0
-70.0
-70.0
-70.0
-70.0
-70.0
-64.7502841601
-62.6437579414
-61.9583836121
-61.8152128942
-62.0021367003
-64.5190424072
-69.7895598978
-70.0
-70.0
-70.0
-70.0
-70.0
-70.0
-70.0
-70.0
-70.0
-70.0
-66.1689357071
-70.0
-70.0
-70.0
-68.1489149051
-68.0976830264
-68.130354465
-63.28635292
-60.603740229
-58.3078323665
-57.3200265701
-57.1500088732
-57.4763312927
-59.0589341771
-56.4017027086
-60.2368842964
-63.351805106
-65.6726080093
-67.209336151
-68.2243951643
-68.8926174002
-69.330463495
-69.6154890354
-69.7993213918
-70.0
-70.0
-70.0
-70.0
-70.0
-70.0
-67.6559493802
-66.3276540289
-65.6530883505
-65.3932459985
-59.7736151034
-55.8012437263
0
-70.0
-70.0
-70.0
-70.0
-70.0
-70.0
-70.0
-65.3397549528
-62.5599462253
-60.806729448
-60.0612417333
-59.8545922653
-64.0016077461
-70.0
-70.0
-70.0
-70.0
-70.0
-65.5829352181
-63.8824009775
-59.1771115116
-56.7147007818
0
-70.0
-70.0
-70.0
-70.0
-70.0
-70.0
-70.0
-70.0
-70.0
-66.4269473467
-64.4022175099
-63.3739723575
-62.9778928541
-62.9743153902
-63.2063583989
-57.4321718223
-57.1622812015
-61.6089688201
-69.5410906137
-70.0
-70.0
-70.0
-70.0
-70.0
-70.0
-70.0
-70.0
-70.0
-63.5378068384
-65.3510430975
-70.0
-70.0
-70.0
-70.0
-70.0
-70.0
-70.0
-70.0
-70.0
-63.5707747866
-59.0153386608
0
-70.0
-70.0
-70.0
-70.0
-70.0
-70.0
-70.0
-70.0
-70.0
-70.0
-70.0
-70.0
-70.0
-70.0
-70.0
-70.0
-70.0
-70.0
-70.0
-65.1785470306
-62.446390348
-61.0588833268
-60.5244163365
-60.5195889312
-61.7936877479
-56.9239457824
-59.502263618
-67.3231458794
-70.0
-70.0
-70.0
-70.0
-70.0
-70.0
-70.0
-70.0
-64.1193181373
-60.7869317485
-55.2057133013
-59.3841732536
-70.0
-70.0
-70.0
-70.0
-70.0
-70.0
-70.0
-70.0
-69.8687415802
-62.8752889485
-59.8289162428
-58.3401287445
-57.8355186208
-61.2184773121
-69.7530654073
-70.0
-70.0
-70.0
-70.0
-70.0
-70.0
-70.0
-70.0
-70.0
-70.0
-70.0
-70.0
-70.0
-70.0
-70.0
-69.8565143586
-69.7752058285
-69.7339138494
-68.7231464315
-68.1592477663
-67.882266975
-61.4012100674
-57.799202254
-57.0331298042
-60.8378753814
-68.5649893678
-70.0
-70.0
-70.0
-70.0
-70.0
-70.0
-70.0
-69.7978431036
-70.0
-70.0
-70.0
-63.6491498198
-63.592101465
-68.7531318474
-68.8405081472
-69.4248350609
-70.0
-70.0
-70.0
-70.0
-64.2253526047
-61.1848022549
-57.8792891784
-60.0555008092
-64.2552191296
-67.6277416713
-69.7303304739
-70.0
-70.0
-70.0
-63.6415958556
-60.0385001738
-58.2086927589
-58.0264446788
-61.5476607433
-70.0
-70.0
-70.0
-70.0
-67.063064959
-64.3989354264
-62.9871598592
-62.3738558569
-62.2600782603
-56.3716197933
0
-70.0
-70.0
-70.0
-70.0
-70.0
-70.0
-70.0
-70.0
-70.0
-64.1944153422
-61.415508815
-60.7339571639
-62.9628166543
-66.3005770969
-68.8825328706
-70.0
-70.0
-65.23010784
-62.5979042432
-63.1327744665
-63.932849871
-64.8536334513
-66.0788588677
-67.1801516076
-69.0132709633
-63.800955336
-62.0846819014
-65.1066230545
-64.0327631735
-61.7645426006
-60.6781255036
-60.3370043952
-60.4544315837
-60.8430735107
-61.3814895498
-61.991822855
-63.0928597355
-64.5893987108
-70.0
-70.0
-70.0
-70.0
-70.0
-65.6236579134
-63.143730731
-57.9954278417
-54.3456169556
0
-70.0
-70.0
-70.0
-70.0
-70.0
-70.0
-70.0
-70.0
-70.0
-70.0
-70.0
-64.3736579204
-62.1593851137
-61.4255085926
-61.6043323935
-63.4071403692
-69.8997004592
-70.0
-70.0
-70.0
-70.0
-70.0
-70.0
-70.0
-63.5060908434
-59.826208988
-57.7857779258
-57.6751306852
-54.7638575131
-57.1875335921
-60.4796041677
-57.8462671148
-57.6707126731
