-67.85
-65.915
-64.1735
-62.60615
-61.195535
-59.9259815
-58.78338335
-57.755045015
-56.8295405135
-55.9965864621
-55.2469278159
-54.5722350343
0
-70.0
-70.0
-70.0
-70.0
-70.0
-70.0
-70.0
-70.0
-70.0
-70.0
-70.0
-70.0
-70.0
-70.0
-70.0
-70.0
-70.0
-70.0
-69.5397294156
-68.5622427511
-67.3070093274
-65.9269689623
-64.5180457778
-63.1387570078
-61.8232251789
-61.4097985756
-59.9114159944
-58.6320059126
-58.3466263331
-57.8471777076
-57.235935942
-56.577993018
-55.9139608296
-55.2684094889
-54.6554650349
-70.0
-70.0
-70.0
-70.0
-70.0
-70.0
-70.0
-70.0
-70.0
-70.0
-70.0
-70.0
-70.0
-70.0
-70.0
-70.0
-69.6058208521
-68.6657860016
-67.4295722246
-66.0568582176
-64.6480012061
-63.2644202923
-61.942124401
-60.7006760528
-59.5491178422
-58.4898789877
-57.5213397088
-56.6395048178
-55.8390870559
-55.1142001636
-55.2787946895
-55.151591582
-54.8535499981
-60.0029400478
-70.0
-70.0
-70.0
-70.0
-70.0
-70.0
-70.0
-70.0
-70.0
-70.0
-70.0
-70.0
-70.0
-70.0
-69.5005901611
-68.5009245857
-67.2344277543
-65.8500487303
-64.4410863582
-63.0643393897
-61.752813229
-60.5241370915
-59.3861268394
-58.3404497934
-58.2050285727
-70.0
-70.0
-70.0
-68.9176293844
-66.9876193689
-65.2133593807
-63.5916914084
-70.0
-70.0
-70.0
-70.0
-70.0
-70.0
-70.0
-70.0
-70.0
-70.0
-70.0
-69.7171918597
-68.8402672469
-66.8161035709
-64.9910685797
-63.346345299
-61.8646331539
-60.530118095
-59.3284051232
-58.2464305027
-58.0923647136
-57.6801797497
-56.3068627797
-56.0426438384
-55.6326910123
-55.1489629496
-62.7370940137
-70.0
-70.0
-70.0
-70.0
-70.0
-70.0
-70.0
-70.0
-70.0
-70.0
-70.0
-70.0
-70.0
-70.0
-70.0
-70.0
-69.9672692289
-69.2320551252
-68.0998581589
-66.7672113737
-65.3587162569
-63.9516619782
-62.5923740117
-61.3070554314
-60.1089624356
-59.0031412235
-57.9895437888
-57.0650672017
-56.2248790094
-54.643270127
0
-70.0
-70.0
-70.0
-70.0
-70.0
-70.0
-70.0
-70.0
-70.0
-70.0
-70.0
-70.0
-70.0
-70.0
-70.0
-69.931932828
-69.1766947639
-68.0343287667
-66.6977648761
-65.2892343792
-64.7044749351
-63.8134701041
-62.7684182021
-61.6657731208
-60.565326968
-58.6828817107
-56.393985166
-54.7575144003
0
-70.0
-70.0
-70.0
-70.0
-70.0
-70.0
-70.0
-70.0
-70.0
-70.0
-70.0
-70.0
-70.0
-70.0
-70.0
-70.0
-70.0
-69.4457665687
-68.415034291
-67.132760448
-65.7423041272
-64.3332868639
-62.9601002771
-61.6541849824
-61.2521629729
-60.5858776681
-59.7832438962
-59.7455555033
-60.1680906174
-60.0326753319
-59.5670036496
-58.9187005185
-58.1824286226
-57.4179178643
-55.8419474805
-70.0
-70.0
-70.0
-70.0
-70.0
-70.0
-70.0
-70.0
-70.0
-70.0
-70.0
-70.0
-70.0
-70.0
-69.3408284724
-68.2506312735
-67.7581585783
-66.000736342
-65.1829251221
-64.1361408861
-62.9868656483
-61.814404984
-60.6671150859
-59.5731706442
-58.5476982911
-57.5974916028
-55.9041178698
-54.641289701
0
-70.0
-70.0
-70.0
-70.0
-70.0
-70.0
-70.0
-70.0
-70.0
-70.0
-70.0
-70.0
-70.0
-70.0
-70.0
-70.0
-70.0
-69.471254739
-68.4549657578
-68.0000268438
-67.0770626006
-65.9040486347
-63.8001053007
-62.0277357902
-60.5133895576
-59.2043354994
-58.0620918812
-57.0580093143
-56.1702927969
-55.38198646
-54.6796031091
0
-70.0
-70.0
-70.0
-70.0
-70.0
-70.0
-70.0
-70.0
-70.0
-70.0
-70.0
-70.0
-70.0
-70.0
-70.0
-69.5503492166
-68.5788804394
-67.3267031584
-66.7678400178
-65.8235941329
-64.6795934642
-63.4538732808
-62.2199787281
-61.0223093722
-59.8862974463
-58.8251470425
-57.8442852321
-56.9442919715
-56.1228196161
-55.3758422156
-54.6984610349
-54.0854169585
0
-70.0
-70.0
-70.0
-70.0
-70.0
-70.0
-70.0
-70.0
-70.0
-70.0
-70.0
-70.0
-70.0
-70.0
-70.0
-69.6664077468
-68.76070547
-68.3619272549
-66.640596084
-64.1831108454
-62.1858493407
-60.5312974598
-58.3175230827
-56.6620076869
-56.2166315266
-55.6921847795
-55.9577772386
-55.8685401394
-55.5693798753
-55.154237721
-54.6833445043
-70.0
-70.0
-70.0
-70.0
-70.0
-70.0
-70.0
-70.0
-70.0
-70.0
-70.0
-69.9473415314
-69.2008350658
-68.0629033509
-66.7280475436
-66.1395324745
-65.1984390172
-63.2571683089
-61.6005002736
-60.16981611
-58.9224117415
-57.8265553957
-56.8581564083
-55.1785118023
0
-70.0
-70.0
-70.0
-70.0
-70.0
-70.0
-70.0
-70.0
-70.0
-70.0
-70.0
-70.0
-70.0
-70.0
-70.0
-70.0
-70.0
-70.0
-69.7973600522
-69.7858640817
-69.0694376968
-67.9539339425
-66.6361672253
-65.2409682874
-63.8458166484
-62.4971984434
-60.401454239
-58.747292575
-57.4132191575
-56.3156678017
-56.2166147282
-55.8999623931
-55.463305579
-54.9692013045
-54.4570986964
0
-70.0
-70.0
-70.0
-70.0
-70.0
-70.0
-70.0
-70.0
-70.0
-70.0
-70.0
-70.0
-70.0
-70.0
-69.980928455
-69.2534545795
-68.1251884349
-66.7940558003
-65.3855743595
-63.9776330164
-62.61694711
-61.3299706625
-60.9501191052
-59.4872042007
-58.243215118
-57.1720478311
-56.2402791979
-55.4232087114
-54.7021927958
-54.0628434865
-64.5738057845
-70.0
-70.0
-70.0
-70.0
-70.0
-70.0
-70.0
-70.0
-70.0
-70.0
-68.9142241933
-67.5822845695
-66.1470446429
-65.5176658655
-63.7527830702
-62.1854272907
-60.7888329133
-59.5412485231
-58.4246562715
-57.4238790448
-57.345950074
-57.0043276891
-56.5158766685
-55.9556101671
-55.3709299274
-54.791090786
-54.233484275
0
-70.0
-70.0
-70.0
-70.0
-70.0
-70.0
-70.0
-70.0
-70.0
-70.0
-70.0
-70.0
-70.0
-70.0
-69.8228580102
-69.0058108826
-67.0120555766
-65.1987338738
-63.5541163897
-62.0655420195
-60.7202126635
-59.5056746277
-58.4100959853
-57.4224122671
-56.5323882939
-55.7306276335
-55.0085503161
-54.3583522485
0
-70.0
-70.0
-70.0
-70.0
-70.0
-70.0
-70.0
-70.0
-70.0
-70.0
-70.0
-70.0
-70.0
-70.0
-70.0
-69.4815248934
-68.4710556663
-67.1990722745
-65.8125798303
-65.2235983694
-64.3127562139
-63.2391590468
-62.103695445
-61.7889607691
-61.9771546046
-62.460832419
-62.2856780271
-61.721062791
-60.9415915563
-59.239189097
-58.6797746515
-58.0048001624
-57.2829887969
-62.0971356844
-70.0
-70.0
-70.0
-70.0
-70.0
-70.0
-70.0
-70.0
-70.0
-70.0
-69.5743921218
-68.6165476574
-67.3712893902
-65.9950914502
-64.5862029712
-63.2046631181
-61.885583769
-60.6479500339
-59.500438125
-58.4452497089
-57.4806283355
-56.6025012337
-55.8055415981
-55.0838477635
-54.4313698706
0
-70.0
-70.0
-70.0
-70.0
-70.0
-70.0
-70.0
-70.0
-70.0
-70.0
-70.0
-70.0
-70.0
-70.0
-70.0
-69.855078374
-69.0562894526
-67.8918064514
-65.7267231023
-63.8534489894
-62.2177028887
-60.7789984653
-59.5064758624
-58.3760797719
-57.3686394586
-56.4685539553
-55.6628841881
-54.9407195216
0
-70.0
-70.0
-70.0
-70.0
-70.0
-70.0
-70.0
-70.0
-70.0
-70.0
-70.0
-70.0
-70.0
-70.0
-70.0
-70.0
-70.0
-69.8597836248
-69.0636610122
-68.7205320776
-67.8406369809
-66.6680120235
-65.3588366483
-64.8313702015
-63.9705113268
-62.938312291
-61.8377157932
-61.5527673681
-60.9467060674
-60.1681790847
-59.3121235923
-58.4380861771
-56.7623941888
-55.4815658561
-54.4803499947
-64.7602273253
-70.0
-70.0
-70.0
-70.0
-70.0
-70.0
-70.0
-70.0
-70.0
-70.0
-69.4710900064
-68.4547076767
-66.3597213563
-64.5074055189
-62.8624358325
-61.3967061595
-60.0873781505
-58.9155354067
-57.0452452468
-55.6382296427
0
-70.0
-70.0
-70.0
-70.0
-67.693512443
-65.6698361606
-69.423302519
-70.0
-70.0
-70.0
-70.0
-70.0
-70.0
-70.0
-70.0
-70.0
-70.0
-70.0
-70.0
-70.0
-69.9074029553
-69.1382646299
-67.9888394804
-66.649556408
-65.241001351
-63.8378349384
-62.4846739262
-62.0266215214
-61.3009026944
-60.4387746418
-60.3435386555
-59.8916124418
-59.2407362989
-58.4921860699
-57.7099830634
-56.9336618241
-56.1867470198
-60.2023443448
-70.0
-70.0
-70.0
-70.0
-70.0
-70.0
-70.0
-70.0
-70.0
-69.9230719725
-69.1628127569
-68.8378968024
-67.9650173362
-66.7924557453
-65.4791702659
-64.1252266361
-63.6120195703
-62.8003613452
-61.8366876986
-60.813927254
-59.7898067455
-59.6190075488
-59.1458944459
-58.5071634359
-57.7903527154
-57.0505878593
-56.3217093503
-55.6236585999
-60.5073728626
-70.0
-70.0
-70.0
-70.0
-70.0
-70.0
-70.0
-70.0
-70.0
-70.0
-69.932207166
-69.1771245601
-68.0348375112
-66.6983040314
-65.2897738092
-63.8849965489
-62.5292969745
-61.2482339973
-60.0546550777
-58.9533525568
-57.9441259589
-57.0237858016
-56.1874555138
-55.429408824
-54.743600516
-54.123995514
-54.3847659957
-54.3450694182
-54.1264158244
0
-70.0
-70.0
-70.0
-70.0
-70.0
-70.0
-70.0
-70.0
-70.0
-70.0
-70.0
-70.0
-70.0
-69.7425531466
-68.8799999297
-67.6831346686
-65.5055776896
-63.6321909126
-62.0037524826
-60.5765643418
-59.3176993127
-58.2017903181
-57.2088519107
-56.3227938026
-55.5303991443
-54.8206157112
-54.184058461
0
-70.0
-70.0
-70.0
-70.0
-70.0
-70.0
-70.0
-70.0
-70.0
-70.0
-70.0
-70.0
-70.0
-70.0
-70.0
-70.0
-69.3570007432
-68.275967831
-66.968149156
-65.5678529791
-64.1587468404
-63.6113249291
-62.7791609514
-61.803890533
-60.7752652642
-60.5689145942
-60.042807039
-59.3423822712
-58.5607146682
-57.7563569508
-56.9651970887
-56.2083279351
-55.4972621784
-70.0
-70.0
-70.0
-70.0
-70.0
-70.0
-70.0
-70.0
-70.0
-70.0
-70.0
-69.5944486548
-68.6479695591
-67.4084831165
-66.0345084803
-64.6256400826
-63.2427977079
-61.9216656928
-60.6815976273
-60.3515035338
-59.7583969599
-59.0272531169
-59.0576583738
-58.7239795822
-58.1829729878
-57.535603265
-56.8459946557
-56.1540296683
-55.4837163536
-65.9287378189
-70.0
-70.0
-70.0
-70.0
-70.0
-70.0
-70.0
-70.0
-70.0
-70.0
-70.0
-70.0
-68.5622162251
-67.0308054193
-66.3142654218
-65.290532576
-64.1166084493
-62.0717003583
-59.5723654917
-58.5236857221
-57.5603550029
-57.5003447379
-57.1643270877
-56.6739055946
-56.107189179
-55.5135863569
-54.1036384518
0
-70.0
-70.0
-70.0
-70.0
-70.0
-70.0
-70.0
-70.0
-70.0
-70.0
-70.0
-70.0
-70.0
-69.4086591565
-68.3568993451
-67.0639468135
-65.6693770674
-64.2603226508
-62.8895459125
-62.4074283391
-61.6545768504
-60.7643800622
-59.8214493205
-58.8783092315
-58.786481537
-57.5685022025
-56.535431195
-55.647740884
-54.8768686679
-54.2017830493
-70.0
-70.0
-70.0
-70.0
-70.0
-70.0
-70.0
-70.0
-70.0
-70.0
-70.0
-70.0
-69.6778520747
-68.778634917
-67.5631501251
-65.3784209125
-63.5049693545
-61.8807327746
-60.4601664008
-59.2091543632
-58.1015753285
-57.1169753967
-57.0589829245
-56.7388880103
-56.2722014614
-55.7331161501
-55.1685610916
-54.6075426868
-54.0673468877
0
-70.0
-70.0
-70.0
-70.0
-70.0
-70.0
-70.0
-70.0
-70.0
-70.0
-70.0
-70.0
-70.0
-70.0
-69.0234470929
-67.7534004455
-66.3495924423
-64.9123212256
-64.3228811214
-63.4417876881
-62.4150720386
-61.3352069142
-61.0794476092
-60.5066771058
-59.7627922336
-58.1210349025
-56.8152793404
-55.7546500251
-54.8764507685
-54.1369828555
0
-70.0
-70.0
-70.0
-70.0
-70.0
-70.0
-70.0
-70.0
-70.0
-70.0
-70.0
-70.0
-70.0
-68.8266180589
-67.4450349589
-65.9845839336
-64.525493854
-63.1158566778
-61.7828791494
-60.5403299941
-59.3934561678
-59.1622166664
-57.8480657434
-56.7479729981
-55.8129849177
-54.1882259055
0
-70.0
-70.0
-70.0
-70.0
-70.0
-70.0
-70.0
-70.0
-70.0
-70.0
-70.0
-70.0
-70.0
-70.0
-70.0
-69.4971117473
-68.4954750708
-67.2279772292
-65.8432126166
-65.2542467618
-64.3423923569
-63.2671999687
-62.9498445368
-62.2777697932
-60.5952659538
-59.1825881185
-57.9788951466
-56.9407161919
-56.0364516128
-55.2426778115
-55.3616576037
-55.2043235589
-61.2464456797
-70.0
-70.0
-70.0
-70.0
-70.0
-70.0
-70.0
-70.0
-70.0
-70.0
-70.0
-69.5110498001
-68.5173113535
-68.0738245737
-67.1552716868
-65.982297565
-64.6957698398
-63.38399421
-62.1007956918
-60.8775167245
-59.7309654533
-58.6686691755
-58.5123357696
-58.0847912004
-57.5087714189
-56.8628671693
-56.1965623806
-54.720227428
0
-70.0
-70.0
-70.0
-70.0
-70.0
-70.0
-70.0
-70.0
-70.0
-70.0
-70.0
-70.0
-70.0
-70.0
-69.3005889545
-68.1875893621
-67.6835366279
-66.7416537664
-65.568468924
-64.2956090544
-63.0053728309
-62.567718669
-61.8362022163
-60.9527522708
-59.1875905611
-57.7722405166
-56.613955806
-55.6485197861
-54.8309741813
-54.1294143457
-64.6008312995
-70.0
-70.0
-70.0
-70.0
-70.0
-70.0
-70.0
-70.0
-70.0
-70.0
-70.0
-69.9205693793
-69.1588920276
-68.0132558823
-66.6754323324
-64.446890458
-62.5782023182
-60.9877160236
-59.6171670461
-57.6042654247
-56.0930489377
-54.9332174143
-54.0228779198
0
-70.0
-70.0
-70.0
-70.0
-70.0
-70.0
-70.0
-70.0
-70.0
-70.0
-70.0
-70.0
-70.0
-70.0
-70.0
-70.0
-70.0
-70.0
-69.6295110636
-69.5229006663
-69.5781710723
-68.9087276136
-67.8267706179
-66.5333707332
-65.9762184446
-65.0593864566
-63.9573077153
-62.78081688
-61.5988951494
-61.2731122728
-60.6518721378
-59.8740656521
-59.028246239
-58.1698130498
-57.3324260347
-56.5355796244
-70.0
-70.0
-70.0
-70.0
-70.0
-70.0
-70.0
-70.0
-70.0
-70.0
-70.0
-70.0
-68.9816171307
-67.6878668381
-66.2720211013
-64.8301129559
-63.42063097
-62.0775874129
-60.8191750315
-59.6534884349
-58.5822935292
-57.6035001348
-57.5327740936
-58.0092459991
-58.7981542758
-58.9282274326
-58.6586637456
-58.9783034086
-58.820810426
-57.5622876223
-56.505097686
-70.0
-70.0
-70.0
-70.0
-70.0
-70.0
-70.0
-70.0
-70.0
-70.0
-70.0
-70.0
-68.7089761335
-67.2607292758
-65.7664235187
-64.2942926138
-62.8845376504
-60.739200084
-59.864024208
-58.9601178755
-58.0691034802
-57.2155247269
-56.4128599841
-55.6674991389
-54.9813659939
-54.3536405737
0
-70.0
-70.0
-70.0
-70.0
-70.0
-70.0
-70.0
-70.0
-70.0
-70.0
-70.0
-70.0
-70.0
-70.0
-70.0
-70.0
-70.0
-70.0
-69.5053614277
-69.32839957
-68.5279424697
-67.3800701272
-66.0620110508
-64.6857752366
-64.1405079069
-63.2919972455
-62.2898242738
-61.2288596817
-60.9879856036
-60.4271949701
-59.6931474242
-58.8796139826
-58.0455067849
-57.2268589067
-55.624774883
-59.966003081
-70.0
-70.0
-70.0
-70.0
-70.0
-70.0
-70.0
-70.0
-70.0
-70.0
-69.853882798
-69.0544163836
-67.8895893221
-66.5443734412
-65.1357647979
-63.7360741187
-62.3883905738
-61.1168340945
-59.9333390704
-58.8421307536
-57.8426680717
-56.9315681935
-56.1038559935
-56.1737668071
-55.9599210683
-55.5829495894
-55.1206683824
-54.6226107122
-54.1196890863
-70.0
-70.0
-70.0
-70.0
-70.0
-70.0
-70.0
-70.0
-70.0
-70.0
-70.0
-69.8569078668
-69.059155658
-67.8951991441
-65.7303185976
-63.8570463165
-62.2211814039
-60.7822897429
-60.3295450882
-59.6635801258
-58.8918818108
-58.0824667615
-57.2774021731
-55.6817833477
0
-70.0
-70.0
-70.0
-70.0
-70.0
-70.0
-70.0
-70.0
-70.0
-70.0
-70.0
-70.0
-70.0
-70.0
-70.0
-70.0
-70.0
-69.8928242357
-69.1154246359
-67.9618040548
-66.6209049043
-65.2123352506
-63.8101156166
-62.4584466491
-61.1821637135
-59.9936551618
-58.897428192
-57.8931110704
-56.9774170951
-56.1454201401
-55.391374629
-55.5292348348
-55.3776431304
-55.0574333368
-54.6467263494
-54.1954112786
0
-70.0
-70.0
-70.0
-70.0
-70.0
-70.0
-70.0
-70.0
-70.0
-70.0
-70.0
-70.0
-69.6545761506
-68.7421693026
-68.339986217
-67.4373434918
-66.2645130736
-65.7886643869
-64.9268663619
-63.8622253349
-62.7113665409
-61.5471390464
-60.4136979149
-59.3365099721
-58.3289802074
-58.216829675
-57.825645033
-57.2800794134
-56.6600707279
-55.196063159
-64.3544131749
-70.0
-70.0
-70.0
-70.0
-70.0
-70.0
-70.0
-70.0
-70.0
-70.0
-70.0
-69.1832044382
-68.0036869532
-66.6458535637
-66.0462917446
-65.1016782616
-63.9815208965
-62.7933757808
-61.6040428521
-60.4536416664
-59.3649462328
-58.3495640982
-57.4120160142
-56.5524199633
-55.768248334
-55.0554704119
-54.4092879783
0
-70.0
-70.0
-70.0
-70.0
-70.0
-70.0
-70.0
-70.0
-70.0
-70.0
-70.0
-70.0
-70.0
-70.0
-70.0
-70.0
-69.5698217747
-69.429387447
-68.6474806021
-67.5067538085
-66.188759272
-64.8083372411
-63.4364727811
-62.1154716791
-60.869021962
-59.7088513996
-58.6391206822
-57.6593115623
-57.586115705
-58.0593276671
-57.2046105888
-56.4016266555
-55.6564487404
-54.9707937
-65.4236786607
-70.0
-70.0
-70.0
-70.0
-70.0
-70.0
-70.0
-70.0
-70.0
-70.0
-70.0
-70.0
-70.0
-70.0
-69.6941509903
-69.6241698848
-68.0580422253
-66.4664308888
-64.9125830573
-63.4331882564
-62.0477784341
-60.7649399262
-59.5864054906
-58.5097379795
-57.5300795402
-55.8212818253
-54.5519604689
0
-70.0
-70.0
-70.0
-70.0
-70.0
-70.0
-70.0
-70.0
-70.0
-70.0
-70.0
-70.0
-70.0
-70.0
-70.0
-70.0
-70.0
-69.544643973
-68.5699422243
-68.136123101
-66.4012941903
-63.9436870375
-61.9543331779
-60.3122430896
-59.7532476003
-59.0427420533
-58.26501399
-57.4728766857
-56.6984984136
-55.9605881699
-55.2691557514
-54.6286577752
-54.040070397
0
-70.0
-70.0
-70.0
-70.0
-70.0
-70.0
-70.0
-70.0
-70.0
-70.0
-70.0
-70.0
-70.0
-70.0
-70.0
-69.6231714756
-68.6929686451
-67.461747992
-66.0909573337
-64.6821176942
-63.2974099875
-61.9733383638
-60.7297841108
-58.7559920887
-56.4098504724
-54.7385038202
0
-70.0
-70.0
-70.0
-70.0
-67.7727117384
-70.0
-70.0
-70.0
-70.0
-70.0
-70.0
-70.0
-70.0
-70.0
-70.0
-70.0
-70.0
-70.0
-70.0
-70.0
-69.7852592182
-68.9469061085
-67.7623307057
-66.4095077739
-65.0008304223
-63.6055963306
-62.2649359979
-61.8217085984
-61.1117152054
-60.2653286627
-59.365319115
-58.4631360826
-57.589721727
-56.7626823895
-55.9910360406
-55.2783470299
-60.9847887224
-70.0
-70.0
-70.0
-70.0
-70.0
-70.0
-70.0
-70.0
-70.0
-70.0
-70.0
-70.0
-69.7562789052
-68.9015036181
-67.7085883253
-66.3525528721
-64.1238465044
-62.2658278003
-60.6921556512
-59.3415471733
-58.1697971809
-57.1444206127
-56.241047318
-55.4409884306
-54.7295868171
0
-70.0
-70.0
-70.0
-70.0
-70.0
-70.0
-70.0
-70.0
-70.0
-70.0
-70.0
-70.0
-70.0
-70.0
-70.0
-70.0
-69.4170310484
-68.3700153091
-66.2594720219
-64.4011636489
-61.9361398368
-60.0092542216
-57.6494810451
-55.9286344377
-54.6485053254
0
-70.0
-70.0
-70.0
-70.0
-67.7758367589
-70.0
-70.0
-70.0
-70.0
-70.0
-70.0
-70.0
-70.0
-70.0
-70.0
-70.0
-70.0
-69.876822632
-69.0903554568
-67.9321299698
-66.5894570119
-65.1808713368
-63.7796908872
-62.4296595878
-61.155318822
-59.9688704017
-58.0547056695
-56.5877166412
-55.4379326695
-54.5167978642
0
-70.0
-70.0
-70.0
-70.0
-70.0
-70.0
-70.0
-70.0
-70.0
-70.0
-70.0
-70.0
-70.0
-70.0
-70.0
-70.0
-70.0
-70.0
-69.928833255
-69.1718387662
-68.0285807808
-66.6916732968
-64.4631396965
-62.5939148798
-61.8225828271
-60.9156975012
-59.9577097223
-59.8209933976
-59.3615971562
-58.7239061728
-58.0004947103
-57.2497646758
-56.5076678326
-55.7954874656
-55.1249963298
-54.5018684374
0
-70.0
-70.0
-70.0
-70.0
-70.0
-70.0
-70.0
-70.0
-70.0
-70.0
-70.0
-70.0
-70.0
-68.5018168969
-66.1161798051
-64.0975915566
-61.5465188889
-60.4009913253
-59.3169750763
-58.3059994911
-58.1925474902
-57.8013913733
-57.2566513241
-56.6379189171
-55.995415509
-55.3600662805
-54.7501878674
-54.1759212239
0
-70.0
-70.0
-70.0
-70.0
-70.0
-70.0
-70.0
-70.0
-70.0
-70.0
-70.0
-70.0
-70.0
-70.0
-69.837934473
-69.0294306743
-67.8600140393
-66.513030257
-65.1044056457
-63.7057506908
-62.3596993614
-61.0900785851
-59.0886368332
-57.5348172209
-55.4813648795
-54.016581312
0
-70.0
-70.0
-70.0
-70.0
-70.0
-70.0
-70.0
-70.0
-70.0
-70.0
-70.0
-70.0
-70.0
-70.0
-70.0
-70.0
-70.0
-70.0
-69.7005908188
-68.8142589494
-66.7853178628
-64.9584426154
-63.3137027132
-61.8330686813
-60.5002526396
-60.1205545932
-59.5053839455
-58.7694354255
-57.9855517992
-57.1990365635
-56.4371595366
-55.715461336
-55.0419270377
-54.4197422241
0
-70.0
-70.0
-70.0
-70.0
-70.0
-70.0
-70.0
-70.0
-70.0
-70.0
-70.0
-70.0
-70.0
-70.0
-69.5137887532
-68.52160238
-67.2589038101
-65.8759878745
-64.4670387173
-63.0894345991
-61.7765576415
-60.5462795456
-59.4065700365
-57.5391919965
-56.9374587726
-56.2951702125
-55.6499580694
-54.2044988479
0
-70.0
-70.0
-70.0
-70.0
-70.0
-70.0
-70.0
-70.0
-70.0
-70.0
-70.0
-70.0
-70.0
-70.0
-70.0
-70.0
-70.0
-69.9516556524
-70.0
-68.5107358455
-66.9501528246
-65.398797918
-63.90469171
-62.4947382616
-61.1822749171
-59.9720544132
-58.8635202971
-58.6729491509
-57.3995081581
-56.3387932905
-55.4410712603
-54.6710690001
-54.003365344
0
-70.0
-70.0
-70.0
-70.0
-70.0
-70.0
-70.0
-70.0
-70.0
-70.0
-70.0
-70.0
-70.0
-70.0
-68.6524713304
-67.9922050843
-66.9463051672
-64.883888378
-63.1003086919
-60.7234839238
-58.8899395988
-57.4434816839
-55.4574908788
-54.8539800331
-54.2800741913
0
-70.0
-70.0
-70.0
-70.0
-70.0
-70.0
-70.0
-70.0
-70.0
-70.0
-70.0
-70.0
-70.0
-70.0
-70.0
-70.0
-70.0
-69.5240779351
-68.5377220983
-67.2779845262
-65.8962091655
-65.3072703102
-64.3936646533
-63.3157124374
-62.1750840266
-61.034870846
-59.9329139093
-58.8906426171
-57.9189250878
-57.0219304006
-56.1996692417
-55.4496569049
-54.7679942727
-54.1500635509
0
-70.0
-70.0
-70.0
-70.0
-70.0
-70.0
-70.0
-70.0
-70.0
-70.0
-70.0
-70.0
-70.0
-70.0
-70.0
-68.7553844354
-67.3334356154
-65.0324851363
-63.1008320109
-61.4551457353
-60.0358957788
-58.7998159456
-57.7148408475
-55.936694427
-54.6219167605
0
-70.0
-70.0
-70.0
-70.0
-70.0
-70.0
-70.0
-70.0
-70.0
-70.0
-70.0
-70.0
-70.0
-70.0
-70.0
-70.0
-70.0
-69.828475582
-69.0146117451
-67.0224730515
-65.2097740669
-63.5651622073
-62.0762230179
-60.730318737
-59.5150988773
-58.4187969988
-57.4303893052
-56.5396650454
-55.7372416548
-55.0145462319
-54.3637774371
0
-70.0
-70.0
-70.0
-70.0
-70.0
-70.0
-70.0
-70.0
-70.0
-70.0
-70.0
-70.0
-70.0
-70.0
-70.0
-69.8354858448
-68.2055944902
-67.3908065277
-66.2722401993
-65.0086923956
-62.8802739669
-61.1238804441
-58.8292483156
-57.1081607614
-54.9685695367
0
-70.0
-70.0
-70.0
-70.0
-67.7377344177
-65.7391172544
-70.0
-70.0
-70.0
-70.0
-70.0
-70.0
-70.0
-70.0
-70.0
-70.0
-70.0
-70.0
-69.7049308718
-69.6410583658
-68.8980329167
-67.7722832167
-66.4544239561
-65.0652276012
-63.6795355349
-62.3421357773
-60.2582913968
-58.616041722
-57.2934905263
-56.2068434581
-55.2979604352
-54.5260319403
0
-70.0
-70.0
-70.0
-70.0
-70.0
-70.0
-70.0
-70.0
-70.0
-70.0
-70.0
-70.0
-70.0
-70.0
-70.0
-70.0
-69.4632415833
-68.4424118138
-67.9851668917
-67.0613143754
-65.8882923864
-63.7848694468
-62.0133200348
-60.4999463864
-59.1919239845
-58.0507130773
-57.0476294303
-55.3408582611
-54.0887669509
0
-70.0
-70.0
-70.0
-70.0
-70.0
-70.0
-70.0
-70.0
-70.0
-70.0
-70.0
-70.0
-70.0
-70.0
-69.656615341
-68.7453640343
-67.5237677824
-66.1566844385
-64.7478782843
-63.3609986489
-62.033504246
-60.7858907961
-59.627793033
-58.5620079406
-58.4071366206
-58.8039759412
-58.6986136688
-58.2954425164
-57.7270250745
-57.0784071068
-56.4032894227
-70.0
-70.0
-70.0
-70.0
-70.0
-70.0
-70.0
-70.0
-70.0
-70.0
-70.0
-70.0
-68.7721443595
-67.3596928299
-65.8835654845
-64.4184368944
-63.0087451772
-60.8593053076
-59.1576645423
-57.7814245984
-56.6462998121
-55.6936816132
-54.8823213068
-54.1827610794
-54.3935995736
0
-70.0
-70.0
-70.0
-70.0
-70.0
-70.0
-70.0
-70.0
-70.0
-70.0
-70.0
-70.0
-70.0
-70.0
-70.0
-70.0
-70.0
-69.620644834
-68.6890102399
-67.4570624754
-66.0859917342
-65.4971495651
-64.5772726114
-63.4894373521
-62.3370882848
-62.0044425683
-61.3547070528
-60.5363755084
-59.6441640648
-58.7373650631
-57.03204016
-55.7244438795
-54.6990713152
-64.9571037225
-70.0
-70.0
-70.0
-70.0
-70.0
-70.0
-70.0
-70.0
-70.0
-70.0
-70.0
-70.0
-69.650216716
-69.5553395218
-68.7965685545
-67.664753689
-66.3468396467
-64.9611965665
-63.5811041661
-62.2503452537
-60.9935450644
-59.8230134488
-58.7432606977
-57.7539670238
-56.851925252
-56.0323026806
-55.2894523817
-54.6174271229
-54.0102977303
-59.0023435036
-70.0
-70.0
-70.0
-70.0
-70.0
-70.0
-70.0
-70.0
-70.0
-70.0
-70.0
-70.0
-69.362279149
-68.2842373335
-66.9779376663
-65.5782266105
-64.1691257567
-62.8013610525
-61.5039901949
-60.2921013405
-59.1718979832
-57.324046036
-55.9211999999
-54.8321190448
0
-70.0
-70.0
-70.0
-70.0
-70.0
-70.0
-70.0
-70.0
-70.0
-70.0
-70.0
-70.0
-70.0
-70.0
-70.0
-70.0
-70.0
-70.0
-70.0
-68.6126506354
-67.1098193288
-65.5877932339
-64.9249844692
-63.979799728
-62.8966955591
-60.9469432057
-60.1821936868
-59.3339375193
-58.4638525681
-58.4296731785
-58.0781764388
-57.548005847
-56.928303297
-56.2755383238
-55.624694729
-54.9966987479
-70.0
-70.0
-70.0
-70.0
-70.0
-70.0
-70.0
-70.0
-70.0
-70.0
-70.0
-70.0
-69.3787434703
-68.3100314367
-67.0084698354
-65.6105838801
-64.2014995109
-62.8326655724
-61.5336096901
-60.3197225045
-58.3773994429
-56.8827589579
-55.7065493683
-54.7606053023
0
-70.0
-70.0
-70.0
-70.0
-70.0
-70.0
-70.0
-70.0
-70.0
-70.0
-70.0
-70.0
-70.0
-70.0
-70.0
-70.0
-70.0
-70.0
-69.9723375418
-69.2399954822
-68.1092570636
-66.7771721104
-65.3686820681
-63.9612986405
-62.6014919625
-61.3155582237
-60.1168127063
-59.0103383056
-57.996109055
-57.0710345362
-55.4102886736
-55.0034982003
-54.542640643
0
-70.0
-70.0
-70.0
-70.0
-70.0
-70.0
-70.0
-70.0
-70.0
-70.0
-70.0
-70.0
-70.0
-70.0
-69.9816102926
-68.4345227917
-66.8417861982
-65.2747513687
-63.7753720921
-62.3665654564
-61.0590626265
-59.8559255076
-58.755512386
-57.7534141002
-56.8437079921
-56.0197607274
-55.2747336777
-54.601892992
0
-70.0
-70.0
-70.0
-70.0
-70.0
-70.0
-70.0
-70.0
-70.0
-70.0
-70.0
-70.0
-70.0
-70.0
-70.0
-70.0
-69.4390586056
-68.4045251488
-67.1203209031
-66.5491209922
-65.6047636793
-64.4679905022
-63.2536602459
-62.0332734173
-60.8499322062
-59.7282630726
-59.5009861568
-58.9979204687
-58.3461503735
-57.626883304
-56.8910936188
-56.1699166871
-55.4815466385
-65.9157630504
-70.0
-70.0
-70.0
-70.0
-70.0
-70.0
-70.0
-70.0
-70.0
-70.0
-70.0
-68.5408667146
-66.9973578528
-64.6346739407
-62.6792411287
-61.0333400705
-60.4480214333
-59.6985628699
-58.8756023028
-58.8559725525
-58.4989956172
-58.7715096021
-57.7726343397
-56.8642213709
-56.0403662106
-55.294707574
-54.6208221396
-54.0124634744
-58.1836994922
-70.0
-70.0
-70.0
-70.0
-70.0
-70.0
-70.0
-70.0
-70.0
-70.0
-70.0
-70.0
-69.9304159031
-69.1743182481
-68.0315157136
-66.6947836691
-65.2862516534
-63.8815907222
-61.7060744727
-59.9605622406
-58.53123616
-57.339265973
-55.5094416617
-54.9978990195
-55.2943768002
-55.245784242
-54.9917692323
0
-70.0
-70.0
-70.0
-70.0
-70.0
-70.0
-70.0
-70.0
-70.0
