-70.0
-70.0
-70.0
-70.0
-70.0
-70.0
-63.0
-58.8105
-65.7147833333
-70.0
-70.0
-70.0
-70.0
-70.0
-70.0
-70.0
-70.0
-70.0
-70.0
-70.0
-70.0
-66.8715597771
-68.3511051664
-69.293795561
-69.9897832791
-64.7904325168
-61.8444743088
-60.3487502403
-59.7730241246
-59.768487651
-60.1068161785
-60.639586089
-61.5702690086
-58.5388271595
-60.3567363605
-64.4244544442
-67.5681268351
-69.5353927085
-70.0
-70.0
-70.0
-70.0
-70.0
-70.0
-70.0
-66.7007441456
-68.7579669108
-70.0
-70.0
-70.0
-70.0
-70.0
-70.0
-70.0
-70.0
-70.0
-70.0
-70.0
-70.0
-70.0
-70.0
-70.0
-70.0
-70.0
-70.0
-70.0
-70.0
-70.0
-70.0
-70.0
-70.0
-70.0
-70.0
-70.0
-70.0
-70.0
-70.0
-70.0
-70.0
-63.4690428099
-62.4953090138
-68.7606513983
-70.0
-70.0
-70.0
-70.0
-70.0
-70.0
-70.0
-70.0
-63.4485817379
-59.7361113893
-58.1559749853
-62.3047067187
-69.9868653651
-70.0
-70.0
-70.0
-70.0
-70.0
-70.0
-70.0
-70.0
-70.0
-70.0
-70.0
-68.6436751987
-70.0
-70.0
-70.0
-70.0
-70.0
-70.0
-70.0
-70.0
-70.0
-68.1298862209
-70.0
-70.0
-70.0
-70.0
-70.0
-70.0
-70.0
-70.0
-70.0
-70.0
-63.4935528689
-59.8065661612
-57.9341552646
-57.824365879
-64.1415901071
-70.0
-70.0
-70.0
-70.0
-70.0
-70.0
-70.0
-64.4081187928
-61.2393861087
-59.6301669613
-59.0102965742
0
-70.0
-70.0
-70.0
-70.0
-70.0
-70.0
-70.0
-70.0
-70.0
-70.0
-70.0
-70.0
-70.0
-70.0
-70.0
-70.0
-70.0
-70.0
-70.0
-70.0
-70.0
-70.0
-70.0
-70.0
-63.3670702268
-59.6084100219
-58.784119345
-65.7421214104
-70.0
-70.0
-70.0
-70.0
-70.0
-70.0
-65.126339816
-62.364599045
-60.9620679476
-60.4218136909
-60.4169340138
-60.7334417405
-61.3847966472
-63.603684891
-70.0
-70.0
-70.0
-70.0
-70.0
-70.0
-70.0
-70.0
-63.8621451386
-58.0506940504
-54.9621335959
0
-70.0
-70.0
-70.0
-70.0
-70.0
-70.0
-65.8470676253
-61.1604059462
-58.6430620739
-57.5112203481
-57.2484079677
-57.5157736072
-58.2493699635
-62.6311912126
-65.646220299
-67.3191716759
-68.7454701128
-70.0
-70.0
-70.0
-70.0
-70.0
-70.0
-70.0
-70.0
-70.0
-70.0
-70.0
-70.0
-70.0
-70.0
-70.0
-70.0
-70.0
-63.7866445309
-60.2657430984
-58.477677469
-57.788915509
-57.7826944828
-60.5124231222
-64.9379170466
-69.8656057731
-70.0
-70.0
-70.0
-70.0
-70.0
-70.0
-70.0
-70.0
-64.2665160588
-63.5021669001
-65.2401812315
-69.0924397132
-70.0
-70.0
-70.0
-70.0
-70.0
-70.0
-63.3737650371
-59.6188985581
-57.7120153854
-58.2222086594
-62.1941311885
-66.8662297313
-70.0
-70.0
-70.0
-70.0
-70.0
-70.0
-70.0
-70.0
-70.0
-70.0
-70.0
-70.0
-70.0
-70.0
-66.5530335234
-64.59975252
-59.7189032784
-57.1330969575
-56.0105099331
-55.8032740539
-56.3084124276
-57.0678817042
-59.3607635997
-66.2090983497
-70.0
-70.0
-70.0
-70.0
-70.0
-64.3928826642
-61.2155161739
-59.6019124073
-58.9803530671
-59.1310835633
-61.6052982624
-67.4006977557
-70.0
-70.0
-67.1462978823
-65.7840796453
-65.1072793816
-64.8642899106
-64.8896865643
-58.9970790373
-55.8282785532
-54.3993889777
0
-70.0
-70.0
-70.0
-70.0
-70.0
-70.0
-70.0
-70.0
-64.7277031724
-61.7400683034
-60.2228184385
-54.7124486458
0
-70.0
-70.0
-70.0
-70.0
-70.0
-70.0
-70.0
-70.0
-70.0
-70.0
-70.0
-63.8134354463
-60.3077155325
-58.5273597331
-57.8415675957
-59.0860046613
-63.8168592698
-70.0
-70.0
-68.7855735202
-66.2756299964
-64.8938095489
-60.3460347399
-57.9391686965
-56.8970767806
-56.7085857384
-57.0385382551
-57.6685584899
-61.9314774202
-70.0
-70.0
-70.0
-70.0
-70.0
-70.0
-70.0
-70.0
-70.0
-70.0
-70.0
-70.0
-70.0
-70.0
-70.0
-70.0
-70.0
-70.0
-70.0
-70.0
-70.0
-63.7296639211
-60.1764734764
-58.3720100937
-57.8396600752
-61.2499825452
-67.3278498134
-70.0
-70.0
-70.0
-70.0
-70.0
-70.0
-70.0
-70.0
-70.0
-70.0
-70.0
-70.0
-70.0
-70.0
-70.0
-70.0
-70.0
-70.0
-70.0
-70.0
-70.0
-70.0
-70.0
-70.0
-70.0
-70.0
-70.0
-68.482720372
-67.7506693236
-67.3864163837
-62.3290581478
-59.550341268
-58.2314330978
-57.8323737591
-57.9985256972
-58.4982660036
-59.1815013206
-61.6853974095
-70.0
-70.0
-70.0
-70.0
-67.4505110491
-66.1329395325
-65.4712986382
-65.2252708136
-65.2368117584
-59.3243199663
-56.1326808921
-54.6799414179
-54.3189663527
-54.9407100388
-59.4564293056
-65.5103010988
-69.4502898788
-70.0
-70.0
-70.0
-70.0
-70.0
-70.0
-70.0
-64.1036244562
-64.0975057834
-69.5197441786
-70.0
-70.0
-70.0
-70.0
-65.4721795775
-60.5730813381
-57.9478530165
-56.7744542563
-56.511266525
-56.8029783354
-57.4179061438
-59.7926143935
-65.5234586884
-65.3229056993
-66.9950024978
-68.6157141911
-69.7656359191
-64.8461171414
-62.0662019701
-56.9207374929
-54.2694342236
0
-70.0
-70.0
-70.0
-70.0
-70.0
-70.0
-70.0
-70.0
-70.0
-70.0
-70.0
-63.8584401119
-60.378222842
-58.6108183853
-58.3991565798
-55.5972643616
-61.2675601864
-67.7898697454
-70.0
-70.0
-70.0
-64.9169781529
-62.0365991062
-56.6849294858
0
-70.0
-70.0
-70.0
-70.0
-70.0
-70.0
-70.0
-70.0
-70.0
-70.0
-70.0
-70.0
-70.0
-70.0
-70.0
-70.0
-70.0
-70.0
-70.0
-66.4962367888
-64.5107709692
-63.5024657784
-63.114067138
-63.1105590491
-63.3381022275
-63.6966913936
-64.2804739316
-66.5781859091
-70.0
-70.0
-70.0
-70.0
-70.0
-70.0
-70.0
-70.0
-70.0
-70.0
-70.0
-70.0
-70.0
-70.0
-67.3867173896
-66.3437119547
-65.839784962
-65.6761026009
-65.7220230976
-65.8921746257
-66.131193055
-59.9700079871
-56.6076300135
-57.2878561646
-62.9348524023
-68.5699686711
-70.0
-70.0
-70.0
-70.0
-70.0
-70.0
-70.0
-70.0
-70.0
-70.0
-70.0
-70.0
-70.0
-70.0
-70.0
-70.0
-65.148127636
-60.065399963
-57.3469166938
-56.1375961759
-55.8740839925
-56.1868405495
-58.1057407101
-62.2216946157
-70.0
-70.0
-70.0
-70.0
-70.0
-64.721258612
-61.7299718255
-60.2108673594
-59.6257091011
-59.6204238428
-60.1297237906
-63.0121970649
-68.4923792326
-70.0
-70.0
-70.0
-70.0
-70.0
-70.0
-63.5078007801
-60.151355709
-54.7339629471
0
-70.0
-70.0
-70.0
-70.0
-70.0
-70.0
-70.0
-70.0
-63.9856607492
-60.5775351737
-59.1699918232
-59.650492666
-64.1847121553
-70.0
-70.0
-70.0
-70.0
-70.0
-70.0
-70.0
-70.0
-70.0
-63.5838409927
-59.9480175552
-58.1015895742
-57.3903464664
-58.033916214
-59.233643219
-64.6315822786
-69.1893319778
-70.0
-70.0
-70.0
-70.0
-70.0
-70.0
-70.0
-70.0
-70.0
-70.0
-70.0
-70.0
-70.0
-70.0
-70.0
-70.0
-70.0
-70.0
-70.0
-70.0
-65.3508420505
-66.7958066527
-69.4037623666
-70.0
-66.0999608186
-63.8899386158
-58.878705118
-56.2426748487
0
-70.0
-70.0
-70.0
-70.0
-70.0
-70.0
-70.0
-70.0
-70.0
-65.8281755671
-63.4641417218
-62.2635833572
-61.8011288932
-61.7969519183
-62.0678806695
-62.4948418979
-63.0011905716
-66.3123308117
-70.0
-70.0
-70.0
-70.0
-70.0
-63.9674048449
-60.548934257
-58.8128874291
-58.1441630846
-58.6293663282
-59.620522297
-63.4812490461
-69.8977092367
-70.0
-70.0
-70.0
-65.965548522
-61.3460260178
-58.8627783147
-57.7440704157
-57.4813766624
-57.741047855
-58.3054823088
-59.1952102368
-61.8833908511
-68.2482278975
-70.0
-70.0
-70.0
-70.0
-65.174789401
-62.4405033949
-61.0519150114
-55.591105555
0
-70.0
-70.0
-70.0
-70.0
-70.0
-70.0
-70.0
-70.0
-70.0
-70.0
-70.0
-70.0
-70.0
-70.0
-70.0
-70.0
-70.0
-70.0
-70.0
-70.0
-70.0
-70.0
-70.0
-70.0
-70.0
-70.0
-70.0
-70.0
-70.0
-70.0
-70.0
-70.0
-70.0
-70.0
-70.0
-70.0
-70.0
-70.0
-70.0
-70.0
-70.0
-70.0
-70.0
-70.0
-70.0
-70.0
-70.0
-70.0
-70.0
-70.0
-63.5054430246
-59.8251940718
-58.2865321244
-60.5553714494
-59.7219597209
-62.0633275647
-63.8474540188
-65.1230147573
-66.0509173751
-66.7392950333
-67.2610117938
-61.0750351012
-57.6609479156
-56.0237973404
-56.6545978155
-59.7745084553
-63.3144247615
-66.1008061092
-68.0338117512
-62.5322838409
-59.4802909667
-54.1108633211
0
-70.0
-70.0
-70.0
-70.0
-69.1463932684
-68.6626827872
-68.4170337389
-68.322409852
-68.3215551914
-68.3769905553
-68.4643520885
-61.9776509164
-59.3484496686
-58.0279301711
-59.4548972359
-62.6491467195
-65.2647971781
-67.2495738436
-68.5321207149
-69.3505781471
-69.8633000015
-70.0
-70.0
-70.0
-70.0
-70.0
-70.0
-70.0
-70.0
-70.0
-70.0
-70.0
-70.0
-70.0
-70.0
-70.0
-70.0
-70.0
-70.0
-70.0
-69.5299510176
-69.5293028905
-69.5446039179
-69.5689644038
-63.9806645979
-60.8283292277
-59.2426503647
-58.6498213681
-58.6724632579
-59.0636329498
-60.4999594961
-69.9067582305
-70.0
-70.0
-70.0
-70.0
-68.1397514891
-67.0856106662
-66.5502724836
-66.3440604913
-66.3421979462
-66.4630071542
-66.6533924406
-66.8791771977
-67.1186754787
-68.5029934783
-70.0
-70.0
-70.0
-70.0
-70.0
-70.0
-70.0
-70.0
-70.0
-70.0
-70.0
-63.3320674388
-57.2202389874
0
-70.0
-70.0
-70.0
-70.0
-70.0
-70.0
-70.0
-70.0
-70.0
-70.0
-70.0
-70.0
-70.0
-70.0
-63.2990402689
-59.8390956017
-56.2267950354
-59.1455361615
-66.3623893027
-70.0
-70.0
-70.0
-70.0
-70.0
-70.0
-70.0
-70.0
-70.0
-70.0
-70.0
-70.0
-70.0
-70.0
-69.9308982382
-70.0
-66.1711769947
-64.0015106251
-62.8996604491
-62.4752283286
-62.4713947786
-62.720048156
-63.111905244
-64.2350106791
-69.9154015053
-70.0
-70.0
-70.0
-68.3243803126
-67.3748624898
-66.8926563797
-66.7069108344
-66.705233146
-66.8140520948
-66.9855417276
-67.1889174497
-67.5692207248
-70.0
-70.0
-70.0
-70.0
-70.0
-70.0
-70.0
-70.0
-64.4971336177
-61.3788426677
-59.7952400088
-59.1852370798
-59.1797274198
-60.0368034142
-66.1798917955
-70.0
-70.0
-70.0
-70.0
-66.3649615575
-64.3051064401
-63.259023155
-62.8560724121
-62.852432886
-63.0885014074
-63.4605258067
-64.2332129064
-68.2135201924
-70.0
-70.0
-70.0
-70.0
-70.0
-70.0
-70.0
-70.0
-70.0
-70.0
-70.0
-63.3277755737
-57.2135150655
0
-70.0
-70.0
-70.0
-70.0
-70.0
-70.0
-70.0
-70.0
-70.0
-70.0
-70.0
-70.0
-70.0
-70.0
-70.0
-70.0
-70.0
-70.0
-70.0
-70.0
-70.0
-70.0
-63.8131988467
-60.3073448598
-58.5269209723
-57.8411026074
-57.8349081682
-59.4098523453
-56.1861689478
-57.0571004566
-60.6993265215
-64.4010204651
-62.1385583713
-61.1910581817
-60.9161894618
-61.0540619145
-61.4349833223
-55.8708474225
0
-70.0
-70.0
-70.0
-70.0
-70.0
-70.0
-70.0
-70.0
-70.0
-65.4624836533
-62.8912243902
-61.5854280193
-61.0824359295
-61.0778928112
-61.3725705133
-62.1663212555
-68.5665576815
-70.0
-70.0
-70.0
-70.0
-65.9774236898
-63.6979637806
-62.5403557091
-62.0944456759
-62.0904181335
-62.3516543369
-62.7633409144
-57.6748509525
-60.0580642865
-69.4943421557
-70.0
-70.0
-69.2549629797
-68.971349409
-68.8354696196
-68.7927594252
-68.8073746612
-68.8558979807
-62.5376891727
-58.9955075822
-57.2370150418
-56.9472972202
-60.4594689104
-69.8090243388
-70.0
-70.0
-70.0
-70.0
-70.0
-70.0
-70.0
-70.0
-70.0
-70.0
-70.0
-70.0
-70.0
-70.0
-70.0
-68.9615056922
-68.6327200289
-68.48102463
-68.4406399029
-68.4683877366
-68.5360901789
-68.6255086384
-68.7249760927
-68.8271573623
-69.7617332222
-67.5277341944
-70.0
-70.0
-70.0
-70.0
-70.0
-70.0
-70.0
-70.0
-70.0
-63.3618259267
-57.2668606185
-54.8894876957
-57.5217736271
-63.9170625826
-69.9393815376
-68.1939315538
-67.3406231043
-66.9172839312
-66.7660376296
-66.7830885943
-66.9005495533
-60.68888161
-57.272251457
-58.6881787758
-66.2045339202
-70.0
-70.0
-70.0
-70.0
-70.0
-70.0
-70.0
-63.6408404966
-60.037316778
-58.2072919876
-57.6733522103
-58.5889072465
-64.887277073
-70.0
-70.0
-70.0
-70.0
-70.0
-70.0
-63.9713363739
-60.5550936525
-58.8201782312
-58.151889704
-58.4715761049
-65.3389172861
-70.0
-70.0
-70.0
-70.0
-70.0
-70.0
-70.0
-70.0
-70.0
-70.0
-70.0
-70.0
-70.0
-70.0
-70.0
-70.0
-70.0
-70.0
-70.0
-70.0
-70.0
-64.0671518271
-60.7052045292
-58.9978626661
-58.5166404881
-59.4666552793
-65.181215037
-70.0
-70.0
-70.0
-70.0
-70.0
-70.0
-70.0
-70.0
-70.0
-63.3622402632
-59.600843079
-58.0258716875
-64.4685643946
-70.0
-70.0
-70.0
-70.0
-70.0
-70.0
-70.0
-70.0
-70.0
-70.0
-70.0
-70.0
-70.0
-70.0
-68.6257287638
-67.6368139719
-67.2908708879
-67.1736093412
-67.1974654352
-67.3051969104
-67.4596625651
-67.6370198725
-67.8222002612
-68.005901819
-61.8731428888
-63.0806106871
-66.9509660474
-69.8960560766
-70.0
-70.0
-70.0
-70.0
-70.0
-70.0
-70.0
-70.0
-70.0
-70.0
-70.0
-70.0
-70.0
-70.0
-70.0
-70.0
-64.1006608508
-60.7577019995
-59.0600032888
0
-70.0
-70.0
-70.0
-70.0
-70.0
-70.0
-70.0
-70.0
-70.0
-70.0
-70.0
-70.0
-70.0
-70.0
-70.0
-70.0
-70.0
-70.0
-70.0
-70.0
-63.711506378
-60.1480266589
-58.3383379388
0
-70.0
-70.0
-70.0
-70.0
-70.0
-70.0
-70.0
-70.0
-70.0
-70.0
-70.0
-70.0
-70.0
-70.0
-70.0
-70.0
-70.0
-70.0
-70.0
-70.0
-70.0
-70.0
-70.0
-70.0
-70.0
-70.0
-70.0
-70.0
-70.0
-70.0
-70.0
-70.0
-70.0
-70.0
-70.0
-63.5214227749
-60.1854561581
-55.1350818221
-55.7158807162
-60.4760357939
-65.3936974026
-68.6739321745
-70.0
-70.0
-70.0
-70.0
-70.0
-70.0
-70.0
-70.0
-70.0
-70.0
-70.0
-70.0
-70.0
-70.0
-70.0
-70.0
-70.0
-70.0
-70.0
-70.0
-66.499516023
-67.1246899252
-68.6412952312
-69.7375300552
-64.7867359972
-61.9900350291
-60.5790132806
-60.0464331222
-60.411920585
-63.0411693576
-69.8574646182
-70.0
-69.2799098964
-68.8718588377
-68.6646329079
-68.5848095864
-68.5840886073
-68.6308530663
-68.7045499728
-68.7919497843
-69.0581290527
-70.0
-70.0
-70.0
-70.0
-70.0
-70.0
-70.0
-70.0
-70.0
-70.0
-63.5260245237
-59.8574384205
-58.1691066404
-59.6545151396
-66.0905082444
-70.0
-70.0
-70.0
-70.0
-70.0
-70.0
-70.0
-63.4573041092
-59.7497764378
-58.0470856286
0
-70.0
-70.0
-70.0
-70.0
-70.0
-70.0
-70.0
-70.0
-70.0
-70.0
-70.0
-70.0
-70.0
-70.0
-70.0
-70.0
-69.7936812682
-69.8183506535
-69.8392072629
-69.8570809864
-69.8725691876
-69.8861098021
-69.8980305108
-69.9085819189
-69.9179600332
-70.0
-70.0
-70.0
-70.0
-70.0
-70.0
-70.0
-70.0
-70.0
-70.0
-70.0
-63.44674208
-57.3998959254
-54.5429447892
0
-70.0
-70.0
-70.0
-70.0
-70.0
-70.0
-70.0
-70.0
-70.0
-70.0
-70.0
-70.0
-70.0
-70.0
-70.0
-70.0
-70.0
-70.0
-70.0
-70.0
-70.0
-70.0
-70.0
-70.0
-70.0
-70.0
-70.0
-70.0
-70.0
-70.0
-70.0
-70.0
-70.0
-70.0
-70.0
-70.0
-70.0
-70.0
-70.0
-68.1709578521
-70.0
-70.0
-70.0
-70.0
-70.0
-70.0
-70.0
-70.0
-70.0
-70.0
-63.2454368519
-60.4872898575
-58.77536279
-62.7159743925
-66.9039100312
-69.8189830995
-70.0
-70.0
-70.0
-70.0
-70.0
-70.0
-64.5339256958
-64.4286766485
-70.0
-70.0
-70.0
-67.7317311006
-66.4463787242
-65.7936213409
-65.5421795329
-65.5399084637
-65.68721554
-65.9193592678
-66.3679167433
-69.0084798237
-70.0
-70.0
-70.0
-70.0
-70.0
-70.0
-70.0
-70.0
-70.0
-70.0
-63.2100379028
-59.3623927143
-57.4083925108
-63.3654572936
-68.9137651938
-70.0
-70.0
-70.0
-67.9801429105
-66.8355572265
-66.2542872419
-66.030382343
-66.0283599923
-60.0813452817
-56.8437582793
0
-70.0
-70.0
-70.0
-70.0
-70.0
-70.0
-70.0
-70.0
-70.0
-70.0
-70.0
-63.8042023397
-57.9599169988
0
-70.0
-70.0
-70.0
-70.0
-70.0
-69.183929489
-66.3881561994
-62.4977536856
-60.4135870546
-59.4826341741
-59.2746413067
-59.5073575427
-59.9967420328
-60.6238146592
-67.0064018232
-70.0
-70.0
-70.0
-70.0
-70.0
-70.0
-70.0
-70.0
-70.0
-70.0
-70.0
-70.0
-70.0
-64.8668333648
-65.9130442679
-69.3470667345
-70.0
-70.0
-70.0
-70.0
-70.0
-70.0
-70.0
-70.0
-70.0
-70.0
-70.0
-70.0
-70.0
-70.0
-70.0
-70.0
-70.0
-70.0
-70.0
-70.0
-70.0
-70.0
-70.0
-70.0
-70.0
-70.0
-70.0
-70.0
-70.0
-70.0
-66.2570315373
-64.1360160752
-63.0588729287
-62.6439579432
-62.6402103538
-56.8050988213
0
-70.0
-70.0
-70.0
-70.0
-70.0
-70.0
-70.0
-70.0
-70.0
-70.0
-70.0
-63.8865506178
-60.4222626345
-58.6629477568
-57.9852605716
-62.4883444134
-70.0
-70.0
-70.0
-70.0
-70.0
-70.0
-70.0
-70.0
-70.0
-70.0
-70.0
-70.0
-70.0
-70.0
-70.0
-70.0
-70.0
-70.0
-70.0
-70.0
-63.9439016096
-60.5121125217
-54.880413096
0
-70.0
-70.0
-70.0
-70.0
-70.0
-70.0
-70.0
-70.0
-70.0
-64.4969418631
-59.0452089189
-56.139328855
-54.8578231882
-54.5936590152
0
-70.0
-70.0
-70.0
-70.0
-70.0
-70.0
-70.0
-70.0
-70.0
-70.0
-63.8434511304
-60.3547401043
-58.5830221518
-58.0724777913
-65.1196175738
-70.0
-70.0
-70.0
-70.0
-67.9687821906
-64.4844254319
-62.5776638623
-61.6810181251
-61.4203300786
-61.5499062481
-61.9093217416
-62.3946603129
-62.9393747786
-64.0395736325
-70.0
-70.0
-70.0
-70.0
-70.0
-70.0
-70.0
-70.0
-70.0
-70.0
-70.0
-70.0
-70.0
-70.0
-70.0
-70.0
-66.4970602842
-64.5120611119
-63.5039929048
-63.1156855504
-63.112178286
-57.2614786842
-54.1756763002
0
-70.0
-70.0
-70.0
-70.0
-70.0
-70.0
-70.0
-67.1269735954
-65.4989252994
-64.6721321452
-64.3536518478
-64.3507752745
-58.4591675209
-55.3088972847
-54.0867713926
-55.1474163575
-61.3821830836
-70.0
-70.0
-70.0
-70.0
-70.0
-70.0
-64.5713452996
-61.4951076361
-59.9328614501
-59.3310850235
-59.3256496668
-59.8529455366
-62.8677192307
-63.4050865934
-66.8537207983
-70.0
-70.0
-70.0
-70.0
-70.0
-63.9733977489
-58.2249898066
-55.168445381
0
-70.0
-70.0
-70.0
-70.0
-70.0
-70.0
-70.0
-70.0
-65.0503560122
-62.2455577525
-60.8211602049
-60.2724830028
-60.2675272482
-61.4969447937
-68.9446176225
-70.0
-70.0
-70.0
-70.0
-70.0
-65.6697423714
-63.2159297151
-61.9697777976
-61.4897607204
-61.4854251168
-61.7666429174
-62.2098188338
-63.2854823629
-70.0
-70.0
-70.0
-70.0
-67.6068953209
-66.2508026694
-65.5621203229
-60.3709143116
-57.5771602278
0
-70.0
-70.0
-70.0
-70.0
-70.0
-70.0
-70.0
-70.0
-70.0
-65.85812191
-63.511057659
-62.3191171865
-61.8599823301
-61.8558353385
-62.124819299
-62.7315215487
-66.0594346633
-70.0
-70.0
-70.0
-70.0
-70.0
-64.7913417648
-61.8397687648
-60.3408326726
-59.7634432616
-59.7582281729
-60.4604201527
-62.4703703242
-68.2848744281
-70.0
-70.0
-70.0
-70.0
-70.0
-63.9865017369
-60.5788527211
-58.8483015543
-58.1816941357
-58.1756732134
-58.7522048862
-61.8397048475
-67.829538623
-70.0
-70.0
-70.0
-70.0
-70.0
-70.0
-70.0
-70.0
-70.0
-70.0
-70.0
-70.0
-70.0
-70.0
-70.0
-70.0
-70.0
-70.0
-70.0
-70.0
-70.0
-70.0
-70.0
-70.0
-70.0
-70.0
-70.0
-70.0
-70.0
-70.0
-70.0
-70.0
-70.0
-70.0
-70.0
-70.0
-70.0
-70.0
-70.0
-70.0
-70.0
-70.0
-70.0
-70.0
-70.0
-70.0
-70.0
-70.0
-70.0
-70.0
-70.0
-70.0
-70.0
-70.0
-70.0
-70.0
-70.0
-70.0
-70.0
-70.0
-63.8839640007
-58.0848769344
-55.0025954634
0
-70.0
-70.0
-70.0
-70.0
-70.0
-70.0
-70.0
-70.0
-65.9813249442
-63.7040757458
-62.5475903687
-57.1761868708
-54.3808052097
0
-70.0
-70.0
-70.0
-70.0
-70.0
-70.0
-69.398330264
-69.0573840803
-68.8842369007
-68.8175406963
-68.8169382837
-68.8560122267
-68.9175895183
-68.9906162427
-70.0
-67.4727775936
-70.0
-70.0
-70.0
-70.0
-70.0
-70.0
-70.0
-70.0
-70.0
-70.0
-70.0
-63.3528753654
-62.809604868
-67.1532336981
-70.0
-70.0
-70.0
-70.0
-70.0
-70.0
-70.0
-70.0
-70.0
-70.0
-68.1185550725
-70.0
-70.0
-70.0
-70.0
-70.0
-70.0
-70.0
-70.0
-70.0
-70.0
-70.0
-70.0
-70.0
-70.0
-70.0
-70.0
-70.0
-70.0
-70.0
-70.0
-70.0
-70.0
-70.0
-70.0
-70.0
-70.0
-70.0
-70.0
-70.0
-70.0
-70.0
-70.0
-70.0
-70.0
-70.0
-70.0
-70.0
-70.0
-63.4280149851
-59.7038901434
-57.8126189002
-61.1702909391
-70.0
-70.0
-70.0
-70.0
-70.0
-70.0
-70.0
-70.0
-64.1599625174
-60.8506079439
-59.1699749351
-58.5225959652
-58.5167487178
-60.6077209683
-70.0
-70.0
-70.0
-70.0
-70.0
-70.0
-70.0
-70.0
-64.1237727163
-60.7939105889
-59.1028629595
-58.4514722832
-58.4455888013
-59.3849697917
-66.2771963203
-70.0
-70.0
-70.0
-70.0
-70.0
-70.0
-70.0
-70.0
-70.0
-70.0
-70.0
-70.0
-70.0
-70.0
-70.0
-70.0
-70.0
-70.0
-70.0
-70.0
-70.0
-70.0
-70.0
-70.0
-70.0
-70.0
-70.0
-65.9987840309
-63.7314283151
-58.6910783863
-56.0438324827
-54.9206905245
0
-70.0
-70.0
-70.0
-70.0
-70.0
-70.0
-70.0
-70.0
-70.0
-70.0
-70.0
-64.2310833095
-60.9620305183
-59.3018644929
-58.6623693946
-58.6565933558
-60.3520645312
-69.5358286598
-70.0
-70.0
-70.0
-70.0
-70.0
-70.0
-70.0
-70.0
-70.0
-70.0
-70.0
-70.0
-70.0
-70.0
-70.0
-70.0
-70.0
-70.0
-70.0
-70.0
-70.0
-70.0
-70.0
-70.0
-70.0
-70.0
-70.0
-70.0
-70.0
-70.0
-70.0
-63.8107489278
-60.3035066536
-54.633488845
0
-70.0
-70.0
-70.0
-70.0
-70.0
-70.0
-70.0
-67.0568118688
-65.3890052611
-64.5420211211
-64.2157632664
-64.2128164447
-64.4039544702
-64.7051721365
-65.0623969984
-68.0711842972
-70.0
-70.0
-70.0
-70.0
-70.0
-70.0
-70.0
-70.0
-64.3930046358
-61.2157072628
-55.713249708
0
-70.0
-70.0
-70.0
-70.0
-70.0
-70.0
-70.0
-70.0
-70.0
-70.0
-70.0
-70.0
-70.0
-70.0
-70.0
-70.0
-70.0
-70.0
-69.8238106184
-69.7239699689
-69.6732665802
-69.653735661
-69.6535592541
-69.6650014348
-69.6830333621
-69.704418073
-69.7271016305
-69.9462908682
-70.0
-70.0
-70.0
-70.0
-70.0
-70.0
-70.0
-70.0
-70.0
-70.0
-70.0
-63.4204559266
-59.6920476183
-58.1803972055
-62.4011311741
-70.0
-70.0
-70.0
-70.0
-70.0
-70.0
-70.0
-70.0
-64.258737981
-61.0053561702
-59.3531485447
0
-70.0
-70.0
-70.0
-70.0
-70.0
-70.0
-70.0
-70.0
-70.0
-70.0
-70.0
-70.0
-70.0
-63.5016895093
-66.1119707342
-70.0
-70.0
-70.0
-70.0
-70.0
-70.0
-70.0
-70.0
-70.0
-70.0
-70.0
-70.0
-70.0
-70.0
-70.0
-70.0
-67.2596476967
-65.7067813915
-64.9181688953
-64.6143957678
-64.6116520323
-64.78961739
-65.0700760249
-58.8123756493
-55.4306762356
0
-70.0
-70.0
-70.0
-70.0
-70.0
-70.0
-70.0
-70.0
-70.0
-70.0
-63.8761502165
-60.4059686725
-58.8297430991
-54.1103566473
-59.0756039957
-68.426582527
-70.0
-70.0
-70.0
-70.0
-70.0
-70.0
-70.0
-63.752490028
-60.2122343772
-58.4143398408
-57.9219926143
-60.1818844425
-69.90076561
-70.0
-70.0
-70.0
-70.0
-70.0
-70.0
-70.0
-70.0
-70.0
-70.0
-70.0
-70.0
-70.0
-70.0
-70.0
-70.0
-70.0
-70.0
-70.0
-70.0
-70.0
-70.0
-70.0
-63.5951987946
-59.9658114449
-58.1226519869
-57.4126679125
-58.1845187608
-63.4948315154
-70.0
-70.0
-70.0
-70.0
-70.0
-64.0523086383
-60.6819501999
-58.970336797
-58.3110241953
-58.3050691611
-59.0738082338
-62.5689495774
-70.0
-70.0
-70.0
-70.0
-70.0
-70.0
-70.0
-70.0
-70.0
-70.0
-70.0
-70.0
-70.0
-70.0
-70.0
-70.0
-70.0
-70.0
-70.0
-70.0
-70.0
-70.0
-70.0
-70.0
-70.0
-63.3532904477
-61.6894707264
-65.3054228218
-66.9258567406
-68.1893674082
-65.1189393396
-63.4393845204
-62.6503388116
-62.4219000926
-62.5374401914
-62.8555162443
-63.2845113346
-64.1467325619
-66.9382325996
-70.0
-70.0
-70.0
-70.0
-67.3433057608
-63.5045123586
-61.417752572
-60.4517716143
-60.1904573192
-60.3606534982
-60.7840827556
-61.3453375515
-66.5748976509
-70.0
-70.0
-70.0
-70.0
-70.0
-70.0
-70.0
-70.0
-70.0
-70.0
-63.5064181942
-59.8267218377
-58.3401923505
-61.6636701161
-70.0
-70.0
-70.0
-70.0
-70.0
-70.0
-70.0
-70.0
-70.0
-70.0
-70.0
-70.0
-70.0
-70.0
-70.0
-70.0
-70.0
-70.0
-70.0
-70.0
-70.0
-70.0
-70.0
-70.0
-70.0
-70.0
-70.0
-70.0
-70.0
-70.0
-70.0
-70.0
-70.0
-70.0
-70.0
-70.0
-70.0
-70.0
-70.0
-70.0
-70.0
-70.0
-70.0
-70.0
-70.0
-70.0
-70.0
-70.0
-70.0
-70.0
-70.0
-70.0
-70.0
-70.0
-70.0
-70.0
-70.0
-70.0
-70.0
-70.0
-70.0
-70.0
-64.9666999894
-60.9433410529
-59.21967574
-59.1170559503
-60.2042232831
-64.2939853431
-69.4471329897
-70.0
-70.0
-70.0
-70.0
-70.0
-70.0
-70.0
-70.0
-70.0
-70.0
-70.0
-70.0
-70.0
-70.0
-70.0
-70.0
-70.0
-70.0
-70.0
-70.0
-70.0
-70.0
-70.0
-70.0
-70.0
-70.0
-70.0
-70.0
-70.0
-70.0
-70.0
-70.0
-70.0
-70.0
-70.0
-70.0
-70.0
-70.0
-70.0
-70.0
-70.0
-70.0
-70.0
-70.0
-63.6105570192
-59.9898726634
-58.1511329612
-58.0143302319
-69.1799930417
-70.0
-70.0
-70.0
-70.0
-70.0
-70.0
-70.0
-70.0
-70.0
-70.0
-70.0
-70.0
-70.0
-70.0
-70.0
-70.0
-65.2698756675
-65.9150822539
-70.0
-70.0
-70.0
-70.0
-70.0
-70.0
-70.0
-70.0
-70.0
-70.0
-70.0
-70.0
-70.0
-70.0
-70.0
-70.0
-70.0
-70.0
-70.0
-70.0
-70.0
-70.0
-70.0
-70.0
-70.0
-70.0
-70.0
-70.0
-70.0
-70.0
-70.0
-65.4226479845
-62.8288151757
-61.5115549846
-61.0041470371
-60.999564034
-61.2968287644
-61.7652933105
-65.7916540705
-70.0
-70.0
-70.0
-70.0
-70.0
-70.0
-70.0
-70.0
-70.0
-70.0
-70.0
-70.0
-70.0
-70.0
-70.0
-70.0
-70.0
-70.0
-70.0
-70.0
-70.0
-70.0
-70.0
-70.0
-70.0
-70.0
-70.0
-70.0
-70.0
-70.0
-70.0
-70.0
-70.0
-70.0
-70.0
-70.0
-70.0
-70.0
-70.0
-70.0
-70.0
-70.0
-70.0
-70.0
-70.0
-70.0
-70.0
-70.0
-70.0
-70.0
-70.0
-70.0
-70.0
-70.0
-70.0
-70.0
-70.0
-70.0
-70.0
-65.5998652822
-63.1064556088
-61.8401946178
-61.3524315359
-61.3480259689
-61.6337817631
-62.0841091808
-66.3094902455
-70.0
-70.0
-70.0
-70.0
-70.0
-70.0
-70.0
-70.0
-70.0
-70.0
-70.0
-70.0
-70.0
-70.0
-70.0
-70.0
-70.0
-70.0
-70.0
-70.0
-70.0
-70.0
-70.0
-70.0
-70.0
-70.0
-70.0
-70.0
-70.0
-70.0
-69.4720045963
-69.1728072009
-69.0208618569
-68.9623325887
-63.3445199908
-60.1956817657
-58.6331894385
-58.0745877275
-58.1369404434
-59.1620056162
-61.4909776058
-66.0938564559
-67.1766639813
-70.0
-69.3096684778
-69.2529466646
-69.2438153546
-69.2635427234
-69.2999277206
-69.3450944615
-69.3940246907
-69.4435820052
-69.4918636604
-62.7198565956
-60.8515875977
-65.9941996953
-70.0
-70.0
-70.0
-70.0
-70.0
-66.5382908966
-64.576655738
-63.580452785
-63.1967159203
-63.1932499375
-63.4180620165
-63.7723471967
-64.1925067316
-65.6413726024
-70.0
-70.0
-70.0
-70.0
-70.0
-70.0
-64.9132876239
-62.0308172775
-56.6780856048
0
-70.0
-70.0
-70.0
-70.0
-70.0
-70.0
-70.0
-70.0
-70.0
-70.0
-70.0
-70.0
-70.0
-70.0
-63.4122348698
-59.6791679627
-59.3521525205
-65.7603196344
-70.0
-70.0
-70.0
-70.0
-70.0
-70.0
-70.0
-70.0
-70.0
-70.0
-70.0
-70.0
-70.0
-70.0
-70.0
-70.0
-70.0
-70.0
-66.3818143306
-64.3315091179
-63.2902756863
-57.9632671786
-55.1682865013
0
-70.0
-70.0
-70.0
-70.0
-70.0
-70.0
-68.8138947444
-68.1417684328
-63.9115448093
-59.2430258082
-56.8004802139
-55.7749368502
-55.6337796036
-56.0279592689
0
-70.0
-70.0
-70.0
-70.0
-70.0
-70.0
-70.0
-70.0
-66.125631322
-63.9301557377
-62.8151985293
-62.3857175866
-62.3818384347
-62.6334496624
-63.4216948985
-67.6978858175
-70.0
-70.0
-70.0
-70.0
-70.0
-70.0
-70.0
-70.0
-63.7889595874
-60.2693700203
-58.4819706127
-57.793465281
-59.5605270237
-64.2913901306
-70.0
-70.0
-70.0
-70.0
-70.0
-70.0
-70.0
-70.0
-63.4872792187
-59.7967374426
-57.9225211289
-58.3890225177
-57.6387762943
-65.1459801363
-70.0
-70.0
-70.0
-70.0
-70.0
-64.6868875047
-61.6761237573
-60.1471280503
-59.5581596911
-59.5528400192
0
-70.0
-70.0
-70.0
-70.0
-70.0
-70.0
-70.0
-64.1843153264
-61.2891228163
-60.0418698814
-61.6405806527
-66.0394391761
-70.0
-69.1721103138
-69.2868443521
-69.37945663
-69.4557087758
-63.9023191534
-60.7735414082
-59.2038233808
-58.6218651184
-58.6519613236
-59.0482870027
-59.65113951
-65.8818611641
-70.0
-70.0
-70.0
-68.3373772961
-65.0618910972
-60.9278696747
-58.7498611653
-57.8180606875
-57.6650450446
-57.984400824
-58.5765342642
-59.3125965195
-60.9001818712
-67.3530569543
-70.0
-70.0
-70.0
-70.0
-70.0
-70.0
-70.0
-70.0
-70.0
-70.0
-70.0
-70.0
-70.0
-70.0
-70.0
-65.3815552368
-62.7644365376
-61.4353507669
-55.9974616863
0
-70.0
-70.0
-70.0
-70.0
-70.0
-70.0
-70.0
-70.0
-70.0
-64.8063188478
-61.8632328616
-60.3686068412
-59.7928776675
-59.7876775744
-62.3245357552
-70.0
-70.0
-70.0
-68.2450207804
-67.2505325559
-66.7454885361
-66.5509458396
-60.9319047432
-57.8627499272
-56.42583204
-56.016153573
-56.6519378177
-56.2219537203
-65.79051526
-70.0
-70.0
-70.0
-70.0
-70.0
-70.0
-70.0
-70.0
-63.6254272896
-60.0131694204
-54.2898201626
0
-70.0
-70.0
-70.0
-70.0
-70.0
-70.0
-70.0
-70.0
-70.0
-70.0
-64.3857837302
-61.2043945107
-59.5887478286
-58.9664015584
-59.6071420547
-63.4282410699
-70.0
-70.0
-70.0
-70.0
-67.3633659137
-65.8692732648
-65.1105085666
-64.8182327955
-64.8155929063
-64.9868225425
-65.2566662396
-65.5766835831
-66.3271061521
-69.9313806216
-70.0
-68.7863140284
-69.7179638155
-70.0
-70.0
-70.0
-70.0
-70.0
-70.0
-70.0
-70.0
-70.0
-70.0
-70.0
-70.0
-70.0
-70.0
-70.0
-70.0
-70.0
-70.0
-70.0
-70.0
-70.0
-70.0
-70.0
-70.0
-70.0
-70.0
-70.0
-70.0
-70.0
-70.0
-70.0
-70.0
-70.0
-70.0
-70.0
-70.0
-70.0
-70.0
-70.0
-70.0
-70.0
-70.0
-70.0
-70.0
-70.0
-64.5637177349
-61.4831577847
-59.9187165551
-59.3160945988
-59.3106516051
-59.663697422
-60.6085364847
-63.3337184597
-64.1548046794
-68.0284304845
-70.0
-70.0
-70.0
-70.0
-70.0
-70.0
-70.0
-70.0
-70.0
-63.7442574422
-67.8204109837
-70.0
-70.0
-70.0
-70.0
-70.0
-70.0
-65.746378708
-61.0026599758
-58.4563400707
-57.3133367919
-57.0504235983
-57.3243282288
0
-70.0
-70.0
-70.0
-70.0
-70.0
-70.0
-70.0
-70.0
-64.923470414
-62.0467703152
-60.5858579121
-60.0231152065
-60.2323734032
-66.9775024544
-70.0
-70.0
-70.0
-70.0
-70.0
-70.0
-70.0
-70.0
-70.0
-70.0
-70.0
-70.0
-70.0
-66.8716461598
-69.9535789962
-70.0
-70.0
-70.0
-70.0
-70.0
-70.0
-70.0
-70.0
-70.0
-70.0
-70.0
-70.0
-70.0
-70.0
-70.0
-70.0
-65.6618632509
-63.2035857597
-58.0662775175
-55.3816833216
-54.2582040266
0
-70.0
-70.0
-70.0
-70.0
-70.0
-70.0
-70.0
-70.0
-70.0
-70.0
-70.0
-70.0
-70.0
-70.0
-70.0
-65.1933899593
-68.2623350956
-70.0
-70.0
-70.0
-70.0
-70.0
-70.0
-70.0
-70.0
-63.9263123078
-60.4845559489
-58.736683602
-58.0634040737
-58.0573228877
-58.4517634131
-61.5392627132
-63.4584926166
-69.5378201133
-70.0
-70.0
-70.0
-70.0
-65.0102662942
-62.1827505275
-60.74681605
-60.1936948284
-60.1886989346
-60.5127447671
-64.5122713586
-66.0238874855
-68.2823551891
-69.6946906383
-70.0
-70.0
-70.0
-70.0
-70.0
-63.3820406764
-60.0427816274
-56.9442277933
-60.7860196363
-66.8268254274
-67.5836192161
-68.2820933672
-68.9253025235
-69.3470512664
-69.62186547
-69.7993584765
-69.9125423311
-69.9833678996
-70.0
-70.0
-70.0
-70.0
-70.0
-70.0
-70.0
-70.0
-70.0
-70.0
-70.0
-70.0
-70.0
-70.0
-70.0
-70.0
-70.0
-70.0
-70.0
-70.0
-70.0
-70.0
-70.0
-70.0
-70.0
-70.0
-70.0
-63.3670792891
-59.6084242196
-59.1462483251
-66.8365080303
-70.0
-70.0
-70.0
-70.0
-70.0
-70.0
-70.0
-70.0
-70.0
-70.0
-70.0
-70.0
-70.0
-70.0
-70.0
-70.0
-70.0
-70.0
-70.0
-70.0
-67.8475518084
-66.6278311665
-66.0084044091
-65.7698015411
-65.7676464355
-65.9074318244
-66.1277219969
-66.3889720338
-59.939218751
-57.0142906347
-62.9131498738
-70.0
-70.0
-70.0
-70.0
-70.0
-65.5340825653
-63.0033960189
-61.7182042238
-61.2231490059
-61.218677575
-61.508705464
-61.9657653485
-62.507809101
-70.0
-70.0
-70.0
-70.0
-70.0
-68.3048572466
-67.3442763531
-66.8564519385
-61.7426162992
-58.949561039
-57.6420758482
0
-70.0
-70.0
-70.0
-70.0
-70.0
-70.0
-70.0
-70.0
-70.0
-70.0
-70.0
-70.0
-70.0
-70.0
-70.0
-70.0
-70.0
-70.0
-70.0
-70.0
-70.0
-70.0
-70.0
-70.0
-66.3609687034
-64.2988509686
-59.3627297399
-56.755632678
-55.6328533516
-55.4380906441
-55.8066299981
-56.5008659439
0
-70.0
-70.0
-70.0
-70.0
-70.0
-70.0
-70.0
-70.0
-65.9954695162
-63.7262355754
-62.5738206917
-62.1299110718
-62.1259015974
-62.3859658595
-63.2004446912
-66.819123968
-70.0
-70.0
-70.0
-70.0
-70.0
-70.0
-70.0
-70.0
-70.0
-70.0
-63.3405705906
-57.4443538399
-60.3218405195
-69.9192027316
-70.0
-70.0
-70.0
-70.0
-70.0
-70.0
-70.0
-70.0
-70.0
-63.3233838665
-59.5399680575
-58.0212293042
-63.3814985742
-70.0
-70.0
-70.0
-70.0
-70.0
-70.0
-70.0
-70.0
-70.0
-70.0
-70.0
-70.0
-63.1989224552
-59.7492080249
-63.8080904599
-70.0
-70.0
-70.0
-70.0
-69.5553900715
-69.3034444454
-69.1754955882
-69.1262097543
-69.1257645954
-69.1546386803
-69.2001418419
-69.2541056774
-69.3113471228
-62.9915163386
-60.8935697038
-70.0
-70.0
-70.0
-70.0
-70.0
-70.0
-70.0
-70.0
-70.0
-63.8204473976
-60.318700923
-58.5403630074
-57.8553481578
-57.8491609761
0
-70.0
-70.0
-70.0
-70.0
-70.0
-70.0
-70.0
-66.1054802696
-63.8985857556
-62.7778295221
-62.3461147979
-62.3422154701
-62.5951353578
-63.4267752421
-61.1088891165
-68.2489425126
-70.0
-70.0
-70.0
-70.0
-70.0
-64.7017150221
-61.6993535346
-60.1746248576
-59.5873001561
-59.5819953301
-59.9260792568
-60.4683269709
-57.8985074999
-66.9178683118
-70.0
-70.0
-70.0
-70.0
-70.0
-70.0
-70.0
-63.835400234
-60.3421270332
-58.5680922116
-58.343262261
-60.9053290893
-68.6982591045
-70.0
-70.0
-66.0261921941
-63.7743677707
-62.630794191
-62.1902902368
-62.1863115231
-62.4443805774
-62.8510759907
-57.5890369875
-59.1553825663
-65.9454210904
-70.0
-70.0
-70.0
-70.0
-70.0
-70.0
-70.0
-70.0
-70.0
-63.2337870555
-59.8233308742
-62.802230217
-70.0
-70.0
-70.0
-70.0
-70.0
-70.0
-64.8257776476
-61.8937183145
-60.4046921042
-59.8311199746
-59.8259393643
-54.0837770522
-54.6238200518
-63.9852637988
-70.0
-70.0
-70.0
-70.0
-70.0
-70.0
-70.0
-70.0
-70.0
-63.3937164135
-59.6501557146
-57.7490141047
-58.2967975253
-60.0674743819
-62.9098625387
-65.6885756344
-67.4995176374
-68.6694322512
-69.4157332778
-69.8829894512
-70.0
-70.0
-70.0
-70.0
-70.0
-70.0
-70.0
-70.0
-70.0
-70.0
-70.0
-70.0
-70.0
-70.0
-70.0
-70.0
-70.0
-70.0
-70.0
-70.0
-70.0
-70.0
-70.0
-70.0
-70.0
-70.0
-70.0
-70.0
-70.0
-70.0
-70.0
-70.0
-70.0
-70.0
-70.0
-70.0
-70.0
-70.0
-70.0
-66.0924793757
-68.1425383247
-70.0
-70.0
-70.0
-67.5805324962
-66.2095009108
-65.5132319291
-65.2450294758
-65.2426070213
-59.3215440142
-56.1248547427
-54.6693460218
-54.3070625885
-54.8280403768
-61.0191420028
-70.0
-70.0
-70.0
-69.4371233312
-69.2826135892
-69.2138206244
-69.1987508247
-69.2164172507
-69.2531365313
-69.3000635486
-69.351550974
-69.4040583968
-69.4554275706
-70.0
-70.0
-70.0
-70.0
-70.0
-70.0
-70.0
-70.0
-70.0
-70.0
-70.0
-63.3159891276
-59.5283829665
-59.1363136232
-62.4276026137
-68.7151466318
-70.0
-66.37558983
-64.3217574003
-63.2787326958
-62.8769601166
-62.8733312318
-63.1087095266
-63.4796461859
-64.1340185197
-68.0947534467
-70.0
-70.0
-70.0
-70.0
-70.0
-70.0
-70.0
-70.0
-70.0
-70.0
-70.0
-70.0
-65.2499914219
-70.0
-70.0
-70.0
-70.0
-70.0
-70.0
-70.0
-70.0
-70.0
-70.0
-70.0
-70.0
-70.0
-70.0
-70.0
-70.0
-70.0
-70.0
-70.0
-70.0
-70.0
-70.0
-70.0
-70.0
-70.0
-70.0
-70.0
-70.0
-70.0
-70.0
-70.0
-70.0
-70.0
-70.0
-65.46902758
-62.901476542
-61.5975633678
-61.0952966843
-61.0907601181
-61.3850128411
-61.8487307135
-63.2495602695
-67.1242123663
-70.0
-70.0
-70.0
-70.0
-70.0
-70.0
-70.0
-70.0
-70.0
-70.0
-70.0
-70.0
-70.0
-70.0
-70.0
-70.0
-70.0
-70.0
-70.0
-70.0
-70.0
-70.0
-70.0
-70.0
-70.0
-70.0
-70.0
-70.0
-70.0
-70.0
-70.0
-70.0
-70.0
-70.0
-70.0
-70.0
-63.2180465865
-59.3749396522
-57.186003313
-60.5367539752
-64.1743019425
-67.0859356352
-63.488054416
-61.5463905373
-60.6631791922
-60.4444797454
-60.6317774191
-61.0564301094
-61.6093407199
-62.8762755836
-69.4869418464
-70.0
-70.0
-70.0
-70.0
-70.0
-70.0
-64.8088593891
-59.5338797096
-56.7177625783
-55.4708335468
-55.2069816764
-55.541771165
-58.6320253034
-70.0
-70.0
-70.0
-70.0
-70.0
-70.0
-65.2323082098
-62.5306161954
-61.1585804469
-60.6300729829
-60.6252994051
-60.9349252782
-61.4228699595
-62.2022544648
-60.9428626278
-70.0
-70.0
-70.0
-70.0
-70.0
-70.0
-70.0
-70.0
-70.0
-63.6370354759
-60.0313555789
-58.2002357881
-58.800864593
-63.2507409067
-69.4169191591
-67.6962994868
-67.1907168968
-66.9810101129
-66.9558190387
-67.042177093
-67.1925860224
-67.376411846
-67.5741602786
-67.9971507473
-70.0
-70.0
-70.0
-70.0
-70.0
-70.0
-70.0
-70.0
-63.9721958171
-60.5564401134
-58.8217720208
-58.1535787645
0
-70.0
-70.0
-70.0
-70.0
-70.0
-70.0
-69.4354098994
-69.1154755091
-68.9529990246
-68.8904131664
-68.8898478793
-62.8483244773
-59.4617996202
-57.7811580519
-59.0830831485
-70.0
-70.0
-70.0
-70.0
-70.0
-70.0
-70.0
-70.0
-70.0
-70.0
-70.0
-70.0
-70.0
-70.0
-70.0
-70.0
-70.0
-70.0
-70.0
-70.0
-70.0
-70.0
-70.0
-70.0
-70.0
-70.0
-70.0
-70.0
-70.0
-70.0
-70.0
-70.0
-70.0
-70.0
-70.0
-70.0
-70.0
-66.0856221026
-63.8674746274
-62.7410036547
-57.38116169
-54.5858844548
0
-70.0
-70.0
-70.0
-70.0
-70.0
-70.0
-70.0
-70.0
-70.0
-70.0
-70.0
-70.0
-63.817297273
-60.3137657278
-58.5345212763
-57.8491572296
-59.4031554244
-68.3325315076
-70.0
-70.0
-70.0
-70.0
-66.3035518445
-64.2088978897
-63.1451422538
-62.7353841305
-62.7316831188
-62.9717397412
-63.3500490566
-63.7986996773
-67.5799246669
-70.0
-70.0
-70.0
-70.0
-70.0
-70.0
-68.0169813622
-66.8932708008
-66.322602104
-66.1027808157
-60.4835113983
-55.0958327012
0
-70.0
-70.0
-70.0
-70.0
-70.0
-70.0
-70.0
-70.0
-70.0
-70.0
-70.0
-70.0
-64.1668509489
-60.86139982
-55.2938602597
0
-70.0
-70.0
-70.0
-70.0
-70.0
-70.0
-70.0
-70.0
-70.0
-70.0
-70.0
-70.0
-63.7202499528
-60.1617249261
-54.6889351512
0
-70.0
-70.0
-70.0
-70.0
-70.0
-70.0
-70.0
-70.0
-70.0
-70.0
-70.0
-70.0
-70.0
-70.0
-70.0
-70.0
-70.0
-70.0
-70.0
-70.0
-70.0
-64.5984658576
-61.5375965103
-59.9831550182
-59.3843849557
-59.378976753
0
-70.0
-70.0
-70.0
-70.0
-70.0
-70.0
-70.0
-70.0
-70.0
-70.0
-70.0
-70.0
-70.0
-70.0
-70.0
-66.8898753264
-70.0
-70.0
-70.0
-70.0
-70.0
-70.0
-70.0
-70.0
-70.0
-70.0
-70.0
-70.0
-70.0
-70.0
-70.0
-70.0
-70.0
-70.0
-70.0
-70.0
-70.0
-70.0
-70.0
-70.0
-70.0
-70.0
-70.0
-70.0
-70.0
-70.0
-70.0
-70.0
-70.0
-70.0
-70.0
-70.0
-70.0
-70.0
-70.0
-70.0
-70.0
-70.0
-70.0
-70.0
-70.0
-70.0
-65.7151889522
-63.2871293584
-58.165167068
-55.4864841248
0
-70.0
-70.0
-70.0
-70.0
-70.0
-70.0
-70.0
-70.0
-70.0
-70.0
-65.408730186
-62.8070106247
-61.4857452005
-60.9767944392
-60.9721975012
-61.2703660883
-56.462700378
-61.1839346451
-69.6223107771
-70.0
-70.0
-70.0
-70.0
-70.0
-70.0
-63.9343137155
-60.4970914877
-58.751521768
-58.0791292106
-58.0730560358
-58.4669769298
-59.5242902163
-66.358905904
-70.0
-70.0
-70.0
-70.0
-70.0
-70.0
-70.0
-70.0
-63.4112805387
-59.677672844
-57.781585799
-57.0512140454
-57.5201116298
-57.3394477085
-66.8979350226
-70.0
-70.0
-70.0
-70.0
-70.0
-70.0
-70.0
-70.0
-63.53299519
-59.8683591311
-58.2562923038
-60.7911387249
-68.1709471359
-70.0
-70.0
-70.0
-70.0
-70.0
-70.0
-70.0
-63.4517009026
-60.1735775245
-63.6830261621
-70.0
-70.0
-70.0
-70.0
-70.0
-70.0
-70.0
-70.0
-70.0
-70.0
-70.0
-63.2688413809
-61.0369559828
-67.7820510574
-70.0
-70.0
-70.0
-70.0
-70.0
-70.0
-70.0
-70.0
-70.0
-70.0
-70.0
-70.0
-70.0
-70.0
-70.0
-70.0
-70.0
-70.0
-70.0
-70.0
-70.0
-70.0
