-70.0
-70.0
-70.0
-68.2889
-67.3192766667
-66.8268601111
-65.4330741
-64.7490333567
-64.5136411321
-64.5552844263
-63.7617609219
-61.1395054059
-59.861501916
-59.4326497583
-58.7251143359
-58.8579226046
-56.9549274296
-56.2479660769
-56.2821903961
-56.7599853078
-58.4845705904
-60.2365027403
-61.985111939
-63.6779403935
-65.2666227864
-66.1916416184
-67.0528481969
-68.0383105375
-68.8772275906
-69.5972535694
-70.0
-70.0
-69.4193513636
-69.2703171363
-69.205219362
-69.3689033854
-66.7778656587
-63.5586347435
-61.8418083697
-61.0836522663
-59.0181590844
-58.144924539
-58.0161529939
-57.429863883
-57.4970949538
-57.9541970978
-58.6299851475
-60.4029276083
-63.0480954978
-65.7841730154
-68.2848470921
-70.0
-70.0
-70.0
-70.0
-69.4586859294
-69.1519412893
-68.996163129
-68.9361574618
-68.9356154795
-68.9707697741
-69.026170025
-70.0
-70.0
-70.0
-70.0
-70.0
-70.0
-70.0
-70.0
-70.0
-70.0
-70.0
-70.0
-70.0
-70.0
-67.6764174704
-65.4560207037
-64.2752486202
-62.2514437494
-62.2369183718
-62.6624725329
-63.1623892784
-63.0510214171
-61.0492506037
-59.6125963413
-60.3728090773
-61.1498430829
-62.4666242725
-63.5078055105
-61.9948380202
-60.6271962587
-59.2153379931
-58.7277117674
-57.4869623063
-56.2559138862
-55.9754210379
-56.2746112943
-56.911638405
-58.7185723713
-57.8246976227
-57.6942161861
-56.5199534512
-56.2647306953
-56.7501893519
-57.4831249008
-58.3401154001
-59.2429725197
-60.1432543741
-61.0119816743
-61.8328186653
-62.5975602377
-63.3031531732
-63.9497371621
-65.0831129833
-66.28628471
-67.4897282556
-66.3076357244
-66.0807090148
-66.2373534293
-65.7530579267
-66.4065144967
-66.9183712888
-67.3282063211
-65.1107414782
-63.9432378565
-63.444627755
-63.3639741022
-63.5367827738
-63.855908551
-64.4314370656
-66.48859882
-68.3922780946
-69.9428263896
-70.0
-69.2866404856
-69.0774034275
-68.9826144116
-68.9596538551
-68.980555726
-69.0270783244
-69.0874226059
-69.1540484213
-69.2222222965
-66.6484744777
-65.2159433038
-64.515893156
-65.2709592822
-65.8816336485
-66.3853171466
-67.357766674
-68.5768108346
-69.7306192299
-70.0
-70.0
-70.0
-70.0
-70.0
-70.0
-70.0
-70.0
-70.0
-70.0
-70.0
-70.0
-67.4264893068
-65.9681665807
-65.4075673923
-64.9477466614
-65.0165126675
-62.8698057995
-61.8194548187
-59.955762403
-59.2671324346
-59.2117167057
-59.5380767115
-60.0826234913
-61.0961807761
-62.3618542897
-61.4562638622
-60.3981581568
-58.5771894618
-57.9356563011
-57.9528811947
-58.5477867577
-59.2864705369
-60.0867984532
-60.8974352545
-59.2141476828
-58.7489535503
-59.0218719524
-59.5515605953
-60.2176550945
-60.9433899576
-61.6807178768
-62.5819240325
-64.0950864047
-65.3813142812
-65.4846838363
-66.0557154901
-67.2191902619
-68.0099687829
-68.5507702695
-68.9235588191
-69.1831133215
-66.6577272349
-65.2539046751
-63.06364765
-61.07700518
-60.1824528587
-59.9729730372
-60.1815193765
-60.6339298675
-58.8634957837
-58.1724521407
-57.6459093384
-57.922536679
-58.4910951941
-59.4086104241
-57.4930422858
-57.6733499823
-58.7324229341
-60.6479526041
-62.1090053193
-64.2226578096
-66.0167607101
-67.2259970934
-68.0440056869
-68.6000106535
-68.980279945
-69.2424321884
-69.4249757948
-69.5536694321
-66.943950139
-66.6317244749
-67.0707482606
-66.4328192159
-66.7029678152
-66.9749580476
-68.0414560546
-68.746639657
-69.3900284965
-69.9756441837
-69.38635312
-66.5579654991
-65.1541674099
-64.6489163093
-63.8994159696
-63.8308185668
-64.9779579762
-63.3605545454
-62.7989273353
-62.7019867648
-61.9748810255
-61.9831215478
-61.6997395873
-61.8063857581
-62.1434939353
-62.6076423771
-63.132543363
-63.8601491591
-65.0623743071
-65.9482969189
-64.1037375063
-63.1935439418
-62.0739012016
-61.8500688508
-62.3444338119
-62.8962383282
-63.4641130937
-64.2019487466
-65.1070763514
-65.8132503693
-66.737263101
-67.4004286367
-68.0627272083
-68.701682111
-65.5143106497
-63.7514107512
-62.3464015648
-61.7585160009
-61.6805007958
-59.5569255968
-58.6308829576
-56.0797485182
-55.0130762373
-54.8726369942
-55.4711188747
-54.1389299664
0
-70.0
-70.0
-70.0
-70.0
-70.0
-70.0
-70.0
-70.0
-69.9611026959
-69.9390608902
-69.9278671105
-70.0
-70.0
-70.0
-70.0
-68.5501593856
-67.9048330375
-68.6526798311
-70.0
-70.0
-70.0
-70.0
-70.0
-70.0
-70.0
-69.0739484305
-68.5491858744
-68.2826888116
-68.1800342802
-68.1791070854
-65.5343384249
-65.092907127
-63.4854514441
-62.7381296528
-62.7140482894
-63.1299645283
-63.9722651713
-66.1330285562
-67.7338856352
-68.1468625155
-69.3461070234
-70.0
-70.0
-70.0
-67.5647446621
-66.1847666373
-65.4839542679
-65.214001704
-65.3923134389
-65.8418900319
-66.2502396533
-64.0678157861
-62.9561009396
-60.2064903471
-58.8831743134
-57.9041899938
-57.719993069
-59.0177935192
-60.1625473387
-61.1773147191
-62.0802646567
-59.3685001915
-58.0958248393
-57.7290254667
-58.2839783276
-59.727481979
-60.95643868
-63.2575147445
-63.7504842402
-64.9933331295
-66.9007931277
-67.2802632652
-67.5986032388
-67.8696537817
-68.1032956481
-69.1750170035
-69.8455492499
-70.0
-69.3198760843
-68.934472532
-69.6070607401
-70.0
-67.549758155
-66.1612877762
-65.456162623
-65.184548777
-64.2211139525
-63.8356825927
-63.8099010237
-64.0007687149
-64.3152637057
-64.8697019101
-66.3656674224
-67.384391149
-68.4495623467
-69.3203463204
-69.0703133572
-69.129783134
-69.194472229
-69.2601366117
-69.3241973542
-69.3851605546
-65.8197399237
-63.8198295477
-62.8258890038
-62.4686617107
-60.8600458704
-60.3780415039
-60.4095708339
-60.748169404
-58.1231672676
-56.0403604101
-55.2559976153
-55.2768466846
0
-70.0
-70.0
-70.0
-70.0
-70.0
-70.0
-70.0
-70.0
-70.0
-70.0
-70.0
-69.5564138443
-66.699731255
-65.0957306596
-65.2577875047
-65.5130953616
-65.8158435637
-66.1369643662
-66.4584047021
-64.2168964287
-63.0647615837
-62.6046552906
-60.6672918939
-59.8159641261
-59.6446353279
-59.8870168714
-60.3695452351
-61.974939181
-62.3866925347
-63.4432447978
-64.9994383661
-66.0998398949
-66.890086149
-65.4918444814
-64.8031713314
-64.5631950637
-62.8816250232
-62.1099621648
-60.5852989889
-59.9843244503
-59.9575955789
-59.2814433011
-59.2330371578
-59.5628922332
-60.1087088706
-60.7659085574
-61.4680314176
-62.1737040864
-60.1938988399
-58.9639357307
-58.7782896845
-59.2217090673
-56.9507869703
-55.6898741464
-54.0796639805
0
-70.0
-70.0
-70.0
-70.0
-70.0
-70.0
-70.0
-70.0
-70.0
-70.0
-70.0
-69.4574633523
-69.86388572
-70.0
-69.4528157198
-69.1427446277
-69.1645271516
-70.0
-70.0
-70.0
-70.0
-70.0
-70.0
-70.0
-70.0
-70.0
-70.0
-70.0
-70.0
-67.6035420292
-66.2455491791
-64.049735163
-62.9305889146
-62.4947482018
-62.483418834
-62.7271739189
-63.1158545058
-63.5785343745
-63.0962034447
-60.4316143377
-60.1517179574
-60.3120561973
-60.7311906013
-60.4233187999
-60.5578184256
-58.6601691095
-57.8995738829
-58.5740642827
-59.7173730465
-60.7461125365
-61.671819146
-60.0317606628
-58.4763002174
-57.9271472763
-58.9966584484
-59.0128505499
-57.2132300518
-57.2633871216
-57.7180351261
-58.4002227579
-59.1961945784
-60.0339045181
-60.8687336646
-61.674006697
-62.4347036266
-63.1432983301
-63.7970118746
-64.3960062721
-62.251998089
-61.2238599095
-61.0847650048
-61.2984825618
-60.0819396032
-59.9016658401
-61.0608627209
-63.2321754525
-64.9443072431
-66.1401094093
-66.9862537287
-68.3968676653
-66.7442481201
-65.8612014556
-64.4693510094
-61.9107845969
-60.0897297073
-59.3274391166
-59.2258167916
-59.5239828369
-60.0520830362
-59.2101103806
-59.0645897746
-59.3417910851
-59.863385502
-60.514229302
-61.2209279386
-61.937582856
-60.2646473929
-60.8446478687
-60.1656598918
-60.0860784427
-60.3687936251
-61.0387108437
-61.7393708134
-62.4351211015
-60.6316454269
-58.9581385079
-58.3220964063
-58.3297345984
-58.7233263604
-59.3353705389
-60.2455846947
-59.9968882305
-60.364107411
-61.6316353389
-63.0415975843
-63.3070251442
-64.056130842
-64.7037232326
-65.2688212259
-65.765585981
-66.204791968
-66.5948224946
-66.9423467274
-64.5625784303
-63.3159648377
-61.8081393841
-61.1765061325
-61.0916426438
-61.8864563775
-60.8912075943
-60.9809315563
-62.8871008196
-64.2678990169
-65.2874479681
-66.0562624065
-66.4688196551
-67.1673933491
-67.6809577871
-65.461080756
-64.4679503787
-65.0389429422
-65.7246570489
-65.3371246081
-65.2600343233
-64.8162234528
-64.722729482
-61.6816694603
-59.8009777985
-59.0125302082
-58.3501550915
-58.7062724915
-59.6511151432
-60.7407335628
-62.2461307234
-61.1782565946
-61.1963462416
-61.500655155
-60.0587408868
-60.5242909901
-61.1194780192
-62.3129700355
-61.1097255034
-59.7426489308
-59.4510646896
-59.6277453218
-60.0794955238
-60.6812291275
-61.3528949855
-62.0441313341
-63.7125077455
-62.2825386002
-62.2373613818
-62.4690096714
-62.8590316561
-63.5058271251
-64.4591268356
-66.6768024334
-69.3832422609
-70.0
-70.0
-70.0
-69.1927496903
-68.7353078482
-68.502999148
-68.4135139562
-67.1493401401
-65.4859172489
-64.6383329392
-63.7529490332
-63.4299537218
-63.4551580776
-63.6884420885
-64.0387977587
-64.4477179023
-65.8521337634
-67.1663788213
-68.0493798954
-68.82795121
-69.5269122883
-70.0
-70.0
-70.0
-70.0
-70.0
-67.7310705913
-66.5243023965
-65.9160980663
-64.1811388661
-63.1341290874
-61.7349860697
-61.1710007235
-61.1269094916
-62.1986935719
-63.1018075677
-63.8736157129
-64.5409134096
-65.1232615806
-62.9946503632
-60.9770075821
-60.8006883275
-61.7485404971
-62.9620504489
-61.7461720224
-61.2917725657
-62.3016997928
-63.1642661361
-61.7340896634
-61.1515141243
-60.11425986
-57.9136208616
-56.9961167672
-56.879077085
-57.2462173728
-58.2456274515
-59.957085917
-61.3187247991
-59.8726583168
-59.3425964835
-59.3798061674
-59.7561384389
-58.1478257797
-58.576895699
-59.5484411272
-60.47975368
-61.3558827556
-62.1696974425
-63.0974963398
-62.2535780345
-62.9048245291
-63.5320782749
-64.3062779132
-64.9605884324
-65.5211551295
-66.0067899768
-66.431277886
-66.8049280352
-67.1356205236
-66.4295231552
-66.124880629
-67.0702507997
-68.0684645421
-68.7317773029
-69.1720390492
-66.7568222793
-65.5980481414
-66.337265385
-67.256886885
-68.0860968882
-68.8266696605
-69.3101243352
-69.6231929955
-69.8235944251
-69.9497154688
-70.0
-70.0
-67.3419377537
-65.8357024808
-65.0707712344
-64.776120112
-64.7734587682
-64.946080003
-65.2181167438
-65.5407348968
-65.8829479587
-66.2255108639
-65.5568766455
-66.3037738249
-66.8751196716
-67.8643398573
-68.7105606402
-65.8658028906
-64.4730048111
-62.3153924698
-61.2769786493
-60.1422285995
-57.5488265053
-56.4078243652
-55.6207400468
-55.6277981208
-56.1111063612
-54.5099717107
-54.0656251967
-55.3286406762
-56.7569952747
-59.3056915247
-61.5468862238
-61.2327850178
-61.3365647936
-61.6876138326
-61.1830301416
-61.1741789223
-61.4630622266
-61.9209568016
-62.4649949866
-62.1742719741
-62.2606957675
-62.5705268513
-60.3243176877
-60.2975924945
-60.964220962
-61.6653906772
-61.6009404805
-59.6681562971
-58.3196805771
-58.2674391259
-59.5686519541
-61.0304245859
-62.2064740122
-63.1718878675
-63.9787399185
-64.6635598184
-65.2523330978
-65.7638526288
-63.5478838815
-62.4333731705
-62.9908753433
-63.5590141355
-64.1145969397
-65.0056267242
-65.0689003435
-65.2712345037
-65.5502605164
-65.1622970697
-65.0907757661
-65.2115037917
-65.4435571473
-65.7346705891
-66.0515163012
-63.6683310777
-62.4494755743
-60.4636797532
-59.590079602
-57.9067501913
-57.2998608718
-57.359065251
-57.8159523702
-58.4962195627
-60.6507055689
-62.2550403204
-63.6528064939
-64.7030393149
-63.8523854321
-63.8802469213
-62.5947889175
-61.0704881418
-60.9965580716
-61.4278147605
-62.7043082818
-63.4696749827
-64.1465725038
-65.7088068241
-66.7891871887
-68.0999980568
-68.9498179758
-70.0
-70.0
-70.0
-67.7798806528
-66.2575590895
-65.5518102724
-65.5657450842
-64.9519144637
-65.1074356093
-65.5547926099
-65.9713803899
-67.2678288831
-65.9611962754
-65.3118435017
-65.0785037207
-65.1025497281
-65.2802256749
-64.5614985838
-64.3115457096
-64.3511891282
-64.563268875
-62.2311630266
-61.09086075
-60.7036506923
-60.781202968
-63.0388989194
-65.8885530673
-68.0923937871
-69.4782850927
-70.0
-70.0
-70.0
-70.0
-67.4671788521
-66.0319135349
-65.3030238934
-65.0222559788
-65.1959700307
-65.6419223497
-66.0547629961
-66.4339752841
-64.1750530464
-62.1101646022
-60.5927759652
-58.9959345184
-58.593631833
-58.732462494
-59.1913454742
-59.8269637465
-60.5474359183
-60.382596186
-60.6042724737
-59.4098734956
-59.0462383255
-59.3701826126
-59.9188764312
-60.9516301731
-62.6108943269
-64.0267563416
-65.0753816724
-63.2633937141
-62.400754482
-62.1364791266
-62.2400312758
-62.5608281895
-63.0012787314
-63.4988397655
-64.0140817271
-61.9174404121
-60.928874276
-59.1319387852
-59.4155951049
-59.9386023932
-60.9507866864
-59.684163632
-58.4540906138
-58.1009104491
-58.4626386686
-59.0642543114
-59.7897485533
-60.5653868134
-61.3452568756
-61.3469480139
-61.6363977631
-62.2666043538
-63.0712581632
-64.13675851
-65.1477494883
-66.645835759
-67.6564929961
-65.8132817225
-65.0284122342
-63.2170434668
-63.3561871002
-62.6688410569
-63.0563609513
-63.5203275228
-64.0146965483
-64.5108280787
-64.9914793943
-65.4468208705
-66.0540483939
-63.8858312499
-61.8850065885
-61.134261572
-61.5290891764
-62.0483494331
-59.6345247631
-58.7124958021
-58.7147785655
-59.4665722712
-61.0000127522
-63.5768116566
-65.5154972773
-66.8281920738
-65.1162187815
-63.3481275135
-62.5090018355
-62.2552263675
-62.3611202078
-60.5037117643
-59.7058096394
-59.5702080432
-59.8365068173
-59.5138341311
-59.8400193816
-60.001840997
-60.2863725996
-61.7793567024
-60.6419238733
-60.2714000467
-60.3733724159
-60.7554434235
-61.292837914
-62.2700130628
-63.6779767798
-62.7338128064
-62.7687703852
-61.524619253
-61.0606412653
-61.0802330971
-61.3893137596
-61.8617850318
-62.4165416274
-60.5290890531
-59.7123145401
-59.565172681
-57.9169040317
-56.4270127078
-56.9852100945
-56.7540439615
-57.0568761496
-57.6700129242
-58.4488945581
-59.3012603865
-59.4764917802
-59.9324142237
-61.0800538823
-60.3296160761
-60.5549495232
-60.6714218501
-61.0522578512
-61.023461968
-61.3054023725
-61.9353213783
-62.7613454025
-63.4982483036
-64.1571151009
-63.8349895044
-63.8472144963
-64.0596423416
-64.3851109707
-64.9498050788
-65.6324613743
-64.4806276543
-63.0698065005
-63.0003202582
-63.5527011659
-64.4605396718
-65.1898914529
-65.7878394731
-66.2870136361
-64.1578586945
-62.0773874313
-59.253691759
-57.0139846303
-57.0953201855
-57.5742775124
-58.2758426581
-56.9120129162
-56.5299813072
-56.9305125459
-57.606480871
-59.1547472389
-61.1619448715
-63.5563651666
-65.2078051714
-66.3584090019
-67.1701576669
-65.0874495653
-63.0030988244
-61.985718419
-61.0868773396
-60.8446767807
-61.0045338859
-61.4002970196
-61.9244116658
-62.5080667313
-60.4674128122
-59.560773367
-59.364763921
-60.6016265205
-61.6570231962
-62.5683604285
-63.3628840869
-64.234085479
-64.949003465
-65.5463208077
-66.2354171755
-66.9551110903
-67.4884237361
-67.8921305325
-68.3846169258
-68.7339548643
-66.2787866159
-64.929726113
-64.2892989408
-64.0953993394
-64.3543796006
-64.697955104
-65.0808352359
-66.4742347452
-67.4277999593
-68.085679089
-67.5442195818
-64.6214463059
-63.0470674634
-62.5179545726
-62.9868883476
-63.681269001
-65.6342594648
-64.4784899502
-63.0653785764
-62.4486657996
-62.3303492736
-62.5150143821
-62.8753129679
-62.3341199182
-62.2649334244
-62.8442570806
-63.4303760384
-64.1862848784
-65.0136206865
-66.858596584
-65.5563409572
-64.9231095492
-64.7124003861
-62.8544170975
-61.9778132212
-61.7192571213
-61.840148224
-62.1846779449
-62.6519065125
-63.1771801027
-63.7197715867
-64.7924174243
-66.1598775943
-67.4758577765
-68.34958396
-68.928833538
-69.3120888336
-69.5649723832
-67.0262946594
-65.6022115364
-64.8943546115
-62.732017525
-61.6768813556
-61.3212369421
-61.397142396
-61.7294475884
-59.8504330682
-58.1576432538
-58.5367067674
-59.14625465
-59.8737748912
-60.6478278729
-61.6077487328
-62.4634429577
-62.2280781209
-62.3459232815
-63.7772662685
-63.5178988453
-63.5783484299
-64.0086732329
-64.466579007
-64.9257698379
-65.3704253418
-65.7915377995
-66.1844873474
-65.5590018512
-65.3317438251
-65.3509975486
-64.8138128274
-64.6643749004
-65.1073163139
-66.0769206182
-66.9627025135
-67.7746649003
-68.336020169
-69.9098726851
-70.0
-70.0
-70.0
-70.0
-69.3172733757
-68.5970616219
-68.2116991822
-68.0400917457
-67.2987538552
-63.8995911377
-62.0634404692
-61.2263020525
-61.0164756008
-61.373780543
-62.2297041569
-62.4545596819
-63.1941568157
-64.2240265355
-62.9541527488
-62.4270900519
-61.4949700081
-59.3113878704
-58.3575256588
-58.469527703
-58.9210780061
-59.5613055877
-60.2933986171
-57.780650201
-55.7766128113
-55.0483032838
-55.1097074578
-55.642893047
-56.4413746322
-57.3724177623
-58.3519630483
-59.3279581183
-60.4447898896
-61.4333959561
-62.6736130642
-62.6696635735
-62.9116384266
-63.2931020576
-63.924793501
-61.8014064762
-61.8004602263
-62.2539604689
-62.7842619321
-63.5259674123
-64.1867917867
-64.7770600184
-65.3053189568
-65.778763688
-63.9168814612
-63.4373104483
-63.5558241589
-64.0194882466
-62.5892259799
-61.9780944206
-61.8788123376
-62.2699493432
-62.7622999018
-63.2989669069
-63.8443348798
-64.3767445008
-64.8836321234
-65.5383102929
-66.0798401848
-66.5354301137
-67.4537650016
-68.6213904342
-69.6997154615
-70.0
-70.0
-70.0
-70.0
-70.0
-70.0
-70.0
-70.0
-67.3136052007
-64.9720648747
-64.090986431
-64.1185564837
-65.8778907785
-64.7168122801
-64.1962714384
-63.2749415892
-62.9463122933
-63.5398131949
-64.290503296
-65.1082339135
-65.7619311535
-64.1815799817
-62.5236166126
-61.9581822138
-61.3222878373
-61.5633416168
-62.322529164
-63.4172073868
-65.0003068166
-66.1168229139
-67.0909218085
-67.9501004184
-68.5339375703
-69.8745809456
-70.0
-70.0
-70.0
-70.0
-70.0
-70.0
-70.0
-70.0
-69.6327851081
-70.0
-70.0
-70.0
-70.0
-70.0
-70.0
-70.0
-70.0
-69.1934638992
-68.7364267753
-68.6850726659
-66.16775525
-64.9643562922
-64.7699905342
-65.1862047283
-65.7898930872
-66.2924429996
-66.7175581804
-67.0820420162
-67.3979975838
-68.673289379
-69.4826881435
-69.9855711307
-70.0
-70.0
-70.0
-70.0
-69.3963549155
-69.0542893677
-68.6940179796
-68.5213878807
-68.645596892
-68.2400653653
-68.5939109371
-68.8530879156
-69.4038245056
-70.0
-70.0
-70.0
-68.2350853622
-67.4172170675
-67.378588855
-67.4427922991
-65.3909805481
-64.3135274793
-62.3504380553
-61.4275697991
-61.1595965188
-61.2834540855
-61.648320156
-62.1456291264
-62.7058268712
-63.2850846223
-62.9881570283
-63.231228571
-64.3574259707
-65.3997302115
-67.0941943896
-68.3832330834
-69.3941741978
-67.3160242857
-66.1586001956
-65.5921924017
-64.4382930876
-63.9313437296
-63.8294626571
-63.9740185917
-64.2616181994
-62.0201402563
-60.9412488153
-60.5958723235
-61.7005949121
-62.6400753015
-63.6275943585
-64.432519314
-65.2818069765
-66.1354026747
-67.1393799211
-67.8371202715
-66.0103535489
-66.9212694351
-66.0642766523
-65.6812717609
-65.595426434
-66.4932074925
-67.1487692112
-65.2830645527
-63.4171729392
-61.6133655397
-60.8106355821
-59.0413691938
-58.3450970544
-58.4928305356
-59.8457466435
-61.5382214202
-64.1152655721
-66.9463781222
-68.7468330482
-69.8688782355
-67.905898006
-66.7979132681
-66.2398586498
-64.1225528127
-61.1495224477
-59.3273868139
-58.2565258731
-58.0054584462
-58.2546360418
-58.0919510274
-58.3912749846
-58.9578268593
-60.0250804222
-60.3762107434
-61.0913075789
-61.9950720942
-63.34266171
-65.3730376511
-66.745495294
-66.7652448652
-66.884919779
-67.0605607347
-67.2639266169
-66.6746794566
-66.4319751785
-65.8497312168
-63.5686438623
-62.4143699876
-61.4191044409
-61.2992246694
-61.7048226508
-59.8706046352
-59.1077203381
-59.0130657485
-59.6840041365
-61.141433698
-60.1348442623
-59.8597291255
-60.2216690725
-60.946277405
-62.6794076703
-61.6092228577
-59.346530029
-59.0477337011
-59.2335314477
-57.9760812696
-57.9906584536
-58.2604033917
-59.8596329987
-61.5150792541
-60.9733448607
-60.9491927294
-59.7302283596
-59.341175459
-59.4630378701
-58.92640583
-58.9735464117
-58.813823658
-59.0908625506
-59.9717238011
-60.8345164247
-59.5428800507
-59.1164688912
-59.2234065658
-59.6467889518
-60.2459254183
-61.1105431175
-61.9256289665
-63.6835254484
-62.6768287215
-62.3169163946
-62.3570717854
-62.6359292936
-62.050235261
-59.7867282833
-58.7690664873
-59.4743061966
-60.2483064823
-61.0377631043
-61.8101783074
-62.5466214856
-63.2369333431
-64.2478060128
-65.4045691372
-66.6148080384
-67.3607483873
-68.4332807002
-69.1290240646
-69.5755026145
-70.0
-69.5319121123
-66.5583139652
-64.8888779447
-64.0575870677
-63.7568929725
-63.784580083
-63.0961645084
-60.4401545359
-59.717960068
-60.902282572
-63.6375739188
-65.6640795806
-66.1123051536
-66.5108303255
-66.8662510845
-67.1839618371
-67.4684562274
-67.723537654
-67.9524685882
-68.1580781958
-68.3428413538
-68.5089378701
-69.6505905043
-69.3587900879
-69.2050835018
-69.1393567668
-69.1286088335
-70.0
-70.0
-70.0
-68.3925274988
-67.6728764147
-66.3446688453
-66.6558078113
-66.7501587083
-67.2765972896
-68.3869442324
-66.9242452698
-66.1491510499
-65.8124561497
-65.7500240045
-66.0379805839
-66.5280718455
-66.5031198357
-67.8714611794
-68.7634172797
-69.7035603637
-70.0
-70.0
-70.0
-70.0
-70.0
-70.0
-70.0
-70.0
-70.0
-70.0
-70.0
-70.0
-67.2988971055
-65.768272132
-64.9909547434
-65.6915060841
-66.4354533524
-68.4711693459
-69.9786948411
-70.0
-69.989380876
-69.9833633724
-69.9803074245
-69.9791302749
-69.9791196427
-69.9798092753
-70.0
-70.0
-70.0
-69.2883142671
-68.5516923518
-68.1579961242
-65.2929739043
-63.7308614422
-63.0025652502
-62.79883536
-60.7410621731
-58.9113295219
-57.2221307228
-56.6345404192
-56.7275015564
-57.2256948535
-57.9504210033
-59.863152256
-63.2479986443
-63.2661560881
-64.4215675737
-65.3007622125
-65.9849202554
-65.5408120926
-65.4229867918
-65.5048587183
-65.0001162132
-64.863933503
-62.3128480261
-61.0384351391
-60.5725062356
-60.6071986856
-60.9411075328
-62.6242776923
-64.2527871814
-65.7769666322
-67.2057420816
-69.1369976375
-69.8418083965
-70.0
-69.8388380101
-69.7475128825
-70.0
-70.0
-70.0
-70.0
-70.0
-70.0
-70.0
-70.0
-70.0
-70.0
-70.0
-70.0
-70.0
-70.0
-70.0
-70.0
-70.0
-70.0
-70.0
-70.0
-70.0
-70.0
-70.0
-70.0
-70.0
-68.608798487
-67.2648954074
-66.5497237128
-66.9393336093
-67.2751217602
-67.5674239254
-67.8238910937
-68.0503083582
-68.2511484383
-68.4299475384
-68.5895620805
-68.7323454031
-68.8602705499
-69.9576750897
-70.0
-66.7355974221
-64.5524359613
-63.4241245528
-61.4140224448
-59.5904604318
-59.0218078763
-59.0465560805
-58.5143112955
-58.5778207147
-59.5306656725
-60.4513504581
-60.5195805117
-60.8765325268
-61.3948193183
-61.2889270456
-61.5157607804
-61.9346689953
-61.7511545873
-61.9160074563
-63.2841851101
-64.3289521986
-65.1448473785
-65.7962229071
-65.4149656226
-65.3390457311
-65.8103589386
-66.406801565
-67.6021904221
-69.4988507223
-70.0
-70.0
-70.0
-70.0
-70.0
-70.0
-70.0
-70.0
-70.0
-70.0
-70.0
-70.0
-70.0
-67.633348063
-66.2922452987
-65.6111754634
-65.3488277135
-65.3464581398
-65.5001544576
-65.7423670997
-66.0296157816
-67.3320274731
-68.2024069056
-69.3401098904
-70.0
-70.0
-70.0
-68.2898794167
-67.4985610862
-67.6599004306
-67.1977074021
-68.4365513381
-69.6032226551
-69.6127476531
-69.6313710634
-69.6548327409
-70.0
-70.0
-70.0
-70.0
-70.0
-70.0
-70.0
-70.0
-67.3293065427
-65.8159135835
-65.4013473552
-65.8413960397
-64.6210386157
-64.2533728741
-64.2219171385
-62.4878353481
-61.6977917623
-60.7968021816
-60.5629816939
-60.7372566781
-61.1505797793
-61.6935543141
-61.4279078006
-61.5542562992
-61.9115901884
-62.3956041823
-62.9394924392
-63.5011756454
-64.0548130476
-64.5851683873
-65.0838759782
-65.7284713335
-67.5318271992
-69.4235574353
-69.7662676758
-70.0
-70.0
-70.0
-70.0
-70.0
-69.2926740451
-68.891856004
-68.6883033125
-68.6098949205
-68.6091867213
-68.6551222444
-66.0164222426
-64.5659881667
-63.876861449
-64.2299900367
-63.0091267807
-63.2461379092
-63.6134733226
-63.0518970244
-62.9465546779
-63.1184641141
-64.4507938196
-65.4351651822
-63.5726320594
-62.6693577837
-60.8655812921
-60.0877960208
-59.9515316573
-58.2969108728
-57.6942413731
-57.7428316274
-57.2554054181
-57.3877695119
-57.8875956512
-58.7674881463
-59.4733248002
-61.3389659659
-62.5499961895
-63.7049477732
-64.6077537976
-62.688600885
-61.7808224412
-60.0039612936
-59.2710458952
-59.1889284597
-59.5000270497
-60.2204353021
-58.6245830274
-57.1425522283
-56.6819153413
-56.8494693643
-57.3883527994
-58.1320711004
-56.812566995
-55.8229605911
-56.070014729
-57.0515225398
-58.6217931416
-59.4985099289
-60.7300896702
-61.7609789705
-62.8810632516
-64.790394111
-66.1096461562
-66.3271721411
-63.8899107148
-62.6312235019
-62.2862461109
-62.3363848059
-62.6219218627
-63.0391800347
-63.5215622701
-64.0269395357
-63.7970594057
-63.8658960142
-64.6434181121
-65.6492341005
-63.7075446109
-61.883966673
-61.0603543544
-60.8641751515
-61.0509951247
-61.4613872711
-61.9922429832
-62.5776816444
-62.2348831165
-62.2880412291
-62.9415013891
-62.8651570684
-64.0570449165
-62.6413563865
-62.7714813889
-63.9836755382
-65.4461672439
-66.4754566925
-67.2105151386
-67.744533035
-69.1011075627
-67.3396982595
-66.3715294022
-66.6152808115
-66.87435563
-67.1339886668
-67.3853022
-67.6232469132
-67.8452388441
-68.0502593744
-68.4182630468
-68.8755398154
-69.3651378827
-70.0
-70.0
-70.0
-70.0
-70.0
-70.0
-67.7473117689
-66.470788438
-65.8225148248
-65.745056107
-65.8404123394
-66.0362790008
-66.285923031
-65.5768535447
-66.2987906648
-66.8553265815
-67.2940705787
-67.6475146244
-65.2477926185
-63.0541578229
-62.5483801895
-62.4933009365
-62.1549211313
-62.2133958771
-62.5080341954
-62.9345493798
-63.6059574723
-64.7761795939
-67.1519217683
-70.0
-70.0
-69.4891384145
-69.3781501827
-69.3322855709
-67.5228772543
-66.6983030226
-65.7580594939
-65.3353113936
-65.2371521536
-62.9829354884
-61.8643076397
-61.4643206758
-58.6888315257
-57.4005769848
-56.4920494719
-56.0638646484
-56.2714915993
-55.6857137695
-55.2794935513
-55.7094449687
-56.9882676535
-57.2770771711
-58.9265121512
-61.0142894007
-62.566479437
-61.374651826
-60.9470668652
-59.4861136599
-58.9600046147
-59.0123390337
-59.4099950507
-57.8260147518
-58.2640845508
-58.9181236119
-59.6799429281
-60.4810364202
-59.1019085855
-58.9007238248
-58.0000721379
-58.2219287212
-58.5564599381
-59.1386300037
-59.8499777096
-60.6151204094
-61.387035349
-62.1372831345
-60.3764338906
-58.6580514112
-58.0050868765
-58.9871262982
-59.9434457413
-60.8524558825
-60.291420759
-60.639918993
-60.0141039669
-59.9714781524
-58.7740200586
-58.4297445337
-58.6088544009
-59.0960251746
-60.1155434553
-58.7026535924
-58.2314978883
-56.8349212029
-56.4358111516
-56.6484847491
-57.2211394159
-57.9906942355
-58.8527373194
-59.9275385924
-60.9081680698
-61.9871068206
-62.9015665104
-63.6868567739
-62.2103491367
-61.5840995832
-62.857112264
-62.8590213454
-63.0981994161
-63.471766278
-63.9135141858
-64.381445791
-65.7616983992
-66.9043766842
-67.869421099
-68.6979670446
-69.4169957105
-69.8678463863
-70.0
-70.0
-70.0
-70.0
-70.0
-70.0
-70.0
-70.0
-69.5212339917
-69.2499332536
-69.1121550357
-69.0590829371
-69.05860358
-70.0
-70.0
-70.0
-70.0
-70.0
-67.7566062786
-66.8475640498
-66.4072199109
-65.6301609949
-66.0378322922
-67.5699950327
-68.7465428425
-69.4942534337
-69.9597380073
-70.0
-70.0
-70.0
-70.0
-70.0
-70.0
-70.0
-70.0
-70.0
-70.0
-70.0
-70.0
-70.0
-70.0
-70.0
-70.0
-68.3905342462
-67.8118369858
-66.03139073
-65.2784099521
-65.1640078204
-65.4350662806
-64.7498775481
-65.0627683903
-66.312663962
-67.7315125063
-69.0131872464
-69.815085849
-70.0
-70.0
-70.0
-70.0
-70.0
-70.0
-70.0
-69.0325766758
-65.7751045627
-63.9614511428
-61.7513773861
-60.7002872192
-60.3796235451
-59.5956960509
