-70.0
-70.0
-70.0
-70.0
-70.0
-63.616284375
-60.5914767708
-61.680338816
-70.0
-70.0
-70.0
-70.0
-70.0
-65.1047648663
-62.3307982905
-60.922058402
-60.3794125221
-60.3745112435
-60.8829287435
-62.6693151005
-67.1001464722
-68.6473110471
-70.0
-70.0
-70.0
-70.0
-70.0
-70.0
-70.0
-70.0
-70.0
-63.9175545662
-60.4708354871
-59.6978257996
-62.5434942781
-68.0412616148
-70.0
-70.0
-70.0
-70.0
-70.0
-70.0
-70.0
-70.0
-63.8544044071
-61.7562613146
-65.0453767906
-70.0
-70.0
-70.0
-70.0
-70.0
-70.0
-70.0
-70.0
-70.0
-70.0
-70.0
-70.0
-70.0
-70.0
-70.0
-70.0
-70.0
-70.0
-70.0
-70.0
-70.0
-70.0
-70.0
-70.0
-70.0
-70.0
-70.0
-70.0
-70.0
-70.0
-67.0830486868
-65.4301096093
-64.5906758425
-64.2673263877
-64.2644058352
-64.4538399759
-64.7523724611
-65.1064128702
-65.8711952855
-69.3811721289
-70.0
-70.0
-70.0
-70.0
-70.0
-70.0
-70.0
-70.0
-70.0
-70.0
-70.0
-70.0
-70.0
-70.0
-70.0
-70.0
-69.8241206153
-69.7244556307
-69.6738414522
-69.6543448967
-64.5447048727
-59.5383713209
-54.7608994374
0
-70.0
-70.0
-70.0
-70.0
-70.0
-70.0
-70.0
-70.0
-70.0
-70.0
-70.0
-65.3883626366
-62.7751014639
-61.4479747116
-56.4598999661
0
-70.0
-70.0
-70.0
-70.0
-70.0
-70.0
-70.0
-66.9479053583
-65.2183850614
-64.3400600479
-64.0017297048
-63.9986738422
-64.1968845298
-65.1195359989
-67.569802454
-70.0
-70.0
-70.0
-68.3519232105
-67.731359789
-67.4346430765
-67.3421249464
-62.2741192399
-59.4908451747
-58.1711858964
-57.7736841329
-59.1532781968
-62.1123755665
-66.6982236852
-70.0
-70.0
-70.0
-64.8943470964
-62.18552464
-61.0194928432
-60.8161942889
-61.0003420134
-57.8836289357
-58.6574197536
-67.5859804527
-70.0
-70.0
-70.0
-70.0
-70.0
-70.0
-70.0
-70.0
-70.0
-70.0
-70.0
-70.0
-70.0
-70.0
-70.0
-70.0
-70.0
-70.0
-70.0
-70.0
-70.0
-70.0
-70.0
-70.0
-63.79701232
-62.0466560481
-66.8258794749
-69.6983762123
-70.0
-70.0
-70.0
-70.0
-70.0
-70.0
-70.0
-70.0
-70.0
-63.9089301868
-60.6606123631
-60.2156612927
-66.2437253379
-70.0
-70.0
-70.0
-70.0
-70.0
-70.0
-70.0
-70.0
-70.0
-70.0
-70.0
-64.8093106659
-65.2921259293
-69.3444838517
-70.0
-70.0
-70.0
-70.0
-70.0
-70.0
-70.0
-70.0
-70.0
-70.0
-70.0
-68.6425159292
-69.484342905
-70.0
-70.0
-70.0
-70.0
-70.0
-70.0
-70.0
-70.0
-70.0
-70.0
-70.0
-70.0
-70.0
-70.0
-70.0
-70.0
-70.0
-64.1785970457
-58.7681062049
-55.8962081603
-54.6431957282
-55.794347602
-69.4206762992
-70.0
-70.0
-70.0
-70.0
-70.0
-66.6882860757
-64.8116481853
-63.8586105115
-63.4915008902
-63.4881850878
-58.2081171116
-55.4331390888
-54.8639877309
-56.4264511182
-64.4541826766
-70.0
-70.0
-70.0
-70.0
-70.0
-70.0
-70.0
-70.0
-70.0
-70.0
-70.0
-70.0
-70.0
-70.0
-70.0
-70.0
-70.0
-70.0
-70.0
-70.0
-64.8352606397
-61.9085750021
-60.4222777862
-55.3996753823
0
-70.0
-70.0
-70.0
-70.0
-70.0
-70.0
-69.910457747
-67.7545838036
-66.5359066441
-65.9201701269
-65.6867225457
-60.6225163319
-57.8965753925
0
-70.0
-70.0
-70.0
-70.0
-70.0
-70.0
-70.0
-70.0
-70.0
-70.0
-70.0
-70.0
-70.0
-70.0
-70.0
-70.0
-70.0
-67.8324647681
-69.3950185989
-67.8820576297
-67.6070826257
-67.7094153938
-68.8386466152
-69.5548971276
-69.9994841974
-70.0
-70.0
-70.0
-64.5633950363
-63.7122971622
-68.8498046453
-70.0
-70.0
-70.0
-70.0
-65.554165406
-63.0348591361
-61.7554467363
-61.2626177385
-61.2581664152
-61.5468900741
-56.2530853367
0
-70.0
-70.0
-70.0
-70.0
-70.0
-70.0
-70.0
-70.0
-70.0
-70.0
-70.0
-70.0
-70.0
-70.0
-70.0
-70.0
-70.0
-70.0
-70.0
-70.0
-70.0
-70.0
-65.2776528781
-62.6016561757
-61.242669615
-56.2914585989
0
-70.0
-70.0
-70.0
-70.0
-70.0
-70.0
-70.0
-70.0
-65.9476110751
-61.5560771427
-59.2026208785
-58.1504597573
-57.9141477594
-58.7913717684
-59.8838453628
-64.5797434911
-70.0
-70.0
-70.0
-70.0
-70.0
-70.0
-70.0
-65.1081212907
-60.2409639804
-57.6459707949
-56.5007758571
-56.2636330325
-56.5792262367
-57.2159412846
-56.7736204516
-63.1846481253
-70.0
-70.0
-70.0
-70.0
-70.0
-70.0
-70.0
-70.0
-70.0
-70.0
-70.0
-70.0
-70.0
-70.0
-70.0
-70.0
-70.0
-70.0
-70.0
-70.0
-65.922274902
-63.6115640132
-62.4380853461
-61.9860619677
-56.9425031281
0
-70.0
-70.0
-70.0
-70.0
-70.0
-70.0
-70.0
-68.3340855668
-67.390067388
-66.9106542344
-66.7259845345
-66.7243165634
-66.8325052286
-61.2816697538
-58.6519044375
-57.8738709606
-63.0927386232
-70.0
-70.0
-70.0
-70.0
-70.0
-70.0
-70.0
-70.0
-70.0
-70.0
-70.0
-64.0494041328
-60.6773998081
-58.964950553
-59.3105256758
-67.4414040045
-70.0
-70.0
-70.0
-70.0
-70.0
-70.0
-70.0
-64.7917313846
-61.8403791692
-60.341555201
-55.3589226374
0
-70.0
-70.0
-70.0
-70.0
-70.0
-70.0
-70.0
-68.8988151291
-68.274810369
-67.9579138339
-63.437116748
-60.9434012716
-59.74905861
-54.9754223556
0
-70.0
-70.0
-70.0
-70.0
-70.0
-70.0
-70.0
-70.0
-70.0
-70.0
-70.0
-70.0
-70.0
-70.0
-64.0687403691
-60.7076932449
-61.9082399136
-69.864528779
-70.0
-70.0
-70.0
-70.0
-70.0
-70.0
-70.0
-70.0
-70.0
-70.0
-70.0
-70.0
-64.0976443548
-62.0211893021
-64.6093173442
-70.0
-70.0
-70.0
-70.0
-70.0
-70.0
-70.0
-70.0
-70.0
-70.0
-70.0
-70.0
-70.0
-70.0
-70.0
-70.0
-67.441185093
-66.1538818773
-65.5097038852
-65.2728736271
-60.2859443452
-57.6175886312
-56.4293222484
-56.1687183438
-56.4733987229
-57.3126022893
-62.5999400771
-70.0
-70.0
-70.0
-70.0
-70.0
-70.0
-70.0
-70.0
-70.0
-70.0
-70.0
-70.0
-70.0
-70.0
-70.0
-70.0
-70.0
-70.0
-70.0
-70.0
-70.0
-65.9556812068
-63.6639005573
-62.5000354824
-62.0517152547
-62.0476659429
-62.3103141577
-62.7242259481
-63.4180506248
-64.6871377251
-70.0
-70.0
-70.0
-70.0
-70.0
-67.9537380502
-66.7941896119
-66.2053208952
-65.9784889687
-65.9764401805
-66.1093295682
-66.3187522153
-66.567114063
-66.8305607028
-70.0
-70.0
-70.0
-70.0
-70.0
-70.0
-70.0
-70.0
-70.0
-70.0
-70.0
-64.0080062662
-60.6125431504
-58.8881805092
-56.3149297501
-64.063816468
-70.0
-70.0
-70.0
-70.0
-67.0713461198
-65.4117755877
-64.5689740822
-64.2443273761
-59.2441539801
-54.5268010598
0
-70.0
-70.0
-70.0
-70.0
-70.0
-70.0
-70.0
-70.0
-70.0
-70.0
-70.0
-70.0
-70.0
-70.0
-70.0
-70.0
-70.0
-70.0
-70.0
-70.0
-70.0
-70.0
-70.0
-70.0
-70.0
-70.0
-70.0
-70.0
-70.0
-70.0
-70.0
-66.2046083647
-70.0
-70.0
-70.0
-70.0
-67.57122159
-66.1949138243
-65.4959653707
-65.2267307862
-65.2242990093
-65.3820299762
-65.6306008905
-65.925390076
-66.2380839181
-60.4990482851
-57.3723252957
-56.9577052502
-64.3529676147
-69.66018677
-70.0
-70.0
-70.0
-70.0
-65.8163851345
-63.445670044
-58.7925537244
-56.3742654752
-55.3774836764
-55.266831808
-55.6915462933
-58.7245096152
-63.8814610728
-68.6214743523
-70.0
-70.0
-65.3583675523
-62.7281091653
-61.3923504942
-60.8778169418
-60.8731695789
-61.6058631611
-56.6626184481
-55.1858424647
-62.5938345735
-68.2659352446
-70.0
-70.0
-70.0
-70.0
-70.0
-65.4436270989
-62.861682455
-61.5504595868
-61.0453772129
-61.0408152149
-61.3367175089
-63.2658572332
-69.3009453404
-70.0
-70.0
-70.0
-70.0
-70.0
-70.0
-70.0
-70.0
-70.0
-70.0
-64.1549116956
-61.6720040822
-67.4389606714
-70.0
-70.0
-70.0
-70.0
-70.0
-70.0
-70.0
-70.0
-70.0
-70.0
-64.1900929261
-60.8978122508
-59.225850104
-60.0450992285
-67.2063166537
-69.4092672632
-70.0
-70.0
-70.0
-70.0
-70.0
-70.0
-64.3701931431
-61.1799692575
-59.5598359509
-58.9357614352
-58.930124678
-60.1470686783
-68.9095709846
-70.0
-70.0
-70.0
-68.6733649236
-67.9216050469
-67.5398289527
-67.3927689978
-67.3914407249
-67.477595737
-67.6133688863
-67.7743871464
-67.9451851976
-68.3310479971
-69.2609879709
-70.0
-70.0
-70.0
-70.0
-70.0
-70.0
-70.0
-70.0
-70.0
-70.0
-70.0
-70.0
-70.0
-70.0
-70.0
-70.0
-70.0
-70.0
-70.0
-64.5983165863
-61.5373626518
-59.9828782028
-59.3840915933
-59.8051907967
-61.0458131002
-68.2170968799
-70.0
-70.0
-69.6438840582
-69.4420850246
-69.3396027702
-69.3001266586
-64.3355480737
-61.5456159869
-60.1534695353
-59.6463993465
-59.687277255
-60.0555614249
-62.3194796321
-70.0
-70.0
-70.0
-70.0
-70.0
-66.7644480319
-64.9309685833
-63.999848628
-63.6411817006
-63.6379421541
-63.8480670211
-64.1792063739
-64.5719164398
-66.4444970378
-70.0
-70.0
-70.0
-70.0
-70.0
-70.0
-66.8451445865
-65.0573931855
-60.7148413915
-58.418815602
-57.4272396083
-57.2513860251
-57.5708276744
0
-70.0
-70.0
-70.0
-70.0
-70.0
-70.0
-70.0
-70.0
-70.0
-70.0
-70.0
-70.0
-70.0
-70.0
-70.0
-70.0
-70.0
-63.9473085737
-62.7126907602
-70.0
-70.0
-70.0
-70.0
-70.0
-70.0
-70.0
-70.0
-70.0
-70.0
-70.0
-70.0
-70.0
-70.0
-70.0
-63.9265397976
-62.6353208927
-62.6641398886
-67.3018231086
-70.0
-70.0
-70.0
-70.0
-70.0
-70.0
-70.0
-70.0
-64.2420673735
-60.9792388851
-59.5375129942
-61.982204228
-63.678823895
-69.2225203088
-70.0
-70.0
-70.0
-70.0
-70.0
-70.0
-70.0
-64.396242532
-61.2207799669
-59.6081430955
-58.9869562029
-59.4062883892
-61.1325305314
-66.9646932274
-70.0
-70.0
-70.0
-70.0
-70.0
-70.0
-70.0
-70.0
-70.0
-70.0
-70.0
-70.0
-70.0
-69.4626730493
-70.0
-70.0
-70.0
-70.0
-70.0
-70.0
-70.0
-70.0
-70.0
-70.0
-70.0
-70.0
-63.9826658683
-60.7847963541
-59.3855272671
-60.4127787646
-65.6826773565
-70.0
-70.0
-70.0
-70.0
-70.0
-70.0
-70.0
-70.0
-70.0
-70.0
-70.0
-70.0
-70.0
-70.0
-70.0
-70.0
-70.0
-70.0
-70.0
-70.0
-70.0
-70.0
-70.0
-70.0
-70.0
-70.0
-64.2532603198
-60.9967745009
-59.3429905263
-60.6459190056
-67.3198877193
-70.0
-70.0
-70.0
-70.0
-70.0
-70.0
-70.0
-70.0
-70.0
-70.0
-70.0
-70.0
-70.0
-65.2864388781
-68.9271052805
-70.0
-70.0
-70.0
-70.0
-70.0
-70.0
-70.0
-70.0
-70.0
-70.0
-70.0
-70.0
-70.0
-70.0
-70.0
-70.0
-70.0
-70.0
-70.0
-67.8151509312
-66.5770697922
-65.9483187824
-65.7061242171
-65.7039366707
-60.5182743376
-57.7229344599
-56.4549660513
-56.583712377
-59.2850295946
-58.5149144467
-59.4424109173
-61.8634525062
-63.7954988671
-65.161543388
-66.1424519877
-66.8595820812
-67.3945407346
-68.0012877513
-68.8721904106
-70.0
-70.0
-70.0
-70.0
-66.4332773079
-64.4121344491
-63.3857109188
-62.9903331033
-58.0651435359
0
-70.0
-70.0
-70.0
-70.0
-70.0
-70.0
-70.0
-70.0
-70.0
-70.0
-70.0
-70.0
-70.0
-70.0
-70.0
-70.0
-70.0
-70.0
-70.0
-70.0
-70.0
-70.0
-70.0
-70.0
-70.0
-70.0
-70.0
-70.0
-70.0
-70.0
-70.0
-70.0
-70.0
-70.0
-66.1133224773
-63.9108718811
-62.7923724607
-58.0510032171
-55.6044815638
-54.6164191863
-54.5363677869
-55.2263317254
-60.4327741834
-70.0
-70.0
-70.0
-69.9295940834
-68.027917189
-66.952647146
-66.4090635487
-66.202611272
-66.2053195303
-66.3334338342
-66.5325212888
-66.98130632
-70.0
-70.0
-70.0
-70.0
-70.0
-70.0
-70.0
-70.0
-65.1331009117
-62.3751914283
-60.9746060241
-60.4351012473
-60.4302283397
-60.7462969838
-61.6902234208
-68.1611442567
-70.0
-70.0
-70.0
-70.0
-70.0
-70.0
-70.0
-70.0
-70.0
-64.4788031779
-61.3501249787
-59.7612472265
-59.1492123343
-59.3645604506
-61.7861943081
-70.0
-70.0
-70.0
-70.0
-70.0
-70.0
-66.5142447662
-64.5389834671
-63.5358605721
-63.1494581493
-63.1459680907
-58.0553887122
-55.3991947948
-54.2921719511
-54.8223228512
-57.8779943455
-65.5321773202
-70.0
-70.0
-70.0
-70.0
-70.0
-70.0
-70.0
-70.0
-70.0
-70.0
-64.0976315422
-61.1707886985
-60.1477983664
-62.7858307415
-70.0
-70.0
-70.0
-70.0
-70.0
-70.0
-65.7935067866
-63.4098272991
-62.1992920299
-61.7329944674
-61.728782781
-62.0019630097
-62.43247238
-62.9430289229
-65.8897292654
-70.0
-70.0
-70.0
-70.0
-70.0
-70.0
-70.0
-70.0
-70.0
-70.0
-70.0
-70.0
-70.0
-70.0
-70.0
-70.0
-70.0
-70.0
-66.8484029547
-65.0624979623
-64.1555383681
-63.8061779994
-63.8030225115
-64.007695135
-58.7511464827
-56.616837683
-58.8389451927
-66.4015049039
-70.0
-70.0
-70.0
-70.0
-70.0
-70.0
-70.0
-70.0
-70.0
-64.1747616803
-60.8737932991
-61.3472455647
-63.2226085106
-67.3861048929
-70.0
-70.0
-70.0
-70.0
-70.0
-64.8657271877
-62.1754827364
-62.146739463
-64.958667916
-68.5424449675
-70.0
-70.0
-70.0
-70.0
-70.0
-70.0
-70.0
-70.0
-70.0
-70.0
-70.0
-70.0
-70.0
-70.0
-70.0
-70.0
-70.0
-70.0
-70.0
-70.0
-64.4107974952
-59.2077275342
-56.4456279731
-55.2401806374
-56.0931296088
-63.6177144389
-70.0
-70.0
-70.0
-70.0
-70.0
-65.9495939271
-63.6543638191
-62.4887469604
-62.0397519464
-62.0356965398
-56.9991098439
-54.4105208315
0
-70.0
-70.0
-70.0
-70.0
-70.0
-70.0
-68.4635823665
-67.5929457076
-67.1507988553
-66.9804841154
-66.978945801
-67.0787246189
-67.2359677557
-67.422448046
-68.061395193
-67.3250614872
-70.0
-70.0
-70.0
-70.0
-70.0
-70.0
-70.0
-70.0
-64.8457642493
-61.9250306573
-60.4417561468
-59.870399569
-54.9761656675
0
-70.0
-70.0
-70.0
-70.0
-70.0
-70.0
-70.0
-70.0
-70.0
-70.0
-70.0
-70.0
-70.0
-70.0
-70.0
-70.0
-70.0
-70.0
-70.0
-70.0
-70.0
-70.0
-70.0
-70.0
-70.0
-70.0
-70.0
-70.0
-70.0
-70.0
-70.0
-70.0
-70.0
-70.0
-70.0
-70.0
-70.0
-70.0
-70.0
-70.0
-70.0
-70.0
-70.0
-70.0
-70.0
-70.0
-70.0
-70.0
-70.0
-70.0
-70.0
-70.0
-70.0
-70.0
-70.0
-65.1314244488
-65.6686299251
-70.0
-70.0
-69.6006092449
-69.374287817
-69.259352033
-69.2150788282
-69.2146789443
-69.2406163826
-69.2814916327
-69.3299670618
-69.3813867504
-69.4328590053
-69.482647058
-70.0
-70.0
-70.0
-70.0
-70.0
-70.0
-65.5915735932
-63.093465296
-61.8248181412
-57.2626845142
-55.3844662545
-56.0371857348
-59.284356337
-63.7773429382
-67.3495402857
-69.8009520314
-70.0
-70.0
-70.0
-70.0
-70.0
-64.2386182472
-62.5417349564
-66.978417062
-70.0
-70.0
-70.0
-68.6998328912
-68.1501183659
-64.5099332747
-62.5088244441
-61.5578649977
-61.2686938299
-61.3862346682
-61.7438846822
-62.2336785346
-62.7864322282
-63.586111333
-66.058688754
-70.0
-70.0
-68.1008455633
-67.3711066602
-67.0208930964
-66.9100685216
-66.9465714926
-67.0702542255
-61.7054696871
-58.7630833079
-57.3722153701
-57.8306281757
-58.9626289116
-65.1299257565
-70.0
-70.0
-69.8385265502
-70.0
-70.0
-70.0
-70.0
-64.8175560383
-61.8808377934
-57.0187389894
-54.5341884074
0
-70.0
-70.0
-70.0
-70.0
-70.0
-70.0
-70.0
-70.0
-70.0
-70.0
-70.0
-70.0
-70.0
-70.0
-70.0
-70.0
-70.0
-70.0
-70.0
-70.0
-70.0
-70.0
-70.0
-65.8479904014
-63.4951849621
-62.3003288665
-61.8400709136
-61.8359137781
-62.1055557041
-62.530489003
-57.5457893374
-56.7443804064
-62.1352017024
-70.0
-70.0
-70.0
-68.5556137624
-67.7371282277
-63.9584520771
-61.8926313175
-60.9233844845
-60.6443902352
-60.7888473444
-61.1825600318
-61.7127023099
-62.3070309331
-62.9200604092
-68.1905819729
-70.0
-70.0
-70.0
-70.0
-70.0
-68.9978622343
-66.4121758338
-64.9803581323
-64.288588907
-64.0639077416
-64.1269687843
-59.1043069649
-56.4538996411
-55.3151919254
0
-70.0
-70.0
-70.0
-70.0
-70.0
-70.0
-70.0
-70.0
-66.1627018355
-61.9731151673
-57.7118082858
-55.5646305474
-54.7575028861
-54.7813095264
0
-70.0
-70.0
-70.0
-70.0
-70.0
-70.0
-70.0
-70.0
-70.0
-70.0
-70.0
-70.0
-70.0
-70.0
-70.0
-70.0
-70.0
-70.0
-70.0
-70.0
-70.0
-70.0
-70.0
-70.0
-70.0
-70.0
-70.0
-70.0
-70.0
-64.2745631019
-61.0301488596
-60.2621451228
-65.7016256514
-70.0
-70.0
-70.0
-70.0
-70.0
-70.0
-70.0
-70.0
-70.0
-70.0
-70.0
-70.0
-70.0
-70.0
-70.0
-70.0
-70.0
-70.0
-70.0
-70.0
-70.0
-70.0
-70.0
-70.0
-64.2451007432
-60.9839911644
-59.5584512802
-60.4202659307
-70.0
-70.0
-70.0
-70.0
-70.0
-70.0
-70.0
-70.0
-70.0
-70.0
-70.0
-70.0
-70.0
-70.0
-70.0
-70.0
-70.0
-70.0
-70.0
-70.0
-70.0
-70.0
-70.0
-70.0
-70.0
-70.0
-70.0
-70.0
-70.0
-70.0
-70.0
-67.5270753114
-66.1257513212
-65.4140985497
-65.1399702685
-65.1374942908
-65.2980922278
-60.0551763194
-57.2409208971
0
-70.0
-70.0
-70.0
-70.0
-70.0
-70.0
-70.0
-70.0
-70.0
-70.0
-70.0
-64.4686293061
-61.3341859128
-60.204420443
-57.1966910396
-58.6967624144
-60.8554462411
-62.4554749958
-63.6669764154
-64.6049780533
-60.0818731532
-57.6986144414
-56.6787053996
-57.3991244231
-61.1859161498
-66.478256236
-70.0
-70.0
-70.0
-70.0
-70.0
-70.0
-64.4090171715
-61.2407935687
-59.8508621214
-60.4885541354
-65.0536776958
-70.0
-70.0
-70.0
-67.535275656
-66.3283737592
-65.7266201625
-65.5080139991
-65.5265831677
-65.6868385633
-60.4426119281
-57.6146555494
-56.3307265371
-56.0160115786
-58.3573698048
-64.0193033808
-70.0
-70.0
-70.0
-70.0
-70.0
-65.9822496437
-63.7055244417
-62.5493051725
-62.1039301052
-62.0999073947
-62.3608301885
-62.7720228586
-63.259671032
-65.1221258985
-70.0
-70.0
-70.0
-70.0
-70.0
-70.0
-70.0
-70.0
-70.0
-70.0
-64.4819761673
-61.3550959954
-59.7671313591
-59.1554481987
-60.2693089533
-64.1871240792
-69.6799244228
-70.0
-70.0
-70.0
-70.0
-70.0
-64.6639389165
-61.6401709691
-56.7663489462
-54.5082211538
-54.5701224359
-59.1601602405
-70.0
-70.0
-70.0
-70.0
-70.0
-70.0
-70.0
-70.0
-70.0
-70.0
-70.0
-70.0
-64.2233034271
-60.9498420357
-59.5127024766
-59.2212568806
-55.2709846328
-54.9389563093
-61.0988769842
-70.0
-70.0
-70.0
-70.0
-70.0
-70.0
-70.0
-70.0
-70.0
-70.0
-70.0
-70.0
-70.0
-70.0
-70.0
-70.0
-70.0
-70.0
-70.0
-70.0
-70.0
-70.0
-70.0
-70.0
-70.0
-70.0
-70.0
-70.0
-70.0
-70.0
-70.0
-70.0
-70.0
-70.0
-70.0
-70.0
-70.0
-70.0
-70.0
-70.0
-70.0
-70.0
-70.0
-70.0
-70.0
-70.0
-70.0
-70.0
-70.0
-70.0
-70.0
-70.0
-70.0
-70.0
-70.0
-70.0
-70.0
-70.0
-70.0
-70.0
-70.0
-70.0
-70.0
-70.0
-70.0
-70.0
-67.5683404227
-66.1903999956
-65.4906224061
-65.2210684389
-60.4055517942
-57.8360567476
-56.6998244947
-56.4614243265
-57.685459749
-60.8949010528
-67.8811438853
-70.0
-70.0
-70.0
-70.0
-70.0
-70.0
-70.0
-64.5249292123
-61.4223890993
-59.8467853948
-59.239863659
-59.2343818288
-60.0516686025
-65.6363519912
-70.0
-70.0
-70.0
-69.9323744411
-69.894053291
-69.8745921579
-69.8670957395
-69.8670280304
-64.664273019
-61.7204775782
-60.2301843944
-55.4416590507
0
-70.0
-70.0
-70.0
-70.0
-70.0
-70.0
-70.0
-70.0
-70.0
-70.0
-64.8503801408
-61.9322622206
-60.4503160611
-60.0982969184
-60.6756886246
-64.0646273163
-63.9995999553
-67.774473513
-70.0
-68.0670714989
-66.9717453483
-66.4154914796
-66.2012227758
-66.199287461
-66.32481669
-66.5226403378
-66.7572465152
-67.0061020045
-68.1901727276
-70.0
-70.0
-70.0
-70.0
-70.0
-68.4548042736
-67.579193362
-63.8086939807
-61.7527712193
-60.7941251884
-60.5258000637
-60.6806116533
-61.0841448854
-61.6234599951
-62.226267061
-62.8470757319
-67.6180695048
-70.0
-70.0
-70.0
-70.0
-70.0
-70.0
-70.0
-64.8087846531
-59.8718626232
-57.2473139845
0
-70.0
-70.0
-70.0
-70.0
-70.0
-70.0
-70.0
-70.0
-70.0
-70.0
-70.0
-70.0
-70.0
-70.0
-70.0
-70.0
-70.0
-70.0
-70.0
-70.0
-70.0
-70.0
-67.9422334189
-66.7761656895
-66.1839861956
-65.9558789594
-65.9538186524
-66.0874551798
-66.2980552569
-66.5478134612
-66.8127412685
-68.6989810887
-70.0
-70.0
-70.0
-70.0
-70.0
-70.0
-70.0
-70.0
-70.0
-70.0
-70.0
-64.4421645998
-61.2927245397
-56.3734557968
0
-70.0
-70.0
-70.0
-70.0
-70.0
-70.0
-70.0
-68.3091463578
-67.3509959605
-66.8644058568
-66.6769715993
-66.6752786582
-66.7850869383
-66.958135675
-67.1633603946
-67.3810498798
-68.0843280114
-70.0
-70.0
-70.0
-70.0
-70.0
-70.0
-70.0
-70.0
-70.0
-65.6558313246
-63.1941357419
-61.9439805342
-57.2642548409
-54.8809442635
0
-70.0
-70.0
-70.0
-70.0
-70.0
-70.0
-70.0
-70.0
-70.0
-70.0
-70.0
-64.988623891
-62.1488440959
-57.3939800267
-54.961262251
-54.0029228439
-54.8753732762
-63.2016143876
-70.0
-70.0
-70.0
-70.0
-70.0
-70.0
-70.0
-70.0
-70.0
-70.0
-70.0
-70.0
-70.0
-70.0
-70.0
-70.0
-70.0
-70.0
-70.0
-70.0
-70.0
-67.4264140312
-65.9680486488
-61.9173149506
-59.7562975666
-58.801143884
-58.6013468783
