-67.85
-65.915
-64.1735
-62.60615
-61.195535
-60.7459815
-60.0680500167
-59.2756894594
-58.4410834765
-57.6089504375
-56.8060389328
-56.8674240656
-57.4453410097
-57.4939131426
-58.0432593175
-68.2147583786
-70.0
-70.0
-70.0
-70.0
-70.0
-70.0
-70.0
-70.0
-70.0
-70.0
-70.0
-70.0
-69.1204454859
-67.9053645945
-66.5294705732
-65.102951808
-63.6936088219
-63.1615494029
-62.353595438
-61.4070365445
-60.4088666569
-59.4130025025
-58.4517172597
-58.3632222054
-57.9813510993
-58.256183399
-57.2758766655
-57.2151634033
-56.8882299991
-56.41246229
-60.943233052
-70.0
-70.0
-70.0
-70.0
-70.0
-70.0
-70.0
-70.0
-70.0
-70.0
-70.0
-69.653956417
-69.5611983866
-67.9835036222
-66.3874366428
-65.653548567
-64.6414307693
-63.4961123984
-62.3090509626
-61.1365124023
-60.0117721861
-58.9532023168
-57.969620318
-57.0638171082
-55.414874612
-54.1950132939
-54.0932627265
0
-70.0
-70.0
-70.0
-70.0
-70.0
-70.0
-70.0
-70.0
-70.0
-70.0
-70.0
-70.0
-70.0
-70.0
-70.0
-69.6572691206
-68.746388289
-67.5249801804
-66.1579693092
-64.7491638095
-63.362241716
-62.0346804028
-60.7869876014
-59.6288056672
-59.3829363177
-58.8726501641
-58.2207234665
-57.5055433324
-55.9562504742
-54.7781330768
0
-70.0
-70.0
-70.0
-70.0
-70.0
-70.0
-70.0
-70.0
-70.0
-70.0
-70.0
-70.0
-70.0
-70.0
-70.0
-69.3602227233
-68.2810155998
-66.974124139
-65.5741851246
-64.1650822118
-62.7974510571
-61.5002906623
-60.2886514034
-59.1687128013
-58.1411258799
-58.0232028645
-57.6350089597
-57.0975923182
-56.4885559227
-55.856848888
-54.4125963709
-60.9689185758
-70.0
-70.0
-70.0
-70.0
-70.0
-70.0
-70.0
-70.0
-70.0
-70.0
-70.0
-70.0
-69.7479827942
-68.0685063776
-66.4085369817
-64.8156041114
-62.4959909189
-61.4576899727
-60.4027864059
-59.373084719
-58.3928275495
-57.4749123295
-56.6249994532
-55.8442184123
-54.3109425074
0
-70.0
-70.0
-70.0
-70.0
-70.0
-70.0
-70.0
-70.0
-70.0
-70.0
-70.0
-70.0
-70.0
-70.0
-70.0
-70.0
-69.4554625373
-69.2502246418
-68.4354077498
-67.2820040229
-65.963894986
-64.590899731
-63.2307392537
-61.1036183254
-59.4072251577
-57.2058150851
-55.5947752054
-54.3916587707
0
-70.0
-70.0
-70.0
-70.0
-70.0
-70.0
-70.0
-70.0
-70.0
-70.0
-70.0
-70.0
-70.0
-70.0
-70.0
-70.0
-69.6299382522
-68.7035699285
-66.6542966033
-63.999589388
-61.8901120793
-60.1780886247
-57.9416049312
-56.2849945507
-55.031528504
-54.8817312592
-54.579128537
-54.1949292858
0
-70.0
-70.0
-70.0
-70.0
-70.0
-70.0
-70.0
-70.0
-70.0
-70.0
-70.0
-70.0
-70.0
-70.0
-70.0
-70.0
-68.4741456416
-66.8928281718
-65.3309434176
-63.8327811178
-62.4227910339
-60.2927039492
-58.6215615667
-57.2814907517
-56.1847319042
-55.2705188656
-54.4963070803
0
-70.0
-70.0
-70.0
-70.0
-70.0
-70.0
-70.0
-70.0
-70.0
-70.0
-70.0
-70.0
-70.0
-70.0
-70.0
-70.0
-70.0
-70.0
-68.6871409588
-67.2265208355
-65.7259314004
-64.2513800259
-62.8416032004
-61.517683665
-60.289409155
-59.9794641438
-60.2308483323
-59.9906505677
-60.2835102233
-60.0664423425
-59.550653536
-58.8728251342
-58.1203672554
-57.3482136195
-59.1299809839
-70.0
-70.0
-70.0
-70.0
-70.0
-70.0
-70.0
-70.0
-70.0
-70.0
-70.0
-70.0
-69.5544847339
-68.5853594165
-66.5143722455
-64.671300868
-62.2064146793
-61.0906024767
-60.001428406
-59.7845430167
-59.2782603492
-57.7952154037
-56.595547923
-56.4258958371
-56.0599080577
-55.5883184548
-55.0690874112
-54.5385792047
-59.0989883069
-70.0
-70.0
-70.0
-70.0
-70.0
-70.0
-70.0
-70.0
-70.0
-70.0
-70.0
-70.0
-70.0
-69.4130743213
-69.1838164367
-68.356801158
-67.1986986189
-65.8805471415
-64.5103046836
-63.1544823861
-61.8525062614
-61.4462370446
-60.7709342796
-59.956721478
-59.9063030811
-59.4958419403
-59.7030371911
-59.4539197685
-59.759318656
-59.5672473667
-59.0830963475
-70.0
-70.0
-70.0
-70.0
-70.0
-70.0
-70.0
-70.0
-70.0
-70.0
-70.0
-69.5269507996
-69.3622229193
-68.5679787605
-67.4224996399
-66.1044621795
-64.7268242973
-63.3593474248
-62.0435497204
-60.8026194404
-59.6479739578
-58.5835875362
-57.6088360988
-56.7203573664
-55.0932582147
0
-70.0
-70.0
-70.0
-70.0
-70.0
-70.0
-70.0
-70.0
-70.0
-70.0
-70.0
-70.0
-70.0
-70.0
-70.0
-70.0
-69.9653139133
-69.2289917975
-68.0962321347
-66.7633685992
-65.3548715247
-63.9479442291
-62.5888563774
-61.3037751205
-60.1059338624
-59.0003646454
-57.9870109604
-57.0627650507
-56.2227920032
-56.2813817746
-56.0571562449
-55.6707157189
-55.1998275461
-65.6739140721
-70.0
-70.0
-70.0
-70.0
-70.0
-70.0
-70.0
-70.0
-70.0
-70.0
-70.0
-69.286677508
-68.1657947626
-67.6577386232
-66.7143136522
-65.5411148811
-64.2691584558
-62.9803459854
-61.7243803037
-60.5299882178
-59.4123533591
-58.3780273318
-57.4281641378
-57.3806407501
-57.0561053591
-56.5761806126
-56.0190197442
-57.9740892315
-70.0
-70.0
-70.0
-70.0
-70.0
-70.0
-70.0
-70.0
-70.0
-70.0
-70.0
-70.0
-70.0
-69.3138229635
-68.2083226429
-66.8880783624
-65.4829958487
-64.0738464788
-62.709228641
-61.4168169835
-60.210809423
-59.9168445725
-59.3599041765
-58.663743133
-57.9072550692
-57.1397870619
-56.3913133554
-55.6791853531
-55.0126023732
-62.0155658392
-70.0
-70.0
-70.0
-70.0
-70.0
-70.0
-70.0
-70.0
-69.6682819888
-68.7636417824
-67.5454029325
-65.3596128582
-62.6661517183
-61.3978699771
-60.2069719331
-58.282200709
-56.8012646175
-55.6359941421
-54.6989653854
0
-70.0
-70.0
-70.0
-70.0
-67.830384804
-65.8842695262
-70.0
-70.0
-70.0
-70.0
-70.0
-70.0
-70.0
-70.0
-70.0
-70.0
-70.0
-70.0
-69.3356107387
-68.2424568239
-66.9284825809
-65.5258152824
-64.1166877273
-62.7506549366
-60.6360134309
-58.9626947465
-58.4299470443
-57.7793001882
-56.2596020683
-55.089129794
-54.1672087697
0
-70.0
-70.0
-70.0
-70.0
-70.0
-70.0
-70.0
-70.0
-70.0
-70.0
-70.0
-70.0
-70.0
-70.0
-70.0
-70.0
-70.0
-70.0
-69.5445369704
-67.7497745869
-66.031258004
-64.4157727874
-62.9159558979
-61.5355339009
-60.272762906
-59.1226748789
-58.0785329
-57.1327632826
-56.2775427361
-55.5051589837
-54.8082234328
-54.1797879878
-54.4334004546
-55.2077879195
-65.6087628916
-70.0
-70.0
-70.0
-70.0
-70.0
-70.0
-70.0
-70.0
-70.0
-70.0
-70.0
-69.7529813251
-68.8963374093
-66.8824731462
-65.0614054834
-63.4167180363
-61.9326816335
-60.5945037374
-59.3884468751
-58.3018645286
-57.3231863031
-56.4418731577
-55.6483561651
-54.1139674308
0
-70.0
-70.0
-70.0
-70.0
-70.0
-70.0
-70.0
-70.0
-70.0
-70.0
-70.0
-70.0
-70.0
-70.0
-70.0
-70.0
-70.0
-69.3392076824
-68.2480920358
-66.9351529133
-65.5328843427
-64.1237603889
-62.7574940036
-61.4624843724
-61.0733957812
-60.4208294338
-59.6319286442
-59.6075238823
-59.2226302291
-58.6342730296
-57.9434496088
-57.2141739028
-56.4861360157
-54.9631087496
-66.5338355618
-70.0
-70.0
-70.0
-70.0
-70.0
-70.0
-70.0
-70.0
-70.0
-70.0
-70.0
-69.4323055976
-67.5739454362
-65.8231311582
-64.1952048861
-62.6952756267
-61.3221422168
-60.8908574303
-60.2190579774
-58.6053430397
-57.3002693091
-56.2238827605
-55.3205880726
-54.5512583241
0
-70.0
-70.0
-70.0
-70.0
-70.0
-70.0
-70.0
-70.0
-70.0
-70.0
-70.0
-70.0
-70.0
-70.0
-70.0
-70.0
-69.4353836078
-69.2187676523
-69.2181724905
-68.5272096438
-66.625058281
-64.8795988539
-63.2863365692
-61.8375013128
-60.5236167818
-59.3344988371
-57.4398781091
-55.1851097353
0
-70.0
-70.0
-70.0
-70.0
-70.0
-70.0
-70.0
-70.0
-70.0
-70.0
-70.0
-70.0
-70.0
-70.0
-70.0
-70.0
-70.0
-69.8786586385
-69.0932318671
-67.9355347419
-66.5930653088
-65.1844814719
-63.7831817874
-61.6129625838
-59.0537323089
-57.1664030669
-55.7451254195
-54.6508546504
-54.6092637006
-54.3806670074
-54.0474867579
0
-70.0
-70.0
-70.0
-70.0
-70.0
-70.0
-70.0
-70.0
-70.0
-70.0
-70.0
-70.0
-70.0
-70.0
-70.0
-68.7264138789
-67.2880484104
-65.7987608489
-64.3285629503
-62.9188254462
-61.5923554288
-59.5400615708
-57.1206832036
-55.3817000765
-54.1089201977
0
-70.0
-70.0
-70.0
-70.0
-67.6906926862
-68.2054185416
-70.0
-70.0
-70.0
-70.0
-70.0
-70.0
-70.0
-70.0
-70.0
-70.0
-70.0
-70.0
-69.8421877187
-68.2160940926
-65.7632347806
-63.716078034
-61.9805813849
-60.4899306826
-59.1958759051
-58.0629138418
-57.0643728091
-55.3597690958
-54.108347898
0
-70.0
-70.0
-70.0
-70.0
-70.0
-70.0
-70.0
-70.0
-70.0
-70.0
-70.0
-70.0
-70.0
-70.0
-70.0
-70.0
-70.0
-69.7545515964
-68.898797501
-67.705385127
-66.3491581984
-65.7604501013
-64.8318769063
-63.7303370925
-62.5617353011
-61.3918497162
-60.2601900414
-59.1891879018
-58.1902803547
-57.2679264812
-55.6022499411
-54.3661023523
0
-70.0
-70.0
-70.0
-70.0
-70.0
-70.0
-70.0
-70.0
-70.0
-70.0
-70.0
-70.0
-70.0
-70.0
-70.0
-70.0
-69.3404897656
-69.0701006328
-68.222197132
-67.0560484605
-65.7378243089
-64.3722956743
-63.0239019711
-61.7307356834
-60.5138113881
-59.3831964312
-58.3420542428
-57.3893004549
-57.3413381671
-57.0178495221
-56.5398280177
-55.9850208478
-60.4826358508
-70.0
-70.0
-70.0
-70.0
-70.0
-70.0
-70.0
-70.0
-70.0
-70.0
-69.4654558266
-68.445880795
-67.1692730829
-65.7809993529
-64.3720018031
-63.8175365464
-62.9742728409
-62.8058388562
-62.2279171702
-61.4235669196
-60.5101712052
-59.5617947364
-58.624042364
-56.9039228617
-55.5917203982
0
-70.0
-70.0
-70.0
-70.0
-70.0
-70.0
-70.0
-70.0
-70.0
-70.0
-70.0
-70.0
-70.0
-70.0
-69.2325770525
-68.0810373823
-66.737412334
-65.3233235606
-63.9140928446
-62.5547513201
-61.2706546948
-60.8945082297
-60.2556700764
-59.4805115152
-58.6493993279
-57.8124187047
-56.9998163739
-56.2289277629
-56.3287636709
-56.9477064267
-57.037481866
-59.3467644006
-70.0
-70.0
-70.0
-70.0
-70.0
-70.0
-70.0
-70.0
-70.0
-70.0
-70.0
-69.7353788335
-68.8687601725
-67.6698303035
-66.3114780386
-64.9027507451
-62.6907560108
-60.8905339699
-59.3973829463
-58.138246234
-57.8814893321
-58.2347188799
-57.3021659793
-56.4492287062
-55.6724920522
-54.9673669914
0
-70.0
-70.0
-70.0
-70.0
-70.0
-70.0
-70.0
-70.0
-70.0
-70.0
-70.0
-70.0
-70.0
-70.0
-70.0
-69.2868698437
-68.1660960885
-66.838095299
-66.2500249821
-65.3055152925
-64.1786256357
-62.9798709871
-61.7779558317
-60.6142082107
-59.5121526978
-58.4838476334
-57.5340696737
-56.663067242
-55.8683635417
-55.1459292034
-59.5709376264
-70.0
-70.0
-70.0
-70.0
-70.0
-70.0
-70.0
-70.0
-70.0
-70.0
-69.4615123147
-68.4397026264
-67.1619600592
-65.7732491836
-64.3642476854
-62.9900385303
-61.6825117529
-60.4585786281
-59.3255994655
-58.2849586525
-57.3344088763
-56.4695987147
-55.6850593272
-55.7948337171
-54.7975372272
0
-70.0
-70.0
-70.0
-70.0
-70.0
-70.0
-70.0
-70.0
-70.0
-70.0
-70.0
-70.0
-70.0
-70.0
-69.5758059645
-67.7987626777
-66.0892446164
-64.4772256257
-62.9774400438
-61.5949873599
-60.3290161708
-59.1751329184
-58.126965203
-57.1771657336
-55.4980471942
-54.2573078308
0
-70.0
-70.0
-70.0
-70.0
-70.0
-70.0
-70.0
-70.0
-70.0
-70.0
-70.0
-70.0
-70.0
-70.0
-70.0
-69.5653137674
-68.6023249023
-67.3544540865
-65.9772497941
-64.5683522255
-63.1874019435
-62.6892517096
-61.0973865122
-59.72235451
-58.5232568251
-57.4696896532
-56.5385596951
-55.7119297303
-54.1555540938
0
-70.0
-70.0
-70.0
-70.0
-70.0
-70.0
-70.0
-70.0
-70.0
-70.0
-70.0
-70.0
-70.0
-68.8487372724
-67.4796883934
-66.8456027862
-66.6736313291
-65.9646607438
-64.9571230345
-63.8040296411
-62.6020392837
-62.2307770931
-61.550327209
-60.7070463716
-59.7941763234
-58.8699817504
-57.9697989482
-56.294029302
-55.0287665375
-54.0519833276
-58.3608472902
-70.0
-70.0
-70.0
-70.0
-70.0
-70.0
-70.0
-70.0
-70.0
-70.0
-68.4946000616
-66.9248734298
-65.3688750031
-63.8729801136
-62.4630105095
-61.1515950633
-59.9430259602
-58.8364502997
-57.82795656
-56.0919284309
-54.7972472724
0
-70.0
-70.0
-70.0
-70.0
-69.5229886793
-70.0
-70.0
-70.0
-70.0
-70.0
-70.0
-70.0
-70.0
-70.0
-70.0
-70.0
-70.0
-70.0
-68.6944045139
-67.2379004051
-65.7394012597
-64.2656550638
-62.8558855107
-62.3514942619
-61.5871430372
-60.6922942012
-59.7489750928
-58.8080177914
-57.8998428175
-57.0416097392
-56.2419495676
-56.3240884791
-56.1125688766
-55.7319048193
-57.8024428904
-70.0
-70.0
-70.0
-70.0
-70.0
-70.0
-70.0
-70.0
-70.0
-70.0
-70.0
-70.0
-69.7041484886
-68.8198326322
-67.6119153639
-66.2501011575
-64.8413425951
-63.4513760378
-61.2990169021
-59.580967524
-57.360772313
-54.9132961093
0
-70.0
-70.0
-70.0
-70.0
-67.7129224496
-64.8802451711
-70.0
-70.0
-70.0
-70.0
-70.0
-70.0
-70.0
-70.0
-70.0
-70.0
-70.0
-70.0
-70.0
-69.9369713199
-69.1845884012
-67.22367237
-65.4230003389
-63.7784971089
-62.282511934
-60.9255037646
-59.6971154041
-58.5868452077
-56.7644549162
-55.3955389108
-54.3443380106
0
-70.0
-70.0
-70.0
-70.0
-70.0
-70.0
-70.0
-70.0
-70.0
-70.0
-70.0
-70.0
-70.0
-70.0
-70.0
-70.0
-70.0
-70.0
-69.4888104257
-68.4824696669
-66.3925828895
-64.5422313933
-62.8972794492
-61.4303989677
-60.1192573799
-58.9452638479
-57.8926922671
-56.9480595764
-56.0996779761
-55.3373264167
-54.6520046005
-54.0357446908
0
-70.0
-70.0
-70.0
-70.0
-70.0
-70.0
-70.0
-70.0
-70.0
-70.0
-70.0
-70.0
-70.0
-70.0
-70.0
-69.5020168562
-68.5031597414
-67.2370734811
-65.8528526089
-64.4438916653
-63.0670520437
-61.7553798692
-60.5265305689
-59.3883366364
-58.3424757223
-56.5668766498
-55.232621318
-54.2076474083
0
-70.0
-70.0
-70.0
-70.0
-70.0
-70.0
-70.0
-70.0
-70.0
-70.0
-70.0
-70.0
-70.0
-70.0
-70.0
-70.0
-70.0
-69.5155363981
-68.5243403571
-67.2621447205
-65.8794225146
-65.2904751072
-64.3774241592
-63.3003461184
-61.3407544233
-59.7369742589
-58.4001403515
-57.2680353288
-56.2965044708
-54.6337024737
0
-70.0
-70.0
-70.0
-70.0
-70.0
-70.0
-70.0
-70.0
-70.0
-70.0
-70.0
-70.0
-70.0
-70.0
-70.0
-69.8954353725
-69.1195154169
-68.786646263
-67.9107032286
-66.7381139669
-65.4266232777
-64.0755080883
-62.7456553717
-61.4728885627
-60.2767988585
-59.166585074
-57.3249039676
-56.7457318381
-56.1233708325
-55.495841868
-54.0661297604
0
-70.0
-70.0
-70.0
-70.0
-70.0
-70.0
-70.0
-70.0
-70.0
-70.0
-70.0
-70.0
-70.0
-70.0
-70.0
-69.6639375369
-68.7568354745
-67.5373463879
-66.171074723
-64.7622759
-63.3749207428
-62.8666769571
-62.0828414538
-60.33977877
-58.8992818674
-57.6883409969
-56.6554984414
-55.76394296
-54.9868782392
-54.3044101321
0
-70.0
-70.0
-70.0
-70.0
-70.0
-70.0
-70.0
-70.0
-70.0
-70.0
-70.0
-70.0
-70.0
-70.0
-69.4483134723
-69.23902444
-68.4221502059
-67.2679539919
-65.9498377971
-64.5773068204
-63.2178780069
-61.9116247853
-60.6808186929
-59.5363077476
-57.6617242555
-56.2315833518
-55.1157793645
-54.2257709933
0
-70.0
-70.0
-70.0
-70.0
-70.0
-70.0
-70.0
-70.0
-70.0
-70.0
-70.0
-70.0
-69.8147358784
-68.9930862094
-67.8169935344
-66.4674381449
-65.0587903064
-63.6616419264
-62.3179648342
-60.2311597511
-58.5880380428
-57.2658970831
-56.1804159378
-55.2731133861
-54.5029614088
0
-70.0
-70.0
-70.0
-70.0
-67.5516436202
-70.0
-70.0
-70.0
-70.0
-70.0
-70.0
-70.0
-70.0
-70.0
-70.0
-70.0
-70.0
-70.0
-69.7044566022
-68.8203153435
-68.4324867435
-67.5353733587
-65.5425928825
-62.9588381674
-60.9266240661
-59.2930748031
-57.9531760852
-56.8341309849
-55.8848995586
-55.0691973842
-54.3608028334
0
-70.0
-70.0
-70.0
-70.0
-70.0
-70.0
-70.0
-70.0
-70.0
-70.0
-70.0
-70.0
-70.0
-70.0
-70.0
-70.0
-70.0
-70.0
-69.5953616685
-68.6493999472
-67.4101762496
-66.0363028227
-64.6274353392
-63.244533671
-61.9233082145
-60.6831293334
-59.5329176936
-57.6550267866
-56.2231246829
-55.1065459312
-54.2163804825
0
-70.0
-70.0
-70.0
-70.0
-70.0
-70.0
-70.0
-70.0
-70.0
-70.0
-70.0
-70.0
-70.0
-70.0
-69.9214152249
-69.1602171857
-68.014824456
-66.6770946696
-65.2685536421
-63.8644772376
-62.5098821536
-62.0501290314
-61.3226061904
-60.4586722794
-59.5416895235
-59.4434435526
-59.0197145182
-58.414819947
-61.981389205
-70.0
-70.0
-70.0
-70.0
-70.0
-70.0
-70.0
-70.0
-70.0
-70.0
-70.0
-69.9759860903
-69.2457115414
-68.936023094
-68.0690092558
-66.8965006444
-65.5797787893
-64.2204197167
-62.8807902825
-61.597652946
-60.3911821125
-59.2709268753
-57.4197428372
-56.011707653
-54.9164962875
-54.0454862585
0
-70.0
-70.0
-70.0
-70.0
-70.0
-70.0
-70.0
-70.0
-70.0
-70.0
-70.0
-70.0
-70.0
-70.0
-70.0
-68.8436657446
-67.4717429998
-66.0161979197
-64.5589976076
-63.1493775001
-61.8152928522
-60.5709989684
-59.4220560059
-58.3686216948
-57.4076070517
-56.5340780308
-55.7421580172
-55.0256007418
-54.3781463518
0
-70.0
-70.0
-70.0
-70.0
-70.0
-70.0
-70.0
-70.0
-70.0
-70.0
-70.0
-70.0
-70.0
-69.9153274224
-69.1506796284
-68.0035349644
-65.8451303338
-63.9719165444
-63.1522577192
-62.1720538335
-61.1281963743
-60.0809420196
-59.0665580061
-58.1057089979
-57.209009293
-56.3806891603
-55.621007442
-54.9278314962
-54.2976648789
-56.2663094121
-70.0
-70.0
-70.0
-70.0
-70.0
-70.0
-70.0
-70.0
-70.0
-70.0
-70.0
-69.6241963193
-68.6945742335
-67.4636485077
-66.0929714552
-64.6841328419
-63.2993585792
-61.9751820689
-60.7315034271
-58.7575794611
-57.2313057662
-56.0244980237
-55.8695967774
-55.5310028037
-55.0934796593
-54.6111831174
-54.1180990884
-54.4549787013
-69.6986071776
-70.0
-70.0
-70.0
-70.0
-70.0
-70.0
-70.0
-70.0
-70.0
-70.0
-70.0
-70.0
-69.4007836289
-68.3445610187
-67.0493420852
-65.6538993223
-64.2448370205
-62.8745717387
-61.5732601784
-60.3566979029
-59.2315372742
-58.1987229878
-57.2557436497
-56.3980979252
-55.6202405596
-54.9161847883
-54.2798784993
0
-70.0
-70.0
-70.0
-70.0
-70.0
-70.0
-70.0
-70.0
-70.0
-70.0
-70.0
-70.0
-70.0
-70.0
-69.9805653397
-69.2528856988
-68.1245150576
-66.793342171
-65.3848603667
-63.9769426052
-62.6162938615
-61.3293614865
-60.1295566787
-59.0220219047
-58.0067669768
-57.9007217875
-57.523737281
-57.8167553344
-57.6820076553
-57.295092126
-59.3097532014
-70.0
-70.0
-70.0
-70.0
-70.0
-70.0
-70.0
-70.0
-70.0
-70.0
-70.0
-70.0
-69.8022221712
-68.9734814016
-67.7937875598
-66.4428450027
-65.034184635
-64.4578489266
-63.5801192039
-61.7308107302
-60.1801986217
-58.8604914025
-57.7233173576
-56.7335690187
-55.8652677147
-54.2787780085
0
-70.0
-70.0
-70.0
-70.0
-70.0
-70.0
-70.0
-70.0
-70.0
-70.0
-70.0
-70.0
-70.0
-70.0
-70.0
-70.0
-70.0
-69.5491289598
-69.3969687037
-69.4291069265
-68.7507529627
-67.6687154857
-66.3805358166
-65.0116101546
-63.6398677522
-62.3121600524
-61.0551300974
-59.8824077879
-58.7993608092
-57.806220595
-56.9001291133
-56.0764699206
-55.3297254075
-57.1939913819
-70.0
-70.0
-70.0
-70.0
-70.0
-70.0
-70.0
-70.0
-70.0
-70.0
-69.3980425449
-68.3402666537
-67.0442588971
-65.64851228
-64.2394472337
-62.8693599648
-61.568328938
-60.3520993573
-59.2272916303
-58.1948306064
-57.2521929719
-56.3948706254
-55.6173148634
-54.9135375774
-54.2774866198
0
-70.0
-70.0
-70.0
-70.0
-70.0
-70.0
-70.0
-70.0
-70.0
-70.0
-70.0
-70.0
-70.0
-70.0
-69.942443223
-69.1931610494
-68.0538197102
-66.7184209164
-65.3099009429
-63.9044589273
-62.5477117538
-61.2654063912
-60.0705096272
-58.1478879146
-56.6727186232
-55.5151930943
-54.5868380071
0
-70.0
-70.0
-70.0
-70.0
-70.0
-70.0
-70.0
-70.0
-70.0
-70.0
-70.0
-70.0
-70.0
-70.0
-70.0
-70.0
-70.0
-69.7290526406
-68.858849137
-67.6580987303
-66.2990451952
-64.8903115677
-63.4987276722
-62.1638197459
-61.7274143319
-61.0246572724
-60.185514461
-59.2925116254
-58.3969595366
-57.5297296321
-56.7084007016
-56.7619899866
-56.5187438914
-58.6455047711
-70.0
-70.0
-70.0
-70.0
-70.0
-70.0
-70.0
-70.0
-70.0
-70.0
-70.0
-69.4474734777
-67.5977084485
-65.8512591493
-63.4050142648
-60.6204335253
-58.5456706307
-56.9659572063
-55.7359305781
-54.7567169153
0
-70.0
-70.0
-70.0
-70.0
-67.9895339935
-66.1336032565
-70.0
-70.0
-70.0
-70.0
-70.0
-70.0
-70.0
-70.0
-70.0
-70.0
-70.0
-70.0
-69.8231247662
-69.0062288003
-67.8325502608
-66.4839247951
-65.0752853558
-64.4975921804
-63.6177232024
-62.5858777089
-61.4972411558
-60.4108178521
-59.3619366082
-58.3705433082
-57.4466892179
-57.4141537898
-57.0974940733
-56.6209151076
-56.064270558
-58.0181414762
-70.0
-70.0
-70.0
-70.0
-70.0
-70.0
-70.0
-70.0
-70.0
-70.0
-70.0
-69.6427553351
-68.723650025
-67.4980651715
-66.1294454203
-64.7206253889
-62.5146458571
-60.7239032761
-59.241994285
-58.8147824141
-58.2146292112
-57.5307163157
-55.9993447012
-54.0105435758
0
-70.0
-70.0
-70.0
-70.0
-70.0
-70.0
-70.0
-70.0
-70.0
-70.0
-70.0
-70.0
-70.0
-70.0
-70.0
-70.0
-70.0
-70.0
-70.0
-68.6058064382
-67.0990967532
-65.5751010504
-64.0915335937
-62.6816753332
-61.3630378659
-60.1430874566
-58.2030142958
-56.7155365894
-55.549198746
-54.6144227484
0
-70.0
-70.0
-70.0
-70.0
-70.0
-70.0
-70.0
-70.0
-70.0
-70.0
-70.0
-70.0
-70.0
-70.0
-70.0
-70.0
-69.7944370393
-68.9612846949
-67.7793504651
-65.6075449118
-63.7342100827
-62.9224021825
-61.9545707029
-61.7453861251
-61.1783625076
-60.4155362535
-59.5606559592
-58.6790392507
-57.8107679172
-56.9794461866
-56.198004942
-54.6525400305
0
-70.0
-70.0
-70.0
-70.0
-70.0
-70.0
-70.0
-70.0
-70.0
-70.0
-70.0
-70.0
-69.6370323162
-68.714683962
-67.4874521508
-66.1181979924
-64.7093722309
-63.3237643663
-61.9982741687
-60.7530375778
-58.7774610374
-57.2495330785
-56.8611252006
-57.1693763005
-57.0653477504
-57.5374190287
-57.5194144947
-57.2079646245
-56.7308292149
-66.3301571907
-70.0
-70.0
-70.0
-70.0
-70.0
-70.0
-70.0
-70.0
-70.0
-70.0
-70.0
-70.0
-69.5107899014
-68.5169041788
-67.253342606
-65.8700942421
-64.4611420823
-63.0837327171
-60.951162674
-59.2565818924
-57.8812806937
-56.743390618
-55.7858768853
-54.9685060828
-55.0824667319
-54.9314275637
-54.6264231439
-54.2392063873
0
-70.0
-70.0
-70.0
-70.0
-70.0
-70.0
-70.0
-70.0
-70.0
-70.0
-70.0
-70.0
-68.6835565067
-67.2209051938
-65.7192842329
-64.2443355153
-62.8345551009
-61.5108683489
-59.4629606861
-57.8687840655
-56.599985291
-55.5687065166
0
-70.0
-70.0
-70.0
-70.0
-70.0
-70.0
-70.0
-70.0
-70.0
-70.0
-70.0
-70.0
-70.0
-70.0
-70.0
-70.0
-70.0
-70.0
-70.0
-69.5939288493
-68.6471551972
-68.227519166
-67.3181535751
-66.1452624348
-64.853352336
-63.5330945323
-62.2398366989
-61.0058874423
-59.8486549736
-58.7760269932
-57.7899159719
-56.8885854934
-56.0681676898
-55.3236447514
-54.6494761632
-70.0
-70.0
-70.0
-70.0
-70.0
-70.0
-70.0
-70.0
-70.0
-70.0
-70.0
-70.0
-70.0
-69.7997393775
-68.9695916915
-67.7891833568
-66.4379655774
-65.0293027239
-63.6331282543
-62.290985964
-61.0260010578
-59.8494767454
-58.7652462665
-57.7725331036
-56.8678207691
-55.2260660094
-54.0168109532
0
-70.0
-70.0
-70.0
-70.0
-70.0
-70.0
-70.0
-70.0
-70.0
-70.0
-70.0
-70.0
-70.0
-70.0
-70.0
-70.0
-69.4804632979
-68.4693925
-67.1971036046
-66.6304934805
-66.5061776234
-65.8313821884
-64.8487921877
-64.5342784477
-63.8110942555
-62.8668139316
-62.6413519396
-62.0346963464
-61.2195464456
-60.3064716236
-59.3650776763
-57.618072052
-56.2659329424
-70.0
-70.0
-70.0
-70.0
-70.0
-70.0
-70.0
-70.0
-70.0
-70.0
-70.0
-70.0
-70.0
-69.3186782932
-68.2159293261
-66.8970823016
-65.4925380101
-63.2633935016
-61.4337936798
-59.9049073307
-58.6074119435
-57.4920009798
-56.5230210356
-55.6741990345
-55.7457658661
-56.3671804361
-57.2977898303
-57.5628958058
-57.4198628642
-57.0367143371
-56.5222680763
-63.5661913838
-70.0
-70.0
-70.0
-70.0
-70.0
-70.0
-70.0
-70.0
-70.0
-70.0
-70.0
-69.8774417852
-68.2713254634
-66.6486114883
-65.0700293869
-63.5705458132
-62.1685041419
-60.8716623343
-60.5011685053
-60.6988332578
-61.230804334
-61.9456268352
-61.9263327748
-61.4672119127
-60.7594989984
-59.9262212832
-59.0453806113
-58.9853635211
-58.5998411496
-60.5718464855
-70.0
-70.0
-70.0
-70.0
-70.0
-70.0
-70.0
-70.0
-70.0
-70.0
-70.0
-70.0
-69.3499662816
-68.2649471746
-66.9551041379
-65.5540281779
-64.144914996
-62.7779499203
-61.4818392109
-60.2714448115
-59.9728266782
-59.4112282423
-58.7105615726
-57.9498095184
-57.1783646353
-56.4262188842
-55.7107241375
-55.8610698182
-55.7059082326
-59.6326143402
-70.0
-70.0
-70.0
-70.0
-70.0
-70.0
-70.0
-70.0
-70.0
-70.0
-70.0
-70.0
-69.6682926368
-68.7636584644
-66.7254226787
-64.8949671181
-63.2501948777
-61.771658371
-59.6221478545
-57.1417032828
-55.3653797637
-54.0707396601
0
-70.0
-70.0
-70.0
-70.0
-67.6143915828
-65.5458801464
-70.0
-70.0
-70.0
-70.0
-70.0
-70.0
-70.0
-70.0
-70.0
-70.0
-70.0
-70.0
-69.7517785229
-68.8944530193
-67.7002426164
-66.3437082875
-64.9349974139
-62.7219376426
-61.7400371918
-60.7095623482
-59.6842920304
-58.6963201054
-57.7636596136
-56.8952746647
-56.0944012065
-55.3607304247
-54.6918369415
0
-70.0
-70.0
-70.0
-70.0
-70.0
-70.0
-70.0
-70.0
-70.0
-70.0
-70.0
-70.0
-70.0
-70.0
-69.7136080042
-68.83465254
-67.6294575101
-66.2686919085
-64.8599428172
-63.4693619353
-62.1360346749
-60.0615038295
-58.4314018613
-57.1222939517
-55.2294194075
0
-70.0
-70.0
-70.0
-70.0
-67.10149343
-70.0
-70.0
-70.0
-70.0
-70.0
-70.0
-70.0
-70.0
-70.0
-70.0
-70.0
-70.0
-70.0
-69.3844202603
-68.3189250745
-67.0189971272
-64.8017404545
-62.9279951025
-61.3228147211
-59.932279335
-58.7168821255
-57.6470810622
-56.7002977222
-55.8588844608
-55.1087403552
-55.2583625467
-55.1228571101
-55.6407919444
-54.8935264469
-54.2320496001
-70.0
-70.0
-70.0
-70.0
-70.0
-70.0
-70.0
-70.0
-70.0
-70.0
-70.0
-70.0
-69.2591721217
-68.1227029907
-66.7867314124
-65.3755907517
-63.9663866635
-61.7853179885
-60.0338328505
-58.5984806727
-57.4006533436
-56.3852685014
-55.5131953127
-54.7561782223
-54.0934286941
0
-70.0
-70.0
-70.0
-70.0
-70.0
-70.0
-70.0
-70.0
-70.0
-70.0
-70.0
-70.0
-70.0
-70.0
-70.0
-70.0
-70.0
-70.0
-69.829609241
-69.016387811
-67.8445753592
-66.4966687095
-65.0880357627
-63.6899214692
-62.3447221775
-61.0761118632
-59.0757419458
-57.5229952639
-56.2905807459
-55.2914460103
-54.4655836352
0
-70.0
-70.0
-70.0
-70.0
-70.0
-70.0
-70.0
-70.0
-70.0
-70.0
-70.0
-70.0
-70.0
-70.0
-70.0
-69.2973957183
-68.1825866254
-66.8576149488
-65.4507114445
-64.0415456272
