-70.0
-70.0
-70.0
-69.6666666667
-69.4777777778
-69.3818518519
-69.3449012346
-66.3855921164
-64.7304869083
-63.9130742199
-63.6255241328
-63.6654766095
-63.9005988751
-62.5342220844
-61.9632552739
-61.8885666784
-62.1141346318
-61.5157630702
-61.4395480309
-62.5913759111
-63.5294267755
-64.3079430683
-64.964788075
-65.5267354766
-63.088246135
-61.8555443255
-61.3874050956
-61.3936080545
-61.6842095614
-62.1357634801
-62.6688370487
-63.2330532882
-63.7971479223
-64.3423664387
-64.8580853339
-62.4141472266
-61.2006461213
-60.7658572541
-60.812788692
-60.1473215888
-59.7431306073
-59.8425116648
-60.2407232438
-57.961438653
-56.192684141
0
-70.0
-70.0
-70.0
-70.0
-69.5225526731
-69.2519991879
-69.1146004571
-69.0616745368
-69.0611965
-69.092203128
-70.0
-70.0
-70.0
-70.0
-70.0
-70.0
-70.0
-70.0
-70.0
-70.0
-70.0
-70.0
-70.0
-67.0461232557
-65.3722597672
-64.5221996819
-64.1947569747
-61.8173130405
-59.6636081271
-58.7159315748
-58.5234612576
-58.086826655
-59.2218180144
-60.2620855629
-60.5071395362
-60.9706006023
-61.5496572219
-62.1787692863
-62.8169442153
-63.4392843656
-64.0313789769
-62.6107380425
-62.0046622137
-61.907527976
-62.1189965009
-61.5201387524
-61.4434861448
-62.5949202136
-63.5326166478
-64.3108139534
-65.6710755753
-66.6315300293
-67.320085034
-67.8225485357
-68.1966083522
-68.4811572971
-69.6147232589
-70.0
-70.0
-70.0
-69.1961960911
-68.7407072095
-69.4215988116
-69.8494138125
-70.0
-67.5760040506
-66.2024063459
-65.5048341783
-66.0385988742
-64.1164179853
-63.1592288524
-62.8129410776
-62.8447370435
-63.1023233882
-63.4867977488
-63.9345891069
-64.4054442848
-62.0309218187
-60.8718442784
-60.4806696116
-61.5555684778
-61.4821893341
-61.7220888701
-62.1419589626
-63.4582848552
-63.6636684265
-63.9981096217
-64.3988373514
-64.8259794108
-65.2547319995
-65.6701591527
-66.0637434729
-65.4896302793
-62.3410375063
-60.7071805923
-60.0366270908
-59.9664074202
-60.2587287039
-60.7588305173
-61.3669305881
-59.2337661525
-59.3117269935
-59.714779265
-60.2994513191
-60.9736061742
-60.6841171126
-60.8209531052
-61.2090229306
-61.7348973948
-59.4439198601
-58.4212026773
-58.1935322784
-57.5090066266
-57.5146576813
-57.9342263914
-58.588160071
-59.3609149432
-60.179204035
-60.0853288508
-60.3594927786
-60.8453413759
-61.4420058218
-62.085270962
-63.7349206902
-64.0213379993
-64.3924771181
-64.8020780188
-65.2211026252
-65.6318139682
-66.0238469751
-66.3916052134
-67.6935215403
-68.8848872851
-69.6368771558
-70.0
-70.0
-70.0
-70.0
-70.0
-70.0
-70.0
-70.0
-70.0
-70.0
-69.0077053145
-68.4454049927
-68.1598446333
-68.0498469298
-67.2463842742
-63.8971187661
-61.5354332801
-60.0672408792
-59.5174174093
-56.6069007809
-55.3070274445
-55.0168691945
-55.342211938
-56.0260105195
-56.9020893177
-57.8643336194
-58.8462024131
-56.9635961789
-56.2685792324
-56.30928309
-56.790062635
-57.5188616074
-58.3721789373
-59.2717633707
-60.1691219184
-60.0367554218
-60.2894436765
-60.7647418401
-61.357762677
-62.0016497565
-62.654593679
-63.2912069099
-63.8968012847
-64.4635978668
-61.0582627148
-59.3131195331
-56.9783877656
-56.0116024462
-56.8978111715
-57.8662760343
-58.8518124175
-59.8147405001
-61.5344751355
-62.8485000789
-63.8752983757
-63.7070950945
-63.4826032893
-63.5651547632
-63.8291804887
-64.1932899078
-65.56629412
-66.5378868433
-67.2362462492
-67.7473870177
-68.1291585783
-68.4205828953
-68.6480847224
-65.8712675204
-63.3564764907
-61.0827275322
-60.0157205726
-59.7083257111
-59.8669446039
-60.2998844527
-60.882985547
-60.5371977782
-61.3102960856
-62.0638118671
-62.7804609405
-63.4511016865
-64.0717827445
-64.6417986212
-65.1624148598
-65.636037441
-67.026657966
-65.005671168
-63.9595567168
-63.5332361556
-63.4930026137
-63.6857624014
-64.0118928606
-64.4071747075
-64.8307713254
-65.2572369186
-63.771861214
-63.0882404174
-61.2645847182
-60.461571808
-60.2977116683
-60.5228051956
-60.9737678054
-61.5452197778
-62.1699169686
-62.8057380508
-60.5835186684
-59.56406975
-60.292557394
-61.386564734
-62.3300836468
-60.5825428081
-59.8479335446
-59.7455702016
-60.0259665225
-60.5266720976
-59.5150293111
-59.2575426621
-59.461132584
-59.9345821177
-60.5541657673
-62.1090898554
-63.3050746463
-64.2458296994
-64.0020884158
-64.0557740319
-64.2861262671
-64.614800066
-64.9915110098
-65.3844872091
-65.774123355
-66.1487675974
-63.547458042
-62.2017570407
-61.6542778719
-61.6039811082
-61.8536703464
-62.2750282111
-61.7887674769
-61.7707187872
-59.1906781838
-58.0029645489
-57.6902375497
-57.9129267652
-58.4494427356
-59.1563708934
-59.9419820916
-61.7485896727
-63.4409345656
-63.6865380358
-64.04434885
-64.4575570436
-64.8902300582
-65.3201595318
-64.865799141
-64.7643229351
-64.8779597804
-66.0908642667
-66.948911483
-67.5654427633
-68.0165134393
-68.3532720637
-68.6102181695
-69.7229203988
-70.0
-70.0
-67.4777617245
-66.7521970721
-66.4251183783
-66.3480338827
-66.4235153893
-66.5880204469
-66.8004561333
-66.0350201003
-65.7079244771
-65.6547362874
-66.7416532024
-67.5024149113
-65.1059552485
-63.8312142759
-63.2719958832
-63.1607316514
-64.2341572288
-65.0704073342
-63.037274652
-61.0631607632
-60.1765870711
-59.9720899535
-60.1836553512
-60.6378060781
-61.2223696449
-61.8656954636
-62.5228344393
-64.1547956568
-65.3288125321
-66.1889289062
-66.8320344338
-66.3235560057
-67.0093298392
-67.5204831447
-67.9098256898
-68.2131036939
-68.4546337065
-68.6510639239
-66.7684544948
-64.7602818964
-62.7560479023
-61.7949725758
-58.8540308092
-57.4609980555
-57.0431451348
-57.2243285446
-56.9564251698
-57.2304689726
-57.8205462886
-58.5805744685
-59.4172388942
-60.2719962531
-61.10911746
-61.9077529355
-62.6566757896
-60.4070355017
-59.3770168123
-59.1131050382
-59.3176544725
-59.7964623173
-60.4238649469
-61.1195110265
-61.8329149733
-62.533193509
-63.2022541801
-64.8302645092
-65.9793952229
-63.866724286
-62.8035642477
-62.4055494164
-60.3376469411
-59.4189838912
-59.2204865982
-59.4607053359
-60.9301341057
-61.1141280534
-61.5207201535
-62.0473180752
-59.7848454623
-58.7678670458
-57.6637716705
-57.4125220563
-57.6813548859
-59.2272637926
-60.5139003436
-61.602085596
-62.5349272276
-64.1459371014
-65.3076784557
-66.1611339864
-67.504873209
-67.4058486555
-67.4329056349
-67.5347096347
-67.6779683801
-68.7096374385
-69.371650959
-69.7898040393
-69.1062300829
-68.7258780397
-68.5401375458
-68.4773553312
-68.4904408248
-68.5486107601
-68.6318923626
-68.727464912
-68.827226278
-68.9261755549
-69.0213392693
-69.1110595222
-70.0
-70.0
-70.0
-70.0
-69.1975295095
-68.7427962315
-68.511863057
-68.422907717
-68.4221042559
-68.4742187039
-68.5563467493
-68.6537453516
-68.7570596679
-68.8604796021
-68.9605155758
-69.0551866409
-69.1434830586
-68.230149705
-67.7411447027
-67.5230368779
-67.4747376204
-64.5709581066
-63.0096584615
-63.3058009543
-61.6243844887
-60.8947217932
-59.7864457442
-59.4619319234
-59.6184925668
-60.0584792006
-57.9546527065
-56.2255556293
-55.3139121954
-55.2564623952
-55.7134437685
-56.4638511336
-57.3653005148
-58.3273267931
-59.2936316669
-57.3482879023
-56.6028053802
-56.6020890209
-57.0482562379
-57.7476813602
-58.5757470549
-59.4533949033
-60.3315371155
-58.3371837756
-58.5292927103
-59.0269149808
-59.6912578438
-60.4334883001
-61.1977102972
-61.9496531522
-61.6692974173
-62.3869130657
-63.0712520192
-63.7128136573
-64.3073235183
-64.8537853176
-65.3532028866
-65.8077466651
-66.22021471
-66.59368838
-66.9313163026
-67.2361825128
-67.5112294885
-67.7592166909
-68.9775635583
-69.7426528934
-70.0
-70.0
-70.0
-69.1316091217
-68.6395209573
-68.38961736
-68.293354623
-67.4900160243
-67.0916789975
-66.9496208149
-67.9583578649
-68.6316548327
-69.081244519
-69.3816235134
-66.6234889895
-64.1201770845
-63.7263925435
-63.1436865119
-63.0226066758
-63.1825385517
-64.308215528
-65.1733478628
-65.8533156682
-67.1032228663
-67.9497264229
-69.081526565
-69.7912224314
-70.0
-70.0
-70.0
-70.0
-67.1253906345
-65.4964453274
-64.6691966323
-64.3505408607
-65.3303211726
-66.0738453206
-67.2063871876
-67.9790327349
-68.5099856387
-67.8783136312
-67.5700333057
-67.4660640002
-67.4881469502
-67.5851251552
-67.7238079063
-67.8828906268
-68.0489105716
-68.2135588527
-65.4149226459
-62.9059183635
-61.636985182
-58.5165949488
-57.0271409772
-56.5658972284
-56.7369544048
-57.2816902305
-59.0321746562
-60.4480594898
-60.6745160704
-61.8249431868
-62.7877013504
-62.9020624999
-63.5776474766
-64.19707688
-65.3177208483
-66.146183201
-65.9692520368
-65.9974516037
-66.1477896238
-63.4094262346
-61.9860939933
-62.3406971853
-62.8087691943
-63.3293200932
-63.8640066295
-63.4153639584
-63.3656662239
-63.5569920423
-63.8865544653
-64.288073437
-65.6933700772
-66.680102392
-67.3828050346
-67.8916664523
-68.2672610878
-68.5503758329
-68.7685654855
-68.9405270942
-69.079019823
-69.1928147994
-69.2879979587
-69.3688412556
-70.0
-70.0
-70.0
-70.0
-70.0
-70.0
-67.4853799664
-66.060428614
-65.3367768488
-64.0580529627
-63.4888835324
-60.2395474693
-58.6152942492
-58.0202325088
-58.0625210476
-58.485810136
-59.1235899178
-59.8688047896
-60.6536402197
-61.4360868038
-59.3090128941
-59.3881198259
-59.7893133242
-60.3703856456
-61.0400161836
-60.7438861211
-60.8747452128
-58.471642369
-57.4140592504
-57.1990407376
-57.496728272
-58.0921165169
-58.8462789132
-59.670567054
-60.5094543699
-61.3291382805
-62.1099773508
-62.841481548
-63.519001348
-65.140869877
-66.2759619984
-66.0826743102
-65.7639458869
-65.7139106367
-65.8267591321
-63.0766030445
-61.6572892904
-61.083791395
-61.0368996112
-61.307534554
-61.7596643678
-62.3056201105
-62.8896728857
-62.4886764747
-62.4984560789
-59.8467130921
-58.594110197
-55.7764004435
0
-70.0
-70.0
-70.0
-70.0
-67.3743579601
-65.8864941374
-64.4271890022
-61.6551243583
-60.2700480934
-59.7633340647
-59.9102672143
-60.3347515302
-60.9116170688
-61.5606824896
-62.2314323258
-62.8928344833
-63.5265812951
-64.1226100056
-63.715158674
-63.680182586
-60.9260860396
-59.5760919104
-59.1135590359
-58.3306079195
-55.875330575
0
-70.0
-70.0
-70.0
-70.0
-69.3143451239
-66.2266048598
-64.4997405394
-63.6469639291
-63.347065832
-63.388891446
-62.6603693944
-62.467910517
-62.6035048399
-63.9314034498
-64.9304291673
-65.3860730906
-65.8132570083
-66.2091254586
-66.5730090135
-66.9055721793
-67.2082576728
-67.4829270465
-66.7901587659
-66.1481591721
-65.89135411
-65.8742259358
-66.0014748334
-63.2525284592
-61.8280763527
-61.2458025438
-61.1882448402
-61.4474353901
-62.8870202478
-63.9878704875
-64.8487849484
-65.2484518437
-65.6466369194
-66.586215623
-67.2637556578
-64.825318299
-61.6801073921
-60.8727797374
-60.69262382
-60.8947761422
-61.3195749974
-61.8638018107
-59.7184462563
-57.7876262574
-57.0362133828
-57.0174918786
-57.4390092468
-58.9789321167
-60.2702547681
-58.670170699
-58.0877812342
-58.1354215142
-58.5594916318
-59.1952839812
-59.9369165915
-60.7173322713
-61.4950039368
-63.227765275
-61.611157602
-60.9208210782
-60.8092584613
-61.0486789424
-59.116222189
-58.3195407307
-58.230880498
-58.5699883418
-59.1544534367
-59.8666507124
-56.9325712878
-55.6077045901
-55.2925277519
0
-70.0
-70.0
-70.0
-70.0
-70.0
-70.0
-69.1231143814
-68.6262125309
-68.3738643363
-68.2766599416
-69.2172543099
-69.8077024539
-70.0
-70.0
-70.0
-70.0
-70.0
-70.0
-70.0
-70.0
-70.0
-70.0
-70.0
-70.0
-70.0
-70.0
-70.0
-70.0
-70.0
-70.0
-70.0
-69.6666598083
-69.477767033
-70.0
-70.0
-70.0
-70.0
-70.0
-70.0
-70.0
-70.0
-70.0
-70.0
-70.0
-67.0749048379
-66.3913386179
-64.7909457246
-64.0043451311
-63.7322399373
-63.7779021564
-64.0127027494
-64.3531596802
-62.0464593483
-59.9412320465
-59.0133879305
-58.8229018632
-59.0811801608
-59.6001078006
-60.2581274578
-60.9776683369
-60.7101450757
-60.5259596165
-60.7312496871
-60.6078265177
-61.8461684259
-62.8609679567
-63.7078154099
-61.4768239277
-59.4360097831
-58.5636543035
-58.421452539
-57.7611015046
-57.4395208339
-57.6652550703
-58.2118537764
-58.9327512076
-57.8829698493
-57.6570020394
-57.9328546188
-58.5006043458
-60.0270365063
-61.2753279191
-62.3151251694
-63.195166014
-63.9500183202
-64.60459576
-64.1806145192
-63.7868719575
-63.4243973552
-60.4823278746
-58.0480167993
-56.9858295942
-56.7823229513
-56.2324954433
-54.983603859
-55.0681487798
0
-70.0
-70.0
-70.0
-70.0
-69.4018358905
-69.0628762284
-68.8907378902
-65.9809095276
-64.3689821925
-63.5895263849
-63.3355353543
-63.4052895574
-63.6669657607
-64.035072624
-64.4547676545
-64.891425751
-65.3237064172
-65.7389512696
-65.131148098
-64.9287612585
-62.0325989721
-60.5604816345
-59.1893927083
-58.727092929
-58.8254766305
-60.2569733627
-61.4406389566
-62.4361503478
-63.2855855042
-63.077588078
-63.7185161103
-63.9791223926
-64.8917376378
-65.609582197
-65.4829324889
-65.5575115811
-65.7503419837
-66.0076954925
-66.2951844147
-66.5911716208
-66.8823915572
-67.1610438004
-63.503305577
-61.5252191237
-60.0653043921
-59.5205120733
-59.5429529463
-59.9049857052
-60.4587058371
-61.108981055
-61.7955134838
-62.480915825
-63.1427933689
-63.7684934496
-64.3516303831
-64.8897915304
-65.3830285011
-65.8328697334
-66.2416788151
-66.6122416369
-66.9475046088
-67.2504122383
-67.5238097413
-67.7703879185
-65.0340753425
-63.5578186189
-62.886803964
-62.7213017057
-60.4901372165
-59.4684339491
-59.2064641903
-58.409084463
-58.3170204779
-58.6512147375
-59.2300241354
-59.9363089696
-59.8272234806
-61.1008647259
-62.1616873156
-63.0594579589
-63.0270026104
-63.7090984501
-64.3280526723
-65.4440456721
-65.5618029125
-65.7803971597
-66.052207136
-66.3468862172
-67.5137768826
-68.2967853858
-68.8233643081
-66.9235248406
-64.9251887743
-62.2514723014
-60.9055266742
-60.4011084088
-60.4184205026
-58.3737073315
-57.5344225177
-57.4463708789
-57.8119941996
-56.0631486414
-54.4957445484
-54.0721106076
-54.3488598896
-55.0366141291
-55.9480462018
-56.0949911482
-56.6466584111
-58.4220935156
-59.1695810908
-59.9790875995
-60.7988219181
-61.5973684454
-62.3565840802
-63.0668939917
-60.7719653875
-59.7026093788
-60.3782298327
-61.1043277773
-59.4620225408
-58.8279053142
-58.8198381345
-59.1876698888
-59.7687799451
-59.4607703056
-59.6272721784
-59.5173753406
-59.8008580599
-60.3109190895
-60.9399250709
-61.6193311574
-62.3063304374
-62.9749856575
-63.6103459343
-63.2435690115
-63.2487172241
-64.4763978179
-65.3971262469
-66.1029924294
-66.6564123913
-67.0999172887
-67.4626896508
-67.7649300798
-68.0207766678
-65.2814005401
-63.7950615122
-62.117796725
-61.3741779618
-61.2155341052
-61.4131633211
-61.8179687399
-62.3335863665
-62.8985040636
-63.4741712131
-64.037099129
-64.5736192409
-65.0764106667
-65.5422051666
-64.9779823743
-65.8067601816
-66.4438015267
-66.2408625791
-66.2444037912
-67.1741841946
-68.1595796302
-68.8121642371
-69.2433095268
-69.5272197163
-69.7133251728
-69.8345442743
-69.9127909261
-67.0037225937
-66.3191390656
-65.0387916598
-64.4359568276
-64.2597240341
-64.3453268902
-64.5851777075
-62.1237888159
-60.9094958537
-58.8400616739
-57.9703991102
-57.8495882683
-58.1821154876
-56.4010748922
-55.7857480386
-55.8903603252
-56.4234490196
-57.1958539356
-58.086101754
-59.0173803866
-59.9422348866
-56.9893367533
-55.6512866482
-55.3267470302
-55.6211316918
-56.277058099
-57.12804534
-58.0677028399
-59.0292405786
-59.9718552025
-59.8977077649
-60.1899623769
-60.6923163982
-61.303984931
-62.9608516745
-64.1896099981
-65.120544659
-63.5909871563
-62.8868864162
-62.7015297582
-62.8335981049
-63.151719176
-63.5708678462
-64.0366614534
-65.4563879058
-63.6161567503
-62.7248128321
-62.43251272
-60.4271402995
-59.5430121705
-59.3611015541
-59.6065851324
-60.1003224417
-60.7265540792
-61.4114079257
-61.1086462382
-58.3798469211
-57.1299057668
-56.8089442153
-57.0560691439
-57.6358084629
-58.3957917722
-59.2385886988
-59.141999007
-59.1126452251
-59.4579447817
-60.0165263563
-57.7596911559
-56.8136003305
-55.0416172835
-54.4770402125
-54.6557259628
-56.2744014803
-57.7031267414
-58.9702576734
-60.0981943101
-61.1050164818
-62.0056092355
-59.9304389465
-59.0209888082
-57.8428082038
-57.5411395676
-55.4009473231
-54.6055809212
-54.6415083827
-55.1750145802
-55.9892844793
-56.9448702695
-57.9533927346
-58.9600597892
-59.932058029
-61.8118365962
-63.2126425167
-64.2793713184
-65.1100962222
-65.771527957
-65.3108585049
-65.1907615501
-62.3267932408
-60.1604821102
-60.1626670666
-60.4918891382
-61.0063594099
-60.8123604568
-61.0022157364
-61.4160550463
-62.1589949317
-62.8661256986
-63.5281999688
-64.1411711986
-64.7042482299
-65.2186195077
-62.7377821836
-60.505028592
-59.4818754839
-59.2185877696
-59.4199955487
-59.8935070312
-60.5144970197
-58.5040719444
-56.6844399885
-56.0365128154
-56.1132060843
-56.6221151762
-57.3733901254
-58.2450420908
-59.1598652003
-60.0700968927
-60.9472326784
-60.8012853554
-61.0203407831
-58.5149264892
-57.3945136965
-57.1424488977
-57.4197950552
-58.0055429145
-57.8153345297
-58.1073650145
-58.6790044716
-59.3993546634
-60.1849196231
-60.9834279448
-60.8508768349
-61.0763169411
-61.5090371068
-62.0517013026
-62.64224311
-63.2418267575
-63.8268493874
-64.3836346524
-65.9049179718
-66.9541906977
-67.68528131
-68.201092967
-68.570543529
-68.8398624153
-69.0401249998
-66.2333811318
-64.6748887732
-63.9172970656
-63.6654988056
-63.7255698893
-62.9710609386
-62.7526535369
-62.8631873113
-63.1674013322
-63.5776830337
-64.0379292868
-64.5128127291
-64.9806490369
-65.4286625203
-62.9010090859
-60.6347249313
-59.5871302741
-60.3056097342
-61.0598437524
-61.8103893716
-62.5337037641
-63.2165689407
-63.8524024154
-64.4388224197
-63.9764981012
-63.8998869068
-64.0572572932
-64.3497709487
-64.7136201103
-65.1081422703
-65.5079174906
-62.9430481922
-61.63935834
-61.1358324841
-61.1291892211
-62.4202203164
-63.4474982964
-64.8378373634
-64.8475383789
-65.0251077088
-62.4154734165
-61.9049795297
-61.8685172133
-62.1176892497
-62.5299361632
-63.0262864392
-63.5565537235
-64.0894956366
-62.7042291698
-62.1162616507
-62.0262724175
-62.238069797
-62.6238792315
-63.1012355845
-63.6176082101
-64.0826654743
-64.8922776503
-62.6662967342
-61.5751649601
-61.2013137302
-61.2702925347
-62.4709828234
-63.4423642358
-64.2437809421
-64.9165049345
-65.4895891654
-65.9837867318
-66.4141790472
-63.8671752016
-61.5570752631
-60.4524461245
-60.1079204373
-60.2309410103
-61.6226813072
-62.7369694417
-63.6476433411
-64.4057929026
-65.0471562095
-65.4654708486
-65.8676106038
-63.3218741701
-61.0307113798
-58.9686648686
-58.9674608901
-59.3344898066
-58.9687518265
-59.1170173108
-59.5687426911
-60.1874864962
-60.8858165627
-61.6086207172
-63.2829974104
-64.5115235126
-65.026162388
-65.5007403003
-65.9354623711
-66.3317802011
-66.6918448925
-67.0181555442
-67.3133367504
-67.5800009158
-67.8206660512
-67.1693968401
-66.5396554189
-66.2771553855
-66.2437501859
-66.3489153933
-66.533717338
-66.7601412602
-66.0917824
-65.8210410039
-65.2423392439
-65.0537068798
-65.1054038986
-65.2995753133
-65.572758985
-65.8842438886
-67.2080259724
-67.1538886871
-67.216276693
-67.3465002734
-67.5130844126
-68.5642448395
-69.242799601
-69.6751724713
-66.0449761471
-63.9986924811
-62.4154103099
-61.7182606635
-61.5760288535
-61.7714888058
-63.1370361887
-64.1851300789
-65.0078154103
-65.6678327622
-66.2082487479
-66.6588900477
-67.0406451594
-68.3098157243
-66.1788180986
-65.0275922532
-62.8587284635
-61.7954525743
-61.4309719549
-61.4979178514
-61.8214881277
-62.2882473558
-62.8253613142
-63.386784312
-62.9442122909
-62.9138620018
-60.224194215
-58.9362537357
-58.5322809903
-58.6721546434
-59.1336736805
-59.77279598
-60.4971761604
-61.2485650633
-61.9911129029
-62.7036045099
-62.3820200038
-62.4430019666
-62.7314910788
-63.1468681768
-63.624532163
-61.1714280646
-59.9938513367
-59.6208435888
-59.7430108204
-59.1842230935
-59.2094763543
-56.8851099313
-55.9276530798
-55.8222571996
-56.2316110981
-56.9361697339
-57.7943659243
-58.7161381077
-59.6453301475
-60.5480010332
-61.4046701968
-62.2051826884
-61.9504556581
-62.0659375847
-62.3996954879
-62.8532937135
-63.3636761917
-63.8911164723
-64.4112100915
-64.9095592601
-65.3782501192
-65.813522964
-66.2142359054
-65.5924168267
-65.3662448186
-64.8294445642
-65.6797162594
-66.3338887345
-66.8485959285
-67.2624670472
-67.6020408169
-67.8857170514
-65.1674338048
-63.6975493966
-63.0257004385
-62.8550677156
-62.9908524914
-64.2944005872
-65.2667160918
-66.0078815248
-66.5856514005
-67.0461249459
-64.5132093616
-63.1763530323
-62.6016941336
-62.50350899
-62.6944809375
-64.0352398781
-64.0386096847
-64.2393445791
-64.5518073632
-64.9208914548
-64.5091763922
-64.4451748082
-64.036379142
-63.9898891042
-64.1623321114
-64.4603868453
-64.8238734575
-65.2145029762
-65.6083972549
-65.9911205803
-66.3543838895
-66.6938624121
-64.0491742269
-62.6607221749
-62.0722935378
-59.9012513084
-57.9489258026
-57.1792329724
-58.1446870704
-57.0368946976
-56.8043227839
-55.4607603355
-55.1392641887
-55.4417243609
-56.1084763189
-56.9715782831
-57.9237201855
-58.8975479874
-59.8519264023
-60.7628225712
-62.6095588402
-61.3896197602
-60.9446689869
-59.9795463668
-59.4011545825
-59.0740810258
-56.6727181261
-55.6761431154
0
-70.0
-70.0
-70.0
-70.0
-68.9513813715
-68.3571641488
-65.2696015517
-62.7722748059
-61.5148029316
-61.0431597093
-58.6842487083
-57.6460938174
-57.4349977556
-55.6449315973
-55.0493941825
-55.1904252608
-55.7686963991
-57.5899962667
-59.0964429783
-60.363762906
-61.4453627658
-63.1819463919
-64.7844983545
-65.9198795869
-66.7371123402
-67.3362149141
-67.7844692946
-68.1272729465
-68.3953793727
-68.6097305827
-68.7846836226
-68.9301659924
-69.0531165479
-69.158449663
-69.2497012099
-70.0
-70.0
-70.0
-70.0
-70.0
-69.131635162
-68.6395617539
-65.4307134242
-63.6577139789
-62.8053238458
-60.4514703751
-59.3574426135
-59.0557778694
-57.1573444979
-56.4463729918
-56.4715776551
-56.9376478645
-57.652701728
-58.4933106552
-60.38078123
-61.8339042006
-62.9779811762
-63.8984946557
-64.6541862549
-65.2857950059
-65.821900423
-66.2828336592
-66.6832991455
-67.0341351325
-67.343498887
-64.6616950428
-63.2305562349
-61.5975386766
-60.8978101857
-60.7813794183
-61.0188083106
-61.4606387023
-62.0103823139
-62.6065490704
-63.2106974886
-60.89183441
-59.8041220824
-57.8474820758
-57.0785820026
-57.0479558919
-57.4613150291
-58.1272866771
-57.924910435
-58.2059876752
-58.7677677635
-59.4792435576
-60.2568209156
-61.1798256641
-61.694300991
-62.2798428208
-62.8885064913
-63.4907544773
-64.0690781196
-64.613769701
-65.1201256598
-66.5475832708
-67.519138395
-68.1847668564
-69.3483554084
-70.0
-70.0
-70.0
-70.0
-66.2385554909
-64.1070702691
-63.024610127
-60.5254051082
-59.3417019267
-59.9607443253
-60.6668116203
-61.4015582766
-61.1680394368
-61.3223268184
-61.7041550201
-59.3662593437
-58.3179799597
-58.0784129974
-58.3320590534
-58.8731780519
-59.5687435159
-60.3337913438
-61.1150269957
-61.8799341537
-62.60954731
-63.2936636268
-63.9276779627
-64.5104972988
-65.0431723238
-65.528004928
-65.9679709929
-66.3663515988
-66.7265015757
-67.051708176
-67.3451085303
-67.6096451252
-67.8480455779
-68.0628176637
-68.2562536597
-68.4304401353
-67.5872824167
-67.1618117051
-67.0011355546
-67.0046920125
-67.1066694868
-67.2643003218
-67.4500688121
-67.6465276125
-67.8428519724
-68.0325515225
-69.2119528082
-69.9458618194
-70.0
-70.0
-70.0
-70.0
-70.0
-70.0
-70.0
-70.0
-70.0
-70.0
-70.0
-70.0
-70.0
-70.0
-70.0
-69.6666666646
-69.4777777745
-69.381851848
-66.3859258578
-64.7088394018
-63.8789595481
-63.5850663176
-62.6810891656
-62.3826665688
-62.4575241251
-62.7538545214
-64.1654835952
-65.2069449196
-65.9915902169
-66.5959910547
-64.1359289979
-62.8553607972
-62.3251745168
-60.1806483354
-59.1959007819
-57.9703271216
-57.6359720213
-57.8474932271
-58.3794895096
-59.0860376289
-59.8737652461
-60.6839429749
-58.637064083
-57.7877012784
-57.6851602197
-58.0341302438
-57.2601808262
-57.2204718148
-57.6226306808
-58.2765049776
-59.0596127232
-59.8941569464
-58.0325424145
-56.3281638237
-55.7612645418
-56.8697371931
-57.9724962107
-59.0350684143
-60.038109456
-58.2727945981
-57.6045125301
-58.5289347098
-59.7992901939
-60.9015271446
-61.8661517435
-62.7160547781
-63.4687947729
-62.1629376045
-59.6543351374
-58.4940291526
-58.1813779233
-57.6840375512
-57.7961654096
-58.270236611
-58.2419677411
-58.6169408278
-59.2213599855
-60.9259579507
-62.2511847982
-60.3798481467
-59.5777178843
-59.4438491307
-59.7153995742
-60.2211498545
-59.8679032241
-60.9546733627
-61.9082463338
-62.7501152387
-63.496899407
-64.1617399277
-63.8430444044
-63.8570589437
-64.0702323691
-65.356776903
-66.2834777267
-66.0950695394
-66.1121889757
-66.2520543383
-66.460905078
-67.6163938573
-68.3891406629
-68.9064840576
-69.2533406258
-69.4863432125
-69.6432666575
-69.7493118358
-69.821295215
-66.9115014159
-65.2477010255
-64.407830757
-64.0903142374
-64.096793851
-64.2974551575
-64.6079367695
-64.9739611777
-62.5175896866
-61.2931804691
-60.8487622563
-60.8871525867
-61.2139483654
-60.7106015671
-60.7182401025
-58.246421762
-56.4514129952
-55.8260273019
-55.367706087
-55.5804564885
-56.1887581798
-57.0141139219
-57.9421902364
-56.0574422539
-55.3913453892
-55.4786424241
-56.0150658976
-56.8030844518
-57.7157927692
-58.672891334
-59.6247207618
-57.6981402963
-56.9522540072
-56.9396471001
-56.285184578
-56.6830009121
-57.3655906822
-58.1962915215
-58.088469703
-58.4208276218
-59.0062147857
-59.7239065912
-60.4970581214
-61.2777137689
-62.0368500317
-62.7577701217
-64.4201688183
-64.6296147039
-64.9342950785
-65.9896638376
-66.7565629652
-63.5663757398
-61.8667175466
-60.5624764903
-58.0122740441
-55.8954183172
-55.0954576038
-55.1122992556
0
-70.0
-70.0
-70.0
-70.0
-69.6103406916
-69.3895337501
-69.2773984603
-69.2342040044
-68.3216053592
-67.8299926601
-68.5683401763
-69.0590706802
-66.4411018192
-64.9889504419
-63.372486096
-62.6235246186
-62.4200302449
-59.9812832143
-58.8519922221
-56.9021426787
-56.1688281967
-56.1898785676
-56.6628461712
-57.3911985277
-59.2450778366
-60.7159028274
-61.9078677276
-62.8927844101
-63.720641606
-64.42666787
-65.036061366
-65.5671620848
-66.0335837799
-66.445650671
-66.8113691166
-68.1255268601
-68.9765039442
-69.5212067299
-70.0
-70.0
-70.0
-70.0
-67.238543757
-65.6737185526
-64.8790328115
-62.4906783438
-61.3079763851
-59.8880908755
-59.3732232073
-59.4185284994
-59.7984273914
-60.3664191469
-61.0283335619
-61.7245377589
-62.4181090185
-63.0869814736
-63.7187388975
-64.307168722
-64.8499876592
-65.3473460996
-62.8486315425
-62.587692652
-62.6782062293
-60.8943322387
-60.127530103
-58.997207791
-58.6857741441
-59.7882633226
-60.0864443486
-57.8966023183
-56.9861436894
-56.8736637225
-55.1614783556
-54.6287845236
0
-70.0
-70.0
-70.0
-70.0
-69.3900809873
-69.0444602135
-68.8689390754
-68.8013284234
-67.8885092466
-67.4112007656
-67.2111089848
-68.1835658572
-68.8275877854
-69.2530813495
-69.5332747763
-66.7599751261
-65.2039961651
-63.6986088805
-63.0054228803
-61.8342248708
-61.0703652361
-60.5763706141
-60.5940948204
-60.3627039613
-60.5451126471
-60.4141652148
-60.6551245816
-61.1111960489
-58.0526620907
-56.6157863127
-56.1998013022
-56.4102169191
-56.9894590587
-57.7706890404
-58.6470707281
-56.7655372581
-56.0777659341
-56.1291776086
-57.6221848739
-59.2639164039
-60.6068247751
-60.7308138698
-61.1141801976
-61.6403939877
-62.2347757955
-63.7624541918
-64.3519999993
-64.8939941505
-65.3893908362
-66.5440195235
-67.351996085
-64.9705783049
-63.7093750266
-62.2208682223
-61.5870685322
-62.399428272
-63.1401965067
-63.813317564
-64.4234129463
-64.9753564107
-62.5920049757
-61.4089272822
-60.9854497566
-61.0318482494
-58.9841393261
-58.122709328
-58.0017610181
-58.3291333316
-58.9145856087
-59.6353707879
-60.4133295359
-61.1996604668
-61.9648036765
-62.6917294797
-63.371493979
-65.0000021506
-66.1437736486
-66.9585774257
-67.5488404445
-67.9847035743
-68.3133979996
-68.5668347216
-68.7666689307
-68.9276804918
-69.060031412
-68.1707765683
-67.6981977764
-64.5326655277
-61.8292655364
-58.6907890969
-57.1846769299
-56.7081870654
-56.8653535779
-57.3974750328
-55.5675160064
-54.9506233904
-55.0821337077
-55.6583021079
-56.4820597444
-57.4269123348
-58.4129268112
-59.3907712701
-60.331118903
-61.2176235194
-62.0422721718
-62.8023189576
-63.4982697305
-64.1325645365
-61.7598831618
-59.6246197738
-58.6893077486
-58.5051436085
-58.7778070041
-59.3154781414
-59.9942315524
-60.7350092139
-62.4883087767
-63.7906782218
-61.8970716482
-61.0310053157
-60.8103320057
-60.9842502862
-61.3891262449
-62.8605532819
-63.9813910613
-64.8545140269
-65.5499040054
-66.1154745256
-66.5843010203
-66.9794535497
-67.317229949
-67.609321457
-67.8642656465
-65.1362052207
-63.6614954578
-62.9879530848
-62.8175625582
-62.9547428236
-63.2718928887
-63.6864531648
-64.1456408917
-63.6162988321
