-62.0
-57.4666666667
-55.1644444444
-54.2776296296
-54.2696197531
-54.7891598354
-63.5579118903
-70.0
-70.0
-70.0
-70.0
-70.0
-70.0
-66.2164609053
-64.0724554184
-62.9836369456
-62.5642246304
-62.5604364203
-62.8061489468
-63.1933714979
-63.8014365433
-65.8639666759
-70.0
-70.0
-70.0
-70.0
-70.0
-70.0
-70.0
-70.0
-70.0
-70.0
-70.0
-70.0
-70.0
-70.0
-70.0
-70.0
-70.0
-70.0
-70.0
-70.0
-70.0
-70.0
-70.0
-70.0
-70.0
-70.0
-70.0
-70.0
-70.0
-70.0
-70.0
-70.0
-70.0
-70.0
-70.0
-70.0
-70.0
-70.0
-70.0
-70.0
-70.0
-70.0
-70.0
-70.0
-70.0
-70.0
-70.0
-70.0
-70.0
-70.0
-70.0
-70.0
-70.0
-70.0
-70.0
-70.0
-70.0
-70.0
-70.0
-70.0
-70.0
-70.0
-70.0
-70.0
-70.0
-70.0
-70.0
-70.0
-70.0
-62.31939124
-58.11902744
-70.0
-70.0
-70.0
-70.0
-70.0
-70.0
-70.0
-70.0
-70.0
-70.0
-70.0
-62.986306559
-59.0118802757
-56.9934951632
-56.3678479967
-59.9785575781
-70.0
-70.0
-70.0
-70.0
-70.0
-70.0
-70.0
-70.0
-63.6603667013
-60.0679078321
-58.2435022495
-57.5407421583
-57.5343946982
-65.1938006421
-70.0
-70.0
-70.0
-70.0
-70.0
-70.0
-70.0
-65.104351166
-62.33015016
-60.9212912178
-60.3785994785
-60.3736977857
-60.6916335105
-61.1926738283
-62.0946351358
-70.0
-70.0
-70.0
-70.0
-70.0
-70.0
-70.0
-70.0
-70.0
-70.0
-70.0
-70.0
-70.0
-70.0
-70.0
-70.0
-70.0
-70.0
-70.0
-70.0
-70.0
-70.0
-70.0
-70.0
-70.0
-70.0
-70.0
-70.0
-70.0
-70.0
-70.0
-70.0
-70.0
-70.0
-70.0
-70.0
-70.0
-70.0
-70.0
-70.0
-70.0
-70.0
-70.0
-70.0
-62.3773245948
-58.3724100949
-66.8147840825
-70.0
-70.0
-70.0
-70.0
-70.0
-70.0
-70.0
-70.0
-70.0
-70.0
-62.3669569639
-58.0415659101
-60.0827422957
-70.0
-70.0
-70.0
-70.0
-70.0
-70.0
-70.0
-70.0
-70.0
-70.0
-63.0539978662
-59.1179299903
-57.1190249318
-56.3490477323
-56.5013619063
-70.0
-70.0
-70.0
-70.0
-70.0
-70.0
-70.0
-70.0
-65.3496131687
-62.7143939643
-61.3761159762
-60.8606119841
-60.8559558561
-61.1579636507
-61.6339028725
-63.1578664105
-70.0
-70.0
-70.0
-70.0
-70.0
-70.0
-70.0
-70.0
-70.0
-70.0
-70.0
-70.0
-70.0
-70.0
-70.0
-70.0
-70.0
-70.0
-65.5351905673
-63.2624189259
-62.1233419768
-61.7024510748
-61.7265014978
-62.0167150349
-62.4569526561
-62.9725301402
-70.0
-70.0
-70.0
-70.0
-70.0
-68.3123753666
-67.356054741
-66.8703938743
-66.6833175585
-66.6816278503
-66.7912264304
-66.9639446975
-67.1687775012
-67.3860512666
-68.2459284947
-70.0
-70.0
-70.0
-70.0
-70.0
-70.0
-70.0
-70.0
-70.0
-70.0
-70.0
-70.0
-70.0
-70.0
-70.0
-70.0
-70.0
-70.0
-70.0
-70.0
-70.0
-70.0
-70.0
-70.0
-70.0
-70.0
-70.0
-70.0
-70.0
-62.44103713
-59.9303740096
-61.9541937025
-70.0
-70.0
-70.0
-70.0
-70.0
-70.0
-70.0
-70.0
-70.0
-70.0
-63.0004962658
-59.0341108164
-57.0198091863
-56.2439012353
-57.2134558218
-70.0
-70.0
-70.0
-70.0
-70.0
-70.0
-70.0
-70.0
-65.1424663923
-62.3898640146
-60.9919737875
-60.4535071917
-60.4486436611
-60.7641040874
-61.2612435403
-62.6696464728
-70.0
-70.0
-70.0
-70.0
-70.0
-70.0
-70.0
-70.0
-70.0
-70.0
-70.0
-70.0
-70.0
-70.0
-70.0
-70.0
-70.0
-70.0
-70.0
-70.0
-70.0
-70.0
-70.0
-70.0
-70.0
-70.0
-70.0
-70.0
-70.0
-70.0
-70.0
-70.0
-70.0
-70.0
-70.0
-70.0
-70.0
-70.0
-70.0
-70.0
-70.0
-70.0
-70.0
-70.0
-62.3620560216
-70.0
-70.0
-70.0
-70.0
-70.0
-70.0
-70.0
-70.0
-70.0
-70.0
-70.0
-70.0
-62.5232860844
-58.2864815323
-56.4698420992
-66.0532858568
-70.0
-70.0
-70.0
-70.0
-70.0
-70.0
-70.0
-70.0
-70.0
-63.5696082914
-59.9257196566
-58.0751958204
-57.3623749914
-57.3559366609
-57.9462808231
-62.3392490379
-70.0
-70.0
-70.0
-70.0
-70.0
-70.0
-67.061026749
-65.3956085734
-64.5498373823
-64.2240467548
-64.2211041532
-64.4119684538
-64.7127547524
-65.0694680398
-66.7840317857
-68.0856134583
-70.0
-70.0
-70.0
-70.0
-70.0
-70.0
-70.0
-70.0
-70.0
-70.0
-70.0
-70.0
-70.0
-70.0
-70.0
-70.0
-70.0
-70.0
-70.0
-70.0
-70.0
-70.0
-70.0
-70.0
-70.0
-70.0
-70.0
-70.0
-70.0
-62.3272792276
-58.1461150695
-61.7106227314
-70.0
-70.0
-70.0
-70.0
-70.0
-70.0
-70.0
-70.0
-70.0
-70.0
-63.1465496113
-59.2629277244
-57.2906570015
-56.5309393343
-56.5240774229
-61.5372985051
-70.0
-70.0
-70.0
-70.0
-70.0
-70.0
-70.0
-65.6857064472
-63.2409401006
-61.9993822893
-61.5211348595
-61.5168152397
-61.7969962931
-62.2385383821
-62.9315542389
-64.7811168393
-70.0
-70.0
-70.0
-70.0
-70.0
-70.0
-70.0
-70.0
-70.0
-70.0
-70.0
-70.0
-70.0
-70.0
-70.0
-70.0
-70.0
-70.0
-70.0
-70.0
-70.0
-70.0
-70.0
-70.0
-70.0
-70.0
-70.0
-70.0
-70.0
-70.0
-62.362174962
-58.2045061509
-70.0
-70.0
-70.0
-70.0
-70.0
-70.0
-70.0
-70.0
-70.0
-70.0
-70.0
-62.9177535945
-58.9044806313
-56.8663674991
-56.0812873698
-56.9516388659
-70.0
-70.0
-70.0
-70.0
-70.0
-70.0
-70.0
-70.0
-64.6792373114
-61.6641384545
-60.1329411919
-59.5431247946
-59.5377974631
-59.8833411487
-60.6005482435
-66.5328485341
-70.0
-70.0
-70.0
-70.0
-70.0
-70.0
-70.0
-70.0
-70.0
-70.0
-70.0
-70.0
-70.0
-70.0
-70.0
-70.0
-70.0
-70.0
-70.0
-70.0
-70.0
-70.0
-70.0
-70.0
-70.0
-70.0
-70.0
-70.0
-70.0
-70.0
-70.0
-68.448317989
-70.0
-70.0
-70.0
-70.0
-70.0
-70.0
-70.0
-70.0
-70.0
-70.0
-70.0
-70.0
-62.455132788
-58.1797080346
-56.1833602753
-56.687268758
-70.0
-70.0
-70.0
-70.0
-70.0
-70.0
-70.0
-70.0
-70.0
-64.1652455418
-60.8588846822
-59.1797720104
-58.5329786736
-58.5271367157
-58.9060603171
-59.6795924866
-70.0
-70.0
-70.0
-70.0
-70.0
-70.0
-68.259617284
-67.2734004115
-66.772556941
-66.579632294
-66.5778897627
-66.6909145851
-66.8690323257
-67.0802685593
-67.4807146999
-70.0
-70.0
-70.0
-70.0
-70.0
-70.0
-70.0
-70.0
-70.0
-70.0
-70.0
-70.0
-70.0
-70.0
-70.0
-70.0
-70.0
-70.0
-70.0
-70.0
-70.0
-70.0
-70.0
-70.0
-70.0
-70.0
-70.0
-70.0
-70.0
-70.0
-62.3456897906
-58.0082473386
-56.1639486058
-70.0
-70.0
-70.0
-70.0
-70.0
-70.0
-70.0
-70.0
-70.0
-70.0
-63.4408010974
-59.7239217193
-57.8363300351
-57.10923069
-57.1026633934
-57.8957459356
-70.0
-70.0
-70.0
-70.0
-70.0
-70.0
-70.0
-66.131388203
-63.9391748514
-62.8258743454
-62.3970315636
-62.3931581757
-62.6443955371
-63.0403247694
-63.6899725997
-65.202139232
-70.0
-70.0
-70.0
-70.0
-70.0
-70.0
-70.0
-70.0
-70.0
-70.0
-70.0
-70.0
-70.0
-70.0
-70.0
-70.0
-70.0
-70.0
-70.0
-70.0
-70.0
-70.0
-70.0
-70.0
-70.0
-70.0
-70.0
-70.0
-70.0
-70.0
-62.3715767442
-60.3876533863
-70.0
-70.0
-70.0
-70.0
-70.0
-70.0
-70.0
-70.0
-70.0
-70.0
-70.0
-62.7020940575
-58.5666140234
-56.4664388688
-55.6574524804
-56.7602725243
-70.0
-70.0
-70.0
-70.0
-70.0
-70.0
-70.0
-70.0
-65.990436214
-63.7183500686
-62.5644867124
-62.1200191416
-62.1160046277
-62.3763957652
-62.7867505888
-63.6403443358
-70.0
-70.0
-70.0
-70.0
-70.0
-70.0
-70.0
-70.0
-70.0
-70.0
-70.0
-70.0
-70.0
-70.0
-70.0
-70.0
-70.0
-70.0
-70.0
-70.0
-70.0
-70.0
-70.0
-70.0
-70.0
-70.0
-70.0
-70.0
-70.0
-70.0
-70.0
-63.4079672709
-70.0
-70.0
-70.0
-70.0
-70.0
-70.0
-70.0
-70.0
-70.0
-70.0
-70.0
-70.0
-62.6341999808
-58.4602466366
-56.3405330755
-55.7085927171
-70.0
-70.0
-70.0
-70.0
-70.0
-70.0
-70.0
-70.0
-70.0
-63.4984938471
-59.8143070272
-57.9433180343
-57.2226140374
-57.2161045047
-57.8248690703
-59.3615116385
-70.0
-70.0
-70.0
-70.0
-70.0
-70.0
-69.663808642
-69.4733002058
-69.3765518038
-69.3392843692
-69.3389477628
-69.3607808735
-69.3951880442
-69.4359927451
-69.4792758075
-69.522603118
-70.0
-70.0
-70.0
-70.0
-70.0
-70.0
-70.0
-70.0
-70.0
-70.0
-70.0
-70.0
-70.0
-70.0
-70.0
-70.0
-70.0
-70.0
-70.0
-70.0
-70.0
-70.0
-70.0
-70.0
-70.0
-70.0
-70.0
-70.0
-70.0
-62.3146112871
-57.9595576832
-60.2160230604
-70.0
-70.0
-70.0
-70.0
-70.0
-70.0
-70.0
-70.0
-70.0
-70.0
-63.2246393334
-59.385268289
-57.4354700528
-56.6844087759
-56.8678962176
-58.7611602541
-70.0
-70.0
-70.0
-70.0
-70.0
-70.0
-70.0
-66.7125048011
-64.8495908551
-63.9035227923
-63.5390978615
-63.5358063077
-63.7493044984
-64.0857599296
-64.484774524
-65.0978000998
-70.0
-70.0
-70.0
-70.0
-70.0
-70.0
-70.0
-70.0
-70.0
-70.0
-70.0
-70.0
-70.0
-70.0
-70.0
-70.0
-70.0
-70.0
-70.0
-70.0
-70.0
-70.0
-70.0
-70.0
-70.0
-70.0
-70.0
-70.0
-70.0
-70.0
-62.2744680068
-58.2831780486
-70.0
-70.0
-70.0
-70.0
-70.0
-70.0
-70.0
-70.0
-70.0
-70.0
-70.0
-63.1874702027
-59.3270366509
-57.3665419648
-56.611360421
-56.6045394807
-70.0
-70.0
-70.0
-70.0
-70.0
-70.0
-70.0
-70.0
-64.2590603301
-61.0058611838
-59.3537463233
-58.7173525295
-58.7116045023
-59.0844355358
-59.6719863048
-60.7712019282
-70.0
-70.0
-70.0
-70.0
-70.0
-70.0
-70.0
-70.0
-70.0
-70.0
-70.0
-70.0
-70.0
-70.0
-70.0
-70.0
-70.0
-70.0
-70.0
-70.0
-70.0
-70.0
-70.0
-70.0
-70.0
-70.0
-70.0
-70.0
-70.0
-70.0
-70.0
-62.2499680378
-70.0
-70.0
-70.0
-70.0
-70.0
-70.0
-70.0
-70.0
-70.0
-70.0
-70.0
-70.0
-62.7078373554
-58.5756118568
-56.4770894958
-55.8657262465
-70.0
-70.0
-70.0
-70.0
-70.0
-70.0
-70.0
-70.0
-70.0
-64.0398847737
-60.6624861454
-58.9472974303
-58.2866076202
-58.2806401468
-58.6677049912
-59.6757234647
-70.0
-70.0
-70.0
-70.0
-70.0
-70.0
-69.4700082305
-69.169679561
-69.0171597074
-68.9584091382
-68.9578784922
-68.9922974881
-69.0465389694
-69.1108658925
-69.17909985
-69.4446217277
-70.0
-70.0
-70.0
-70.0
-70.0
-70.0
-70.0
-70.0
-70.0
-70.0
-70.0
-70.0
-70.0
-70.0
-70.0
-70.0
-70.0
-70.0
-70.0
-70.0
-70.0
-70.0
-70.0
-70.0
-70.0
-70.0
-70.0
-70.0
-70.0
-62.5126105664
-58.269756554
-56.1150522614
-70.0
-70.0
-70.0
-70.0
-70.0
-70.0
-70.0
-70.0
-70.0
-70.0
-63.9295326932
-60.4896012193
-58.7426556277
-58.0697330851
-58.0636551234
-58.4578865089
-70.0
-70.0
-70.0
-70.0
-70.0
-70.0
-70.0
-65.7381923851
-63.32316807
-62.0967145453
-61.6242852789
-61.6200182098
-61.8967906947
-62.3329611625
-62.8502314044
-64.8215767907
-70.0
-70.0
-70.0
-70.0
-70.0
-70.0
-70.0
-70.0
-70.0
-70.0
-70.0
-70.0
-70.0
-70.0
-70.0
-70.0
-70.0
-70.0
-70.0
-70.0
-70.0
-70.0
-70.0
-70.0
-70.0
-70.0
-70.0
-70.0
-70.0
-70.0
-62.3011675401
-58.1409292946
-70.0
-70.0
-70.0
-70.0
-70.0
-70.0
-70.0
-70.0
-70.0
-70.0
-70.0
-63.0751978865
-59.1511433555
-57.1583391917
-56.3907120538
-56.3837787025
-70.0
-70.0
-70.0
-70.0
-70.0
-70.0
-70.0
-70.0
-65.5691111111
-63.0582740741
-61.783162716
-61.2919904774
-61.2875541182
-61.5753071655
-62.0287820883
-62.5665743058
-70.0
-70.0
-70.0
-70.0
-70.0
-70.0
-70.0
-70.0
-70.0
-70.0
-70.0
-70.0
-70.0
-70.0
-70.0
-70.0
-70.0
-70.0
-70.0
-70.0
-70.0
-70.0
-70.0
-70.0
-70.0
-70.0
-70.0
-70.0
-70.0
-70.0
-70.0
-62.566083045
-70.0
-70.0
-70.0
-70.0
-70.0
-70.0
-70.0
-70.0
-70.0
-70.0
-70.0
-70.0
-62.5046968072
-58.2573583313
-56.1003766348
-55.9147812795
-70.0
-70.0
-70.0
-70.0
-70.0
-70.0
-70.0
-70.0
-70.0
-65.0715720165
-62.2787961591
-60.8605041061
-60.3141787374
-60.3092442249
-60.62930871
-61.1337037773
-62.5895770282
-70.0
-70.0
-70.0
-70.0
-70.0
-70.0
-70.0
-70.0
-70.0
-70.0
-70.0
-70.0
-70.0
-70.0
-70.0
-70.0
-70.0
-70.0
-70.0
-70.0
-70.0
-70.0
-70.0
-70.0
-70.0
-70.0
-70.0
-70.0
-70.0
-70.0
-70.0
-70.0
-70.0
-70.0
-70.0
-70.0
-70.0
-70.0
-70.0
-70.0
-70.0
-70.0
-70.0
-70.0
-62.4448214603
-58.1635536211
-55.9893411303
-70.0
-70.0
-70.0
-70.0
-70.0
-70.0
-70.0
-70.0
-70.0
-70.0
-63.0491037624
-59.1102625612
-57.1099490883
-56.3394293684
-56.3324698908
-57.0025032686
-70.0
-70.0
-70.0
-70.0
-70.0
-70.0
-70.0
-67.5283621399
-66.1277673525
-65.4164849017
-65.1424992678
-65.1400245785
-65.3005389457
-65.5534962678
-65.8534874521
-66.1716992477
-70.0
-70.0
-70.0
-70.0
-70.0
-70.0
-70.0
-70.0
-70.0
-70.0
-70.0
-70.0
-70.0
-70.0
-70.0
-70.0
-70.0
-70.0
-70.0
-70.0
-70.0
-70.0
-70.0
-70.0
-70.0
-70.0
-70.0
-70.0
-70.0
-70.0
-62.2868226905
-58.1279316256
-70.0
-70.0
-70.0
-70.0
-70.0
-70.0
-70.0
-70.0
-70.0
-70.0
-70.0
-62.7348773003
-58.6179744372
-56.5272335714
-55.7218812662
-55.9283749763
-70.0
-70.0
-70.0
-70.0
-70.0
-70.0
-70.0
-70.0
-65.5706922725
-63.0607512269
-61.786094892
-61.295097928
-61.290663152
-61.5783135147
-62.0316266151
-62.7820736957
-70.0
-70.0
-70.0
-70.0
-70.0
-70.0
-70.0
-70.0
-70.0
-70.0
-70.0
-70.0
-70.0
-70.0
-70.0
-70.0
-70.0
-70.0
-70.0
-70.0
-70.0
-70.0
-70.0
-70.0
-70.0
-70.0
-70.0
-70.0
-70.0
-70.0
-70.0
-62.2175668343
-70.0
-70.0
-70.0
-70.0
-70.0
-70.0
-70.0
-70.0
-70.0
-70.0
-70.0
-70.0
-62.5971995145
-58.4022792394
-56.2719177664
-55.6669437658
-70.0
-70.0
-70.0
-70.0
-70.0
-70.0
-70.0
-70.0
-70.0
-63.7492395912
-60.2071420262
-58.4083120863
-57.7154037195
-57.7091452421
-58.1150853143
-59.2080965225
-70.0
-70.0
-70.0
-70.0
-70.0
-70.0
-68.0840009468
-66.99826815
-66.4468862002
-66.234494157
-66.2325757925
-66.3570055808
-66.553096601
-66.7856479931
-67.0323238953
-67.4960069299
-70.0
-70.0
-70.0
-70.0
-70.0
-70.0
-70.0
-70.0
-70.0
-70.0
-70.0
-70.0
-70.0
-70.0
-70.0
-70.0
-62.402680382
-70.0
-70.0
-70.0
-70.0
-70.0
-70.0
-70.0
-70.0
-70.0
-70.0
-70.0
-70.0
-62.682599107
-58.5360719342
-56.4302865661
-55.6191391264
-70.0
-70.0
-70.0
-70.0
-70.0
-70.0
-70.0
-70.0
-70.0
-63.6922002378
-60.1177803725
-58.3025357743
-57.6033044895
-57.5969889023
-58.0066332533
-61.4989048106
-70.0
-70.0
-70.0
-70.0
-70.0
-70.0
-67.8782801751
-66.6759722743
-66.0653884581
-65.8301918864
-65.8280675471
-65.9658573587
-66.183002667
-66.4405230964
-66.7136845842
-70.0
-70.0
-70.0
-70.0
-70.0
-70.0
-70.0
-70.0
-70.0
-70.0
-70.0
-70.0
-70.0
-70.0
-70.0
-70.0
-70.0
-70.0
-70.0
-70.0
-70.0
-70.0
-70.0
-70.0
-70.0
-70.0
-70.0
-70.0
-70.0
-70.0
-62.3662485356
-58.0404560391
-63.084158362
-70.0
-70.0
-70.0
-70.0
-70.0
-70.0
-70.0
-70.0
-70.0
-70.0
-63.3078258396
-59.5155938153
-57.5897348069
-56.8478949083
-56.8411944722
-58.6072401827
-70.0
-70.0
-70.0
-70.0
-70.0
-70.0
-70.0
-66.0840626121
-63.8650314256
-62.7381116662
-62.304022755
-62.3001019831
-62.5544127872
-62.9551855101
-63.4304762935
-66.3595812284
-70.0
-70.0
-70.0
-70.0
-70.0
-70.0
-70.0
-70.0
-70.0
-70.0
-70.0
-70.0
-70.0
-70.0
-70.0
-70.0
-70.0
-70.0
-70.0
-70.0
-70.0
-70.0
-70.0
-70.0
-70.0
-70.0
-70.0
-70.0
-70.0
-70.0
-62.2344228014
-66.4806664908
-70.0
-70.0
-70.0
-70.0
-70.0
-70.0
-70.0
-70.0
-70.0
-70.0
-70.0
-62.8754047655
-58.8381341327
-56.7878339485
-55.9980593731
-56.2395010722
-70.0
-70.0
-70.0
-70.0
-70.0
-70.0
-70.0
-70.0
-65.3183795153
-62.6654612407
-61.3181949012
-60.7992286008
-60.7945412005
-61.098577387
-61.577713186
-62.1459375592
-70.0
-70.0
-70.0
-70.0
-70.0
-70.0
-70.0
-70.0
-70.0
-70.0
-70.0
-70.0
-70.0
-70.0
-70.0
-70.0
-70.0
-70.0
-70.0
-70.0
-70.0
-70.0
-70.0
-70.0
-70.0
-70.0
-70.0
-70.0
-70.0
-70.0
-70.0
-62.1981095856
-70.0
-70.0
-70.0
-70.0
-70.0
-70.0
-70.0
-70.0
-70.0
-70.0
-70.0
-70.0
-62.8292730444
-58.7658611029
-56.7022852346
-55.9073968724
-70.0
-70.0
-70.0
-70.0
-70.0
-70.0
-70.0
-70.0
-70.0
-64.7810553269
-61.8236533455
-60.3217570452
-59.7432273634
-59.7380019756
-60.0769333438
-60.6110610532
-67.3880314972
-70.0
-70.0
-70.0
-70.0
-70.0
-68.4856614698
-67.6275363027
-67.1917433257
-67.0238760953
-67.0223598872
-67.1207048328
-67.2756883057
-67.4594887793
-67.6544527708
-67.8496160733
-70.0
-70.0
-70.0
-70.0
-70.0
-70.0
-70.0
-70.0
-70.0
-70.0
-70.0
-70.0
-70.0
-70.0
-70.0
-70.0
-70.0
-70.0
-70.0
-70.0
-70.0
-70.0
-70.0
-70.0
-70.0
-70.0
-70.0
-70.0
-70.0
-62.4102614529
-58.1094096096
-56.1558145852
-70.0
-70.0
-70.0
-70.0
-70.0
-70.0
-70.0
-70.0
-70.0
-70.0
-63.8508641975
-60.3663539095
-58.596769273
-57.915126182
-57.9089694547
-58.3083097698
-68.8026255452
-70.0
-70.0
-70.0
-70.0
-70.0
-70.0
-68.5744444444
-67.7666296296
-67.3563864198
-67.1983609465
-67.196933631
-67.2895127873
-67.4354098549
-67.6084344336
-67.791968033
-70.0
-70.0
-70.0
-70.0
-70.0
-70.0
-70.0
-70.0
-70.0
-70.0
-70.0
-70.0
-70.0
-70.0
-70.0
-70.0
-70.0
-70.0
-70.0
-70.0
-70.0
-70.0
-70.0
-70.0
-70.0
-70.0
-70.0
-70.0
-70.0
-70.0
-62.3047016796
-57.9440326314
-70.0
-70.0
-70.0
-70.0
-70.0
-70.0
-70.0
-70.0
-70.0
-70.0
-70.0
-62.7690962915
-58.67158419
-56.5906907895
-55.7891317228
-56.7370482852
-70.0
-70.0
-70.0
-70.0
-70.0
-70.0
-70.0
-70.0
-66.1908203018
-64.0322851395
-62.9360878708
-62.5138332472
-62.5100193648
-62.7573970565
-63.1472437697
-63.6095770053
-65.9372991145
-70.0
-70.0
-70.0
-70.0
-70.0
-70.0
-70.0
-70.0
-70.0
-70.0
-70.0
-70.0
-70.0
-70.0
-70.0
-70.0
-70.0
-70.0
-70.0
-70.0
-70.0
-70.0
-70.0
-70.0
-70.0
-70.0
-70.0
-70.0
-70.0
-70.0
-62.522947462
-58.2859510238
-56.1342214601
-55.5425851129
-70.0
-70.0
-70.0
-70.0
-70.0
-70.0
-70.0
-70.0
-70.0
-64.3842560585
-61.2020011584
-59.5859148463
-58.9633992309
-58.9577765539
-59.3224770626
-60.134489331
-70.0
-70.0
-70.0
-70.0
-70.0
-70.0
-69.999973251
-69.9999580933
-69.9999503955
-69.9999474303
-69.9999474036
-69.9999491407
-69.9999518783
-69.9999551249
-69.9999585687
-69.9999620161
-70.0
-70.0
-70.0
-70.0
-70.0
-70.0
-70.0
-70.0
-70.0
-70.0
-70.0
-70.0
-70.0
-70.0
-70.0
-70.0
-70.0
-70.0
-70.0
-70.0
-70.0
-70.0
-70.0
-70.0
-70.0
-70.0
-70.0
-70.0
-70.0
-62.3548281189
-58.022564053
-55.8224534784
-70.0
-70.0
-70.0
-70.0
-70.0
-70.0
-70.0
-70.0
-70.0
-70.0
-63.8359323274
-60.3429606462
-58.5690789493
-57.8857806329
-57.8796089553
-58.2799189835
-61.8083693933
-70.0
-70.0
-70.0
-70.0
-70.0
-70.0
-69.2206872428
-68.7790766804
-68.5548077869
-68.4684195246
-68.4676392497
-68.5182497765
-68.5980077667
-68.6925956352
-68.7929285018
-69.1332892523
-70.0
