-70.0
-70.0
-70.0
-69.0
-61.4333333333
-57.1788888889
-55.0535925926
-54.2766283951
-56.6730622634
-62.2486953374
-69.972952004
-70.0
-67.8168981481
-66.5798070988
-65.9515588992
-65.7095580161
-65.7073722191
-65.8491483336
-59.6871161908
-57.0064096989
-59.5546195393
-69.4128426977
-70.0
-70.0
-70.0
-70.0
-70.0
-70.0
-70.0
-70.0
-70.0
-70.0
-70.0
-70.0
-70.0
-70.0
-70.0
-70.0
-70.0
-70.0
-70.0
-70.0
-70.0
-70.0
-70.0
-70.0
-70.0
-70.0
-70.0
-69.5464871328
-70.0
-70.0
-70.0
-70.0
-70.0
-70.0
-70.0
-70.0
-63.6887618806
-60.112393613
-58.2961595319
-57.5965470989
-60.8547942789
-70.0
-70.0
-70.0
-70.0
-70.0
-70.0
-70.0
-70.0
-70.0
-70.0
-70.0
-70.0
-70.0
-63.2954564151
-62.6912967113
-70.0
-70.0
-70.0
-70.0
-70.0
-70.0
-70.0
-70.0
-70.0
-70.0
-70.0
-70.0
-70.0
-70.0
-70.0
-70.0
-70.0
-70.0
-70.0
-70.0
-70.0
-64.4171102202
-58.920139345
-55.9912855084
-54.7009303561
-54.4366862529
0
-70.0
-70.0
-70.0
-70.0
-70.0
-70.0
-70.0
-67.3914764777
-65.9133131484
-65.8663417496
-65.9759475187
-66.1758460628
-67.1269606909
-69.3562505309
-70.0
-70.0
-70.0
-70.0
-67.6605319105
-66.3348333264
-65.6615863985
-65.4022520284
-66.3121181769
-65.9809724751
-65.9162526383
-66.0135456482
-59.4779323621
-54.0542009618
0
-70.0
-70.0
-70.0
-70.0
-70.0
-70.0
-70.0
-70.0
-70.0
-70.0
-70.0
-70.0
-70.0
-70.0
-70.0
-70.0
-70.0
-70.0
-70.0
-70.0
-70.0
-70.0
-63.9718517726
-60.5559011103
-58.8211340093
-57.3721517546
-59.9384583766
-67.3061439381
-70.0
-70.0
-70.0
-66.8392448979
-65.0481503401
-60.2496663718
-57.6955871118
-56.573286652
-56.3474634878
-56.6670541397
-57.3032400594
-58.8163839506
-63.6142592749
-70.0
-70.0
-70.0
-70.0
-70.0
-70.0
-70.0
-70.0
-70.0
-70.0
-70.0
-70.0
-70.0
-70.0
-70.0
-70.0
-70.0
-70.0
-70.0
-70.0
-70.0
-70.0
-70.0
-70.0
-70.0
-63.3874338239
-60.6387905519
-59.3016449037
-58.5328904673
-64.3282965883
-70.0
-70.0
-70.0
-70.0
-70.0
-70.0
-70.0
-70.0
-70.0
-70.0
-70.0
-70.0
-70.0
-70.0
-70.0
-70.0
-70.0
-70.0
-70.0
-70.0
-70.0
-70.0
-70.0
-70.0
-70.0
-70.0
-70.0
-70.0
-70.0
-70.0
-67.1378088497
-65.5159005311
-60.8033366334
-58.2823537404
-57.1603522132
-56.8007938435
-57.0250323603
-57.8268150951
-61.9332321503
-70.0
-70.0
-70.0
-70.0
-70.0
-70.0
-66.8045657101
-64.9938196125
-64.0742446335
-63.720024825
-62.7202509331
-62.3630449002
-62.7892032315
-67.7204646307
-70.0
-70.0
-70.0
-70.0
-70.0
-70.0
-70.0
-70.0
-70.0
-63.7770261405
-60.2506742868
-58.4598406984
-57.7700125221
-65.0993503515
-70.0
-70.0
-70.0
-70.0
-70.0
-70.0
-70.0
-64.8145905038
-61.8761917893
-60.3839461676
-59.8091339224
-54.1866581605
0
-70.0
-70.0
-70.0
-70.0
-70.0
-70.0
-70.0
-70.0
-68.1287343092
-66.0683511045
-64.9631761449
-64.4679652976
-64.355239946
-64.4757634035
-64.7322186978
-65.978541704
-70.0
-70.0
-70.0
-70.0
-70.0
-70.0
-69.964254702
-70.0
-70.0
-70.0
-63.6729168461
-60.0875697255
-58.7030878655
-61.2195385855
-69.662590179
-70.0
-70.0
-70.0
-66.121394114
-63.9235174452
-62.8073408624
-62.3773902174
-56.7562228725
0
-70.0
-70.0
-70.0
-70.0
-70.0
-70.0
-70.0
-70.0
-70.0
-70.0
-70.0
-70.0
-70.0
-70.0
-69.9614065127
-70.0
-70.0
-70.0
-70.0
-70.0
-70.0
-70.0
-64.6940681077
-61.6873733688
-60.1604440798
-54.6463457778
0
-70.0
-70.0
-70.0
-70.0
-70.0
-70.0
-70.0
-70.0
-70.0
-70.0
-70.0
-70.0
-70.0
-70.0
-70.0
-70.0
-70.0
-70.0
-70.0
-70.0
-70.0
-70.0
-70.0
-70.0
-70.0
-70.0
-70.0
-70.0
-63.6638776416
-61.9258599182
-65.7369271739
-70.0
-70.0
-70.0
-67.0814598478
-65.4276204282
-64.5877294289
-64.2642038483
-58.6439977544
-56.6504068195
-55.8992386979
-55.9185632017
0
-70.0
-70.0
-70.0
-70.0
-70.0
-70.0
-70.0
-65.6952837509
-63.2559445431
-61.0174435957
-59.973761574
-59.6817603086
-61.2173545389
-65.1645480121
-70.0
-70.0
-70.0
-70.0
-70.0
-70.0
-64.9682513401
-62.1169270994
-60.6689016518
-60.1111229948
-60.1060850341
-60.4328594232
-62.7356811126
-63.5082611764
-69.0124473988
-70.0
-70.0
-70.0
-70.0
-70.0
-70.0
-70.0
-63.6478481832
-60.048295487
-58.220287353
-57.5161395609
-57.7272757387
-62.3300499528
-70.0
-70.0
-70.0
-70.0
-70.0
-70.0
-70.0
-70.0
-70.0
-70.0
-70.0
-69.7540288019
-69.614645123
-69.5438600782
-70.0
-70.0
-70.0
-70.0
-70.0
-70.0
-70.0
-70.0
-70.0
-70.0
-70.0
-64.0819768289
-60.7284303652
-59.0253548082
-58.3693309804
-60.2268230702
-65.590949599
-70.0
-70.0
-70.0
-70.0
-70.0
-70.0
-70.0
-63.4712505711
-59.8420758601
-58.0031685048
-58.9895757176
-68.6132824735
-70.0
-70.0
-70.0
-70.0
-70.0
-70.0
-70.0
-70.0
-63.6147925478
-59.9965083249
-59.0854959313
-62.5926659072
-70.0
-70.0
-70.0
-70.0
-70.0
-70.0
-70.0
-70.0
-70.0
-70.0
-70.0
-70.0
-69.6573854758
-70.0
-70.0
-70.0
-70.0
-70.0
-67.9951894234
-67.6615992325
-67.5393918102
-68.1036431854
-68.8387392376
-69.3185055611
-69.6290818364
-68.8451330703
-68.413259375
-68.207026512
-70.0
-70.0
-70.0
-70.0
-70.0
-70.0
-68.2286037195
-67.2248124938
-63.8227296324
-61.9873889277
-61.1532715407
-60.9476920571
-61.1260879651
-61.5289225777
-63.2024756293
-68.404146858
-70.0
-70.0
-70.0
-70.0
-70.0
-70.0
-70.0
-64.660768221
-61.6352035463
-60.0986912899
-59.5068275597
0
-70.0
-70.0
-70.0
-70.0
-70.0
-70.0
-70.0
-70.0
-65.8046072611
-63.4272180423
-62.219877243
-61.7548101887
-61.7506096164
-62.0230689525
-62.4524422558
-64.3583613901
-70.0
-70.0
-70.0
-70.0
-70.0
-70.0
-70.0
-70.0
-70.0
-70.0
-70.0
-70.0
-70.0
-70.0
-70.0
-70.0
-70.0
-70.0
-70.0
-70.0
-70.0
-70.0
-70.0
-70.0
-70.0
-70.0
-70.0
-70.0
-70.0
-70.0
-70.0
-70.0
-70.0
-70.0
-70.0
-70.0
-70.0
-70.0
-70.0
-70.0
-70.0
-70.0
-70.0
-70.0
-70.0
-70.0
-70.0
-70.0
-70.0
-70.0
-70.0
-70.0
-70.0
-70.0
-70.0
-70.0
-70.0
-70.0
-70.0
-70.0
-70.0
-70.0
-70.0
-70.0
-70.0
-69.4079781263
-69.0724990645
-69.3573782782
-70.0
-70.0
-70.0
-70.0
-63.9020396599
-60.4465288005
-58.9035026006
-58.7990701231
-60.0164575153
-67.0408479169
-70.0
-70.0
-68.4906435247
-67.635341522
-67.2009822697
-67.0336673093
-61.4148721388
-58.3297659652
-56.8677100622
-56.4282195183
-56.8501670638
-61.2132874042
-70.0
-70.0
-70.0
-70.0
-70.0
-70.0
-70.0
-70.0
-64.0659188983
-60.7032729407
-58.9955762682
-57.4255638842
-57.1295328077
-54.8981790724
-57.0714529493
-60.4058340779
-63.1826723115
-65.4250935821
-66.923043225
-67.9243782366
-68.5943666357
-62.3163432168
-58.8056510582
-58.2905969849
-60.282374672
-69.8714046446
-70.0
-70.0
-70.0
-70.0
-70.0
-70.0
-70.0
-70.0
-70.0
-63.676868285
-60.0937603132
-54.4908895787
0
-70.0
-70.0
-70.0
-70.0
-70.0
-70.0
-70.0
-70.0
-65.7979774982
-63.4168314139
-62.2075827162
-61.7417807403
-56.1202895795
-55.9778870373
-62.9091502812
-70.0
-70.0
-70.0
-70.0
-70.0
-70.0
-70.0
-70.0
-70.0
-70.0
-70.0
-70.0
-70.0
-70.0
-70.0
-70.0
-70.0
-70.0
-70.0
-70.0
-70.0
-70.0
-70.0
-70.0
-70.0
-70.0
-70.0
-64.277118448
-65.873518323
-70.0
-70.0
-70.0
-70.0
-70.0
-70.0
-70.0
-70.0
-70.0
-63.2131626465
-58.8117325907
-56.5438168042
0
-70.0
-70.0
-70.0
-70.0
-70.0
-70.0
-70.0
-70.0
-70.0
-70.0
-70.0
-70.0
-70.0
-63.2608333646
-61.0465283842
-69.6280889827
-70.0
-70.0
-70.0
-70.0
-70.0
-70.0
-69.15602102
-68.6777662647
-68.4348878694
-68.3413312365
-67.5380170798
-67.1380946831
-67.8962421098
-70.0
-70.0
-70.0
-70.0
-70.0
-70.0
-70.0
-70.0
-70.0
-69.9804500766
-69.9693717867
-62.9651491536
-56.6637772686
0
-70.0
-70.0
-70.0
-70.0
-70.0
-70.0
-70.0
-70.0
-70.0
-63.4953366503
-59.8093607521
-57.2337594844
-58.6461348434
-66.5891132407
-70.0
-70.0
-70.0
-70.0
-70.0
-64.443266252
-61.2944504615
-59.6953459719
-59.0793717456
-59.0738081517
-59.4346763903
-56.9020607366
-62.6828773639
-69.9192068992
-70.0
-70.0
-67.5209506603
-63.7828227011
-61.7471851689
-60.8008964773
-60.5397600464
-60.6984195197
-60.1037074884
-60.0767566867
-62.4596238235
-70.0
-70.0
-70.0
-70.0
-69.8527661155
-69.7693335809
-69.7269629408
-69.710641792
-70.0
-70.0
-70.0
-70.0
-70.0
-69.6642255571
-69.6918281002
-70.0
-70.0
-70.0
-70.0
-70.0
-70.0
-70.0
-70.0
-70.0
-70.0
-70.0
-70.0
-70.0
-70.0
-63.2414031744
-65.8380727913
-70.0
-70.0
-70.0
-70.0
-70.0
-70.0
-70.0
-70.0
-70.0
-70.0
-63.5113348491
-59.8344245969
-57.967130959
-58.8534612197
-61.6025347942
-70.0
-70.0
-70.0
-70.0
-70.0
-70.0
-70.0
-65.1058844834
-59.999219024
-57.2685791142
0
-70.0
-70.0
-70.0
-70.0
-70.0
-70.0
-70.0
-70.0
-70.0
-65.3357113654
-62.6926144725
-61.3503358543
-60.8332908216
-61.8279441351
-62.6971379854
-64.8221723379
-69.8629241811
-70.0
-70.0
-70.0
-70.0
-70.0
-64.0565284575
-60.6885612501
-59.9666011973
-59.8678717925
-63.0160986993
-70.0
-70.0
-70.0
-70.0
-70.0
-70.0
-70.0
-70.0
-70.0
-70.0
-70.0
-70.0
-70.0
-70.0
-70.0
-70.0
-70.0
-70.0
-70.0
-70.0
-70.0
-70.0
-70.0
-70.0
-63.4627834403
-59.7583607232
-57.8770950688
-57.8259511457
-62.5789861159
-70.0
-70.0
-70.0
-70.0
-70.0
-66.1607868923
-63.985232798
-62.8803925814
-62.4548086988
-62.4509647459
-62.7002928827
-64.4822105692
-70.0
-70.0
-70.0
-70.0
-70.0
-70.0
-64.4326247295
-61.2777787428
-59.6756118594
-59.0584580007
-59.0528837521
0
-70.0
-70.0
-70.0
-70.0
-70.0
-70.0
-70.0
-70.0
-64.5485635162
-61.4594161754
-59.8906138984
-59.2863120689
-59.2808539023
-60.3084025107
-69.4476182724
-70.0
-70.0
-70.0
-70.0
-70.0
-70.0
-70.0
-64.4890331978
-61.3661520099
-60.780084573
-55.8098486992
0
-70.0
-70.0
-70.0
-70.0
-70.0
-70.0
-70.0
-70.0
-70.0
-70.0
-70.0
-70.0
-70.0
-63.4862864782
-59.7951821492
-58.526543611
-59.9358111967
-66.1801002266
-70.0
-70.0
-70.0
-70.0
-70.0
-70.0
-70.0
-70.0
-70.0
-70.0
-70.0
-70.0
-70.0
-70.0
-70.0
-65.8527488035
-63.5026397922
-63.1116221948
-63.1066242299
-63.3334046432
-64.3953964402
-65.219411637
-59.9518539962
-63.0670410305
-70.0
-70.0
-70.0
-70.0
-70.0
-69.5806961529
-69.3430906396
-69.2224243103
-68.4722399986
-68.073054745
-67.8977751014
-67.8626814785
-68.8410083069
-70.0
-70.0
-70.0
-70.0
-70.0
-70.0
-64.3019893116
-61.0731165882
-59.4333557345
-59.8016942964
-54.7453570064
0
-70.0
-70.0
-70.0
-70.0
-70.0
-70.0
-70.0
-70.0
-70.0
-70.0
-63.8360643724
-60.5778965995
-60.5281830352
-64.2076391871
-70.0
-70.0
-70.0
-68.1266519883
-66.0685136025
-64.9646801175
-64.4702240226
-64.3578762316
-58.4003490489
0
-70.0
-70.0
-70.0
-70.0
-70.0
-70.0
-70.0
-70.0
-70.0
-70.0
-70.0
-70.0
-70.0
-70.0
-70.0
-70.0
-70.0
-70.0
-70.0
-70.0
-70.0
-70.0
-70.0
-70.0
-70.0
-70.0
-70.0
-70.0
-70.0
-70.0
-70.0
-70.0
-70.0
-70.0
-70.0
-70.0
-70.0
-70.0
-70.0
-64.2937465155
-61.0602028743
-60.1173902383
-66.2720325782
-70.0
-70.0
-70.0
-70.0
-70.0
-70.0
-70.0
-70.0
-70.0
-70.0
-70.0
-70.0
-70.0
-70.0
-70.0
-70.0
-70.0
-70.0
-70.0
-63.812158528
-60.3057150271
-57.9694362035
-56.9686877026
-56.8026156786
-57.1428852749
-58.8926889677
-58.1195216343
-61.7251414224
-64.8694545532
-66.9270606132
-68.264055562
-69.124117346
-69.6693505048
-70.0
-70.0
-70.0
-70.0
-70.0
-70.0
-70.0
-70.0
-70.0
-68.372177056
-67.4497440543
-63.092403896
-61.7082529926
-61.1541540174
-61.1165561651
-61.3901122482
-61.8412421564
-62.3838786962
-58.9068397451
-69.8412539739
-70.0
-70.0
-70.0
-70.0
-70.0
-70.0
-70.0
-70.0
-70.0
-70.0
-70.0
-70.0
-70.0
-70.0
-70.0
-70.0
-70.0
-66.0688035249
-63.8411255224
-62.7098145368
-57.3481082016
0
-70.0
-70.0
-70.0
-70.0
-70.0
-70.0
-70.0
-70.0
-68.4826598905
-67.6228338285
-67.1861770636
-67.0179771026
-67.0164578892
-66.1184232523
-59.4334473873
-59.3957132765
-67.1026869405
-70.0
-70.0
-70.0
-70.0
-70.0
-70.0
-70.0
-70.0
-70.0
-69.2073296363
-68.7581497635
-69.6936198073
-70.0
-70.0
-70.0
-70.0
-70.0
-70.0
-70.0
-70.0
-70.0
-70.0
-70.0
-70.0
-70.0
-70.0
-70.0
-70.0
-70.0
-70.0
-70.0
-70.0
-70.0
-69.1539519676
-63.7485988233
-60.1582114204
-57.9987052646
-57.103044729
-56.9955469167
-57.3645299987
0
-70.0
-70.0
-70.0
-70.0
-70.0
-70.0
-70.0
-70.0
-70.0
-70.0
-70.0
-70.0
-70.0
-69.1888890487
-70.0
-70.0
-70.0
-70.0
-70.0
-70.0
-70.0
-70.0
-70.0
-65.5953999613
-63.0994599394
-61.8319139282
-61.3436558573
-61.1807333976
-55.7431320804
-56.0430873763
-62.0161739931
-68.5412443312
-70.0
-66.4670052496
-64.464974891
-63.4482575128
-58.1306925762
-55.335797195
0
-70.0
-70.0
-70.0
-70.0
-70.0
-70.0
-70.0
-70.0
-70.0
-70.0
-64.2366061844
-58.6373496889
0
-70.0
-70.0
-70.0
-70.0
-70.0
-70.0
-70.0
-66.645629255
-64.7448191662
-63.7795058074
-63.4076675985
-63.4043090866
-62.753837586
-62.6050934328
-68.012632917
-70.0
-70.0
-70.0
-70.0
-70.0
-70.0
-69.2792028253
-68.870751093
-62.5851323834
-59.0609234116
-57.3110339147
-56.6840657528
-59.1513624855
-65.1349165533
-70.0
-70.0
-70.0
-70.0
-70.0
-70.0
-70.0
-70.0
-69.7409231686
-70.0
-70.0
-70.0
-70.0
-70.0
-70.0
-70.0
-70.0
-70.0
-70.0
-70.0
-70.0
-70.0
-70.0
-70.0
-70.0
-70.0
-70.0
-70.0
-70.0
-70.0
-70.0
-70.0
-70.0
-70.0
-70.0
-70.0
-70.0
-65.3225808421
-68.638817731
-70.0
-70.0
-70.0
-70.0
-70.0
-70.0
-70.0
-70.0
-70.0
-70.0
-70.0
-70.0
-70.0
-70.0
-70.0
-70.0
-70.0
-70.0
-64.4655490816
-61.3293602279
-59.7366682414
-55.1920999511
0
-70.0
-70.0
-70.0
-70.0
-70.0
-70.0
-70.0
-70.0
-67.9574583575
-66.3589991363
-65.5212902991
-65.1679553201
-65.8207261925
-66.3516978428
-60.9619869268
-58.0294274797
-56.9046931346
-60.2625780327
-65.3658958659
-70.0
-70.0
-70.0
-70.0
-70.0
-70.0
-70.0
-70.0
-70.0
-70.0
-70.0
-70.0
-70.0
-70.0
-70.0
-70.0
-70.0
-70.0
-70.0
-70.0
-70.0
-70.0
-69.5480264086
-69.2919080402
-69.1618400845
-69.3479879748
-70.0
-70.0
-70.0
-70.0
-70.0
-70.0
-70.0
-65.274966043
-62.5974468008
-61.2376870287
-60.7139082645
-60.7091773972
-54.9378436631
0
-70.0
-70.0
-70.0
-70.0
-70.0
-70.0
-70.0
-70.0
-70.0
-70.0
-70.0
-63.3010363244
-60.5048678034
-58.5614909306
-58.7002155452
-66.0367219366
-70.0
-70.0
-70.0
-70.0
-64.8775254697
-61.9747899025
-59.5884470606
-58.5036931202
-58.2360509852
-58.4675973381
-60.1381497918
-69.3273033406
-70.0
-70.0
-70.0
-70.0
-70.0
-65.8315902323
-61.1361580306
-58.6143601085
-57.480802685
-57.2201248091
0
-70.0
-70.0
-70.0
-70.0
-70.0
-70.0
-70.0
-70.0
-70.0
-70.0
-70.0
-70.0
-63.9608312289
-60.5386355919
-58.8006970233
-60.6405392054
-68.4266899024
-70.0
-70.0
-70.0
-70.0
-70.0
-64.4543100892
-58.9784191398
-55.0602970002
-54.148886153
0
-70.0
-70.0
-70.0
-70.0
-70.0
-70.0
-70.0
-70.0
-70.0
-70.0
-70.0
-64.041362301
-60.6648009382
-58.9500374226
-58.2895113992
-60.8323365821
-69.1751527785
-70.0
-70.0
-70.0
-70.0
-64.6956680447
-61.6898799366
-56.274522185
0
-70.0
-70.0
-70.0
-70.0
-70.0
-70.0
-70.0
-70.0
-70.0
-70.0
-70.0
-70.0
-70.0
-70.0
-70.0
-70.0
-70.0
-70.0
-70.0
-70.0
-70.0
-70.0
-70.0
-70.0
-70.0
-64.3194462225
-62.9024902518
-68.5380415969
-70.0
-70.0
-70.0
-64.4485503025
-62.2442011438
-61.1801182772
-61.3912201701
-61.8048406336
-62.3261848905
-63.8124897718
-70.0
-70.0
-70.0
-70.0
-67.8761973782
-64.3393758925
-62.4059704713
-61.4990615362
-61.2382807906
-61.3738696503
-61.9677155351
-63.7609855928
-68.5256497212
-70.0
-70.0
-70.0
-63.7613745462
-60.2261534557
-58.4308156863
-57.7392525017
-56.9305370384
-58.1067798863
-65.027656033
-70.0
-70.0
-70.0
-70.0
-70.0
-70.0
-70.0
-70.0
-70.0
-70.0
-70.0
-70.0
-70.0
-70.0
-70.0
-70.0
-70.0
-70.0
-70.0
-70.0
-64.5294622525
-61.4294908622
-59.855191666
-59.248772426
-59.2432951345
-59.5985655885
-59.2462338365
-61.1897323567
-67.9032314795
-70.0
-70.0
-70.0
-70.0
-70.0
-70.0
-70.0
-70.0
-70.0
-70.0
-69.4969285136
-69.2118546713
-69.3123275602
-70.0
-70.0
-70.0
-70.0
-70.0
-70.0
-70.0
-70.0
-64.9577809343
-62.1005234638
-59.8470157302
-58.5000105657
-58.0751404481
-58.217713696
-55.5302815427
-61.3481130997
-67.8697212149
-70.0
-70.0
-70.0
-70.0
-70.0
-70.0
-70.0
-70.0
-70.0
-65.0475538747
-67.7094604599
-70.0
-70.0
-70.0
-70.0
-70.0
-70.0
-65.1314369917
-62.3725846203
-60.9715203768
-60.4318311515
-61.4009442831
-62.2690473526
-63.524062751
-68.9068602166
-70.0
-70.0
-70.0
-70.0
-70.0
-68.7785402251
-68.086379686
-68.7233096864
-69.1480240304
-69.4312518358
-69.6201467912
-69.746145538
-69.8302066015
-70.0
-70.0
-70.0
-70.0
-70.0
-70.0
-65.5669712456
-63.054921618
-60.7791944566
-60.7188346863
-60.9919910012
-61.4561517568
-62.464943076
-62.4444090714
-67.054389593
-70.0
-70.0
-66.7611545374
-64.9258087753
-63.9937410255
-63.6347090081
-63.6314661641
-63.8418049188
-64.1732813411
-57.4272299453
-59.1928637403
-64.963895517
-70.0
-70.0
-70.0
-70.0
-70.0
-70.0
-70.0
-70.0
-70.0
-70.0
-70.0
-70.0
-70.0
-70.0
-70.0
-70.0
-70.0
-65.9819379109
-63.7050360605
-62.5487270815
-57.1773915322
-54.3820104848
0
-70.0
-70.0
-70.0
-70.0
-70.0
-70.0
-70.0
-70.0
-70.0
-70.0
-70.0
-70.0
-70.0
-70.0
-70.0
-70.0
-70.0
-70.0
-70.0
-70.0
-70.0
-70.0
-70.0
-70.0
-70.0
-70.0
-70.0
-65.0305130309
-65.8831826703
-70.0
-70.0
-70.0
-70.0
-70.0
-70.0
-70.0
-70.0
-70.0
-63.620354911
-60.005222694
-59.0648024254
-67.3449420003
-70.0
-70.0
-70.0
-70.0
-70.0
-70.0
-70.0
-70.0
-70.0
-63.5882238478
-59.9548840282
-58.3359600604
-58.9049065663
-62.632624608
-69.1091531985
-70.0
-70.0
-70.0
-70.0
-70.0
-70.0
-70.0
-70.0
-70.0
-70.0
-70.0
-70.0
-70.0
-70.0
-70.0
-70.0
-70.0
-70.0
-70.0
-70.0
-70.0
-70.0
-70.0
-70.0
-70.0
-70.0
-70.0
-70.0
-70.0
-70.0
-70.0
-70.0
-63.7457581153
-60.201687714
-58.4018558827
-57.9387979103
-59.5340561611
-62.680085967
-70.0
-70.0
-70.0
-70.0
-70.0
-70.0
-70.0
-64.3689047588
-58.8446174555
0
-70.0
-70.0
-70.0
-70.0
-70.0
-70.0
-70.0
-70.0
-70.0
-70.0
-70.0
-70.0
-70.0
-70.0
-70.0
-70.0
-70.0
-70.0
-70.0
-70.0
-70.0
-70.0
-70.0
-70.0
-70.0
-70.0
-69.6466002163
-69.4463403388
-70.0
-70.0
-70.0
-70.0
-70.0
-67.0325748612
-65.3510339491
-64.497074937
-64.1681303651
-64.1651592765
-58.2796820137
-55.1390729222
0
-70.0
-70.0
-70.0
-70.0
-70.0
-70.0
-70.0
-70.0
-65.9791465684
-63.7006629572
-61.6752379346
-60.73747499
-60.4835680569
-60.8629298004
-63.7594621393
-70.0
-70.0
-70.0
-70.0
-70.0
-70.0
-70.0
-64.1261033744
-60.7975619532
-59.6627405909
-59.3264230872
0
-70.0
-70.0
-70.0
-70.0
-70.0
-70.0
-67.5113395095
-65.1088059115
-63.8303255557
-63.268893157
-63.1564039459
-63.3170302877
-63.8604216814
-70.0
-70.0
-70.0
-70.0
-70.0
-70.0
-70.0
-70.0
-70.0
-70.0
-70.0
-70.0
-70.0
-70.0
-70.0
-70.0
-70.0
-70.0
-70.0
-65.7302414628
-60.9773782916
-58.4264144459
-57.9853260273
-58.1211621086
-58.5986250204
-59.5103059302
-67.2483827462
-70.0
-70.0
-70.0
-70.0
-70.0
-66.9841562271
-65.2751780892
-65.3995779235
-65.6275652266
-65.9101054343
-66.2159593777
-66.5256064312
-67.0597077507
-70.0
-70.0
-70.0
-70.0
-70.0
-70.0
-70.0
-70.0
-70.0
-70.0
