-70.0
-70.0
-69.0
-68.4333333333
-68.1455555556
-60.331
-55.9645666667
0
-70.0
-70.0
-70.0
-70.0
-69.5903063557
-69.358146624
-69.2402458975
-69.1948305983
-68.3261076417
-68.7728787844
-69.0818455106
-69.297830696
-69.4508274506
-68.6926184979
-68.2812725096
-68.091755833
-68.041653966
-68.0768710469
-68.1621055939
-67.3623009641
-67.9587804675
-68.3847088206
-68.6941088718
-68.9232786068
-69.0966711609
-69.2308176547
-69.3369449624
-69.4227231817
-69.4934326738
-69.5527439467
-69.6032392455
-69.6467617833
-62.6846547205
-58.7512353255
-56.7661425109
-56.0162154052
-56.0323852949
-56.5076743856
-56.2430431201
-56.5428295901
-57.1712738192
-57.9759645626
0
-70.0
-70.0
-70.0
-70.0
-69.2497078697
-68.8245423293
-62.0183185716
-58.2006403646
-56.3033454282
-55.6215236188
-55.6917130792
-56.2107696528
-56.9818446085
-58.8732898639
-60.3790473551
-61.6032002712
-62.6175853452
-63.4722968781
-63.2028030067
-63.2676799169
-62.975461177
-63.0342812271
-63.3017638829
-63.6855280137
-64.1262688917
-64.5865044554
-65.0430956451
-65.4822805041
-65.8963820694
-66.2816302729
-66.6367248526
-66.961890772
-60.2584454411
-56.5610967279
-54.7906509424
0
-70.0
-70.0
-70.0
-70.0
-66.757219247
-64.919643487
-63.9864432481
-63.6269749965
-57.2382686787
0
-70.0
-70.0
-70.0
-70.0
-67.0841360948
-65.4318132152
-63.5937073395
-62.7043869028
-56.0285222104
0
-70.0
-70.0
-70.0
-70.0
-68.7853184915
-69.0947153118
-69.3105295602
-69.4630004572
-69.5723829802
-68.691284837
-69.074562547
-69.6687104215
-70.0
-70.0
-70.0
-69.1868737923
-68.7261022746
-68.4921026215
-68.4019660756
-62.3642386039
-58.1278147435
-55.9816999358
-55.16130772
-55.1636954665
-55.6596715989
0
-70.0
-70.0
-70.0
-70.0
-68.4971577278
-67.6455471068
-67.2130624974
-68.0430441611
-68.9395983539
-69.5128775912
-69.8730825471
-70.0
-70.0
-70.0
-70.0
-70.0
-70.0
-70.0
-70.0
-70.0
-70.0
-70.0
-69.0868558949
-62.1781703054
-58.2936866082
0
-70.0
-70.0
-70.0
-70.0
-68.6090534979
-67.8208504801
-60.830260631
-57.883037037
-56.5186016461
-56.1493203567
-56.3894409044
-56.9871985363
-57.7796131642
-58.6624081688
-60.5114772358
-61.9372027681
-63.0613979953
-63.967201865
-64.7117774581
-65.3347968986
-65.864115333
-59.3355548237
-55.773900024
-54.1111104767
-54.6257248692
-55.4469693423
-56.9803726037
-58.3344021404
0
-70.0
-70.0
-70.0
-70.0
-68.675806399
-67.9254300251
-68.5183442384
-68.9234812917
-69.2024474807
-69.396412278
-70.0
-70.0
-70.0
-70.0
-70.0
-70.0
-70.0
-70.0
-69.0342819659
-69.4610294517
-69.7350436282
-69.2045803094
-68.5794829745
-68.251775141
-68.1134246029
-68.0933001266
-68.1447821033
-67.3691991287
-59.991624844
-55.8986927784
0
-70.0
-70.0
-70.0
-70.0
-66.6928804635
-64.8188460595
-62.9549220437
-62.071403566
-61.8055790273
-61.9192316698
-55.5299112958
0
-70.0
-70.0
-70.0
-70.0
-64.8889006229
-61.9926109758
-60.521750155
-59.9551753241
-59.0378494099
-58.8528588811
-58.5578803788
-58.7622972649
-59.2595374877
0
-70.0
-70.0
-70.0
-70.0
-62.9609815979
-58.9722045034
-56.9465314299
-55.1778042247
-54.6106410941
-54.783321846
-55.3941529022
-57.2475131035
-58.7846121209
-60.0807177939
-61.8927276416
-63.2501759622
-64.2896390892
-65.8073660327
-66.8577566645
-68.1482880436
-69.3176639362
-70.0
-70.0
-70.0
-70.0
-70.0
-70.0
-70.0
-70.0
-70.0
-70.0
-70.0
-69.0076252089
-68.4452794939
-69.1562705944
-62.6110139053
-58.9301594284
0
-70.0
-70.0
-70.0
-70.0
-68.4505410761
-67.5725143525
-66.4229108029
-65.8523849797
-65.6483233198
-65.6709422132
-65.8288154755
-66.062578917
-66.3340843513
-66.6191848002
-60.9182478779
-55.4670774619
0
-70.0
-70.0
-70.0
-70.0
-66.9451328941
-65.2140415341
-64.3349186669
-56.9187683302
0
-70.0
-70.0
-70.0
-70.0
-69.0906856762
-67.7729384235
-67.0565254578
-66.7247934964
-66.6349278698
-65.8907084289
-65.5811531502
-65.5427148779
-65.6682280853
-65.8879284068
-66.1568176529
-66.4462572788
-66.738379145
-67.0223729599
-67.2920234835
-67.5440796816
-67.7887361131
-68.0092387683
-68.2078990691
-68.3868319473
-68.5479639427
-68.6930443418
-68.8236577698
-68.9412372344
-70.0
-70.0
-70.0
-70.0
-70.0
-70.0
-70.0
-70.0
-70.0
-70.0
-70.0
-70.0
-70.0
-70.0
-70.0
-70.0
-69.1316871872
-68.63964326
-68.3897621283
-61.2935080615
-57.3259720193
-55.3679179934
-54.6808216447
-54.7792031141
-55.3455918918
-56.1739054288
0
-70.0
-70.0
-70.0
-70.0
-69.8806584362
-69.8130315501
-69.7786877
-69.7654584667
-69.7653389778
-69.7730893185
-69.7853032124
-69.7997881082
-69.8151527755
-69.83053315
-69.8454102697
-69.8594895325
-69.8726207725
-69.8847454907
-69.8958621386
-69.9060033894
-69.9152213602
-69.9227636239
-62.9304872615
-59.5263274243
-57.8329539411
-57.2224980532
0
-70.0
-70.0
-70.0
-70.0
-69.3571440668
-68.992859038
-68.8078593861
-62.0097267116
-59.1386618864
-57.778067595
-57.9246643226
-57.4161485076
-57.5305007351
0
-70.0
-70.0
-70.0
-70.0
-69.0586800793
-69.4992531626
-69.7802885739
-69.9562335349
-63.2453454577
-59.4439677629
-57.5150088872
-57.686008437
-58.1990745523
-58.9002784031
-59.6909914335
-59.5097295101
-59.750648039
-61.1490527265
-62.2831271149
-56.3017279836
0
-70.0
-70.0
-70.0
-70.0
-69.407136446
-69.0711804321
-68.900567476
-68.8348474531
-68.8342538576
-68.8727559051
-69.9300064493
-70.0
-70.0
-70.0
-70.0
-63.9997995142
-60.5996859056
-58.8729615436
-58.2078282083
-58.2018206001
-58.5914886819
-59.2055732416
-59.9338382027
-60.7063359059
-61.479623331
-62.2276083416
-62.93547907
-63.595685538
-64.2052865675
-64.7642042997
-65.2740814623
-65.7375383778
-59.1647992958
-55.5823292034
0
-70.0
-70.0
-70.0
-70.0
-69.4586785161
-69.1519296753
-62.1782354457
-58.2547443931
-56.2921582818
-55.5715346722
-55.6201093508
0
-70.0
-70.0
-70.0
-70.0
-68.0781897583
-66.9891639546
-66.4361096739
-66.2230734497
-66.2211492669
-59.4673471577
-55.7661543202
-54.0199001404
0
-70.0
-70.0
-70.0
-70.0
-70.0
-70.0
-70.0
-70.0
-70.0
-70.0
-70.0
-69.115701635
-61.2919229667
-56.8879250001
-54.6825953869
0
-70.0
-70.0
-70.0
-70.0
-66.9293514133
-64.8559838809
-58.7037188261
-55.3889024991
0
-70.0
-70.0
-70.0
-70.0
-69.0976985216
-62.2009348168
-55.9895121001
0
-70.0
-70.0
-70.0
-70.0
-68.3877431919
-67.4741310006
-59.7277328598
-55.4223028799
0
-70.0
-70.0
-70.0
-70.0
-69.0197210401
-68.4642296295
-68.1821271289
-68.0734613908
-68.0724799017
-68.1361416781
-68.2364673547
-68.3554471822
-68.4816535059
-68.6079888499
-69.7301893979
-70.0
-70.0
-70.0
-70.0
-63.6665330095
-60.0775683815
-58.2549373254
-57.5528607808
-58.4148322519
-59.3181873929
-59.2162726316
-59.1812480205
-59.5208583198
-60.0739292221
-60.7366407894
-62.3845187066
-63.6270948334
-65.1406262373
-66.210724205
-66.9790921788
-67.5408098905
-67.9598135211
-68.2792219155
-68.5282262216
-68.7266879312
-68.8882086926
-69.0221808596
-62.1357818648
-58.2660830723
-56.3353943611
-54.632919082
-54.1236699452
-54.3473314649
0
-70.0
-70.0
-70.0
-70.0
-66.9261264117
-64.8509313783
-64.7773608742
-64.9073065426
-65.1550303923
-65.465163689
-65.8024048774
-66.1446694278
-66.4785391772
-66.7962430542
-67.0936572786
-67.368983904
-67.6218804157
-67.8528889756
-68.063064479
-68.2537342984
-68.4263450467
-67.5838890997
-67.1589525615
-66.4431366643
-66.1322092372
-66.0745791397
-66.1708484432
-66.3562484105
-66.5889467772
-66.8422675713
-66.1580454589
-65.8755773428
-65.8435772284
-65.9629245854
-66.1691021802
-66.420505331
-65.7784552057
-65.5339432903
-65.9805468247
-66.3824907178
-66.7442406964
-67.0698159937
-67.3628339723
-67.6265502937
-67.8638950768
-68.077505444
-68.2697548163
-61.4427793346
-57.6318347345
-56.7185217076
-56.6132498346
-56.0136532462
-56.1201068516
-56.6466421198
-57.4076752101
-58.2840392239
-59.2003896581
0
-70.0
-70.0
-70.0
-70.0
-65.3269105445
-62.6788265197
-61.3340152208
-60.8159946008
-60.8113157421
-61.1147979021
-61.5930606014
-62.1602495343
-62.7618879095
-63.3641413377
-63.9466886833
-64.4979941346
-65.0121776009
-65.4869484273
-65.9222459755
-59.3300067105
-54.7303471955
0
-70.0
-70.0
-70.0
-70.0
-66.6913587115
-63.9481492241
-56.8866679402
0
-70.0
-70.0
-70.0
-70.0
-69.0891632641
-68.5730224471
-60.7157202143
-56.3108148675
-54.1241778305
0
-70.0
-70.0
-70.0
-70.0
-68.7268709043
-68.0054310834
-67.6390528214
-67.4979241035
-67.4966494026
-67.579329602
-60.7336051467
-56.9350503019
-55.0914157183
-55.4821877775
-56.2005780871
-57.0915930033
0
-70.0
-70.0
-70.0
-70.0
-64.9279073312
-62.0537214855
-60.5940859286
-60.0318350635
-61.0190493624
-61.910742963
-62.7154010245
-63.4410158273
-63.1123590447
-56.2661437163
0
-70.0
-70.0
-70.0
-70.0
-66.8419222454
-65.0523448511
-63.1695325477
-62.267527414
-61.9840734201
-62.0811985763
-62.4034337176
-62.8499936784
-56.4776539083
0
-70.0
-70.0
-70.0
-70.0
-66.8812211444
-64.1190513573
-62.6577811065
-62.0257595857
-61.9123546871
-62.113899925
-62.4976970703
-62.9780521218
-63.5003300819
-64.030352522
-64.5473542353
-65.039310122
-65.4998399834
-65.9261632341
-66.3177517434
-66.6754464575
-67.0008817374
-68.2961134739
-69.4633820666
-70.0
-69.4435088442
-69.1281638559
-61.96843389
-57.2366110772
-54.8229636869
0
-70.0
-70.0
-70.0
-70.0
-70.0
-70.0
-70.0
-70.0
-70.0
-70.0
-70.0
-70.0
-70.0
-70.0
-70.0
-69.9968423491
-69.9950530135
-70.0
-70.0
-70.0
-70.0
-70.0
-70.0
-70.0
-70.0
-70.0
-70.0
-63.0800841486
-59.1587984994
-57.1318075384
-56.3445527105
-56.32738139
-56.7728325514
-57.4810088299
-58.3232143027
-60.129972281
-60.6015556555
-61.1977871583
-61.8489331547
-62.5113229807
-63.1583794437
-63.77466734
-64.3519511664
-64.8865897567
-65.377819919
-65.8266306858
-66.2350294563
-65.6171287567
-65.392484045
-65.4112810832
-65.8695292413
-66.2821604949
-59.0983888898
-54.8181796305
0
-70.0
-70.0
-70.0
-70.0
-68.5555047503
-67.7369574421
-67.3212638092
-67.1611388357
-60.4328216533
-56.7147372888
0
-70.0
-70.0
-70.0
-70.0
-69.4589198416
-69.1523077518
-69.0549909125
-69.0281011119
-69.0443638611
-69.0859760486
-69.1414108261
-62.2272697435
-56.9167512739
0
-70.0
-70.0
-70.0
-70.0
-69.7371486204
-69.5881995054
-69.5125567195
-70.0
-70.0
-70.0
-70.0
-70.0
-62.1316872428
-57.6729766804
-55.4086511203
0
-70.0
-70.0
-70.0
-70.0
-69.7268709038
-69.5720977493
-69.493497265
-69.4632203989
-62.516898359
-58.5985418564
-56.6275765597
-55.8907448296
-55.9189542973
-55.4103863991
-55.5915661135
-56.1805550717
-56.9945966109
-57.9165349807
-58.8724801699
-59.8169646111
-60.7230897888
-62.57579475
-63.9348912351
-64.9525194183
-65.7313456809
-66.3409299158
-59.8333859359
-56.2677466835
0
-70.0
-70.0
-70.0
-70.0
-69.4915409236
-70.0
-70.0
-63.3566529492
-59.5920896205
-57.6802819692
-56.9438546461
-57.8494116022
-58.7977653891
-59.7401854816
-60.6476313544
-61.5038444996
-62.3007775701
-63.03557816
-63.7086059087
-57.3760871206
0
-70.0
-70.0
-70.0
-70.0
-68.3703109672
-67.4468205152
-66.9778322269
-66.7971781797
-66.7955464787
-66.9013825755
-67.068171481
-60.3873631511
-55.6993016992
0
-70.0
-70.0
-70.0
-70.0
-69.5040372994
-62.4961208652
-58.5415003092
-56.5506779653
-55.8044952934
-55.8299691805
0
-70.0
-70.0
-70.0
-70.0
-69.0771919421
-67.5549440155
-67.723089303
-67.8998734988
-68.0759482329
-68.2457281323
-68.4060718009
-68.555408942
-68.6931642619
-68.8193786451
-67.9604736151
-67.5131148099
-67.3275956998
-66.6016606734
-66.2793776351
-65.654473002
-65.4243811221
-65.4388466235
-65.5995643702
-65.8426762058
-66.127120767
-66.4268834782
-66.7258449889
-60.0144425335
-56.3204529758
0
-70.0
-70.0
-70.0
-70.0
-63.0658436214
-58.2242798354
-55.7118655693
-55.6221604938
0
-70.0
-70.0
-70.0
-70.0
-68.1659807956
-67.1267032465
-67.5598948331
-67.901146624
-68.7314150333
-62.3932529538
-58.843913941
0
-70.0
-70.0
-70.0
-70.0
-69.0781893004
-68.555829904
-61.7002469136
-57.8635555556
-55.9660888889
-55.2954059259
-56.2953577888
-57.3521503135
-58.4078208179
-59.4276290933
-60.391926422
-61.2907739386
-62.1203899839
-62.8808132783
-63.5743734789
-57.2406647677
0
-70.0
-70.0
-70.0
-70.0
-69.6815553441
-69.5011033725
-68.4095511818
-67.8076348281
-60.6409545643
-56.6529145872
-54.7049934481
0
-70.0
-70.0
-70.0
-70.0
-69.0631314288
-68.5322392384
-68.2626292829
-68.1587756668
-68.1578376416
-68.2186802384
-62.3952897758
-59.154745839
-57.5719279489
-57.0365062833
-57.1473697411
0
-70.0
-70.0
-70.0
-70.0
-70.0
-63.6666490657
-60.077750203
-58.2551525452
-57.5530888657
-58.415060453
-59.318408057
-59.2164712293
-60.2184637955
-61.145710542
-61.9972015718
-62.7748561373
-63.4822870054
-63.2117941212
-63.27577192
-62.9827439798
-63.0408357496
-63.3076629532
-63.6908371769
-64.1310471386
-64.5908048776
-64.1347575203
-64.0566371886
-64.2078770833
-64.491691784
-64.8455908783
-65.2297439722
-65.6192443629
-65.9989697852
-66.3601727124
-67.6980883877
-68.9109015134
-68.6864536916
-68.2622365422
-68.7693354048
-69.1146168755
-69.3512985288
-62.514934108
-58.6626176519
-56.7291405232
-56.0114162286
-56.988540114
-58.0085297748
-59.0202392455
-59.993256953
-54.1837547753
0
-70.0
-70.0
-70.0
-70.0
-62.0173415299
-57.4938350635
-55.1966033483
0
-70.0
-70.0
-70.0
-70.0
-67.4238683128
-65.9640603567
-65.2227069044
-64.9371379363
-64.9345586242
-65.1018590828
-65.3655107219
-65.6781846812
-65.0149877986
-64.7832367424
-57.8720296436
-54.1295710629
0
-70.0
-70.0
-70.0
-70.0
-65.3333333333
-62.6888888889
-61.3459259259
-60.828617284
-61.7654171925
-62.6019832312
-63.3505234134
-64.0212967423
-64.6230508482
-65.1633349501
-65.6487275796
-66.0850055713
-67.4382537383
-68.3355941806
-68.9294786399
-68.3221700003
-68.0137124833
-67.8948475569
-67.8937003492
-68.9046943494
-68.6794881807
-68.2550482068
-61.0591730158
-57.0396754673
-55.059987756
0
-70.0
-70.0
-70.0
-70.0
-70.0
-62.6666666667
-58.5111111111
-56.4007407407
-55.5878271605
0
-70.0
-70.0
-70.0
-70.0
-67.917255161
-65.7543746154
-64.5981671343
-64.0845037411
-63.9734889138
-63.3052945845
-63.1275348341
-63.2499611561
-56.6293453837
0
-70.0
-70.0
-70.0
-70.0
-67.8999730342
-66.7099577536
-66.1056166602
-65.8728247821
-65.8707221625
-58.2836577689
-54.1219638738
0
-70.0
-70.0
-70.0
-70.0
-67.7283955196
-60.82386903
-56.9870241687
-55.1186831129
-55.4937222852
-56.2022883791
-57.0873517561
-58.0488113905
-59.0240601247
-59.9750740278
-60.8798465687
-62.6681875442
-63.985585878
-64.976505349
-65.7385068533
-66.3377575274
-67.6876954382
-68.5747350034
-62.1615722903
-58.5749555861
-56.8038203774
-56.1810119063
-57.1801682648
-58.2069898045
-59.2161830681
-60.1811595907
-61.0874401846
-62.7966066253
-64.0622196022
-64.5750705023
-58.4508967854
0
-70.0
-70.0
-70.0
-70.0
-65.4723365341
-62.90666057
-61.6036996393
-61.1017997595
-61.0972665063
-61.3913043376
-55.2643772026
0
-70.0
-70.0
-70.0
-70.0
-69.3865308795
-69.0388983778
-68.8623555976
-68.7943514095
-68.793737183
-68.8335774077
-68.8963622956
-68.9708211518
-69.0498024271
-69.1288644447
-69.2053395072
-70.0
-70.0
-70.0
-70.0
-70.0
-70.0
-70.0
-70.0
-70.0
-70.0
-70.0
-69.2962141585
-61.8974569402
-57.7282873779
0
-70.0
-70.0
-70.0
-70.0
-62.8140301557
-56.408647244
0
-70.0
-70.0
-70.0
-70.0
-67.9150415455
-66.7335650879
-60.0553710767
-56.3799423007
-54.6286869585
-54.0903108545
-54.2976081636
-54.9453996103
-55.8358944913
-56.8423282702
-56.884978081
0
-70.0
-70.0
-70.0
-70.0
-66.4444454746
-64.4296312435
-63.4064216634
-63.0122818599
-55.7110538774
0
-70.0
-70.0
-70.0
-70.0
-68.9465020755
-62.9640603727
-59.9424600053
-58.464751118
-57.9626340817
-58.0626093906
-58.5205075962
-59.1778962663
0
-70.0
-70.0
-70.0
-70.0
-68.3325486743
-61.3094702893
-56.5169948248
-54.0909430519
-54.1633302282
-54.7346515264
-55.5862892544
-55.7094161588
-56.2596450962
-56.4922387332
-57.0820536243
-57.8665407715
-58.7416817008
-60.6160312401
-61.1851271651
-61.8204138147
-62.4742386772
-63.1173923055
-63.732704739
-64.3108020411
-64.8473003543
-65.3409559971
-65.7924508496
-66.2035993994
-65.5941767459
-65.3753839289
-66.3931238767
-67.1239970494
-67.6583877181
-68.0570758621
-68.3610528864
-68.5980706714
-68.78701232
-68.9408102319
-69.0683953046
-69.1759998381
-69.2680292302
-69.3476458912
-69.4171610247
-69.4782980707
-70.0
-70.0
-63.9993233605
-58.2656065981
-55.2165229874
0
-70.0
-70.0
-70.0
-70.0
-69.3330285018
-69.9290656912
-70.0
-70.0
-70.0
-70.0
-70.0
-69.0638130835
-68.5333071641
-60.71899489
-56.3397743625
-55.1502413707
-54.2278098262
-54.200090572
-54.7101226671
-55.5258045019
-57.3659995432
-58.8912499166
-60.1766918101
-61.2754005525
-62.2254457795
-55.1345884444
0
-70.0
-70.0
-70.0
-70.0
-69.5939643347
-69.3638774577
-69.2470294162
-69.2020196108
-70.0
-70.0
-70.0
-70.0
-63.1941053768
-59.337431757
-56.3803689654
-55.0601189916
0
-70.0
-70.0
-70.0
-70.0
-69.6863283036
-69.508581009
-69.4183132653
-69.3835421768
-62.565314182
-58.7222002457
-55.7973967735
-54.5159347977
-54.263193119
-54.6361083411
-55.3719871964
-56.3011149363
-56.4030125776
0
-70.0
-70.0
-70.0
-70.0
-69.2866941015
-67.9410150892
-67.2022405121
-66.8522344155
-66.747156277
-66.792537518
-66.9266816787
-67.1096121191
-67.3157166461
-67.528855474
-66.7651225499
-66.4147120438
-60.3287963949
-56.9996204591
-55.4354608824
-54.9824497736
0
-70.0
-70.0
-70.0
-70.0
-63.0144512749
-59.0559736641
-57.0456879754
-57.2636196164
-57.8189246138
-58.5581434584
-59.3830699833
-60.2319235654
-61.9351510197
-63.2259157916
-63.2263779475
-63.4524426427
-63.8063333718
-63.5214196598
-63.5664241106
-63.8078793108
-64.1591564538
-64.5646175245
-64.9890735828
-65.4107780983
-65.8167748711
-66.1998137723
-67.5528844999
-68.4462974532
-69.03413531
-62.4193107287
-58.7031056223
-56.8499457043
-57.0885934016
-57.6621622398
-57.4185797607
-57.3584776146
0
-70.0
-70.0
-70.0
-70.0
-69.122085048
-68.6245999086
-67.4109739369
-66.7690992227
-66.4916710867
-66.4421585023
-66.5310456682
-65.8316970216
-65.5510312662
-65.5309307708
-58.6838250557
-54.9527674581
0
-70.0
-70.0
-70.0
-70.0
-66.8716810162
-65.0989669253
-63.2064135866
-56.2191451634
0
-70.0
-70.0
-70.0
-70.0
-69.0150891632
-68.4569730224
-68.338146624
-68.3222458975
-68.3686305983
-69.1545441026
-69.6542740684
-69.9656362456
-70.0
-63.1390032007
-59.2511050145
-57.2766626022
0
-70.0
-70.0
-70.0
-70.0
-68.9542094042
-68.3615947333
-68.0606394396
-67.9447116155
-61.1257505979
-57.3301823007
-55.4751685791
-55.8458703005
0
-70.0
-70.0
-70.0
-70.0
-69.1653041561
-68.6923098446
-68.4521029295
-68.3595753495
-68.3587396232
-68.4129468666
-68.4983729838
-68.5996828879
-60.7431400865
-56.0044430695
0
-70.0
-70.0
-70.0
-70.0
-69.3909465021
-62.6603566529
-58.8666575217
-56.9615494589
0
-70.0
-70.0
-70.0
-70.0
-67.0829942657
-65.4300243496
-63.5920973604
-62.7029379216
-56.0272181273
0
-70.0
-70.0
-70.0
-70.0
-69.7908855357
-69.6723873393
-69.6122088435
-69.5890281179
-69.5888187453
-69.6023991635
-69.6238007757
-69.6491817171
-69.6761042247
-69.7030542552
-69.7291224649
-69.7537926419
-62.7815381365
-58.8388008286
-57.8436759775
-57.6518118675
-57.9482996727
-58.5279157
-59.2580881264
-59.0542729123
-58.9635080201
0
-70.0
-70.0
-70.0
-70.0
-64.6743740133
-57.7676303986
0
-70.0
-70.0
-70.0
-70.0
-66.8503215396
-65.0655037453
-64.1762373214
-63.8368028897
-63.8385821343
-64.0450302766
-64.3673981528
-64.7485722734
-65.1523243366
-65.5561647634
-59.000548287
-55.4338267917
0
-70.0
-70.0
-70.0
-70.0
-67.73067872
-66.4447299946
-59.7134804592
-56.0176147226
-54.2661747899
0
-70.0
-70.0
-70.0
-70.0
-65.3299474481
-62.6835843353
-61.3396469898
-60.8219630162
-60.8172871981
-61.120572134
-61.5985240244
-62.1653443579
-62.766591746
-62.3685428921
-62.3840954834
-63.6472900642
-64.6169638106
-65.378202598
-59.0049913917
-55.5475649549
0
-70.0
-70.0
-70.0
-70.0
-69.599940539
-69.3732401778
-62.4401980193
-58.5323661235
-56.5699214486
-54.8411388879
-54.3091647219
-55.5119931057
-56.7166236991
-57.8821812652
-58.985443096
-60.0145520913
-60.9648657521
-61.8362250901
-61.6571788182
-61.4945117611
-61.6804278014
-62.0692964989
-55.5776315727
0
-70.0
-70.0
-70.0
-70.0
-63.1056749479
-58.2162322817
-55.6753589392
-54.6283229691
-54.5124906213
-54.9592415253
-55.7286506836
-56.6660078224
-57.6728885116
-58.6879206414
-59.6740092312
-59.6272036073
-59.6115467794
-59.9484344567
-60.4856192478
-61.1250761476
-61.8045810825
-55.4925693887
0
-70.0
-70.0
-70.0
-70.0
-69.8183429581
-69.7154039677
-69.6631271079
-70.0
-63.9977163417
-60.5964222687
-58.869098416
-58.2037341571
-58.1977244632
-58.5875278314
-59.2018255913
-58.9304770514
-58.8033186924
-59.1002463873
-59.086172569
-60.4299615059
-61.5552361511
-62.5118930665
-63.3354907802
-64.0517997158
-64.6798584199
-65.2340316951
-58.7301377467
-55.2034634528
0
-70.0
-70.0
-70.0
-70.0
-68.6184257797
-67.8355337216
-67.4379473627
-67.2847973019
-67.283414022
-67.37313692
-68.5142320328
-69.2484146994
-68.7140662475
-68.4363216348
-68.3217974793
-68.3090230701
-68.3577243222
-68.4416875961
-68.5440093072
-61.6570930079
-56.8420585703
-54.3916359555
0
-70.0
-70.0
-70.0
-70.0
-69.6693581996
-69.4819945127
-62.5082338595
-58.5737030057
-56.5938610598
-55.8528271903
-55.8797792956
-56.3666245822
-57.1131776015
-57.9906701597
-58.9174766892
0
-70.0
-70.0
-70.0
-70.0
-67.2592608045
-66.7061742302
-66.484116478
-66.468077944
-66.5761855589
-66.7551772758
-66.9707330634
-67.2010421006
-60.5134532591
-56.8171181789
-55.0387465248
-54.4704319816
-54.6470955229
-55.2648571303
-56.1266855237
-57.1062263756
-57.1247583001
-57.5650521782
-58.2437267657
-59.0428072927
-59.8874953658
-59.8630789403
-60.1863264537
-61.707263756
-55.9069077508
0
-70.0
-70.0
-70.0
-70.0
-68.4439871971
-67.5622466087
-67.1144607021
-66.9419738014
-66.9404158676
-67.0414672451
-67.2007158301
-67.3895744534
-67.5899038122
-67.7904379672
-67.9844105279
-67.1795414
-67.7901841169
-68.2302302765
-68.5532502964
-68.7952872985
-68.9806665897
-69.1258719448
-69.2421327597
-68.3761699323
-67.9107199048
-67.7010925581
-68.6346048683
-69.2402254254
-63.1845156401
-57.4449392475
-54.4196954371
0
-70.0
-70.0
-70.0
-70.0
-68.2592592593
-67.2728395062
-66.7718930041
-66.5789286694
-67.3796549154
-67.9474354992
-68.3565226661
-62.4818519572
-59.2076544666
-57.6028808234
0
-70.0
-70.0
-70.0
-70.0
-67.767413504
-66.5022811563
-65.8597923758
-65.6123060283
-65.6100706856
-65.755060457
-65.9835523047
-66.2545290031
-59.622891195
-56.9887971778
-55.8420475282
-55.6259294875
-55.9753943468
-56.6525601175
0
-70.0
-70.0
-70.0
-70.0
-69.7447668623
-69.6001347509
-63.6400816737
-59.2760735063
-57.0151328224
-55.5358417624
-54.7970724009
-54.8605750374
-56.3155326228
-57.6446560866
-58.853974962
-59.9511004552
-54.0657297787
0
-70.0
-70.0
-70.0
-70.0
-68.6817558299
-67.9347508002
-67.5553894223
-67.4092596149
-67.4079397433
-67.4935498288
-68.6024519244
-69.3143781175
-68.8034063385
-68.5367097264
-68.4254681017
-68.4112075234
-68.4556109257
-68.5337326028
-67.7172726843
-67.3034876436
-67.1451003645
-67.1452313181
-67.2404688464
-67.3895957352
-68.5626598565
-69.3144096674
-69.7883125651
-63.07976531
-58.3026529765
0
-70.0
-70.0
-70.0
-70.0
-66.4617859744
-64.4567980265
-63.4385786569
-63.0463610799
-63.0428184977
-63.2725989985
-63.634713999
-57.2462452634
0
-70.0
-70.0
-70.0
-70.0
-68.6150893971
-67.8303067222
-67.4317602265
-67.2782403215
-68.2768361002
-61.1158191568
-57.1153483523
-55.1445542578
-54.4572593258
-54.5629737225
-55.140969903
-55.9830686146
-56.9555588877
-57.9738677553
-59.9683826208
-54.6208694955
0
-70.0
-70.0
-70.0
-70.0
-67.9829311506
-66.8399254692
-67.2334455832
-61.1763165986
-57.8361619878
-56.2375304885
-55.7371005725
-55.9122726039
0
-70.0
-70.0
-70.0
-70.0
-69.0897424977
-68.5739299131
-68.3119780319
-68.2110743021
-68.2101629208
-68.269277328
-61.4433638677
-57.6330369959
0
-70.0
-70.0
-70.0
-70.0
-66.1851851852
-64.0234567901
-62.9256378601
-62.5027585734
-62.4989390489
-62.7466826993
-62.2248976281
-61.837663331
-61.8774006418
-55.2529234798
0
-70.0
-70.0
-70.0
-70.0
-67.8875841231
-66.6905484595
-66.0826421127
-65.8484769009
-65.8463618771
-65.9835474669
-66.1997405719
-67.456092147
-68.6280333539
-69.7102636329
-70.0
-62.4444444444
-58.162962963
-55.9886419753
-55.1510946502
-55.1435297668
-55.6342065112
-56.4074723408
-58.298503799
-59.8231725473
-61.077201378
-62.1270452972
-63.8218526079
-65.0446752407
-65.9435463124
-67.3217877821
-68.2380064044
-68.8464706977
-69.2500002504
-69.5171179737
-69.6934846752
-69.8095218736
-69.8854934635
