-63.0
-59.0333333333
-57.0188888889
-56.2429259259
0
-70.0
-70.0
-70.0
-70.0
-70.0
-70.0
-70.0
-70.0
-70.0
-70.0
-70.0
-70.0
-70.0
-63.4614262169
-59.7562344065
-61.6401092465
-70.0
-70.0
-70.0
-70.0
-70.0
-70.0
-65.8488067084
-63.4964638431
-58.4249850237
-55.7679315645
0
-70.0
-70.0
-70.0
-70.0
-70.0
-70.0
-70.0
-67.1574182588
-65.5466219387
-64.7285900821
-64.413484632
-64.4106385409
-64.7474880775
-67.5301793005
-70.0
-70.0
-70.0
-70.0
-70.0
-70.0
-70.0
-70.0
-70.0
-70.0
-70.0
-70.0
-70.0
-70.0
-70.0
-70.0
-70.0
-70.0
-70.0
-70.0
-70.0
-70.0
-70.0
-70.0
-70.0
-70.0
-70.0
-68.1266174371
-70.0
-70.0
-70.0
-70.0
-66.961758229
-65.2400878921
-64.3657494269
-64.0289547002
-64.0259127075
-64.223223755
-64.6837793437
-66.8019104644
-70.0
-70.0
-70.0
-70.0
-70.0
-70.0
-70.0
-70.0
-70.0
-70.0
-70.0
-70.0
-70.0
-70.0
-70.0
-70.0
-70.0
-70.0
-64.9230648714
-62.0461349651
-60.5851058559
-55.1224842831
0
-70.0
-70.0
-70.0
-70.0
-70.0
-70.0
-67.9352982193
-66.7653005436
-62.3086321979
-59.8910101171
-54.9149101426
0
-70.0
-70.0
-70.0
-70.0
-70.0
-70.0
-70.0
-66.6765786101
-64.7933064892
-63.836899667
-63.4684922515
-63.4651647271
-63.6809960549
-64.7859600723
-69.7390432491
-70.0
-70.0
-70.0
-70.0
-70.0
-70.0
-70.0
-70.0
-70.0
-70.0
-70.0
-70.0
-70.0
-65.0526504369
-70.0
-70.0
-70.0
-70.0
-70.0
-66.7377266021
-64.8891050099
-63.950295221
-63.5886661736
-58.0217785378
-55.0809200051
0
-70.0
-70.0
-70.0
-70.0
-70.0
-70.0
-70.0
-70.0
-70.0
-70.0
-70.0
-70.0
-70.0
-70.0
-70.0
-70.0
-70.0
-70.0
-70.0
-70.0
-70.0
-70.0
-64.8643328241
-61.9541214244
-60.4761905371
-59.9068923202
-59.9017503127
-61.4831715256
-66.8800925421
-69.1314558963
-70.0
-69.0880235452
-68.8529624746
-68.7501604164
-63.8604163111
-61.1312226376
-55.9448132483
0
-70.0
-70.0
-70.0
-70.0
-70.0
-70.0
-70.0
-65.9656614674
-63.6795362989
-62.5185433212
-62.0713294239
-62.0672901047
-62.4827626407
-70.0
-70.0
-70.0
-70.0
-70.0
-70.0
-70.0
-70.0
-70.0
-70.0
-70.0
-70.0
-70.0
-63.3192579437
-60.7795702498
-67.5118386521
-70.0
-70.0
-70.0
-70.0
-70.0
-70.0
-70.0
-70.0
-70.0
-63.7195637806
-57.8596915897
-54.7484452221
-56.0521193012
-65.2492591354
-70.0
-70.0
-70.0
-70.0
-70.0
-70.0
-70.0
-70.0
-70.0
-63.3980266502
-61.3805869716
-66.0160403383
-70.0
-70.0
-70.0
-70.0
-70.0
-70.0
-70.0
-70.0
-63.9546942369
-60.5290209711
-58.7893163126
-58.2756315576
-64.337485271
-70.0
-70.0
-70.0
-70.0
-70.0
-65.2933199087
-62.6262011903
-61.271723253
-55.9075475673
0
-70.0
-70.0
-70.0
-70.0
-70.0
-70.0
-70.0
-70.0
-70.0
-70.0
-64.0354166188
-58.3642402028
-57.2383430541
-63.4545666075
-70.0
-70.0
-70.0
-70.0
-70.0
-70.0
-70.0
-70.0
-63.8016160457
-60.2891984716
-58.8234782931
-59.2673119123
-56.277365274
-55.6838537905
-58.6295215268
-62.4941777749
-65.8538684081
-68.0078871745
-69.3667021951
-70.0
-70.0
-70.0
-63.864041679
-62.445936034
-69.8095446845
-70.0
-70.0
-70.0
-70.0
-67.2908577278
-65.7556771069
-64.9760461641
-64.6757327263
-64.6730202394
-64.8489587393
-65.1262232146
-65.4550411259
-63.6809585802
-70.0
-70.0
-70.0
-70.0
-70.0
-70.0
-70.0
-70.0
-70.0
-70.0
-70.0
-70.0
-64.6688614164
-64.3652531073
-67.2480460292
-70.0
-70.0
-70.0
-70.0
-70.0
-70.0
-70.0
-70.0
-70.0
-70.0
-70.0
-70.0
-70.0
-70.0
-70.0
-70.0
-70.0
-70.0
-70.0
-70.0
-70.0
-70.0
-70.0
-70.0
-70.0
-70.0
-69.3761553344
-69.0226433572
-68.8431147256
-68.7739603892
-68.7733357743
-68.813849813
-68.8776965757
-62.5126259672
-58.9431627365
-57.8128287077
-64.7605998261
-70.0
-70.0
-70.0
-70.0
-70.0
-70.0
-70.0
-70.0
-70.0
-70.0
-63.5300262016
-59.8637077158
-58.4830760089
-62.8764072857
-70.0
-70.0
-70.0
-69.3587554815
-69.1255754858
-65.2227229583
-63.0402540099
-58.1706721599
-55.643233978
-54.6053299362
-54.4957431799
-56.0793941296
0
-70.0
-70.0
-70.0
-70.0
-70.0
-70.0
-70.0
-70.0
-70.0
-70.0
-70.0
-64.4187354918
-67.0663532018
-70.0
-70.0
-70.0
-70.0
-70.0
-70.0
-70.0
-70.0
-70.0
-70.0
-63.3689461417
-59.6113489553
-54.7423513494
-62.2395093083
-70.0
-70.0
-70.0
-70.0
-70.0
-70.0
-70.0
-70.0
-70.0
-70.0
-70.0
-70.0
-70.0
-66.256910877
-70.0
-70.0
-70.0
-70.0
-70.0
-70.0
-70.0
-70.0
-70.0
-70.0
-70.0
-70.0
-63.3630909994
-63.3979663548
-70.0
-70.0
-70.0
-70.0
-70.0
-70.0
-70.0
-70.0
-70.0
-70.0
-70.0
-70.0
-70.0
-70.0
-70.0
-70.0
-70.0
-70.0
-70.0
-70.0
-70.0
-70.0
-70.0
-70.0
-70.0
-70.0
-70.0
-70.0
-70.0
-70.0
-70.0
-70.0
-66.3120413023
-64.2221980402
-63.1608854817
-57.978215074
-55.2693389936
-54.1350353789
0
-70.0
-70.0
-70.0
-70.0
-70.0
-70.0
-70.0
-70.0
-70.0
-65.6726091341
-63.2204209768
-61.9750940498
-61.4953947586
-61.4910620253
-61.9381687125
-67.7185456151
-70.0
-70.0
-70.0
-70.0
-70.0
-70.0
-70.0
-70.0
-70.0
-63.8792259134
-60.4107872643
-58.6493644993
-59.6269203058
-65.4811428645
-70.0
-70.0
-70.0
-70.0
-66.0886288751
-61.6136425293
-59.2081959708
-58.1246548367
-57.8703749951
-58.1221279235
-58.6691087499
0
-70.0
-70.0
-70.0
-70.0
-70.0
-70.0
-70.0
-70.0
-70.0
-70.0
-70.0
-70.0
-70.0
-70.0
-70.0
-70.0
-70.0
-70.0
-70.0
-70.0
-70.0
-70.0
-70.0
-70.0
-70.0
-63.8255384206
-60.326676859
-58.7157999202
-60.4389243844
-65.78094634
-70.0
-70.0
-70.0
-70.0
-70.0
-70.0
-70.0
-70.0
-70.0
-70.0
-70.0
-66.3441600806
-70.0
-70.0
-70.0
-70.0
-70.0
-70.0
-70.0
-70.0
-70.0
-70.0
-70.0
-70.0
-70.0
-70.0
-70.0
-70.0
-70.0
-69.6950743819
-70.0
-70.0
-65.6305132321
-63.1544707302
-58.1483593992
-55.5397472873
-54.4565884439
-54.3248068564
-56.2581164168
-65.3520995121
-70.0
-70.0
-70.0
-70.0
-70.0
-70.0
-70.0
-70.0
-70.0
-63.7342545751
-60.1836655009
-59.211713389
-63.0180061353
-69.042711917
-70.0
-70.0
-70.0
-70.0
-70.0
-64.5546489917
-59.2226355037
-56.3826728941
-55.1326062319
-54.8781460268
-55.5620030376
-62.8285683398
-70.0
-70.0
-70.0
-70.0
-70.0
-70.0
-64.6791023254
-61.6639269765
-60.1326908679
-54.8024870534
0
-70.0
-70.0
-70.0
-70.0
-70.0
-70.0
-70.0
-70.0
-70.0
-70.0
-65.3378357408
-63.3741274298
-60.8570482423
-62.6585656061
-66.9601341314
-70.0
-70.0
-70.0
-70.0
-70.0
-70.0
-70.0
-70.0
-70.0
-70.0
-70.0
-70.0
-70.0
-70.0
-70.0
-70.0
-70.0
-70.0
-70.0
-70.0
-70.0
-70.0
-70.0
-70.0
-70.0
-70.0
-70.0
-70.0
-70.0
-70.0
-64.3339897527
-61.1232506125
-59.4926987747
-58.8646110461
-59.0233136391
-63.0267755935
-70.0
-70.0
-70.0
-70.0
-70.0
-70.0
-70.0
-70.0
-64.3175349545
-61.0974714288
-59.4621842657
-59.006291669
-60.6041470641
-63.2292215643
-70.0
-70.0
-69.9235961154
-69.9972054419
-66.3064659258
-64.2151400187
-63.1531731404
-62.7442205755
-62.7407083506
-62.980577404
-63.3584795893
-64.6523422574
-70.0
-70.0
-70.0
-70.0
-70.0
-67.350032215
-65.8483838035
-65.0857819632
-64.7920281269
-64.7893748875
-64.9614704477
-65.2326787688
-66.0534516042
-69.8830253716
-70.0
-70.0
-70.0
-70.0
-70.0
-70.0
-70.0
-70.0
-70.0
-63.8506950935
-60.3660889799
-59.9516148986
-63.9308676054
-70.0
-70.0
-69.7533195372
-69.9182409437
-66.570623449
-64.6763655039
-63.71726522
-63.3512295424
-63.3532338177
-63.5759952557
-64.0940204398
-67.441334384
-70.0
-70.0
-70.0
-70.0
-70.0
-70.0
-70.0
-70.0
-70.0
-70.0
-70.0
-70.0
-70.0
-70.0
-70.0
-70.0
-70.0
-70.0
-70.0
-70.0
-70.0
-70.0
-70.0
-63.7079903853
-60.3093697689
-61.4687920285
-70.0
-70.0
-70.0
-70.0
-70.0
-70.0
-70.0
-70.0
-70.0
-70.0
-63.8925956411
-60.431733171
-58.6741579166
-58.5018237219
-60.3112816605
-64.5784538761
-63.8676354694
-64.6468857357
-62.033918403
-60.8991448939
-60.5216426253
-60.6110865099
-60.9777166237
-56.0239042347
-54.3637476482
-59.8145648448
-70.0
-70.0
-70.0
-70.0
-67.7452115774
-66.467498138
-62.1007937475
-59.7440779883
-58.6719125998
0
-70.0
-70.0
-70.0
-70.0
-70.0
-70.0
-70.0
-70.0
-67.977762397
-66.8318277553
-62.5366765312
-60.2083632457
-59.1377631662
-54.1540958509
0
-70.0
-70.0
-70.0
-70.0
-70.0
-70.0
-68.1464620209
-67.0961238328
-66.5627167921
-66.3572486746
-66.3553928483
-66.4757662576
-67.1759402619
-68.8934066072
-70.0
-70.0
-69.864436503
-70.0
-66.5815344791
-64.6444040173
-63.6606456063
-63.2817023728
-63.2782796869
-63.5002834192
-63.8501428779
-65.1147683885
-66.4660033914
-70.0
-70.0
-70.0
-70.0
-70.0
-70.0
-65.5086640408
-62.9635736639
-61.6710669824
-61.173194074
-61.1686971932
-55.6727429674
0
-70.0
-70.0
-70.0
-70.0
-70.0
-70.0
-68.7766149483
-68.083363419
-67.7313003875
-67.595685889
-62.2571284318
-59.3120896765
-54.2062537118
0
-70.0
-70.0
-70.0
-70.0
-70.0
-70.0
-70.0
-70.0
-70.0
-70.0
-70.0
-70.0
-70.0
-70.0
-70.0
-70.0
-70.0
-70.0
-70.0
-70.0
-70.0
-66.5690438608
-64.6248353819
-63.6374824485
-63.2571546068
-63.253719415
-63.4765343193
-63.827672118
-64.2440990599
-69.5427892355
-70.0
-70.0
-70.0
-70.0
-70.0
-70.0
-70.0
-70.0
-70.0
-70.0
-70.0
-70.0
-70.0
-70.0
-70.0
-70.0
-70.0
-70.0
-70.0
-70.0
-70.0
-70.0
-70.0
-70.0
-70.0
-70.0
-70.0
-70.0
-70.0
-70.0
-70.0
-70.0
-70.0
-70.0
-70.0
-66.975079415
-65.2609577502
-64.3904528263
-64.0551347778
-58.7283603665
-55.9080170409
-54.6855438109
-54.8146080145
0
-70.0
-70.0
-70.0
-70.0
-70.0
-70.0
-70.0
-70.0
-70.0
-70.0
-70.0
-70.0
-70.0
-70.0
-70.0
-70.0
-70.0
-70.0
-70.0
-70.0
-70.0
-70.0
-70.0
-70.0
-70.0
-70.0
-70.0
-70.0
-70.0
-70.0
-70.0
-70.0
-66.6566394007
-64.7620683944
-63.7999235109
-63.429305797
-63.4259583088
-63.6430845389
-57.9420386019
-58.7623153463
-63.0883163508
-65.9301205938
-66.1677151065
-66.5808454309
-66.9426954445
-67.2617156046
-62.2325070492
-59.4738983478
-58.1696031819
0
-70.0
-70.0
-70.0
-70.0
-70.0
-70.0
-70.0
-70.0
-70.0
-70.0
-70.0
-70.0
-70.0
-70.0
-70.0
-70.0
-70.0
-70.0
-70.0
-70.0
-68.9075679085
-68.2885230566
-67.9741453769
-67.8530472566
-67.8519534758
-67.9228987581
-68.0347026356
-68.1672948742
-68.3079403883
-70.0
-70.0
-70.0
-70.0
-70.0
-70.0
-70.0
-70.0
-70.0
-70.0
-70.0
-70.0
-70.0
-63.6109962365
-58.8320240918
-60.209438141
-64.74775809
-66.9731733692
-68.8353300052
-70.0
-70.0
-70.0
-70.0
-70.0
-70.0
-70.0
-63.6388692544
-59.2305172685
-64.0341096573
-70.0
-70.0
-70.0
-70.0
-68.5951407825
-65.6016299343
-63.9521357609
-63.1640347315
-62.9190396228
-57.7179798557
-55.0067446668
0
-70.0
-70.0
-70.0
-70.0
-70.0
-70.0
-70.0
-68.4173124312
-67.5204561422
-67.0649938307
-66.8895499828
-66.8879653413
-66.990749045
-67.1527276324
-61.1477734451
-55.9871554386
-56.3591063771
-64.4512179849
-70.0
-70.0
-70.0
-70.0
-65.9977584729
-63.7298216075
-62.5780654347
-62.1344095498
-62.1304023673
-62.3903179788
-62.7999234131
-63.9812518614
-70.0
-70.0
-70.0
-70.0
-68.4509230337
-67.5731127528
-67.1273228258
-66.9556047755
-66.9540537861
-67.0546547329
-67.2131934765
-67.4012102735
-68.3018857359
-70.0
-70.0
-70.0
-70.0
-70.0
-70.0
-70.0
-70.0
-70.0
-70.0
-64.046558494
-60.6729416407
-55.3064877101
0
-70.0
-70.0
-70.0
-70.0
-70.0
-70.0
-70.0
-67.7488924652
-66.4732648621
-65.8254461382
-65.5759066992
-65.5736528125
-65.7198453868
-66.8484045593
-64.9752790074
-69.0548291953
-70.0
-70.0
-70.0
-70.0
-70.0
-70.0
-70.0
-70.0
-70.0
-70.0
-70.0
-70.0
-70.0
-70.0
-70.0
-70.0
-70.0
-70.0
-70.0
-70.0
-70.0
-70.0
-64.2917809021
-61.0571234134
-59.4144248063
-58.7816581485
-59.8348231543
-65.5599351746
-70.0
-70.0
-70.0
-70.0
-70.0
-70.0
-70.0
-70.0
-70.0
-70.0
-70.0
-70.0
-70.0
-70.0
-70.0
-70.0
-68.1058586931
-67.0325119525
-66.4874201764
-66.2774511048
-66.2755546251
-60.7079741499
-57.6771600598
-56.2694329371
-55.8824822323
-61.1129260589
-70.0
-70.0
-70.0
-70.0
-70.0
-70.0
-70.0
-65.8304395209
-63.4676885828
-62.2677817338
-57.1993141129
-54.5849230699
0
-70.0
-70.0
-70.0
-70.0
-70.0
-70.0
-70.0
-70.0
-70.0
-70.0
-70.0
-70.0
-70.0
-70.0
-70.0
-70.0
-70.0
-70.0
-70.0
-70.0
-70.0
-69.2379581999
-68.8061345132
-64.9576396368
-62.8166213898
-61.7714563952
-61.4186421853
-61.4929989198
-61.8211796632
-62.465607034
-70.0
-70.0
-70.0
-70.0
-70.0
-70.0
-70.0
-70.0
-70.0
-70.0
-64.0507303862
-60.679477605
-59.1468018604
-60.7604924688
-68.4453630576
-70.0
-70.0
-70.0
-68.2449156113
-67.2503677911
-66.7452935059
-66.5507391513
-66.5489819001
-66.6629614861
-66.8425838548
-67.0556044809
-68.0059927157
-67.474465775
-70.0
-70.0
-70.0
-70.0
-70.0
-70.0
-70.0
-70.0
-64.3937744871
-59.0432237799
-56.1981192295
-54.9511191916
-54.7045485292
-57.7287890779
-70.0
-70.0
-70.0
-70.0
-70.0
-70.0
-70.0
-70.0
-70.0
-70.0
-70.0
-70.0
-70.0
-70.0
-70.0
-70.0
-70.0
-70.0
-70.0
-70.0
-70.0
-70.0
-70.0
-70.0
-70.0
-70.0
-63.8257013992
-60.3269321921
-58.7286333423
-59.3913081909
-59.4559744531
-66.4745978148
-70.0
-70.0
-70.0
-68.0334751921
-66.9191111343
-62.7389771896
-58.3044038331
-56.0335130248
-55.1365281056
-55.0937862173
-55.565014877
-56.8795445719
-59.1793675664
-64.8786560461
-70.0
-70.0
-70.0
-70.0
-70.0
-70.0
-70.0
-70.0
-64.4514947329
-61.3073417481
-59.7106052324
-59.0955431485
-59.0899877932
-61.2788500885
-70.0
-70.0
-70.0
-70.0
-70.0
-70.0
-70.0
-65.9857188184
-63.7109594822
-62.5557385644
-62.1107480615
-62.1067288244
-62.3674263214
-62.7782639422
-63.9940944832
-70.0
-70.0
-70.0
-70.0
-70.0
-70.0
-70.0
-70.0
-70.0
-70.0
-70.0
-70.0
-70.0
-70.0
-70.0
-70.0
-68.9078040132
-70.0
-70.0
-67.666785789
-66.3446310694
-65.6731838686
-65.4145427526
-65.4122066579
-65.5637314458
-65.802521937
-66.8141017066
-70.0
-70.0
-70.0
-70.0
-70.0
-70.0
-70.0
-70.0
-70.0
-70.0
-70.0
-70.0
-70.0
-70.0
-70.0
-70.0
-70.0
-70.0
-69.3329726025
-68.9549904106
-68.7630347485
-68.6890935262
-68.6884256753
-68.731744109
-68.8000103655
-68.8809697739
-68.9668464265
-69.2311398426
-70.0
-70.0
-70.0
-70.0
-70.0
-70.0
-70.0
-70.0
-70.0
-70.0
-64.1216113987
-60.7905245247
-59.0988549161
-58.4472246537
-58.6249078209
-65.4804877393
-70.0
-70.0
-70.0
-70.0
-68.9330055401
-68.3283753462
-68.0213180517
-67.9030397399
-67.9019714281
-67.9712647268
-68.0804652151
-68.209970001
-68.9046479315
-70.0
-70.0
-70.0
-70.0
-70.0
-70.0
-70.0
-70.0
-70.0
-70.0
-64.081083189
-58.5605594962
-55.6295599639
-54.3499749124
-55.2030895951
-62.3977357998
-66.5841314617
-70.0
-70.0
-70.0
-66.0022239981
-63.736817597
-62.5863465031
-62.14318563
-62.1391829185
-62.3988085276
-62.8079569422
-64.9419629344
-70.0
-70.0
-69.1857888994
-68.7244026091
-68.4900907479
-68.3998339396
-63.1877590782
-60.2875888588
-58.8712337652
-58.3923795835
-58.491987755
-59.6668735716
-61.2623032618
-66.1403112161
-70.0
-70.0
-70.0
-70.0
-66.7809047206
-64.9567507289
-64.0303666429
-63.6735239699
-63.6703009005
-63.8793570288
-64.2088121381
-64.7811504617
-69.0943801704
-69.8825632461
-70.0
-70.0
-70.0
-70.0
-70.0
-70.0
-70.0
-70.0
-70.0
-70.0
-70.0
-70.0
-70.0
-70.0
-70.0
-67.5905623618
-66.2252143668
-65.5318317576
-65.2647411335
-65.2623287212
-65.4188036498
-65.665395152
-65.9578368816
-66.2680406899
-70.0
-70.0
-70.0
-70.0
-70.0
-70.0
-70.0
-70.0
-70.0
-70.0
-70.0
-70.0
-63.9236987837
-58.3164843444
-55.3416062028
-56.2475691259
-65.6036442158
-70.0
-70.0
-70.0
-70.0
-70.0
-70.0
-70.0
-64.6416405343
-59.4436441288
-56.6767248145
-55.4606823987
-55.2157008694
-56.1079456337
-60.9605646988
-67.2029407695
-70.0
-70.0
-69.8569130901
-70.0
-70.0
-65.5253566563
-60.8294670949
-58.3176177882
-57.1999209446
-56.9559721403
-57.2444037864
-57.8426493145
-59.1520450417
-66.172985359
-70.0
-70.0
-70.0
-70.0
-66.2412309373
-64.1112618018
-63.0295715938
-58.0523597121
-55.4642872594
-54.3959675458
-54.4611295771
-56.8599329525
-58.0858253173
-65.0878304922
-70.0
-70.0
-70.0
-70.0
-70.0
-70.0
-70.0
-64.211090534
-60.9307085032
-59.2647890013
-58.6230776668
-61.1817868529
-70.0
-70.0
-70.0
-70.0
-70.0
-70.0
-70.0
-70.0
-70.0
-64.8938592436
-62.0003794817
-60.5309456418
-59.9649204831
-61.0651538956
-61.2320542273
-65.9502048988
-70.0
-70.0
-70.0
-70.0
-70.0
-70.0
-64.5455536736
-61.4547007553
-59.8850323124
-59.2803968363
-59.2749356561
-57.7110413379
-66.3065410108
-70.0
-70.0
-70.0
-68.5578202515
-67.7405850607
-67.3255577775
-67.1656894817
-67.1642455214
-61.652332201
-58.623439802
-57.1853230359
-56.749608875
-60.0688163377
-70.0
-70.0
-70.0
-70.0
-70.0
-70.0
-70.0
-70.0
-64.9078819342
-62.0223483636
-60.5569499424
-59.992479225
-59.9873808204
-60.3180757502
-63.9872800374
-68.841047944
-70.0
-70.0
-70.0
-70.0
-70.0
-66.4188753462
-62.2414099174
-59.9935503295
-55.3981138019
0
-70.0
-70.0
-70.0
-70.0
-70.0
-70.0
-70.0
-70.0
-70.0
-70.0
-70.0
-65.549514704
-63.0275730362
-61.7468222677
-56.7259514578
0
-70.0
-70.0
-70.0
-70.0
-70.0
-70.0
-70.0
-70.0
-70.0
-70.0
-70.0
-70.0
-70.0
-63.9800908229
-60.5688089559
-59.9292995626
-64.5507667547
-70.0
-70.0
-70.0
-70.0
-70.0
-70.0
-70.0
-70.0
-70.0
-70.0
-70.0
-70.0
-63.8379650277
-58.2083525017
-57.2948720403
-61.6781221333
-67.5823396168
-70.0
-70.0
-70.0
-70.0
-70.0
-70.0
-70.0
-70.0
-70.0
-70.0
-70.0
-70.0
-70.0
-70.0
-67.7738272699
-66.5123293895
-65.8716863483
-65.6249109786
-65.6226820575
-65.767255303
-65.9950907401
-66.2652889778
-60.5883570899
-60.6960065825
-64.4433214182
-66.6830691733
-70.0
-70.0
-70.0
-66.1036008118
-61.7608235634
-59.429796429
-58.3835202673
-58.1429705614
0
-70.0
-70.0
-70.0
-70.0
-70.0
-70.0
-70.0
-70.0
-70.0
-66.721198169
-64.8632104647
-63.91964416
-63.5561829052
-63.5529000554
-63.7658336771
-64.1013993942
-64.8719738814
-68.1784060415
-67.5923675541
-70.0
-70.0
-68.0881564963
-67.0047785109
-66.454592436
-66.2426610432
-61.1134304813
-56.2023027949
0
-70.0
-70.0
-70.0
-70.0
-70.0
-70.0
-70.0
-70.0
-65.5050337671
-62.9578862351
-61.6643348415
-56.6741384457
-54.1242159934
-55.3829408019
-64.7060844335
-70.0
-70.0
-70.0
-70.0
-70.0
-67.0773297964
-65.4211500144
-64.5800704781
-64.2560870737
-64.2531607952
-64.442966335
-64.7420841143
-59.0962417344
-60.2782611022
-70.0
-70.0
-70.0
-70.0
-70.0
-68.0814612112
-66.9942892309
-66.4421764016
-66.229502824
-66.2275819167
-66.3521766417
-66.5485275887
-66.7813872372
-60.9120458136
-59.2134114575
-63.2990754384
-66.0259651405
-68.6756100407
-70.0
-70.0
-70.0
-70.0
-70.0
-70.0
-64.0730664898
-60.714470834
-60.7350281319
-61.1851724079
-64.9777578955
-67.8417599848
-70.0
-70.0
-70.0
-70.0
-70.0
-70.0
-70.0
-70.0
-70.0
-70.0
-70.0
-70.0
-70.0
-70.0
-70.0
-70.0
-70.0
-70.0
-65.5191014711
-62.979925638
-61.6904226169
-56.7218741939
-54.1833493336
0
-70.0
-70.0
-70.0
-70.0
-70.0
-70.0
-70.0
-70.0
-70.0
-70.0
-70.0
-70.0
-64.3410109842
-61.1342505419
-59.5057192584
-59.2623057859
-63.268032811
-70.0
-70.0
-70.0
-69.7544573934
-69.6153165829
-69.5446548772
-65.0554861403
-62.5268020268
-61.2586981579
-60.7892125645
-60.8145474564
-61.135930143
-61.6242287501
-59.6750778747
-70.0
-70.0
-70.0
-70.0
-69.9881281596
-69.9814007834
-69.9779843316
-69.9766683161
-69.9766564296
-69.9774274167
-69.9786424284
-69.9800833545
-63.8956014769
-63.7086570075
-68.361234956
-70.0
-70.0
-70.0
-70.0
-70.0
-65.5482761148
-63.0256325799
-61.7445253729
-61.2510435363
-61.2465863165
-61.5356924407
-62.9460360885
-70.0
-70.0
-70.0
-70.0
-70.0
-70.0
-70.0
-70.0
-70.0
-70.0
-70.0
-70.0
-70.0
-70.0
-65.952598443
-70.0
-70.0
-70.0
-70.0
-70.0
-70.0
-70.0
-65.5317296369
-62.9997097645
-61.7138408489
-61.2185248046
-61.2140510179
-61.5042317119
-64.4733294749
-70.0
-70.0
-70.0
-70.0
-70.0
-70.0
-70.0
-70.0
-70.0
-70.0
-70.0
-70.0
-70.0
-70.0
-70.0
-70.0
-70.0
-70.0
-70.0
-66.5782033859
-64.6391853045
-63.6544682789
-63.2751557876
-63.2717297665
-63.4939498283
-63.8441502045
-64.4454654065
-68.2619355644
-70.0
-70.0
-70.0
-70.0
-70.0
