-67.85
-65.915
-63.3535
-61.3214833333
-59.6748905556
-58.314438537
-57.1710193747
-56.1959338981
-56.1743514823
-55.9055903167
-55.4974806067
-55.8393654272
-55.7998508053
-56.3528136719
-57.2428309362
-70.0
-70.0
-70.0
-70.0
-70.0
-70.0
-70.0
-70.0
-70.0
-70.0
-70.0
-70.0
-70.0
-70.0
-69.7062358168
-68.0031027797
-66.3311195314
-64.7335589314
-62.4139039403
-59.7383141477
-57.7583498005
-56.2617595322
-55.1050800535
-54.1909030311
0
-70.0
-70.0
-70.0
-70.0
-67.8277300177
-65.8801103611
-70.0
-70.0
-70.0
-70.0
-70.0
-70.0
-70.0
-70.0
-70.0
-70.0
-70.0
-70.0
-70.0
-69.3740339902
-68.3026532513
-67.8197363662
-66.885995023
-65.7128837163
-64.4352541417
-63.1375012589
-61.0509328206
-59.3806273303
-58.0157564584
-56.8796420533
-55.9186520085
-55.9147695813
-55.665281139
-55.2767453689
-54.8177323946
-54.3317335302
-70.0
-70.0
-70.0
-70.0
-70.0
-70.0
-70.0
-70.0
-70.0
-70.0
-70.0
-70.0
-70.0
-70.0
-69.4109426909
-67.5404768824
-65.7835148346
-64.1532204447
-62.653269796
-61.2815237469
-60.0324253259
-58.8985520957
-57.8716097544
-56.9430573579
-56.1044906746
-54.5278676422
0
-70.0
-70.0
-70.0
-70.0
-70.0
-70.0
-70.0
-70.0
-70.0
-70.0
-70.0
-70.0
-70.0
-70.0
-70.0
-70.0
-70.0
-70.0
-69.4082541349
-68.3562648114
-67.0631957236
-65.6685810801
-64.259526258
-62.8887758228
-61.5866997009
-59.5492307044
-57.9584416164
-56.6886867764
-54.8338776465
-54.3298629136
0
-70.0
-70.0
-70.0
-70.0
-70.0
-70.0
-70.0
-70.0
-70.0
-70.0
-70.0
-70.0
-70.0
-70.0
-70.0
-70.0
-70.0
-69.5602854482
-68.5944472021
-67.3451293478
-65.9673676569
-64.5584650538
-63.9978413235
-63.1448723745
-62.1449285927
-61.0901313705
-59.2175819915
-57.736799631
-56.5404368937
-55.5546046882
-54.7279518753
-54.0243617917
0
-70.0
-70.0
-70.0
-70.0
-70.0
-70.0
-70.0
-70.0
-70.0
-70.0
-70.0
-70.0
-70.0
-70.0
-69.4572941982
-67.6130942439
-65.0494711299
-62.9596482238
-61.223766206
-59.7581114551
-58.5034482227
-57.4172020092
-56.4682142142
-55.6332143966
-54.8944406929
-54.2380284476
0
-70.0
-70.0
-70.0
-70.0
-70.0
-70.0
-70.0
-70.0
-70.0
-70.0
-70.0
-70.0
-70.0
-70.0
-70.0
-69.7195488344
-68.0239598406
-66.355807783
-64.7597229556
-62.440081294
-60.5836269206
-59.0669667325
-57.8047383953
-56.7372434464
-55.8221716955
-55.0290562552
-54.3355517824
0
-70.0
-70.0
-70.0
-70.0
-70.0
-70.0
-70.0
-70.0
-70.0
-70.0
-70.0
-70.0
-70.0
-70.0
-70.0
-69.9732772156
-69.2414676377
-68.1109996364
-66.7790188478
-65.3705297463
-63.9630852939
-62.603182446
-61.3171346557
-60.1182681597
-59.0116726567
-57.9973262664
-57.07214089
-56.2312916345
-55.46907236
-54.7794383834
-54.9763433846
-54.0586082725
-66.022635555
-70.0
-70.0
-70.0
-70.0
-70.0
-70.0
-70.0
-70.0
-70.0
-70.0
-70.0
-70.0
-70.0
-69.7239461003
-68.8508488905
-67.6486289349
-65.4690093304
-63.5956039233
-61.9683738817
-60.5430900606
-59.2864834326
-58.1729700081
-57.1824296197
-56.2986910661
-55.508491565
-55.6207554789
-55.4507553112
-55.1170633669
0
-70.0
-70.0
-70.0
-70.0
-70.0
-70.0
-70.0
-70.0
-70.0
-70.0
-70.0
-70.0
-70.0
-68.9781608942
-67.6824520676
-66.2656117027
-64.823320427
-63.4138349807
-62.0710158802
-60.8129572239
-59.6476901227
-58.5769401912
-57.5985922259
-57.5282970392
-57.1851766925
-57.5097985948
-57.4042451163
-57.0441048587
-56.5432172088
-61.0545773782
-70.0
-70.0
-70.0
-70.0
-70.0
-70.0
-70.0
-70.0
-70.0
-70.0
-70.0
-70.0
-70.0
-70.0
-69.4132438864
-67.5440820887
-65.7877822738
-63.3377429757
-61.3731279643
-60.5852546921
-59.7096889056
-58.8106931369
-57.1076059044
-54.9788333681
-54.3056087341
0
-70.0
-70.0
-70.0
-70.0
-70.0
-70.0
-70.0
-70.0
-70.0
-70.0
-70.0
-70.0
-70.0
-70.0
-70.0
-70.0
-69.824433779
-69.0082795871
-67.8349777524
-66.4864973932
-65.0778592645
-63.6800810785
-62.3354114643
-61.8874293136
-61.9923923794
-62.4256238063
-62.2213752021
-61.6414468663
-60.8554416359
-59.9719904431
-58.239520046
-56.8753871396
-55.7777278244
-54.8765413078
-70.0
-70.0
-70.0
-70.0
-70.0
-70.0
-70.0
-70.0
-70.0
-70.0
-70.0
-70.0
-70.0
-70.0
-69.3999108348
-68.3431936413
-67.0477235371
-65.6521840233
-64.2431208476
-62.8729122473
-61.5716900122
-59.5352336707
-57.9455187435
-56.6768391623
-55.6430701082
-54.7847063389
-54.0601978659
0
-70.0
-70.0
-70.0
-70.0
-70.0
-70.0
-70.0
-70.0
-70.0
-70.0
-70.0
-70.0
-70.0
-70.0
-69.7249733396
-68.852458232
-67.6505338931
-66.29102816
-64.0622904481
-62.206304806
-60.6358365939
-58.4690277802
-56.8366415659
-55.5793217852
-54.5889525239
0
-70.0
-70.0
-70.0
-70.0
-70.0
-70.0
-70.0
-70.0
-70.0
-70.0
-70.0
-70.0
-70.0
-70.0
-70.0
-70.0
-70.0
-69.7112447979
-68.8309501833
-67.6250750752
-66.2640475078
-64.8552960504
-64.2848686409
-64.2364499073
-63.6828503368
-62.8445955833
-61.8634895451
-60.8293762707
-59.797929097
-58.8024631562
-57.8617681532
-56.985292213
-56.176563575
-55.4354409398
-69.9995561886
-70.0
-70.0
-70.0
-70.0
-70.0
-70.0
-70.0
-70.0
-70.0
-70.0
-69.5421040394
-68.565962995
-67.3114129352
-65.9316358015
-64.5227149945
-63.1432720106
-61.8274971532
-59.7737823336
-58.1657606974
-56.8787556925
-55.8272608331
-54.1321218897
0
-70.0
-70.0
-70.0
-70.0
-70.0
-70.0
-70.0
-70.0
-70.0
-70.0
-70.0
-70.0
-70.0
-70.0
-70.0
-70.0
-69.7604207488
-68.9079925064
-67.7162691441
-66.3606928219
-64.9519906012
-63.5583695821
-62.2202513179
-60.9600386487
-60.6085764256
-59.9940798776
-58.4222459528
-56.3284040662
-54.8111521321
0
-70.0
-70.0
-70.0
-70.0
-70.0
-70.0
-70.0
-70.0
-70.0
-70.0
-70.0
-70.0
-70.0
-70.0
-70.0
-70.0
-69.5487095476
-68.5763116246
-67.3236624833
-65.9446175824
-64.5357033891
-63.1558314268
-61.8393805352
-60.6048639824
-58.6406585847
-57.1241133932
-55.9267158319
-54.9607201007
-54.1657653253
0
-70.0
-70.0
-70.0
-70.0
-70.0
-70.0
-70.0
-70.0
-70.0
-70.0
-70.0
-70.0
-70.0
-70.0
-70.0
-69.8935106416
-69.1165000052
-67.9630769565
-66.6222538954
-64.3936849289
-62.5267540514
-60.9390370565
-59.571772291
-58.3823543553
-57.3392917821
-56.4188111788
-55.6025624441
-54.8760611219
-54.2276249578
0
-70.0
-70.0
-70.0
-70.0
-70.0
-70.0
-70.0
-70.0
-70.0
-70.0
-70.0
-70.0
-70.0
-70.0
-70.0
-70.0
-69.632414625
-68.7074495792
-67.478888899
-66.109122861
-64.7002924761
-63.314984496
-61.9899668914
-60.7452907656
-60.4103087312
-60.6323092196
-60.3610992053
-59.8030032232
-59.0913788598
-58.3113582798
-57.5163006558
-56.7387227262
-55.9975518776
-70.0
-70.0
-70.0
-70.0
-70.0
-70.0
-70.0
-70.0
-70.0
-70.0
-70.0
-70.0
-69.7709817706
-68.9245381073
-67.7358539724
-65.561448359
-64.5080900457
-63.3424720562
-62.1483521939
-60.9769352035
-59.8581871691
-58.8083321094
-57.8348080034
-56.9395332729
-56.1210506589
-55.3759260685
-54.6996537787
-54.0872352788
0
-70.0
-70.0
-70.0
-70.0
-70.0
-70.0
-70.0
-70.0
-70.0
-70.0
-70.0
-70.0
-70.0
-70.0
-69.3613566658
-68.2827921097
-66.9762269725
-65.5764136577
-64.1673118802
-62.7996070844
-61.5023306374
-60.290553748
-59.1704691561
-58.1427360957
-57.204671723
-56.3516773752
-55.5781581874
-54.8781080685
-54.2454743948
0
-70.0
-70.0
-70.0
-70.0
-70.0
-70.0
-70.0
-70.0
-70.0
-70.0
-70.0
-70.0
-70.0
-70.0
-69.5297148862
-68.5465533218
-68.108437939
-67.1919541114
-66.0189986778
-64.7312587951
-63.4175729056
-62.1321089417
-60.906426932
-59.7574701617
-57.8728470942
-56.4296450172
-55.2994022704
-54.39460988
0
-70.0
-70.0
-70.0
-70.0
-70.0
-70.0
-70.0
-70.0
-70.0
-70.0
-70.0
-70.0
-70.0
-70.0
-70.0
-70.0
-69.324132467
-68.2244741983
-66.9071967638
-65.5032570776
-64.09411803
-62.7288306671
-61.4353638938
-60.2281050333
-59.1128128826
-58.0898771628
-56.3364531588
-55.0231836511
-54.0177824914
0
-70.0
-70.0
-70.0
-70.0
-70.0
-70.0
-70.0
-70.0
-70.0
-70.0
-70.0
-70.0
-69.6312419385
-68.7056123703
-67.4767142171
-66.1068181846
-64.6979866256
-63.3127548026
-61.9878572155
-60.7433234227
-59.5884923662
-58.5259773201
-57.5542690485
-56.6694351172
-55.8662202545
-55.1387506618
-54.4809772174
-54.7069472435
0
-70.0
-70.0
-70.0
-70.0
-70.0
-70.0
-70.0
-70.0
-70.0
-70.0
-70.0
-70.0
-70.0
-70.0
-69.4551490739
-69.2497335491
-67.6148264492
-65.9967213077
-64.4426341791
-62.9787607627
-61.6178113541
-60.3639813305
-59.216217272
-57.3503515944
-55.9358204681
-55.6592411101
-55.2546521249
0
-70.0
-70.0
-70.0
-70.0
-70.0
-70.0
-70.0
-70.0
-70.0
-70.0
-70.0
-70.0
-70.0
-70.0
-70.0
-70.0
-69.4193886838
-68.373708938
-67.0838441259
-65.6904637678
-63.461420094
-61.6252798866
-60.0860864326
-59.5963674791
-58.9326571911
-58.1866757785
-57.4161977384
-56.656704323
-55.9291181297
-55.2449291427
-54.6095847791
0
-70.0
-70.0
-70.0
-70.0
-70.0
-70.0
-70.0
-70.0
-70.0
-70.0
-70.0
-70.0
-70.0
-70.0
-69.4806939875
-67.6497539138
-65.9128647391
-64.2903024096
-62.7904215983
-61.4141457249
-60.1579086767
-59.0155694918
-57.9796469979
-57.8621052683
-57.4795100549
-56.130635925
-55.0669569163
-54.2098509471
0
-70.0
-70.0
-70.0
-70.0
-70.0
-70.0
-70.0
-70.0
-70.0
-70.0
-70.0
-70.0
-70.0
-70.0
-69.3528783428
-68.2695094037
-66.9605043934
-65.5597512408
-64.1506409746
-62.7834867823
-61.4870780409
-60.2763301947
-59.1573371471
-58.130696747
-57.1936892821
-56.3416951604
-55.5691088487
-54.8699201
-54.2380761808
0
-70.0
-70.0
-70.0
-70.0
-70.0
-70.0
-70.0
-70.0
-70.0
-70.0
-70.0
-70.0
-70.0
-70.0
-69.3897741825
-68.3273128859
-67.0289256784
-65.632262498
-63.4031891731
-62.3889722058
-60.4974762851
-58.9626628566
-57.6930193709
-55.8047993005
-54.4283739482
0
-70.0
-70.0
-70.0
-70.0
-70.0
-70.0
-70.0
-70.0
-70.0
-70.0
-70.0
-70.0
-70.0
-70.0
-70.0
-70.0
-69.8607970485
-69.0652487094
-67.9024114155
-65.7379619921
-64.6846936049
-63.5132427858
-62.3099308681
-60.3076126886
-58.7126346912
-56.5952267365
-55.0549410724
0
-70.0
-70.0
-70.0
-70.0
-70.0
-70.0
-70.0
-70.0
-70.0
-70.0
-70.0
-70.0
-70.0
-70.0
-70.0
-70.0
-70.0
-69.4140633547
-69.1853659223
-68.3586352655
-67.2006423626
-65.8824918754
-63.6921851872
-61.8715950014
-59.5135210566
-57.7315593211
-56.3546636358
-55.2667041034
-54.3883715805
0
-70.0
-70.0
-70.0
-70.0
-70.0
-70.0
-70.0
-70.0
-70.0
-70.0
-70.0
-70.0
-70.0
-70.0
-69.8944200855
-69.1179248006
-67.9647634697
-66.6240412221
-66.0354731662
-65.0978165604
-63.981962045
-63.6163839342
-62.8931576032
-61.9794498846
-60.9819102572
-59.9673228055
-58.976326241
-58.8525174276
-58.4331482253
-57.8504217631
-57.1891051603
-61.58267836
-70.0
-70.0
-70.0
-70.0
-70.0
-70.0
-70.0
-70.0
-70.0
-70.0
-69.3165730202
-68.2126310651
-66.8931781898
-66.3084005249
-65.3639205752
-64.2351019195
-63.0333073288
-61.0077869967
-59.3755485643
-57.2136872193
-55.6261141717
-54.4360332041
0
-70.0
-70.0
-70.0
-70.0
-68.0510451972
-70.0
-70.0
-70.0
-70.0
-70.0
-70.0
-70.0
-70.0
-70.0
-70.0
-70.0
-70.0
-69.8020692492
-68.9732418238
-67.7935039744
-66.4425444656
-65.0338839448
-62.8175581675
-61.0105107622
-59.5092652936
-58.2415425027
-57.1561907447
-57.0364399984
-56.6800415507
-56.1935344304
-55.6451790105
-55.0779931249
-54.5184151561
-64.1420545359
-70.0
-70.0
-70.0
-70.0
-70.0
-70.0
-70.0
-70.0
-70.0
-70.0
-69.5081096124
-68.5127050594
-67.248372159
-66.6848266801
-65.7405385034
-64.5992809806
-64.1978837676
-63.4337826475
-62.4775292206
-61.4378595237
-60.3827957215
-59.3536642494
-58.3743965579
-57.457689391
-56.6090754445
-55.8296045618
-54.2976018801
-55.7251468746
-70.0
-70.0
-70.0
-70.0
-70.0
-70.0
-70.0
-70.0
-70.0
-70.0
-70.0
-69.9198249357
-69.1577257327
-68.0118753531
-66.6739692802
-66.0854266605
-65.1461202
-64.0276656503
-62.8390040655
-61.6478403125
-60.4948807169
-59.4032756023
-58.3848700135
-57.4443309931
-55.7618632144
-54.51032044
0
-70.0
-70.0
-70.0
-70.0
-70.0
-70.0
-70.0
-70.0
-70.0
-70.0
-70.0
-70.0
-70.0
-70.0
-69.4789142935
-68.4669657265
-67.1942310621
-65.807449228
-64.3984651533
-63.02312587
-61.7138181044
-60.4877728416
-59.3525532558
-57.4896697291
-56.0722839555
-54.9694430261
0
-70.0
-70.0
-70.0
-70.0
-70.0
-70.0
-70.0
-70.0
-70.0
-70.0
-70.0
-70.0
-70.0
-70.0
-70.0
-70.0
-70.0
-69.8122343493
-69.8091671473
-69.9170212545
-69.2678330104
-69.0060589635
-68.1654592366
-67.0055840926
-65.6928062031
-63.5120459293
-62.523188234
-62.2824340091
-61.6785670071
-61.6969612391
-61.2680990703
-60.5851784666
-60.5925868222
-61.0139456082
-65.9296094898
-70.0
-70.0
-70.0
-70.0
-70.0
-70.0
-70.0
-70.0
-70.0
-70.0
-70.0
-70.0
-69.9623962612
-69.2244208093
-68.0908215111
-66.7576345485
-65.3491345527
-63.9423967367
-62.5836074893
-61.2988803578
-60.1014147337
-58.9962215348
-57.9832315643
-57.0593298631
-55.399677847
-54.1738973758
-54.0692991805
0
-70.0
-70.0
-70.0
-70.0
-70.0
-70.0
-70.0
-70.0
-70.0
-70.0
-70.0
-70.0
-70.0
-70.0
-70.0
-69.4910429229
-68.4859672459
-67.2167229315
-65.8312855784
-64.4223136473
-63.8661867004
-63.0203043089
-62.0287647304
-60.9828821589
-59.9392565441
-58.9317726237
-57.9795565174
-57.0922416363
-56.2734446531
-54.7030516415
0
-70.0
-70.0
-70.0
-70.0
-70.0
-70.0
-70.0
-70.0
-70.0
-70.0
-70.0
-70.0
-70.0
-70.0
-70.0
-69.629037687
-68.702159043
-67.4726265552
-66.1024861773
-64.6936524113
-64.128563738
-63.2685584095
-63.080269932
-62.4812878478
-61.655855669
-60.7220678394
-59.7543928804
-58.7986414756
-57.8819025835
-57.0191291622
-56.2174941373
-54.6592633178
-66.2189630633
-70.0
-70.0
-70.0
-70.0
-70.0
-70.0
-70.0
-70.0
-70.0
-70.0
-70.0
-70.0
-69.534342248
-68.5538028552
-67.2970191243
-65.0963815816
-62.4027863366
-60.3232029784
-58.6813461976
-57.3568539224
-56.2669300933
-55.354078126
-54.5778976748
0
-70.0
-70.0
-70.0
-70.0
-68.388697601
-70.0
-70.0
-70.0
-70.0
-70.0
-70.0
-70.0
-70.0
-70.0
-70.0
-70.0
-70.0
-70.0
-69.6093778099
-68.6713585689
-67.4361684053
-65.2438486937
-62.5503285769
-60.4658722209
-58.816336
-57.4827364007
-56.3831520945
-55.4606297743
-54.6750953897
-54.8179382459
-55.5130460181
-55.6963424809
-55.5664422758
-55.2529540769
-54.8397626883
-64.5404628236
-70.0
-70.0
-70.0
-70.0
-70.0
-70.0
-70.0
-70.0
-70.0
-69.5360945546
-68.5565481355
-67.3002686795
-65.0998253833
-63.2262318928
-61.611201402
-60.2051430609
-58.9713366208
-58.7020082027
-58.2003442118
-57.5760010102
-56.0788617222
-55.7479494253
-55.307803733
-54.8167895266
-55.1316213518
-55.0994664019
-54.8601912185
-54.5046197346
-70.0
-70.0
-70.0
-70.0
-70.0
-70.0
-70.0
-70.0
-70.0
-70.0
-70.0
-70.0
-70.0
-69.5238131097
-68.5373072052
-67.2774934223
-65.8956887052
-64.4867495847
-63.1084944596
-61.7945915692
-61.3830967827
-60.7067633513
-59.8940711808
-59.0266535058
-58.1553144506
-57.3106672025
-56.5101899469
-55.7628972619
-55.0724250756
-54.4390609279
-56.4010737417
-70.0
-70.0
-70.0
-70.0
-70.0
-70.0
-70.0
-70.0
-70.0
-70.0
-70.0
-70.0
-69.6488519134
-68.7332013311
-67.5093709373
-66.1414270031
-63.9126130758
-62.0615709502
-60.4988933099
-59.1613236154
-58.0034043448
-56.9918726376
-56.9218911921
-56.5991726183
-56.9555690535
-56.8875546128
-55.7471607946
-54.8213524772
-54.0551557375
0
-70.0
-70.0
-70.0
-70.0
-70.0
-70.0
-70.0
-70.0
-70.0
-70.0
-70.0
-70.0
-70.0
-69.443384947
-68.4113030836
-67.1283438628
-65.7376235349
-64.328603887
-62.9555719687
-61.6499004187
-60.4281674748
-59.297522126
-58.2592175124
-57.3109274939
-56.4482558997
-55.6657110798
-54.9573271519
-55.1370525568
-55.0236527144
-57.2781577184
-65.9582256591
-70.0
-70.0
-70.0
-70.0
-70.0
-70.0
-70.0
-70.0
-70.0
-70.0
-69.4481499908
-68.4187683189
-67.1371803718
-65.7469882578
-64.3379733808
-62.9646320086
-61.658472785
-60.4361614913
-59.3049026654
-58.2659839477
-56.4970999188
-55.1691995042
0
-70.0
-70.0
-70.0
-70.0
-70.0
-70.0
-70.0
-70.0
-70.0
-70.0
-70.0
-70.0
-70.0
-70.0
-70.0
-70.0
-69.394465255
-69.1546622328
-68.3222916784
-67.1621262898
-65.8439561804
-64.474922242
-63.1210044709
-61.8212869926
-60.5974136058
-58.6398424536
-57.1273050138
-55.9322057161
-54.9674059469
-54.1729458872
0
-70.0
-70.0
-70.0
-70.0
-70.0
-70.0
-70.0
-70.0
-70.0
-70.0
-70.0
-70.0
-70.0
-70.0
-69.3334580551
-67.4190842864
-64.8198238822
-62.7162735104
-61.8002675035
-60.8073216493
-60.6213100818
-60.1056594719
-59.4094137903
-58.6280192549
-57.8215818919
-57.0270000777
-56.2660176532
-55.5505609434
-54.8862682195
-54.2748169778
0
-70.0
-70.0
-70.0
-70.0
-70.0
-70.0
-70.0
-70.0
-70.0
-70.0
-70.0
-70.0
-69.4751633485
-68.4610892459
-67.1872751429
-65.8000775096
-64.3910896794
-63.0159939919
-60.887070113
-59.1968134486
-58.6460990016
-57.1574670334
-55.975705618
-55.0174585815
0
-70.0
-70.0
-70.0
-70.0
-70.0
-70.0
-70.0
-70.0
-70.0
-70.0
-70.0
-70.0
-70.0
-70.0
-70.0
-69.178569719
-67.9964258931
-66.6372587345
-65.2171831482
-62.9878983581
-60.3473975388
-57.5481837959
-55.5670494236
-54.1428004862
0
-70.0
-70.0
-70.0
-70.0
-67.7870057398
-65.8163089924
-69.1366806422
-70.0
-70.0
-70.0
-70.0
-70.0
-70.0
-70.0
-70.0
-70.0
-70.0
-70.0
-70.0
-69.7387444139
-68.8740329151
-67.6760715854
-66.3180924013
-64.0893684775
-62.2324885073
-60.6606109083
-59.3121306519
-58.142638143
-57.1195213663
-55.3983339213
-54.1356769903
0
-70.0
-70.0
-70.0
-70.0
-70.0
-70.0
-70.0
-70.0
-70.0
-70.0
-70.0
-70.0
-70.0
-70.0
-70.0
-70.0
-70.0
-70.0
-69.3659790565
-68.2900338551
-66.9847989392
-65.585498025
-63.3564008756
-60.7037292235
-58.7053352581
-57.9861210369
-57.2383884696
-56.4984693136
-55.7879021762
-55.9386318212
-54.9611152142
-54.1592347428
0
-70.0
-70.0
-70.0
-70.0
-70.0
-70.0
-70.0
-70.0
-70.0
-70.0
-70.0
-70.0
-70.0
-70.0
-70.0
-70.0
-69.5861109221
-68.6349071113
-68.2130212544
-67.3027890318
-66.1298900638
-64.8384876809
-63.5190299952
-62.2267210505
-61.8137783154
-60.3022200638
-59.0018777774
-57.871609813
-57.7010620405
-57.2920313091
-56.7535451599
-56.1553352984
-63.1612116686
-70.0
-70.0
-70.0
-70.0
-70.0
-70.0
-70.0
-70.0
-70.0
-70.0
-70.0
-68.794015439
-66.5739575211
-64.6394575197
-62.9407756015
-60.6202072639
-58.8238593525
-57.4019219606
-56.2520287935
-55.3036919334
-54.5079000862
0
-70.0
-70.0
-70.0
-70.0
-69.4494965023
-68.4208778536
-69.6796774023
-70.0
-70.0
-70.0
-70.0
-70.0
-70.0
-70.0
-70.0
-70.0
-70.0
-70.0
-68.7571684303
-67.3362305409
-65.8557934558
-64.3890047563
-62.9792980447
-61.6508307495
-60.4153893475
-59.2769448613
-58.2346466743
-57.2847795396
-56.4220332741
-55.640317739
-54.9332778266
-54.294611285
0
-70.0
-70.0
-70.0
-70.0
-70.0
-70.0
-70.0
-70.0
-70.0
-70.0
-70.0
-70.0
-70.0
-70.0
-70.0
-70.0
-69.3282782808
-68.2309693066
-66.9148849452
-65.5114048302
-64.1022699335
-62.736713331
-61.4428222585
-59.4150602064
-57.8345676349
-55.7551198375
0
-70.0
-70.0
-70.0
-70.0
-67.8843711575
-70.0
-70.0
-70.0
-70.0
-70.0
-70.0
-70.0
-70.0
-70.0
-70.0
-70.0
-70.0
-70.0
-69.6338296356
-68.7096664291
-68.3015129576
-67.3965704427
-66.2237192524
-64.9292178964
-63.6048764863
-62.3067757574
-61.0676894614
-59.9053147018
-58.8277126893
-57.8368943922
-56.1111736008
-54.8220353393
0
-70.0
-70.0
-70.0
-70.0
-70.0
-70.0
-70.0
-70.0
-70.0
-70.0
-70.0
-70.0
-70.0
-70.0
-69.4889832034
-68.482740352
-67.2129032961
-65.8272376193
-64.418263626
-63.8622704424
-63.0165988509
-62.0253092676
-60.9796918754
-59.9363317109
-58.9291045551
-57.9771314432
-57.0900431946
-56.2714554722
-55.5212543231
-54.8370918229
-61.8353579277
-70.0
-70.0
-70.0
-70.0
-70.0
-70.0
-70.0
-70.0
-70.0
-70.0
-70.0
-70.0
-69.5042310112
-68.5066285843
-68.0611795086
-67.1418707463
-65.1488897973
-63.3981382347
-61.8510826893
-60.4778132724
-59.2545911799
-58.1621715517
-57.1846473897
-56.3086446462
-55.5227548452
-54.8171291365
-55.00318274
-54.8980421441
-54.6216897151
-70.0
-70.0
-70.0
-70.0
-70.0
-70.0
-70.0
-70.0
-70.0
-70.0
-70.0
-70.0
-69.390901631
-68.3290792219
-66.2110164691
-64.3498116017
-62.7047616279
-62.0642395894
-61.2277850466
-60.3016528194
-58.5325850557
-56.3167248957
-54.7266513032
0
-70.0
-70.0
-70.0
-70.0
-70.0
-70.0
-70.0
-70.0
-70.0
-70.0
-70.0
-70.0
-70.0
-70.0
-70.0
-70.0
-70.0
-70.0
-69.3613739365
-68.2828191672
-66.976259
-65.5764475997
-64.1673458395
-62.7996399221
-62.3223617076
-62.3952493886
-61.9758070176
-61.2749480278
-60.4286010329
-59.5231728016
-58.6124767694
-57.7289765911
-56.8912439311
-56.1088962041
-61.2858378246
-70.0
-70.0
-70.0
-70.0
-70.0
-70.0
-70.0
-70.0
-70.0
-70.0
-70.0
-70.0
-69.6604862922
-68.7514285245
-67.5309462464
-66.1642920046
-63.9354897261
-62.0836920348
-60.5198236855
-59.1808418864
-58.8414247441
-58.2930603005
-57.6376062911
-56.939747009
-56.2397065395
-56.3816920398
-56.204160272
-55.8408358689
-54.5581466981
0
-70.0
-70.0
-70.0
-70.0
-70.0
-70.0
-70.0
-70.0
-70.0
-70.0
-70.0
-70.0
-69.4676933952
-68.4493863192
-67.1734225296
-65.7853968382
-64.3764015288
-63.0017909588
-61.6936315849
-60.468948241
-59.3351732933
-58.2937358816
-57.3424155718
-55.6568762003
-54.4069900373
0
-70.0
-70.0
-70.0
-70.0
-70.0
-70.0
-70.0
-70.0
-70.0
-70.0
-70.0
-70.0
-70.0
-70.0
-70.0
-70.0
-69.3305427568
-68.2345169857
-66.9190842902
-65.5158551965
-64.1067225671
-62.7410189039
-62.2668960758
-61.5235258431
-60.6433861754
-60.5305228356
-60.0617874038
-59.3951532313
-59.4520009535
-59.1210428883
-58.5684332862
-57.9012530821
-57.1875698569
-64.0897411438
-70.0
-70.0
-70.0
-70.0
-70.0
-70.0
-70.0
-70.0
-70.0
-69.0137099719
-67.7381456226
-66.3315354923
-64.0731848977
-62.1990683777
-60.6179628531
-59.2653674433
-58.0949646159
-57.0728907656
-56.1738834299
-55.3786829142
-54.6722731743
-54.8626848912
-54.7648424249
-54.4973088644
-54.1368784326
0
-70.0
-70.0
-70.0
-70.0
-70.0
-70.0
-70.0
-70.0
-70.0
-70.0
-70.0
-70.0
-70.0
-70.0
-70.0
-69.331464419
-68.2359609231
-66.1007934614
-64.2329998691
-62.5878903847
-61.1312283479
-59.8361901809
-58.6812942746
-57.6489802551
-56.7246258348
-55.8958589882
-55.1520702473
-54.4840613278
0
-70.0
-70.0
-70.0
-70.0
-70.0
-70.0
-70.0
-70.0
-70.0
-70.0
-70.0
-70.0
-70.0
-70.0
-70.0
-70.0
-69.3713645659
-68.2984711532
-66.9947860672
-65.5960821466
-64.1869903894
-62.8186356555
-61.5203349599
-60.3073433772
-59.1859703151
-58.1569474672
-57.2176355097
-56.3634604848
-55.5888401204
-54.887773231
-55.0742073231
-54.1469275342
-55.1223287429
-70.0
-70.0
-70.0
-70.0
-70.0
-70.0
-70.0
-70.0
-70.0
-70.0
-70.0
-70.0
-70.0
-70.0
-69.416300766
-68.3688712001
-67.0781177539
-65.6843950944
-64.2753483288
-62.9040753252
-61.6011756789
-60.3827300351
-59.2555716477
-58.2207575603
-57.2758438559
-56.4163675047
-55.6368027771
-54.9311705147
-54.2934188068
-54.5376538218
-57.0229397033
-70.0
-70.0
-70.0
-70.0
-70.0
-70.0
-70.0
-70.0
-70.0
-70.0
-70.0
-69.478549883
-67.6463948166
-65.9088886163
-64.2860886089
-61.9662056508
-60.1254023542
-58.6334069645
-57.4004294985
-56.3639620356
-55.4799494901
-54.7168769797
-54.0518042408
0
-70.0
-70.0
-70.0
-70.0
-67.8461911624
-68.449032821
-70.0
-70.0
-70.0
-70.0
-70.0
-70.0
-70.0
-70.0
-70.0
-70.0
-70.0
-70.0
-70.0
-69.7261353343
-68.8542786904
-67.6526887477
-66.2933118238
-64.8845752754
-62.6731808371
-60.873904813
-59.3818757047
-58.1239290496
-57.0483634215
-56.1180785973
-56.1259717495
-56.6965085825
-56.7656137296
-56.5315563602
-55.3034033932
-54.3397314999
-56.1068706471
-70.0
-70.0
-70.0
-70.0
-70.0
-70.0
-70.0
-70.0
-70.0
-70.0
-70.0
-69.8847115863
-69.1027148186
-67.9467595974
-66.6049611447
-65.1963833683
-63.7946905901
-62.4438519036
-61.1685536282
-59.981089542
-58.8859081056
-57.8826023069
-56.9678654174
-56.1367611032
-54.5635398112
0
-70.0
-70.0
-70.0
-70.0
-70.0
-70.0
-70.0
-70.0
-70.0
-70.0
-70.0
-70.0
-70.0
-70.0
-70.0
-70.0
-69.0383669176
-67.7767748376
-66.3772604283
-64.9416431018
-63.5322179358
-63.0054889051
-62.2059351898
-61.2693384543
-60.2817357978
-59.2964496774
-58.3453963492
-57.4465844739
-56.6090778664
-55.8362713063
-55.1280449933
-54.4821743724
0
-70.0
-70.0
-70.0
-70.0
-70.0
-70.0
-70.0
-70.0
-70.0
-70.0
-70.0
-70.0
-69.0194782011
-67.7471825151
-65.522232353
-63.6198545106
-61.9744326548
-60.5380317862
-59.2749235388
-58.1578944724
-57.1657472169
-56.2816006229
-55.4917259792
0
-70.0
-70.0
-70.0
-70.0
-66.9209880203
-70.0
-70.0
-70.0
-70.0
-70.0
-70.0
-70.0
-70.0
-70.0
-70.0
-70.0
-70.0
-70.0
-69.4819943782
-68.4717911925
-67.199942908
-66.633502507
-65.6891881828
-64.5496266489
-63.3309021736
-62.9253040826
-62.2011017586
-61.3098769723
-60.3481462014
-59.3761695321
-58.4304445462
-57.5319947364
-56.6918583593
-55.9147145878
-56.0212711719
-70.0
-70.0
-70.0
-70.0
-70.0
-70.0
-70.0
-70.0
-70.0
-70.0
-70.0
-70.0
-69.8742326335
-69.0862977925
-67.9273269615
-66.5843668975
-64.3557786292
-62.4900997139
-60.0843557076
-57.4347641135
-55.5471836867
-54.9997293077
-54.4545990367
0
-70.0
-70.0
-70.0
-70.0
-67.8592042939
-70.0
-70.0
-70.0
-70.0
-70.0
-70.0
-70.0
-70.0
-70.0
-70.0
-70.0
-70.0
-70.0
-70.0
-68.8015939896
-67.4058305837
-66.7581781874
-65.76098081
-64.5872963566
-63.3468424726
-62.1076753932
-60.9105859657
-59.7786461104
-58.7235273269
-57.7496718125
-56.8570361102
-56.0428868184
-54.4829676827
0
-70.0
-70.0
-70.0
-70.0
-70.0
-70.0
-70.0
-70.0
-70.0
-70.0
-70.0
-70.0
-70.0
-70.0
-70.0
-69.559816158
-68.5937119808
-67.3442590752
-65.9664453626
-64.5575422897
-62.3569490362
-60.574694783
-59.1028524049
-57.8663185646
-56.8121876416
-55.9026361664
-55.1101507424
0
-70.0
-70.0
-70.0
-70.0
-70.0
-70.0
-70.0
-70.0
-70.0
-70.0
-70.0
-70.0
-70.0
-70.0
-70.0
-70.0
-69.7823098708
-68.9422854643
-67.7568613049
-66.4037114324
-64.9950311279
-63.5999885742
