-67.85
-65.915
-64.1735
-61.78615
-59.9108683333
-57.5853370556
-55.8871737204
-54.6220365952
-54.4788864337
-54.1937001223
-54.6527983313
-55.5431639791
-55.0226112351
-54.4928592142
0
-70.0
-70.0
-70.0
-70.0
-68.7043766565
-67.2535234285
-65.7578940441
-64.2852532786
-62.87549371
-61.5504548452
-60.3204163649
-59.1883793978
-57.3328779043
-55.9251477447
-54.8330047242
-54.7866187543
-54.549233214
-54.2051607826
0
-70.0
-70.0
-70.0
-70.0
-68.1158634526
-66.3315194091
-64.6665290027
-63.1286504588
-61.7183016504
-60.4314823104
-59.2616746294
-58.2010675332
-57.2413343576
-56.3741166404
-55.5913154554
-54.8852575625
-54.248780908
0
-70.0
-70.0
-70.0
-70.0
-67.8501798937
-65.0952818335
-62.8891669362
-60.2658591
-58.2996790949
-56.7933151221
-55.6130529009
-54.6677938049
0
-70.0
-70.0
-70.0
-70.0
-67.0094608456
-65.4181553247
-63.8994335014
-62.4748859573
-61.154327899
-59.940182134
-58.8303552706
-57.8201139768
-56.0832987347
-54.7884329649
0
-70.0
-70.0
-70.0
-70.0
-67.9648720201
-66.9149661648
-65.6711904461
-64.352552
-63.0329505324
-61.7567579674
-61.3691504962
-60.7076143302
-59.903772153
-58.2213411082
-56.8878377777
-55.8081411868
-55.7367185261
-55.4526409788
-55.8704397511
-55.8754376894
-55.6325885295
-54.4291260825
-54.3294110782
-54.0752683731
0
-70.0
-70.0
-70.0
-70.0
-67.8788657034
-65.9602229353
-64.2270298433
-62.66287966
-61.2522935613
-59.9808654501
-59.6553130683
-59.0881378703
-58.3948948225
-58.4691191664
-58.1813498005
-56.865976521
-55.7978866692
-54.9137698692
0
-70.0
-70.0
-70.0
-70.0
-66.9084677633
-64.4399328292
-62.4274807745
-60.7557601825
-60.1642024878
-59.4204611215
-58.6102009309
-57.7870381189
-56.9835724944
-56.2187073699
-55.5024980495
-54.8393558556
-54.2301586775
0
-70.0
-70.0
-70.0
-70.0
-67.5788384884
-65.4901802986
-63.6706460413
-62.0732372856
-60.6623507894
-59.4104071986
-58.2955608042
-57.3001342741
-56.4095405469
-55.611532959
-54.8956773076
-54.2529746732
0
-70.0
-70.0
-70.0
-70.0
-67.8497247821
-65.9145688253
-64.1729896237
-63.4256091153
-62.4796605064
-61.4461026576
-60.394431193
-59.3669472745
-58.3882253475
-57.4713846798
-56.6222341232
-55.0220026517
0
-70.0
-70.0
-70.0
-70.0
-67.5378566313
-65.425975389
-63.594647464
-62.8126957936
-61.8664349315
-60.8531305832
-59.8333769548
-59.6637455459
-58.3698418491
-58.0845049027
-57.5938192381
-56.9962805314
-56.3545479563
-55.707690146
-55.0793191217
-55.3029858697
-54.3904197228
0
-70.0
-70.0
-70.0
-70.0
-67.667633575
-65.6292926008
-63.8353115963
-62.2477459404
-60.8369483488
-58.7592381822
-57.9906374762
-57.2131224701
-56.4561760507
-56.5568023307
-56.3486180211
-55.9620868345
-55.4814318948
-54.9603245345
-54.4323159672
0
-70.0
-70.0
-70.0
-70.0
-67.6983861848
-65.6774716895
-64.7123406027
-63.5928505972
-62.4180615739
-61.2492527742
-60.1229924019
-59.0598030985
-58.0698960798
-57.1569553326
-56.3206257065
-55.5581404073
-55.6853778809
-55.522207769
-55.1902321096
-54.7680389769
-54.3057884648
0
-70.0
-70.0
-70.0
-70.0
-67.4493846594
-64.4673692997
-62.1459144405
-60.2981777104
-58.7962630819
-57.5519055354
-56.5035608231
-55.6077686349
-54.8333677008
-54.1576148836
0
-70.0
-70.0
-70.0
-70.0
-67.8462762318
-66.7291660965
-66.2712611454
-65.4041428033
-63.5004003712
-61.8581415663
-61.2475148977
-60.4562217334
-59.5829051103
-58.6894849661
-57.8137833808
-56.9779029835
-56.193777979
-55.4668437104
-54.7984550255
-54.1874733137
0
-70.0
-70.0
-70.0
-70.0
-68.6716560804
-67.2022611926
-65.6972155535
-63.4009476516
-61.5264886554
-59.9675969692
-58.6500087252
-57.5211221546
-56.5430861404
-55.6881616605
-54.9356015839
-54.2695454852
0
-70.0
-70.0
-70.0
-70.0
-67.3924694922
-65.1982022045
-64.1450350917
-63.8116336543
-63.1012050033
-61.3682409793
-59.899521199
-59.4583052908
-58.8282989028
-58.10601844
-56.5324495476
-55.3205598939
-55.1860741052
-54.8825134952
-54.4876266793
-54.0511070338
0
-70.0
-70.0
-70.0
-70.0
-68.5762600184
-67.0528073622
-65.5203088564
-64.0334661244
-62.623578281
-61.3068596323
-59.269933122
-57.6887794451
-56.4337945907
-55.4163438585
-54.5753286238
0
-70.0
-70.0
-70.0
-70.0
-67.8368856319
-65.8944541567
-64.149180133
-61.760376381
-59.8850815838
-58.380401986
-57.1482474944
-56.120679883
-55.2501166534
-54.5027748272
-54.6742772372
-54.571369442
-54.3072457835
0
-70.0
-70.0
-70.0
-70.0
-67.8801136492
-65.9621780504
-64.2293440895
-62.6653322433
-61.2547473941
-59.9832382381
-58.8375581366
-57.8055648045
-56.8761833117
-55.2193483057
-54.0012690252
0
-70.0
-70.0
-70.0
-70.0
-69.1687198288
-67.9809943985
-66.6189926603
-65.1978251954
-63.7885305433
-62.4333360672
-61.155774846
-59.9673789518
-58.8720954502
-57.8691888342
-56.9551385701
-55.3048704594
-54.0878805776
0
-70.0
-70.0
-70.0
-70.0
-66.9828996139
-65.3765427284
-63.8501771728
-62.4226852671
-61.1021006147
-59.8896798028
-58.7825713222
-57.7755538565
-56.8621582485
-55.2153822754
0
-70.0
-70.0
-70.0
-70.0
-67.6708561735
-64.8143413386
-62.5566210596
-60.7334348569
-59.2317419734
-57.9730015109
-56.9019905163
-55.979317569
-55.176403215
-54.4721078288
0
-70.0
-70.0
-70.0
-70.0
-67.4823375526
-65.3389954991
-63.491690417
-61.8835843539
-60.4726012375
-59.2269246598
-58.1219545578
-57.1382406781
-57.0800709943
-56.7591668175
-56.2913187509
-55.7508992859
-55.184950964
0
-70.0
-70.0
-70.0
-70.0
-67.7559877405
-65.7677141268
-63.9991594877
-61.6013880546
-59.7260122596
-59.046586374
-58.2873779635
-58.325606985
-58.0210241651
-57.520907001
-56.9201398025
-55.4590081567
-54.3503622306
0
-70.0
-70.0
-70.0
-70.0
-67.651789181
-65.6044697169
-62.9859290478
-60.9319403448
-59.2851491115
-57.9375694012
-56.8144359282
-55.0434079802
0
-70.0
-70.0
-70.0
-70.0
-68.3141791513
-66.6422140036
-65.0342944483
-63.5183995668
-62.108249319
-60.8085508597
-59.6184467555
-58.5337694011
-58.3685040084
-57.9403946392
-57.3688491963
-55.9102936241
-54.7881504933
0
-70.0
-70.0
-70.0
-70.0
-67.6343192302
-65.5771001273
-63.7735319947
-61.3622733819
-59.4867757682
-57.9952513411
-56.7838283067
-55.7808468759
-54.9363631215
-54.2151274315
0
-70.0
-70.0
-70.0
-70.0
-67.0940516321
-64.7306808903
-61.9516357489
-59.8358208058
-58.1884711463
-56.8771123125
-54.9910599351
0
-70.0
-70.0
-70.0
-70.0
-67.7579645633
-65.7708111492
-64.0028253957
-62.4252730971
-61.0145659481
-59.7509894604
-57.7978105857
-56.3159762414
-55.1663430935
-54.2543517682
0
-70.0
-70.0
-70.0
-70.0
-66.6575132387
-64.0467707406
-61.9620995504
-60.2625601846
-58.8507512256
-58.4786408094
-57.1027531993
-55.9904621933
-55.0734055166
-54.3040579933
0
-70.0
-70.0
-70.0
-70.0
-68.0021420491
-66.153355877
-64.4556389778
-62.9051542057
-61.4946915356
-60.215257549
-59.877088572
-60.1149509002
-59.870503267
-59.3448179116
-58.6679127679
-57.9228392561
-57.1617005072
-55.5962939076
-54.4205068176
0
-70.0
-70.0
-70.0
-70.0
-67.8090753186
-65.8508846658
-64.0976074519
-62.5257208752
-60.2950649
-58.5635024849
-57.189114953
-56.0748452687
-55.1537886159
0
-70.0
-70.0
-70.0
-70.0
-68.0921006638
-66.29429104
-64.6224622311
-63.081949538
-61.6715769375
-60.3863008127
-59.2189251107
-58.1612021858
-57.204528358
-56.340373116
-55.5605342003
-54.8572797109
-54.2234176936
0
-70.0
-70.0
-70.0
-70.0
-67.8501638149
-65.9152566433
-64.1738037856
-62.6064719448
-61.1958571088
-59.9262929702
-58.7836780548
-57.755319837
-56.8297942451
-55.9968190818
-56.0671400144
-55.8570945735
-54.6658308232
-54.5655448789
-54.303188483
0
-70.0
-70.0
-70.0
-70.0
-68.1231806281
-66.342982984
-64.6800982981
-63.1430308766
-60.9126893945
-59.1607281921
-58.5741938643
-57.8864668054
-57.1609483432
-56.4369389878
-55.7379687417
-55.0773209692
-54.4616882735
0
-70.0
-70.0
-70.0
-70.0
-67.8536959694
-65.920790352
-63.3603539699
-61.3287470083
-59.682157931
-58.321465887
-57.1776684643
-56.2021343952
-55.3600761406
-54.6261719832
-54.8016237559
-54.6968406944
-54.427409501
-54.0681704682
0
-70.0
-70.0
-70.0
-70.0
-67.8704994825
-65.9471158558
-64.2115151514
-62.6464375569
-61.2358430817
-59.1449582939
-57.535595478
-57.0887912726
-56.5344157069
-55.9339765106
-56.1459137758
-56.8382123424
-57.7956510709
-58.0602592724
-57.9003488841
-57.4910576884
-56.945781048
-56.3370890288
-55.7106375164
-55.094412025
0
-70.0
-70.0
-70.0
-70.0
-67.7512203685
-65.760245244
-63.9903186612
-62.4120187561
-61.0013048545
-59.7381663518
-57.7856777051
-56.3046619269
-55.1558970624
-54.2447749083
0
-70.0
-70.0
-70.0
-70.0
-67.2817776726
-65.0247850204
-63.1197632618
-61.4894247645
-60.0782408407
-58.845589125
-57.7611451248
-56.8017738872
-55.9494253483
-55.1897020468
-54.5108779976
0
-70.0
-70.0
-70.0
-70.0
-67.7411513772
-65.7444704909
-63.9716462761
-62.3922302047
-60.9815062217
-59.7190216245
-58.5875634787
-56.7524364753
-55.3762790574
-54.3213753047
0
-70.0
-70.0
-70.0
-70.0
-67.4533118598
-65.2935219137
-63.4378638822
-61.8265402673
-60.4155280894
-59.171736513
-58.0697370168
-57.0895460851
-56.2151133233
-55.4332832221
-54.7330757206
-54.1051820291
0
-70.0
-70.0
-70.0
-70.0
-67.302930711
-65.0579247806
-63.1589903964
-61.5309967526
-60.1198340079
-58.8858085608
-57.7991996739
-56.8372610193
-55.9821891259
-54.3997396856
0
-70.0
-70.0
-70.0
-70.0
-67.7767616546
-65.8002599256
-64.0376835573
-62.4622149511
-61.0515266223
-59.7867294043
-58.6516267601
-57.6321776148
-56.7161022072
-55.072586889
0
-70.0
-70.0
-70.0
-70.0
-67.6698601835
-65.6327809541
-63.839440718
-62.2521218858
-60.8413265236
-59.5834717555
-58.4593098361
-57.4528356899
-56.5505233459
-54.9207851613
-54.5489160785
-54.1241640928
0
-70.0
-70.0
-70.0
-70.0
-66.9547036157
-64.5123689979
-62.5132225939
-60.8466273318
-59.4351159301
-58.2237052247
-57.172735294
-56.2530621592
-55.4428228729
-54.7252518721
-54.0872008758
0
-70.0
-70.0
-70.0
-70.0
-68.233328324
-66.5155477077
-64.8843610809
-63.3595037355
-61.1292725371
-59.3701580668
-57.9523507824
-56.7865880523
-55.8109108125
-54.1618074416
0
-70.0
-70.0
-70.0
-70.0
-67.9313816371
-66.0424978982
-63.5044177248
-61.4814223633
-59.8349110677
-58.4691739214
-57.3174258362
-56.3324627905
-56.3004028701
-56.0211534889
-55.6028987438
-55.1151826054
-54.6020468354
-54.9107638123
-55.7023018713
-55.9371479777
-55.8301507089
-55.5216139907
-55.1024381601
-54.6308513897
-54.1435376145
-54.4830314289
0
-70.0
-70.0
-70.0
-70.0
-67.821366591
-65.8701409926
-64.1204009338
-62.5498768674
-61.1392331986
-59.8715392241
-58.7318715319
-57.7070085322
-56.7851904479
-55.9559265825
-55.2098373771
-54.538522608
0
-70.0
-70.0
-70.0
-70.0
-67.8499709383
-65.9149544699
-64.1734461066
-62.6060928851
-61.195477856
-59.9259262433
-58.7833310676
-57.7549962599
-56.8294955
-56.816545194
-56.5315568373
-56.092845262
-55.5765234748
-55.0308462867
-54.4857450975
0
-70.0
-70.0
-70.0
-70.0
-67.8594800276
-65.9298520433
-63.3710801845
-61.3401143965
-59.6935311104
-58.3324634351
-57.1880740488
-56.2118379487
-55.3690350237
-54.6343854345
0
-70.0
-70.0
-70.0
-70.0
-66.6613638552
-63.2328033732
-60.6845736382
-58.7494833426
-58.0667797204
-58.1582648898
-57.8912138285
-57.4179427307
-56.8367153143
-57.0300883541
-56.8617758994
-56.4820625633
-55.9881658095
-55.4422222303
-54.8832486751
-54.3350895861
0
-70.0
-70.0
-70.0
-70.0
-68.1008787515
-65.4880433773
-64.1740740402
-62.8632233033
-61.5979387511
-61.2221700613
-59.7526365121
-58.4958284989
-57.4085494076
-56.4592303059
-56.4443311681
-56.1705806464
-55.7506443119
-55.2569943674
-54.7355712552
0
-70.0
-70.0
-70.0
-70.0
-67.9580297459
-66.0842466019
-64.3738351621
-62.8184604595
-61.4079536226
-60.9513843998
-60.2623967194
-58.6369242205
-57.3237432471
-56.2417098882
-55.3344328766
-55.3822522404
-55.1815354507
-54.8383875285
-54.4212191909
0
-70.0
-70.0
-70.0
-70.0
-67.8690218197
-65.9448008509
-65.0287749079
-63.9282001785
-62.7535820016
-62.3936916954
-61.7146344552
-61.6867122958
-61.2304019237
-60.5322689697
-59.7123135649
-58.8465965366
-57.9822797683
-57.1476137151
-56.3585602927
-55.6231762295
-54.9445065839
-54.3224879104
0
-70.0
-70.0
-70.0
-70.0
-68.3986360042
-66.7745297399
-65.1909149899
-63.684382307
-62.2743166203
-60.969133321
-59.770385564
-58.675457391
-57.6793185742
-56.7756579983
-55.9576063861
-55.2181885393
-54.5505982132
0
-70.0
-70.0
-70.0
-70.0
-67.5466675251
-64.6197791226
-62.3263201104
-60.489367366
-58.9875501406
-57.7368748006
-56.6785737699
-55.7709740259
-54.9840483786
-54.2957580442
0
-70.0
-70.0
-70.0
-70.0
-67.8464983926
-65.9095141484
-64.9870064637
-63.8839349707
-62.7092942425
-61.5308666642
-60.3894478951
-59.3082817038
-58.2993059322
-57.3672769382
-57.3324836438
-57.0171915457
-56.544109902
-55.9921239191
-55.4111948653
-54.8322642709
-54.2738304386
0
-70.0
-70.0
-70.0
-70.0
-67.6945908451
-64.8515256573
-62.6006356894
-60.780080519
-59.2784113994
-58.0181295477
-57.7646894518
-57.3038024125
-56.7338101085
-56.1173543892
-55.4935691446
-54.8861790263
-54.3088723212
0
-70.0
-70.0
-70.0
-70.0
-67.4909381573
-66.1724697797
-64.7923064272
-63.4211315348
-62.1010555481
-60.8556414379
-59.6965382572
-58.6278584068
-58.4690552164
-58.0414714616
-58.28687216
-58.107883507
-57.6802275317
-57.1176263621
-56.4928114482
-55.8514954517
-55.2216560053
-54.6196971374
-54.054531912
0
-70.0
-70.0
-70.0
-70.0
-68.4007757027
-66.7778819342
-65.194882942
-62.8685874486
-60.9938572376
-59.4525572031
-58.1626919423
-57.0666830544
-56.1235216198
-55.3035073718
-54.5847152439
0
-70.0
-70.0
-70.0
-70.0
-67.8466251728
-65.9097127708
-64.1672415705
-62.5995174647
-61.1888990857
-59.9195647554
-58.7773119988
-57.7493832781
-57.6443132698
-57.2764608225
-56.76320066
-56.1798045405
-55.5737733842
-54.9743622442
-54.3989034854
0
-70.0
-70.0
-70.0
-70.0
-67.6133560464
-65.544257806
-63.7346569349
-62.1410745144
-61.5502225783
-60.7607039973
-59.8783027155
-59.7895851893
-59.3600351672
-58.7403039817
-58.0271218044
-58.1016417711
-58.6462990255
-58.6348834106
-58.2902045946
-57.7570571519
-56.3086001145
-55.1792392216
-55.0989813785
-54.8308606267
-55.278959488
-54.5018534886
-54.6555281059
-54.5425486062
-54.2733426194
0
-70.0
-70.0
-70.0
-70.0
-67.8794144416
-66.7810826252
-65.5127141145
-64.1846025376
-62.8649155069
-61.5942727715
-60.3954113713
-59.2795808188
-58.2507631266
-57.3084470738
-56.4494425396
-55.6690584011
-54.9618593047
-54.3221445366
0
-70.0
-70.0
-70.0
-70.0
-67.850568113
-65.9158900437
-63.354553534
-61.3225998438
-59.6760076348
-57.4955187216
-55.8873747496
-54.6762425414
0
-70.0
-70.0
-70.0
-70.0
-67.80852776
-65.8500268241
-64.096592035
-62.5246447604
-61.113988237
-59.8471280484
-58.7087743336
-57.6854696269
-57.585304482
-57.2223619123
-56.7138509735
-56.1349493777
-55.5331101076
-54.937569542
-54.3656595512
0
-70.0
-70.0
-70.0
-70.0
-66.9283240133
-64.4710409541
-61.6443030868
-59.5101169302
-58.6826013386
-58.666671939
-58.3182252346
-57.7818830374
-56.3306816179
-55.1989380456
-54.2965939674
0
-70.0
-70.0
-70.0
-70.0
-66.2604570404
-63.42471603
-61.2257808894
-59.4822271088
-58.0700206034
-56.9036960134
-55.923778059
-55.0883680177
-55.1875097256
-55.0240777596
-54.7085493213
-55.1322806143
-55.1654433696
-54.9631595771
-54.6263506491
-54.2200536039
0
-70.0
-70.0
-70.0
-70.0
-67.8681147233
-65.9433797331
-64.2070927479
-62.6417507986
-62.0511539356
-61.2450906867
-60.3366163811
-60.2169779184
-59.7546289102
-58.2820652082
-57.0724581468
-56.060945305
-55.2020060898
-54.4632423576
0
-70.0
-70.0
-70.0
-70.0
-67.8439807409
-66.7255698274
-64.6270042851
-62.8302981502
-61.2745978642
-59.9153577638
-58.7193017782
-58.4810247941
-58.0053577773
-57.4031123079
-57.564994616
-56.5399575137
-55.6569366685
-54.8885596058
-54.2145813813
0
-70.0
-70.0
-70.0
-70.0
-68.3935832306
-67.5866137279
-65.6462115688
-63.9104298876
-62.3552798827
-60.960347217
-59.7080427103
-58.5830585826
-57.5719661533
-56.6629118239
-55.8453821654
-55.1100182982
-54.4484660346
0
-70.0
-70.0
-70.0
-70.0
-67.5799928289
-66.3119887652
-64.9574533682
-63.596150351
-62.276163529
-60.2049659849
-58.5720819255
-57.2566154258
-56.175448345
-54.4508998184
0
-70.0
-70.0
-70.0
-70.0
-67.765983215
-64.9633737034
-62.7330288731
-61.7403876791
-60.7034567067
-59.6745162331
-57.8646680745
-56.4666035768
-55.3622114257
-54.4708357541
-54.5569824927
-54.4067711194
-54.1197519248
0
-70.0
-70.0
-70.0
-70.0
-68.1331194879
-66.3585538644
-63.8785293615
-61.8778970144
-61.0515877056
-60.9574158635
-59.6656655628
-58.5184265303
-57.4961355598
-56.5828897921
-55.7655126718
-55.0329026439
-54.3755732057
0
-70.0
-70.0
-70.0
-70.0
-68.2343367529
-66.5171275796
-64.8862311562
-63.361485597
-61.9512554083
-61.4767421147
-60.7594760681
-59.9204672379
-59.8563796985
-59.4393811849
-58.8245360372
-58.1114777474
-57.3632601819
-57.4388876366
-57.1863011882
-55.9252059462
-54.9210419361
-54.1045087988
-54.2477719565
-54.1421374526
-54.7106855018
-54.8447914813
-54.7137620196
-54.4280189419
-54.0589724639
0
-70.0
-70.0
-70.0
-70.0
-67.8696438225
-65.945775322
-64.2099283776
-61.8247559317
-59.9494939331
-58.4426869362
-57.2071798401
-56.1756362545
-55.3008555613
-54.54929196
0
-70.0
-70.0
-70.0
-70.0
-68.6637248355
-67.1898355757
-66.5025075006
-65.4900270722
-63.4962045794
-61.8000375977
-60.3390028221
-59.0677485294
-57.9527376694
-56.1486398978
-54.8112265716
0
-70.0
-70.0
-70.0
-70.0
-67.7997350377
-65.836251559
-63.2602864199
-61.222697789
-59.5760546843
-58.2188669986
-57.0805921539
-56.1116075086
-55.2764964711
-54.549546633
0
-70.0
-70.0
-70.0
-70.0
-67.8456718625
-65.9082192513
-64.1654737095
-62.5976439274
-61.1870245939
-59.9177521741
-58.775596983
-57.7477839689
-56.8228366948
-55.9904404406
-55.24132134
-54.5671391683
0
-70.0
-70.0
-70.0
-70.0
-67.3033289405
-65.0585486734
-63.1597288907
-60.7117793914
-58.8359503787
-57.3659212919
-56.18837313
-55.2255651286
-54.4236948234
0
-70.0
-70.0
-70.0
-70.0
-67.8386473488
-65.8972141798
-64.1524471391
-62.5838386767
-61.17321231
-60.7243960797
-60.0476264722
-59.2566438252
-58.4234994429
-57.5928294988
-56.7913332156
-56.0340576719
-55.3285570899
-54.6776381711
-54.0811655474
0
-70.0
-70.0
-70.0
-70.0
-67.8518691857
-65.9179283909
-64.176966301
-62.6098235037
-61.1992103752
-59.9295354856
-58.7867460357
-57.7581808312
-56.8324356808
-55.9992407345
-54.4293490756
0
-70.0
-70.0
-70.0
-70.0
-67.616038511
-65.5484603339
-63.7396314165
-62.1463463522
-60.7354971019
-59.4811376483
-57.5424840545
-56.0778757631
-55.7665149295
-55.337481265
-54.8521450242
-54.3492051122
0
-70.0
-70.0
-70.0
-70.0
-67.0416125841
-64.6485263817
-63.4943904476
-62.3020958722
-60.3066492645
-58.7158263244
-56.6008050163
-55.0617653975
0
-70.0
-70.0
-70.0
-70.0
-67.0773616139
-64.704533195
-62.7406850373
-61.0876866413
-59.6762980491
-57.6369216254
-56.108731717
-54.9381933814
-54.021263934
0
-70.0
-70.0
-70.0
-70.0
-68.4840479465
-67.7283417829
-66.6339733586
-65.3728865254
-64.0538048746
-62.7438957217
-61.4831537059
-60.2939367062
-59.1872752828
-58.1670359194
-57.2326577707
-56.3809422891
-55.6072149238
-54.9060713406
-54.2718494792
0
-70.0
-70.0
-70.0
-70.0
-67.3781325891
-65.1757410563
-64.1184481013
-62.9634573917
-61.7883477195
-60.6403369922
-59.5468526561
-58.5225336325
-57.573857764
-56.7021903174
-55.9057835055
-55.1810799682
-54.5235551802
0
-70.0
-70.0
-70.0
-70.0
-67.8509291157
-65.9164556146
-64.9952229935
-63.8926426544
-61.8980063624
-60.2546243751
-58.8767743703
-58.5241718884
-57.9784713363
-56.5151019605
-55.3699102696
-54.4537982461
0
-70.0
-70.0
-70.0
-70.0
-68.123465372
-66.3434290829
-64.6806263399
-63.1435904829
-61.7332492858
-59.6259362581
-57.9906838995
-55.8731763544
-54.3568992822
0
-70.0
-70.0
-70.0
-70.0
-66.7996386777
-63.4494339284
-60.9409966145
-59.0212343391
-57.5186691625
-56.3165077511
-56.1546606459
-55.802397028
-55.3476256229
-54.8465085924
-54.3342880877
0
-70.0
-70.0
-70.0
-70.0
-67.3140816772
-65.0753946276
-63.1796692436
-61.5529117051
-59.3217601252
-58.4423438397
-57.5832826071
-56.7650697806
-55.9986397587
-55.2888270869
-54.6366452477
-54.0407813025
0
-70.0
-70.0
-70.0
-70.0
-67.8515627395
-66.7374482919
-65.4610646802
-64.1298656906
-62.8101507738
-61.5413167979
-60.3453058524
-59.2328557568
-59.0276238408
-58.5535638965
-57.9340091334
-56.4278093044
-55.2598290969
-54.3337133358
0
-70.0
-70.0
-70.0
-70.0
-67.4635960185
-66.1296337624
-64.7416019499
-63.3673961308
-62.0472927683
-60.8036543252
-59.6473494485
-58.5819882075
-56.7867051893
-55.4333118721
-54.3901654861
0
-70.0
-70.0
-70.0
-70.0
-67.9812645093
-66.9406477312
-65.7015894067
-64.3847680984
-63.0651830435
-61.7879259091
-60.5786407648
-59.4504483194
-58.4085179082
-57.4530757312
-56.5813745673
-55.7889747167
-55.0705689825
-55.2405065758
-55.1177855793
-54.8235601288
-54.4362395208
-54.0059725054
0
-70.0
-70.0
-70.0
-70.0
-67.8643413497
-65.9374681146
-64.2000952363
-62.6343350015
-60.4037343605
-58.6685828306
-57.2885391516
-56.1675616392
-55.2393897438
-54.4578402817
0
-70.0
-70.0
-70.0
-70.0
-67.6785774057
-65.6464379357
-63.8556063224
-63.0892538104
-62.1431338429
-61.1206907342
-60.0865351779
-59.0798240048
-57.3031365009
-55.9436861151
-54.8798930131
-54.0289540515
0
-70.0
-70.0
-70.0
-70.0
-67.9932801396
-66.1394722186
-64.4392050588
-62.8877379276
-61.4772663846
-60.1984079127
-59.0411458991
-57.995417161
-56.2314660128
-54.9153797901
0
-70.0
-70.0
-70.0
-70.0
-68.3490011855
-66.6967685239
-64.2788699762
-62.302168515
-59.8360753545
-57.9785502797
-57.3680835588
-56.706200741
-55.2155310256
0
-70.0
-70.0
-70.0
-70.0
-69.0498584677
-67.7947782661
-66.3985708696
-64.1442274027
-62.2701470758
-60.6866939771
-59.3303989853
-58.1556086908
-57.128880891
-56.2252148481
-55.4255080608
-55.5348337197
-55.3659346577
-55.0357307319
-54.6197506854
-54.166170968
0
-70.0
-70.0
-70.0
-70.0
-67.6614366289
-65.6195840519
-63.003819704
-60.9509004385
-58.4841188646
-56.671245958
-55.3111473489
0
-70.0
-70.0
-70.0
-70.0
-67.329903516
-65.100182175
-64.0290099646
-62.0486729729
-60.4088483454
-59.0279919574
-57.8485450594
-56.8292587519
-55.120045009
0
-70.0
-70.0
-70.0
-70.0
-67.7730693779
-65.7944753587
-64.0308364352
-63.2749585333
-63.1489331743
-62.5850201865
-61.7771717209
-60.8498902509
-59.0618583605
-57.6369772809
-56.4774827238
-54.6958698987
0
-70.0
-70.0
-70.0
-70.0
-67.3080695043
-65.0659755567
-63.168520003
-61.5410960039
-60.1299384044
-58.8955792312
-57.8084444196
-56.8458820519
-55.9901485629
-56.0470368508
-55.8296019285
-55.4548209108
-54.9981249365
-54.5075031874
-54.0128800317
0
-70.0
-70.0
-70.0
-70.0
-68.1157779677
-66.3313854827
-64.6663704756
-63.1284824555
-61.7181335616
-60.4313197732
-58.441520841
-57.7362574537
-57.8252241729
-57.5677633986
-57.1110281541
-56.5499527356
-55.9449757266
-55.3338236637
-54.7393383038
-54.1746691444
0
-70.0
-70.0
-70.0
-70.0
-68.098165897
-67.1237932387
-65.9183765357
-63.7945139628
-62.0103792869
-60.4895525051
-58.3574046859
-55.9295358382
-54.2251633349
0
-70.0
-70.0
-70.0
-70.0
-67.7655955956
-64.962766433
-62.7323100544
-60.9196258921
-58.598027865
-56.8684681199
-55.5517833355
-55.3467130203
-54.9954470639
-54.5681725879
-54.1095354827
-54.4673687035
-54.4831563459
-54.2931903864
0
-70.0
-70.0
-70.0
-70.0
-68.4358907808
-66.8328955566
-65.2600019035
-63.7575989816
-62.3475705957
-61.0399678776
-59.8374073175
-59.5579574042
-59.0216888761
-58.3492047967
-57.6174075225
-56.8744155739
-56.1494732189
-55.4595253653
-54.8135724743
0
-70.0
-70.0
-70.0
-70.0
-68.8093689675
-67.4180113824
-65.132596452
-63.206927612
-61.5612953876
-60.13853954
-58.8969347135
-58.6254073271
-58.1249773177
-57.5038867348
-56.8311028272
-56.1497290551
-55.4859138234
-54.8547608902
-54.2642437673
0
-70.0
-70.0
-70.0
-70.0
-68.4006136815
-66.7776281011
-64.3745824827
-61.5836023623
-59.4728942113
-57.8407061804
-56.5500364891
-55.5073001247
-54.6480816352
0
-70.0
-70.0
-70.0
-70.0
-67.9271971707
-66.0359422342
-64.3166578644
-62.7578653137
-61.3473276062
-60.0727607282
-58.9222619104
-57.8845538894
-56.1291106138
-54.8215409613
0
-70.0
-70.0
-70.0
-70.0
-68.6221836079
-67.1247543191
-65.6054716018
-64.1237195847
-62.7138777216
-61.3941766797
-60.1725501653
-59.0504892511
-58.0255697275
-56.2730990225
-54.9625132987
0
-70.0
-70.0
-70.0
-70.0
-67.8031829183
-66.6616532386
-65.3713469896
-64.0347850071
-62.7150216508
-61.4493295819
-60.2582700212
-59.9716919508
-59.4173553768
-59.5408415865
-59.2469052595
-58.7123132879
-58.8711476621
-57.8007433645
-56.8484760071
-55.1788330591
0
-70.0
-70.0
-70.0
-70.0
-68.080415772
-67.0959847094
-65.8854599149
-64.5796297077
-63.2601439265
-61.9764476602
-61.5770149784
-60.90145487
-60.082736976
-59.2054150071
-58.3221746588
-57.4648246279
-56.6515871218
-55.8919250473
-55.1897303011
-54.5454224433
0
-70.0
-70.0
-70.0
-70.0
-67.8521653924
-65.918392448
-64.1775155998
-63.4304056376
-62.4844594723
-61.4507431241
-60.3988218777
-58.5510417339
-57.1073389232
-55.9542059393
-55.8338526177
-55.5171788708
-55.9132686603
-55.0838135786
-54.366680077
0
-70.0
-70.0
-70.0
-70.0
-67.0248420615
-64.6222525629
-62.6432904451
-60.9844701595
-59.5730289829
-58.3570633108
-57.2989151305
-55.5507290513
-54.2667931021
0
-70.0
-70.0
-70.0
-70.0
-68.1028844515
-66.3111856408
-64.6424601663
-63.103142876
-61.6927810727
-60.4068046216
-59.2383252635
-58.1792934733
-56.4012312833
-55.0710195932
-54.0538585928
-54.0784333727
0
-70.0
-70.0
-70.0
-70.0
-68.7209156117
-67.2794344583
-66.6085646176
-64.7824238927
-63.1439919946
-61.6727997893
-60.3509911398
-59.1628729121
-58.0945728784
-57.1337737622
-56.2695018338
-55.4919552823
0
-70.0
-70.0
-70.0
-70.0
-66.8308529937
-64.3183363569
-62.2835484962
-60.6032241632
-59.191588758
-57.9882212229
-56.9499266611
-56.045285702
-56.0709916032
-55.8340487571
-55.4474147575
-54.9838538658
-54.4895888687
0
-70.0
-70.0
-70.0
-70.0
-68.5721724347
-67.0464034811
-65.5127286595
-64.0254328113
-62.6155408753
-61.2990876845
-60.0825795139
-58.9665886277
-57.9481078084
-57.0220823899
-56.1823977258
-55.4225070031
-54.7358223361
-54.1159507914
0
-70.0
-70.0
-70.0
-70.0
-67.9313134212
-66.0423910266
-64.3242912223
-63.5859549656
-62.6400880461
-61.6012316262
-60.5412100533
-59.5038234412
-58.5145973592
-57.587241798
-57.5479204014
-57.2227302167
-57.556858432
-57.4554400801
-56.2760743996
-55.3092525114
-54.5021842947
-54.6378705549
-55.3346866258
-54.7049533808
-54.1202816545
-54.4021358969
-54.3745105791
-54.1621183691
0
-70.0
-70.0
-70.0
-70.0
-68.2878652487
-66.6009888896
-64.9854967778
-63.4666849515
-62.0565083573
-60.7585187889
-59.5711077548
-59.3096242093
-58.792413275
-58.1390062719
-57.425661861
-56.7001331524
-55.9914781555
-54.4965692188
0
-70.0
-70.0
-70.0
-70.0
-67.6225532075
-65.5586666917
-63.7517125592
-62.159149661
-61.5683069335
-61.5981910658
-61.1795151763
-61.3256591368
-60.9858235418
-60.3657280668
-59.5981465129
-58.7676593634
-57.9271117616
-57.1085461418
-56.3304552319
-55.6025855116
-54.929110829
-54.3107223251
0
-70.0
-70.0
-70.0
-70.0
-68.2165973183
-66.4893357987
-65.6733343603
-65.4312890186
-65.541685513
-64.2198672258
-62.9027806793
-61.6324360621
-60.4324814231
-59.3147592589
-58.283633985
-57.3388376879
-56.4773319867
-55.6945174998
-54.9850115576
-55.1631409404
-55.047913872
-54.7605138353
-54.3793900187
0
-70.0
-70.0
-70.0
-70.0
-67.3248358907
-65.0922428954
-63.199612335
-61.574046921
-60.1629061085
-58.9274580841
-57.8386073333
-56.8740099717
-56.016117889
-55.2508453764
-54.5666536897
0
-70.0
-70.0
-70.0
-70.0
-67.8492004698
-65.9137474026
-64.1720173156
-62.6045786862
-61.1939628857
-59.9244613092
-58.7819449863
-57.753703693
-56.8283021273
-55.995451117
-54.4258921402
0
-70.0
-70.0
-70.0
-70.0
-67.7780097567
-65.8022152855
-64.0399980933
-62.4646678415
-61.0539807624
-59.7891024895
-58.6538721094
-57.6342714777
-56.7180353828
-55.8943592131
-55.1536748708
-54.4874751031
0
-70.0
-70.0
-70.0
-70.0
-67.8499269328
-65.9148855281
-64.173364501
-62.6060064014
-62.0153913282
-60.3905092401
-59.0192296791
-57.8458209533
-56.8302483527
-55.9432298472
-55.9829110824
-55.7572894541
-55.3800068286
-54.9243036924
-54.4367383542
0
-70.0
-70.0
-70.0
-70.0
-67.8635958326
-66.7563001378
-64.663379383
-62.8688476173
-61.3131669707
-59.952653017
-58.7545895442
-57.6939318091
-56.7510727744
-56.7303215944
-57.2635268333
-57.2913324155
-57.0149713509
-57.3853223339
-56.4913555125
-55.6885969026
-54.1473218399
0
-70.0
-70.0
-70.0
-70.0
-68.3244655914
-67.4783294266
-66.3380367468
-65.059259914
-63.7400184839
-62.4404730097
-61.1960632915
-60.0262153509
-58.9400994081
-57.9404265289
-57.0259419171
-55.373053086
0
-70.0
-70.0
-70.0
-70.0
-67.3073129535
-65.0647902938
-63.1671170215
-62.3596091574
-61.4131174671
-60.4147852039
-59.4186263393
-59.2769768092
-58.8327545308
-59.0417960127
-58.8158277015
-58.3363857913
-57.7208411189
-57.0441529448
-56.3533349422
-56.4970663092
-56.3167362524
-55.9479803433
-55.4784607864
-54.9641336927
-54.4400663133
0
-70.0
-70.0
-70.0
-70.0
-67.8607409374
-65.9318274686
-64.1934184717
-61.8072591245
-59.931988212
-58.4257593908
-57.1911634517
-55.3407004399
-54.0023992848
0
-70.0
-70.0
-70.0
-70.0
-68.157008517
-66.39598001
-63.9228302387
-61.9248460347
-60.2785606445
-58.8981707222
-57.7233310781
-56.7109829223
-56.6498745981
-56.341547117
-55.8951657245
-55.3808313648
-54.8428697035
-54.3086637166
0
-70.0
-70.0
-70.0
-70.0
-68.3852060123
-66.7534894192
-65.1660098161
-63.6579883937
-62.2479092604
-60.9435981385
-59.7462248607
-58.652926732
-57.6585169637
-56.7565872039
-55.9402097746
-55.2023763245
-54.5362637103
0
-70.0
-70.0
-70.0
-70.0
-67.1957119358
-65.7099486994
-64.2448258009
-63.6609245351
