-70.0
-70.0
-70.0
-69.0
-69.1
-69.19
-62.271
-58.3772333333
-57.2833988889
-60.5039849259
-64.894870384
-67.8600170904
-69.8735212113
-70.0
-70.0
-69.5447479325
-70.0
-70.0
-70.0
-70.0
-70.0
-70.0
-65.063019565
-62.2653973186
-60.8446440601
-55.3714447104
0
-70.0
-70.0
-70.0
-70.0
-70.0
-70.0
-70.0
-70.0
-70.0
-70.0
-70.0
-70.0
-62.6405764344
-58.4702364139
-56.3523578545
-61.1141626872
-70.0
-70.0
-70.0
-70.0
-70.0
-70.0
-70.0
-70.0
-70.0
-70.0
-70.0
-70.0
-70.0
-63.2794619964
-64.1983229194
-70.0
-70.0
-70.0
-70.0
-70.0
-70.0
-70.0
-70.0
-70.0
-70.0
-70.0
-70.0
-70.0
-70.0
-70.0
-70.0
-70.0
-70.0
-70.0
-65.5239269669
-62.9874855814
-61.6993712308
-61.203190246
-55.5814246964
0
-70.0
-70.0
-70.0
-70.0
-70.0
-70.0
-69.0659024008
-66.7588026502
-63.1492493781
-58.8785424356
-56.6868335223
-55.8155803902
-55.7656424979
-58.2921844647
-65.6865749676
-70.0
-70.0
-70.0
-70.0
-70.0
-70.0
-70.0
-70.0
-64.5427079208
-61.4502424092
-59.879755022
-60.4105765609
-66.7294531277
-70.0
-70.0
-70.0
-70.0
-70.0
-70.0
-70.0
-65.1302011906
-62.370648532
-59.9952409473
0
-70.0
-70.0
-70.0
-70.0
-70.0
-70.0
-70.0
-70.0
-70.0
-70.0
-70.0
-70.0
-69.3254489829
-68.9432034066
-68.1935270584
-68.6917908657
-66.8683774171
-70.0
-69.1598508648
-68.6837663548
-68.4419901036
-68.3488580162
-68.3480168298
-68.4025782237
-62.7319098969
-57.2384452376
-56.0194872375
-55.1768122203
-57.0109080251
-61.102663109
-66.3298394089
-70.0
-70.0
-70.0
-70.0
-70.0
-70.0
-70.0
-69.4322713917
-69.9879991886
-68.9002548772
-70.0
-70.0
-70.0
-69.1097864261
-68.6053320675
-68.3491483834
-63.3245406343
-60.532291297
-59.1725319847
-58.7175919979
-57.8258465036
-57.6966043236
-60.6203603712
-70.0
-70.0
-70.0
-69.8087348621
-69.7003512839
-69.6453094276
-69.6241073328
-69.6239158316
-69.6363370698
-62.1533970498
-57.5918531362
-56.4717812337
-59.2610390038
-67.2620612308
-70.0
-70.0
-70.0
-70.0
-70.0
-70.0
-70.0
-70.0
-70.0
-70.0
-70.0
-69.6079632407
-70.0
-70.0
-70.0
-70.0
-70.0
-70.0
-70.0
-70.0
-70.0
-70.0
-70.0
-70.0
-70.0
-69.2777440248
-70.0
-70.0
-70.0
-70.0
-70.0
-70.0
-70.0
-70.0
-70.0
-70.0
-70.0
-70.0
-70.0
-70.0
-70.0
-70.0
-70.0
-70.0
-70.0
-70.0
-70.0
-70.0
-65.4299465173
-62.8402495438
-61.5250897082
-61.0184908166
-55.3966311705
0
-70.0
-70.0
-70.0
-70.0
-70.0
-70.0
-70.0
-70.0
-70.0
-70.0
-70.0
-70.0
-69.9749232952
-70.0
-70.0
-70.0
-70.0
-70.0
-70.0
-70.0
-70.0
-70.0
-70.0
-63.8762009089
-60.4060480906
-58.6437547966
-57.964920327
-61.1623710447
-70.0
-70.0
-70.0
-70.0
-70.0
-70.0
-70.0
-70.0
-70.0
-70.0
-70.0
-70.0
-70.0
-70.0
-70.0
-70.0
-70.0
-70.0
-70.0
-70.0
-70.0
-70.0
-64.3624371622
-61.1678182207
-59.5454529152
-59.7888313919
-61.5339198906
-69.7110599188
-70.0
-70.0
-70.0
-69.2180484677
-64.8860537105
-60.1239883991
-57.595949599
-56.4925946656
-56.2808285501
-57.5720561535
0
-70.0
-70.0
-70.0
-70.0
-70.0
-70.0
-70.0
-70.0
-70.0
-70.0
-70.0
-70.0
-70.0
-70.0
-70.0
-64.2204008056
-65.9760225752
-70.0
-70.0
-70.0
-70.0
-70.0
-65.3250171805
-62.6758602495
-60.6268003789
-59.3764711105
-58.9803911792
-59.9783762716
-62.4678783694
-68.2775134665
-70.0
-70.0
-70.0
-70.0
-70.0
-70.0
-64.3344346049
-61.1239475477
-58.5813152236
-57.1030253218
-56.6459505366
-58.2543268967
-63.8574792429
-70.0
-70.0
-70.0
-70.0
-70.0
-70.0
-70.0
-70.0
-70.0
-70.0
-64.2043144791
-61.2534260172
-59.9821953428
-56.7373255369
-63.7432028222
-70.0
-70.0
-70.0
-70.0
-70.0
-70.0
-70.0
-70.0
-70.0
-70.0
-70.0
-70.0
-70.0
-69.5237632198
-70.0
-70.0
-70.0
-70.0
-70.0
-70.0
-64.7941760487
-59.5108758097
-56.6905331392
-55.4419764323
-55.1781098605
-57.4516236027
-61.7962553334
-66.7080660884
-70.0
-70.0
-70.0
-70.0
-64.6548224719
-61.6258885393
-59.0910907158
-58.7886128814
-55.7777273789
-60.4360969015
-67.1122555713
-70.0
-68.4835249633
-67.6241891092
-67.1877812931
-67.8879899842
-67.3958570626
-67.1873820743
-67.1560510121
-67.2320506744
-68.4438850209
-70.0
-70.0
-70.0
-70.0
-70.0
-70.0
-70.0
-70.0
-70.0
-70.0
-70.0
-70.0
-70.0
-70.0
-70.0
-70.0
-70.0
-70.0
-70.0
-70.0
-70.0
-64.7874124565
-61.8336128485
-60.3335459888
-58.8435125019
-58.3213753263
-59.0308770041
-64.0308124748
-70.0
-70.0
-70.0
-70.0
-70.0
-70.0
-70.0
-70.0
-70.0
-70.0
-64.2566245348
-61.0020451045
-55.4603403873
-57.1587926628
-70.0
-70.0
-70.0
-70.0
-70.0
-70.0
-70.0
-70.0
-70.0
-64.9466091995
-62.0830210792
-60.6287675044
-60.068589776
-60.2821510202
-62.7635196294
-70.0
-70.0
-70.0
-70.0
-70.0
-70.0
-70.0
-70.0
-70.0
-70.0
-69.903472614
-69.8487737619
-62.9019224648
-58.9704142711
-59.3151910822
-67.7986419521
-70.0
-70.0
-70.0
-70.0
-68.1188753329
-67.0529046882
-62.6226699229
-60.2104400663
-59.0894208168
-58.7804952399
-58.9691233857
-59.4499961603
-60.0901866198
-62.258110059
-70.0
-70.0
-70.0
-70.0
-70.0
-70.0
-66.7346999128
-62.5510298635
-60.2891268384
-59.2556807954
-58.9937571431
-59.2034777136
-59.6891941321
-61.3998092557
-67.9402376266
-70.0
-70.0
-70.0
-70.0
-70.0
-70.0
-65.5245712894
-62.98849502
-61.700566091
-60.2044566663
-59.6333091226
0
-70.0
-70.0
-70.0
-70.0
-70.0
-70.0
-70.0
-70.0
-70.0
-70.0
-70.0
-63.9984476828
-61.5860070164
-60.6281347261
-62.9978780766
-68.9135243897
-70.0
-70.0
-70.0
-70.0
-70.0
-70.0
-64.4482933359
-61.3023262262
-55.8157795307
0
-70.0
-70.0
-70.0
-70.0
-70.0
-70.0
-70.0
-70.0
-70.0
-70.0
-70.0
-70.0
-63.792915757
-59.2832753659
-56.9347152857
-56.6035207153
-55.6860855835
-60.2847362686
-65.786511112
-69.2280256477
-70.0
-70.0
-70.0
-70.0
-70.0
-70.0
-64.3137044615
-61.5287057693
-62.9158018146
-64.9168722395
-68.7487995006
-70.0
-70.0
-70.0
-70.0
-70.0
-70.0
-70.0
-70.0
-70.0
-69.2908802974
-70.0
-70.0
-70.0
-70.0
-70.0
-70.0
-70.0
-70.0
-70.0
-70.0
-70.0
-70.0
-70.0
-63.3318356148
-60.6418958429
-62.8967220768
-69.3758764265
-70.0
-70.0
-70.0
-70.0
-70.0
-70.0
-70.0
-70.0
-63.5449005084
-58.94553846
-57.8535289867
-61.4460302566
-70.0
-70.0
-70.0
-70.0
-70.0
-70.0
-70.0
-64.3040463533
-61.0763392868
-59.437170404
0
-70.0
-70.0
-70.0
-70.0
-70.0
-70.0
-70.0
-70.0
-70.0
-70.0
-70.0
-70.0
-70.0
-70.0
-70.0
-70.0
-70.0
-70.0
-70.0
-70.0
-70.0
-70.0
-70.0
-70.0
-70.0
-70.0
-63.6614659032
-57.7362965817
-54.5899851027
0
-70.0
-70.0
-70.0
-70.0
-70.0
-70.0
-70.0
-70.0
-70.0
-63.8441998106
-59.8003574811
-57.7140401673
-56.8717817735
-62.0977273053
-70.0
-70.0
-70.0
-70.0
-70.0
-70.0
-70.0
-70.0
-70.0
-70.0
-70.0
-70.0
-70.0
-70.0
-70.0
-70.0
-70.0
-68.0988821666
-67.8898948181
-67.8348392485
-67.8739779317
-67.968328544
-67.1511889566
-67.6241783296
-61.3968596533
-57.9472397924
-58.8201002585
-63.8966716994
-70.0
-70.0
-70.0
-70.0
-70.0
-70.0
-70.0
-70.0
-70.0
-70.0
-70.0
-70.0
-70.0
-70.0
-70.0
-70.0
-70.0
-70.0
-70.0
-69.8880042983
-69.8245400674
-69.7923101932
-62.7800800722
-60.688292108
-63.5074748325
-70.0
-70.0
-70.0
-70.0
-70.0
-70.0
-65.1939544944
-62.4705287079
-61.0874556124
-59.6132242315
-59.0749112619
-59.1160931047
-60.2157198093
-62.4845566383
-65.7861195827
-70.0
-70.0
-70.0
-70.0
-70.0
-70.0
-70.0
-70.0
-70.0
-70.0
-70.0
-70.0
-69.6336516744
-70.0
-70.0
-70.0
-70.0
-69.4628079597
-69.1583991369
-69.0038072053
-68.9442584728
-68.9437206175
-68.9786072172
-69.033585603
-69.0987864478
-69.1679474063
-70.0
-70.0
-70.0
-70.0
-70.0
-70.0
-70.0
-70.0
-64.7603214081
-61.7911702061
-60.2833071446
-59.7024790696
-59.6972329223
-61.0323725721
-67.8961938629
-70.0
-70.0
-70.0
-70.0
-70.0
-68.2896931336
-67.3205192427
-66.8283309334
-62.6737958818
-60.4252816548
-59.3953303967
-59.1308486287
-59.3344646135
-58.8121696516
-64.4248502535
-70.0
-70.0
-70.0
-70.0
-70.0
-66.7717552005
-64.9424164808
-64.0133993663
-63.655542452
-58.0350262711
-56.0355367253
-55.301325107
-55.7916024942
-61.1798253489
-70.0
-70.0
-70.0
-70.0
-70.0
-70.0
-64.3428199825
-57.8038404106
-54.2869913205
0
-70.0
-70.0
-70.0
-70.0
-70.0
-70.0
-70.0
-66.0277659716
-62.7883943755
-61.0851582719
-60.3603780007
-60.4495038808
-61.4385233833
-70.0
-70.0
-70.0
-70.0
-70.0
-70.0
-70.0
-70.0
-70.0
-70.0
-70.0
-70.0
-70.0
-70.0
-70.0
-70.0
-70.0
-70.0
-70.0
-70.0
-70.0
-70.0
-64.1273061794
-60.7994463477
-59.1094155705
-58.4584165851
-60.6040613495
-70.0
-70.0
-70.0
-70.0
-70.0
-70.0
-64.6959292165
-59.3569557725
-54.1750065136
0
-70.0
-70.0
-70.0
-70.0
-70.0
-70.0
-70.0
-70.0
-70.0
-70.0
-64.9627325568
-62.1082810057
-59.9549636711
-58.9978078147
-58.7902540403
-59.0393799743
-62.8107838537
-70.0
-70.0
-70.0
-70.0
-70.0
-70.0
-70.0
-70.0
-70.0
-70.0
-70.0
-70.0
-70.0
-70.0
-70.0
-70.0
-70.0
-70.0
-70.0
-70.0
-65.4989760151
-60.6184872243
-58.0029110423
-56.8334682984
-56.5706870421
-56.8606620535
-56.9966524522
-60.9150313652
-69.470904431
-70.0
-70.0
-70.0
-70.0
-70.0
-70.0
-70.0
-70.0
-70.0
-70.0
-70.0
-70.0
-70.0
-70.0
-70.0
-68.2653123869
-66.2827738325
-65.2171582388
-64.1816613857
-63.7543078943
-63.7060855363
-63.8869492703
-64.1992358684
-67.5074199685
-70.0
-70.0
-70.0
-70.0
-70.0
-70.0
-70.0
-70.0
-70.0
-63.6267844818
-60.0152956882
-58.181225889
-57.4747431466
-58.9332798955
-68.0062134121
-70.0
-70.0
-70.0
-68.0709306821
-66.977791402
-66.4226481205
-66.2088072143
-66.2068757634
-66.3321543674
-66.5295830509
-61.173414165
-55.920599028
-54.5053765353
-59.0826976481
-62.2357622904
-68.4416040296
-70.0
-70.0
-66.6020125109
-64.676486267
-63.6986209785
-63.3219477727
-63.3185455902
-63.5392194277
-64.8835575952
-66.4812921481
-70.0
-70.0
-70.0
-70.0
-70.0
-70.0
-70.0
-64.6942264047
-61.6876213674
-60.1607376328
-59.5822169875
-59.5823640341
-60.3819361661
-62.8910383406
-70.0
-70.0
-70.0
-70.0
-70.0
-70.0
-70.0
-70.0
-70.0
-70.0
-70.0
-69.3100941761
-69.7745009849
-70.0
-70.0
-70.0
-70.0
-70.0
-70.0
-70.0
-70.0
-70.0
-64.0693272323
-60.7086126639
-59.0018968341
-58.3444707751
-60.8353035387
-67.4552901855
-70.0
-70.0
-70.0
-70.0
-66.8953319019
-62.8026866462
-60.587009938
-59.5713702484
-59.3096074264
-58.5204571723
-58.4296184474
-59.1067865829
-60.2691651277
-69.7165281029
-70.0
-70.0
-70.0
-70.0
-70.0
-70.0
-70.0
-70.0
-69.4324179286
-69.1107880882
-68.947450581
-70.0
-70.0
-70.0
-70.0
-70.0
-70.0
-70.0
-70.0
-70.0
-63.8603391143
-60.3811979457
-58.6143399797
-57.9337472008
-59.6669422983
-65.1077032641
-70.0
-70.0
-70.0
-70.0
-70.0
-70.0
-70.0
-69.8439416795
-69.7555086312
-69.7105985145
-69.6932991606
-69.5240320424
-70.0
-70.0
-70.0
-70.0
-70.0
-70.0
-70.0
-70.0
-70.0
-70.0
-70.0
-63.9456026416
-62.2279820111
-65.2520653835
-68.3849556431
-70.0
-70.0
-70.0
-70.0
-70.0
-70.0
-70.0
-69.9172026674
-69.5369508456
-69.3242347243
-64.9000845515
-69.5388997277
-70.0
-70.0
-70.0
-70.0
-70.0
-70.0
-64.8425481096
-61.9199920383
-60.4357919943
-59.8640789014
-59.8589150823
-60.1938529547
-61.3663029424
-65.287262617
-63.2053285429
-67.9671557678
-70.0
-70.0
-70.0
-70.0
-65.297877439
-62.633341321
-57.3912860507
0
-70.0
-70.0
-70.0
-70.0
-70.0
-70.0
-70.0
-70.0
-70.0
-70.0
-70.0
-70.0
-70.0
-70.0
-70.0
-70.0
-70.0
-70.0
-70.0
-70.0
-70.0
-70.0
-70.0
-70.0
-70.0
-70.0
-70.0
-70.0
-70.0
-70.0
-70.0
-70.0
-70.0
-70.0
-70.0
-70.0
-70.0
-70.0
-64.3768255112
-61.1903599675
-59.5721353091
-58.9487960037
0
-70.0
-70.0
-70.0
-70.0
-70.0
-70.0
-70.0
-70.0
-70.0
-70.0
-70.0
-70.0
-70.0
-70.0
-70.0
-70.0
-70.0
-70.0
-69.2467453228
-66.5853331044
-65.1023080033
-64.3757493425
-59.201363242
-54.123352807
0
-70.0
-70.0
-70.0
-70.0
-70.0
-70.0
-70.0
-66.5993114776
-62.3389213148
-60.0380565067
-55.1007135161
0
-70.0
-70.0
-70.0
-70.0
-70.0
-70.0
-70.0
-70.0
-70.0
-70.0
-70.0
-70.0
-70.0
-70.0
-70.0
-70.0
-70.0
-70.0
-70.0
-70.0
-70.0
-70.0
-63.4770342572
-56.8917981141
0
-70.0
-70.0
-70.0
-70.0
-70.0
-70.0
-70.0
-70.0
-70.0
-70.0
-70.0
-69.7128843121
-69.5501854224
-69.4675599077
-68.7320288983
-68.3329759961
-68.1491117215
-69.7548419675
-70.0
-70.0
-70.0
-70.0
-70.0
-67.707631802
-66.4086231565
-65.7489305306
-65.4948172707
-66.4535036301
-67.1469319914
-61.2726317415
-58.0389638669
-54.9248776528
-61.9280992875
-70.0
-70.0
-70.0
-70.0
-70.0
-70.0
-70.0
-70.0
-70.0
-70.0
-70.0
-70.0
-70.0
-70.0
-70.0
-70.0
-70.0
-70.0
-70.0
-70.0
-70.0
-70.0
-70.0
-70.0
-70.0
-63.3717108737
-60.2987304559
-60.7044176295
-63.3767001405
-67.6209532099
-70.0
-70.0
-70.0
-70.0
-70.0
-70.0
-70.0
-70.0
-62.7851258176
-58.9148472946
-58.6450783465
-63.640890491
-69.3474010122
-70.0
-70.0
-70.0
-70.0
-70.0
-63.8725181553
-58.06694511
0
-70.0
-70.0
-70.0
-70.0
-70.0
-70.0
-70.0
-70.0
-65.4691707003
-62.9017007639
-61.5978287765
-61.0955779582
-61.0910415353
-62.3852732298
-67.6994367236
-70.0
-70.0
-70.0
-70.0
-70.0
-70.0
-70.0
-70.0
-63.7501831446
-60.2086202598
-58.4100618537
-57.7172580815
-60.4710400792
-70.0
-70.0
-70.0
-68.2423443781
-67.419672859
-67.0120808523
-66.8671229532
-66.0162646914
-65.6385409113
-65.5572886128
-65.6566276133
-58.5529200085
-59.1150155124
-70.0
-70.0
-70.0
-70.0
-70.0
-70.0
-70.0
-70.0
-70.0
-70.0
-70.0
-70.0
-70.0
-70.0
-70.0
-70.0
-70.0
-70.0
-70.0
-67.4486920298
-66.0029508467
-65.2687411087
-64.9859238955
-64.9833694378
-65.1490577819
-65.4101688623
-65.7198298818
-67.3239836552
-70.0
-70.0
-70.0
-70.0
-70.0
-70.0
-70.0
-70.0
-70.0
-70.0
-70.0
-63.4431637016
-59.7276231325
-57.8407113533
-57.7460414293
-64.9940733675
-70.0
-70.0
-70.0
-70.0
-70.0
-70.0
-70.0
-70.0
-70.0
-70.0
-70.0
-70.0
-70.0
-70.0
-70.0
-70.0
-70.0
-70.0
-70.0
-68.74941369
-68.0407481144
-68.6774316778
-69.1035274266
-69.389067295
-69.5807556395
-69.7097434583
-69.7968113676
-63.7326158052
-64.6644072063
-64.2558852206
-68.7039808631
-70.0
-70.0
-70.0
-70.0
-64.9136497364
-61.0315182442
-59.0011887408
-58.1496180807
-57.3299847116
-58.216194173
-65.7312451194
-70.0
-70.0
-70.0
-70.0
-70.0
-70.0
-70.0
-70.0
-70.0
-70.0
-70.0
-70.0
-70.0
-70.0
-70.0
-70.0
-70.0
-70.0
-65.1007053244
-62.3244383416
-60.9145302072
-59.5031215624
-59.0061723235
0
-70.0
-70.0
-70.0
-70.0
-70.0
-70.0
-70.0
-70.0
-66.9966837712
-65.2948045748
-64.4305169045
-64.0975937388
-64.0945867148
-64.183954662
-65.0882893634
-70.0
-70.0
-70.0
-70.0
-70.0
-70.0
-65.6430096478
-63.1740484482
-61.9202034469
-61.4372229978
-61.4328606285
-61.7158145192
-62.1617263697
-64.2185923901
-69.1862078369
-70.0
-70.0
-70.0
-70.0
-70.0
-70.0
-70.0
-70.0
-70.0
-70.0
-70.0
-70.0
-70.0
-70.0
-70.0
-70.0
-70.0
-70.0
-70.0
-70.0
-65.9106629225
-63.5933719119
-62.4165515752
-61.9632409873
-61.9591466016
-62.2247184169
-63.3122276779
-69.2547555075
-70.0
-70.0
-70.0
-70.0
-70.0
-70.0
-70.0
-70.0
-70.0
-70.0
-69.1458874355
-69.0965334825
-70.0
-70.0
-70.0
-70.0
-70.0
-70.0
-70.0
-70.0
-70.0
-70.0
-70.0
-70.0
-70.0
-70.0
-70.0
-70.0
-70.0
-70.0
-70.0
-70.0
-70.0
-69.9573213135
-70.0
-70.0
-70.0
-70.0
-70.0
-70.0
-70.0
-70.0
-70.0
-70.0
-70.0
-70.0
-70.0
-70.0
-63.1382750029
-63.170322717
-67.7202345546
-70.0
-70.0
-70.0
-70.0
-70.0
-70.0
-70.0
-70.0
-70.0
-70.0
-70.0
-70.0
-70.0
-70.0
-70.0
-70.0
-70.0
-70.0
-70.0
-70.0
-70.0
-70.0
-70.0
-70.0
-70.0
-70.0
-64.1075450862
-61.4303216527
-58.7110013003
-59.565255544
-63.4162531871
-66.4748677363
-68.8030684707
-70.0
-70.0
-70.0
-70.0
-70.0
-70.0
-69.8077488856
-70.0
-70.0
-70.0
-70.0
-70.0
-70.0
-70.0
-63.479951525
-59.7852573892
-57.3533767725
-56.3158025101
0
-70.0
-70.0
-70.0
-70.0
-70.0
-70.0
-70.0
-70.0
-70.0
-70.0
-70.0
-69.7795733964
-70.0
-70.0
-70.0
-70.0
-70.0
-70.0
-70.0
-70.0
-70.0
-70.0
-70.0
-70.0
-70.0
-70.0
-70.0
-70.0
-70.0
-70.0
-70.0
-70.0
-70.0
-70.0
-70.0
-70.0
-70.0
-70.0
-70.0
-70.0
-70.0
-70.0
-70.0
-70.0
-70.0
-70.0
-70.0
-70.0
-70.0
-70.0
-64.4938480335
-61.3736952525
-59.7891470755
-54.4700634734
-54.8007994859
-67.1060986168
-70.0
-70.0
-70.0
-70.0
-66.8484879852
-65.0626311767
-64.8593997562
-64.9088142453
-65.1081691306
-65.3908430908
-66.3605859662
-69.6582492158
-70.0
-70.0
-69.3690171963
-69.0114602742
-68.8298774452
-68.7599318329
-67.8178277346
-67.3253043511
-67.1189468426
-68.3003836393
-70.0
-66.9475694454
-68.5572473508
-70.0
-70.0
-68.162572463
-67.5025980878
-67.1898601931
-68.0698764883
-63.0449397652
-60.2618130724
-58.9165432877
-58.478829974
-57.6012559458
-59.4184715925
-66.6196330586
-70.0
-70.0
-70.0
-70.0
-70.0
-70.0
-70.0
-70.0
-69.2679673559
-61.7929446205
-58.5424810495
-57.3869872103
-61.4324281998
-70.0
-70.0
-70.0
-70.0
-70.0
-70.0
-70.0
-70.0
-70.0
-70.0
-70.0
-70.0
-70.0
-70.0
-70.0
-70.0
-70.0
-68.0664302204
-66.9707406787
-66.4143022644
-66.1999624736
-66.1980265167
-60.2454080916
-56.000512539
-55.7013042624
-61.8772629474
-63.524837363
-65.0970781158
-66.3681588525
-67.2518686661
-67.873698932
-68.3176737939
-68.6401362512
-68.8789425172
-69.0595948596
-70.0
-70.0
-70.0
-70.0
-70.0
-70.0
-70.0
-70.0
-70.0
-70.0
-70.0
-70.0
-63.4738245265
-60.4096019071
-60.0969009374
-70.0
-70.0
-70.0
-70.0
-70.0
-67.4661156542
-66.0302478582
-61.4121633631
-59.9274847825
-59.3724281414
-59.393646552
-58.8184503768
-59.6485201282
-60.9305172973
-65.8187236791
-70.0
-70.0
-70.0
-70.0
-70.0
-70.0
-70.0
-70.0
-70.0
-70.0
-70.0
-70.0
-70.0
-70.0
-70.0
-70.0
-70.0
-70.0
-70.0
-70.0
-70.0
-70.0
-70.0
-70.0
-70.0
-70.0
-70.0
-70.0
-70.0
-70.0
-70.0
-70.0
-70.0
-70.0
-70.0
-70.0
-70.0
-70.0
-70.0
-63.28156147
-60.4159186396
-61.4025304805
-68.498270298
-70.0
-70.0
-70.0
-70.0
-64.5748474301
-61.5005943072
-59.9393559565
-59.3379677475
0
-70.0
-70.0
-70.0
-70.0
-70.0
-70.0
-70.0
-70.0
-70.0
-70.0
-64.4521489675
-61.3083667157
-59.7118184742
-59.0968289134
-61.5992068574
-70.0
-70.0
-70.0
-70.0
-70.0
-70.0
-70.0
-70.0
-70.0
-70.0
-69.7775495012
-69.6514942185
-70.0
-70.0
-70.0
-70.0
-70.0
-70.0
-70.0
-70.0
-70.0
-70.0
-70.0
-70.0
-69.576257093
-69.0028027791
-68.691970098
-63.5781661699
-66.830676169
-70.0
-70.0
-70.0
-70.0
-70.0
-70.0
-70.0
-70.0
-70.0
-70.0
-63.2426204596
-59.4134387201
-54.0669237674
0
-70.0
-70.0
-70.0
-70.0
-70.0
-70.0
-70.0
-70.0
-70.0
-70.0
-70.0
-70.0
-70.0
-70.0
-70.0
-70.0
-70.0
-70.0
-70.0
-70.0
-70.0
-70.0
-70.0
-70.0
-70.0
-70.0
-70.0
-70.0
-70.0
-70.0
-70.0
-70.0
-70.0
-70.0
-70.0
-70.0
-66.1158715133
-63.9148653709
-62.7970995064
-57.4406107449
-54.6453637965
0
-70.0
-70.0
-70.0
-70.0
-70.0
-70.0
-70.0
-67.9706409444
-66.8206708129
-66.2366663736
-66.0117081642
-65.207207164
-64.884266325
-64.8610262775
-67.3196246246
-70.0
-70.0
-70.0
-70.0
-69.3298941356
-69.1313248865
-69.7448428778
-70.0
-70.0
-70.0
-70.0
-70.0
-63.0875961889
-62.3643542449
-65.7926879254
-69.4783533348
-70.0
-70.0
-70.0
-70.0
-63.3801663086
-59.6289272167
-57.7238861878
