-62.0
-57.4666666667
-55.1644444444
-54.2776296296
-54.2696197531
-54.7891598354
-67.6079118903
-70.0
-70.0
-70.0
-70.0
-70.0
-70.0
-70.0
-70.0
-70.0
-70.0
-70.0
-70.0
-70.0
-62.7406771188
-59.9754611939
-70.0
-70.0
-70.0
-70.0
-70.0
-70.0
-70.0
-70.0
-64.6733278464
-61.6548802926
-60.1219824173
-59.5315109449
-59.5261776966
-60.0226036632
-70.0
-70.0
-70.0
-70.0
-70.0
-70.0
-70.0
-70.0
-70.0
-70.0
-70.0
-70.0
-70.0
-70.0
-70.0
-70.0
-70.0
-70.0
-70.0
-70.0
-70.0
-70.0
-70.0
-70.0
-63.0492986165
-59.1105678325
-57.1103104344
-59.2207150058
-70.0
-70.0
-70.0
-70.0
-70.0
-70.0
-67.5542969276
-66.1683985199
-65.4645795246
-65.1934688099
-65.1910200874
-65.3498501844
-65.6001532364
-66.0504517781
-70.0
-70.0
-70.0
-70.0
-70.0
-70.0
-70.0
-70.0
-70.0
-70.0
-70.0
-70.0
-62.552415158
-58.3321170809
-56.4963849221
-70.0
-70.0
-70.0
-70.0
-70.0
-70.0
-70.0
-68.0245020576
-66.9050532236
-66.3365488157
-66.1175612105
-66.1155832737
-66.2438770691
-66.4460574441
-66.9971886996
-70.0
-70.0
-70.0
-70.0
-70.0
-70.0
-70.0
-70.0
-70.0
-70.0
-70.0
-70.0
-62.5926135704
-58.3950945936
-68.2186221271
-70.0
-70.0
-70.0
-70.0
-70.0
-70.0
-70.0
-65.8662085048
-63.5237266575
-62.3341133272
-61.8758748848
-61.8717359899
-62.1401947866
-62.5632635717
-63.5390638722
-70.0
-70.0
-70.0
-70.0
-70.0
-70.0
-70.0
-70.0
-70.0
-70.0
-70.0
-70.0
-62.5704890063
-58.3604327765
-56.6988281329
-70.0
-70.0
-70.0
-70.0
-70.0
-70.0
-70.0
-68.1067901235
-67.0339711934
-66.4891474623
-66.2792816415
-66.2773860943
-66.4003358962
-66.5940945808
-67.3035199873
-70.0
-70.0
-70.0
-70.0
-70.0
-70.0
-70.0
-70.0
-70.0
-70.0
-70.0
-70.0
-63.0812713178
-59.160658398
-57.1696020328
-56.8824645088
-70.0
-70.0
-70.0
-70.0
-70.0
-70.0
-65.5681369268
-63.056747852
-61.7813561454
-61.2900759165
-61.285638582
-61.5734548953
-62.02702952
-67.6724685197
-70.0
-70.0
-70.0
-70.0
-70.0
-70.0
-70.0
-70.0
-70.0
-70.0
-70.0
-70.0
-62.5692375259
-58.3584721239
-56.5454076535
-70.0
-70.0
-70.0
-70.0
-70.0
-70.0
-70.0
-68.2393292181
-67.241615775
-66.73493385
-66.5397602333
-66.5379973889
-66.6523397693
-66.8325338718
-67.0462325377
-68.7391256308
-70.0
-70.0
-70.0
-70.0
-70.0
-70.0
-70.0
-70.0
-70.0
-70.0
-70.0
-63.128361154
-59.2344324747
-57.2569275179
-56.9918047532
-65.1010567771
-70.0
-70.0
-70.0
-70.0
-70.0
-63.9027195292
-60.4475939291
-58.6929321047
-58.0170372733
-58.0109324653
-70.0
-70.0
-70.0
-70.0
-70.0
-70.0
-70.0
-70.0
-70.0
-70.0
-70.0
-70.0
-70.0
-70.0
-70.0
-70.0
-70.0
-70.0
-70.0
-70.0
-70.0
-70.0
-70.0
-70.0
-70.0
-63.2035445399
-59.3522197792
-57.3963509302
-56.6429512564
-57.1367089337
-65.4646502642
-70.0
-70.0
-70.0
-70.0
-70.0
-70.0
-70.0
-70.0
-70.0
-70.0
-70.0
-70.0
-70.0
-70.0
-64.8391485991
-70.0
-70.0
-70.0
-70.0
-70.0
-70.0
-70.0
-70.0
-70.0
-64.7774558756
-61.8180142052
-60.3150820627
-59.7361533751
-59.7309243834
-60.0700895089
-61.4485305023
-70.0
-70.0
-70.0
-70.0
-70.0
-70.0
-70.0
-70.0
-70.0
-70.0
-70.0
-70.0
-70.0
-62.501291244
-58.2520229489
-58.1257693989
-70.0
-70.0
-70.0
-70.0
-70.0
-70.0
-70.0
-67.6516954733
-66.3209895748
-65.6451997165
-65.384885811
-65.3825346073
-65.5350393982
-65.7753742928
-66.7430808511
-70.0
-70.0
-70.0
-70.0
-70.0
-70.0
-70.0
-70.0
-70.0
-70.0
-70.0
-70.0
-62.4814069699
-58.2208709194
-70.0
-70.0
-70.0
-70.0
-70.0
-70.0
-70.0
-70.0
-66.2466310014
-64.1197219021
-63.0395857125
-62.6235178084
-62.6197598056
-62.8635130104
-63.2476478329
-64.0507576339
-70.0
-70.0
-70.0
-70.0
-70.0
-70.0
-70.0
-70.0
-70.0
-70.0
-70.0
-70.0
-62.6238871897
-58.4440899306
-56.6705240888
-70.0
-70.0
-70.0
-70.0
-70.0
-70.0
-70.0
-68.4995308642
-67.6492650206
-67.2174633471
-67.0511335647
-67.0496312431
-67.1470754754
-67.3006394989
-67.4827565964
-68.378478167
-70.0
-70.0
-70.0
-70.0
-70.0
-70.0
-70.0
-70.0
-70.0
-70.0
-70.0
-63.3173514974
-59.5305173459
-57.6073996102
-56.8666156484
-58.0903740909
-60.4563507674
-70.0
-70.0
-70.0
-70.0
-70.0
-70.0
-70.0
-70.0
-70.0
-70.0
-70.0
-70.0
-70.0
-70.0
-62.5020168973
-59.4910025287
-70.0
-70.0
-70.0
-70.0
-70.0
-70.0
-70.0
-70.0
-65.0705294925
-62.2771628715
-60.8585708032
-60.3121298688
-60.3071943125
-60.6273265017
-61.4897978398
-70.0
-70.0
-70.0
-70.0
-70.0
-70.0
-70.0
-70.0
-70.0
-70.0
-70.0
-70.0
-70.0
-62.6173310076
-58.4338185785
-56.3092505018
-62.3732782089
-70.0
-70.0
-70.0
-70.0
-70.0
-70.0
-68.9921522634
-68.421038546
-68.131002364
-68.019280576
-68.018271484
-68.083723646
-68.1868708217
-68.3091967663
-68.9830158854
-70.0
-70.0
-70.0
-70.0
-70.0
-70.0
-70.0
-70.0
-70.0
-70.0
-70.0
-63.1144272215
-59.212602647
-57.2310878141
-56.4678093206
-57.3727975407
-59.0576293622
-70.0
-70.0
-70.0
-70.0
-70.0
-70.0
-70.0
-70.0
-70.0
-70.0
-70.0
-70.0
-70.0
-70.0
-62.4547772867
-58.362979077
-70.0
-70.0
-70.0
-70.0
-70.0
-70.0
-70.0
-70.0
-65.7665258345
-63.3675571407
-62.149257353
-61.679968902
-61.6757302014
-61.9506626409
-62.3839333499
-63.8262880769
-70.0
-70.0
-70.0
-70.0
-70.0
-70.0
-70.0
-70.0
-70.0
-70.0
-70.0
-70.0
-62.640727983
-58.47047384
-56.7240347449
-65.1729076781
-70.0
-70.0
-70.0
-70.0
-70.0
-70.0
-68.7566109252
-68.0520237829
-67.694204038
-67.5563720565
-67.5551271324
-67.6358759401
-67.7631293601
-67.9140437668
-68.6382426587
-70.0
-70.0
-70.0
-70.0
-70.0
-70.0
-70.0
-70.0
-70.0
-70.0
-70.0
-63.0059403644
-59.0426399042
-57.0299049646
-56.2546005021
-56.6252013723
-68.312490166
-70.0
-70.0
-70.0
-70.0
-70.0
-70.0
-70.0
-70.0
-70.0
-70.0
-70.0
-70.0
-70.0
-70.0
-62.4562769086
-59.6792327552
-70.0
-70.0
-70.0
-70.0
-70.0
-70.0
-70.0
-70.0
-66.1218765432
-63.924273251
-62.8082355007
-62.3783383338
-62.3744554225
-62.626310495
-63.0232131887
-63.8756989636
-70.0
-70.0
-70.0
-70.0
-70.0
-70.0
-70.0
-70.0
-70.0
-70.0
-70.0
-70.0
-62.6612007429
-58.5025478305
-56.7738847306
-60.0648876293
-70.0
-70.0
-70.0
-70.0
-70.0
-70.0
-68.8503482354
-68.1988789021
-67.868034672
-67.7405936449
-67.7394425738
-67.8141038454
-67.9317638135
-68.0713010005
-68.6048189753
-70.0
-70.0
-70.0
-70.0
-70.0
-70.0
-70.0
-70.0
-70.0
-70.0
-70.0
-63.5213420718
-59.8501025792
-57.9856887977
-57.2675175688
-57.2610309125
-58.4656453756
-70.0
-70.0
-70.0
-70.0
-70.0
-70.0
-70.0
-70.0
-70.0
-70.0
-70.0
-70.0
-70.0
-70.0
-62.3464105479
-58.7950579671
-70.0
-70.0
-70.0
-70.0
-70.0
-70.0
-70.0
-70.0
-65.4584060357
-62.8848361225
-61.5778663039
-61.0744222026
-61.0698750017
-61.3648175145
-62.0282986733
-64.6509023091
-70.0
-70.0
-70.0
-70.0
-70.0
-70.0
-70.0
-70.0
-70.0
-70.0
-70.0
-70.0
-62.8569501262
-58.8092218643
-56.7536108451
-56.3589874801
-70.0
-70.0
-70.0
-70.0
-70.0
-70.0
-68.6631979018
-67.9056767129
-67.5209747758
-67.3727877876
-67.3714493352
-67.4582646192
-67.5950783023
-67.7573305687
-68.1303768386
-70.0
-70.0
-70.0
-70.0
-70.0
-70.0
-70.0
-70.0
-70.0
-70.0
-70.0
-63.403846178
-59.6660256789
-57.7677991901
-57.0366033239
-57.430911285
-59.4655969734
-70.0
-70.0
-70.0
-70.0
-70.0
-70.0
-70.0
-70.0
-70.0
-70.0
-70.0
-70.0
-70.0
-70.0
-62.4450465207
-58.5657963014
-70.0
-70.0
-70.0
-70.0
-70.0
-70.0
-70.0
-70.0
-65.9553927755
-63.6634486816
-62.4995006026
-62.0511484017
-62.0470988011
-62.3097657474
-62.7237070569
-64.0293170893
-70.0
-70.0
-70.0
-70.0
-70.0
-70.0
-70.0
-70.0
-70.0
-70.0
-70.0
-70.0
-62.6857923597
-58.5410746968
-56.8484610532
-57.6651058126
-70.0
-70.0
-70.0
-70.0
-70.0
-70.0
-70.0
-70.0
-70.0
-70.0
-70.0
-70.0
-70.0
-70.0
-70.0
-70.0
-70.0
-70.0
-70.0
-70.0
-70.0
-70.0
-70.0
-70.0
-70.0
-70.0
-63.3695470224
-59.6122903352
-57.7041933116
-56.9691953204
-57.1716881389
-58.944324946
-70.0
-70.0
-70.0
-70.0
-70.0
-70.0
-70.0
-70.0
-70.0
-70.0
-70.0
-70.0
-70.0
-70.0
-62.3809600137
-58.0635040215
-70.0
-70.0
-70.0
-70.0
-70.0
-70.0
-70.0
-70.0
-67.4343539095
-65.9804877915
-65.242151861
-64.9577452407
-64.9551764271
-65.1217959247
-65.3843744258
-65.6957757123
-70.0
-70.0
-70.0
-70.0
-70.0
-70.0
-70.0
-70.0
-70.0
-70.0
-70.0
-70.0
-62.635127318
-58.4616994649
-56.5542816029
-62.827294233
-70.0
-70.0
-70.0
-70.0
-70.0
-70.0
-69.7488600823
-69.6065474623
-69.5342749749
-69.5064356499
-69.5061841999
-69.5224938566
-69.5481965221
-69.5786782373
-69.8246023188
-70.0
-70.0
-70.0
-70.0
-70.0
-70.0
-70.0
-70.0
-70.0
-70.0
-70.0
-63.7030292558
-60.134745834
-58.3226175865
-57.6245867185
-57.6182819737
-58.2428632031
-70.0
-70.0
-70.0
-70.0
-70.0
-70.0
-70.0
-70.0
-70.0
-70.0
-70.0
-70.0
-70.0
-70.0
-62.3670687257
-58.4667018935
-70.0
-70.0
-70.0
-70.0
-70.0
-70.0
-70.0
-70.0
-66.1989867398
-64.0450792257
-62.9512320764
-62.5298827176
-62.5260770117
-62.7729243545
-63.1619352817
-64.2677714069
-70.0
-70.0
-70.0
-70.0
-70.0
-70.0
-70.0
-70.0
-70.0
-70.0
-70.0
-70.0
-63.0238726481
-59.0707338154
-57.0631593886
-56.2898427529
-70.0
-70.0
-70.0
-70.0
-70.0
-70.0
-69.3601888498
-68.9976291981
-68.8135057671
-68.7425815162
-68.7419409152
-68.7834918574
-68.8489726941
-68.9266287731
-69.0090014613
-69.9592663581
-70.0
-70.0
-70.0
-70.0
-70.0
-70.0
-70.0
-70.0
-70.0
-70.0
-63.422161405
-59.6947195345
-57.8017637611
-57.0725981717
-57.2877954008
-59.1214910116
-70.0
-70.0
-70.0
-70.0
-70.0
-70.0
-70.0
-70.0
-70.0
-70.0
-70.0
-70.0
-70.0
-70.0
-62.4714540579
-58.2052780241
-70.0
-70.0
-70.0
-70.0
-70.0
-70.0
-70.0
-70.0
-66.6661170553
-64.77691672
-63.8174992948
-63.4479321965
-63.4445941977
-63.6611049251
-64.0023078641
-64.8467864173
-70.0
-70.0
-70.0
-70.0
-70.0
-70.0
-70.0
-70.0
-70.0
-70.0
-70.0
-70.0
-62.7893427986
-58.7033037178
-56.628236812
-56.4942716738
-70.0
-70.0
-70.0
-70.0
-70.0
-70.0
-70.0
-70.0
-70.0
-70.0
-70.0
-70.0
-70.0
-70.0
-70.0
-70.0
-70.0
-70.0
-70.0
-70.0
-70.0
-70.0
-70.0
-70.0
-70.0
-70.0
-63.4723620327
-59.7733671845
-57.8948580361
-57.1712572792
-57.3924585269
-59.0346918637
-70.0
-70.0
-70.0
-70.0
-70.0
-70.0
-70.0
-70.0
-70.0
-70.0
-70.0
-70.0
-70.0
-70.0
-62.4202347253
-58.125034403
-70.0
-70.0
-70.0
-70.0
-70.0
-70.0
-70.0
-70.0
-67.4157201646
-65.9512949246
-65.2075966164
-64.9211244109
-64.9185369406
-65.0863665604
-65.3508521136
-65.6645150417
-70.0
-70.0
-70.0
-70.0
-70.0
-70.0
-70.0
-70.0
-70.0
-70.0
-70.0
-70.0
-62.6721173356
-58.5196504925
-56.4108487035
-57.5782490547
-70.0
-70.0
-70.0
-70.0
-70.0
-70.0
-70.0
-70.0
-70.0
-70.0
-70.0
-70.0
-70.0
-70.0
-70.0
-70.0
-70.0
-70.0
-70.0
-70.0
-70.0
-70.0
-70.0
-70.0
-70.0
-70.0
-63.9529917187
-60.5263536927
-58.7861590873
-58.1158370212
-58.1097825474
-58.7376695843
-70.0
-70.0
-70.0
-70.0
-70.0
-70.0
-70.0
-70.0
-70.0
-70.0
-70.0
-70.0
-70.0
-70.0
-62.3972854585
-58.5497639769
-70.0
-70.0
-70.0
-70.0
-70.0
-70.0
-70.0
-70.0
-66.4643237311
-64.4607738455
-63.4432847859
-63.0513485239
-63.0478084826
-63.2774241751
-63.6392794514
-64.0684166355
-70.0
-70.0
-70.0
-70.0
-70.0
-70.0
-70.0
-70.0
-70.0
-70.0
-70.0
-70.0
-63.0820827448
-59.1619296336
-57.171106779
-56.4042428403
-70.0
-70.0
-70.0
-70.0
-70.0
-70.0
-69.4891209546
-69.1996228288
-69.0526031924
-68.9959713042
-68.9954597944
-69.0286375621
-69.0809229706
-69.1429301167
-69.2087034005
-69.9767913956
-70.0
-70.0
-70.0
-70.0
-70.0
-70.0
-70.0
-70.0
-70.0
-70.0
-63.4907981382
-59.8022504165
-57.9290467696
-57.2074896891
-57.2009724512
-58.5607805393
-70.0
-70.0
-70.0
-70.0
-70.0
-70.0
-70.0
-70.0
-70.0
-70.0
-70.0
-70.0
-70.0
-70.0
-62.5170304888
-58.2766810991
-57.2467415276
-70.0
-70.0
-70.0
-70.0
-70.0
-70.0
-70.0
-67.9157869224
-66.7347328451
-66.1349426372
-65.9039037579
-65.9018169717
-66.0371710009
-66.2504777184
-66.503445825
-66.7717784948
-70.0
-70.0
-70.0
-70.0
-70.0
-70.0
-70.0
-70.0
-70.0
-70.0
-70.0
-63.0575024642
-59.1234205272
-57.1255240141
-56.3559353058
-70.0
-70.0
-70.0
-70.0
-70.0
-70.0
-70.0
-70.0
-70.0
-70.0
-70.0
-70.0
-70.0
-70.0
-70.0
-70.0
-70.0
-70.0
-70.0
-70.0
-70.0
-70.0
-70.0
-70.0
-70.0
-70.0
-63.5166546526
-59.8427589557
-57.9769962391
-57.2583054012
-57.2518140517
-58.6316985515
-70.0
-70.0
-70.0
-70.0
-70.0
-70.0
-70.0
-70.0
-70.0
-70.0
-70.0
-70.0
-70.0
-70.0
-62.4116651193
-58.1116086869
-70.0
-70.0
-70.0
-70.0
-70.0
-70.0
-70.0
-70.0
-67.72381893
-66.4339829904
-65.7789486603
-65.5266297735
-65.5243507823
-65.6721716949
-65.9051251859
-66.1813931077
-70.0
-70.0
-70.0
-70.0
-70.0
-70.0
-70.0
-70.0
-70.0
-70.0
-70.0
-70.0
-62.883186031
-58.850324782
-56.8022638731
-56.265648053
-70.0
-70.0
-70.0
-70.0
-70.0
-70.0
-70.0
-70.0
-70.0
-70.0
-70.0
-70.0
-70.0
-70.0
-70.0
-70.0
-70.0
-70.0
-70.0
-70.0
-70.0
-70.0
-70.0
-70.0
-70.0
-70.0
-64.0393513184
-60.6616503988
-58.9463081671
-58.2855592225
-58.279591215
-58.9219637689
-70.0
-70.0
-70.0
-70.0
-70.0
-70.0
-70.0
-70.0
-70.0
-70.0
-70.0
-70.0
-70.0
-70.0
-62.4231502701
-58.3856193748
-70.0
-70.0
-70.0
-70.0
-70.0
-70.0
-70.0
-70.0
-66.8327014175
-65.0378988874
-64.1264207397
-63.7753198265
-63.7721486177
-63.9778409384
-64.3019949663
-64.6864208841
-70.0
-70.0
-70.0
-70.0
-70.0
-70.0
-70.0
-70.0
-70.0
-70.0
-70.0
-70.0
-62.8066977779
-58.7304931853
-56.660420657
-56.3637772845
-70.0
-70.0
-70.0
-70.0
-70.0
-70.0
-70.0
-70.0
-70.0
-70.0
-70.0
-70.0
-70.0
-70.0
-70.0
-70.0
-70.0
-70.0
-70.0
-70.0
-70.0
-70.0
-70.0
-70.0
-70.0
-70.0
-63.5646778118
-59.9179952385
-58.0660525199
-57.3526851381
-57.3462418711
-58.0268152092
-70.0
-70.0
-70.0
-70.0
-70.0
-70.0
-70.0
-70.0
-70.0
-70.0
-70.0
-70.0
-70.0
-70.0
-62.5521904407
-58.3317650238
-56.6929773418
-70.0
-70.0
-70.0
-70.0
-70.0
-70.0
-70.0
-68.4647848555
-67.594829607
-67.1530288043
-66.9828473626
-66.9813102521
-67.0810109774
-67.2381310467
-67.4244653867
-67.6221171445
-70.0
-70.0
-70.0
-70.0
-70.0
-70.0
-70.0
-70.0
-70.0
-70.0
-70.0
-63.1015718154
-59.1924625108
-57.2072481776
-56.4425446385
-60.7435905905
-70.0
-70.0
-70.0
-70.0
-70.0
-70.0
-70.0
-70.0
-70.0
-70.0
-70.0
-70.0
-70.0
-70.0
-70.0
-68.5625871833
-70.0
-70.0
-70.0
-70.0
-70.0
-70.0
-70.0
-70.0
-70.0
-64.0297208722
-60.6465626998
-58.9284490397
-58.2666325423
-58.2606548924
-58.9170488225
-70.0
-70.0
-70.0
-70.0
-70.0
-70.0
-70.0
-70.0
-70.0
-70.0
-70.0
-70.0
-70.0
-70.0
-62.4853802699
-58.2270957561
-68.8735636594
-70.0
-70.0
-70.0
-70.0
-70.0
-70.0
-70.0
-67.8416491744
-66.6185837066
-65.9974583024
-65.7582011164
-65.756040101
-65.8962088216
-66.1171030933
-66.3790695532
-68.3810290402
-70.0
-70.0
-70.0
-70.0
-70.0
-70.0
-70.0
-70.0
-70.0
-70.0
-70.0
-63.0763916915
-59.1530136501
-57.1605530368
-56.3930582344
-61.2260119923
-70.0
-70.0
-70.0
-70.0
-70.0
-70.0
-70.0
-70.0
-70.0
-70.0
-70.0
-70.0
-70.0
-70.0
-70.0
-70.0
-70.0
-70.0
-70.0
-70.0
-70.0
-70.0
-70.0
-70.0
-70.0
-64.3456716965
-61.1415523246
-59.5143622906
-58.8875695271
-58.8819082182
-59.2491144922
-70.0
-70.0
-70.0
-70.0
-70.0
-70.0
-70.0
-70.0
-70.0
-70.0
-70.0
-70.0
-70.0
-70.0
-62.5213981458
-58.2835237617
-56.1313483393
-70.0
-70.0
-70.0
-70.0
-70.0
-70.0
-70.0
-68.7094375857
-67.9781188843
-67.6067237007
-67.4636624671
-67.4623703114
-67.5461826743
-67.6782640028
-67.8349039999
-68.0010578648
-70.0
-70.0
-70.0
-70.0
-70.0
-70.0
-70.0
-70.0
-70.0
-70.0
-70.0
-63.1604697211
-59.2847358964
-57.3164710717
-56.5582964745
-57.3222317859
-70.0
-70.0
-70.0
-70.0
-70.0
-70.0
-70.0
-70.0
-70.0
-70.0
-70.0
-70.0
-70.0
-70.0
-70.0
-62.2427285429
-70.0
-70.0
-70.0
-70.0
-70.0
-70.0
-70.0
-70.0
-70.0
-65.5344691358
-63.0040016461
-61.7189210974
-61.2239087316
-61.2194376877
-61.5094404718
-61.9664607932
-70.0
-70.0
-70.0
-70.0
-70.0
-70.0
-70.0
-70.0
-70.0
-70.0
-70.0
-70.0
-70.0
-62.7136844344
-58.5847722805
-56.4879325788
-68.9444745858
-70.0
-70.0
-70.0
-70.0
-70.0
-70.0
-67.6115524663
-66.2580988639
-65.5707567403
-65.3059929081
-65.3036015119
-65.4587132904
-65.7031565812
-65.9930506696
-66.3005521004
-70.0
-70.0
-70.0
-70.0
-70.0
-70.0
-70.0
-70.0
-70.0
-70.0
-70.0
-63.14889324
-59.2665994094
-57.2950031307
-56.5355452591
-57.0681711442
-70.0
-70.0
-70.0
-70.0
-70.0
-70.0
-70.0
-70.0
-70.0
-70.0
-70.0
-70.0
-70.0
-70.0
-70.0
-62.5231699747
-70.0
-70.0
-70.0
-70.0
-70.0
-70.0
-70.0
-70.0
-70.0
-65.5644554184
-63.0509801555
-61.7745289925
-61.2828406617
-61.2783996411
-61.5664550408
-62.0204064458
-70.0
-70.0
-70.0
-70.0
-70.0
-70.0
-70.0
-70.0
-70.0
-70.0
-70.0
-70.0
-70.0
-62.7675593155
-58.669176261
-56.5878405529
-60.6497247296
-70.0
-70.0
-70.0
-70.0
-70.0
-70.0
-68.0951241832
-67.0156945537
-66.4675136242
-66.2563546124
-66.2544473849
-66.3781548022
-66.5731074258
-66.8043087525
-67.3383097522
-70.0
-70.0
-70.0
-70.0
-70.0
-70.0
-70.0
-70.0
-70.0
-70.0
-70.0
-63.3723813786
-59.6167308265
-57.7094494677
-56.9747656701
-56.9681298693
-70.0
-70.0
-70.0
-70.0
-70.0
-70.0
-70.0
-70.0
-70.0
-70.0
-70.0
-70.0
-70.0
-70.0
-70.0
-63.2853984541
-70.0
-70.0
-70.0
-70.0
-70.0
-70.0
-70.0
-70.0
-70.0
-65.6438256363
-63.1753268303
-61.9217166523
-61.4388266571
-61.4344651047
-61.7173660031
-62.1631943421
-65.8180139374
-70.0
-70.0
-70.0
-70.0
-70.0
-70.0
-70.0
-70.0
-70.0
-70.0
-70.0
-70.0
-62.8701584025
-58.8299148306
-56.7781048597
-55.9877487152
-58.3563308542
-70.0
-70.0
-70.0
-70.0
-70.0
-70.0
-70.0
-70.0
-70.0
-70.0
-70.0
-70.0
-70.0
-70.0
-70.0
-62.3009052415
-58.4987939669
-70.0
-70.0
-70.0
-70.0
-70.0
-70.0
-70.0
-70.0
-66.5397658893
-64.57896656
-63.583188077
-63.199614718
-63.196150212
-63.4208665013
-63.7750007249
-64.4919248114
-70.0
-70.0
-70.0
-70.0
-70.0
-70.0
-70.0
-70.0
-70.0
-70.0
-70.0
-70.0
-62.9011338467
-58.8784430265
-56.8355471002
-56.048624641
-70.0
-70.0
-70.0
-70.0
-70.0
-70.0
-70.0
-70.0
-70.0
-70.0
-70.0
-70.0
-70.0
-70.0
-70.0
-70.0
-70.0
-70.0
-70.0
-70.0
-70.0
-70.0
-70.0
-70.0
-70.0
-70.0
-63.8270047428
-60.3289740971
-58.5525232397
-57.868235284
-57.8620546677
-58.832251768
-70.0
-70.0
-70.0
-70.0
-70.0
-70.0
-70.0
-70.0
-70.0
-70.0
-70.0
-70.0
-70.0
-70.0
-62.4721795922
-58.2064146945
-62.1462941069
-70.0
-70.0
-70.0
-70.0
-70.0
-70.0
-70.0
-68.2333676639
-67.2322760067
-66.7238784789
-66.5280440129
-66.5262751995
-66.6410047382
-66.8218089701
-67.0362312103
-67.83667915
-70.0
