-70.0
-69.0
-68.4333333333
-68.1455555556
-68.0347037037
-67.2312333333
-59.8414433333
-55.7461878889
0
-70.0
-70.0
-70.0
-70.0
-70.0
-70.0
-70.0
-70.0
-70.0
-70.0
-70.0
-70.0
-69.6254163465
-69.6416276596
-70.0
-70.0
-70.0
-70.0
-70.0
-70.0
-70.0
-70.0
-69.7033945811
-69.5353181771
-70.0
-70.0
-70.0
-70.0
-68.9394420112
-66.0051258176
-64.3776985742
-63.5886522756
-63.3289360873
-63.3954751714
-63.6555494495
-64.0230757014
-63.4462477499
-65.8295125065
-70.0
-70.0
-70.0
-70.0
-70.0
-70.0
-70.0
-70.0
-70.0
-70.0
-70.0
-70.0
-70.0
-70.0
-69.4507390128
-69.5838296981
-70.0
-70.0
-70.0
-70.0
-70.0
-65.4560146955
-62.8810896896
-57.6845428075
-54.2734262143
0
-70.0
-70.0
-70.0
-70.0
-70.0
-70.0
-70.0
-70.0
-64.7752984409
-61.8146342241
-56.422192331
0
-70.0
-70.0
-70.0
-70.0
-70.0
-70.0
-70.0
-70.0
-70.0
-70.0
-70.0
-70.0
-69.3200886519
-68.9348055546
-69.1611117166
-70.0
-70.0
-70.0
-70.0
-66.2820375467
-61.8418588232
-59.4496896283
-58.3660651237
-58.1036882502
-58.3428058511
0
-70.0
-70.0
-70.0
-70.0
-70.0
-70.0
-70.0
-70.0
-66.3473956682
-64.2775865468
-64.2148871691
-64.3701046369
-64.6508982963
-65.7013815858
-66.373787109
-70.0
-70.0
-70.0
-70.0
-69.1682680841
-68.6969533318
-68.4575993694
-68.3654003463
-68.3645675875
-68.418582346
-67.5152661429
-67.0561008829
-67.8710243508
-68.4309442866
-70.0
-70.0
-70.0
-70.0
-70.0
-70.0
-70.0
-70.0
-70.0
-70.0
-70.0
-70.0
-70.0
-70.0
-70.0
-70.0
-70.0
-70.0
-70.0
-70.0
-70.0
-67.2561768192
-65.7013436834
-64.9117323458
-64.6075744651
-65.5170357593
-65.2999361723
-65.3263452144
-65.4979791325
-65.7510268457
-68.5714402095
-70.0
-70.0
-70.0
-70.0
-70.0
-70.0
-70.0
-70.0
-69.3387329114
-68.9640148946
-62.4034989667
-64.2288289949
-70.0
-70.0
-70.0
-70.0
-70.0
-70.0
-70.0
-70.0
-70.0
-70.0
-70.0
-69.2899273521
-70.0
-70.0
-70.0
-70.0
-70.0
-67.5167577873
-66.1095872001
-65.3949652744
-60.1937673506
-57.399923018
-56.1436189844
-55.8517159315
0
-70.0
-70.0
-70.0
-70.0
-70.0
-70.0
-70.0
-70.0
-70.0
-70.0
-70.0
-69.4941123093
-70.0
-70.0
-70.0
-68.7796850591
-70.0
-68.6758905434
-65.592228518
-63.8694477977
-63.0401311056
-62.7745367201
-57.9424486179
-55.445114136
-54.431876309
-54.3428710692
-60.852747763
-70.0
-70.0
-70.0
-70.0
-70.0
-70.0
-70.0
-70.0
-70.0
-70.0
-63.7601680418
-60.2242632656
-59.3895598486
-62.1444849586
-68.8157903696
-70.0
-70.0
-70.0
-70.0
-70.0
-70.0
-70.0
-70.0
-70.0
-70.0
-70.0
-65.0996323111
-65.4475285501
-68.5790373616
-70.0
-70.0
-65.3010329059
-62.6382848859
-57.3971376888
0
-70.0
-70.0
-70.0
-70.0
-70.0
-70.0
-70.0
-70.0
-70.0
-70.0
-70.0
-70.0
-69.46488908
-69.1616595587
-69.248793642
-70.0
-70.0
-70.0
-70.0
-70.0
-70.0
-70.0
-70.0
-64.8217241415
-60.8950751682
-58.8425832787
-57.9830020357
-57.8678198887
-58.2031166042
-61.2068852579
-67.4371561979
-70.0
-70.0
-70.0
-70.0
-70.0
-70.0
-70.0
-70.0
-70.0
-70.0
-70.0
-70.0
-69.9624089907
-63.4832227088
-61.6042665978
-62.3504277988
-64.5509389372
-60.6545965307
-58.6283045358
-56.8501135178
-56.2215284564
-55.7481042488
-56.6335915798
-62.4029698543
-68.54469577
-70.0
-70.0
-64.9631618035
-62.1089534922
-60.659463389
-60.1011205475
-60.0960774909
-61.4229819216
-62.5050251825
-58.8651752173
-64.0027125865
-70.0
-70.0
-70.0
-70.0
-70.0
-70.0
-70.0
-70.0
-70.0
-69.3846319652
-69.0359234122
-69.1715913682
-69.7310217699
-70.0
-70.0
-70.0
-70.0
-70.0
-70.0
-70.0
-70.0
-70.0
-70.0
-70.0
-70.0
-70.0
-70.0
-70.0
-70.0
-70.0
-70.0
-70.0
-70.0
-70.0
-70.0
-70.0
-70.0
-70.0
-70.0
-70.0
-70.0
-70.0
-70.0
-70.0
-70.0
-70.0
-70.0
-70.0
-70.0
-70.0
-70.0
-70.0
-70.0
-69.5729591227
-70.0
-70.0
-70.0
-70.0
-70.0
-70.0
-70.0
-70.0
-70.0
-70.0
-70.0
-63.7799270905
-60.2552191084
-58.4652203489
-58.4626380843
-68.8589258354
-70.0
-70.0
-70.0
-70.0
-70.0
-70.0
-70.0
-70.0
-70.0
-70.0
-70.0
-70.0
-70.0
-70.0
-70.0
-70.0
-70.0
-68.5932519045
-67.7960946504
-63.5023749207
-58.8093972522
-56.3666307427
-54.3554243015
0
-70.0
-70.0
-70.0
-70.0
-70.0
-70.0
-70.0
-70.0
-70.0
-70.0
-70.0
-70.0
-70.0
-70.0
-70.0
-70.0
-70.0
-70.0
-70.0
-70.0
-70.0
-70.0
-70.0
-70.0
-70.0
-70.0
-63.4473000848
-59.7341034663
-57.8483820462
-60.5358855372
-63.4200083976
-68.4353344095
-70.0
-70.0
-70.0
-70.0
-70.0
-70.0
-70.0
-69.5167729345
-62.0310016402
-57.8051721422
-56.1050586827
-66.4340638247
-70.0
-70.0
-70.0
-70.0
-70.0
-70.0
-70.0
-70.0
-70.0
-70.0
-70.0
-69.7208737342
-62.5733592555
-59.238391073
-62.8426646349
-70.0
-70.0
-70.0
-70.0
-70.0
-70.0
-70.0
-70.0
-70.0
-70.0
-69.2368027763
-70.0
-70.0
-70.0
-70.0
-70.0
-70.0
-70.0
-70.0
-70.0
-64.0166851848
-57.3043678094
0
-70.0
-70.0
-70.0
-70.0
-70.0
-70.0
-70.0
-70.0
-70.0
-70.0
-70.0
-70.0
-63.6508804704
-60.2703581614
-61.3727479969
-68.7920788133
-70.0
-70.0
-70.0
-70.0
-70.0
-70.0
-70.0
-70.0
-70.0
-70.0
-70.0
-70.0
-70.0
-70.0
-70.0
-70.0
-70.0
-70.0
-70.0
-70.0
-70.0
-70.0
-70.0
-70.0
-70.0
-70.0
-70.0
-70.0
-70.0
-70.0
-70.0
-70.0
-70.0
-64.2954137484
-58.7294815391
-54.8046246046
0
-70.0
-70.0
-70.0
-70.0
-70.0
-70.0
-70.0
-70.0
-70.0
-70.0
-70.0
-70.0
-69.7005239495
-69.5308208542
-69.4446383019
-70.0
-70.0
-70.0
-70.0
-70.0
-70.0
-70.0
-70.0
-69.9598954598
-69.9371695537
-69.9256283582
-69.9211826957
-69.9211425416
-69.9237470311
-69.9278514905
-70.0
-70.0
-70.0
-70.0
-70.0
-70.0
-70.0
-70.0
-70.0
-70.0
-69.8283791163
-69.7311272822
-69.6817386057
-69.6627141129
-70.0
-70.0
-70.0
-70.0
-70.0
-70.0
-63.9946510291
-60.5916199456
-58.863413964
-58.1977099095
-58.1916971466
-58.7924370647
-60.3883896692
-65.7965230926
-70.0
-70.0
-70.0
-68.6670768922
-67.9117537978
-67.5281681479
-67.380411153
-67.3790765843
-67.465639957
-67.6020566487
-67.7638381087
-68.6029456393
-70.0
-70.0
-70.0
-67.4660440101
-67.0564319122
-67.242116923
-62.5195314395
-59.0670163442
-57.3599400755
-56.7570296451
-56.8367157321
-58.8801215643
-68.1069956499
-70.0
-70.0
-70.0
-70.0
-70.0
-70.0
-70.0
-70.0
-70.0
-70.0
-70.0
-70.0
-64.6900357625
-68.5696088623
-70.0
-70.0
-70.0
-70.0
-66.6156803462
-63.6979388112
-61.8240292632
-60.9722158922
-55.144770056
0
-70.0
-70.0
-70.0
-70.0
-70.0
-70.0
-70.0
-70.0
-70.0
-70.0
-70.0
-70.0
-70.0
-70.0
-70.0
-63.1000177898
-58.9426752438
-58.8112942381
-62.7034116887
-66.6255020379
-69.7789200601
-70.0
-70.0
-70.0
-64.1899159586
-60.8975350019
-60.093834685
-60.6272911155
-62.5751523258
-67.6113490487
-70.0
-70.0
-70.0
-70.0
-70.0
-70.0
-70.0
-70.0
-70.0
-70.0
-70.0
-70.0
-70.0
-70.0
-70.0
-65.2469251065
-62.5535160002
-57.2967977808
-54.5662069232
0
-70.0
-70.0
-70.0
-70.0
-70.0
-70.0
-70.0
-70.0
-70.0
-70.0
-70.0
-70.0
-70.0
-70.0
-70.0
-70.0
-70.0
-70.0
-70.0
-70.0
-66.6179667244
-65.7004662424
-65.2932837451
-65.2058647885
-65.1486088681
-65.2759683536
-65.5098517665
-65.799853422
-68.3765689095
-69.948581005
-70.0
-70.0
-70.0
-66.4104786758
-65.3590750621
-64.8829303919
-64.7678125766
-64.873148135
-65.1072445321
-66.2791069765
-68.0475643504
-70.0
-70.0
-70.0
-70.0
-70.0
-70.0
-70.0
-70.0
-70.0
-70.0
-70.0
-70.0
-63.151580034
-60.2685250617
-59.941554958
-62.7656506425
-69.0815481506
-70.0
-70.0
-70.0
-64.8905968589
-61.9952684123
-61.4988834358
-61.8177563353
-62.2818215305
-62.8175332633
-64.0820795645
-58.4477650041
-55.6547507402
-58.0613185207
-66.9649212246
-70.0
-70.0
-70.0
-70.0
-70.0
-70.0
-70.0
-70.0
-69.8386008672
-69.7471413586
-65.3409851503
-67.7835287827
-70.0
-70.0
-70.0
-70.0
-70.0
-70.0
-69.7784958817
-69.6529768813
-69.5892329184
-69.5646787767
-69.5644569991
-69.5788420326
-69.6015116516
-70.0
-70.0
-70.0
-70.0
-70.0
-70.0
-70.0
-70.0
-70.0
-70.0
-70.0
-69.4640486133
-69.1603428275
-69.0061079284
-68.9466967247
-69.4622843502
-70.0
-70.0
-70.0
-70.0
-70.0
-70.0
-70.0
-70.0
-70.0
-70.0
-70.0
-70.0
-70.0
-70.0
-70.0
-70.0
-70.0
-70.0
-70.0
-70.0
-70.0
-70.0
-63.3850991685
-57.3033220306
-54.0774783468
0
-70.0
-70.0
-70.0
-70.0
-70.0
-70.0
-70.0
-70.0
-70.0
-70.0
-70.0
-70.0
-70.0
-70.0
-70.0
-70.0
-70.0
-70.0
-68.6363192598
-67.8635668404
-67.4711298274
-66.5174941562
-65.7280629483
-65.3968021253
-66.3341440307
-67.3520777063
-68.2898100018
-70.0
-70.0
-70.0
-70.0
-70.0
-70.0
-70.0
-70.0
-70.0
-70.0
-70.0
-63.2327465077
-60.2915556925
-62.8702829751
-67.4140742897
-70.0
-70.0
-70.0
-70.0
-70.0
-70.0
-70.0
-70.0
-70.0
-70.0
-70.0
-70.0
-70.0
-70.0
-70.0
-64.5482410475
-61.4589109745
-59.8900158982
-55.000959541
-57.0042753872
-67.3652823377
-70.0
-70.0
-70.0
-68.3121251495
-68.3383212043
-68.4094281303
-63.5791854224
-60.8950669502
-59.5880936352
-59.1509731917
0
-70.0
-70.0
-70.0
-70.0
-70.0
-70.0
-70.0
-70.0
-70.0
-70.0
-70.0
-70.0
-70.0
-70.0
-70.0
-70.0
-70.0
-70.0
-70.0
-70.0
-70.0
-70.0
-70.0
-70.0
-70.0
-70.0
-70.0
-70.0
-70.0
-70.0
-70.0
-70.0
-70.0
-70.0
-65.2245493824
-62.518460699
-61.1441921324
-61.6125409297
-62.1731321772
-63.3259380753
-67.3999371232
-70.0
-70.0
-70.0
-70.0
-70.0
-70.0
-70.0
-69.5529521903
-69.2996250981
-69.1709746728
-62.3945476914
-58.5822065795
-56.6753950264
-56.6417785153
-61.4418664596
-70.0
-70.0
-70.0
-70.0
-67.2487132073
-65.6896506915
-61.0090026034
-58.5003136637
-57.3784231778
-57.1260081137
-56.4427105804
-56.4846417077
-56.9603123272
-59.8849534464
-70.0
-70.0
-70.0
-70.0
-70.0
-70.0
-65.1070535938
-63.2026967208
-62.286659373
-61.9941483185
-62.0855034086
-61.4919245108
-62.2876924457
-63.0222301251
-66.2322333625
-70.0
-70.0
-70.0
-70.0
-70.0
-70.0
-70.0
-70.0
-70.0
-70.0
-70.0
-70.0
-70.0
-70.0
-70.0
-70.0
-70.0
-70.0
-70.0
-70.0
-70.0
-70.0
-70.0
-70.0
-70.0
-70.0
-64.2024157506
-62.0162148981
-65.6640913691
-70.0
-70.0
-70.0
-70.0
-70.0
-70.0
-64.4436890036
-61.2951127724
-59.6961299412
-59.0802025778
-59.0746394072
-59.4354801912
-59.4687060122
-62.7951287305
-70.0
-70.0
-70.0
-70.0
-70.0
-70.0
-70.0
-70.0
-63.7028792783
-61.1344844679
-60.2222980994
-60.0009096749
-62.7213064395
-70.0
-70.0
-70.0
-68.9808766692
-68.0700401151
-67.5878701788
-67.3789725444
-68.2532100504
-68.8359788857
-69.2244408907
-69.4833700639
-70.0
-70.0
-70.0
-70.0
-70.0
-70.0
-70.0
-64.7413439234
-59.42810548
-56.592558898
-55.3381456522
-55.074226183
-55.4134002953
-55.108262984
-62.5947911733
-70.0
-70.0
-70.0
-70.0
-70.0
-66.7715313462
-64.9420657758
-64.012984241
-64.6549688549
-65.218327328
-65.715731501
-66.1569829548
-66.5498343952
-67.3698768191
-70.0
-70.0
-70.0
-70.0
-70.0
-70.0
-70.0
-70.0
-70.0
-70.0
-70.0
-70.0
-63.1139317452
-59.2118264008
-59.5825536172
-64.6042116928
-70.0
-70.0
-70.0
-70.0
-67.8888473234
-66.6925274733
-66.0849846474
-66.7631679685
-67.2779723622
-66.6798729112
-66.4316841436
-66.4017147449
-67.6477393384
-70.0
-70.0
-70.0
-70.0
-70.0
-70.0
-70.0
-70.0
-70.0
-70.0
-70.0
-70.0
-70.0
-70.0
-68.4906259905
-70.0
-70.0
-70.0
-70.0
-70.0
-70.0
-65.8841824329
-61.2185524781
-58.7118894227
-57.584161942
-57.3213867222
-57.5863420329
-58.3881707405
-65.9610981428
-70.0
-70.0
-70.0
-70.0
-70.0
-70.0
-66.8644390286
-65.0876211448
-64.1852763764
-63.8376936361
-64.6370233399
-64.3127285807
-65.5167514851
-69.942966737
-70.0
-70.0
-70.0
-70.0
-70.0
-70.0
-64.0549786181
-59.8178204111
0
-70.0
-70.0
-70.0
-70.0
-70.0
-70.0
-70.0
-70.0
-70.0
-70.0
-70.0
-70.0
-70.0
-70.0
-70.0
-70.0
-70.0
-69.8790493444
-70.0
-70.0
-70.0
-69.2892354395
-68.8864688552
-69.6645850796
-69.4389316078
-69.3222418045
-69.2748198624
-69.2705393684
-69.2922864263
-70.0
-70.0
-70.0
-68.8907393451
-68.4841571496
-68.1763902144
-63.1265911203
-60.3258252931
-58.967838287
-58.5207848071
-58.6351932256
-59.3054150162
-56.4274748576
-59.0982660736
-61.9033320253
-65.0830432801
-67.66564822
-69.2930229099
-70.0
-70.0
-70.0
-70.0
-70.0
-70.0
-70.0
-70.0
-70.0
-70.0
-70.0
-70.0
-70.0
-70.0
-70.0
-64.6404350006
-61.6033481676
-60.0609844622
-59.4668667569
-59.4615005752
-59.2487443336
-70.0
-70.0
-70.0
-70.0
-70.0
-70.0
-70.0
-70.0
-70.0
-70.0
-70.0
-70.0
-69.4189135303
-70.0
-70.0
-70.0
-70.0
-70.0
-70.0
-70.0
-70.0
-70.0
-70.0
-70.0
-70.0
-66.8831428497
-70.0
-70.0
-68.5152689623
-67.3259121151
-66.7014342695
-66.4366997532
-66.3966357183
-67.4911870013
-68.231544871
-68.7347080972
-69.7824861333
-70.0
-70.0
-69.6806031242
-70.0
-70.0
-65.6474701964
-63.181036641
-61.9284752864
-61.4459892974
-61.4416313941
-61.7242956057
-54.8016329421
0
-70.0
-70.0
-70.0
-70.0
-70.0
-70.0
-70.0
-70.0
-70.0
-70.0
-70.0
-70.0
-70.0
-70.0
-70.0
-70.0
-70.0
-70.0
-70.0
-70.0
-70.0
-70.0
-63.8086516228
-61.6545254572
-61.8989427108
-66.4574368198
-68.0263432755
-70.0
-70.0
-70.0
-70.0
-70.0
-70.0
-69.2318063159
-68.7964965616
-68.5754274903
-61.8503705209
-65.0138605413
-70.0
-70.0
-70.0
-70.0
-70.0
-70.0
-70.0
-70.0
-64.1373913989
-59.8186720123
-57.56681798
-56.6301449612
-56.5138029846
-58.2284803453
-65.038975183
-70.0
-70.0
-70.0
-70.0
-70.0
-70.0
-70.0
-70.0
-70.0
-70.0
-70.0
-63.318763851
-60.1818254122
-65.1054056265
-70.0
-70.0
-68.9729683494
-68.7635300436
-68.6790827254
-68.6724449103
-68.7127140575
-68.7797850773
-68.8607015199
-68.9472280015
-62.3073653866
-58.5798689714
-59.3507750514
-69.0294328186
-70.0
-70.0
-69.0437263635
-67.5041216277
-66.663554732
-61.3445035109
-56.1082559946
0
-70.0
-70.0
-70.0
-70.0
-70.0
-70.0
-70.0
-70.0
-70.0
-70.0
-70.0
-63.6886970095
-60.7604650673
-61.5081726906
-68.3033604774
-69.2037220962
-70.0
-70.0
-70.0
-70.0
-70.0
-70.0
-63.5218562463
-58.5175669633
-55.8977411613
0
-70.0
-70.0
-70.0
-70.0
-70.0
-70.0
-70.0
-70.0
-70.0
-70.0
-70.0
-70.0
-70.0
-63.0078996898
-61.1159079874
-62.9226040306
-67.5961405808
-70.0
-70.0
-70.0
-65.617012408
-63.1333194392
-61.8719930099
-61.3861307187
-61.38174232
-61.6663845368
-62.114957049
-66.1220888188
-70.0
-70.0
-70.0
-70.0
-70.0
-70.0
-70.0
-70.0
-63.0365911726
-58.7573261703
-57.4767314681
-57.1258169312
-58.4919724451
-67.0577386132
-70.0
-70.0
-70.0
-70.0
-70.0
-70.0
-70.0
-70.0
-70.0
-70.0
-70.0
-70.0
-70.0
-70.0
-70.0
-70.0
-70.0
-70.0
-70.0
-70.0
-70.0
-69.3584733612
-68.6616082658
-68.2881022665
-67.9977047485
-70.0
-70.0
-70.0
-70.0
-70.0
-70.0
-70.0
-70.0
-70.0
-70.0
-70.0
-69.2385554489
-68.8070702033
-68.2558878268
-69.2583303154
-70.0
-67.0967482575
-64.7136274711
-63.4599674169
-62.9257724705
-62.841063087
-64.0284175943
-64.9398830455
-65.6554328814
-65.2411427069
-69.8627385042
-70.0
-70.0
-70.0
-70.0
-70.0
-70.0
-70.0
-64.1493370696
-60.8339614091
-58.2819578752
-57.1413571591
-57.1053485767
0
-70.0
-70.0
-70.0
-70.0
-70.0
-70.0
-70.0
-70.0
-70.0
-70.0
-70.0
-70.0
-70.0
-69.7641837464
-63.013353962
-64.3722567232
-70.0
-70.0
-70.0
-70.0
-70.0
-70.0
-70.0
-64.9082808267
-62.0229732952
-60.5576896664
-55.067337241
0
-70.0
-70.0
-70.0
-70.0
-70.0
-70.0
-70.0
-70.0
-70.0
-65.7431664721
-63.3309608063
-62.1059387133
-61.6340608337
-61.6297987448
-57.9068823652
-60.5924541366
-70.0
-70.0
-70.0
-70.0
-70.0
-70.0
-70.0
-70.0
-70.0
-69.6418870532
-69.4389563834
-70.0
-70.0
-70.0
-70.0
-70.0
-70.0
-70.0
-66.1955801634
-64.039742256
-62.9449147697
-62.5231877856
-62.519378669
-62.7664472433
-63.1558068132
-63.617562328
-66.2065782371
-70.0
-70.0
-70.0
-70.0
-70.0
-70.0
-70.0
-70.0
-64.8002959441
-61.8537969791
-61.3458766808
-61.3295952792
-61.6088399289
-62.0560920544
-62.829913006
-70.0
-70.0
-70.0
-70.0
-70.0
-70.0
-70.0
-70.0
-70.0
-70.0
-70.0
-70.0
-70.0
-63.2386424188
-57.2872709723
-65.3006669446
-70.0
-70.0
-70.0
-70.0
-70.0
-70.0
-66.0316967218
-63.7829915308
-62.6410020318
-62.2011082647
-62.1971350623
-62.4548466388
-61.8783202266
-63.1859166622
-69.4828528335
-70.0
-70.0
-70.0
-70.0
-70.0
-70.0
-70.0
-63.8406357253
-59.3763415979
-57.9640955729
-58.1881930571
-63.3164190332
-70.0
-70.0
-70.0
-70.0
-70.0
-70.0
-70.0
-63.9630156064
-60.5420577833
-59.7970404834
-54.7642028281
0
-70.0
-70.0
-70.0
-70.0
-70.0
-70.0
-70.0
-69.4546101316
-69.1455558728
-68.4330492329
-68.0577769412
-68.1298336179
-70.0
-70.0
-70.0
-70.0
-70.0
-70.0
-70.0
-70.0
-70.0
-70.0
-70.0
-70.0
-70.0
-70.0
-66.6980119473
-68.1515788608
-69.3530783342
-70.0
-70.0
-70.0
-70.0
-70.0
-63.3623829659
-59.6010666465
-57.5987461902
-57.8546754019
-65.3235501119
-70.0
-70.0
-70.0
-70.0
-70.0
-70.0
-70.0
-70.0
-70.0
-70.0
-70.0
-70.0
-70.0
-70.0
-66.6412003306
-64.737880518
-63.7712926131
-63.3989634498
-63.3956005034
-63.6137293855
-64.9570313089
-65.9311114193
-70.0
-70.0
-70.0
-70.0
-70.0
-70.0
-69.914977566
-69.8667981867
-69.8423306196
-70.0
-70.0
-70.0
-70.0
-70.0
-70.0
-70.0
-70.0
-70.0
-70.0
-67.2421202289
-65.6793216919
-60.9967762911
-58.4873565076
-57.3654594206
-57.113472521
-58.389547639
-60.4273610197
-58.4439361969
-61.4058876506
-68.6235349443
-70.0
-69.4466282741
-66.7997176294
-65.3182473216
-64.5854235595
-65.3088736537
-65.8993145884
-60.3120793626
-57.282668915
-56.1116748612
-59.870992173
-69.9777010667
-70.0
-70.0
-70.0
-70.0
-70.0
-64.2479149565
-60.9884000985
-59.3330778471
-58.695448568
-58.6896893816
-60.0464427682
-64.1283759178
-70.0
-70.0
-70.0
-70.0
-70.0
-70.0
-70.0
-70.0
-70.0
-70.0
-70.0
-70.0
-70.0
-70.0
-70.0
-70.0
-70.0
-70.0
-70.0
-70.0
-70.0
-70.0
-63.4415347815
-59.7250711576
-58.4866488193
-59.6787301845
-68.4586163875
-70.0
-70.0
-70.0
-70.0
-64.8573087071
-59.6097836411
-56.8076091468
-55.566050812
-55.3022474507
0
-70.0
-70.0
-70.0
-70.0
-70.0
-70.0
-70.0
-70.0
-70.0
-70.0
-70.0
-70.0
-63.7167425668
-60.1562300214
-58.3480481601
-61.9507829987
-70.0
-70.0
-70.0
-70.0
-70.0
-70.0
-70.0
-70.0
-70.0
-70.0
-70.0
-70.0
-70.0
-70.0
-70.0
-70.0
-70.0
-66.933196198
-66.1693284154
-61.9498079097
-59.6864353426
-58.672197291
-58.4412478836
0
-70.0
-70.0
-70.0
-70.0
-70.0
-70.0
-70.0
-67.4993464593
-66.4156427862
-64.8849255576
-63.8036643685
-63.361452176
-63.3174097881
-63.7327373621
-59.1602072518
-60.5234552855
-64.5284828364
-67.9396633691
-70.0
-70.0
-70.0
-70.0
-70.0
-70.0
-63.9716239759
-62.7494656953
-66.790133667
-70.0
-70.0
-70.0
-70.0
-70.0
-70.0
-70.0
-70.0
-70.0
-70.0
-70.0
-70.0
-70.0
-70.0
-70.0
-66.9734250471
-62.9250325737
-60.7318293373
-60.7214209301
-61.0244618548
-62.06102657
-61.9482744863
-62.1490140865
-64.9900005462
-70.0
-66.9770105042
-65.2639831233
-64.5715802202
-65.2980673621
-66.2240240685
-66.9054639567
-66.434820621
-66.760943069
-67.9869912563
-69.893641346
-70.0
-70.0
-70.0
-70.0
-70.0
-70.0
-70.0
-70.0
-70.0
-70.0
-70.0
-64.3678824306
-59.285515808
-59.438428021
-62.129294707
-65.7631398182
-68.5571755387
-70.0
-70.0
-70.0
-70.0
-69.4757954697
-69.1787462359
-68.4723362655
-70.0
-70.0
-70.0
-70.0
-70.0
-70.0
-65.3902590161
-62.7780724586
-61.4514914421
-60.9404931175
-60.9358776854
-61.2352458367
-61.9200251988
-69.1150943077
-70.0
-70.0
-70.0
-70.0
-70.0
-70.0
-70.0
-70.0
-70.0
-63.6202794442
-60.0051044626
-59.3939532619
-61.0696473366
-67.4532548687
-70.0
-70.0
-70.0
-70.0
-70.0
-70.0
-70.0
-69.6842938998
-69.5053937764
-69.631271263
-70.0
-70.0
-70.0
-70.0
-70.0
-64.4261153694
