-70.0
-70.0
-70.0
-70.0
-70.0
-70.0
-70.0
-70.0
-70.0
-70.0
-70.0
-70.0
-70.0
-70.0
-70.0
-70.0
-70.0
-70.0
-70.0
-70.0
-70.0
-68.0878217484
-70.0
-70.0
-70.0
-70.0
-70.0
-65.1100498699
-62.3390781295
-60.9318591476
-60.3897991202
-60.3849031331
-60.7024687698
-61.3836758594
-64.7900297018
-69.0042580567
-70.0
-70.0
-70.0
-70.0
-70.0
-70.0
-70.0
-70.0
-70.0
-70.0
-70.0
-70.0
-70.0
-70.0
-70.0
-70.0
-70.0
-70.0
-70.0
-70.0
-70.0
-70.0
-70.0
-70.0
-70.0
-70.0
-70.0
-70.0
-70.0
-70.0
-70.0
-70.0
-70.0
-70.0
-70.0
-70.0
-70.0
-70.0
-69.1406323443
-70.0
-70.0
-70.0
-70.0
-70.0
-70.0
-70.0
-63.8942004711
-60.4342474047
-58.6771339848
-58.3603227823
-62.7424321618
-70.0
-70.0
-70.0
-68.8650743457
-68.3770861508
-68.1383903622
-68.0572265436
-68.0732873677
-68.1471476165
-68.2532255119
-68.3750980655
-68.5023849954
-69.5363798865
-70.0
-70.0
-70.0
-70.0
-70.0
-70.0
-70.0
-70.0
-70.0
-70.0
-70.0
-70.0
-70.0
-70.0
-70.0
-70.0
-70.0
-70.0
-70.0
-70.0
-65.842303985
-63.4862762432
-62.2897837233
-61.8288954206
-61.8247325916
-62.0947438079
-62.5202590773
-56.8198105819
-54.7479048463
-55.6701218416
-59.2896292873
-63.4752264766
-66.5011037842
-68.4332600426
-69.6447784629
-70.0
-70.0
-70.0
-70.0
-70.0
-70.0
-70.0
-70.0
-70.0
-70.0
-70.0
-70.0
-70.0
-70.0
-70.0
-70.0
-70.0
-70.0
-70.0
-70.0
-70.0
-70.0
-70.0
-70.0
-70.0
-64.3738741735
-61.1857362051
-59.7488595106
-59.4099334627
-60.4820804171
-66.157198216
-70.0
-70.0
-70.0
-70.0
-70.0
-70.0
-70.0
-70.0
-70.0
-63.8716059468
-60.3988493166
-58.6352336946
-57.9558898649
-61.7698906114
-68.7082367109
-70.0
-70.0
-70.0
-70.0
-70.0
-70.0
-70.0
-70.0
-70.0
-70.0
-70.0
-70.0
-70.0
-70.0
-70.0
-67.8471115194
-66.6271413804
-66.0075879177
-65.7689362428
-65.7667806964
-65.9065946787
-66.1269299122
-66.3882333885
-66.6654076946
-67.1296104247
-68.763741598
-70.0
-70.0
-70.0
-70.0
-70.0
-70.0
-64.5485829049
-61.4594465511
-59.8906498537
-59.2863501735
-59.2808920263
-59.6349207371
-60.3713406055
-65.6622701215
-70.0
-70.0
-70.0
-70.0
-70.0
-70.0
-70.0
-70.0
-70.0
-63.6720971082
-60.0862854695
-58.629232987
-59.9680511617
-64.4159579715
-61.9145299209
-60.8609811252
-60.5334858103
-56.0214760156
0
-70.0
-70.0
-70.0
-70.0
-70.0
-70.0
-70.0
-67.4951639826
-66.0757569061
-65.3549207633
-65.0772550522
-65.0747471237
-65.2374174626
-65.4937724171
-65.7977929759
-66.1202788787
-69.7412192251
-70.0
-70.0
-70.0
-70.0
-68.4023318205
-67.4969865188
-67.0372131205
-66.8601086442
-61.5794206548
-58.6916938393
-57.3360012888
-56.9447190488
-57.1451257365
-58.2398777716
-61.1083949322
-69.6301435174
-70.0
-70.0
-70.0
-70.0
-70.0
-70.0
-70.0
-70.0
-70.0
-70.0
-70.0
-70.0
-70.0
-70.0
-70.0
-70.0
-70.0
-70.0
-70.0
-70.0
-70.0
-70.0
-63.8692291919
-60.395125734
-58.6308261348
0
-70.0
-70.0
-70.0
-70.0
-70.0
-70.0
-67.4242011382
-65.9645817831
-65.2233241106
-64.9377920368
-64.935213058
-65.102491902
-65.3661094784
-65.6787430416
-67.4816972664
-70.0
-70.0
-70.0
-70.0
-70.0
-65.8420881964
-63.4859381744
-62.2893835554
-61.8284713321
-61.8243082871
-62.0943335172
-56.5272966901
-54.0030614796
-54.7053637783
-56.3725023184
-59.6069135962
-63.5469203794
-67.0287976345
-69.5533856339
-70.0
-70.0
-70.0
-70.0
-70.0
-70.0
-70.0
-70.0
-70.0
-70.0
-70.0
-70.0
-67.298131663
-65.7670729388
-64.9895352729
-60.0687553634
-57.4473289055
-56.2928954007
-56.0571387844
-56.3804468551
-57.0284168024
-57.8495848774
-59.4845445732
-65.9520304423
-69.456880706
-70.0
-70.0
-68.3128199964
-67.3567513277
-66.8712184155
-66.6841913877
-66.6825021248
-66.7920718295
-66.9647445914
-67.1695234288
-67.3867399503
-67.6041785315
-70.0
-70.0
-70.0
-70.0
-70.0
-70.0
-70.0
-70.0
-70.0
-64.160496931
-60.8514451919
-59.1709659754
-58.5236462463
-59.433781411
-64.8012307762
-70.0
-70.0
-70.0
-70.0
-70.0
-70.0
-70.0
-70.0
-70.0
-63.676806616
-60.0936636984
-58.2739891579
-60.1887408871
-70.0
-70.0
-70.0
-70.0
-70.0
-70.0
-70.0
-70.0
-70.0
-70.0
-70.0
-70.0
-70.0
-70.0
-70.0
-70.0
-70.0
-70.0
-70.0
-70.0
-70.0
-70.0
-70.0
-70.0
-70.0
-70.0
-70.0
-70.0
-70.0
-70.0
-70.0
-70.0
-70.0
-70.0
-70.0
-70.0
-70.0
-70.0
-70.0
-70.0
-70.0
-70.0
-70.0
-64.4531672294
-64.4374318825
-70.0
-70.0
-70.0
-70.0
-70.0
-70.0
-70.0
-70.0
-70.0
-70.0
-70.0
-70.0
-70.0
-68.6781707548
-70.0
-70.0
-70.0
-70.0
-70.0
-70.0
-70.0
-70.0
-70.0
-70.0
-70.0
-70.0
-70.0
-70.0
-70.0
-70.0
-70.0
-70.0
-70.0
-70.0
-70.0
-70.0
-70.0
-70.0
-70.0
-70.0
-70.0
-70.0
-70.0
-70.0
-70.0
-70.0
-70.0
-70.0
-70.0
-70.0
-70.0
-70.0
-70.0
-70.0
-70.0
-70.0
-70.0
-70.0
-70.0
-70.0
-70.0
-70.0
-70.0
-70.0
-70.0
-70.0
-70.0
-70.0
-70.0
-70.0
-70.0
-70.0
-70.0
-70.0
-70.0
-70.0
-70.0
-70.0
-70.0
-70.0
-70.0
-70.0
-70.0
-64.0104087399
-60.6163070259
-58.8926357632
-58.2286784802
-58.2226814944
-60.6584652092
-65.0398912636
-70.0
-70.0
-70.0
-70.0
-70.0
-64.6245878925
-61.5785210316
-60.0315968806
-59.4357224941
-59.4303404456
-59.7794332017
-60.5163133218
-57.32364056
-58.8000799976
-63.0193660632
-67.3954994414
-65.3252909961
-64.5384937291
-64.2484655779
-64.2661665013
-64.4679148386
-64.7733666797
-65.130858895
-65.5076589277
-65.8834836497
-66.6211956946
-69.9757184669
-70.0
-70.0
-70.0
-70.0
-70.0
-65.1788391066
-62.4468479337
-61.0594249655
-60.5249903524
-60.5201632395
-60.8332615304
-55.3571517907
0
-70.0
-70.0
-70.0
-70.0
-70.0
-70.0
-70.0
-70.0
-70.0
-70.0
-70.0
-70.0
-70.0
-70.0
-70.0
-70.0
-70.0
-70.0
-70.0
-70.0
-70.0
-70.0
-70.0
-70.0
-70.0
-70.0
-70.0
-70.0
-70.0
-70.0
-70.0
-70.0
-70.0
-70.0
-70.0
-70.0
-70.0
-70.0
-70.0
-70.0
-70.0
-70.0
-70.0
-70.0
-70.0
-65.5498932307
-70.0
-70.0
-70.0
-70.0
-70.0
-70.0
-70.0
-70.0
-64.2397382166
-60.9755898726
-59.3179145372
-58.6793788513
-58.6736114781
-59.0476973382
-61.6814924058
-70.0
-70.0
-70.0
-70.0
-70.0
-70.0
-70.0
-70.0
-70.0
-70.0
-63.8165935456
-60.3126632214
-58.5332162529
-60.0823522051
-68.2753164249
-70.0
-70.0
-70.0
-70.0
-70.0
-70.0
-70.0
-70.0
-70.0
-70.0
-70.0
-70.0
-70.0
-70.0
-70.0
-70.0
-70.0
-70.0
-70.0
-70.0
-70.0
-70.0
-70.0
-70.0
-70.0
-70.0
-70.0
-70.0
-70.0
-70.0
-70.0
-70.0
-70.0
-70.0
-67.4544420788
-66.0119592569
-65.2794042551
-64.9972244456
-64.994675745
-65.1599906665
-65.4205132638
-59.585869227
-56.6146038029
-56.4124801646
-59.7310144624
-59.1815537272
-59.7036420299
-60.3601069438
-61.0753156608
-61.8019303689
-62.5111681815
-63.3723385111
-57.9687651863
-55.1276623518
0
-70.0
-70.0
-70.0
-70.0
-70.0
-70.0
-70.0
-70.0
-70.0
-70.0
-70.0
-70.0
-70.0
-70.0
-70.0
-70.0
-70.0
-70.0
-70.0
-70.0
-70.0
-70.0
-70.0
-70.0
-70.0
-70.0
-70.0
-70.0
-70.0
-70.0
-70.0
-70.0
-70.0
-70.0
-70.0
-70.0
-70.0
-70.0
-70.0
-70.0
-70.0
-63.6048414683
-61.1083775391
-64.8142598389
-70.0
-70.0
-70.0
-70.0
-70.0
-70.0
-70.0
-70.0
-70.0
-70.0
-70.0
-70.0
-64.2438995044
-63.9178009014
-67.0699508725
-70.0
-70.0
-70.0
-70.0
-70.0
-70.0
-70.0
-70.0
-70.0
-70.0
-70.0
-70.0
-70.0
-70.0
-70.0
-70.0
-70.0
-70.0
-70.0
-70.0
-70.0
-70.0
-70.0
-70.0
-70.0
-70.0
-70.0
-70.0
-70.0
-70.0
-70.0
-70.0
-70.0
-70.0
-70.0
-70.0
-70.0
-70.0
-70.0
-70.0
-70.0
-70.0
-70.0
-70.0
-70.0
-70.0
-70.0
-70.0
-70.0
-70.0
-63.6125423569
-60.939776098
-63.7837878832
-70.0
-70.0
-70.0
-70.0
-70.0
-70.0
-70.0
-70.0
-70.0
-70.0
-70.0
-70.0
-70.0
-70.0
-70.0
-70.0
-70.0
-69.8129222245
-69.7069114851
-69.6530746586
-69.6323367407
-69.632149432
-69.6442987324
-69.6634450215
-69.6861512943
-69.7102366815
-69.734346691
-69.7576678071
-70.0
-70.0
-70.0
-70.0
-70.0
-70.0
-70.0
-70.0
-70.0
-70.0
-70.0
-70.0
-70.0
-70.0
-70.0
-70.0
-70.0
-70.0
-70.0
-70.0
-70.0
-70.0
-70.0
-70.0
-70.0
-70.0
-70.0
-70.0
-63.9885711665
-60.5820948275
-58.8521391965
-58.185761178
-58.1797423277
-58.5701396065
-59.7670077142
-64.6131014254
-70.0
-70.0
-70.0
-70.0
-70.0
-65.1165050112
-62.3491911842
-60.9438298486
-60.4024853856
-60.3975958616
-60.7147422851
-61.3967865912
-64.1408365843
-68.8729770488
-70.0
-70.0
-70.0
-70.0
-70.0
-70.0
-70.0
-70.0
-70.0
-70.0
-70.0
-70.0
-70.0
-70.0
-70.0
-70.0
-70.0
-70.0
-70.0
-70.0
-70.0
-70.0
-70.0
-70.0
-70.0
-70.0
-70.0
-70.0
-70.0
-70.0
-70.0
-70.0
-70.0
-70.0
-70.0
-70.0
-70.0
-70.0
-70.0
-70.0
-70.0
-70.0
-70.0
-70.0
-70.0
-70.0
-70.0
-70.0
-70.0
-70.0
-70.0
-70.0
-70.0
-70.0
-70.0
-70.0
-70.0
-63.6878785695
-58.128140922
-55.5646130526
-60.5016659837
-70.0
-70.0
-70.0
-70.0
-70.0
-70.0
-70.0
-65.1593269041
-62.4162788164
-61.0232406699
-60.486643093
-60.4817964438
-55.1578815563
0
-70.0
-70.0
-70.0
-70.0
-70.0
-70.0
-70.0
-70.0
-70.0
-70.0
-70.0
-70.0
-70.0
-70.0
-70.0
-70.0
-70.0
-70.0
-70.0
-70.0
-70.0
-70.0
-70.0
-70.0
-70.0
-70.0
-70.0
-70.0
-70.0
-70.0
-70.0
-70.0
-70.0
-70.0
-70.0
-70.0
-70.0
-65.3627428264
-62.7349637614
-61.400464197
-60.8864156518
-55.6773590894
0
-70.0
-70.0
-70.0
-70.0
-70.0
-70.0
-70.0
-70.0
-70.0
-70.0
-70.0
-64.3288099443
-61.6950167511
-61.9224590167
-64.7660857227
-67.5975628933
-69.3765304325
-70.0
-70.0
-70.0
-70.0
-70.0
-70.0
-70.0
-70.0
-70.0
-70.0
-70.0
-70.0
-70.0
-70.0
-70.0
-70.0
-70.0
-70.0
-70.0
-70.0
-70.0
-70.0
-70.0
-70.0
-70.0
-70.0
-70.0
-70.0
-70.0
-70.0
-70.0
-70.0
-70.0
-70.0
-70.0
-70.0
-70.0
-70.0
-70.0
-70.0
-70.0
-70.0
-70.0
-70.0
-70.0
-70.0
-70.0
-70.0
-70.0
-70.0
-70.0
-70.0
-70.0
-65.8450271852
-63.4905425901
-62.2948337467
-61.8342473158
-56.6295179618
0
-70.0
-70.0
-70.0
-70.0
-70.0
-70.0
-70.0
-70.0
-70.0
-70.0
-70.0
-64.4908964432
-61.3690710943
-59.7836735151
-59.1729791838
-59.5445599243
-55.263679507
-59.1288771402
-68.8775688043
-70.0
-70.0
-70.0
-70.0
-70.0
-70.0
-70.0
-70.0
-70.0
-70.0
-70.0
-70.0
-63.6572235233
-61.0297475961
-67.06259097
-70.0
-70.0
-70.0
-70.0
-70.0
-70.0
-70.0
-70.0
-70.0
-70.0
-70.0
-70.0
-70.0
-70.0
-70.0
-70.0
-70.0
-70.0
-70.0
-70.0
-70.0
-70.0
-70.0
-70.0
-70.0
-70.0
-70.0
-70.0
-70.0
-70.0
-70.0
-70.0
-70.0
-69.597219549
-69.3689772934
-69.2530660303
-69.2084170714
-69.2080137937
-63.6256931394
-60.4887776422
-58.9236690891
-58.3538149876
-58.4001086938
-58.8145479611
-61.5089832051
-70.0
-70.0
-70.0
-70.0
-70.0
-70.0
-70.0
-65.0093782783
-62.1813593027
-60.745169274
-60.1919496142
-60.1869528312
-60.5110563337
-61.6105591664
-65.2235679921
-70.0
-70.0
-70.0
-70.0
-70.0
-70.0
-70.0
-70.0
-70.0
-70.0
-70.0
-70.0
-70.0
-70.0
-70.0
-70.0
-70.0
-65.515262516
-62.973911275
-61.6833034879
-61.1861620327
-61.1816717585
-61.4729218687
-62.1231722815
-64.3200712531
-67.3424207239
-70.0
-70.0
-70.0
-70.0
-70.0
-70.0
-70.0
-70.0
-70.0
-70.0
-70.0
-67.0968133965
-65.4516743213
-64.616201732
-64.2943781208
-64.29147135
-64.4800115759
-64.7771353255
-65.1295050645
-65.503276739
-66.0679302247
-70.0
-70.0
-70.0
-70.0
-70.0
-67.0188043512
-65.3294601502
-64.4715382912
-64.1410672328
-64.1380823567
-64.3316886858
-64.6367961937
-64.9986341587
-65.3824491324
-66.5213506239
-70.0
-70.0
-70.0
-70.0
-70.0
-70.0
-70.0
-70.0
-70.0
-70.0
-70.0
-70.0
-70.0
-70.0
-70.0
-70.0
-70.0
-70.0
-70.0
-70.0
-70.0
-70.0
-70.0
-70.0
-70.0
-70.0
-70.0
-63.6743342439
-60.2737046321
-61.6338774894
-65.5347473586
-70.0
-70.0
-70.0
-70.0
-70.0
-70.0
-70.0
-70.0
-70.0
-70.0
-70.0
-70.0
-70.0
-70.0
-70.0
-70.0
-70.0
-70.0
-70.0
-70.0
-70.0
-70.0
-70.0
-70.0
-70.0
-70.0
-70.0
-70.0
-70.0
-70.0
-70.0
-70.0
-68.0972848364
-67.019079577
-66.4715204355
-66.260600936
-66.2586958718
-66.3822629709
-66.5769944647
-60.7327831996
-57.5351636673
-56.0320864923
-62.0398329258
-70.0
-70.0
-70.0
-70.0
-70.0
-70.0
-70.0
-64.5233794124
-61.4199610794
-59.843911377
-59.236817843
-54.0575175244
0
-70.0
-70.0
-70.0
-70.0
-70.0
-70.0
-70.0
-70.0
-70.0
-70.0
-70.0
-70.0
-70.0
-70.0
-70.0
-70.0
-70.0
-70.0
-70.0
-70.0
-70.0
-70.0
-70.0
-70.0
-70.0
-70.0
-70.0
-70.0
-70.0
-70.0
-70.0
-70.0
-70.0
-64.6451408354
-61.6107206422
-60.0697111715
-59.6635552287
-59.9684107114
-61.2574717445
-64.0660465285
-67.673897449
-70.0
-65.1948383497
-62.6775032269
-61.411185379
-56.4044820095
0
-70.0
-70.0
-70.0
-70.0
-70.0
-70.0
-70.0
-70.0
-70.0
-70.0
-70.0
-70.0
-70.0
-70.0
-70.0
-70.0
-70.0
-70.0
-70.0
-70.0
-70.0
-70.0
-66.7641891026
-64.9305629274
-63.9993684581
-63.6406728278
-63.6374330221
-63.8475747046
-64.1787405573
-64.5714820503
-65.1838240991
-67.4651152247
-70.0
-70.0
-70.0
-70.0
-67.4831122967
-66.0568759314
-65.3325715813
-60.5238269786
-55.8087849428
0
-70.0
-70.0
-70.0
-70.0
-70.0
-70.0
-70.0
-70.0
-70.0
-70.0
-70.0
-70.0
-70.0
-70.0
-70.0
-70.0
-70.0
-70.0
-70.0
-70.0
-70.0
-70.0
-70.0
-70.0
-67.2504362406
-65.6923501103
-64.9010867618
-64.5962925273
-64.593539569
-64.7721031417
-65.053504514
-65.3872285202
-65.7412219732
-66.4831586721
-68.3931712178
-70.0
-70.0
-70.0
-70.0
-70.0
-70.0
-65.1507365007
-62.4028205178
-61.0073102441
-60.4697604051
-60.4649051548
-60.7798284995
-55.4052502429
0
-70.0
-70.0
-70.0
-70.0
-70.0
-70.0
-70.0
-70.0
-70.0
-70.0
-70.0
-70.0
-70.0
-70.0
-70.0
-70.0
-70.0
-70.0
-70.0
-70.0
-70.0
-70.0
-70.0
-70.0
-70.0
-70.0
-70.0
-64.0289033522
-60.6452819185
-58.9269329943
-58.2650258733
-58.4435603679
-60.7011494026
-69.6639631575
-70.0
-70.0
-70.0
-70.0
-70.0
-70.0
-70.0
-70.0
-70.0
-70.0
-70.0
-70.0
-70.0
-70.0
-70.0
-70.0
-70.0
-70.0
-70.0
-70.0
-70.0
-70.0
-70.0
-70.0
-70.0
-70.0
-70.0
-70.0
-70.0
-70.0
-70.0
-70.0
-70.0
-70.0
-70.0
-70.0
-70.0
-70.0
-70.0
-63.963511315
-60.5428343936
-58.8056670942
-58.3337805892
0
-70.0
-70.0
-70.0
-70.0
-70.0
-70.0
-70.0
-70.0
-70.0
-64.7644751601
-61.7976777509
-60.2910100469
-59.710642423
-59.7054004346
-61.4238296521
-69.8696589648
-70.0
-70.0
-70.0
-67.4827988875
-66.0563849238
-65.3319903815
-65.0529539767
-65.0504336679
-65.213907027
-65.4715274749
-65.7770488279
-66.1011266787
-67.9856924417
-70.0
-70.0
-70.0
-70.0
-70.0
-70.0
-70.0
-70.0
-70.0
-70.0
-70.0
-70.0
-70.0
-70.0
-70.0
-70.0
-70.0
-70.0
-70.0
-70.0
-70.0
-70.0
-70.0
-70.0
-70.0
-70.0
-70.0
-69.5843353734
-70.0
-70.0
-70.0
-70.0
-65.0706376895
-62.2773323803
-60.8587714487
-55.7982547767
0
-70.0
-70.0
-70.0
-70.0
-70.0
-70.0
-70.0
-70.0
-70.0
-70.0
-70.0
-70.0
-70.0
-70.0
-70.0
-67.0713955129
-65.4118529702
-64.5690656789
-64.2444244481
-64.2414922281
-64.4316831551
-64.7314082729
-65.0868630677
-65.8689068559
-67.4528173334
-64.5471121696
-68.0412976532
-70.0
-70.0
-70.0
-70.0
-70.0
-70.0
-70.0
-70.0
-70.0
-70.0
-70.0
-70.0
-70.0
-70.0
-70.0
-70.0
-70.0
-66.9394453918
-65.2051311138
-60.7632430377
-58.4060020908
-57.3781241196
-57.1821265329
-57.4917904298
-58.0945290869
-58.8530213116
-59.6796826027
-61.7046829959
-66.9328943916
-70.0
-70.0
-70.0
-70.0
-70.0
-70.0
-70.0
-70.0
-70.0
-70.0
-70.0
-70.0
-70.0
-70.0
-70.0
-70.0
-67.2030613803
-65.6181294959
-64.8132327153
-64.5031868898
-64.5003864982
-64.6820267133
-64.9682766185
-65.3077506744
-65.6678434188
-66.8044381615
-62.8389995925
-67.9801348038
-70.0
-70.0
-70.0
-70.0
-70.0
-70.0
-70.0
-64.4478517714
-61.3016344418
-59.7038495627
-59.0883836498
-59.0828246471
-59.4433950905
-60.0116241869
-60.8875450644
-62.5184085599
-65.7221986052
-70.0
-70.0
-70.0
-70.0
-70.0
-70.0
-70.0
-70.0
-70.0
-70.0
-63.9891347487
-60.582977773
-58.8531843285
-58.1868687842
-58.1808504981
-59.5551796635
-65.2762087829
-70.0
-70.0
-69.3839462869
-69.3512052013
-69.3531870433
-69.3759365803
-69.4103884165
-69.4507132377
-69.4932176892
-69.5356131037
-69.5765299157
-69.6151956723
-69.6512219372
-69.6844636316
-70.0
-70.0
-69.8435006193
-70.0
-70.0
-70.0
-70.0
-70.0
-70.0
-70.0
-70.0
-70.0
-70.0
-70.0
-70.0
-70.0
-70.0
-70.0
-70.0
-70.0
-70.0
-70.0
-70.0
-70.0
-70.0
-70.0
-70.0
-70.0
-63.8241275855
-60.3244665507
-59.1413736469
-60.5842003488
-58.5778689647
-60.7978548627
-64.0093139169
-66.3009538855
-67.7992394038
-68.7715694013
-69.3959150864
-69.7906586613
-70.0
-70.0
-70.0
-70.0
-70.0
-70.0
-70.0
-70.0
-70.0
-70.0
-70.0
-70.0
-64.5936054194
-61.5299818237
-59.9741416055
-59.3748327544
-59.3694196852
-59.7205245209
-60.273836605
-61.4998033168
-65.4560554264
-70.0
-70.0
-70.0
-70.0
-70.0
-70.0
-65.0183056845
-62.1953455723
-60.7617246526
-60.2094946124
-60.2045067678
-60.5280305022
-61.4261212331
-66.9548850772
-70.0
-70.0
-70.0
-70.0
-70.0
-70.0
-70.0
-70.0
-70.0
-70.0
-70.0
-70.0
-70.0
-70.0
-70.0
-70.0
-70.0
-70.0
-70.0
-70.0
-70.0
-70.0
-70.0
-70.0
-63.8449663671
-60.3571139752
-58.5858320742
-58.5035734932
-61.0040800896
-70.0
-70.0
-70.0
-70.0
-70.0
-70.0
-70.0
-70.0
-70.0
-70.0
-70.0
-70.0
-70.0
-70.0
-70.0
-70.0
-70.0
-70.0
-70.0
-70.0
-70.0
-70.0
-70.0
-70.0
-70.0
-70.0
-70.0
-70.0
-64.0982247627
-65.4916052354
-70.0
-70.0
-70.0
-70.0
-70.0
-70.0
-70.0
-70.0
-70.0
-70.0
-70.0
-70.0
-63.7587644226
-60.4302866909
-60.9187616264
-66.9878077248
-70.0
-70.0
-70.0
-70.0
-65.7885375545
-63.4020421687
-62.190076865
-61.7232284539
-61.7190117921
-61.9925147353
-62.4235326767
-62.9346923523
-64.2723517174
-69.4089367037
-70.0
-70.0
-70.0
-70.0
-70.0
-70.0
-70.0
-70.0
-70.0
-70.0
-70.0
-70.0
-63.7746811958
-60.2470005402
-59.8197059605
-66.8572730809
-70.0
-70.0
-70.0
-70.0
-70.0
-70.0
-70.0
-70.0
-70.0
-64.1848272777
-60.8895627351
-59.2160852517
-58.5714625866
-58.5656402347
-59.1438434884
-62.2194517718
-70.0
-70.0
-70.0
-70.0
-70.0
-70.0
-70.0
-70.0
-70.0
-70.0
-70.0
-70.0
-70.0
-70.0
-70.0
-70.0
-70.0
-70.0
-70.0
-70.0
-70.0
-70.0
-70.0
-70.0
-70.0
-70.0
-70.0
-70.0
-70.0
-70.0
-70.0
-70.0
-70.0
-70.0
-70.0
-67.4384491888
-65.9869037292
-65.2497463291
-64.9657936781
-64.9632289648
-65.1295825048
-65.3917418785
-65.7026461069
-66.0324337736
-66.3625585812
-66.6818815131
-70.0
-70.0
-70.0
-70.0
-70.0
-70.0
-70.0
-70.0
-70.0
-70.0
-70.0
-70.0
-70.0
