-70.0
-70.0
-69.6666666667
-69.4777777778
-69.3818518519
-69.3449012346
-69.3445674897
-69.3662149931
-69.5780796621
-70.0
-70.0
-70.0
-70.0
-70.0
-69.4962369965
-69.2107712945
-69.0657994969
-69.009956435
-69.0094520501
-62.6567081505
-59.0898382058
-57.3133882987
0
-70.0
-70.0
-70.0
-70.0
-70.0
-70.0
-70.0
-70.0
-70.0
-70.0
-70.0
-69.7042754993
-70.0
-70.0
-70.0
-70.0
-70.0
-70.0
-70.0
-70.0
-63.5506370116
-59.8959979848
-57.2375455001
-56.0678891592
-55.8304990494
-57.9835905012
-68.1340392889
-70.0
-70.0
-70.0
-70.0
-70.0
-70.0
-70.0
-70.0
-69.8316971188
-69.7363254862
-69.687891657
-70.0
-70.0
-70.0
-70.0
-70.0
-70.0
-70.0
-70.0
-70.0
-70.0
-70.0
-70.0
-70.0
-70.0
-63.3013732479
-59.5054847551
-58.3991443408
-64.7270819157
-70.0
-70.0
-70.0
-70.0
-70.0
-70.0
-64.9320827679
-62.060263003
-60.601829044
-60.0400410338
-60.0349668599
-60.7630901148
-67.3477418844
-70.0
-70.0
-70.0
-67.9799145014
-66.9970975336
-66.5075041018
-66.3301645727
-66.3460887028
-66.4774402241
-65.7614612913
-65.1398252219
-64.9288494062
-64.9713022699
-67.5632075069
-66.2996162324
-69.0930211068
-70.0
-70.0
-70.0
-70.0
-64.6872876921
-61.6767507176
-60.1478701756
-59.558946178
-59.5536269067
-60.8108562853
-62.2862486833
-68.9510753927
-70.0
-70.0
-70.0
-70.0
-70.0
-66.4483401565
-64.4357329118
-63.4136441346
-63.0199360638
-63.0163800192
-63.2470337251
-63.6105248245
-64.04160199
-66.4645206578
-70.0
-70.0
-70.0
-68.5599348323
-68.0875553113
-67.867875755
-67.1034351257
-66.4079895772
-66.1104559289
-66.061587209
-67.1633459176
-68.1183738431
-70.0
-70.0
-70.0
-70.0
-70.0
-70.0
-70.0
-70.0
-70.0
-70.0
-70.0
-67.5148565599
-70.0
-70.0
-70.0
-70.0
-70.0
-70.0
-70.0
-65.589143051
-63.0896574465
-61.8203108356
-61.3313591745
-61.3269428721
-61.6133949949
-62.6881192366
-64.7968390166
-69.9273132462
-70.0
-70.0
-70.0
-70.0
-70.0
-70.0
-70.0
-70.0
-70.0
-70.0
-70.0
-70.0
-70.0
-70.0
-70.0
-70.0
-70.0
-70.0
-70.0
-70.0
-70.0
-70.0
-70.0
-70.0
-70.0
-70.0
-70.0
-70.0
-70.0
-70.0
-70.0
-70.0
-70.0
-70.0
-70.0
-70.0
-67.2976600552
-66.3595632953
-65.9180531295
-65.7892119258
-65.852266806
-66.0283575072
-66.4655962845
-68.6631441525
-70.0
-70.0
-70.0
-70.0
-70.0
-69.0179680425
-68.4614832665
-68.1788762921
-68.070016231
-68.0690329867
-68.1328086072
-68.6209327629
-70.0
-70.0
-70.0
-70.0
-70.0
-70.0
-70.0
-70.0
-70.0
-70.0
-63.8742984696
-60.4030676024
-58.6402268287
-57.9611814702
-59.5493033281
-69.0478097903
-70.0
-70.0
-70.0
-70.0
-70.0
-70.0
-70.0
-70.0
-70.0
-70.0
-70.0
-70.0
-70.0
-70.0
-70.0
-70.0
-70.0
-70.0
-70.0
-70.0
-70.0
-70.0
-69.9564803312
-69.9318191855
-69.919295192
-69.9144709561
-69.9144273827
-70.0
-70.0
-70.0
-70.0
-70.0
-70.0
-70.0
-70.0
-70.0
-70.0
-70.0
-70.0
-63.3600852423
-59.8013830198
-60.006125066
-63.6755843263
-70.0
-69.6096383329
-68.3885224931
-67.709568906
-67.3785444569
-67.2673116389
-67.2916615601
-67.3965494609
-60.9559575302
-59.438863973
-61.6765086403
-69.2587540457
-70.0
-70.0
-66.2442852073
-64.1160468247
-63.0352355677
-62.6189076279
-62.6151472764
-62.859052823
-63.2434277235
-63.6992717397
-64.7633368443
-66.0059140976
-67.8252610082
-70.0
-70.0
-70.0
-70.0
-70.0
-70.0
-70.0
-70.0
-70.0
-70.0
-69.8525585584
-69.7690084081
-63.1712905266
-65.3088180368
-70.0
-70.0
-70.0
-70.0
-70.0
-70.0
-70.0
-70.0
-70.0
-70.0
-69.4652348572
-69.7687940462
-70.0
-70.0
-70.0
-70.0
-70.0
-70.0
-70.0
-70.0
-70.0
-70.0
-70.0
-70.0
-69.467064643
-70.0
-70.0
-70.0
-70.0
-70.0
-70.0
-70.0
-70.0
-70.0
-70.0
-70.0
-70.0
-70.0
-70.0
-65.4108827618
-70.0
-70.0
-70.0
-70.0
-70.0
-70.0
-70.0
-70.0
-70.0
-70.0
-70.0
-70.0
-70.0
-70.0
-70.0
-70.0
-70.0
-70.0
-70.0
-70.0
-69.6916984607
-69.5169942551
-68.4316974106
-67.8327960569
-68.5456359729
-69.0218187234
-69.3401344163
-69.5531193514
-69.6958063342
-70.0
-70.0
-70.0
-70.0
-70.0
-70.0
-70.0
-70.0
-70.0
-70.0
-70.0
-70.0
-70.0
-70.0
-70.0
-70.0
-70.0
-70.0
-70.0
-70.0
-70.0
-70.0
-70.0
-70.0
-70.0
-70.0
-70.0
-70.0
-70.0
-70.0
-70.0
-70.0
-70.0
-70.0
-70.0
-70.0
-65.3213440365
-62.6701056572
-61.3236924411
-60.8050547633
-60.8003703313
-62.5264465111
-67.407914175
-70.0
-70.0
-70.0
-70.0
-70.0
-70.0
-70.0
-70.0
-70.0
-70.0
-70.0
-70.0
-70.0
-70.0
-70.0
-70.0
-68.1128393297
-67.0434482832
-62.6114764903
-60.1985775316
-59.0775522386
-58.7690186549
-58.9582645495
-59.6259248071
-63.3284179144
-70.0
-70.0
-70.0
-70.0
-70.0
-70.0
-70.0
-70.0
-70.0
-70.0
-70.0
-70.0
-65.7733333973
-70.0
-70.0
-70.0
-70.0
-70.0
-69.5266232075
-69.2583763585
-68.1221490371
-62.5770817504
-59.4974719868
-58.999489667
-59.0673839529
-59.4725410594
-60.0665506213
-61.5651343216
-64.1595118884
-70.0
-70.0
-70.0
-70.0
-70.0
-70.0
-70.0
-70.0
-63.6075887391
-59.4296668024
-56.941924747
-55.8845486888
-55.7206380976
-62.2740718219
-70.0
-70.0
-70.0
-70.0
-70.0
-66.5366863885
-64.5741420086
-60.6300607614
-58.575943321
-57.7242747461
0
-70.0
-70.0
-70.0
-70.0
-70.0
-70.0
-70.0
-70.0
-70.0
-70.0
-70.0
-70.0
-70.0
-70.0
-70.0
-70.0
-70.0
-70.0
-70.0
-70.0
-70.0
-70.0
-64.3509263293
-61.1497845826
-59.5241067152
-58.8978964375
-58.8922403897
-61.0440568392
-69.6752352633
-70.0
-70.0
-70.0
-70.0
-70.0
-70.0
-70.0
-70.0
-70.0
-70.0
-70.0
-69.2395282248
-69.8337624443
-70.0
-70.0
-70.0
-70.0
-70.0
-70.0
-70.0
-64.9427077679
-62.0769088363
-60.6215325162
-59.2584531711
-58.798657125
-58.3406020376
-59.472462608
-63.163189839
-70.0
-70.0
-70.0
-70.0
-70.0
-70.0
-70.0
-70.0
-63.1094756348
-59.2048451611
-58.6138546167
-60.219483805
-64.261411481
-70.0
-70.0
-70.0
-70.0
-70.0
-70.0
-70.0
-70.0
-70.0
-70.0
-68.1193987312
-70.0
-70.0
-70.0
-70.0
-70.0
-70.0
-70.0
-70.0
-70.0
-70.0
-70.0
-69.3266078844
-68.9450190189
-70.0
-70.0
-70.0
-70.0
-70.0
-70.0
-70.0
-70.0
-70.0
-70.0
-70.0
-70.0
-70.0
-70.0
-70.0
-70.0
-70.0
-70.0
-70.0
-70.0
-70.0
-70.0
-66.1015150307
-63.8923735482
-62.770476207
-62.3383219287
-62.3344186308
-61.5876038537
-61.4199281923
-63.366884836
-70.0
-70.0
-70.0
-70.0
-70.0
-70.0
-70.0
-70.0
-70.0
-70.0
-63.2398087204
-58.4827391416
-62.6938274938
-70.0
-70.0
-70.0
-70.0
-70.0
-70.0
-70.0
-65.0093775603
-62.1813581779
-60.7451679425
-60.1919482031
-59.1920896505
-64.231673616
-70.0
-70.0
-70.0
-70.0
-70.0
-70.0
-70.0
-70.0
-70.0
-70.0
-70.0
-70.0
-70.0
-70.0
-70.0
-70.0
-70.0
-70.0
-70.0
-70.0
-70.0
-70.0
-70.0
-70.0
-69.7713868965
-69.6418394713
-69.5760497004
-69.5507075145
-70.0
-70.0
-70.0
-70.0
-70.0
-70.0
-70.0
-70.0
-70.0
-63.8163484276
-60.3122792032
-58.5327616951
0
-70.0
-70.0
-70.0
-70.0
-70.0
-70.0
-70.0
-70.0
-70.0
-70.0
-70.0
-70.0
-70.0
-70.0
-70.0
-70.0
-70.0
-70.0
-70.0
-70.0
-70.0
-70.0
-70.0
-70.0
-70.0
-70.0
-70.0
-70.0
-70.0
-70.0
-70.0
-70.0
-70.0
-70.0
-70.0
-64.036823956
-61.2132464199
-60.2063788374
-61.7092855952
-64.2845310218
-70.0
-70.0
-70.0
-70.0
-70.0
-70.0
-65.3216918688
-62.6706505944
-61.3243374767
-54.9058247257
0
-70.0
-70.0
-70.0
-70.0
-70.0
-70.0
-70.0
-70.0
-70.0
-70.0
-70.0
-70.0
-70.0
-70.0
-70.0
-70.0
-70.0
-70.0
-70.0
-70.0
-70.0
-70.0
-70.0
-70.0
-70.0
-70.0
-70.0
-70.0
-70.0
-69.3023612572
-69.7014506469
-70.0
-70.0
-70.0
-70.0
-70.0
-66.3408304919
-63.3989883468
-61.8539167815
-61.1984099496
-61.0984921855
-60.5327893184
-61.5089236865
-62.5897427392
-64.8289707578
-69.7709702883
-68.8756008284
-70.0
-67.1027928583
-65.4610421447
-63.6533026066
-62.7802154635
-56.8797387116
0
-70.0
-70.0
-70.0
-70.0
-70.0
-70.0
-70.0
-70.0
-70.0
-70.0
-70.0
-70.0
-70.0
-70.0
-70.0
-70.0
-70.0
-70.0
-70.0
-70.0
-70.0
-70.0
-70.0
-70.0
-70.0
-70.0
-70.0
-70.0
-70.0
-70.0
-70.0
-70.0
-70.0
-63.6688787229
-60.4667426467
-58.8632362461
-58.6847649514
-61.3479219519
-67.4282407485
-70.0
-70.0
-70.0
-70.0
-70.0
-70.0
-70.0
-70.0
-70.0
-70.0
-70.0
-70.0
-70.0
-70.0
-70.0
-70.0
-70.0
-70.0
-70.0
-70.0
-70.0
-70.0
-70.0
-70.0
-70.0
-70.0
-70.0
-70.0
-70.0
-63.780392307
-60.8896553534
-57.1494035627
-57.3288524486
-54.9899526647
-54.4769692277
0
-70.0
-70.0
-70.0
-70.0
-70.0
-69.3388637079
-69.3600450669
-70.0
-67.788356686
-67.5213241622
-68.2355659626
-70.0
-70.0
-64.7518078739
-62.7604908059
-61.2514619826
-60.6950782645
-61.6662605854
-63.1362817754
-67.8254372646
-70.0
-70.0
-70.0
-70.0
-70.0
-70.0
-70.0
-70.0
-70.0
-70.0
-70.0
-70.0
-70.0
-70.0
-70.0
-70.0
-70.0
-70.0
-70.0
-70.0
-70.0
-70.0
-70.0
-70.0
-70.0
-70.0
-70.0
-70.0
-70.0
-70.0
-70.0
-70.0
-70.0
-64.1288279205
-60.8018304087
-59.1122375547
-58.4614072571
-59.8845532145
-69.9093288742
-70.0
-70.0
-70.0
-70.0
-70.0
-70.0
-70.0
-70.0
-70.0
-70.0
-70.0
-70.0
-70.0
-70.0
-70.0
-70.0
-70.0
-70.0
-70.0
-70.0
-70.0
-70.0
-70.0
-70.0
-69.2089920719
-68.7607542461
-68.5331197423
-70.0
-70.0
-70.0
-70.0
-70.0
-70.0
-70.0
-70.0
-70.0
-70.0
-70.0
-70.0
-70.0
-70.0
-70.0
-70.0
-70.0
-70.0
-70.0
-70.0
-70.0
-64.0255719935
-58.3067294565
-55.2651996191
0
-70.0
-70.0
-70.0
-70.0
-70.0
-70.0
-70.0
-70.0
-70.0
-70.0
-70.0
-70.0
-70.0
-70.0
-70.0
-70.0
-70.0
-70.0
-70.0
-70.0
-70.0
-70.0
-70.0
-70.0
-63.7628866631
-57.8951891055
-54.7780642675
-54.4148864937
0
-70.0
-70.0
-70.0
-70.0
-70.0
-70.0
-70.0
-70.0
-70.0
-70.0
-70.0
-70.0
-69.4610163226
-69.1555922388
-70.0
-70.0
-70.0
-70.0
-70.0
-70.0
-70.0
-70.0
-70.0
-70.0
-70.0
-70.0
-70.0
-63.1817297867
-59.0237255874
-58.943153228
-60.2711225467
-61.7869797717
-57.5214960155
-55.7800107548
-55.2091192399
-55.3596136896
-57.1321652137
-59.590214598
-65.7944928454
-70.0
-70.0
-70.0
-70.0
-70.0
-65.022331419
-61.6460970009
-59.8988197833
-59.8908631637
-60.2230604198
-60.7482767595
-64.1980613545
-70.0
-70.0
-70.0
-70.0
-70.0
-70.0
-70.0
-70.0
-70.0
-62.6469279272
-58.1468537525
-55.8419141227
-56.5492209333
-62.7907614343
-68.5731686254
-70.0
-70.0
-70.0
-70.0
-70.0
-69.5543184598
-69.301765587
-70.0
-68.2118323227
-70.0
-70.0
-70.0
-70.0
-70.0
-70.0
-70.0
-70.0
-70.0
-70.0
-70.0
-70.0
-64.4844069172
-67.5443190396
-70.0
-70.0
-70.0
-70.0
-70.0
-70.0
-69.630487101
-69.4210964582
-69.3147588572
-68.5700939644
-68.1709585632
-68.186695237
-69.0740732746
-70.0
-70.0
-70.0
-70.0
-70.0
-70.0
-67.0117115353
-65.3183480719
-64.4583850582
-64.127127748
-64.1241357703
-64.3182027247
-64.6240361398
-65.1784945902
-60.1935860294
-66.1682390256
-70.0
-70.0
-70.0
-68.9202529721
-68.308396323
-64.1087802339
-61.7853845726
-60.6651676901
-60.3041986376
-60.4108105848
-61.7770758704
-63.4052658279
-69.0092141953
-70.0
-70.0
-70.0
-67.5597083645
-67.0890849426
-66.9037413913
-66.8957438808
-66.9944205785
-67.1538125779
-67.3443206915
-67.5471482033
-68.7734386128
-68.2069495416
-70.0
-70.0
-70.0
-70.0
-70.0
-70.0
-70.0
-70.0
-69.7477849846
-69.6048631426
-69.5322812659
-70.0
-70.0
-70.0
-70.0
-70.0
-70.0
-70.0
-70.0
-70.0
-70.0
-70.0
-70.0
-70.0
-70.0
-70.0
-70.0
-70.0
-70.0
-70.0
-70.0
-70.0
-70.0
-70.0
-70.0
-70.0
-70.0
-70.0
-70.0
-70.0
-70.0
-63.3953743615
-62.0492506833
-66.9176625546
-70.0
-70.0
-70.0
-70.0
-64.8354890086
-61.9089327802
-60.4227012838
-59.8502056765
-59.8450347895
-60.1804310977
-61.5219794891
-58.773162406
-60.7708086555
-65.7887910291
-70.0
-70.0
-70.0
-70.0
-70.0
-70.0
-69.5588931231
-69.3089325595
-69.1819918027
-69.7464505034
-70.0
-70.0
-70.0
-70.0
-70.0
-70.0
-70.0
-70.0
-69.7170414834
-69.556698324
-69.4752691509
-62.7170317715
-59.9046544657
-57.6854268429
-57.1593649454
-63.6216777852
-70.0
-70.0
-70.0
-70.0
-70.0
-70.0
-70.0
-70.0
-70.0
-70.0
-70.0
-70.0
-70.0
-70.0
-70.0
-70.0
-70.0
-70.0
-70.0
-70.0
-69.8366308326
-69.7440549711
-70.0
-70.0
-70.0
-70.0
-70.0
-70.0
-70.0
-70.0
-70.0
-70.0
-69.4916306326
-69.8177294098
-70.0
-70.0
-70.0
-70.0
-70.0
-70.0
-70.0
-70.0
-70.0
-70.0
-70.0
-70.0
-70.0
-70.0
-70.0
-70.0
-70.0
-70.0
-70.0
-70.0
-70.0
-70.0
-70.0
-70.0
-70.0
-70.0
-70.0
-70.0
-70.0
-70.0
-70.0
-70.0
-70.0
-70.0
-70.0
-70.0
-70.0
-70.0
-70.0
-70.0
-70.0
-70.0
-70.0
-70.0
-70.0
-70.0
-70.0
-70.0
-70.0
-70.0
-70.0
-70.0
-70.0
-70.0
-70.0
-70.0
-70.0
-70.0
-70.0
-70.0
-70.0
-70.0
-70.0
-70.0
-70.0
-70.0
-70.0
-70.0
-70.0
-70.0
-70.0
-70.0
-70.0
-70.0
-70.0
-70.0
-64.7327878143
-68.1052920378
-70.0
-70.0
-70.0
-70.0
-70.0
-70.0
-70.0
-70.0
-70.0
-70.0
-70.0
-70.0
-70.0
-70.0
-70.0
-70.0
-70.0
-70.0
-70.0
-70.0
-70.0
-70.0
-69.4778639788
-69.1819869002
-69.0317277563
-70.0
-70.0
-70.0
-70.0
-70.0
-70.0
-70.0
-70.0
-70.0
-70.0
-64.3906840748
-58.8787383839
0
-70.0
-70.0
-70.0
-70.0
-70.0
-70.0
-70.0
-70.0
-70.0
-70.0
-70.0
-70.0
-70.0
-70.0
-70.0
-70.0
-63.5524330913
-59.7056466385
-63.90659075
-70.0
-70.0
-70.0
-66.86112378
-65.1625114039
-64.3045935982
-63.9796897947
-63.9854245195
-64.1893512038
-64.5053955075
-64.8781755728
-67.2999733618
-70.0
-70.0
-70.0
-70.0
-70.0
-70.0
-70.0
-70.0
-63.8901026444
-60.4278274762
-58.6695347927
0
-70.0
-70.0
-70.0
-70.0
-70.0
-70.0
-70.0
-70.0
-70.0
-70.0
-70.0
-70.0
-63.7423144191
-57.8629592566
0
-70.0
-70.0
-70.0
-70.0
-70.0
-70.0
-70.0
-70.0
-70.0
-70.0
-70.0
-70.0
-70.0
-70.0
-70.0
-70.0
-70.0
-70.0
-70.0
-70.0
-70.0
-70.0
-70.0
-70.0
-70.0
-70.0
-70.0
-63.2694838405
-59.4555246835
-55.4370759324
-66.2253672882
-70.0
-70.0
-70.0
-70.0
-70.0
-70.0
-70.0
-70.0
-70.0
-70.0
-70.0
-70.0
-70.0
-70.0
-70.0
-70.0
-70.0
-70.0
-70.0
-70.0
-70.0
-70.0
-70.0
-70.0
-70.0
-70.0
-65.1672437093
-68.6418284581
-70.0
-70.0
-70.0
-70.0
-70.0
-70.0
-70.0
-70.0
-69.6190940271
-69.4032473091
-70.0
-70.0
-70.0
-70.0
-70.0
-70.0
-70.0
-70.0
-70.0
-70.0
-63.4739276648
-59.7758200082
-58.4976625141
-59.6861335749
-70.0
-70.0
-70.0
-70.0
-70.0
-70.0
-70.0
-70.0
-70.0
-70.0
-70.0
-70.0
-70.0
-70.0
-70.0
-70.0
-64.9950191455
-62.8625670317
-61.8210101957
-61.4687090876
-60.6733920292
-60.5070887266
-60.3729313543
-65.5715935634
-70.0
-70.0
-70.0
-70.0
-70.0
-70.0
-70.0
-70.0
-70.0
-70.0
-70.0
-70.0
-69.3145384157
-69.1188599861
-70.0
-70.0
-70.0
-70.0
-70.0
-70.0
-70.0
-70.0
-70.0
-70.0
-70.0
-70.0
-70.0
-70.0
-70.0
-70.0
-70.0
-70.0
-70.0
-70.0
-70.0
-70.0
-70.0
-70.0
-63.7834146786
-59.4582138607
-57.2144862412
0
-70.0
-70.0
-70.0
-70.0
-70.0
-70.0
-70.0
-70.0
-70.0
-70.0
-70.0
-70.0
-70.0
-70.0
-69.1471782176
-70.0
-70.0
-70.0
-70.0
-70.0
-70.0
-70.0
-69.4281689176
-62.7186717707
-58.9356844235
-57.0347025344
-56.3262899831
-57.7284906263
-67.9944509364
-70.0
-70.0
-70.0
-70.0
-70.0
-70.0
-70.0
-70.0
-70.0
-70.0
-69.3598074295
-68.9970316396
-70.0
-70.0
-70.0
-70.0
-70.0
-66.7448657059
-63.9393080482
-62.4579965187
-61.820609717
-61.7108239787
-61.9212584032
-62.5140040209
-64.7388989297
-70.0
-70.0
-70.0
-70.0
-70.0
-66.4093121173
-62.9095684076
-61.0460699016
-60.2264351346
-60.0604397699
-60.2921612254
-61.1451050418
-57.1310571403
-58.971299991
-64.6448300223
-70.0
-70.0
-70.0
-70.0
-70.0
-69.7299672961
-69.5769487639
-69.4992393525
-69.4693057272
-70.0
-70.0
-70.0
-70.0
-70.0
-70.0
-70.0
-70.0
-70.0
-70.0
-70.0
-70.0
-70.0
-70.0
-64.3042340263
-63.3573251401
-66.4021254387
-70.0
-70.0
-70.0
-70.0
-70.0
-70.0
-63.5807300599
-59.9431437606
-58.0958205223
-57.0737410537
-58.2716693816
-55.2734249367
-59.842467573
-65.9525224433
-70.0
-70.0
-66.1067618594
-63.9005935798
-62.7802061593
-63.3476185425
-63.909812021
-64.4501343741
-64.9593233068
-65.8525031768
-70.0
-70.0
-70.0
-70.0
-70.0
-70.0
-70.0
-70.0
-70.0
-70.0
-70.0
-70.0
-70.0
-70.0
-70.0
-70.0
-70.0
-70.0
-70.0
-70.0
-70.0
-70.0
-70.0
-69.8599963582
-70.0
-70.0
-70.0
-70.0
-70.0
-70.0
-70.0
-70.0
-70.0
-70.0
-70.0
-70.0
-70.0
-70.0
-70.0
-70.0
-70.0
-70.0
-70.0
-70.0
-70.0
-70.0
-70.0
-70.0
-70.0
-70.0
-70.0
-70.0
-63.9209717694
-61.2786582412
-59.9839815162
-59.9551539754
-63.6813072518
-70.0
-70.0
-70.0
-67.2164690554
-63.8613570757
-62.0529113187
-57.3438579316
-54.9402973017
-54.0001510136
0
-70.0
-70.0
-70.0
-70.0
-70.0
-70.0
-70.0
-70.0
-70.0
-70.0
-70.0
-70.0
-70.0
-70.0
-70.0
-70.0
-70.0
-70.0
-70.0
-70.0
-70.0
-70.0
-70.0
-70.0
-70.0
-69.7958325701
-69.6801376931
-69.6213828438
-68.8950468024
-69.4935439281
-70.0
-70.0
-70.0
-70.0
-70.0
-70.0
-70.0
-70.0
-70.0
-70.0
-70.0
-70.0
-70.0
-66.38808673
-66.3259388048
-69.5999433131
-70.0
-70.0
-70.0
-64.4331629107
-60.2801443323
-58.1123283742
-57.2078945202
-57.0916377238
-61.6645544199
-70.0
-70.0
-70.0
-70.0
-70.0
-70.0
-70.0
-70.0
-70.0
-70.0
-70.0
-69.5706900421
-68.9940810659
-69.2671360647
-70.0
-70.0
-70.0
-70.0
-70.0
-70.0
-70.0
-70.0
-70.0
-70.0
-70.0
-70.0
-70.0
-70.0
-70.0
-70.0
-70.0
-70.0
-70.0
-70.0
-70.0
-70.0
-70.0
-70.0
-70.0
-70.0
-70.0
-70.0
-70.0
-70.0
-70.0
-70.0
-70.0
-70.0
-70.0
-70.0
-70.0
-64.2538014417
-60.9976222587
-59.343994007
-58.7070172557
-65.2035190732
-70.0
-70.0
-70.0
-70.0
-70.0
-70.0
-70.0
-64.9156282719
-62.0344842926
-60.5713150953
-60.0077030738
-60.002612425
-62.9068259893
-70.0
-70.0
-69.4059669714
-69.0693482551
-64.0117935196
-60.8435342276
-59.2477941782
-58.6487570093
-58.6677094743
-59.0568239708
-59.655065203
-62.9618688054
-70.0
-70.0
-70.0
-70.0
-70.0
-70.0
-70.0
-65.0290914036
-62.2122431989
-60.7817261695
-60.2201456855
-60.5425258722
-61.0512031219
-61.8464623069
-68.5635402998
-70.0
-70.0
-70.0
-70.0
-70.0
-70.0
-70.0
-70.0
-70.0
-70.0
-70.0
-70.0
-63.1799715391
-63.6976083257
-70.0
-70.0
-70.0
-70.0
-70.0
-70.0
-70.0
-70.0
-70.0
-70.0
-70.0
-70.0
-67.0277989548
-70.0
-70.0
-70.0
-68.3051466036
-67.344729679
-66.8569885349
-66.6691108973
-66.6674139515
-66.7774819857
-65.9682816032
-59.0268456312
-55.8237227089
-63.4767798553
-70.0
-70.0
-70.0
-70.0
-70.0
-70.0
-70.0
-70.0
