-70.0
-70.0
-70.0
-70.0
-70.0
-70.0
-70.0
-70.0
-70.0
-70.0
-70.0
-70.0
-70.0
-63.0
-59.0333333333
-57.0188888889
0
-70.0
-70.0
-70.0
-70.0
-63.0
-59.0333333333
-57.0188888889
-55.2429259259
-54.6692506173
-55.8360704115
-57.3416266077
-57.8644369693
-58.2493086207
-58.8719213241
-59.616424902
-59.705542515
-60.1021616656
-60.6700611005
-61.3217987247
-55.0181002829
0
-70.0
-70.0
-70.0
-70.0
-69.370401662
-69.0136292704
-68.8324448598
-68.7626527181
-68.7620223425
-61.8838371786
-55.6941315077
0
-70.0
-70.0
-70.0
-70.0
-70.0
-69.0347508002
-68.4877762536
-69.0124681197
-69.3602009687
-68.7876981767
-68.4846065622
-68.3532647081
-68.3293507721
-69.2828992229
-69.8789316526
-69.3283782172
-69.0204335487
-68.8683189626
-69.6830856695
-70.0
-70.0
-70.0
-70.0
-70.0
-70.0
-70.0
-70.0
-70.0
-70.0
-70.0
-70.0
-70.0
-70.0
-70.0
-70.0
-63.0874907665
-58.1706026867
-55.6147830825
-54.5607985506
-54.4430478798
-54.890962548
0
-70.0
-70.0
-70.0
-70.0
-69.2583786347
-68.8381265277
-68.6247043792
-68.5424942775
-61.7238378047
-57.9085159942
-56.0223723747
-55.3566071239
-55.4452610693
0
-70.0
-70.0
-70.0
-70.0
-62.3340099728
-57.9899489574
-55.7838473829
-54.9340581921
-54.9263827379
-55.4242313741
-57.2087401069
-58.7058206763
0
-70.0
-70.0
-70.0
-70.0
-67.981028102
-67.7979255842
-67.761466554
-67.8142089174
-67.6230943814
-67.2543225138
-67.124581976
-67.1425849209
-67.2486338571
-67.4039754236
-67.583714516
-67.7721008209
-68.9203774676
-69.6453308733
-70.0
-70.0
-70.0
-70.0
-70.0
-70.0
-70.0
-70.0
-70.0
-70.0
-70.0
-70.0
-70.0
-70.0
-70.0
-70.0
-70.0
-70.0
-70.0
-70.0
-70.0
-69.0173401055
-68.4604994987
-68.1777118179
-61.0687825709
-58.097706783
-56.7118044174
-56.3232028508
-56.5459351492
-57.1280433566
-58.7746862597
0
-70.0
-70.0
-70.0
-70.0
-69.1636971373
-62.3043326482
-58.4452361998
-56.5149371241
-55.8062597746
-55.854178039
-56.3469495355
-56.7643807822
-57.4560268375
-58.2891469095
-59.1793807223
-60.0742083193
-60.9419646001
-61.764552882
-62.532620755
-63.2423741203
-62.9194926304
-62.9617806488
-55.6733099305
0
-70.0
-70.0
-70.0
-70.0
-70.0
-70.0
-70.0
-70.0
-70.0
-70.0
-70.0
-70.0
-63.0551021761
-59.1196600759
-57.1210728132
-56.3512180285
-56.3442645567
-56.7952836551
-57.5060523256
-58.3489784504
-59.2431015103
0
-70.0
-70.0
-70.0
-70.0
-66.8890776407
-65.1262216371
-64.2309673137
-63.8861158092
-63.8830010462
-65.0850057521
-64.9700427474
-65.0687301863
-65.2923183101
-65.5833939074
-65.9052594689
-66.2348701568
-66.5581408976
-66.8668319789
-67.1564855617
-67.425061526
-67.672038387
-60.900980875
-57.1416470053
0
-70.0
-70.0
-70.0
-70.0
-67.8882122494
-66.6915325241
-59.4668237161
-55.4831043075
0
-70.0
-70.0
-70.0
-70.0
-66.8563735203
-65.0749851818
-64.1703193393
-63.8218425225
-63.818695015
-65.0194245226
-65.9058814098
-59.7563122258
-56.4080269746
0
-70.0
-70.0
-70.0
-70.0
-70.0
-70.0
-70.0
-70.0
-69.9190728604
-62.9271655744
-58.9677823503
-56.2561893004
-55.0873604938
-54.8831511934
-56.1767290782
-57.4136515064
-58.5753499132
-58.740982122
-59.2156620432
-59.8599479278
-60.5845211943
-54.3870658742
0
-70.0
-70.0
-70.0
-70.0
-66.8766855901
-65.1068074244
-64.2079869442
-63.861761758
-63.8586345876
-64.0614704658
-64.3811229772
-64.7602103848
-65.1623224832
-65.5648456595
-65.9541980432
-66.3226695387
-60.6902689277
-56.6212420349
-54.2924511648
0
-70.0
-70.0
-70.0
-70.0
-66.987654321
-65.2148148148
-64.310617284
-63.957744856
-63.947429904
-64.1429932693
-64.4555648462
-64.8279222975
-65.2237393583
-66.5814198406
-67.5099808019
-68.1501180186
-67.6074241013
-67.3615602809
-60.3126470512
-56.4062108783
-55.4569478152
0
-70.0
-70.0
-70.0
-70.0
-62.6433470508
-57.7708733425
-54.9216933394
0
-70.0
-70.0
-70.0
-70.0
-68.8381344307
-68.1797439415
-61.7671955495
-58.1940933293
-56.4437622195
-55.8454381463
-54.9659697775
-54.939423097
-55.4255143188
-56.2029852412
-57.1293682866
-58.114219171
-59.1013223959
-60.0568735843
-60.9616418446
-61.8057814059
-62.5854057625
-56.3163191255
0
-70.0
-70.0
-70.0
-70.0
-69.0892523421
-67.7706928668
-66.7205340861
-66.1997543481
-66.0139613604
-66.0353535224
-66.1803437022
-65.5263469295
-65.2830706349
-58.3103214448
-54.5163278825
0
-70.0
-70.0
-70.0
-70.0
-69.5642941965
-68.3347357711
-68.6525094632
-68.8880900297
-69.0665020353
-69.2046658375
-62.3500428751
-58.4922676685
-56.5611936223
0
-70.0
-70.0
-70.0
-70.0
-68.6414522026
-67.8716084507
-67.4806485846
-67.3300510454
-67.3286908204
-67.4169183247
-60.6368846894
-56.8809683519
-55.0647196044
0
-70.0
-70.0
-70.0
-70.0
-69.5952100624
-70.0
-70.0
-70.0
-70.0
-70.0
-70.0
-70.0
-69.1868737923
-61.7332069892
-57.5365666744
-55.434030263
0
-70.0
-70.0
-70.0
-70.0
-68.6388830871
-67.8675835031
-67.4758843025
-67.3250019722
-67.3236391749
-67.412033524
-68.5508845897
-69.2824990761
-69.7453844654
-70.0
-70.0
-70.0
-70.0
-70.0
-69.0358607914
-61.1582870071
-56.726466503
-55.4982642971
0
-70.0
-70.0
-70.0
-70.0
-69.1269623533
-68.6322410202
-68.3810001863
-68.2842223464
-61.4654342951
-55.3253136544
0
-70.0
-70.0
-70.0
-70.0
-66.8888888889
-65.1259259259
-64.230617284
-63.885744856
-63.882629904
-64.0846732693
-64.4030768462
-64.7806830975
-65.1812240783
-64.5937355508
-64.4214512493
-65.4988940623
-66.2953966147
-66.8967849257
-67.3610584147
-61.5371610781
-58.3249173068
-56.7867404671
-56.3042763478
-56.4713219979
-57.0225053214
-57.7857984714
-58.6509144124
-59.5482868299
-60.4351007194
-61.2860190291
-62.0870360473
-62.8314117233
-63.5169900715
-64.1444374113
-64.7160912349
-65.2352138212
-65.7055135789
-66.1308429809
-66.5150125227
-66.8616804971
-67.1742919318
-67.4560490616
-67.709901704
-67.9385498994
-68.1444538199
-68.3298477116
-68.4967557896
-68.6470087767
-68.7822602764
-68.9040025004
-69.0135810847
-62.1122250906
-58.2343373244
-56.2997934206
-55.5957406309
-56.6534504782
-57.7329613707
-58.7895691938
-60.5009186183
-61.844364319
-62.9222862621
-62.8049632228
-62.9744039584
-64.1785676917
-65.0951136753
-65.8085374763
-66.3763071744
-66.837758754
-67.2200377434
-67.5420705455
-60.8203788596
-57.0933512193
-55.2873562612
-55.6768392144
-56.7213010125
-57.7906013909
-58.8391615716
-59.8403256277
-60.7796798737
-61.6506364255
-62.4515224758
-63.1836700234
-63.8501695512
-64.4550636162
-65.0028312679
-65.4980641501
-65.9376006632
-59.3438405969
-55.7427898705
-54.0573997723
0
-70.0
-70.0
-70.0
-70.0
-69.8983894731
-69.8408101746
-69.811568923
-68.8080125545
-69.206593206
-62.5081561076
-58.7388219784
-56.8525941015
-56.1591042387
-56.204373513
-56.6913892939
-57.4272191192
0
-70.0
-70.0
-70.0
-70.0
-68.5891671052
-67.7896951315
-67.3836887762
-67.2272953372
-67.2258827625
-67.3175057923
-67.4618960837
-67.6331337225
-67.8147718483
-67.9965956622
-61.2084377128
-57.4285950193
0
-70.0
-70.0
-70.0
-70.0
-66.2228988617
-63.5269859945
-62.1252054076
-61.5466302086
-61.4812640822
-60.9235331345
-60.8914434614
-61.1758082089
-61.6405667837
-62.1980697025
-62.792635797
-63.3896209271
-63.9681579743
-64.5163416035
-65.0280403942
-65.5007916555
-65.9344160237
-66.3301101106
-66.6898562256
-67.0160420205
-67.3112187634
-67.5779508504
-67.8187250742
-68.0358987727
-68.2316730327
-68.4080818209
-68.5669910332
-68.7101035261
-68.838967571
-68.9549870789
-69.0594325476
-69.1534520773
-69.2380820592
-69.314257313
-69.3828205549
-69.4445311482
-68.5000766093
-67.9834013323
-67.7406161217
-67.6702577913
-66.9032317309
-66.5462417036
-66.4471729637
-66.5061592877
-66.6580124392
-66.8605239154
-66.1744714992
-65.8903576661
-65.8568774441
-65.9748933961
-66.1798731874
-59.4301986259
-55.7327206014
0
-70.0
-70.0
-70.0
-70.0
-69.5825990091
-69.3460717809
-69.2259530513
-69.1796833785
-69.1792654622
-69.2063725304
-69.2490910203
-69.2997524135
-69.3534908357
-69.4072841944
-69.4593174032
-68.5086491865
-67.9879599503
-60.7447195108
-56.7072845968
-54.7279141618
-54.0493614287
-54.1739177413
-54.7761876041
-55.645009935
-56.6448030023
-57.689852076
-58.7272197844
-59.7253997499
-61.6667944042
-63.1094047166
-64.7602129691
-65.9253574883
-66.7602656169
-67.3692016401
-67.8222565327
-68.1666809172
-67.4346466697
-66.7476045656
-66.110459151
-58.8587588641
-54.8791133965
0
-70.0
-70.0
-70.0
-70.0
-66.2016460905
-64.0492455418
-62.9561636946
-62.5351091297
-62.5313060865
-62.7779807243
-63.1667194829
-63.6277387553
-57.2988450909
0
-70.0
-70.0
-70.0
-70.0
-69.8294528851
-69.7328095199
-69.6837298502
-69.6648243867
-69.664653629
-69.6757293868
-70.0
-70.0
-70.0
-70.0
-70.0
-70.0
-70.0
-70.0
-70.0
-70.0
-70.0
-70.0
-70.0
-70.0
-63.0034253517
-56.7053663844
0
-70.0
-70.0
-70.0
-70.0
-69.3856600114
-62.4472276622
-56.2025939972
0
-70.0
-70.0
-70.0
-70.0
-63.2469135802
-59.4201646091
-56.5645679012
0
-70.0
-70.0
-70.0
-70.0
-68.4288641637
-68.5269928365
-68.6349702789
-68.7452577351
-68.853254951
-68.9562781155
-69.9211955008
-69.541791191
-69.3294222321
-69.224353449
-69.1871670642
-69.1919496645
-69.2217542358
-69.2655785041
-69.3163537816
-69.3696071554
-69.4225722745
-69.4735989368
-69.5217616363
-69.5666005348
-69.6079505227
-69.6458288314
-69.6803615222
-69.7122432322
-69.7409641505
-62.7668677355
-58.8235142952
-56.8300517546
-56.0729725051
-56.0829592052
-56.5528525851
-57.2830268602
-59.119018235
-60.5833124521
-61.7757785673
-62.7653989508
-63.6003245492
-64.3146024233
-64.9326824003
-65.4724409732
-65.9472147511
-66.3671718595
-66.7402403959
-68.0611791513
-68.9183697661
-69.4687384761
-70.0
-70.0
-70.0
-70.0
-70.0
-69.1315024329
-68.6393538115
-61.3895016494
-57.3266069638
-55.311316587
-54.5917651413
-54.6736421025
-55.2336468759
-57.0567232796
-58.5820116791
-59.8777843296
-60.9926551089
-61.9618224061
-62.8112620376
-57.5267103465
-54.7717556536
0
-70.0
-70.0
-70.0
-70.0
-67.9259259259
-66.750617284
-66.153744856
-65.923829904
-65.0095447645
-65.5687945252
-66.3853845641
-66.9958257687
-60.5431567721
-56.9867834817
-56.0892025272
0
-70.0
-70.0
-70.0
-70.0
-68.9684499314
-61.9984453589
-58.0831611035
-56.1312185134
-55.4223456756
-55.4829437838
-56.0032045225
-56.781920815
0
-70.0
-70.0
-70.0
-70.0
-68.4119737267
-62.1263319096
-58.6174024224
-56.0889955135
-55.7393552214
-56.0049258721
-55.9270670297
-56.0161161567
-57.3381442301
-58.5534229331
-59.6641427238
-60.6751031741
-54.6734364781
0
-70.0
-70.0
-70.0
-70.0
-70.0
-70.0
-70.0
-70.0
-70.0
-70.0
-70.0
-70.0
-70.0
-70.0
-70.0
-70.0
-70.0
-70.0
-70.0
-70.0
-70.0
-70.0
-63.9999921774
-60.5999877445
-57.8733223034
-56.6415456286
-56.3477614361
-56.6265655394
-57.2396291501
-58.0328130115
-58.9076295613
-59.8022651724
-60.6789710334
-61.5156955155
-62.3005403543
-63.0280959124
-63.6970260502
-64.3084832645
-64.8650748176
-64.3724775805
-64.2645033189
-64.3909019846
-64.6537111179
-64.1871370915
-64.1009547726
-64.2458802221
-63.8209357808
-63.7719379233
-56.9503260879
-54.2923305161
0
-70.0
-70.0
-70.0
-70.0
-69.6520855561
-69.4549340378
-69.3548119923
-69.3162450319
-69.3158966879
-69.3384911253
-69.3740980835
-70.0
-70.0
-70.0
-70.0
-70.0
-63.131486757
-59.2393292527
-58.2041961115
-57.9763096898
-58.7959230693
-58.6611867294
-58.9583053679
-59.5046330387
-60.1822752065
0
-70.0
-70.0
-70.0
-70.0
-69.3909465021
-68.1336076818
-68.2438866027
-68.3685910684
-68.4977940456
-68.6253893637
-68.7477669092
-68.8629345394
-62.0059049172
-58.15815698
-56.2312301709
-55.5340330797
-55.5979137224
-56.1163116505
-56.8901400191
-58.6597451301
-60.0995166924
-61.29339574
-62.2999433106
-63.9630095451
-65.1620823009
-66.0427898777
-66.7031214279
-68.0116854462
-68.8631010089
-69.9674025352
-70.0
-70.0
-70.0
-70.0
-69.295360696
-68.5627317571
-69.0393760924
-69.3573834905
-70.0
-63.4691358025
-58.9
0
-70.0
-70.0
-70.0
-70.0
-69.0294162475
-68.4794187878
-67.2391247947
-66.5869775723
-65.7539010976
-65.3955918428
-65.3340865619
-65.4527138413
-65.6754664142
-58.9772474892
-55.3257412179
0
-70.0
-70.0
-70.0
-70.0
-68.584885246
-66.7881251164
-65.4837982015
-64.8517421125
-64.6441170553
-64.6980714525
-64.9071750424
-65.2023980283
-64.6272433807
-64.4612424795
-64.5462671894
-64.7790731091
-65.0927875572
-65.4445899742
-65.8075184253
-65.2235525452
-65.0323879323
-65.0832762335
-65.2777000064
-66.5514635413
-67.4306728775
-67.1316342119
-67.0478232054
-67.0959424947
-66.5179122814
-66.2871637441
-59.2725305887
-54.7176293055
0
-70.0
-70.0
-70.0
-70.0
-69.5059403479
-62.4991023079
-55.250714516
0
-70.0
-70.0
-70.0
-70.0
-63.2085048011
-58.4185185185
-55.9305761317
-54.9067914952
-54.7956276635
-54.4332726398
0
-70.0
-70.0
-70.0
-70.0
-69.633744856
-68.7224965706
-68.4405532693
-68.6567021795
-68.8311681197
-68.9748087465
-69.0951661643
-69.1975417429
-69.2857156986
-69.3624295487
-69.410200986
-69.4585238155
-68.9500111638
-68.6799032007
-68.5618416495
-68.5389433304
-68.5739062279
-68.6424204255
-68.7287815966
-68.822972246
-68.9187208941
-69.0122127198
-69.1012340579
-62.1846878633
-59.2918450637
-57.9130778818
0
-70.0
-70.0
-70.0
-70.0
-69.1362658709
-62.2613569974
-58.3943664401
-56.4610265577
0
-70.0
-70.0
-70.0
-70.0
-69.0781893004
-68.555829904
-67.7349977138
-67.3179984758
-60.339285048
-56.474080823
-54.6058222606
0
-70.0
-70.0
-70.0
-70.0
-62.9903658167
-56.6849064462
0
-70.0
-70.0
-70.0
-70.0
-67.9253620597
-67.7494331649
-66.7193458154
-66.7662041008
-66.9021122687
-67.0869200938
-67.2949074524
-67.5098696192
-67.7218512652
-68.8371870488
-69.5451489507
-69.9850877935
-70.0
-63.6551056467
-60.0596655132
-58.233745916
-57.5304026271
-57.5240498996
-57.9361032664
0
-70.0
-70.0
-70.0
-70.0
-69.0857629899
-68.5676953508
-68.3045982556
-69.2009697318
-69.7654269597
-69.1119379988
-68.7494466889
-68.5736370134
-67.8119929372
-67.4279400603
-60.2992292733
-56.3453618253
0
-70.0
-70.0
-70.0
-70.0
-69.3251028807
-62.5572016461
-57.832345679
-55.4030205761
0
-70.0
-70.0
-70.0
-70.0
-62.8798737771
-58.8451355842
-56.7961214823
-56.0068423051
-56.9974297303
-58.0252011944
-59.0410240331
-60.7195206389
-55.3090970106
0
-70.0
-70.0
-70.0
-70.0
-69.3251028807
-68.9426611797
-69.5509099223
-68.9893565005
-68.6861125641
-68.5479624502
-68.5134736334
-68.5423312223
-69.5204432397
-70.0
-70.0
-70.0
-70.0
-70.0
-63.4328834245
-59.7115173651
-57.8216471505
-57.0936701168
-57.0870948927
-57.5135799285
-58.1856849523
-58.9827584682
-59.8282439621
-60.6745937931
-61.4932505652
-61.2681366002
-61.4241303345
-61.8035888972
-63.3029552995
-64.4258099642
-65.2853290975
-65.0459877695
-58.0722531901
-54.2856040028
0
-70.0
-70.0
-70.0
-70.0
-62.0115610199
-55.1514455979
0
-70.0
-70.0
-70.0
-70.0
-69.3276085096
-68.9465866651
-67.7790996311
-67.1526374229
-66.871672184
-66.8073706345
-66.8752106836
-67.020074357
-67.2063234158
-67.4111954038
-67.6204120832
-67.8252616881
-68.0206627281
-68.2038812611
-68.3736830056
-68.5297746187
-68.6724370993
-61.8029104179
-56.9559531673
-54.482580378
-54.5158038217
-55.0518777605
0
-70.0
-70.0
-70.0
-70.0
-68.9135802469
-61.9124828532
-55.6480749886
0
-70.0
-70.0
-70.0
-70.0
-70.0
-70.0
-69.1713153483
-68.701727379
-68.4632503514
-68.3713891232
-69.2827679202
-69.8535029345
-70.0
-63.2377686328
-59.4058375248
-57.4598176091
0
-70.0
-70.0
-70.0
-70.0
-69.2734365063
-62.4762576597
-58.648741763
0
-70.0
-70.0
-70.0
-70.0
-68.4192299804
-67.5234603026
-67.0685498192
-66.8933185351
-66.8917358135
-67.9933800276
-61.802181028
-58.3607222607
-57.3875266286
-57.2240250284
-57.5517899007
-58.1633891607
-58.9249024114
-59.7509802814
-60.588260994
-61.4043540551
-62.1805314233
-62.9068867967
-62.5795882206
-63.6189951142
-64.4553394133
-65.1419680123
-65.7158795713
-66.203030521
-59.6266232165
-56.0265580599
-54.3323003639
0
-70.0
-70.0
-70.0
-70.0
-70.0
-70.0
-70.0
-70.0
-70.0
-70.0
-70.0
-70.0
-70.0
-70.0
-70.0
-70.0
-70.0
-69.0830550188
-68.5634528628
-68.2995764738
-68.1979314246
-69.1796718176
-69.7960603262
-69.8160384712
-69.5008240759
-69.3283346362
-69.2472298178
-69.2236592661
-62.2354497181
-58.3013423321
-56.330833156
-55.6041665452
0
-70.0
-70.0
-70.0
-70.0
-69.5174955138
-62.8586167713
-59.1013356334
-57.2102557629
-56.5019326485
-56.5268743583
-56.9909435722
-57.7030203148
-58.5401656832
-59.4244473815
-60.307534821
-61.1604694574
-61.9668812573
-62.718498962
-63.4121862861
-64.047992471
-64.627876433
-64.1548828108
-64.0659238771
-57.2150875307
0
-70.0
-70.0
-70.0
-70.0
-68.3313519281
-67.3857846873
-66.9055848533
-66.7206121244
-66.7189414163
-60.100436707
-57.4203008823
-56.2315426913
-56.5327919093
-57.1624483764
-57.9681606441
-58.8526493166
-59.7549208763
-60.6377864495
-61.4795795784
-62.2686694699
-62.9998344224
-63.6718722465
-64.2860325327
-57.8689726985
-54.4231043746
0
-70.0
-70.0
-70.0
-70.0
-69.6890717878
-69.5128791343
-68.5111923995
-67.9598072787
-60.7779097699
-56.7761742722
-54.0134580288
0
-70.0
-70.0
-70.0
-70.0
-69.6413630669
-69.4381354715
-69.3349277318
-69.2951721636
-69.2948130839
-69.3181038667
-69.3623150683
-69.4100979536
-69.4584310864
-69.5054832631
-69.5501984604
-70.0
-70.0
-70.0
-70.0
-70.0
-70.0
-70.0
-70.0
-70.0
-70.0
-70.0
-70.0
-63.4434294852
-60.4317432305
-58.9436733701
-58.4193756748
-58.4908178684
0
-70.0
-70.0
-70.0
-70.0
-69.3744679958
-69.01999986
-67.8399934726
-66.8706565243
-66.3933658046
-66.6326385147
-66.8884475236
-67.1456513449
-67.3951185928
-67.6316283218
-67.8524798818
-68.0565748217
-61.2509173395
-55.1258256056
0
-70.0
-70.0
-70.0
-70.0
-64.3506748632
-61.1493906191
-58.9680848297
0
-70.0
-70.0
-70.0
-70.0
-68.9910744447
-68.4193499634
-68.1290036091
-61.2902914391
-57.4773877558
-55.6070659539
-54.964637341
-55.0803589286
-55.6471132502
0
-70.0
-70.0
-70.0
-70.0
-68.3209899721
-67.3695509564
-67.8863681515
-61.6766065078
-58.2281959714
-56.5515431171
-55.9938333006
-56.9943923913
-58.0282480993
-59.0476199208
-60.0243223497
-59.9462918827
-60.2345972065
-60.7330938272
-61.341088672
-61.9945159565
-63.6274095005
-64.8195653101
-64.7660676157
-64.9084334119
-65.1635717759
-65.4778690684
-65.8171851416
-66.1602019475
-66.4940052995
-66.8111538007
-67.1077377747
-67.3820968999
-66.6513173417
-66.324472362
-66.2508829621
-66.3316998901
-66.5024667173
-60.7205328027
-57.5606880273
-55.1379525579
-54.1797128576
-54.934581078
-55.889682641
-57.4886430463
-58.8650645213
-59.1498734174
-59.6824296412
-60.3458823874
-54.1466850952
0
-70.0
-70.0
-70.0
-70.0
-63.1715185693
-59.3020457586
-57.3369605469
-56.580010735
-56.5731738233
-56.0200580363
0
-70.0
-70.0
-70.0
-70.0
-68.9926814635
-69.4203451873
-69.6962652486
-69.8719417772
-62.1810438957
-58.6296061728
-56.8777566667
-56.2640550741
-56.3536989494
-56.8623619763
-57.6054810598
-58.4645031413
0
-70.0
-70.0
-70.0
-70.0
-69.2705819335
-68.8572450292
-68.6473347189
-68.5664773755
-68.5657470569
-67.6137939367
-67.1221622667
-67.3559946136
-67.2510942013
-60.3037625589
-56.4585714882
-54.6028377962
-54.0026363211
-54.175760892
-54.8071102715
-55.6923495568
-56.7004148094
-57.7485734673
-58.7858495465
-60.7743128625
-62.2749137567
-63.432777168
-64.3464026425
-65.0830311724
-65.6889072513
-66.1961359903
-66.6272687006
-66.9983727035
-66.3213900771
-66.037820832
-66.988190904
-67.6588065837
-68.139215772
-60.6215904911
-56.4236289729
-55.22571052
-54.9994357643
-55.3636897188
-56.0701191008
-57.7607752291
0
-70.0
-70.0
-70.0
-70.0
-68.0060100745
-66.87608245
-65.3056819478
-64.5199189148
-57.0852685532
0
-70.0
-70.0
-70.0
-70.0
-68.3869819724
-67.4729384235
-67.00874768
-60.0120277087
-56.1469281356
-54.2896374539
0
-70.0
-70.0
-70.0
-70.0
-69.1983155233
-62.3585681195
-58.5094340733
-56.5829725098
-55.8743298213
0
-70.0
-70.0
-70.0
-70.0
-63.6664661809
-60.0774636834
-57.2549025002
-55.9862023737
-55.6921088853
-55.9925824961
-56.6397805793
-57.4734400767
0
-70.0
-70.0
-70.0
-70.0
-65.3251978008
-62.6761432212
-61.3308390328
-60.812628552
-60.8079479784
-61.1115413683
-61.5899793567
-61.1580528106
-61.1936284559
-61.5085195613
-61.9805035724
-62.5310105267
-63.1102810151
-63.6875006076
-64.2442490095
-64.770156417
-65.2600289809
-65.7119515532
-66.1260400449
-65.511332485
-65.2921301995
-65.3175378216
-65.4888644675
-65.7420316394
-66.0358642213
-66.3443016297
-66.6512206871
-66.9469980986
-60.2262860341
-56.5196492609
-54.7450122216
-54.1887295906
0
-70.0
-70.0
-70.0
-70.0
-68.7818930041
-68.0916323731
-67.7410882487
-67.6060588325
-67.6048392217
-67.6839461478
-67.8086120985
-67.9564579323
-68.1132835016
-68.270269393
-68.419264042
-68.56135203
-68.6945597551
-68.1142953613
-60.8337300227
-56.7709331521
-54.7742239247
-54.0837242574
-54.1999669818
-55.7703680888
-57.1869298168
-58.463969193
0
-70.0
-70.0
-70.0
-70.0
-69.7414304797
-69.5949077515
-69.5204971896
-68.4928492386
-67.9264988268
-68.5680137902
-69.000655642
-69.2935522316
-69.4928384444
-69.6293155572
-69.723557973
-69.7893181567
-69.835796995
-69.8691577315
-68.9050966023
-68.3631567047
-68.0925542093
-67.9937742385
-68.001380448
-61.0729806478
-57.2135080794
-56.3225184969
0
-70.0
-70.0
-70.0
-70.0
-68.5226337449
-67.6854595336
-67.2603063557
-67.0965375705
-67.0950583803
-67.1910022536
-67.3422018357
-67.5215148571
-67.7117188414
-67.9021172706
-68.0862857524
-68.2605773165
-68.423133011
-68.5732286607
-68.7108450951
-68.836386786
-68.9504989076
-69.0539495503
-69.1475549509
-68.2325841193
-67.4091821496
-67.0015015629
-66.8568431587
-66.8748200109
-66.9897787886
-67.1590947622
-60.3554055247
-56.5946784648
0
-70.0
-70.0
-70.0
-70.0
-68.4855973946
-67.6274359182
-68.1916241965
-68.5904163569
-68.8766777746
-68.1032202294
-67.7023716945
-60.0638217679
-55.811897753
0
-70.0
-70.0
-70.0
-70.0
-69.5394860389
-69.2785281276
-69.1460024433
-69.0949536179
-69.0944925354
-69.124399468
-69.171530312
-69.2274244747
-69.2867134898
-69.3460631159
-70.0
-70.0
-70.0
-69.664561566
-69.1411464535
-68.8557258375
-68.72261594
-68.6853294701
-61.7070571541
-57.7965251927
-55.8569885094
-55.1647002158
-55.2438372325
-55.7831915347
-56.5806977316
-57.5065115253
-58.4784494173
-59.4456638387
-60.3778036968
-61.2578274885
-62.0772475139
-62.8329912787
-63.5253378282
-64.1565678304
-64.730086904
-65.249862118
-65.7200651758
-66.1448515047
-66.5282282518
-65.8740196272
-65.6190271315
-65.612064063
-65.7541507531
-65.9809310755
-59.2511530429
-54.6593726172
0
-70.0
-70.0
-70.0
-70.0
-67.8381345664
-66.6130774873
-65.990940657
-65.7512938702
-65.7491293358
-65.889526304
-65.1184876214
-64.8185814911
-64.2557962077
-64.1095984974
-64.2182265879
-64.4761292227
-64.8149998294
-65.1911555325
-64.6649352651
-64.1937052625
-64.1045104189
-64.2475098321
-57.5264625527
0
-70.0
-70.0
-70.0
-70.0
-66.5925925926
-64.6617283951
-63.6811522634
-63.3034348423
-63.3000232282
-63.5213088188
-57.143165642
0
-70.0
-70.0
-70.0
-70.0
-69.2537722908
-68.8309099223
-68.6161621704
-68.5334414469
-69.532694298
-70.0
-70.0
-70.0
-70.0
-70.0
-70.0
-70.0
-63.0575127042
-58.1241132095
-55.5599364056
-54.5027657764
-54.3850378731
-54.8348998686
-55.6103204036
-57.5518032238
-59.1316328085
-59.4808279079
-60.0409840374
0
-70.0
-70.0
-70.0
-70.0
-69.6863283036
-69.508581009
-62.8280069095
-59.0587288862
-57.1618711093
-56.4516940729
-56.4771980486
-56.9432604991
-57.6581226194
-58.4984358042
-59.3860091884
0
-70.0
-70.0
-70.0
-70.0
-66.8898147433
-65.1273764312
-65.2318831366
-65.7868577219
-66.2602805491
-66.6689915604
-60.298380878
-54.4660684393
0
-70.0
-70.0
-70.0
-70.0
-63.0173410721
-59.0605010129
-57.0510469437
-57.2718680396
-56.8286318529
0
-70.0
-70.0
-70.0
-70.0
-68.70781893
-67.9755829904
-67.6037219936
-67.4604813291
-66.5908747955
-67.1437299399
-67.5706520285
-67.2040798437
-67.0773338714
-60.3696004842
-54.3326404358
0
-70.0
-70.0
-70.0
-70.0
-62.5308641975
-55.9650205761
0
-70.0
-70.0
-70.0
-70.0
-69.7187928669
-69.5594421582
-69.4785169944
-62.629430727
-58.7656646091
-55.9096742798
-54.6657576063
0
-70.0
-70.0
-70.0
-70.0
-68.8256212825
-68.1601400093
-67.8221799117
-67.6919978561
-67.6908220275
-67.7670891294
-67.887279753
-61.0404752072
-57.2310433062
-55.3710160553
0
-70.0
-70.0
-70.0
-70.0
-63.0658436214
-59.1364883402
-58.0532007316
-57.8014548087
-57.0830377229
-57.0825528807
-58.3153126818
-59.777791473
-60.996019032
-61.1587755091
-54.6725275879
0
-70.0
-70.0
-70.0
