-70.0
-70.0
-70.0
-70.0
-70.0
-70.0
-70.0
-70.0
-69.1316872428
-68.6396433471
-69.3312345679
-69.7684814815
-70.0
-70.0
-70.0
-70.0
-70.0
-70.0
-70.0
-70.0
-70.0
-69.1316872428
-68.6396433471
-61.3897622314
-57.3268414876
-55.3115276584
-54.5919551056
-54.6738130704
-55.2338007469
-55.1010184369
-55.5179817697
-56.2508937104
-57.1489444178
-58.1161433616
-60.091914643
-61.6076469238
-62.7968313948
-63.7504476976
-56.572933792
0
-70.0
-70.0
-70.0
-70.0
-69.3150095683
-68.9268483237
-67.7687417418
-67.1482530679
-66.8710180947
-66.8089765076
-66.878119005
-67.0236672034
-67.2102072156
-67.4151243157
-67.6242370986
-67.8288968651
-68.0240628294
-68.2070269804
-68.3765712383
-68.5324120851
-68.6748361903
-69.8044451795
-70.0
-70.0
-70.0
-70.0
-63.1313865141
-59.2391722055
-57.2625378801
-57.4621209132
-57.999800036
-58.7224141751
-59.5319021861
-61.1690007223
-55.7187555828
0
-70.0
-70.0
-70.0
-70.0
-65.0955647005
-62.3163846975
-60.9049972057
-54.7440475199
0
-70.0
-70.0
-70.0
-70.0
-62.9938150922
-59.0236436445
-54.1178537926
0
-70.0
-70.0
-70.0
-70.0
-63.0874907665
-59.1704022009
-58.1421172125
0
-70.0
-70.0
-70.0
-70.0
-69.1659690616
-68.6933515299
-68.4533359599
-68.3608820859
-61.5421330894
-55.3994792552
0
-70.0
-70.0
-70.0
-70.0
-68.1738544654
-67.1390386625
-66.6135145586
-66.4110829444
-66.4092545443
-66.5278490195
-66.7147440706
-66.9363896323
-67.1714973148
-67.4068453472
-67.6344926551
-59.8710551235
-55.2172907672
0
-70.0
-70.0
-70.0
-70.0
-66.8010980805
-64.9883869927
-64.067814107
-63.7132099053
-63.7100070541
-58.3274453288
-55.8203267826
-54.7887114288
-54.6767851689
-55.1204032407
0
-70.0
-70.0
-70.0
-70.0
-69.1040011095
-68.5962684049
-68.3384198353
-67.2391561022
-66.6716259923
-66.4420537266
-67.4206249181
-68.0937468023
-68.5611617061
-68.8895719249
-69.1236323253
-69.2932808214
-69.418627225
-69.5132141596
-62.589350166
-58.682053431
-56.7149402756
-55.9775077065
-56.0024645749
0
-70.0
-70.0
-70.0
-70.0
-67.9264020796
-66.7513632581
-66.1546278566
-65.9247656871
-65.9226895292
-66.0573541835
-66.2695745032
-66.5212542117
-66.7882202297
-61.1093929916
-58.3317835491
0
-70.0
-70.0
-70.0
-70.0
-62.890260631
-58.8614083219
-56.8153833257
-56.0272555505
-56.041813946
-56.5158218519
-57.2496992003
-58.115035636
-59.832872112
-61.2024782606
-62.3174926743
-63.2425849001
-64.0228874056
-64.6903059954
-65.2677469494
-59.7294112345
-56.7487627644
-55.4020815902
0
-70.0
-70.0
-70.0
-70.0
-68.8209114464
-68.1527612661
-67.8134457823
-60.9558707288
-57.1427966724
-55.2835256829
0
-70.0
-70.0
-70.0
-70.0
-63.3127572016
-59.5233196159
-57.5988797439
-57.7258992532
-57.2372599451
-57.591723251
-58.2180104595
-58.9865157693
-60.5184387999
-61.7536446583
-62.7696466847
-63.6202596777
-64.3432854843
-64.9656581187
-65.5068930954
-64.9987458415
-64.8605659611
-64.9489725009
-65.170384008
-65.464218112
-65.791711304
-66.2111367732
-66.2557541623
-66.4073327903
-66.6180355408
-66.153485636
-66.0029728386
-66.0458993989
-66.2034586884
-66.4245456392
-66.6763796217
-66.9382673571
-67.1974577532
-67.4463900657
-67.6808697843
-66.9162034859
-66.5601969241
-66.4612530895
-66.519845019
-66.6710053428
-66.8726680257
-67.0979100345
-67.329791572
-67.5579274421
-67.7762113828
-67.9813080344
-68.1716557576
-68.3468091995
-68.5070076248
-68.6528930924
-68.7853279365
-68.9052779118
-69.0137386333
-69.111690445
-69.2000718506
-69.2800646641
-69.3520581967
-69.4168523764
-68.7714634346
-68.4251812884
-68.2699059577
-68.2344105607
-68.2719663038
-61.352100873
-57.4884449187
0
-70.0
-70.0
-70.0
-70.0
-69.0540210484
-68.5179663092
-68.2457345887
-68.1408710701
-68.1399239233
-61.3834442352
-55.2834416145
0
-70.0
-70.0
-70.0
-70.0
-69.3888256178
-69.0424934679
-68.8666110624
-68.7988612503
-68.7982493214
-68.83794052
-68.9004905551
-68.974473882
-62.0770264938
-55.3137682889
0
-70.0
-70.0
-70.0
-70.0
-66.2612406645
-64.1426103744
-63.0666785212
-62.6522301253
-63.6407794035
-64.4458829904
-64.1726100396
-64.2028926012
-64.4142990514
-64.0236292495
-64.9006482314
-65.5968380129
-66.161323948
-66.6279713775
-60.833486997
-57.6623468021
-56.7264733473
-56.6074001628
-56.9823762467
-57.6412826889
-58.4485837978
-59.31801167
-60.1957346709
-61.0491773158
-54.9809943682
0
-70.0
-70.0
-70.0
-70.0
-68.9444405766
-68.3462902366
-68.0425236914
-67.9255129746
-67.924456112
-67.9930067907
-69.1007362429
-69.7953493728
-70.0
-70.0
-70.0
-69.1245825282
-61.6332491039
-57.4173407459
-55.3072177062
0
-70.0
-70.0
-70.0
-70.0
-69.8914799573
-69.8299852665
-69.7987556097
-70.0
-70.0
-62.6666666667
-56.1777777778
0
-70.0
-70.0
-70.0
-70.0
-67.8332571254
-66.6054361632
-65.9818957137
-65.7417082536
-65.7395388357
-65.8802525572
-67.0985802174
-67.9262908063
-68.4920407994
-68.881756102
-69.1528600801
-70.0
-70.0
-70.0
-70.0
-70.0
-70.0
-69.0856863946
-68.5675753515
-68.3044562139
-68.2031028576
-68.2021874152
-68.261565236
-68.3551397539
-68.4661131395
-68.5838267329
-68.7016606645
-68.8156390013
-68.9235047033
-69.0241073011
-69.1169986164
-69.202166785
-68.282145785
-67.7873949921
-67.5642980166
-67.5116298975
-67.5629746961
-60.6750163851
-56.8530741857
0
-70.0
-70.0
-70.0
-70.0
-70.0
-70.0
-70.0
-70.0
-70.0
-70.0
-70.0
-70.0
-70.0
-70.0
-70.0
-70.0
-70.0
-70.0
-70.0
-70.0
-70.0
-70.0
-70.0
-69.0047224087
-68.4407317737
-68.1543130002
-68.0439846361
-68.0429881298
-68.107623955
-68.2094846516
-69.3299841859
-70.0
-70.0
-63.4271029145
-60.4061649365
-58.9133966517
-58.3872891259
-58.4587149728
-58.8862799819
-59.5132763212
-60.2390315808
-60.9998503506
-61.7563466007
-63.4590205026
-64.6986574936
-65.6191511051
-67.0211792722
-66.9617495999
-67.0273668099
-67.1658249088
-67.3433722713
-60.5431914227
-56.7783098662
-54.9601039367
-54.3705102478
-54.5377370262
-56.1361403292
-57.5573109666
0
-70.0
-70.0
-70.0
-70.0
-70.0
-70.0
-70.0
-70.0
-70.0
-70.0
-70.0
-70.0
-70.0
-70.0
-69.6506810588
-69.4527336589
-69.3522074302
-69.3134847787
-69.3131350285
-69.3358206774
-69.3715713776
-69.4139694184
-69.4589425956
-69.5039617487
-69.547507849
-69.5925722542
-69.6331918221
-69.6697905022
-69.7027566934
-69.7324445184
-69.7591757295
-69.7832419318
-69.8049069221
-69.8244090189
-69.8419633097
-69.8577637738
-69.8719852599
-70.0
-70.0
-63.4410189571
-57.3909296994
-54.1811784881
0
-70.0
-70.0
-70.0
-70.0
-69.6075142285
-63.6466737008
-59.2820063308
-57.0204723643
-56.0962029057
-56.0051011336
-56.4169366993
-57.1168068154
-57.9661686578
-58.8769134747
-59.7941299157
-60.6846554498
-61.5294822552
-63.3110215833
-57.638878745
-54.6476304172
0
-70.0
-70.0
-70.0
-70.0
-69.6288737051
-69.4185688046
-68.3119673899
-67.3709409615
-67.8862530591
-68.265898549
-68.5514892246
-68.7711273225
-68.9438726038
-69.0827240192
-69.1966107344
-68.330740848
-67.8668608879
-67.659637549
-67.6133156273
-67.66507862
-67.7739671283
-67.913501329
-67.1252994686
-66.7482017034
-66.6303363209
-66.671939214
-66.8078363094
-66.9957800229
-67.208686917
-67.4294748229
-66.6866501813
-66.3514003903
-66.2718705027
-66.3484235533
-66.5160745986
-66.7327960725
-59.971736704
-56.2493765261
-54.4743145352
0
-70.0
-70.0
-70.0
-70.0
-67.7283955196
-66.4411529807
-65.7874356913
-66.5356239923
-67.1000161732
-66.5613299041
-67.0564441829
-67.7849646108
-68.2959113805
-68.6592823963
-68.9219955925
-69.9180261263
-63.5343625169
-59.9196856007
-58.0868899309
-56.401657728
-55.8437964819
-55.9809531849
-56.5305487672
-57.3092878243
0
-70.0
-70.0
-70.0
-70.0
-69.1925350133
-68.7349715208
-68.5026010413
-68.4130920522
-69.3862712955
-69.990636465
-70.0
-70.0
-70.0
-69.9760215883
-69.6291004883
-69.4333111453
-62.3418318827
-58.3422165956
-56.3310402036
-55.5799663615
-55.6099898443
-55.1661986026
0
-70.0
-70.0
-70.0
-70.0
-67.4677640604
-66.0328303612
-65.3041091297
-65.0234060865
-65.0208707243
-58.5950141271
-55.1196663646
0
-70.0
-70.0
-70.0
-70.0
-65.1409407002
-62.3874737637
-60.9891444763
-60.4505087547
-60.4456436965
-61.7605265656
-62.8241054015
-63.7014491897
-64.1492182066
-57.734296386
-54.2942000807
0
-70.0
-70.0
-70.0
-70.0
-66.6316110349
-63.9203881522
-63.4789666209
-57.3532921811
-54.0994444444
0
-70.0
-70.0
-70.0
-70.0
-69.2497078697
-68.8245423293
-68.6086249273
-68.5254536553
-68.5247024368
-68.5734282912
-68.6502161941
-68.7412817294
-67.8388932855
-67.3694971096
-67.1755428338
-66.4496151368
-66.1324046807
-66.070998251
-66.1651211182
-66.3494241345
-65.7133790493
-65.4746393632
-65.4822409061
-65.6373938017
-66.8758463424
-67.7230563221
-68.3072804325
-68.7142388843
-68.0402911016
-67.7012460619
-67.0188886138
-66.7088445245
-66.6325232534
-66.6989797157
-66.8488876025
-67.0438694145
-67.2593961879
-67.4800657123
-67.6964652366
-67.9030894432
-61.0969614078
-57.3100525397
-55.4609054674
-54.8360537085
-54.9666075296
-55.5460529045
-56.375518366
-58.3272579259
-60.2207263977
-61.6827832675
-63.3928135027
-64.6390711937
-59.1750304171
-56.2574382706
-54.9649683737
-54.6906541564
-55.0363771542
-55.742598381
-56.6415778378
-56.6262540732
-57.0628513453
-57.7560479971
-58.5800977216
-59.4551909656
-60.3317405465
-61.1799456101
-55.006848873
0
-70.0
-70.0
-70.0
-70.0
-68.2170839911
-67.2067649194
-66.6936813125
-66.4960417712
-66.494256654
-66.6100436953
-66.7925144635
-67.008913109
-67.2384551927
-67.4682319365
-67.6904902515
-61.9213818232
-58.7292040387
-57.1895905668
-56.6928361314
-55.838367333
-55.7977404763
-56.246773013
-56.9746334346
-57.8455285731
-58.7732147037
-60.6867110288
-62.1452517895
-62.3212196286
-62.6827596777
-63.143591718
-63.6486378849
-64.1633776555
-64.666775596
-65.1465885071
-58.5994142878
-55.05112928
0
-70.0
-70.0
-70.0
-70.0
-67.1817596978
-60.658830934
-57.0564459778
-55.3264668049
-54.7775970743
-54.9556886668
-55.5640206668
-56.4102191779
-57.3595036158
-58.6837574914
0
-70.0
-70.0
-70.0
-70.0
-68.5432098765
-67.7176954733
-60.7081572931
-56.8121624752
-54.9141601687
-54.2782201124
-54.4207154083
-55.0255220722
-55.8875553348
0
-70.0
-70.0
-70.0
-70.0
-65.3315007681
-62.68601787
-60.3435424947
-59.2599391863
-58.9677792285
-58.4565202424
-58.5345475094
-58.9635456192
-59.5888262978
-60.3110338284
-62.0673160632
-62.4732996971
-62.9677798876
-62.9433197834
-62.8305330614
-63.0018432595
-63.3379012697
-63.7616060335
-64.2237753574
-64.6936177731
-65.1524026301
-64.6477877867
-64.5234259545
-64.6313613234
-64.8750771672
-66.1898537764
-67.105724616
-67.7517229659
-68.2142645436
-68.5513140055
-68.8018332158
-68.9920836347
-69.1398310983
-69.2571518731
-62.3523107496
-59.4469875206
-58.3888939992
-57.1425971918
-57.3789547566
-57.9414708036
-58.680931405
-60.205613756
-61.4469027081
-55.6588653865
0
-70.0
-70.0
-70.0
-70.0
-65.9922926534
-63.7212584903
-62.5679293761
-62.9261367308
-57.2986672856
-54.9011189311
0
-70.0
-70.0
-70.0
-70.0
-63.0877023904
-56.8374004116
0
-70.0
-70.0
-70.0
-70.0
-69.3905925496
-69.045261661
-68.8698877392
-67.80233534
-67.2350593892
-66.9868585057
-66.9383760254
-67.0113406697
-68.1545409482
-69.2353097504
-69.9092607066
-69.9112299214
-69.9153704529
-69.9206757566
-69.9265030804
-69.9324493719
-69.9382688344
-69.9438182175
-69.9490205734
-69.9538413012
-69.9582723611
-69.9623219184
-69.9660075888
-69.9693520714
-68.9775185897
-68.4165012143
-68.132674082
-68.0246219998
-68.0256366839
-68.0920576049
-68.1955082373
-68.3177283421
-69.4469356412
-70.0
-70.0
-70.0
-69.1975305828
-68.7427979131
-68.5118650475
-68.4229098266
-68.4221063664
-61.4742207819
-57.5896820717
-55.6726361099
-54.0390057715
0
-70.0
-70.0
-70.0
-70.0
-69.0781893004
-62.1703703704
-58.2866666667
-56.3468888889
-55.6381259259
-55.691597284
-56.200626856
-56.966023704
-57.8597276893
-58.8006258242
-60.7269161577
-62.1917931526
-63.3309929111
-64.2368130025
-58.0083789082
0
-70.0
-70.0
-70.0
-70.0
-68.8979999661
-68.2735332803
-61.3660958037
-57.5094301243
-55.6117830458
-54.9528020305
-55.058986687
-56.6197162988
-58.3354968559
-59.7537819616
-60.9462936263
-61.9635908376
-62.8418494698
-63.6074096668
-65.1920406342
-66.3030845269
-60.11691979
-56.7346569548
0
-70.0
-70.0
-70.0
-70.0
-68.7448559671
-68.0336076818
-67.6724051212
-67.5332700808
-67.5320133872
-67.6135255915
-67.741982061
-67.8943232073
-68.0559171215
-68.2176762327
-61.3901280995
-57.5805949495
-54.7165625745
0
-70.0
-70.0
-70.0
-70.0
-65.8893399819
-63.5599659716
-62.3770093664
-61.9213350911
-61.9172193561
-62.1841759367
-62.6048773538
-63.1038022922
-63.6330305122
-64.1627997605
-57.7291860772
-54.2780449979
0
-70.0
-70.0
-70.0
-70.0
-67.5545405963
-66.1687802676
-65.4650313947
-65.1939476912
-65.1914992127
-65.3503134852
-65.6005915992
-65.8974054143
-66.2122468562
-66.5274101595
-65.8322787371
-66.5464165791
-67.0900187317
-67.5131793988
-67.8499698191
-68.123711744
-68.3504998408
-68.5415560376
-61.706909655
-57.8825581702
-56.9658497122
0
-70.0
-70.0
-70.0
-70.0
-69.2741977258
-69.7312225276
-69.0150732972
-68.6182146491
-68.4261589719
-68.3633869332
-68.3802774789
-69.3566110618
-69.9638575095
-70.0
-70.0
-70.0
-70.0
-70.0
-70.0
-70.0
-70.0
-63.0855078369
-59.1672956112
-58.1384399797
-57.9165119349
-58.1861380435
-58.7417091072
-59.4503281085
0
-70.0
-70.0
-70.0
-70.0
-70.0
-70.0
-70.0
-70.0
-70.0
-70.0
-70.0
-69.0045762371
-69.4014843291
-69.6595797067
-69.8257842763
-62.9419712808
-59.0469511074
-57.0750406332
-55.381253991
-54.8522735393
-55.4452354858
-56.2861714708
-57.2478606795
-58.2499455154
-58.4403957639
-58.9399860542
-60.5206158648
-61.7849732222
-62.8174218627
-63.6763103182
-65.2049021833
-65.3404215598
-65.577052467
-65.8664625957
-59.1810509041
-55.5304355256
0
-70.0
-70.0
-70.0
-70.0
-66.8831083789
-65.1168697936
-64.2198976493
-63.8743844411
-63.8712637015
-64.0736824677
-64.3926776451
-63.772000456
-64.6067430343
-65.2873638135
-65.8528241539
-66.330339553
-66.7391708073
-67.0931638664
-67.4024542396
-59.7207364791
-55.4543479402
-54.3533575906
0
-70.0
-70.0
-70.0
-70.0
-69.0231672001
-61.6517146776
-57.5071193416
-56.349
0
-70.0
-70.0
-70.0
-70.0
-68.8696844993
-68.2291723823
-67.9038926993
-67.7785951329
-60.959549486
-57.1694704484
-55.3231073442
-54.7045192369
-54.8432157312
-56.4293761119
-57.8334264699
-59.0814091357
-60.194151764
-61.1886589488
-62.9473873853
-57.318638674
-54.3641014914
0
-70.0
-70.0
-70.0
-70.0
-70.0
-70.0
-70.0
-69.1749055869
-68.7073520861
-68.4699082495
-68.3784450058
-67.575149757
-67.1740009491
-67.0275116327
-60.0458057031
-56.1885886218
-54.3346387524
0
-70.0
-70.0
-70.0
-70.0
-69.7159865234
-69.5550455533
-69.4733127861
-69.4418293663
-69.4415450022
-63.4958680631
-60.1452662976
-58.4633963617
-57.8388278547
0
-70.0
-70.0
-70.0
-70.0
-69.2098369411
-68.7620778744
-61.9443801494
-58.1222821762
-56.2249473197
-56.5283732985
-57.1594831092
-58.5217217809
-59.7216742579
-60.7842566021
-61.7289974553
-62.571542052
-63.324684075
-62.9990800231
-63.0370815911
-63.2919798123
-64.642507123
-65.9647399387
-66.8925882968
-67.5528777018
-68.0306220881
-68.3829146502
-68.6481930325
-68.8524202941
-69.0132093079
-69.1425757393
-70.0
-70.0
-70.0
-70.0
-63.196515905
-59.3412082511
-57.3833167171
-56.6291379061
-57.5833075804
-58.5696991322
-59.5425440923
-60.4748329319
-61.3517118046
-62.1661154014
-62.9158870461
-63.6018871314
-64.2267576115
-64.7941213125
-65.3080688227
-65.7728350348
-66.1926002608
-66.5713727211
-66.9129237732
-67.2207569454
-67.4980982838
-67.7478998108
-61.9731096941
-58.7757986342
-57.2315520438
-56.7306190215
-56.8723719073
-57.395011242
-58.1287611347
-58.9647190325
-59.8341364701
-60.6946490503
-61.5211349634
-62.2996553458
-63.0234457304
-63.6902717702
-64.3006916683
-64.8569205516
-64.3620938634
-63.9197947217
-63.857088746
-64.024228869
-57.3258104145
0
-70.0
-70.0
-70.0
-70.0
-62.3333597348
-57.9889302511
-55.7826415526
-54.9327802817
-54.9251041764
-55.4229950407
-56.2076297246
-57.1381562108
-58.1252002288
-59.1132532987
-60.0689766973
-60.9734448465
-61.8170109079
-62.5959168478
-63.3100631834
-63.9615488787
-58.5643790316
-56.0405978223
-54.9916425026
-54.8625478941
-55.2896728658
-56.0362920867
-56.9497205496
-57.9327869424
-58.9248672133
-59.8892864688
-60.8049618064
-62.6435267522
-63.9918814946
-58.0371325745
-54.8630454699
0
-70.0
-70.0
-70.0
-70.0
-69.3209876543
-69.2695473251
-69.2630315501
-69.2836877
-69.3199584667
-68.4034074201
-67.9066965448
-60.7593739411
-57.720473584
-56.306450917
-55.9144889528
-56.1488288093
-55.809666093
-56.6141590173
-57.209716138
-57.9933932058
-58.8638196729
-59.7572815641
-60.6347826467
-61.473457208
-62.2608800379
-62.0498320647
-62.1882088786
-62.5316280043
-62.9866252129
-64.4856953511
-65.5689475889
-66.3666006786
-66.9663058432
-67.4272520805
-67.7895780868
-68.0806544211
-68.3192784076
-68.5184768526
-68.6873800245
-61.8325580646
-57.9919129531
-56.0877954545
0
-70.0
-70.0
-70.0
-70.0
-68.4121992732
-67.5124455281
-67.0555117634
-66.8795011124
-67.8777776943
-68.5474843869
-68.9977255896
-69.3012794582
-62.5426700817
-58.7360821197
-56.8275932719
-56.1215801875
-56.1605863306
-57.6192915105
-58.9072049015
0
-70.0
-70.0
-70.0
-70.0
-68.8404206676
-68.1833257125
-66.9813117919
-66.3607263798
-66.1096842532
-66.0887361688
-66.2065427792
-67.4002498321
-68.2031324027
-68.7447575317
-69.1115740247
-69.3612781197
-69.532391306
-69.6506461743
-69.7332442227
-69.7916949111
-62.8351122274
-58.8999922097
-56.9089204587
-56.1506467262
-56.1573275958
0
-70.0
-70.0
-70.0
-70.0
-69.0785809902
-68.5564435513
-68.2912796363
-67.1891562337
-66.6215769843
-66.3936435352
-66.3770953479
-66.4879299239
-58.8391545325
-54.6219174799
0
-70.0
-70.0
-70.0
-70.0
-69.5317797224
-69.2664548984
-69.1317115075
-69.0798084226
-69.0793396243
-69.1097470245
-69.1576665638
-69.2144960686
-69.2747772358
-69.3351200283
-69.3934883695
-69.4487264286
-62.5034027007
-58.5860950406
0
-70.0
-70.0
-70.0
-70.0
-65.3333069324
-62.6888475274
-61.3458769668
-60.8285653983
-60.8238929438
-61.1269597064
-61.6045677737
-55.4441094512
0
-70.0
-70.0
-70.0
-70.0
-63.1316871071
-59.2396431345
-57.2630953131
-55.5017301501
-54.9281867139
0
-70.0
-70.0
-70.0
-70.0
-69.0219452952
-68.4677142958
-68.1862518863
-68.0778327111
-67.0884144689
-66.5918163746
-66.4074636388
-66.4166032094
-66.5415335115
-66.731773909
-66.9548590172
-67.1902147815
-67.4640885888
-67.7129432535
-68.4940468328
-68.3092037156
-68.2546577214
-68.2801082008
-68.3527082151
-68.4511779499
-69.4740956972
-70.0
-70.0
-70.0
-70.0
-70.0
-70.0
-70.0
-70.0
-70.0
-70.0
-70.0
-70.0
-70.0
-69.0115600703
-68.1181107769
-67.6447708416
-66.8837189634
-66.5309638711
-66.4349453533
-66.4961693976
-66.6496981775
-66.8534921729
-68.0803514357
-68.8804552789
-69.3978357422
-69.728336162
-62.9356918801
-59.0955822483
-57.1549970609
-56.4188127131
-56.4298083474
-56.8887454496
-57.6011495294
-58.4418869929
-60.3238925579
-61.7756328117
-63.4763780925
-64.7142793245
-66.1887663085
-67.2004996219
-68.4564118448
-69.261412117
-69.7690318765
-70.0
-69.1927943878
-68.7353778742
-68.5030820369
-69.3550741365
-69.8877669251
-70.0
-70.0
-70.0
-70.0
-70.0
-70.0
-70.0
-70.0
-70.0
-70.0
-69.444433628
-68.7962793505
-68.4475108056
-68.2899993185
-68.252492449
-68.288238579
-68.366744971
-68.4682906405
-68.5802750208
-68.694789815
-67.8330179926
-67.3881876327
-67.208349829
-67.1935021525
-67.4741519002
-68.0600700188
-68.809618556
-69.2990270598
-62.6160379341
-59.5560802312
-58.0682362684
-57.5732553485
-57.6904916182
-58.1711503262
-58.85384054
0
-70.0
-70.0
-70.0
-70.0
-69.0882278815
-62.1860974808
-58.3052826576
-56.3666176752
-55.6578647632
-55.7106841905
-56.2186863739
-56.9828648048
-57.8752763699
-58.8148807633
-59.7514807072
-60.6550579833
-61.5087024162
-62.3039323287
-63.0376058653
-63.7098897917
-64.3229304878
-57.8906476278
-54.4349229908
0
-70.0
-70.0
-70.0
-70.0
-69.5903069521
-69.3581475582
-69.2402470033
-62.3162224797
-58.4179336828
-56.465029282
-55.7444523321
-55.7872910844
-56.2867512996
-57.0435357188
-58.9294885011
-60.4300772204
-61.649427878
-62.6593906766
-63.5100553332
-64.2367856161
-64.8649309319
-65.4129870904
-65.8947212158
-66.3206043171
-66.6987807007
-67.0357271742
-67.3367041525
-68.6009286366
-69.4060990392
-69.9089979794
-70.0
-69.9995841777
-69.999348545
-69.9992288806
-69.2954790822
-68.8967132337
-68.6942299502
-68.6162656484
-68.6156115458
-68.661365366
-69.7074265177
-70.0
-70.0
-70.0
-70.0
-63.6551056467
-60.0596655132
-58.233745916
-57.5304026271
-57.5240498996
-57.9361032664
-58.5854651776
-60.3165483761
-54.9511091121
0
-70.0
-70.0
-70.0
-70.0
-69.2464563329
-68.8194482548
-68.6025951329
-68.5190634219
-69.506747928
-70.0
-70.0
-70.0
-70.0
-70.0
-70.0
-62.0585276635
-55.2250266728
0
-70.0
-70.0
-70.0
-70.0
-69.6323731139
-69.4240512117
-69.3182563634
-68.3360319057
-67.8021628343
-67.5551026302
-60.5423145132
-56.6498978259
-54.7594512193
-54.1332015481
-54.286345027
-54.9020196135
-55.7746903783
-56.7724698246
-57.8120551648
-58.8487635842
-59.8424965164
0
-70.0
-70.0
-70.0
-70.0
-68.9391860997
-61.9525986892
-57.1166844485
-54.6445797558
-54.6616032617
-55.1830972565
-55.9898904115
-56.9409699575
-57.9469186865
-58.952257301
-59.9237185597
-60.8424713629
-61.6989739994
-62.489576448
-63.2142853688
-63.8753012091
-57.4920529474
-54.0790355588
0
-70.0
-70.0
-70.0
-70.0
-66.2226733152
-64.0821881938
-62.9951575145
-62.5764338565
-62.5726518664
-62.8179609435
-63.2045476917
-62.7020332598
-62.6437901587
-62.8540512927
-63.2184062634
-63.6630723704
-64.1411029555
-63.71100937
-63.6625862396
-63.8447794868
-64.1592694522
-64.5426544497
-64.9545969665
-65.3699425777
-64.8320128553
-64.6815212601
-64.7685089276
-57.9953617787
-54.3316280968
0
-70.0
-70.0
-70.0
-70.0
-65.3991769547
-58.9031550069
-55.3754366712
0
-70.0
-70.0
-70.0
-70.0
-68.5874543615
-66.7904373204
-59.741023218
0
-70.0
-70.0
-70.0
-70.0
-69.0456739318
-68.5048891599
-68.2302553247
-69.1167591661
-69.6781028321
-70.0
-70.0
-70.0
-70.0
-70.0
-70.0
-70.0
-70.0
-70.0
-69.4412867935
-69.1246826432
-68.9638973982
-68.9019630046
-68.9014036016
-68.0693750826
-67.6345121351
-60.452628772
-56.4617444618
-54.5184890602
0
-70.0
-70.0
-70.0
-70.0
-63.6493251368
-59.0621704009
-56.6744718793
-55.686037037
-55.5701082305
-55.9815473388
-57.6371648957
-59.0426299334
-59.3096822883
-59.826257625
0
-70.0
-70.0
-70.0
-70.0
-69.0781893004
-68.555829904
-61.7002469136
-57.8635555556
-55.1636197531
-54.0382042798
0
-70.0
-70.0
-70.0
-70.0
-69.7709472924
-69.641150758
-69.5752344788
-69.549843562
-61.5971428641
-57.1056176832
-54.8405153185
0
-70.0
-70.0
-70.0
-70.0
-70.0
-70.0
-63.3127572016
-59.5233196159
-57.5988797439
-56.857586496
-55.8769032922
-55.7592632602
-56.1633704656
-56.8670557734
-57.7270317656
-58.6521163021
-59.5854298139
-59.551097924
-59.8787955259
-60.4127875695
-61.0527565434
-61.7349793762
-62.4198137634
-63.0833872703
-63.7120851321
-64.2989010114
-64.8410271719
-58.3396720296
-54.8275365432
0
-70.0
-70.0
-70.0
-70.0
-68.886602652
-68.2556774882
-67.9352664736
-67.8118443157
-67.8107295438
-67.0147236053
-66.6366292554
-65.9663294481
-65.6986052487
-65.6813505541
-65.8149527189
-66.0346155938
-66.298592799
-66.5803593621
-60.8637957624
-57.7383977439
-56.8274345635
-56.7199421698
-57.098115328
-56.7627893919
-57.0028341838
-58.4484126767
-59.7008126833
-60.7955589311
-61.759221382
-55.6930386128
0
-70.0
-70.0
-70.0
-70.0
-69.6076817558
-69.3853680841
-69.2724676116
-62.4110644719
-55.3016452675
0
-70.0
-70.0
-70.0
-70.0
-69.3092290584
-68.9177921914
-68.7190036649
-68.6424304268
-67.659080333
-67.1471009322
-66.9350099274
-66.9099216602
-66.9978713113
-61.1663969373
-55.6286324151
0
-70.0
-70.0
-70.0
-70.0
-69.8221966314
-69.7214413892
-70.0
-70.0
-69.323053735
-68.9394508516
-68.7446407597
-68.6696000127
-68.6689222307
-68.7128848204
-68.7821662136
-67.9228571726
-67.4765098422
-67.2928177825
-66.5691382503
-66.2492925892
-59.1833443733
-55.3043306312
0
-70.0
-70.0
-70.0
-70.0
-62.9741881909
-58.9928948324
-56.9710223229
-55.1999054197
-54.6305717638
-54.8012858448
-55.4103380986
-56.2620915143
-57.2310738465
-58.2380941176
-59.2343698097
-60.1909895646
-61.0919284321
-61.9294274715
-62.7009459795
-63.4071588849
-64.0506479987
-64.6350532003
-65.1645278813
-65.6433950938
-66.0759355849
-66.4662620267
-59.8191847578
0
-70.0
-70.0
-70.0
-70.0
-68.123417188
-60.442762712
-56.1529446027
-54.0406222503
0
-70.0
-70.0
-70.0
-70.0
-70.0
-70.0
-70.0
-70.0
-70.0
-70.0
-62.0877914952
-57.6042066758
-55.327248895
-55.4241536351
0
-70.0
-70.0
-70.0
-70.0
-65.3951125337
-62.7856763027
-61.4604920208
-60.9500317175
-60.945421145
-54.8590145631
0
-70.0
-70.0
-70.0
-70.0
-65.7774770491
-63.3847140436
-62.1695657722
-61.7014912836
-60.6973229509
-60.4049111862
-60.5493004212
-61.9249449866
-63.3528335596
-64.4311389181
-65.2637508359
-65.9211929588
-66.4516184672
-65.9141654515
-65.7278881271
-65.2029699059
-65.0479199764
-58.1246958292
-54.3666048132
0
