-70.0
-70.0
-70.0
-70.0
-70.0
-63.60440625
-59.9802364583
-60.2850475347
-66.6025992627
-70.0
-70.0
-70.0
-65.9309600694
-63.6251707755
-62.4541915066
-62.003130895
-61.9990568316
-56.7130689225
-54.366982993
-54.2546656607
-57.2119023125
-62.6307930378
-70.0
-70.0
-70.0
-70.0
-70.0
-70.0
-70.0
-64.1883208452
-60.8950359909
-59.2225638785
-58.5783284819
-59.5198606031
-63.1268339433
-63.3627189095
-64.9046214491
-62.9961053245
-62.0844588057
-61.8013222675
-61.9047296023
-57.1117224455
-54.6655274032
0
-70.0
-70.0
-70.0
-70.0
-70.0
-70.0
-70.0
-70.0
-70.0
-70.0
-70.0
-70.0
-70.0
-70.0
-70.0
-70.0
-69.0655343111
-70.0
-70.0
-69.9660386469
-70.0
-70.0
-70.0
-70.0
-70.0
-70.0
-70.0
-70.0
-70.0
-70.0
-70.0
-70.0
-70.0
-70.0
-70.0
-70.0
-70.0
-70.0
-70.0
-70.0
-70.0
-70.0
-70.0
-70.0
-70.0
-70.0
-70.0
-70.0
-70.0
-70.0
-70.0
-70.0
-70.0
-70.0
-70.0
-70.0
-70.0
-70.0
-70.0
-70.0
-70.0
-70.0
-70.0
-70.0
-70.0
-70.0
-70.0
-63.8964580643
-60.6373201798
-60.7382295435
-65.1179743172
-70.0
-70.0
-70.0
-70.0
-70.0
-70.0
-70.0
-70.0
-70.0
-64.2288411788
-60.9585178468
-59.2977065861
-58.6579629434
-58.8471889096
-62.7094459207
-68.7842210604
-70.0
-70.0
-70.0
-70.0
-70.0
-70.0
-70.0
-70.0
-70.0
-70.0
-70.0
-70.0
-70.0
-70.0
-70.0
-70.0
-70.0
-70.0
-70.0
-70.0
-70.0
-70.0
-70.0
-70.0
-70.0
-70.0
-70.0
-70.0
-70.0
-70.0
-70.0
-64.4418304924
-61.2922011047
-60.2845818693
-64.3328380007
-70.0
-70.0
-70.0
-70.0
-70.0
-66.5753790918
-64.6347605771
-63.6492307824
-63.2696052128
-63.266176364
-63.4885798425
-63.8390692683
-58.4544208589
-58.7349332538
-63.7400471414
-70.0
-69.6451704824
-69.4441004224
-69.3419883723
-69.3026548632
-69.3022995956
-69.3253431152
-69.3616577898
-69.4047246682
-69.4504073064
-69.4961366457
-70.0
-70.0
-70.0
-70.0
-70.0
-70.0
-70.0
-70.0
-70.0
-70.0
-70.0
-70.0
-70.0
-70.0
-70.0
-70.0
-70.0
-70.0
-68.5249231288
-68.0090133648
-67.7658337276
-67.6943981543
-67.7283902052
-67.8245057622
-67.9546915711
-68.100980004
-62.1399978056
-59.8230698949
-63.0373955742
-68.5228358192
-70.0
-69.3348768267
-69.2749315656
-69.2631333567
-69.2806166529
-69.3150860754
-69.3585981931
-69.406085524
-69.4543750717
-69.5015362979
-70.0
-70.0
-70.0
-70.0
-70.0
-70.0
-70.0
-70.0
-70.0
-70.0
-70.0
-70.0
-70.0
-70.0
-70.0
-70.0
-70.0
-70.0
-70.0
-70.0
-70.0
-70.0
-63.7874183929
-58.1483033989
-57.3402977583
-70.0
-70.0
-70.0
-70.0
-70.0
-70.0
-70.0
-70.0
-70.0
-70.0
-70.0
-70.0
-70.0
-64.1777693156
-62.6438865296
-68.7578253959
-70.0
-70.0
-70.0
-70.0
-70.0
-70.0
-70.0
-70.0
-70.0
-70.0
-70.0
-70.0
-70.0
-70.0
-70.0
-70.0
-70.0
-70.0
-70.0
-70.0
-70.0
-70.0
-70.0
-70.0
-70.0
-64.0116048511
-65.3287747665
-70.0
-70.0
-70.0
-70.0
-70.0
-70.0
-70.0
-70.0
-70.0
-70.0
-70.0
-70.0
-63.8322128096
-60.7434880333
-61.986614577
-68.7363531881
-70.0
-70.0
-70.0
-70.0
-65.6896897756
-63.2471806484
-62.0067691505
-61.52896328
-61.5246476485
-61.8045700145
-62.6439203894
-65.1754552379
-68.6413452608
-66.7762799767
-67.3393567273
-68.9395603208
-70.0
-70.0
-70.0
-70.0
-70.0
-70.0
-70.0
-70.0
-70.0
-70.0
-70.0
-70.0
-70.0
-70.0
-70.0
-70.0
-70.0
-70.0
-70.0
-64.071799466
-60.7124858301
-59.0064814542
-58.3493294469
-58.7567130001
-65.4878729495
-70.0
-70.0
-70.0
-70.0
-70.0
-70.0
-70.0
-64.8288878867
-61.8985910225
-60.4104598699
-59.837232516
-59.8320550198
-60.1678800215
-63.3852730703
-70.0
-70.0
-70.0
-70.0
-70.0
-70.0
-70.0
-70.0
-70.0
-70.0
-70.0
-70.0
-70.0
-70.0
-70.0
-70.0
-70.0
-70.0
-70.0
-70.0
-70.0
-70.0
-70.0
-70.0
-70.0
-70.0
-70.0
-70.0
-70.0
-70.0
-70.0
-70.0
-70.0
-70.0
-70.0
-70.0
-70.0
-70.0
-70.0
-70.0
-70.0
-68.6801708351
-70.0
-70.0
-70.0
-70.0
-70.0
-70.0
-70.0
-70.0
-70.0
-64.4050240505
-61.2345376791
-59.6244279336
-54.5541791877
0
-70.0
-70.0
-70.0
-70.0
-70.0
-70.0
-70.0
-70.0
-70.0
-70.0
-70.0
-70.0
-70.0
-70.0
-70.0
-70.0
-70.0
-70.0
-70.0
-68.5063080527
-67.8273893288
-67.4924584502
-67.3750846414
-67.3921575347
-67.4893293528
-67.6313214653
-67.795472684
-67.967447659
-68.3423843805
-70.0
-70.0
-70.0
-70.0
-70.0
-70.0
-70.0
-70.0
-70.0
-70.0
-70.0
-70.0
-70.0
-70.0
-70.0
-70.0
-70.0
-70.0
-70.0
-70.0
-70.0
-70.0
-70.0
-70.0
-70.0
-70.0
-64.1624199533
-60.8544579268
-59.1745321133
-58.5274255548
-62.7151305425
-70.0
-70.0
-70.0
-70.0
-70.0
-70.0
-70.0
-70.0
-70.0
-70.0
-70.0
-70.0
-70.0
-70.0
-70.0
-70.0
-70.0
-70.0
-70.0
-70.0
-70.0
-70.0
-70.0
-70.0
-64.4224604075
-61.2618546385
-59.6567626891
-59.0384820965
-59.2343739959
-61.4889477646
-69.6598881734
-70.0
-70.0
-70.0
-70.0
-70.0
-70.0
-70.0
-70.0
-70.0
-64.0954147745
-60.7494831467
-59.0502747318
-58.3957405251
-59.6093946579
-62.0497524875
-68.3908021331
-70.0
-70.0
-70.0
-70.0
-70.0
-70.0
-64.3603715719
-61.1645821294
-59.5416223929
-59.3312371164
-60.1381650746
-57.2617148421
-59.7876966888
-65.9201287331
-70.0
-70.0
-70.0
-70.0
-70.0
-70.0
-70.0
-70.0
-70.0
-70.0
-70.0
-70.0
-70.0
-70.0
-70.0
-70.0
-66.4847657257
-62.3914069286
-60.1890114194
-59.1946070666
-58.9581442193
-59.1843283703
-59.6805612486
-60.3222822673
-61.0299054696
-62.3375099026
-70.0
-70.0
-70.0
-70.0
-70.0
-70.0
-70.0
-70.0
-70.0
-70.0
-64.3956947704
-61.219921807
-59.6071273021
-58.985879689
-58.9802684649
-60.5260122272
-65.5417723139
-70.0
-70.0
-70.0
-70.0
-70.0
-70.0
-70.0
-70.0
-70.0
-70.0
-70.0
-63.9269383921
-58.3842753559
-58.4862310535
-68.8244029969
-70.0
-70.0
-70.0
-70.0
-70.0
-70.0
-70.0
-70.0
-70.0
-70.0
-70.0
-70.0
-70.0
-70.0
-70.0
-70.0
-70.0
-70.0
-70.0
-70.0
-70.0
-70.0
-70.0
-70.0
-70.0
-70.0
-70.0
-66.3667635148
-70.0
-70.0
-70.0
-69.876283856
-69.8061780411
-69.7705752842
-69.7568611205
-69.7567372516
-69.7647716886
-69.7774332945
-63.8674960032
-58.42818897
-55.7476220758
-56.4363016667
-65.4795167224
-70.0
-70.0
-70.0
-67.811767855
-66.5717696395
-65.9420450555
-65.69947547
-65.6972845363
-65.8393938249
-66.0633462705
-66.3289395289
-66.6106641663
-67.3078710345
-69.4527553889
-70.0
-70.0
-70.0
-70.0
-68.0376821277
-66.9257020001
-66.3609905236
-66.1434639535
-66.141499213
-66.2689370616
-66.4697685354
-66.7079418018
-66.9605810349
-67.2134785403
-67.4581010922
-69.3079498204
-70.0
-70.0
-70.0
-69.9166614993
-69.8694363489
-69.8454533803
-69.8362151532
-64.7902835251
-61.936381764
-60.492827982
-59.9436014466
-59.9492788106
-60.8966408372
-62.9888556422
-66.8729665231
-64.8002136554
-63.7298881462
-63.2966965692
-63.2602250707
-63.4630013358
-58.3428715
-55.6593645485
-54.5272815593
-54.5587969526
-55.0924129567
-57.1305417555
-66.7494577137
-70.0
-70.0
-70.0
-70.0
-70.0
-70.0
-70.0
-70.0
-70.0
-70.0
-70.0
-70.0
-70.0
-70.0
-70.0
-70.0
-70.0
-70.0
-70.0
-64.7446226453
-61.7665754777
-60.2541946612
-59.6716263492
-59.6663644838
-54.5483652124
0
-70.0
-70.0
-70.0
-70.0
-70.0
-70.0
-70.0
-70.0
-70.0
-70.0
-70.0
-70.0
-70.0
-70.0
-70.0
-70.0
-70.0
-70.0
-70.0
-70.0
-70.0
-70.0
-70.0
-70.0
-70.0
-70.0
-70.0
-70.0
-70.0
-70.0
-70.0
-70.0
-70.0
-70.0
-70.0
-70.0
-70.0
-70.0
-70.0
-70.0
-70.0
-70.0
-70.0
-70.0
-70.0
-70.0
-66.9543273664
-65.2284462074
-64.5484101703
-64.9167704999
-60.269436786
-57.8053886647
-56.7334468365
-56.5325001783
-58.0970927966
-60.2358830067
-64.0450278584
-69.7336204008
-70.0
-70.0
-70.0
-70.0
-70.0
-70.0
-70.0
-70.0
-70.0
-70.0
-70.0
-70.0
-70.0
-70.0
-70.0
-70.0
-70.0
-70.0
-70.0
-70.0
-70.0
-70.0
-70.0
-70.0
-70.0
-70.0
-70.0
-70.0
-70.0
-70.0
-70.0
-70.0
-70.0
-70.0
-70.0
-64.1873695751
-60.8935456677
-55.7343015371
0
-70.0
-70.0
-70.0
-70.0
-70.0
-70.0
-68.7856308503
-68.0974883321
-67.7480198768
-67.6134048077
-67.6121889394
-67.6910531203
-62.1006495608
-59.0097191063
-57.5215035301
-58.4535044863
-69.7104684761
-70.0
-70.0
-70.0
-70.0
-70.0
-67.3016980705
-65.7726603105
-64.9961489775
-64.6970372117
-64.6943355786
-64.8695700794
-65.1457251106
-65.4732272923
-59.807071716
-56.948477381
-56.6797180679
-65.3344862829
-70.0
-70.0
-70.0
-70.0
-70.0
-70.0
-70.0
-70.0
-70.0
-70.0
-70.0
-70.0
-70.0
-70.0
-70.0
-70.0
-70.0
-70.0
-70.0
-70.0
-68.4465426129
-67.5662500936
-63.6464825649
-59.4227757539
-57.2411258089
-56.3574316482
-56.2819674302
-56.6939566517
-57.3846849629
-59.2289074012
-65.108706467
-70.0
-70.0
-70.0
-70.0
-70.0
-70.0
-70.0
-70.0
-64.2019442849
-60.9163793796
-55.7751472349
0
-70.0
-70.0
-70.0
-70.0
-70.0
-70.0
-70.0
-70.0
-70.0
-65.8043727143
-63.4268505857
-62.219442289
-61.7543492347
-61.7501484277
-62.0226229958
-58.7843533794
-58.8014306063
-65.5496608748
-70.0
-70.0
-69.0488738602
-68.509902381
-68.2361894141
-68.1307553201
-63.1227140923
-60.3471322192
-59.0035453547
-58.5639417242
-58.6813814884
-59.1291326306
-59.7601455616
-55.0151620444
-54.9353708224
-58.3710138026
-65.8552530277
-70.0
-70.0
-69.1820668561
-68.718571408
-68.4831884254
-68.3925190218
-68.3917000788
-68.4448187104
-68.5285292657
-68.6278046234
-68.7331096838
-68.8385223973
-69.1393025608
-70.0
-70.0
-70.0
-70.0
-70.0
-70.0
-70.0
-70.0
-70.0
-70.0
-70.0
-70.0
-70.0
-70.0
-70.0
-70.0
-70.0
-70.0
-70.0
-70.0
-70.0
-70.0
-70.0
-70.0
-70.0
-70.0
-70.0
-70.0
-70.0
-70.0
-70.0
-70.0
-70.0
-70.0
-70.0
-70.0
-70.0
-70.0
-70.0
-64.6582087991
-61.6311937853
-60.0939449841
-55.1152143197
0
-70.0
-70.0
-70.0
-70.0
-70.0
-70.0
-70.0
-70.0
-70.0
-70.0
-70.0
-70.0
-70.0
-70.0
-70.0
-70.0
-70.0
-70.0
-70.0
-70.0
-70.0
-70.0
-70.0
-70.0
-70.0
-70.0
-70.0
-70.0
-70.0
-70.0
-70.0
-70.0
-70.0
-70.0
-70.0
-70.0
-70.0
-70.0
-70.0
-70.0
-70.0
-70.0
-70.0
-70.0
-70.0
-70.0
-70.0
-70.0
-70.0
-70.0
-70.0
-64.1123953306
-62.2148564349
-65.4647906416
-70.0
-70.0
-70.0
-70.0
-70.0
-70.0
-70.0
-64.4206939686
-61.2590872175
-59.6534869262
-59.0350105206
-59.0294243265
-62.2712157799
-69.8104624461
-70.0
-70.0
-70.0
-70.0
-65.3056139656
-62.6454618794
-61.2945218984
-60.7741405132
-60.7694403316
-61.074305545
-61.7632478215
-64.9538680433
-70.0
-70.0
-70.0
-68.3586104485
-67.5984038229
-67.2223330535
-67.0892794901
-67.1064713691
-67.2132374508
-67.3701891848
-61.6958949527
-56.4947292067
-57.3412972677
-64.0352727449
-70.0
-70.0
-70.0
-70.0
-70.0
-70.0
-70.0
-70.0
-70.0
-70.0
-70.0
-64.1467266136
-62.2547821581
-67.5748763278
-70.0
-70.0
-70.0
-70.0
-70.0
-70.0
-70.0
-70.0
-70.0
-70.0
-70.0
-70.0
-63.9838759675
-60.5747390157
-61.7438383345
-70.0
-70.0
-70.0
-70.0
-70.0
-70.0
-70.0
-70.0
-70.0
-70.0
-70.0
-70.0
-70.0
-70.0
-64.1191904331
-64.3320281775
-70.0
-70.0
-70.0
-70.0
-70.0
-70.0
-70.0
-64.8642259286
-61.9539539548
-60.4759923054
-59.9066822389
-59.9015401244
-55.2711864255
0
-70.0
-70.0
-70.0
-70.0
-70.0
-70.0
-70.0
-70.0
-70.0
-70.0
-70.0
-70.0
-70.0
-70.0
-64.0074104107
-62.4808409914
-69.2504590082
-70.0
-70.0
-70.0
-70.0
-70.0
-70.0
-70.0
-70.0
-70.0
-70.0
-70.0
-70.0
-70.0
-70.0
-70.0
-70.0
-70.0
-70.0
-70.0
-65.1428582791
-62.3904779706
-60.9927005198
-60.4542773654
-55.4895104849
0
-70.0
-70.0
-70.0
-70.0
-70.0
-70.0
-70.0
-70.0
-70.0
-70.0
-64.6407893581
-61.6039033277
-60.2751822556
-61.8822505314
-65.8018254338
-70.0
-70.0
-70.0
-70.0
-65.2287333756
-62.7297173488
-61.4726504878
-61.6279641211
-63.2639494122
-67.1271689847
-70.0
-70.0
-66.6288708777
-64.718564375
-63.7484283276
-63.3747324215
-63.3713571305
-63.5902867182
-63.9353015803
-64.3444671115
-64.7784841931
-67.7176270095
-70.0
-70.0
-70.0
-70.0
-70.0
-70.0
-70.0
-70.0
-64.6365300303
-61.5972303808
-60.0537429118
-59.4591923333
-59.4538222417
-60.6426705915
-66.431395609
-70.0
-70.0
-70.0
-70.0
-70.0
-70.0
-70.0
-70.0
-70.0
-70.0
-70.0
-70.0
-70.0
-70.0
-70.0
-70.0
-70.0
-70.0
-70.0
-70.0
-70.0
-70.0
-70.0
-70.0
-70.0
-70.0
-70.0
-70.0
-70.0
-70.0
-70.0
-70.0
-70.0
-70.0
-70.0
-70.0
-70.0
-64.8774942322
-61.9747409637
-60.5005976372
-59.9327583867
-59.9276295569
-60.2602979404
-59.5029391939
-64.8718864919
-70.0
-70.0
-70.0
-70.0
-70.0
-70.0
-70.0
-70.0
-70.0
-70.0
-70.0
-70.0
-70.0
-70.0
-70.0
-70.0
-70.0
-70.0
-70.0
-70.0
-70.0
-70.0
-70.0
-64.3787575356
-61.1933868058
-59.5757181411
-58.9525930042
-65.0420804665
-70.0
-70.0
-70.0
-70.0
-66.5697997664
-64.626019634
-60.2171724279
-57.8979583566
0
-70.0
-70.0
-70.0
-70.0
-70.0
-70.0
-70.0
-70.0
-69.9935968306
-69.9899683679
-69.988125678
-69.9874158748
-65.0460954205
-62.2464333006
-60.8250882519
-60.4723695643
-56.2588018985
-57.1526300321
-63.9617298409
-70.0
-70.0
-70.0
-70.0
-70.0
-70.0
-70.0
-70.0
-70.0
-70.0
-70.0
-70.0
-70.0
-70.0
-70.0
-70.0
-70.0
-70.0
-70.0
-70.0
-70.0
-70.0
-65.2622729415
-63.4117098041
-64.1719157457
-66.2826567981
-68.0855351861
-69.4350783056
-70.0
-70.0
-70.0
-70.0
-70.0
-70.0
-70.0
-70.0
-70.0
-70.0
-70.0
-70.0
-70.0
-70.0
-70.0
-70.0
-70.0
-70.0
-64.1571642976
-60.8462240662
-59.1647857919
-54.1880082083
0
-70.0
-70.0
-70.0
-70.0
-70.0
-70.0
-70.0
-70.0
-70.0
-70.0
-70.0
-70.0
-70.0
-70.0
-70.0
-70.0
-70.0
-70.0
-70.0
-70.0
-70.0
-70.0
-70.0
-64.3214415507
-61.1035917628
-59.4694288313
-59.2618829877
-60.5295829259
-62.858012511
-69.3171105648
-70.0
-70.0
-70.0
-70.0
-65.537258143
-63.0083710908
-61.7240931564
-61.2293899572
-61.2249217058
-61.5147433647
-61.971478248
-62.7216354823
-65.0751853259
-70.0
-70.0
-70.0
-70.0
-70.0
-70.0
-70.0
-70.0
-70.0
-70.0
-70.0
-70.0
-64.0100309282
-61.239559551
-61.1189392251
-67.453445289
-70.0
-70.0
-70.0
-70.0
-70.0
-70.0
-70.0
-64.8017052708
-61.8560049242
-60.3600512188
-59.7838106216
-59.7786059092
-60.1161962182
-60.8559580919
-62.8616486919
-70.0
-70.0
-70.0
-70.0
-70.0
-70.0
-70.0
-70.0
-65.2545113292
-62.5654010824
-61.1997548983
-60.6737086912
-60.6689573439
-60.9771412907
-62.2853318501
-66.0562453152
-70.0
-70.0
-70.0
-70.0
-70.0
-70.0
-65.8474223703
-63.4942950467
-62.2992754844
-61.8389545642
-61.8347968599
-62.1044756754
-62.5294671088
-63.0334797319
-65.6547620742
-70.0
-70.0
-70.0
-70.0
-70.0
-67.8041633473
-66.5598559107
-65.9279429184
-65.6845303591
-65.6823318116
-65.824934956
-60.4505156217
-57.5441801671
-56.2155728887
-55.8778894254
-56.7853730989
-65.5667647007
-70.0
-70.0
-70.0
-70.0
-70.0
-70.0
-70.0
-65.2857858391
-62.6143978146
-61.2577517394
-60.7351723697
-60.7304523355
-61.0366052371
-62.7439282113
-69.1028046934
-70.0
-70.0
-70.0
-70.0
-70.0
-70.0
-70.0
-64.7317261741
-61.7463710061
-60.2302788718
-59.6462809621
-59.6410061842
-62.0805128382
-62.8651223434
-70.0
-70.0
-70.0
-70.0
-70.0
-70.0
-70.0
-70.0
-70.0
-70.0
-70.0
-64.1030968519
-60.7615184013
-61.8431948563
-68.674955183
-70.0
-70.0
-70.0
-70.0
-70.0
-70.0
-70.0
-70.0
-70.0
-70.0
-70.0
-70.0
-70.0
-70.0
-70.0
-70.0
-70.0
-70.0
-70.0
-70.0
-70.0
-70.0
-70.0
-70.0
-70.0
-70.0
-70.0
-70.0
-70.0
-70.0
-70.0
-70.0
-70.0
-70.0
-70.0
-70.0
-70.0
-70.0
-70.0
-70.0
-70.0
-70.0
-70.0
-70.0
-70.0
-70.0
-70.0
-70.0
-70.0
-70.0
-70.0
-70.0
-70.0
-70.0
-70.0
-70.0
-70.0
-70.0
-70.0
-70.0
-70.0
-70.0
-70.0
-70.0
-70.0
-70.0
-70.0
-70.0
-70.0
-64.7630896877
-61.7955071774
-60.2884407653
-59.7079195592
-59.9254391447
-61.0367301087
-64.1062858606
-70.0
-70.0
-70.0
-70.0
-70.0
-70.0
-70.0
-70.0
-70.0
-70.0
-70.0
-70.0
-70.0
-70.0
-70.0
-70.0
-70.0
-70.0
-70.0
-70.0
-70.0
-70.0
-70.0
-70.0
-70.0
-70.0
-70.0
-70.0
-70.0
-70.0
-70.0
-70.0
-70.0
-70.0
-70.0
-70.0
-70.0
-70.0
-70.0
-70.0
-70.0
-70.0
-70.0
-70.0
-70.0
-70.0
-70.0
-70.0
-70.0
-70.0
-70.0
-70.0
-70.0
-70.0
-70.0
-70.0
-70.0
-70.0
-70.0
-70.0
-70.0
-70.0
-70.0
-70.0
-70.0
-70.0
-70.0
-70.0
-70.0
-70.0
-70.0
-70.0
-70.0
-70.0
-70.0
-70.0
-70.0
-70.0
-70.0
-70.0
-70.0
-70.0
-70.0
-70.0
-70.0
-70.0
-70.0
-70.0
-70.0
-70.0
-70.0
-70.0
-70.0
-70.0
-70.0
-70.0
-66.4669757891
-64.4649287362
-63.44820288
-63.0565606036
-63.0530232176
-63.2824666788
-63.6440505328
-64.0728658275
-64.5277261434
-65.2020488918
-61.4308941472
-63.9312515498
-70.0
-70.0
-70.0
-68.8073703786
-68.1315469264
-67.7883346243
-67.6561294222
-67.6549353202
-67.7323876816
-67.8544461758
-67.9991997331
-68.1527452097
-68.5089476517
-69.6003708586
-70.0
-70.0
-70.0
-70.0
-70.0
-70.0
-70.0
-70.0
-70.0
-64.5626998951
-61.481563169
-59.9168290276
-59.3140942419
-59.3086502291
-60.0717450156
-61.9328867181
-67.5781589559
-70.0
-70.0
-70.0
-70.0
-70.0
-70.0
-70.0
-70.0
-70.0
-70.0
-70.0
-70.0
-70.0
-70.0
-70.0
-70.0
-70.0
-70.0
-70.0
-70.0
-70.0
-70.0
-70.0
-70.0
-70.0
-63.9925915291
-61.8898965097
-66.7476273889
-70.0
-70.0
-70.0
-70.0
-70.0
-70.0
-70.0
-65.0082364043
-62.1795703668
-60.743051732
-60.1897054934
-60.1847075672
-60.7226438486
-66.0440138012
-70.0
-70.0
-70.0
-70.0
-70.0
-70.0
-70.0
-64.9102298472
-62.0260267606
-57.1653317944
-54.6767370882
0
-70.0
-70.0
-70.0
-70.0
-70.0
-70.0
-70.0
-70.0
-70.0
-65.9586519513
-63.6685547237
-62.5055445631
-62.0575536479
-62.0535073105
-57.0141670088
-55.3040429645
-58.826840435
-69.2209007139
-70.0
-70.0
-70.0
-70.0
-66.5612370371
-64.6126046915
-63.6230051278
-63.2418118852
-63.2383688769
-63.461690776
-63.8136275562
-64.2310020392
-58.8114058186
-56.3594412356
-58.3251526736
-66.739890586
-70.0
-70.0
-69.024288901
-68.4713859449
-68.190597973
-68.0824385908
-68.0814616752
-68.1448268033
-68.2446849867
-68.3631103972
-68.4887286302
-68.8349752735
-70.0
-70.0
-70.0
-70.0
-70.0
-70.0
-70.0
-70.0
-70.0
-70.0
-70.0
-70.0
-70.0
-70.0
-64.2346205652
-64.0288227621
-70.0
-70.0
-70.0
-69.5484017719
-69.2924961093
-69.1625361748
-64.826196624
-62.396853006
-61.1926850684
-56.4774824193
-54.0991114158
0
-70.0
-70.0
-70.0
-70.0
-70.0
-70.0
-70.0
-70.0
-70.0
-70.0
-70.0
-70.0
-70.0
-70.0
-70.0
-70.0
-70.0
-70.0
-70.0
-70.0
-70.0
-70.0
-70.0
-70.0
-70.0
-70.0
-70.0
-70.0
-70.0
-64.3341582509
-61.1235145931
-59.4930112453
-58.8649421951
-58.8592693585
-62.5109145141
-70.0
-70.0
-70.0
-70.0
-70.0
-70.0
-70.0
-70.0
-70.0
-70.0
-70.0
-70.0
-64.2565606941
-61.0019450874
-59.3491108872
-59.3767532333
-63.8481835433
-70.0
-70.0
-70.0
-70.0
-70.0
-70.0
-70.0
-70.0
-70.0
-70.0
-70.0
-70.0
-70.0
-70.0
-70.0
-70.0
-70.0
-70.0
-70.0
-70.0
-70.0
-70.0
-70.0
-70.0
-70.0
-64.2920902255
-61.05760802
-59.4149984293
-58.7822660606
-61.79028603
-70.0
-70.0
-70.0
-70.0
-70.0
-70.0
-70.0
-70.0
-70.0
-70.0
-64.5778963616
-61.5053709665
