-67.85
-65.915
-63.3535
-61.3214833333
-59.6748905556
-58.314438537
-57.1710193747
-56.1959338981
-55.3543514823
-54.62092365
0
-70.0
-70.0
-70.0
-70.0
-70.0
-70.0
-70.0
-70.0
-70.0
-70.0
-70.0
-70.0
-70.0
-70.0
-70.0
-70.0
-70.0
-70.0
-69.2918325316
-68.1738709662
-67.667298328
-66.7244448009
-64.7312511912
-62.9942933191
-61.4689754851
-60.1214856019
-59.7456088186
-59.1452291213
-58.4301603323
-57.6701137144
-56.9084152866
-55.3511157203
-54.1883654565
-54.1211031164
0
-70.0
-70.0
-70.0
-70.0
-70.0
-70.0
-70.0
-70.0
-70.0
-70.0
-70.0
-70.0
-70.0
-69.3340753423
-68.2400513697
-66.9256352737
-65.5227977737
-64.1136686812
-62.7477356031
-61.453251236
-60.2447855746
-59.1282133253
-58.1039961982
-57.1693327153
-56.3195568684
-55.5490394647
-54.0317610403
0
-70.0
-70.0
-70.0
-70.0
-70.0
-70.0
-70.0
-70.0
-70.0
-70.0
-70.0
-70.0
-70.0
-70.0
-70.0
-70.0
-69.652894208
-68.7395342591
-67.5168671479
-66.1493713095
-64.7405614295
-63.3539234539
-62.0268098867
-60.7796480835
-59.6220293988
-58.5567238747
-57.582316431
-56.6949280838
-55.889330806
-55.1596614125
-54.4998710626
0
-70.0
-70.0
-70.0
-70.0
-70.0
-70.0
-70.0
-70.0
-70.0
-70.0
-70.0
-70.0
-70.0
-69.9389096234
-69.1876250767
-68.8672668461
-67.9961430128
-67.6435972791
-66.7939499296
-65.6743631889
-64.4301323715
-63.1525894687
-61.8976440781
-61.5180887077
-60.8564191953
-60.867536848
-60.4619562113
-59.8198759556
-59.0572986037
-58.2478422391
-57.4372403456
-56.6529711981
-70.0
-70.0
-70.0
-70.0
-70.0
-70.0
-70.0
-70.0
-70.0
-70.0
-70.0
-70.0
-69.8633465929
-69.0692429955
-67.9071394039
-66.5629726021
-65.1543734343
-63.7540681525
-62.405416045
-61.1327109123
-59.947997469
-58.8555694873
-57.8549270488
-56.942710684
-56.1139571757
-54.5429064982
0
-70.0
-70.0
-70.0
-70.0
-70.0
-70.0
-70.0
-70.0
-70.0
-70.0
-70.0
-70.0
-70.0
-70.0
-70.0
-70.0
-69.0163141854
-67.7422255571
-65.5163648616
-63.6136362822
-61.9682112585
-59.712015869
-57.984564773
-56.6319419563
-55.5493035344
-54.6647436968
0
-70.0
-70.0
-70.0
-70.0
-68.077193022
-70.0
-70.0
-70.0
-70.0
-70.0
-70.0
-70.0
-70.0
-70.0
-70.0
-70.0
-70.0
-69.8192884296
-69.0002185396
-67.8254359877
-65.6563852569
-63.7830753099
-62.149653498
-61.534611961
-60.7310999734
-60.6612894484
-60.2140268184
-59.5552016798
-58.791399874
-57.1700721281
-55.9082730762
-54.9042512093
-54.0883630488
-55.9525513839
-69.522626135
-70.0
-70.0
-70.0
-70.0
-70.0
-70.0
-70.0
-70.0
-70.0
-70.0
-69.4690635785
-68.4515329396
-67.1759634583
-65.7880896542
-63.5590957166
-61.7197294969
-60.9954521151
-60.1443706155
-60.0655760286
-59.6327800755
-59.0020098345
-58.2734806954
-56.6905805221
-55.4678210673
-54.5019046923
0
-70.0
-70.0
-70.0
-70.0
-70.0
-70.0
-70.0
-70.0
-70.0
-70.0
-70.0
-70.0
-70.0
-70.0
-70.0
-69.3509563288
-69.0864982484
-68.2416067919
-67.0766183583
-64.9384046861
-62.28752966
-60.2374203223
-58.6161073756
-56.4861160284
-54.9419173525
-54.6206675685
-54.2238954458
0
-70.0
-70.0
-70.0
-70.0
-70.0
-70.0
-70.0
-70.0
-70.0
-70.0
-70.0
-70.0
-70.0
-70.0
-70.0
-69.8553935235
-68.2367831868
-66.6077242119
-65.0266980199
-63.5271923707
-62.1265825688
-60.8319972688
-59.6441795131
-58.5600162092
-57.5741843533
-56.6802124279
-55.8711555251
-55.1400161993
-54.4799987305
0
-70.0
-70.0
-70.0
-70.0
-70.0
-70.0
-70.0
-70.0
-70.0
-70.0
-70.0
-70.0
-70.0
-70.0
-70.0
-70.0
-69.589521828
-68.6402508638
-67.3993465898
-66.0248258058
-65.4359524752
-64.5180967277
-63.4334467215
-62.2848751605
-61.1362363852
-60.0258452405
-58.9754157123
-57.9959774717
-57.0917819449
-56.2628718973
-55.5067634722
-54.8195396347
-54.1965540111
-63.7928476988
-70.0
-70.0
-70.0
-70.0
-70.0
-70.0
-70.0
-70.0
-70.0
-70.0
-69.788374626
-68.9517869141
-67.7681080565
-66.4156304734
-65.006956241
-63.6115198269
-62.2705406509
-61.0069351236
-59.8318739698
-58.7491081451
-56.9378117122
-55.569773462
0
-70.0
-70.0
-70.0
-70.0
-67.6959911481
-65.6737194653
-70.0
-70.0
-70.0
-70.0
-70.0
-70.0
-70.0
-70.0
-70.0
-70.0
-70.0
-70.0
-70.0
-69.7832683663
-68.9437871072
-67.7586387815
-66.4055951601
-64.9969158152
-63.6018110144
-63.0813544335
-61.4630353371
-59.2399427014
-58.3680890299
-57.516040526
-56.7042767395
-55.9437425763
-55.2392973258
-55.4119869313
-55.2852011302
-54.1629562786
-60.9208044193
-70.0
-70.0
-70.0
-70.0
-70.0
-70.0
-70.0
-70.0
-70.0
-70.0
-69.7355220633
-68.0489845658
-66.3854292484
-64.7911150831
-63.2914894144
-61.8986643661
-60.6163471915
-59.4430786471
-58.3743482322
-57.4039650422
-56.5249362934
-55.7300211677
-55.0120713867
-54.3642324719
0
-70.0
-70.0
-70.0
-70.0
-70.0
-70.0
-70.0
-70.0
-70.0
-70.0
-70.0
-70.0
-70.0
-70.0
-70.0
-70.0
-69.7811142573
-69.7604123364
-69.0393107727
-67.922006142
-66.6042231589
-65.2100792637
-63.8165902845
-62.4699438874
-61.196291253
-60.0088899639
-58.9128195249
-57.9080832774
-56.991638753
-55.3387174132
-54.1190073623
-54.0198810863
-63.9363794802
-70.0
-70.0
-70.0
-70.0
-70.0
-70.0
-70.0
-70.0
-69.6073464912
-69.4881761696
-68.7170681043
-67.580500995
-67.0825440295
-66.164351716
-65.024624604
-63.7899675166
-62.5395076803
-61.3212481892
-60.1629175549
-59.0791552558
-58.0762593678
-57.1553131895
-55.4942350428
-54.2644469867
0
-70.0
-70.0
-70.0
-70.0
-70.0
-70.0
-70.0
-70.0
-70.0
-70.0
-70.0
-70.0
-70.0
-70.0
-69.9973199517
-69.2791345909
-68.1555855548
-66.826269948
-65.4178049189
-64.0087990709
-62.646435593
-61.3574696532
-60.1555077675
-59.0458137105
-58.0284701527
-57.1004483462
-56.2569536508
-55.4922917118
-54.8004181581
0
-70.0
-70.0
-70.0
-70.0
-70.0
-70.0
-70.0
-70.0
-70.0
-70.0
-70.0
-70.0
-70.0
-70.0
-70.0
-69.3993684247
-68.3423438653
-67.8667176675
-66.9357846933
-65.7626987523
-65.3034238959
-63.6477448523
-62.1494125977
-60.795432825
-59.5731972005
-59.2907492525
-58.7615888419
-58.1020396342
-57.3862421218
-56.6605555436
-55.9531250785
-57.0001994926
-70.0
-70.0
-70.0
-70.0
-70.0
-70.0
-70.0
-70.0
-70.0
-70.0
-70.0
-69.5796895755
-68.6248470016
-67.3811132239
-66.8255025164
-65.8812860081
-64.7353799028
-63.5066569096
-62.2692012166
-61.067754427
-59.9279612056
-58.8631532326
-57.8788300077
-56.9756084059
-56.9711551646
-57.506111381
-58.3468813981
-58.5231140284
-58.2947498057
-65.4512396114
-70.0
-70.0
-70.0
-70.0
-70.0
-70.0
-70.0
-70.0
-70.0
-70.0
-70.0
-68.8749655824
-67.5207794125
-66.0742417301
-64.620511063
-63.2109222939
-61.874804956
-60.6273077214
-59.47456579
-57.5971017714
-56.1673866346
-55.053977998
-54.1674668828
0
-70.0
-70.0
-70.0
-70.0
-67.2526731794
-70.0
-70.0
-70.0
-70.0
-70.0
-70.0
-70.0
-70.0
-70.0
-70.0
-70.0
-70.0
-69.4364250919
-68.4003993107
-67.1154371983
-65.7239453575
-63.4949187412
-61.6576721467
-60.9367351184
-60.0896150642
-59.1950225295
-59.1217662577
-57.9037536194
-56.8594875824
-55.9542783741
-55.1626769033
-54.4656267908
0
-70.0
-70.0
-70.0
-70.0
-70.0
-70.0
-70.0
-70.0
-70.0
-70.0
-70.0
-70.0
-70.0
-70.0
-69.7985052912
-68.9676582896
-67.7868948122
-66.4355402321
-65.026876143
-63.6307818181
-62.2887658292
-61.0239307082
-59.8475652787
-58.763493845
-57.7709345233
-56.8663677795
-56.0447488072
-55.300285797
-54.6269317976
-54.018688338
0
-70.0
-70.0
-70.0
-70.0
-70.0
-70.0
-70.0
-70.0
-70.0
-70.0
-70.0
-70.0
-69.9314248344
-69.1758989072
-68.8533867207
-67.9814331847
-66.808879957
-65.4950520218
-64.1402535266
-62.8060326453
-61.5286323616
-59.5079044461
-57.9285375485
-56.6666328251
-56.4572688968
-56.0664082433
-55.5796782431
-55.0516509682
-54.5164462376
0
-70.0
-70.0
-70.0
-70.0
-70.0
-70.0
-70.0
-70.0
-70.0
-70.0
-70.0
-70.0
-70.0
-69.8997657404
-69.12629966
-67.9746766897
-66.6345470179
-66.0459843142
-65.1079805482
-63.991578937
-62.8053520057
-61.61677078
-59.646396352
-58.0926251501
-56.8406082573
-55.8113778464
-54.1301270049
0
-70.0
-70.0
-70.0
-70.0
-70.0
-70.0
-70.0
-70.0
-70.0
-70.0
-70.0
-70.0
-70.0
-70.0
-69.8094741768
-68.9848428769
-67.8072360011
-66.4570973423
-65.0484442356
-64.4716375637
-63.5931656418
-61.7429769672
-60.1914311969
-58.8707893615
-57.7327112816
-56.7421073909
-55.0530081434
0
-70.0
-70.0
-70.0
-70.0
-70.0
-70.0
-70.0
-70.0
-70.0
-70.0
-70.0
-70.0
-70.0
-70.0
-70.0
-70.0
-69.552071361
-67.7615784656
-66.8652301128
-65.7152467641
-64.451415196
-62.3414024153
-60.6140146664
-59.9937815281
-59.2385155943
-58.4274055141
-57.6098259489
-55.9956173448
-54.7772382709
0
-70.0
-70.0
-70.0
-70.0
-70.0
-70.0
-70.0
-70.0
-70.0
-70.0
-70.0
-70.0
-70.0
-70.0
-70.0
-70.0
-70.0
-68.471412183
-66.8885457534
-65.3258743706
-63.8274090618
-62.4174162412
-61.1075066741
-59.9013107114
-58.7975494433
-57.7920410344
-56.8790012879
-56.0518773971
-55.303873816
-54.6282758735
-54.0186412456
-54.2889057606
-54.2581009443
-64.2076316823
-70.0
-70.0
-70.0
-70.0
-70.0
-70.0
-70.0
-70.0
-70.0
-69.5671340102
-68.6051766159
-67.3578296255
-65.9808271104
-64.5719313644
-63.1908628712
-61.8725263463
-60.6357735532
-59.4891960922
-58.4349430792
-57.471226502
-56.5939556724
-55.7977946522
-55.0768382183
-54.4250364174
0
-70.0
-70.0
-70.0
-70.0
-70.0
-70.0
-70.0
-70.0
-70.0
-70.0
-70.0
-70.0
-70.0
-70.0
-70.0
-69.490159834
-68.4845837399
-67.2150852922
-65.8295500471
-64.4205772318
-63.0445076349
-61.7340489556
-60.5066387829
-59.3699713864
-57.505638569
-56.0868509263
-54.9826833098
-54.1040932962
0
-70.0
-70.0
-70.0
-70.0
-70.0
-70.0
-70.0
-70.0
-70.0
-70.0
-70.0
-70.0
-70.0
-70.0
-70.0
-70.0
-69.8255046083
-69.8299572196
-69.1216302125
-68.0092463344
-66.6915077964
-65.2944810804
-63.8964490148
-62.5444148083
-61.2650471241
-60.0719249428
-58.1503208025
-56.6756809583
-55.5183743532
-54.5900445783
0
-70.0
-70.0
-70.0
-70.0
-70.0
-70.0
-70.0
-70.0
-70.0
-70.0
-70.0
-70.0
-70.0
-70.0
-69.7872927057
-68.9500919057
-66.9461016954
-65.1288375128
-63.4841844194
-62.8179197494
-61.9408969558
-60.9666533811
-59.9665521235
-58.9842729649
-58.0454297042
-57.1639427577
-56.3462524978
-55.594096592
-55.7263331621
-55.5647973321
-70.0
-70.0
-70.0
-70.0
-70.0
-70.0
-70.0
-70.0
-70.0
-70.0
-70.0
-69.6414858655
-68.7216611892
-67.4957110105
-66.9469505363
-66.0027959005
-64.032876589
-62.3331624492
-60.8522285503
-59.5519272593
-58.4033489094
-57.3840902691
-56.4763987427
-55.6659038687
-54.940743482
-54.2909558006
0
-70.0
-70.0
-70.0
-70.0
-70.0
-70.0
-70.0
-70.0
-70.0
-70.0
-70.0
-70.0
-70.0
-70.0
-69.5550555477
-67.7662536914
-66.0507641213
-64.4364449085
-62.9366385505
-61.5555334507
-60.2916859425
-59.1403212395
-58.094825043
-56.3276998237
-55.0065013646
-54.8168989104
-54.4925741408
-54.0982268077
0
-70.0
-70.0
-70.0
-70.0
-70.0
-70.0
-70.0
-70.0
-70.0
-70.0
-70.0
-70.0
-70.0
-70.0
-69.6851443032
-68.7900594083
-67.5766731578
-66.2127523022
-64.8039747121
-63.4152423343
-62.9048281632
-62.1184187217
-61.1926257661
-60.2140624672
-59.236455739
-59.1120098441
-59.5036086456
-59.3717809717
-59.7502916683
-59.602388364
-69.303477356
-70.0
-70.0
-70.0
-70.0
-70.0
-70.0
-70.0
-70.0
-70.0
-69.9354665042
-69.1822308567
-68.0408817729
-66.7047095968
-65.296182638
-63.8911937081
-62.5351605599
-61.2537019856
-60.0597034415
-58.1379808671
-56.6636812935
-55.5069788395
-54.5793914058
0
-70.0
-70.0
-70.0
-70.0
-70.0
-70.0
-70.0
-70.0
-70.0
-70.0
-70.0
-70.0
-70.0
-70.0
-70.0
-70.0
-70.0
-69.3984536126
-67.5209106597
-65.7603545327
-64.1286757054
-62.6287125521
-60.4377775751
-58.7252906698
-57.3569555042
-56.2407225547
-54.4929586999
0
-70.0
-70.0
-70.0
-70.0
-70.0
-70.0
-70.0
-70.0
-70.0
-70.0
-70.0
-70.0
-70.0
-70.0
-70.0
-70.0
-69.7251130293
-68.8526770792
-67.6507929399
-66.2913026916
-64.0625651196
-63.0265704058
-61.9207545639
-60.8099065733
-60.5530675599
-59.9971952332
-59.280431996
-58.4910263205
-57.6843487045
-57.7141971781
-57.4249663564
-56.1339289847
-55.1048422623
-56.8072288198
-70.0
-70.0
-70.0
-70.0
-70.0
-70.0
-70.0
-70.0
-70.0
-70.0
-70.0
-70.0
-69.2995971961
-68.1860356073
-66.8616974671
-65.4550380007
-64.0458743875
-61.8621804067
-60.9265580047
-59.9509659633
-58.983911873
-58.0542156897
-57.1779241235
-56.3628850462
-55.6117654317
-54.1040348152
0
-70.0
-70.0
-70.0
-70.0
-70.0
-70.0
-70.0
-70.0
-70.0
-70.0
-70.0
-70.0
-70.0
-70.0
-70.0
-69.7911211409
-68.9560897874
-67.7732013157
-66.4210281889
-65.0123567064
-62.7967419268
-60.9908149948
-58.6708983357
-56.9399183958
-54.7999998186
0
-70.0
-70.0
-70.0
-70.0
-67.736228654
-65.7367582247
-70.0
-70.0
-70.0
-70.0
-70.0
-70.0
-70.0
-70.0
-70.0
-70.0
-70.0
-70.0
-70.0
-70.0
-69.4222481128
-69.1981887101
-69.1938134448
-67.6813945041
-66.1345633229
-64.6186458368
-63.1718071505
-62.6346437004
-62.6611908403
-62.2050794296
-62.2945766022
-61.8884556857
-61.1985012796
-61.1812452599
-60.7481834728
-60.0800736181
-59.2932052513
-70.0
-70.0
-70.0
-70.0
-70.0
-70.0
-70.0
-70.0
-70.0
-70.0
-70.0
-70.0
-69.8617186475
-69.0666925477
-67.9041204696
-66.5597732071
-65.1511724093
-63.7509728504
-62.4024873533
-61.12997981
-59.125475957
-57.5685911133
-56.3321738366
-55.3292510094
-54.4998556127
0
-70.0
-70.0
-70.0
-70.0
-70.0
-70.0
-70.0
-70.0
-70.0
-70.0
-70.0
-70.0
-70.0
-70.0
-70.0
-70.0
-70.0
-69.9397305004
-69.1889111173
-68.0487891169
-66.7130896127
-65.3045669232
-63.8993010786
-62.542831536
-61.2608554258
-60.0663079122
-58.964035807
-57.1338713503
-54.9279769646
0
-70.0
-70.0
-70.0
-70.0
-68.0965837256
-70.0
-70.0
-70.0
-70.0
-70.0
-70.0
-70.0
-70.0
-70.0
-70.0
-70.0
-70.0
-70.0
-69.440969771
-68.4075193079
-67.1238650531
-66.5528769984
-65.608521599
-64.4716243061
-63.2570984535
-61.2164796601
-59.5682257287
-59.0303325123
-58.3565854987
-57.6237844406
-56.8799776577
-56.1543609994
-55.4638456377
-54.8174082328
-54.2189655154
-67.1892180272
-70.0
-70.0
-70.0
-70.0
-70.0
-70.0
-70.0
-70.0
-70.0
-70.0
-70.0
-70.0
-69.3251542202
-69.0460749449
-67.373758215
-65.7412429032
-64.1870256193
-62.731594395
-61.3839491806
-60.1458970793
-59.0148692492
-58.8057569095
-57.5167642753
-56.4428098857
-56.3536769223
-56.0384079136
-55.5979662446
-55.0971023683
-54.5766806303
-70.0
-70.0
-70.0
-70.0
-70.0
-70.0
-70.0
-70.0
-70.0
-70.0
-70.0
-69.4143972765
-68.3658890665
-67.0745878383
-65.6806541735
-64.2716055021
-62.9004561159
-61.5977512803
-60.3795366696
-59.2526233475
-58.218054576
-57.2733781606
-56.4141263726
-54.8147710874
0
-70.0
-70.0
-70.0
-70.0
-70.0
-70.0
-70.0
-70.0
-70.0
-70.0
-70.0
-70.0
-70.0
-70.0
-70.0
-70.0
-70.0
-69.544612697
-67.7498932254
-66.0313984349
-64.4159216127
-62.916104799
-60.7156778842
-58.9882324724
-58.4221574763
-56.9317738961
-55.7564846181
-55.6294282307
-55.3155467906
-54.9000330335
-54.4373903448
0
-70.0
-70.0
-70.0
-70.0
-70.0
-70.0
-70.0
-70.0
-70.0
-70.0
-70.0
-70.0
-70.0
-70.0
-70.0
-69.7778598884
-68.9353138252
-67.7486090598
-66.3949658985
-64.9862811385
-63.5915275779
-62.2516245222
-60.9892952047
-59.8155877741
-58.7341770566
-56.9241913909
-55.5573936117
-55.3220684905
-55.7734711348
-55.8018636835
-54.7555037566
-54.7391710086
-54.5213989929
-64.3500224835
-70.0
-70.0
-70.0
-70.0
-70.0
-70.0
-70.0
-70.0
-70.0
-70.0
-70.0
-70.0
-69.3192968477
-68.2168983947
-66.8982293764
-65.4937536529
-64.9046097637
-63.1843031047
-61.6626423392
-60.3108911352
-59.1061440417
-58.0297576508
-57.0662672279
-55.3826307333
-54.963027812
-54.4958317989
-54.015653131
0
-70.0
-70.0
-70.0
-70.0
-70.0
-70.0
-70.0
-70.0
-70.0
-70.0
-70.0
-70.0
-70.0
-69.9614192843
-69.2228902121
-68.0890097617
-66.7557144994
-64.5272135253
-62.6558724901
-60.2412054526
-58.401031715
-56.9668930819
-55.8241801327
-54.8944130254
-54.1234056602
0
-70.0
-70.0
-70.0
-70.0
-70.0
-70.0
-70.0
-70.0
-70.0
-70.0
-70.0
-70.0
-70.0
-70.0
-70.0
-69.5576141285
-67.7702621347
-66.0555088672
-64.4414732778
-62.9416694816
-61.5603982211
-60.2962888575
-59.9646136107
-59.3834546756
-58.6719774921
-57.9060252655
-57.1329197541
-56.3812924554
-55.6676063277
-54.1804744401
0
-70.0
-70.0
-70.0
-70.0
-70.0
-70.0
-70.0
-70.0
-70.0
-70.0
-70.0
-70.0
-70.0
-69.9685474633
-69.2340576924
-68.1022285735
-66.7697234831
-65.361229646
-63.9540923556
-62.5946735695
-61.3091998455
-60.1109422829
-59.004956336
-57.9911995566
-57.0665721704
-56.226243333
-55.4645045861
-54.7753111851
-54.152618105
0
-70.0
-70.0
-70.0
-70.0
-70.0
-70.0
-70.0
-70.0
-70.0
-70.0
-70.0
-70.0
-69.7597769203
-68.0869838419
-66.4304085334
-64.8387830638
-63.33918168
-61.9447814603
-61.4799819465
-60.7684361734
-59.932560837
-59.049950274
-58.168718927
-57.317689488
-56.5131488416
-56.5833194924
-56.3559778998
-55.9577070142
-58.0101542491
-70.0
-70.0
-70.0
-70.0
-70.0
-70.0
-70.0
-70.0
-70.0
-70.0
-69.4275882702
-67.5665549566
-65.8143831366
-64.18593394
-62.6859999574
-61.3131729026
-60.0623709063
-58.926477345
-57.8973919633
-56.9666943356
-56.1260526144
-54.5474658279
0
-70.0
-70.0
-70.0
-70.0
-68.0213267248
-70.0
-70.0
-70.0
-70.0
-70.0
-70.0
-70.0
-70.0
-70.0
-70.0
-70.0
-70.0
-69.0864277288
-67.0320701085
-66.001719866
-63.9801190583
-62.2511546051
-60.755404113
-59.4494403473
-58.300880743
-57.2850489556
-56.382714918
-55.5785573315
-54.8601108686
-54.2170392952
-54.4606283746
-54.4080942098
-54.1796372373
0
-70.0
-70.0
-70.0
-70.0
-70.0
-70.0
-70.0
-70.0
-70.0
-70.0
-70.0
-70.0
-70.0
-68.7768720272
-66.5470995092
-64.6076660148
-62.9070837177
-61.4064982155
-60.895930307
-60.996391885
-60.6401224356
-60.0216900181
-59.2665742337
-58.4546189553
-58.4556251564
-58.9443747051
-58.8894786109
-58.5102250007
-57.9489986678
-57.2972962459
-59.153011715
-70.0
-70.0
-70.0
-70.0
-70.0
-70.0
-70.0
-70.0
-70.0
-70.0
-70.0
-70.0
-70.0
-69.3127146471
-68.2065862805
-66.0660230512
-64.1961510119
-62.5510227546
-61.0955783751
-59.8024591348
-58.6498389529
-58.4399388786
-57.9826675381
-57.3922158158
-56.7415375886
-56.0764127327
-55.424790728
-54.8029911676
-54.2198117258
0
-70.0
-70.0
-70.0
-70.0
-70.0
-70.0
-70.0
-70.0
-70.0
-70.0
-70.0
-70.0
-70.0
-69.7352304046
-68.0485276339
-66.3848883836
-64.7905418874
-63.2909159267
-61.8981098194
-60.6158224944
-59.4425893496
-58.3738964844
-57.4035508824
-56.5245584918
-55.7296777744
-55.0117600848
-54.3639508016
-54.5998002049
-54.5379831734
-56.8396268485
-57.9426254919
-70.0
-70.0
-70.0
-70.0
-70.0
-70.0
-70.0
-70.0
-70.0
-70.0
-69.744365786
-68.8828397313
-67.6864961075
-67.149140063
-66.2050884342
-65.8684878424
-65.0875778926
-64.0661126596
-62.9343630978
-61.7741679242
-59.8155785559
-58.263238983
-57.8263939398
-57.253407116
-56.6178347844
-55.9658968927
-55.3258709279
-54.7143263181
-70.0
-70.0
-70.0
-70.0
-70.0
-70.0
-70.0
-70.0
-70.0
-70.0
-70.0
-70.0
-70.0
-69.4196025084
-68.3740439298
-67.0842406516
-65.6908839963
-64.2818405366
-62.9103531096
-62.4271155497
-61.6729358288
-60.7813301353
-59.836989048
-58.8924847607
-57.1593660296
-55.0108492567
0
-70.0
-70.0
-70.0
-70.0
-70.0
-70.0
-70.0
-70.0
-70.0
-70.0
-70.0
-70.0
-70.0
-70.0
-69.8178524224
-68.997968795
-67.0027729921
-64.3688964106
-62.2596072481
-61.3553801756
-60.3843312596
-59.4055575347
-58.4547747152
-58.3724791997
-58.8140192504
-58.7351426392
-59.1666452511
-59.8899919766
-59.9443336126
-60.4154608072
-60.300955097
-60.658886501
-63.0083491264
-70.0
-70.0
-70.0
-70.0
-70.0
-70.0
-70.0
-70.0
-70.0
-70.0
-69.459778671
-68.4369865846
-67.1587451133
-65.76984206
-64.3608388261
-62.9867422582
-61.6793929088
-60.4556702023
-59.3229142382
-58.2824968519
-56.5121631917
-56.0028908892
-55.4472311447
-55.7022609265
-54.7952034314
-54.0411288199
-55.9439797591
-70.0
-70.0
-70.0
-70.0
-70.0
-70.0
-70.0
-70.0
-70.0
-70.0
-70.0
-70.0
-70.0
-69.6342690975
-68.7103549194
-67.4823279152
-65.2927674489
-63.4192722541
-60.9778660621
-59.0970934782
-56.7953934785
-55.1378603628
0
-70.0
-70.0
-70.0
-70.0
-68.5973091891
-67.9057843963
-70.0
-70.0
-70.0
-70.0
-70.0
-70.0
-70.0
-70.0
-70.0
-70.0
-70.0
-70.0
-70.0
-68.6382689979
-67.1499547634
-65.6353010639
-64.1553321421
-62.7455063843
-61.4247607167
-60.201487959
-59.0774747057
-58.0504842636
-57.1159405228
-56.268016261
-55.5003278285
-54.806370508
-54.1797837655
0
-70.0
-70.0
-70.0
-70.0
-70.0
-70.0
-70.0
-70.0
-70.0
-70.0
-70.0
-70.0
-70.0
-70.0
-70.0
-69.2982450029
-68.1839171712
-66.8591898998
-65.4523805403
-64.8632155733
-63.9642760739
-62.0894365052
-60.5115515471
-59.1644355207
-58.0006847208
-57.8057447502
-56.5585892762
-54.7216763492
0
-70.0
-70.0
-70.0
-70.0
-70.0
-70.0
-70.0
-70.0
-70.0
-70.0
-70.0
-70.0
-70.0
-70.0
-70.0
-70.0
-70.0
-68.5355471971
-67.8090239421
-66.7294758577
-65.4740978118
-64.1550677239
-62.0218140804
-60.2911347582
-58.8596893397
-57.6554991105
-55.8078016694
-55.2755898157
-54.7304097096
-54.1956213223
0
-70.0
-70.0
-70.0
-70.0
-70.0
-70.0
-70.0
-70.0
-70.0
-70.0
-70.0
-70.0
-70.0
-70.0
-69.0946532111
-68.6849566975
-67.7663068993
-66.5729067905
-65.2544364988
-63.9048731072
-62.581639302
-62.1383110421
-61.4177037181
-60.5547491998
-59.6351515155
-58.7122211877
-57.8180556181
-56.9709544224
-56.1803285576
-54.6299420868
0
-70.0
-70.0
-70.0
-70.0
-70.0
-70.0
-70.0
-70.0
-70.0
-70.0
-70.0
-70.0
-70.0
-70.0
-69.4067298204
-68.3538767187
-67.060368967
-65.6655853504
-64.2565290022
-62.0658775598
-60.2992907757
-58.8460290127
-56.8092043212
-55.3101360289
-54.1836905192
0
-70.0
-70.0
-70.0
-70.0
-70.0
-70.0
-70.0
-70.0
-70.0
-70.0
-70.0
-70.0
-70.0
-70.0
-70.0
-69.0898608818
-68.6774487148
-67.7574197908
-66.5634884434
-65.2450133535
-63.8957611877
-61.7530178487
-60.0256045837
-58.6049698052
-57.4157566113
-56.4050368079
-55.5351036989
-54.7786403769
-54.1154743711
0
-70.0
-70.0
-70.0
-70.0
-70.0
-70.0
-70.0
-70.0
-70.0
-70.0
-70.0
-70.0
-70.0
-70.0
-70.0
-69.4813082617
-68.4707162767
-67.1986705431
-65.8121540848
-64.403172407
-62.2076776535
-60.4334582129
-59.7911446081
-59.0293849583
-58.2213496698
-58.2324835077
-57.9147476935
-57.4102812819
-56.8105920589
-56.1737587898
-55.5358668686
-57.4586028203
-70.0
-70.0
-70.0
-70.0
-70.0
-70.0
-70.0
-70.0
-70.0
-70.0
-70.0
-70.0
-70.0
-69.9275903427
-69.1698915369
-68.0262758688
-66.6892306057
-65.2806957609
-63.8762183287
-62.5209912585
-61.240488641
-60.8675041158
-60.2314632635
-59.4587899767
-58.6298930054
-57.7948917224
-56.9840612286
-56.2147608913
-55.4960219925
-55.6515779202
-60.5865056765
-70.0
-70.0
-70.0
-70.0
-70.0
-70.0
-70.0
-70.0
-70.0
-70.0
-70.0
-70.0
-70.0
-69.3851189674
-68.3200197155
-67.0202928406
-65.6231136209
-64.2140356351
-62.8447876558
-61.5450792796
-60.330418278
-60.0272744011
-59.4611455949
-58.7560967913
-57.9911976161
-57.2158848572
-56.4601677065
-55.7413984926
-55.0687570145
-54.4462135605
-60.7544803693
-70.0
-70.0
-70.0
-70.0
-70.0
-70.0
-70.0
-70.0
-70.0
-70.0
-70.0
-70.0
-69.8847930751
-69.1028424844
-67.9469107138
-66.6051212943
-65.1965435994
-63.7948455292
-62.4439985028
-61.1686903368
-59.9812157594
-58.0660238209
-55.7780411971
-54.1626502496
0
-70.0
-70.0
-70.0
-70.0
-70.0
-70.0
-70.0
-70.0
-70.0
-70.0
-70.0
-70.0
-70.0
-70.0
-70.0
-70.0
-70.0
-70.0
-69.9657639517
-69.2296968577
-68.097066706
-66.7642530582
-65.3557564342
-63.948799912
-61.7696660016
-60.0198634553
-58.585986479
-57.3894607439
-56.3752299448
-55.5041838004
-54.7480833205
-54.0861535885
0
-70.0
-70.0
-70.0
-70.0
-70.0
-70.0
-70.0
-70.0
-70.0
-70.0
-70.0
-70.0
-70.0
-70.0
-70.0
-69.6466036451
-68.729679044
-66.6852016486
-64.032341823
-61.9228812003
-60.2097754533
-58.7915861566
-57.5976197067
-56.5779858466
-55.6969393356
-54.9284134512
-55.0730174721
-54.9406793023
0
-70.0
-70.0
-70.0
-70.0
-70.0
-70.0
-70.0
-70.0
-70.0
-70.0
-70.0
-70.0
-70.0
-70.0
-70.0
-70.0
-70.0
-70.0
-69.5953432926
-68.6493711585
-67.4101421727
-65.2162667088
-64.1627325402
-63.0085209543
-61.8323766377
-61.5022774931
-60.8708087566
-60.0795672228
-58.3988367284
-57.0604372075
-56.792049588
-56.3546153634
-55.8303343166
-57.8114013417
-70.0
-70.0
-70.0
-70.0
-70.0
-70.0
-70.0
-70.0
-70.0
-70.0
-70.0
-68.7525549504
-67.3290027556
-65.8472380135
-64.3799379012
-62.9702265704
-61.6420588863
-60.4070896462
-59.269205114
-58.2275008909
-57.2782283273
-56.4160571782
-55.6348859162
-54.9283536284
-54.2901558015
0
-70.0
-70.0
-70.0
-70.0
-70.0
-70.0
-70.0
-70.0
-70.0
-70.0
-70.0
-70.0
-70.0
-70.0
-70.0
-69.9996022157
-69.2827101379
-68.1598178866
-66.8307552729
-64.602292529
-61.9084717983
-59.8452303
-58.2291110576
-57.7551358103
-57.9822461349
-58.6224374585
-59.4891376707
-59.642853209
-59.3636540917
-58.8340128182
-58.1717609602
-57.4520178134
-70.0
-70.0
-70.0
-70.0
-70.0
-70.0
-70.0
-70.0
-70.0
-70.0
-70.0
-70.0
-69.8479582828
-69.045134643
-67.8786026377
-66.5327300133
-65.1241154382
-63.7248095119
-62.3777323057
-61.1068949051
-59.9241626346
-58.8337178511
-57.8349937193
-56.924592783
-56.0975324617
-55.3480451869
-54.6700846491
-54.0576388381
0
-70.0
-70.0
-70.0
-70.0
-70.0
-70.0
-70.0
-70.0
-70.0
-70.0
-70.0
-70.0
-70.0
-70.0
-69.8586102229
-69.0618226826
-67.898356069
-66.5536642318
-65.1450603218
-62.9250626318
-61.1122285967
-59.6041205557
-58.3291183793
-57.2364797941
-56.2896806499
-55.4619451417
-55.5532389987
-55.3729073463
-55.0356114433
-54.6153801867
0
-70.0
-70.0
-70.0
-70.0
-70.0
-70.0
-70.0
-70.0
-70.0
-70.0
-70.0
-70.0
-70.0
-69.9109081242
-69.1437560612
-67.9953396214
-66.6564451035
-65.2478935559
-63.8444995089
-62.4909797637
-61.2125019244
-60.0216651567
-58.9231075909
-57.9165361317
-56.9987087184
-55.3447219799
0
-70.0
-70.0
-70.0
-70.0
-70.0
-70.0
-70.0
-70.0
-70.0
-70.0
-70.0
-70.0
-70.0
-70.0
-69.5197887659
-69.3510024
-68.5546971671
-67.4084241218
-66.0903794905
-64.7132067287
-64.1664628474
