-70.0
-70.0
-70.0
-69.0
-68.4333333333
-61.1455555556
-57.068037037
-55.052591358
0
-70.0
-70.0
-70.0
-70.0
-69.4305746075
-70.0
-70.0
-70.0
-70.0
-70.0
-70.0
-70.0
-70.0
-70.0
-70.0
-70.0
-70.0
-70.0
-70.0
-70.0
-70.0
-70.0
-70.0
-70.0
-70.0
-70.0
-70.0
-70.0
-70.0
-70.0
-70.0
-70.0
-70.0
-70.0
-70.0
-70.0
-70.0
-69.999999578
-69.9999993388
-69.9999992173
-69.9999991706
-69.9999991701
-69.9999991975
-69.9999992407
-69.999999292
-69.9999993463
-69.9999994007
-69.9999994533
-69.9999995031
-69.9999995495
-69.9999995924
-69.9999996317
-69.9999996676
-69.001522139
-69.434703258
-62.7134551544
-58.9235911205
-57.7225900331
-57.4112363796
0
-70.0
-70.0
-70.0
-70.0
-69.1251559439
-68.6294109788
-68.3776503005
-67.2840977042
-66.7184962229
-66.4885187934
-66.4675817092
-66.5727667351
-66.7501188595
-66.9648595054
-67.1948752428
-67.4263888438
-67.651084043
-67.864198361
-67.0748213598
-67.3652341232
-67.6273073104
-68.4191965347
-68.9470235181
-61.4967656107
-57.3100520126
-55.22102212
-54.4602367804
0
-70.0
-70.0
-70.0
-70.0
-69.49662145
-62.8259140714
-58.0741868618
0
-70.0
-70.0
-70.0
-70.0
-65.9122085048
-63.5957933242
-62.4194177717
-61.9662785145
-60.9795272062
-60.6881588477
-60.2681769822
-60.3405819634
0
-70.0
-70.0
-70.0
-70.0
-68.4149481211
-67.5167520564
-67.0606093491
-67.8838884538
-68.4483929682
-68.8388159112
-68.8740071805
-68.932655036
-69.5589774704
-69.949471682
-63.201438094
-58.5109239142
-56.0795846092
-55.0847948726
-54.9850945349
-55.425771181
-56.1759847961
-56.1747049671
-56.6347802374
-57.3563327251
-58.2107197935
-59.1163280414
-60.0224820555
-60.8987583954
-61.7278989195
-62.5011199366
-63.2150152157
-63.8695185426
-64.4665699207
-65.0092484168
-65.5012139006
-64.9497782149
-64.7872575297
-64.8635032009
-58.0808829859
-54.4086147574
0
-70.0
-70.0
-70.0
-70.0
-68.5752510627
-67.7678933315
-67.3578822485
-68.0024153261
-68.4557213285
-68.7791808857
-69.0139505905
-69.187680727
-69.318996118
-69.420485482
-69.500696251
-69.5654661707
-69.6188125835
-62.6741837503
-57.7516597285
0
-70.0
-70.0
-70.0
-70.0
-68.9914127644
-68.4198799976
-68.1296310043
-61.2909563376
-57.4780529931
-55.6077092199
0
-70.0
-70.0
-70.0
-70.0
-69.595195395
-69.3658061188
-70.0
-70.0
-70.0
-70.0
-70.0
-70.0
-70.0
-70.0
-70.0
-69.1943732133
-68.7378513675
-68.5060098811
-68.4167046598
-68.4158980385
-68.4682174643
-68.5506685377
-68.6484502305
-68.7521709051
-68.8559976131
-68.9564270508
-69.0514704783
-70.0
-69.6666504419
-62.4777631755
-58.4151720431
-56.3637782956
-54.7850136348
-54.3449210505
-54.6027014648
-55.270612998
-56.1623394846
-58.1412891972
-58.81174088
-59.5869538604
-61.1028868903
-62.3090171452
-63.2890613933
-64.1007858958
-63.8722525626
-63.9393908106
-64.1816940657
-64.5210195499
-64.9072475221
-65.3087427213
-65.7060150835
-65.1460389948
-64.9718520418
-65.0349448019
-65.2383022979
-65.5190400522
-65.8368480364
-65.2540960543
-65.0626416632
-65.1123476397
-65.305092971
-64.7747679349
-64.6307473155
-64.1677544777
-64.0843669591
-64.231522216
-64.512097963
-64.863373479
-66.2453479387
-67.1996876832
-67.8656352739
-68.3363493191
-68.6742327689
-68.9211550799
-69.1052699638
-69.2455632287
-69.35488708
-69.4419851548
-69.5128444945
-69.5715986151
-69.6211311337
-68.6641562465
-68.1344994394
-67.8788887071
-67.7962259775
-67.8200874738
-68.906391483
-69.5946275057
-70.0
-70.0
-63.4184321496
-59.6888770343
-57.794848064
0
-70.0
-70.0
-70.0
-70.0
-69.4115226337
-69.0780521262
-68.2049977138
-67.7409984758
-67.5378989839
-66.7944056189
-66.4551627459
-66.369778264
-66.439554966
-59.6240809
-55.8806604305
-54.1052528011
0
-70.0
-70.0
-70.0
-70.0
-69.0612191964
-68.5292434077
-68.2590831542
-69.154716835
-68.8519603917
-68.7085745127
-68.6655905016
-68.6842804115
-68.7393516771
-61.8215207618
-57.9434381872
-56.0184740362
-56.3035341162
-55.9571313219
-56.7729408234
-57.1477729413
-57.8010797807
-58.5996945583
-59.4588736063
0
-70.0
-70.0
-70.0
-70.0
-62.991329235
-59.0197491349
-57.002809437
-56.2258853037
-56.2188679802
-56.6740286535
-57.3913241023
-58.2419905682
-59.1443240955
-60.0475800753
-60.921280994
-61.7481255121
-62.5192947059
-63.2313530653
-63.8842096455
-63.4798426752
-63.4545610706
-63.6575734054
-63.9907950262
-64.3910348311
-64.8181442196
-65.2471383788
-65.662963595
-66.0570266049
-66.4248968573
-59.7650663284
-56.1103324668
-54.3804810676
-54.8632206557
-55.65742372
-56.6120314346
-57.6310616822
-58.6547777747
-59.6471815044
-60.587717692
-61.4657821482
-62.2770947503
-63.0213124866
-63.7004660455
-64.3179426459
-64.877830518
-65.384502224
-65.8423551734
-66.255655104
-66.6284465589
-66.9645065465
-66.2673291309
-65.9734450439
-65.9313330902
-66.0416881483
-66.2398449116
-66.4840774725
-66.7478144266
-66.0729904483
-65.7989963797
-65.219077837
-65.0304907835
-65.0829888586
-65.2783880751
-65.5530146691
-66.8660211521
-67.7582910034
-68.3683765475
-68.7888153223
-69.0814514098
-69.2876513487
-70.0
-70.0
-70.0
-70.0
-70.0
-63.130164804
-60.1494666977
-58.689398944
-58.190378327
-57.2849207412
-57.165482165
-57.5216362805
-58.1512742071
-58.1215453536
-58.4996565298
-59.1098680178
-59.8389993101
-60.6151781084
-61.3937127838
-62.1477098296
-62.8618510627
-63.5282741005
-64.1438521198
-64.7084038608
-65.2235214433
-66.6913568517
-67.6823462017
-68.3541949383
-68.812164349
-69.1265405171
-68.3452964933
-67.9317068626
-67.7524961887
-67.7198865781
-66.9738554567
-66.6271082686
-66.5314896801
-66.5897355377
-66.7383585343
-66.0679409573
-66.7944753876
-67.3372468661
-67.7516681911
-68.0752653797
-69.1360506493
-69.8013201228
-70.0
-70.0
-70.0
-70.0
-70.0
-70.0
-70.0
-70.0
-70.0
-70.0
-70.0
-70.0
-70.0
-70.0
-70.0
-70.0
-70.0
-70.0
-70.0
-70.0
-70.0
-69.005138231
-69.4379577412
-69.7163841892
-70.0
-70.0
-70.0
-70.0
-70.0
-70.0
-70.0
-70.0
-69.0390184423
-68.4944622263
-68.2179130891
-68.1113865039
-68.1104243359
-68.1728328906
-68.2711835937
-61.3878212292
-57.5448764361
-55.6542803457
-54.9981133467
-55.1044760357
-55.6648111145
0
-70.0
-70.0
-70.0
-70.0
-69.0775390623
-68.5548111977
-68.2893474389
-68.1870909357
-69.1861621209
-69.8127327613
-69.19497679
-68.8511573142
-68.6831603849
-68.6262568812
-68.6379062163
-69.63177128
-70.0
-70.0
-70.0
-70.0
-70.0
-70.0
-70.0
-70.0
-70.0
-70.0
-70.0
-70.0
-70.0
-70.0
-70.0
-70.0
-70.0
-70.0
-63.0003916898
-59.0339469807
-57.0196152559
-56.2436957124
-56.2366874626
-57.6912001941
-58.9742011599
-60.1115283674
-61.1235404129
-62.0266296265
-62.8342621671
-63.4699088108
-63.73563317
-57.1398476307
0
-70.0
-70.0
-70.0
-70.0
-69.9935985368
-69.989971041
-69.014141137
-68.4615051567
-68.18120673
-68.0736541163
-68.0733340775
-68.1373642517
-61.2618486262
-58.4104694334
0
-70.0
-70.0
-70.0
-70.0
-65.6666666667
-62.6555555556
-61.0937037037
-60.4534691358
-54.3093567901
0
-70.0
-70.0
-70.0
-70.0
-69.9410150892
-69.2038866027
-68.4548132907
-68.0568755271
-67.8828836847
-67.8490591232
-67.9004624154
-68.001288977
-69.0893901723
-69.7726045505
-70.0
-63.2702840014
-58.4741197988
-55.980617284
-55.3084814815
-55.394917284
-55.933614856
-56.725712904
-57.6434479693
0
-70.0
-70.0
-70.0
-70.0
-62.5728970855
-58.3642054339
-56.2268502618
-55.4035421499
-55.3961058777
-55.8784405851
-56.6385600568
-57.5400130712
-57.5135593074
-57.9139017388
-58.5569771398
0
-70.0
-70.0
-70.0
-70.0
-69.2367017223
-68.8041660316
-69.4967142543
-69.9290193794
-70.0
-70.0
-70.0
-70.0
-70.0
-70.0
-70.0
-70.0
-70.0
-70.0
-69.2931386454
-69.3617196802
-69.4241443118
-69.4807942803
-69.5320911188
-69.5784661846
-69.6203423512
-68.7459148014
-68.2630611114
-68.0312468604
-68.9317711195
-69.5076933044
-69.0013440813
-68.3974897447
-68.0885941513
-68.8352830807
-69.3221203357
-69.6368186775
-69.8377437266
-69.9637072986
-70.0
-70.0
-69.0585272414
-68.5250260116
-68.2540910733
-68.1497270745
-68.1487844394
-68.2099260437
-68.3062801382
-68.4205499236
-60.5807785895
-56.1908898361
-55.0162452969
-54.8109170635
-55.194022888
-55.9174189531
-56.8208759604
-57.8022542995
-58.7488997733
-59.6919237319
-60.0457850937
-60.5899090744
-61.2300531603
-61.2027674695
-61.4796371393
-61.9297710366
-61.7651553033
-61.9408806866
-62.314953227
-62.7955649771
-63.3240798612
-63.8637194629
-63.4798374037
-63.1335135881
-63.1546021791
-63.3954352611
-63.7600872683
-64.1868755636
-64.6367193554
-66.0852011661
-67.084783547
-67.7817068574
-68.2738039483
-68.6266020713
-68.884060876
-69.0757341296
-69.2215469442
-69.3349830681
-69.4252119735
-69.4985089176
-69.5592034535
-69.6103133933
-69.6539689107
-62.6916967783
-58.7579436063
-55.7725605734
-54.4555787346
-54.1835370068
-54.5475274032
-55.2810040609
-56.2117232536
0
-70.0
-70.0
-70.0
-70.0
-69.2641591447
-68.84718266
-69.5476325186
-69.9829813499
-70.0
-70.0
-70.0
-69.0777358164
-68.5551194457
-68.2897123084
-68.1874776158
-68.186554213
-68.2464483642
-67.4286280713
-67.0236482932
-66.8798721499
-66.8976107256
-67.0116668468
-67.1797116247
-68.3735331447
-69.1440416185
-69.6348786489
-62.9416747854
-59.1610299745
-57.2539420888
-56.5345579544
-56.5517755419
-57.0103802431
-57.718530389
-58.5528027969
-59.4349394818
-60.3163901766
-54.289438297
0
-70.0
-70.0
-70.0
-70.0
-69.2208504801
-68.7793324188
-68.5551105014
-68.4687403343
-67.5264878863
-66.710253488
-66.3301710661
-67.2167418974
-68.1747929996
-68.8104638943
-69.2315176347
-69.5097659577
-69.6930560863
-69.8132616272
-69.8916095642
-69.9422313409
-69.9745300289
-70.0
-70.0
-70.0
-70.0
-70.0
-70.0
-70.0
-70.0
-70.0
-70.0
-70.0
-70.0
-70.0
-70.0
-70.0
-70.0
-70.0
-70.0
-70.0
-69.6666663853
-69.477777337
-69.3818513301
-69.3449006816
-69.3445669365
-69.3662144582
-69.4003291559
-70.0
-70.0
-70.0
-70.0
-70.0
-70.0
-63.0826532641
-59.1628234471
-57.1721647753
-55.4068865186
-55.8168151507
-56.5355451583
-57.4155983242
-58.3631102796
-60.1219829127
-61.5065737288
-62.6204424274
-64.2384526028
-65.4013102879
-66.252314556
-65.899400985
-65.8243394762
-65.918491255
-66.1110326139
-66.3561896753
-65.7564314992
-65.5380288769
-65.0001641187
-64.8441064598
-64.9223349825
-65.1385275967
-66.4268667579
-67.3189746961
-67.9436069691
-68.3869327673
-68.7066971539
-68.9416658808
-69.1179249209
-69.2530828476
-62.3590856585
-58.4773844898
0
-70.0
-70.0
-70.0
-70.0
-65.3351658986
-62.6917599078
-61.3493243164
-60.8322188177
-59.8276373293
-59.563967192
-59.7536328699
-60.2089778476
-60.8085522393
-55.5960097726
0
-70.0
-70.0
-70.0
-70.0
-65.9766803841
-58.7708733425
-54.8216933394
0
-70.0
-70.0
-70.0
-70.0
-69.4620446003
-69.1572032072
-69.0023915977
-69.9417432862
-70.0
-70.0
-70.0
-69.6426882549
-69.4402115994
-68.7818296639
-68.4274061804
-68.2671718843
-67.5250885402
-67.1623355823
-60.040676022
-56.0996577517
-54.1983915311
0
-70.0
-70.0
-70.0
-70.0
-70.0
-70.0
-70.0
-70.0
-70.0
-70.0
-70.0
-70.0
-70.0
-70.0
-70.0
-70.0
-70.0
-70.0
-69.0002678365
-68.4337529438
-68.1460522434
-69.0342151225
-69.9326390125
-70.0
-70.0
-70.0
-70.0
-69.1316051051
-61.6395694231
-57.4230290331
-55.3123371647
-54.5355108048
-54.5848979621
-55.128366991
-55.9501695087
-57.9064404713
-59.8166550331
-61.3022286024
-55.6048891667
0
-70.0
-70.0
-70.0
-70.0
-69.9410150892
-69.2038866027
-68.788146624
-68.0235421938
-67.2973281292
-66.9516887528
-66.8459155019
-59.9235553188
-57.0670022561
-55.7841703432
-55.4883321841
-55.7945515491
-56.4517981165
0
-70.0
-70.0
-70.0
-70.0
-63.0139160425
-59.0551351333
-57.0446954166
-56.2702750728
0
-70.0
-70.0
-70.0
-70.0
-69.0785512886
-69.5560962902
-69.8574200814
-70.0
-70.0
-70.0
-70.0
-70.0
-70.0
-63.0390161245
-60.0684463002
-58.6171561956
-58.1258102596
-58.2268090227
-59.4823171156
-60.5862114009
-61.5623409253
-55.7024030386
0
-70.0
-70.0
-70.0
-70.0
-69.4114718205
-69.0779725188
-68.9086071872
-68.8433677486
-68.8427784939
-69.8775735038
-63.5564828194
-59.9786123148
-58.1659362682
-57.4727994313
-57.4744906814
-57.8930224088
-57.547707365
-57.7555947599
-59.2624617433
-60.5244998752
-61.5975727585
-62.5214973966
-64.1276047353
-65.2870156474
-59.1637400848
-56.5546871147
-55.4374324289
-54.2640595564
-54.084567181
-54.5073861831
-54.5737943412
-55.1278460913
-55.956015605
-56.9210501264
-57.9360358351
-58.9471593991
-59.9222615575
-60.8432474673
-61.7010640976
-62.4923852725
-63.2174318018
-63.8785453259
-64.4792619295
-65.023716494
-65.5162653496
-65.9612524846
-66.3628696828
-66.725077679
-67.051566554
-67.3457409939
-68.610681356
-69.4159561946
-69.4742784374
-69.5267958352
-69.574079746
-69.9499807676
-70.0
-69.444433628
-69.1296126838
-68.9697330278
-68.9081474667
-68.9075912144
-68.075358332
-67.6401733249
-67.4577232098
-67.4329957004
-67.5037260047
-67.6293733205
-66.8715740945
-67.1844166017
-67.4659748859
-68.2749329158
-68.8178099699
-69.1829425367
-69.4292573256
-69.5960709547
-69.6364638543
-69.6728174656
-69.7055357169
-70.0
-69.6666666657
-62.4777777769
-56.0818518511
0
-70.0
-70.0
-70.0
-70.0
-69.7908855357
-70.0
-69.3935375705
-69.6054310827
-69.7457194872
-69.838368547
-69.899345698
-69.939287132
-69.9652757547
-69.9820264031
-69.9926759121
-69.9993097537
-70.0
-70.0
-70.0
-63.0025691155
-56.7040249477
-54.364672128
0
-70.0
-70.0
-70.0
-70.0
-66.9764798983
-65.2631518407
-63.3931390496
-62.4913600732
-61.6450251294
-61.4157233255
-61.564284799
-61.9346121897
-62.4256548845
-62.1044459147
-55.2288570954
0
-70.0
-70.0
-70.0
-70.0
-68.6338785131
-68.8596538991
-69.0331306674
-69.1694457062
-69.9826235762
-70.0
-70.0
-70.0
-70.0
-70.0
-63.0800841486
-59.1587984994
-57.1674004933
-56.4003150065
-56.3933865475
-56.8427832539
-57.5509951693
0
-70.0
-70.0
-70.0
-70.0
-69.0788065367
-62.1713373739
-58.2878112971
-56.3479190563
-55.6390530766
-55.6924317195
-56.201377848
-56.9666995968
-57.8603359929
-58.8011732974
-59.7389699035
-60.6436822038
-54.5793139834
0
-70.0
-70.0
-70.0
-70.0
-63.1481481481
-58.462962963
0
-70.0
-70.0
-70.0
-70.0
-66.8888888889
-65.1259259259
-64.230617284
-63.885744856
-63.882629904
-64.0846732693
-64.4030768462
-64.7806830975
-65.1812240783
-65.5821745309
-66.9526641215
-66.8880967584
-66.9530864486
-67.0936440478
-67.274857139
-67.4744230891
-68.590557061
-69.3072188755
-62.7624137689
-59.0767835793
-57.2295126796
-56.5468330504
0
-70.0
-70.0
-70.0
-70.0
-65.3433719144
-63.6969086527
-62.9191337405
-62.6884976685
-62.7938327697
-63.0972394048
-63.5093754057
-64.8852196641
-65.8812188971
-66.6161111403
-67.1698427815
-67.5964203402
-67.9324861974
-68.2030428385
-67.4252806103
-67.044447253
-66.9144656636
-59.9440643308
-56.0970213868
-54.2522282409
0
-70.0
-70.0
-70.0
-70.0
-69.2831030989
-68.1731578179
-67.5680853886
-67.2861057515
-67.2073811108
-67.2532336227
-67.3723040091
-67.5313361073
-67.7090441627
-66.9310526327
-66.233222627
-65.9400838694
-58.9016362531
-54.3448094379
0
-70.0
-70.0
-70.0
-70.0
-63.0438957476
-59.1021033379
-57.1002911142
-55.355206371
-54.7963153127
-54.9677701673
-55.5717174078
-56.4150285052
-56.5055347896
-57.0096540673
-57.7451371649
0
-70.0
-70.0
-70.0
-70.0
-69.7058375248
-69.5391454555
-69.454492032
-69.4218835769
-69.4215890513
-69.4406927009
-70.0
-69.6127152403
-62.429221494
-58.3714845298
-56.3244595336
-55.5520958848
-55.5702744993
-56.0621725181
-56.8219055787
-57.7170152291
-57.68952614
-58.0833818151
-59.7092084798
-61.0277308625
-55.1718713565
0
-70.0
-70.0
-70.0
-70.0
-64.705685109
-57.8166844485
-55.0720530407
-54.2562057613
-54.291490535
-54.8362783813
-54.7271361399
0
-70.0
-70.0
-70.0
-70.0
-69.0781893004
-68.555829904
-68.2905532693
-68.1883688462
-68.1874458975
-68.2473105983
-68.3416523989
-68.4535357326
-68.5722145417
-68.6910146758
-68.8059276004
-61.9253348404
-57.0738420363
-54.593818286
0
-70.0
-70.0
-70.0
-70.0
-69.1713153483
-68.3683940456
-67.9410281292
-67.753240975
-67.0117569463
-66.6664746309
-66.5704227539
-66.6271108693
-66.7735533762
-66.9689671011
-67.187249766
-67.4119777061
-67.63308188
-67.844641655
-68.0434227981
-68.2279107241
-68.3976731222
-69.552490364
-69.5970565176
-69.6372276593
-69.1178672
-68.8356553512
-68.1495841746
-67.7996219961
-67.6629906225
-67.658912111
-67.734501267
-67.855371385
-67.9993810764
-68.1524741886
-69.298206903
-70.0
-70.0
-70.0
-70.0
-70.0
-70.0
-69.4444443611
-69.8333332027
-70.0
-70.0
-70.0
-70.0
-70.0
-70.0
-70.0
-70.0
-69.1975308628
-68.7427983516
-68.5118655666
-67.719206673
-67.319637781
-67.1692418532
-67.1733629013
-67.2700567669
-67.419071194
-67.5945108104
-67.7799575533
-67.9652270139
-68.1442144564
-68.3134664401
-68.4712354156
-68.6168556204
-67.755470787
-67.3134575274
-67.1378009874
-67.1278136972
-67.2175608665
-67.3641571391
-67.5399763314
-68.7274510348
-69.4823541557
-69.9525508897
-70.0
-70.0
-70.0
-70.0
-70.0
-70.0
-70.0
-70.0
-70.0
-70.0
-70.0
-70.0
-70.0
-70.0
-70.0
-70.0
-70.0
-70.0
-70.0
-70.0
-70.0
-70.0
-70.0
-70.0
-70.0
-70.0
-70.0
-70.0
-69.2962962963
-68.8975308642
-68.6950205761
-67.9133100137
-67.5138400091
-67.3570300061
-67.3510430041
-67.4357493694
-66.7037354524
-66.3744025871
-66.297656115
-67.3715942072
-61.103570589
-57.6393040651
-55.9727673485
-55.4404197403
-55.6063305174
-56.1856659664
-56.9937450369
-57.9121343113
-58.8660967323
0
-70.0
-70.0
-70.0
-70.0
-69.0797963192
-68.5583475667
-68.2935333964
-68.1915271143
-68.1906057745
-68.2503661115
-61.425470583
-57.6163509131
-54.7436938154
0
-70.0
-70.0
-70.0
-70.0
-69.3935375705
-69.0498755271
-68.3197935613
-67.9377512631
-67.7772675087
-68.6672768439
-69.2457065503
-69.6179074891
-69.8539644694
-70.0
-69.1269507664
-68.6322228674
-68.380978699
-68.2841995747
-68.2833254477
-67.4717106993
-66.735684827
-66.4028798093
-66.3231008051
-66.3977967091
-66.5626876945
-66.7761993626
-67.0117663847
-67.2527143851
-67.4888593726
-67.7142510526
-67.9256776922
-61.1216825602
-56.3429367423
0
-70.0
-70.0
-70.0
-70.0
-68.3950617284
-67.4855967078
-67.0237311385
-66.845820759
-66.8442138394
-66.9484425596
-67.112698373
-67.3074952487
-67.5227942974
-67.7345472501
-67.9371141133
-68.1274170942
-68.3040183129
-68.466511767
-68.6151241139
-68.7504540516
-68.8733035458
-68.9845697908
-69.0851772115
-69.1760357568
-69.2580163588
-69.331937508
-69.3985589473
-69.4585798459
-69.8459730569
-70.0
-70.0
-70.0
-70.0
-70.0
-69.1316800318
-68.6396320498
-69.3312211955
-69.7684673097
-70.0
-70.0
-63.3566529492
-59.5920896205
-57.6802819692
-56.9438546461
-56.9372030974
-57.3686387316
-58.0485454877
-58.8548713585
0
-70.0
-70.0
-70.0
-70.0
-68.6360285142
-67.863111339
-67.4705906558
-67.3193918908
-67.3180262354
-68.4063052389
-69.1123957998
-69.565636943
-69.8520603975
-70.0
-70.0
-69.4337873726
-69.1129335503
-68.9499901387
-68.8872244204
-68.8866575087
-68.9234287781
-68.9813772471
-69.0501004203
-69.1229976435
-69.1959693894
-70.0
-70.0
-70.0
-70.0
-70.0
-70.0
-70.0
-70.0
-70.0
-70.0
-70.0
-70.0
-63.0075736894
-58.0452878849
-55.466406806
-54.4035312652
-54.2856882318
-54.7387928041
0
-70.0
-70.0
-70.0
-70.0
-62.6296296296
-58.4530864198
-56.3320576132
-54.712569273
-54.2504572931
-54.4981748621
-55.163532908
-56.0572966387
-57.0583116558
-58.0903102775
-59.106499108
-60.0793291027
-60.9937161294
-60.8598993377
-61.0842792847
-61.5160979435
-62.0579858739
-62.6478524364
-63.2468439594
-64.8312104173
-65.9541232782
-67.3182891076
-68.2261789684
-68.8300402525
-69.2313556813
-69.4977664158
-70.0
-70.0
-70.0
-70.0
-70.0
-70.0
-70.0
-70.0
-70.0
-70.0
-70.0
-70.0
-69.0260108705
-68.4740836971
-68.1937912698
-67.3821190674
-66.9823784437
-66.8431214547
-66.8647965462
-66.179839247
-65.8962035593
-65.3072598058
-64.7769848935
-64.2995871164
-64.2031622129
-64.338535197
-57.6084744858
0
-70.0
-70.0
-70.0
-70.0
-69.3594550614
-68.9964795962
-67.8237060171
-66.8592516691
-66.3852706713
-66.2213730503
-66.2489887093
-66.3905918144
-66.5958672837
-66.8325036558
-67.1385962183
-67.4176318819
-67.1155766618
-67.734194678
-68.1808923318
-68.5095478463
-68.7564228935
-69.7484696279
-70.0
-69.4441672295
-69.1291953263
-68.9692390068
-68.9076239149
-68.9070673959
-68.9431645713
-69.0000507242
-69.0675140584
-70.0
-70.0
-70.0
-70.0
-70.0
-70.0
-69.0877905456
-68.5708718548
-68.3083582451
-68.2072381378
-68.2063248022
-68.2655659741
-69.3512177981
-70.0
-63.9609815577
-60.8722044404
-59.323198022
-58.7496875702
-58.7805917135
-59.1731144756
-59.7695243171
-60.4683860781
-61.2054235987
-61.9407986578
-62.650663738
-63.3215606615
-63.9467134603
-64.5235813575
-65.0522493839
-65.5343752203
-65.9725048814
-66.3696325154
-59.7336578217
-56.0942844114
0
-70.0
-70.0
-70.0
-70.0
-65.2017054937
-62.4826719402
-61.10182941
-60.5699295783
-60.56512536
-60.8767386503
-60.3793763561
-60.4016464344
-60.7349536002
-61.2437727797
-61.8409385281
-62.4712066928
-63.1003273686
-63.7077888617
-63.3210245712
-63.3115985112
-63.5288895915
-63.8749679199
-64.286782653
-64.7243120711
-65.1626859862
-65.5869541358
-66.9886165464
-67.9299934412
-61.5640970116
-58.0257559201
-55.3096000812
-54.1695865751
-54.013258919
-54.4523536947
-55.2340654369
-56.1952903011
-58.2148406796
-59.8194095507
-61.1215038884
-61.2247226562
-61.5791631617
-62.0725220263
-62.6327866108
-63.2145191412
-63.7897413547
-64.3418833043
-64.8617723639
-65.3449800543
-65.790072
-66.1974581007
-66.5686411578
-65.9134369668
-65.6565332199
-65.6471731978
-65.7866514113
-66.0107832923
-65.409923554
-65.2024102592
-65.2378219404
-65.4178082177
-65.6785397102
-65.979027282
-66.293352249
-66.6055021543
-67.9059302917
-68.7559894977
-69.3074920381
-69.661477161
-69.8851523294
-70.0
-70.0
-70.0
-70.0
-63.4434294852
-58.7287161663
0
-70.0
-70.0
-70.0
-70.0
-65.4320987654
-58.9547325103
-56.3048010974
-55.1713488797
0
-70.0
-70.0
-70.0
-70.0
-68.9391860997
-68.3380582228
-68.032779556
-67.9151863706
-68.9025632272
-69.5315705668
-69.9245892851
-70.0
-63.9922926534
-59.593063388
-57.8559792715
-57.2185294925
-57.262108642
-57.7128525103
-58.3928704143
-59.1877854762
-59.9958778324
-61.1475373184
-61.5780595438
-62.1171042276
-62.7032942303
-63.2982317575
-63.8785865486
-57.4468321462
-54.0062184332
0
-70.0
-70.0
-70.0
-70.0
-68.9287779202
-68.3217520749
-68.0134781653
-61.0161219234
-57.1171707808
-55.2072277359
-54.5543543178
-54.677485123
-55.262114102
-57.1040206955
-57.6505916483
-58.3901811651
-59.2209288363
-60.0786798112
-60.9240410691
-60.8654770309
-61.134822707
-61.0363804669
-61.2761024406
-62.6933906802
-63.787317268
-64.650762645
-65.3471377831
-65.0078497684
-64.6373486339
-64.5938029988
-64.7478821844
-65.9763818473
-66.8476022502
-67.4754144169
-67.0240460649
-66.8524235182
-66.8543692062
-67.8725994836
-68.5544510006
-69.0117468775
-69.3190661743
-69.5261555466
-69.6662039851
-61.7873750818
-57.3338319038
-55.0839116001
-54.2311623646
-54.2451407445
-54.7786897476
-55.6061961579
-56.5824934655
-57.6155220678
-58.6481551603
-59.6461298438
-61.5890286999
-63.0351337235
-63.6956527335
-64.6354423818
-65.378134758
-65.9778123585
-66.4716918401
-66.8856298011
-67.2378049177
-67.5119193253
-67.425990659
-67.4602337706
-60.5660622454
-56.7440239221
-54.8926667974
-54.285430296
-54.4449073853
-56.0200782837
-57.4311782133
-58.6967988973
-59.8329446777
-60.8535339901
-60.7784771245
-60.7074937676
-60.9746539613
-54.8771885651
0
-70.0
-70.0
-70.0
-70.0
-66.3100137174
-64.2190214906
-58.5008230453
0
-70.0
-70.0
-70.0
-70.0
-63.0617792003
-59.1301207472
-57.1334549837
-55.3720477061
-54.8028017494
0
-70.0
-70.0
-70.0
-70.0
-68.8821808751
-68.2487500376
-67.9270665339
-68.8027031208
-69.367994969
-69.7282369122
-69.9534408478
-70.0
-69.0957196252
-68.5832940795
-68.3230622827
-68.2228211286
-69.1959034369
-69.8065560407
-69.2671872302
-68.9679930362
-68.8228767519
-68.7750444229
-68.7871768781
-68.8348837886
-68.902345142
-68.9794104493
-69.0596692853
-69.1391689441
-69.2155631079
-69.2875475026
-69.354486556
-69.4161671028
-69.4726365275
-69.5240969647
-68.5723591004
-68.0489044118
-67.7998681182
-67.7237840715
-67.7540075077
-66.9786952287
-66.6142180203
-67.5083514925
-68.127886526
-69.1175668842
-69.7407895363
-70.0
-70.0
-70.0
-70.0
-70.0
-70.0
-63.0800841486
-59.1587984994
-57.1674004933
-56.4003150065
-56.3933865475
-56.8427832539
-57.5509951693
-58.3908891462
-59.2817958941
-60.1736134131
-62.0347277052
-63.4169053569
-64.4656484361
-65.279372669
-65.9249614532
-66.4481493419
-66.8804570971
-67.2438265136
-67.5537206131
-67.821199719
-60.056421277
-55.7290068359
0
-70.0
-70.0
-70.0
-70.0
-69.5327936515
-69.2680433873
-69.1335917826
-70.0
-70.0
-63.9922926534
-60.5879251569
-57.8624659746
-56.6317749327
0
-70.0
-70.0
-70.0
-70.0
-68.3744855967
-67.4533607682
-66.9855738455
-66.8053825636
-66.8037550424
-66.9093200283
-67.0756816855
-67.272975957
-67.4822533213
-68.6840372826
-69.7823064166
-69.4600853697
-69.2847498959
-69.2033902818
-62.1842858215
-59.1016597085
-57.6153620504
-57.1364047205
-57.2778168319
0
-70.0
-70.0
-70.0
-70.0
-68.4375349286
