-70.0
-70.0
-70.0
-70.0
-70.0
-70.0
-70.0
-70.0
-70.0
-70.0
-70.0
-70.0
-70.0
-70.0
-70.0
-70.0
-70.0
-70.0
-70.0
-70.0
-70.0
-70.0
-70.0
-70.0
-70.0
-70.0
-70.0
-70.0
-70.0
-70.0
-63.7529853673
-60.2130104087
-58.4152584199
-57.8727639891
-54.1342994632
-55.2757666697
-58.7046447835
-62.5999764385
-65.2906891798
-67.0620938519
-68.2228668601
-68.9785684364
-69.4660371009
-69.776317063
-69.9699411381
-70.0
-69.8662597418
-70.0
-70.0
-70.0
-70.0
-70.0
-70.0
-70.0
-70.0
-70.0
-70.0
-70.0
-70.0
-70.0
-70.0
-70.0
-70.0
-70.0
-70.0
-70.0
-70.0
-70.0
-70.0
-70.0
-70.0
-70.0
-70.0
-70.0
-70.0
-70.0
-70.0
-70.0
-70.0
-70.0
-70.0
-70.0
-70.0
-70.0
-70.0
-70.0
-70.0
-70.0
-70.0
-70.0
-70.0
-70.0
-70.0
-63.8650871513
-60.3886365371
-58.6231449506
-57.9430785004
-59.29467047
-64.2353513014
-70.0
-70.0
-68.0555387012
-67.0760451226
-66.5858141381
-66.4054817427
-66.4170995808
-66.5435002976
-66.7345573844
-66.9580397237
-69.1428339104
-70.0
-70.0
-70.0
-70.0
-70.0
-70.0
-70.0
-70.0
-70.0
-70.0
-70.0
-70.0
-70.0
-70.0
-69.876654431
-70.0
-70.0
-70.0
-70.0
-70.0
-70.0
-70.0
-70.0
-70.0
-70.0
-70.0
-70.0
-70.0
-70.0
-70.0
-70.0
-70.0
-70.0
-70.0
-70.0
-70.0
-70.0
-70.0
-70.0
-70.0
-70.0
-70.0
-70.0
-70.0
-70.0
-70.0
-70.0
-70.0
-70.0
-70.0
-70.0
-70.0
-70.0
-70.0
-70.0
-70.0
-70.0
-70.0
-70.0
-66.447630611
-64.4346212906
-63.412328322
-63.0185415967
-63.0149848417
-63.2456846273
-63.6092483444
-64.0404116299
-65.5501578029
-68.8648956028
-70.0
-70.0
-70.0
-70.0
-70.0
-70.0
-70.0
-70.0
-70.0
-70.0
-70.0
-70.0
-70.0
-70.0
-70.0
-70.0
-70.0
-70.0
-70.0
-70.0
-70.0
-63.4721014588
-62.9528830494
-66.806306766
-70.0
-70.0
-70.0
-70.0
-70.0
-70.0
-70.0
-70.0
-70.0
-70.0
-70.0
-70.0
-70.0
-70.0
-70.0
-70.0
-70.0
-70.0
-70.0
-70.0
-70.0
-70.0
-70.0
-70.0
-70.0
-70.0
-70.0
-70.0
-70.0
-70.0
-70.0
-70.0
-70.0
-70.0
-70.0
-70.0
-63.4241018838
-59.697759618
-59.7787338819
-67.4372694138
-70.0
-70.0
-67.4946912633
-66.0750163125
-65.3540441316
-60.1708118983
-57.3885121617
-56.1395152477
-55.8521332577
-56.1512996218
-58.3189517299
-66.8160686429
-70.0
-70.0
-70.0
-68.0762417749
-66.9861121139
-66.4324972469
-66.2192450852
-66.2173189519
-66.3422526402
-66.5391377652
-66.7726309147
-67.0203057739
-70.0
-70.0
-70.0
-70.0
-70.0
-70.0
-70.0
-70.0
-70.0
-70.0
-70.0
-70.0
-70.0
-70.0
-70.0
-67.5698472791
-66.347301781
-65.8566806266
-65.7004185797
-65.7499807322
-59.8690663254
-56.6782154705
-55.2077644419
-56.0367119815
-55.9736427709
-61.9691677833
-69.1863380699
-70.0
-70.0
-70.0
-70.0
-70.0
-70.0
-70.0
-70.0
-70.0
-70.0
-70.0
-67.2706138423
-68.6836833783
-70.0
-70.0
-70.0
-70.0
-70.0
-70.0
-63.6438313961
-60.0420025206
-60.2003798798
-67.0406942345
-70.0
-70.0
-70.0
-70.0
-70.0
-70.0
-70.0
-70.0
-70.0
-70.0
-70.0
-70.0
-70.0
-70.0
-70.0
-70.0
-70.0
-70.0
-70.0
-70.0
-70.0
-64.006830632
-60.6107013235
-58.8860003609
-58.221646438
-59.2789354151
-58.8370528211
-60.9439976603
-62.8168340363
-64.3041238015
-65.3863602005
-66.1894900332
-66.7983849318
-67.2704423732
-67.6446620922
-67.9477051873
-69.580220959
-70.0
-70.0
-70.0
-70.0
-70.0
-70.0
-65.3208661049
-62.6693568976
-61.3228061433
-60.804115486
-60.7994305754
-61.1033052765
-61.582186588
-66.416833388
-70.0
-70.0
-70.0
-70.0
-70.0
-70.0
-70.0
-70.0
-70.0
-70.0
-63.3415078307
-59.5683622682
-58.5814868163
-63.7620059
-70.0
-70.0
-70.0
-70.0
-70.0
-70.0
-70.0
-70.0
-70.0
-70.0
-70.0
-70.0
-63.3576646328
-63.9106372562
-70.0
-70.0
-70.0
-70.0
-70.0
-70.0
-70.0
-70.0
-70.0
-63.5935920529
-59.9632942163
-58.8956173337
-60.1727470913
-66.6823288914
-70.0
-70.0
-70.0
-70.0
-70.0
-70.0
-70.0
-70.0
-70.0
-70.0
-63.4170914911
-63.5713645467
-67.1300509182
-70.0
-70.0
-70.0
-70.0
-70.0
-70.0
-70.0
-70.0
-70.0
-70.0
-70.0
-70.0
-70.0
-70.0
-70.0
-70.0
-70.0
-70.0
-70.0
-70.0
-70.0
-70.0
-70.0
-70.0
-70.0
-70.0
-70.0
-70.0
-70.0
-70.0
-70.0
-70.0
-70.0
-70.0
-70.0
-70.0
-70.0
-70.0
-70.0
-70.0
-70.0
-70.0
-70.0
-70.0
-70.0
-70.0
-70.0
-70.0
-70.0
-70.0
-70.0
-70.0
-70.0
-70.0
-70.0
-70.0
-70.0
-70.0
-67.5579016814
-66.1740459676
-65.4712643403
-65.2005532193
-65.198108106
-65.3567041012
-65.6066382283
-65.9030440969
-66.2174528149
-67.1539198953
-70.0
-70.0
-70.0
-70.0
-70.0
-70.0
-70.0
-70.0
-70.0
-63.7155517377
-60.1543643891
-58.3458398337
0
-70.0
-70.0
-70.0
-70.0
-70.0
-70.0
-70.0
-70.0
-70.0
-70.0
-70.0
-70.0
-70.0
-70.0
-70.0
-70.0
-70.0
-70.0
-70.0
-70.0
-70.0
-70.0
-64.2821577454
-61.0420471344
-59.3965791967
-58.7627457942
-58.7570208929
-60.5401324944
-59.3561374813
-64.2427458639
-69.7988001387
-70.0
-70.0
-70.0
-70.0
-70.0
-70.0
-70.0
-70.0
-63.3216749339
-59.5372907298
-58.2522182444
-62.8853520127
-70.0
-70.0
-70.0
-70.0
-70.0
-70.0
-70.0
-70.0
-70.0
-70.0
-70.0
-70.0
-70.0
-70.0
-70.0
-70.0
-70.0
-68.6983040707
-68.2126342478
-67.9808112124
-67.9090236841
-67.9356503777
-68.0204380479
-68.1372960484
-68.2695009805
-61.9327326332
-59.1788449435
-61.6856206145
-62.8112916465
-66.1614649214
-68.988718257
-70.0
-70.0
-70.0
-70.0
-70.0
-70.0
-70.0
-70.0
-70.0
-70.0
-70.0
-70.0
-70.0
-70.0
-70.0
-70.0
-70.0
-70.0
-70.0
-70.0
-70.0
-70.0
-70.0
-70.0
-70.0
-70.0
-70.0
-70.0
-70.0
-70.0
-70.0
-70.0
-70.0
-70.0
-70.0
-70.0
-70.0
-70.0
-70.0
-70.0
-70.0
-70.0
-70.0
-70.0
-70.0
-70.0
-70.0
-63.3775287148
-59.7830747025
-60.1801149266
-66.5673472681
-70.0
-70.0
-67.4101057315
-66.0720890256
-65.4002093679
-65.1504079277
-65.1621801327
-65.3305041179
-59.3017210526
-56.0410605117
-55.3392037183
-58.7258595141
-67.6227362773
-69.8632121269
-70.0
-70.0
-70.0
-70.0
-70.0
-70.0
-70.0
-70.0
-70.0
-70.0
-70.0
-70.0
-70.0
-70.0
-70.0
-70.0
-70.0
-70.0
-70.0
-70.0
-70.0
-70.0
-70.0
-70.0
-70.0
-70.0
-70.0
-64.4156058413
-61.251115818
-59.6440512768
-59.0250108428
-59.6560124985
-61.3288381458
-63.0891138685
-65.4796208002
-67.6968540644
-70.0
-70.0
-70.0
-70.0
-70.0
-70.0
-70.0
-70.0
-70.0
-70.0
-70.0
-70.0
-70.0
-70.0
-70.0
-70.0
-70.0
-70.0
-70.0
-70.0
-70.0
-70.0
-70.0
-70.0
-70.0
-70.0
-70.0
-70.0
-70.0
-70.0
-70.0
-70.0
-70.0
-70.0
-70.0
-70.0
-70.0
-70.0
-70.0
-70.0
-70.0
-70.0
-70.0
-65.4091254108
-62.8076298102
-61.4864781229
-60.977571173
-60.9729746307
-61.271117551
-63.1508529016
-66.5509610094
-70.0
-70.0
-70.0
-70.0
-70.0
-70.0
-70.0
-70.0
-70.0
-70.0
-70.0
-63.3237870112
-62.2542273417
-69.9845067532
-70.0
-70.0
-70.0
-70.0
-70.0
-70.0
-70.0
-70.0
-70.0
-70.0
-70.0
-70.0
-70.0
-70.0
-70.0
-70.0
-70.0
-64.9982434102
-62.163914676
-60.7245202796
-60.1700662991
-60.1650583676
-60.4898849963
-63.0677592971
-70.0
-70.0
-70.0
-70.0
-70.0
-70.0
-70.0
-70.0
-70.0
-70.0
-70.0
-70.0
-70.0
-70.0
-70.0
-70.0
-70.0
-70.0
-70.0
-70.0
-70.0
-70.0
-63.6448412907
-60.0435846888
-58.2147112381
-59.7526591944
-68.7365104639
-70.0
-70.0
-70.0
-69.2436669898
-68.8150782841
-68.5974224512
-63.6851427632
-60.9482701917
-59.6078709757
-59.1500357469
-59.2370000848
-59.6479453513
-60.3977640208
-56.2952700162
-56.2226126123
-58.8931777466
-62.3026460633
-65.368387483
-67.3622194187
-68.7838550934
-69.6773746617
-70.0
-70.0
-70.0
-70.0
-70.0
-70.0
-70.0
-70.0
-70.0
-70.0
-70.0
-70.0
-70.0
-63.6618043392
-57.783879923
-54.6643292759
-54.4150705507
-58.9515505085
-66.2930019622
-70.0
-70.0
-70.0
-70.0
-70.0
-70.0
-70.0
-63.732183935
-60.1804214981
-59.3335390309
-63.3593304288
-70.0
-70.0
-70.0
-70.0
-70.0
-70.0
-70.0
-70.0
-70.0
-70.0
-70.0
-70.0
-70.0
-70.0
-70.0
-70.0
-70.0
-70.0
-70.0
-70.0
-70.0
-70.0
-70.0
-70.0
-70.0
-70.0
-70.0
-70.0
-70.0
-70.0
-70.0
-70.0
-70.0
-70.0
-70.0
-70.0
-70.0
-70.0
-70.0
-69.6239432891
-70.0
-70.0
-70.0
-70.0
-70.0
-70.0
-70.0
-70.0
-70.0
-70.0
-70.0
-70.0
-70.0
-70.0
-70.0
-70.0
-70.0
-70.0
-70.0
-67.3929149068
-65.9155666874
-65.1653055328
-64.8763053223
-64.8736950186
-65.043005669
-65.3098252037
-65.6262560844
-66.1231541845
-68.3186005867
-70.0
-70.0
-70.0
-70.0
-70.0
-70.0
-70.0
-70.0
-70.0
-70.0
-70.0
-70.0
-70.0
-70.0
-70.0
-70.0
-70.0
-70.0
-70.0
-70.0
-70.0
-70.0
-70.0
-70.0
-70.0
-70.0
-70.0
-70.0
-70.0
-70.0
-70.0
-70.0
-70.0
-70.0
-70.0
-70.0
-70.0
-70.0
-70.0
-70.0
-70.0
-70.0
-70.0
-70.0
-70.0
-70.0
-70.0
-70.0
-67.4853756843
-66.0604219055
-65.336768908
-65.0580181459
-65.0555004171
-65.2188064326
-65.4761631608
-65.781371759
-66.1051178593
-67.7159418798
-70.0
-70.0
-70.0
-70.0
-70.0
-70.0
-70.0
-70.0
-64.0731160707
-60.7145485108
-59.0089230244
-58.3519169652
-58.3459827641
-59.2201073084
-66.5500176507
-70.0
-70.0
-69.0045636231
-68.5712767595
-68.3589287494
-68.2862223183
-68.2997243824
-68.3645014748
-68.4578843477
-68.5653179266
-68.8388444238
-64.1506040322
-68.1541325007
-70.0
-70.0
-70.0
-70.0
-70.0
-70.0
-64.350781071
-61.1495570112
-59.5238373416
-58.8976109618
-58.8919547686
-62.0028105797
-64.8326784755
-67.5069715279
-70.0
-70.0
-70.0
-70.0
-70.0
-70.0
-70.0
-70.0
-70.0
-70.0
-70.0
-70.0
-70.0
-70.0
-70.0
-70.0
-70.0
-70.0
-70.0
-70.0
-70.0
-70.0
-70.0
-70.0
-70.0
-70.0
-70.0
-70.0
-70.0
-70.0
-70.0
-70.0
-70.0
-70.0
-70.0
-70.0
-70.0
-70.0
-70.0
-70.0
-70.0
-70.0
-70.0
-70.0
-70.0
-70.0
-70.0
-70.0
-70.0
-63.4531950992
-59.7433389887
-55.0290158147
-55.6360679624
-62.4844823111
-69.2747705796
-70.0
-70.0
-70.0
-70.0
-70.0
-70.0
-70.0
-70.0
-70.0
-70.0
-70.0
-70.0
-70.0
-70.0
-70.0
-70.0
-65.9644456015
-63.6776314423
-62.5162885654
-62.0689398871
-62.0648993506
-62.3269783836
-62.7399931906
-63.3877054289
-65.6126548618
-70.0
-70.0
-70.0
-70.0
-70.0
-70.0
-70.0
-70.0
-70.0
-70.0
-70.0
-70.0
-70.0
-70.0
-70.0
-70.0
-70.0
-70.0
-70.0
-70.0
-70.0
-70.0
-70.0
-70.0
-70.0
-70.0
-63.4099379318
-60.4944508787
-62.9489010085
-70.0
-70.0
-70.0
-70.0
-70.0
-70.0
-70.0
-70.0
-70.0
-70.0
-70.0
-70.0
-70.0
-70.0
-70.0
-70.0
-70.0
-67.1485047542
-65.5326574483
-64.7120604831
-64.3959669546
-64.393111939
-64.5782951983
-64.8701286473
-65.2162244285
-66.0688308952
-70.0
-70.0
-70.0
-70.0
-70.0
-69.7204550743
-69.5620462831
-69.4815994655
-69.4506113929
-69.4503315028
-69.468485852
-69.4970955998
-69.5310249285
-70.0
-70.0
-70.0
-70.0
-70.0
-70.0
-66.4106184744
-64.3766356099
-63.3436913709
-62.9458017818
-62.9422079689
-63.1753114156
-63.542663103
-63.9783186787
-65.7362704843
-70.0
-70.0
-70.0
-70.0
-70.0
-70.0
-70.0
-70.0
-70.0
-70.0
-70.0
-70.0
-70.0
-70.0
-70.0
-70.0
-70.0
-70.0
-70.0
-70.0
-70.0
-70.0
-70.0
-70.0
-70.0
-63.512586885
-60.1598787009
-63.0387445133
-70.0
-70.0
-70.0
-70.0
-70.0
-70.0
-70.0
-70.0
-70.0
-70.0
-70.0
-70.0
-70.0
-70.0
-70.0
-70.0
-70.0
-70.0
-70.0
-70.0
-70.0
-70.0
-70.0
-70.0
-70.0
-70.0
-63.4226488324
-60.0338971991
-67.4957610803
-70.0
-70.0
-70.0
-70.0
-67.0693114917
-65.4085880037
-60.7837912552
-58.3161201642
-57.2249801708
-56.9961301691
-57.2922824958
-57.8935644753
-58.6578815138
-62.107205301
-70.0
-70.0
-70.0
-70.0
-70.0
-70.0
-70.0
-70.0
-64.613808925
-61.5616339824
-60.0116078842
-54.6254918698
0
-70.0
-70.0
-70.0
-70.0
-70.0
-70.0
-70.0
-70.0
-65.2968271559
-62.6316958776
-61.278227248
-60.7568718287
-60.7521628495
-61.5501917016
-64.2749082196
-70.0
-70.0
-70.0
-70.0
-70.0
-70.0
-70.0
-70.0
-70.0
-70.0
-70.0
-70.0
-70.0
-70.0
-70.0
-70.0
-70.0
-68.5692220598
-67.7584478937
-67.3467017976
-67.1880974133
-67.186664869
-67.2795831801
-67.4260147274
-67.5996731649
-67.7838791219
-67.968273392
-70.0
-70.0
-70.0
-70.0
-70.0
-70.0
-70.0
-70.0
-70.0
-70.0
-70.0
-70.0
-70.0
-70.0
-70.0
-70.0
-70.0
-70.0
-70.0
-70.0
-70.0
-70.0
-70.0
-70.0
-70.0
-70.0
-70.0
-70.0
-70.0
-70.0
-70.0
-70.0
-70.0
-70.0
-70.0
-70.0
-70.0
-70.0
-70.0
-70.0
-70.0
-63.672879079
-60.087510557
-58.2667057586
-57.7333501696
-59.3031728144
-64.3788405841
-70.0
-70.0
-70.0
-70.0
-70.0
-70.0
-70.0
-70.0
-70.0
-70.0
-70.0
-70.0
-63.369241691
-61.9243036576
-70.0
-70.0
-70.0
-70.0
-70.0
-70.0
-70.0
-65.2737036467
-62.5954690465
-61.2353459848
-60.7114272816
-60.7066951503
-61.0136326999
-61.4973408063
-62.5709705252
-67.7751054542
-70.0
-70.0
-70.0
-70.0
-70.0
-65.5880683893
-63.0879738099
-61.8183179352
-56.5567330256
0
-70.0
-70.0
-70.0
-70.0
-70.0
-70.0
-70.0
-70.0
-70.0
-70.0
-70.0
-70.0
-70.0
-64.0629526214
-60.6986257736
-59.1573546052
-62.0663632723
-69.0986982575
-70.0
-70.0
-70.0
-70.0
-70.0
-70.0
-70.0
-70.0
-70.0
-70.0
-70.0
-70.0
-70.0
-70.0
-70.0
-70.0
-70.0
-70.0
-70.0
-70.0
-70.0
-70.0
-70.0
-70.0
-70.0
-70.0
-70.0
-70.0
-70.0
-70.0
-70.0
-70.0
-70.0
-70.0
-70.0
-70.0
-70.0
-70.0
-70.0
-70.0
-70.0
-70.0
-70.0
-70.0
-70.0
-70.0
-70.0
-70.0
-64.8973997935
-62.0059263431
-60.5375113948
-59.9718787127
-59.966769813
-54.4153509706
0
-70.0
-70.0
-70.0
-70.0
-70.0
-70.0
-66.8506924716
-65.0660848721
-60.4013067195
-57.9223962706
-56.8376367923
-56.6255265455
-56.9440761793
-57.9088368108
-54.0468513938
-57.2607616342
-64.2282391849
-69.4663283678
-70.0
-70.0
-70.0
-70.0
-70.0
-70.0
-70.0
-63.5151669525
-59.8404282256
-59.985484646
-63.4258036432
-68.964955279
-70.0
-70.0
-70.0
-70.0
-70.0
-70.0
-70.0
-70.0
-70.0
-70.0
-70.0
-70.0
-70.0
-70.0
-70.0
-70.0
-70.0
-70.0
-70.0
-70.0
-63.7794881894
-60.2545314967
-58.4644064312
-58.2732345168
-61.2173183417
-66.1188225267
-70.0
-70.0
-70.0
-70.0
-70.0
-70.0
-70.0
-70.0
-70.0
-63.9226523658
-61.6453614941
-62.7202844533
-66.3949655175
-70.0
-70.0
-70.0
-70.0
-70.0
-70.0
-70.0
-70.0
-70.0
-70.0
-70.0
-70.0
-70.0
-70.0
-70.0
-70.0
-70.0
-70.0
-70.0
-70.0
-70.0
-70.0
-70.0
-70.0
-70.0
-70.0
-70.0
-70.0
-70.0
-70.0
-70.0
-70.0
-70.0
-70.0
-70.0
-70.0
-70.0
-70.0
-70.0
-70.0
-70.0
-70.0
-70.0
-70.0
-70.0
-70.0
-70.0
-70.0
-70.0
-70.0
-70.0
-70.0
-70.0
-70.0
-70.0
-70.0
-70.0
-70.0
-70.0
-70.0
-70.0
-70.0
-70.0
-70.0
-70.0
-70.0
-70.0
-70.0
-70.0
-70.0
-70.0
-70.0
-70.0
-70.0
-70.0
-70.0
-70.0
-70.0
-70.0
-70.0
-70.0
-70.0
-70.0
-70.0
-70.0
-70.0
-70.0
-70.0
-70.0
-70.0
-70.0
-70.0
-70.0
-70.0
-70.0
-70.0
-70.0
-70.0
-70.0
-70.0
-70.0
-70.0
-70.0
-70.0
-70.0
-70.0
-70.0
-70.0
-70.0
-70.0
-70.0
-70.0
-70.0
-70.0
-70.0
-70.0
-70.0
-70.0
-70.0
-70.0
-70.0
-70.0
-70.0
-70.0
-70.0
-70.0
-70.0
-70.0
-70.0
-69.1533899684
-68.6736442839
-68.4300087304
-68.3361604406
-68.3353127853
-68.390293766
-68.4769392289
-68.579695199
-68.6886922744
-68.7978007772
-69.74011808
-70.0
-70.0
-70.0
-70.0
-70.0
-70.0
-70.0
-70.0
-70.0
-70.0
-70.0
-70.0
-70.0
-70.0
-64.658032234
-67.3291064237
-70.0
-70.0
-70.0
-70.0
-70.0
-70.0
-70.0
-70.0
-70.0
-70.0
-70.0
-70.0
-70.0
-70.0
-70.0
-70.0
-70.0
-70.0
-70.0
-70.0
-70.0
-70.0
-70.0
-70.0
-70.0
-70.0
-70.0
-70.0
-70.0
-70.0
-70.0
-70.0
-70.0
-70.0
-70.0
-70.0
-64.2321384249
-60.9636835323
-59.3038211457
0
-70.0
-70.0
-70.0
-70.0
-70.0
-70.0
-70.0
-70.0
-70.0
-70.0
-70.0
-70.0
-70.0
-70.0
-70.0
-70.0
-70.0
-70.0
-70.0
-70.0
-65.733789309
-63.3162699174
-62.0885492852
-61.6156319297
-61.6113604521
-61.8884188838
-62.32503998
-63.0085946284
-66.5226753967
-70.0
-70.0
-70.0
-70.0
-70.0
-70.0
-65.0573536262
-62.256520681
-60.8341368912
-60.2862353877
-60.2812866392
-60.6022745022
-62.1068804095
-70.0
-70.0
-70.0
-70.0
-70.0
-70.0
-70.0
-70.0
-70.0
-70.0
-70.0
-70.0
-70.0
-70.0
-70.0
-70.0
-70.0
-70.0
-70.0
-70.0
-65.2019977071
-62.4831297411
-61.1023713035
-60.5705038641
-60.5656999384
-60.8772942516
-61.3683410312
-63.1349179908
-68.6424320165
-70.0
-70.0
-70.0
-70.0
-70.0
-70.0
-70.0
-70.0
-70.0
-70.0
-70.0
-70.0
-70.0
-70.0
-70.0
-70.0
-70.0
-70.0
-70.0
-70.0
-70.0
-70.0
-70.0
-70.0
-70.0
-70.0
-70.0
-70.0
-70.0
-70.0
-70.0
-70.0
-70.0
-70.0
-70.0
-70.0
-70.0
-70.0
-70.0
-70.0
-70.0
-68.2213539194
-69.5505466879
-70.0
-70.0
-70.0
-70.0
-70.0
-70.0
-70.0
-70.0
-70.0
-70.0
-70.0
-70.0
-70.0
-70.0
-70.0
-70.0
-70.0
-70.0
-70.0
-70.0
-70.0
-70.0
-70.0
-70.0
-70.0
-70.0
-70.0
-70.0
-70.0
-70.0
-70.0
-70.0
-70.0
-70.0
-70.0
-70.0
-70.0
-70.0
-70.0
-70.0
-70.0
-70.0
-70.0
-70.0
-70.0
-70.0
-70.0
-70.0
-70.0
-70.0
-70.0
-70.0
-70.0
-70.0
-70.0
-70.0
-70.0
-70.0
-70.0
-70.0
-70.0
-70.0
-70.0
-70.0
-70.0
-70.0
-70.0
-70.0
-70.0
-70.0
-70.0
-70.0
-70.0
-70.0
-70.0
-70.0
-70.0
-70.0
-70.0
-70.0
-70.0
-70.0
-70.0
-70.0
-70.0
-70.0
-70.0
-70.0
-70.0
-64.1946058253
-60.9048824597
-59.234219025
-58.59068033
-58.7576191141
-60.2477697523
-66.4747580572
-70.0
-70.0
-70.0
-70.0
-70.0
-70.0
-70.0
-70.0
-70.0
-70.0
-70.0
-70.0
-70.0
-70.0
-70.0
-70.0
-70.0
-70.0
-70.0
-70.0
-70.0
-70.0
-70.0
-70.0
-70.0
-70.0
-70.0
-70.0
-70.0
-70.0
-70.0
-70.0
-70.0
-70.0
-70.0
-70.0
-70.0
-70.0
-70.0
-70.0
-70.0
-70.0
-70.0
-70.0
-70.0
-70.0
-70.0
-70.0
-65.3632541811
-62.7357648837
-57.6626590036
-55.0300401754
0
-70.0
-70.0
-70.0
-70.0
-70.0
-70.0
-70.0
-70.0
