-70.0
-70.0
-70.0
-70.0
-70.0
-70.0
-63.44308125
-62.9945752083
-68.0463607431
-70.0
-67.6663975694
-66.3440228588
-65.6724639371
-60.6820430964
-55.7570401971
0
-70.0
-70.0
-70.0
-70.0
-70.0
-70.0
-70.0
-70.0
-70.0
-70.0
-70.0
-70.0
-70.0
-70.0
-70.0
-70.0
-70.0
-70.0
-70.0
-70.0
-70.0
-70.0
-70.0
-70.0
-70.0
-63.9977656455
-60.5964995113
-58.869189847
-58.2038310536
0
-70.0
-70.0
-70.0
-70.0
-70.0
-70.0
-67.1363876305
-65.5136739545
-64.6895899504
-64.3721532162
-64.3692860685
-64.5552562443
-64.8483298083
-65.5365609113
-70.0
-70.0
-70.0
-70.0
-70.0
-65.6522188514
-63.1884762005
-61.9372814033
-61.4553218116
-56.0687680455
0
-70.0
-70.0
-70.0
-70.0
-70.0
-70.0
-68.9971503462
-68.4288688757
-68.1402710309
-68.0291032896
-68.0280992019
-68.0932267758
-68.1958624277
-68.3175817379
-68.6206835965
-70.0
-70.0
-70.0
-70.0
-70.0
-70.0
-70.0
-70.0
-70.0
-70.0
-63.8277991553
-60.3302186767
-58.5539964336
-58.7167423354
-63.2677134861
-70.0
-70.0
-70.0
-70.0
-70.0
-70.0
-70.0
-70.0
-70.0
-63.5992894781
-59.9722201824
-58.3035102675
-58.5447419789
-64.2924704254
-70.0
-70.0
-70.0
-70.0
-70.0
-70.0
-70.0
-70.0
-70.0
-70.0
-70.0
-63.5505285103
-59.8958279994
-55.1824182253
-55.7711595667
-59.3720548816
-63.2172979445
-66.0125505175
-67.822617044
-68.9812363918
-69.7103667874
-70.0
-70.0
-70.0
-70.0
-70.0
-70.0
-70.0
-70.0
-70.0
-70.0
-70.0
-70.0
-70.0
-64.2196286534
-60.9440848903
-55.5649106639
0
-70.0
-70.0
-70.0
-70.0
-70.0
-70.0
-70.0
-70.0
-70.0
-70.0
-64.3699042051
-62.7395471054
-66.6256293343
-70.0
-70.0
-70.0
-70.0
-70.0
-70.0
-70.0
-70.0
-70.0
-70.0
-70.0
-70.0
-63.4852133849
-63.8070360741
-68.2055344982
-70.0
-70.0
-70.0
-70.0
-70.0
-70.0
-70.0
-70.0
-70.0
-70.0
-70.0
-70.0
-70.0
-70.0
-70.0
-70.0
-70.0
-65.4256392953
-62.8335015626
-61.5171022042
-61.0100258491
-61.005445841
-61.3025163081
-61.7706747115
-62.4933299817
-64.3871557301
-64.7744812892
-70.0
-70.0
-70.0
-70.0
-70.0
-70.0
-70.0
-70.0
-70.0
-70.0
-63.5631445597
-60.2584306433
-62.5884386538
-67.5387729528
-70.0
-70.0
-70.0
-70.0
-70.0
-70.0
-70.0
-70.0
-70.0
-63.5145271306
-60.3535480323
-61.7390587396
-66.5039845924
-70.0
-70.0
-70.0
-70.0
-70.0
-70.0
-70.0
-70.0
-70.0
-70.0
-70.0
-70.0
-70.0
-70.0
-70.0
-70.0
-70.0
-70.0
-70.0
-70.0
-70.0
-70.0
-70.0
-70.0
-70.0
-70.0
-70.0
-67.4851997125
-66.0601462163
-65.336442578
-65.0576723091
-65.0551544041
-65.2184718476
-65.4758465855
-65.781076542
-66.7947327334
-68.5561318371
-70.0
-70.0
-70.0
-70.0
-70.0
-70.0
-70.0
-70.0
-70.0
-70.0
-70.0
-70.0
-70.0
-70.0
-70.0
-70.0
-70.0
-70.0
-70.0
-70.0
-70.0
-70.0
-70.0
-70.0
-70.0
-70.0
-70.0
-70.0
-70.0
-70.0
-70.0
-70.0
-70.0
-70.0
-70.0
-70.0
-70.0
-70.0
-70.0
-70.0
-70.0
-70.0
-70.0
-69.3681391289
-70.0
-70.0
-70.0
-70.0
-70.0
-70.0
-70.0
-70.0
-70.0
-70.0
-70.0
-70.0
-70.0
-70.0
-70.0
-70.0
-70.0
-65.5060669592
-63.1342986519
-61.9400943791
-61.4922353361
-61.5071120657
-61.799134368
-62.5981463244
-63.67602731
-67.6964373975
-70.0
-70.0
-70.0
-70.0
-70.0
-65.3017256072
-62.639370118
-61.2873111539
-60.7664987369
-60.7617946622
-61.0669123953
-61.5477526219
-62.2904880902
-63.6929837137
-70.0
-70.0
-70.0
-70.0
-70.0
-70.0
-70.0
-70.0
-70.0
-64.1036071009
-60.7623177914
-59.0654669459
-58.4118408738
0
-70.0
-70.0
-70.0
-70.0
-70.0
-70.0
-70.0
-70.0
-70.0
-64.5462402554
-61.4557764001
-59.8863055402
-59.281746173
-59.9672670934
-65.1052404023
-70.0
-70.0
-70.0
-70.0
-70.0
-70.0
-70.0
-70.0
-70.0
-70.0
-63.5140005059
-60.5423492409
-61.3644186777
-68.7578398675
-70.0
-70.0
-70.0
-70.0
-70.0
-70.0
-70.0
-70.0
-70.0
-70.0
-70.0
-70.0
-70.0
-70.0
-70.0
-70.0
-70.0
-70.0
-70.0
-70.0
-70.0
-70.0
-70.0
-70.0
-70.0
-70.0
-70.0
-70.0
-70.0
-69.8116812459
-70.0
-70.0
-70.0
-70.0
-66.0910406216
-63.8759636406
-62.7510519973
-62.3177366114
-62.3138228261
-62.5676804607
-62.9677390262
-57.194593034
-54.1575523376
-57.423238566
-64.4133139455
-70.0
-70.0
-70.0
-66.1082940527
-63.9029940158
-59.0991273876
-56.5801698312
-55.5161229695
-55.3604907536
-55.7550950656
-56.6361934891
-57.9528974947
-63.3451358373
-70.0
-70.0
-70.0
-70.0
-68.331718238
-67.3863585728
-66.9062641547
-62.0554488143
-59.409777983
-58.1753828848
-57.8288997297
-58.0267131789
-58.5445108092
0
-70.0
-70.0
-70.0
-70.0
-70.0
-70.0
-70.0
-70.0
-70.0
-70.0
-70.0
-64.0469333734
-60.6735289516
-58.9603686669
-58.8319085979
-64.5959880371
-70.0
-70.0
-70.0
-70.0
-70.0
-70.0
-70.0
-70.0
-70.0
-70.0
-70.0
-63.711353746
-60.1477875353
-58.3380548911
-59.0944210718
-62.5949929108
-67.0644610315
-67.409549962
-68.5750666585
-66.4512419002
-65.2952389819
-64.7584625981
-64.6111146813
-64.7023354418
-64.9336567167
-65.2413275911
-65.5845525294
-65.9376690747
-66.2849500327
-68.05187511
-69.1118743825
-70.0
-70.0
-70.0
-70.0
-70.0
-70.0
-70.0
-70.0
-70.0
-70.0
-70.0
-70.0
-70.0
-70.0
-70.0
-70.0
-70.0
-70.0
-70.0
-70.0
-70.0
-70.0
-70.0
-70.0
-63.6631105123
-60.2449149214
-58.8733207157
-60.0191730781
-62.6447162775
-68.9761928531
-70.0
-70.0
-70.0
-70.0
-70.0
-70.0
-70.0
-70.0
-70.0
-70.0
-70.0
-70.0
-70.0
-70.0
-70.0
-70.0
-70.0
-65.4723322163
-62.9066538055
-61.6036916322
-56.4530872228
0
-70.0
-70.0
-70.0
-70.0
-70.0
-70.0
-70.0
-70.0
-70.0
-70.0
-70.0
-70.0
-65.0591467169
-62.2593298564
-60.8374620783
-60.2897593421
-60.284812389
-60.6056838042
-61.2899632041
-57.0069399768
-58.4115698223
-65.1542658125
-70.0
-70.0
-70.0
-70.0
-70.0
-70.0
-64.552942997
-61.466277362
-59.8987354022
-59.2949190463
-59.2894652645
-60.0063220261
-63.4201186365
-70.0
-70.0
-70.0
-70.0
-66.6111265353
-64.6907649053
-63.7155224304
-63.3398595312
-63.3364664739
-63.5565484238
-63.9033793129
-58.1049823722
-55.0224447954
-56.0037210145
-65.8757355622
-70.0
-70.0
-70.0
-70.0
-70.0
-70.0
-70.0
-70.0
-70.0
-70.0
-70.0
-63.5814896347
-59.944333761
-60.4487962482
-70.0
-70.0
-70.0
-70.0
-70.0
-70.0
-70.0
-70.0
-70.0
-70.0
-70.0
-70.0
-63.5839531248
-62.2843873836
-68.9369197429
-70.0
-70.0
-70.0
-70.0
-70.0
-70.0
-70.0
-70.0
-70.0
-70.0
-70.0
-63.554381585
-60.4615841535
-61.295706037
-69.8055883451
-70.0
-70.0
-70.0
-70.0
-70.0
-65.2949111094
-62.6286940714
-61.2746740462
-60.7531062296
-60.7483953319
-61.0539556156
-61.5354932653
-62.1065660796
-62.7123242322
-64.2097675633
-70.0
-70.0
-70.0
-70.0
-70.0
-70.0
-70.0
-70.0
-70.0
-70.0
-70.0
-70.0
-70.0
-70.0
-70.0
-70.0
-70.0
-70.0
-70.0
-70.0
-70.0
-70.0
-70.0
-70.0
-63.5626158615
-61.3765149137
-67.9004410345
-70.0
-70.0
-70.0
-70.0
-70.0
-70.0
-70.0
-70.0
-70.0
-70.0
-70.0
-70.0
-70.0
-70.0
-70.0
-70.0
-70.0
-70.0
-70.0
-70.0
-64.0955450378
-60.7496872259
-59.0505162979
-58.3959965312
-58.7531107123
-60.4320605203
-65.9142968721
-70.0
-70.0
-70.0
-70.0
-70.0
-70.0
-70.0
-70.0
-70.0
-70.0
-70.0
-70.0
-70.0
-70.0
-70.0
-70.0
-70.0
-70.0
-70.0
-70.0
-70.0
-70.0
-70.0
-70.0
-63.7015889564
-60.132489365
-58.6770049536
-60.5520368712
-68.538948842
-70.0
-70.0
-70.0
-67.5750302444
-66.2008807163
-65.5030283088
-65.2342159207
-65.2317879572
-65.3892715805
-65.6374527018
-65.9317796178
-66.2439831135
-66.7388395489
-68.0495366401
-70.0
-68.2060602609
-67.1894944087
-66.6732384171
-66.8426657638
-67.2205796088
-67.5399752621
-67.8136134787
-68.0506759593
-68.6147038529
-69.8940256826
-70.0
-70.0
-70.0
-70.0
-70.0
-65.724607435
-63.3018849815
-62.07152201
-61.5975868268
-61.5933061559
-61.8709608816
-62.3085216876
-63.1896287593
-69.3604106283
-70.0
-70.0
-70.0
-70.0
-70.0
-70.0
-70.0
-70.0
-70.0
-70.0
-70.0
-70.0
-70.0
-64.9669689571
-68.3748768197
-70.0
-70.0
-70.0
-70.0
-70.0
-70.0
-70.0
-70.0
-70.0
-70.0
-70.0
-70.0
-70.0
-70.0
-70.0
-70.0
-70.0
-70.0
-67.8337258269
-66.6061704622
-65.9827648946
-65.7426293909
-65.7404604423
-65.881143725
-60.1244624155
-56.999638216
-55.558089089
-55.1745566432
-56.5370827565
-64.9091723458
-70.0
-70.0
-70.0
-70.0
-70.0
-70.0
-70.0
-70.0
-70.0
-70.0
-70.0
-70.0
-70.0
-70.0
-70.0
-70.0
-70.0
-70.0
-70.0
-70.0
-70.0
-70.0
-70.0
-70.0
-70.0
-70.0
-70.0
-70.0
-70.0
-70.0
-70.0
-70.0
-70.0
-67.1081472439
-70.0
-70.0
-70.0
-70.0
-70.0
-70.0
-64.9302438554
-59.8751174568
-57.1795377024
0
-70.0
-70.0
-70.0
-70.0
-70.0
-70.0
-70.0
-70.0
-70.0
-70.0
-70.0
-70.0
-70.0
-70.0
-63.7768106557
-60.2503366939
-58.6403511035
-58.8032065588
-66.0816033011
-70.0
-70.0
-70.0
-70.0
-70.0
-70.0
-70.0
-70.0
-70.0
-70.0
-70.0
-70.0
-70.0
-70.0
-70.0
-70.0
-70.0
-70.0
-70.0
-70.0
-70.0
-70.0
-70.0
-70.0
-70.0
-70.0
-70.0
-70.0
-70.0
-70.0
-70.0
-70.0
-70.0
-70.0
-70.0
-70.0
-65.6190986382
-63.1365878665
-61.8758618079
-61.3902307791
-61.3858444693
-61.670351201
-62.1187102001
-63.0109911063
-57.8505810769
-60.6096086096
-70.0
-70.0
-70.0
-70.0
-70.0
-70.0
-70.0
-70.0
-70.0
-70.0
-70.0
-70.0
-70.0
-70.0
-70.0
-70.0
-70.0
-70.0
-70.0
-70.0
-70.0
-70.0
-65.2169089237
-60.3311823139
-57.7220402708
-56.5658203693
-56.3198944161
-56.6283423636
-57.2591330533
-59.5599488235
-66.3935533036
-70.0
-70.0
-70.0
-70.0
-66.6456065128
-64.7447835367
-63.7794636332
-63.4076229033
-63.4042643686
-57.9555631721
-55.0878236818
0
-70.0
-70.0
-70.0
-70.0
-70.0
-70.0
-70.0
-70.0
-70.0
-65.796962589
-63.4152413894
-62.2057006233
-61.7397861429
-61.7355779166
-62.0085337169
-56.4941258991
-56.936171039
-58.7339091197
-60.3716636253
-62.5952043422
-65.0776320954
-66.7311676775
-67.8322501042
-68.56515789
-69.0527306319
-69.5560998861
-63.9843215711
-63.0756065436
-66.4967924682
-70.0
-70.0
-70.0
-70.0
-70.0
-70.0
-70.0
-70.0
-70.0
-70.0
-70.0
-70.0
-70.0
-70.0
-70.0
-70.0
-70.0
-70.0
-70.0
-70.0
-70.0
-70.0
-70.0
-70.0
-70.0
-70.0
-70.0
-70.0
-70.0
-70.0
-70.0
-70.0
-70.0
-70.0
-70.0
-70.0
-70.0
-70.0
-70.0
-70.0
-70.0
-70.0
-70.0
-70.0
-70.0
-70.0
-70.0
-70.0
-70.0
-70.0
-70.0
-69.9730729379
-70.0
-70.0
-70.0
-70.0
-70.0
-70.0
-70.0
-70.0
-63.9210108832
-60.4762503837
-58.7268524046
-61.8932003191
-63.7806798554
-69.3313382428
-70.0
-70.0
-70.0
-70.0
-70.0
-70.0
-70.0
-70.0
-70.0
-70.0
-70.0
-70.0
-70.0
-70.0
-70.0
-70.0
-70.0
-70.0
-70.0
-70.0
-70.0
-70.0
-70.0
-70.0
-70.0
-70.0
-70.0
-70.0
-70.0
-70.0
-70.0
-70.0
-70.0
-70.0
-65.5494959214
-63.0275436101
-61.7467874364
-61.2534408176
-61.2489848191
-61.538011726
-61.9934941459
-62.5336671264
-63.1066486771
-67.756165004
-70.0
-70.0
-70.0
-70.0
-70.0
-70.0
-70.0
-70.0
-70.0
-70.0
-70.0
-63.6974873588
-60.3022016656
-59.3272503404
-62.8150242459
-70.0
-70.0
-70.0
-70.0
-68.2653686538
-67.282410891
-66.783222537
-66.59093544
-66.5891986671
-61.060549531
-58.0413417317
-56.6284389944
-56.2264160522
-56.6318325234
-58.9914752898
-66.3082188498
-70.0
-70.0
-70.0
-70.0
-65.9562204803
-63.6647454191
-62.5010355351
-62.0527750869
-62.048726315
-62.3113395081
-62.725196107
-63.2160035294
-64.6666113811
-67.8806175228
-70.0
-70.0
-70.0
-70.0
-70.0
-64.9415172053
-62.0750436217
-57.0103264202
-54.4044852186
0
-70.0
-70.0
-70.0
-70.0
-70.0
-70.0
-70.0
-70.0
-70.0
-70.0
-70.0
-64.2387897151
-58.8116580537
-56.1098675384
-56.4400811552
-59.1407377841
-62.6179648811
-65.3112491199
-67.2327706184
-68.4779244969
-69.2757526741
-69.9645072547
-70.0
-70.0
-65.3668349399
-64.7832954649
-67.0440655594
-68.8605975987
-70.0
-65.2462694426
-62.5524887933
-61.1844707774
-60.6575109419
-60.6527513425
-60.9614705381
-61.4479863709
-62.2087128023
-65.1485457538
-70.0
-70.0
-70.0
-70.0
-70.0
-70.0
-70.0
-70.0
-70.0
-70.0
-70.0
-70.0
-70.0
-70.0
-70.0
-70.0
-70.0
-68.0671808515
-66.9719166674
-66.415694268
-66.2014376861
-66.1995024807
-66.3250246082
-60.6092829448
-57.4928618487
-56.039913796
-55.6334811712
0
-70.0
-70.0
-70.0
-70.0
-70.0
-70.0
-70.0
-70.0
-70.0
-70.0
-70.0
-70.0
-70.0
-70.0
-70.0
-68.2824529777
-70.0
-70.0
-70.0
-70.0
-70.0
-70.0
-70.0
-70.0
-70.0
-70.0
-63.9748979989
-60.5606735316
-58.8267830668
-58.3499261102
-61.8381611551
-65.9163411251
-70.0
-70.0
-70.0
-70.0
-70.0
-70.0
-70.0
-70.0
-70.0
-70.0
-70.0
-70.0
-70.0
-66.1459017694
-67.8671913201
-70.0
-70.0
-70.0
-70.0
-70.0
-65.065953256
-62.2699934344
-57.2623049131
-54.6822816365
0
-70.0
-70.0
-70.0
-70.0
-70.0
-70.0
-70.0
-70.0
-70.0
-70.0
-70.0
-64.3874545921
-61.2070121942
-59.591846349
-59.149067419
-59.8104654596
-61.6639069274
-65.3133248929
-70.0
-70.0
-66.5884638864
-64.6552600887
-63.6734958071
-63.2953207113
-63.2919049634
-57.910450825
-55.2607616014
0
-70.0
-70.0
-70.0
-70.0
-70.0
-70.0
-70.0
-66.5737698262
-64.6322393944
-63.6462464889
-63.2664425293
-63.2630120692
-63.4855200575
-63.8361741819
-64.2520275171
-65.6289174528
-68.1292964743
-70.0
-70.0
-70.0
-70.0
-64.7629050365
-61.7952178905
-60.2880983399
-59.7075566649
-59.8760527478
-61.63162919
-64.65483178
-68.3062135681
-70.0
-70.0
-70.0
-70.0
-64.7316381388
-61.7462330842
-60.2301156152
-55.1110080624
-54.040123774
-60.6628988349
-70.0
-70.0
-70.0
-70.0
-70.0
-70.0
-70.0
-70.0
-64.1533251047
-60.8402093306
-59.1576662219
-58.5095514826
-58.5036975895
-59.0833750453
-61.1369578307
-66.6199031609
-70.0
-70.0
-70.0
-70.0
-70.0
-70.0
-70.0
-70.0
-70.0
-70.0
-70.0
-70.0
-70.0
-70.0
-70.0
-70.0
-70.0
-70.0
-70.0
-70.0
-70.0
-70.0
-70.0
-70.0
-70.0
-63.8087831008
-61.0328083941
-61.3904522866
-66.0728964748
-70.0
-70.0
-70.0
-70.0
-70.0
-70.0
-64.2851253724
-61.0466964168
-59.4020824962
-58.7685780607
-58.7628561306
-59.5045107723
-62.7537936988
-70.0
-70.0
-70.0
-70.0
-70.0
-70.0
-70.0
-70.0
-70.0
-70.0
-70.0
-70.0
-70.0
-70.0
-70.0
-70.0
-70.0
-70.0
-70.0
-70.0
-70.0
-70.0
-64.9361088496
-62.066570531
-60.6092951888
-60.0479534772
-60.0428833344
-60.3717451375
-60.8900040481
-61.6984323256
-59.1377338968
-68.4145034272
-70.0
-70.0
-70.0
-70.0
-70.0
-70.0
-70.0
-70.0
-70.0
-70.0
-70.0
-70.0
-70.0
-70.0
-70.0
-70.0
-70.0
-70.0
-70.0
-70.0
-70.0
-70.0
-70.0
-70.0
-64.2104256403
-60.9296668365
-59.263555993
-58.6217709538
-58.6159742318
-60.6901168589
-69.2945461002
-70.0
-70.0
-70.0
-68.7451671119
-68.0340951419
-67.6729821219
-67.5338815725
-67.5326251904
-67.6141171882
-67.7425418139
-67.8948451955
-61.8849995124
-58.5495921187
-56.9300279453
-57.1662078933
-58.9441157115
-68.246360258
-70.0
-70.0
-70.0
-70.0
-70.0
-70.0
-64.9211150816
-62.0430802945
-60.5814900791
-60.0184862806
-54.8657572211
0
-70.0
-70.0
-70.0
-70.0
-70.0
-70.0
-70.0
-70.0
-70.0
-70.0
-70.0
-70.0
-70.0
-70.0
-70.0
-70.0
-70.0
-70.0
-70.0
-70.0
-70.0
-70.0
-70.0
-70.0
-70.0
-70.0
-70.0
-70.0
-70.0
-70.0
-70.0
-70.0
-70.0
-70.0
-70.0
-70.0
-70.0
-70.0
-70.0
-70.0
-70.0
-70.0
-70.0
-70.0
-70.0
-70.0
-70.0
-70.0
-70.0
-70.0
-70.0
-70.0
-64.1661772573
-60.8603443697
-59.1814998249
-58.5348097705
-58.9115207524
-65.4372264165
-70.0
-70.0
-70.0
-70.0
-70.0
-70.0
-70.0
-70.0
-70.0
-70.0
-70.0
-70.0
-70.0
-70.0
-70.0
-70.0
-70.0
-70.0
-70.0
-70.0
-70.0
-70.0
-70.0
-70.0
-70.0
-70.0
-70.0
-70.0
-70.0
-70.0
-70.0
-70.0
-70.0
-70.0
-70.0
-70.0
-70.0
-70.0
-70.0
-70.0
-70.0
-70.0
-64.3424750005
-61.1365441674
-55.9502223898
0
-70.0
-70.0
-70.0
-70.0
-70.0
-70.0
-70.0
-70.0
-70.0
-70.0
-70.0
-70.0
-70.0
-64.0101234214
-60.6158600269
-59.0809146969
-59.3046658836
-59.2806104017
-64.8210414308
-66.6902178355
-68.2558704633
-69.4112621912
-70.0
-70.0
-70.0
-70.0
-70.0
-70.0
-70.0
-70.0
-70.0
-64.5125773809
-63.9255256785
-67.996609341
-70.0
-70.0
-70.0
-70.0
-70.0
-70.0
-70.0
-70.0
-70.0
-70.0
-70.0
-70.0
-70.0
-70.0
-70.0
-70.0
-70.0
-70.0
-70.0
-70.0
-70.0
-70.0
-70.0
-64.1909383911
-61.4917599541
-62.4496590314
-70.0
-70.0
-70.0
-70.0
-70.0
-70.0
-65.7436251272
-63.331679366
-62.1067892637
-61.6349622269
-61.6307005972
-56.3650842451
0
-70.0
-70.0
-70.0
-70.0
-70.0
-70.0
-70.0
-70.0
-70.0
-70.0
-70.0
-70.0
-70.0
-70.0
-70.0
-70.0
-63.9480847058
-60.5186660392
-58.7770593045
-58.1061932869
-59.3211059888
-66.0358873283
-70.0
-70.0
-70.0
-70.0
-70.0
-65.4882120667
-62.9315322378
-61.6331399325
-61.132999885
-61.1284825269
-61.4214893612
-61.8832438164
-62.430855029
-63.412279326
-66.1508379174
-70.0
-70.0
-70.0
-69.7381846272
-69.9025798356
-66.460689994
-64.5135330892
-63.5281211767
-63.1526033233
-63.1555391671
-63.3854493679
-63.7438805094
-64.1674765107
-65.002299297
-60.231397936
-60.2545507737
-65.2051763151
-70.0
-70.0
-70.0
-67.4922215599
-66.0711471105
-61.8083148983
-59.5236717411
-58.5020967887
0
-70.0
-70.0
-70.0
-70.0
-70.0
-70.0
-70.0
-70.0
-70.0
-70.0
-70.0
-70.0
-70.0
-70.0
-70.0
-70.0
-63.8754181769
-60.7739725231
-62.1295545766
-67.8858396943
-69.0890359828
-70.0
-70.0
-70.0
-70.0
-70.0
-70.0
-70.0
-70.0
-70.0
-70.0
-70.0
-70.0
-69.9833049546
-70.0
-70.0
-70.0
-70.0
-70.0
-70.0
-70.0
-70.0
-70.0
-70.0
-70.0
-70.0
-70.0
-70.0
-70.0
-70.0
-70.0
-70.0
-70.0
-70.0
-65.1451591033
-62.3940825952
-60.9969672705
-60.4587991667
-60.4539383322
-60.769223887
-61.2660877571
-62.2664234736
-64.9272683418
-70.0
-70.0
-70.0
-70.0
-70.0
-70.0
-70.0
-70.0
-70.0
-70.0
-70.0
-70.0
-70.0
-70.0
-70.0
-70.0
-70.0
-70.0
-70.0
-70.0
-70.0
-64.6926805807
-61.6851995764
-60.157870988
-59.569544802
-59.5642309303
-59.9089015763
-60.4520739114
-61.4925393457
-65.3346099762
-70.0
-70.0
-70.0
-70.0
-70.0
-65.5958498444
-63.1001647562
-61.8327482114
-61.3445400108
-61.3401304235
-61.6261469903
-62.076885364
-62.6114322094
-70.0
-70.0
-70.0
-70.0
-70.0
-70.0
-70.0
-70.0
-70.0
-64.4462910443
-61.2991893028
-59.7009552811
-59.0853163587
-59.0797557933
-59.8485946263
-64.1266222076
-70.0
-70.0
-70.0
-70.0
-70.0
-70.0
-70.0
-70.0
-64.2944125639
-61.0612463502
-59.4193050769
-58.7868301437
-58.7811175124
-60.1091933213
-66.4699223946
-70.0
-70.0
-70.0
-70.0
-70.0
-70.0
-70.0
-70.0
-70.0
-70.0
-70.0
-63.882222958
-60.4154826342
-58.6549223521
-59.1457062058
-66.4204462661
-70.0
-70.0
-70.0
-70.0
-70.0
-70.0
-70.0
-70.0
-70.0
-70.0
-70.0
-70.0
-70.0
-70.0
-70.0
-70.0
-70.0
-70.0
-70.0
-70.0
-70.0
-70.0
-70.0
-70.0
-70.0
-70.0
-70.0
-70.0
-70.0
-70.0
-70.0
-70.0
-70.0
-70.0
-70.0
-70.0
-68.485729027
-67.6276421424
-67.1918686068
-62.5530075921
-60.0179240635
-58.829609811
-58.488967599
-58.6682833519
0
-70.0
-70.0
-70.0
-70.0
-70.0
-70.0
-70.0
-70.0
-70.0
-70.0
-70.0
-70.0
-70.0
-70.0
-70.0
-70.0
-70.0
-70.0
-70.0
-70.0
-70.0
-70.0
-70.0
-70.0
-70.0
-70.0
-70.0
-70.0
-70.0
-70.0
