-70.0
-70.0
-63.0
-59.0333333333
-57.0188888889
-56.2429259259
-56.235917284
-56.690514856
-65.3322990303
-70.0
-70.0
-70.0
-70.0
-70.0
-70.0
-70.0
-70.0
-70.0
-70.0
-70.0
-70.0
-70.0
-70.0
-70.0
-70.0
-70.0
-70.0
-70.0
-70.0
-70.0
-70.0
-70.0
-70.0
-70.0
-70.0
-70.0
-70.0
-70.0
-70.0
-70.0
-70.0
-70.0
-70.0
-70.0
-70.0
-70.0
-69.7437335305
-69.5985158644
-69.5247680693
-62.200445633
-61.1306547002
-64.9307486741
-70.0
-70.0
-70.0
-70.0
-70.0
-70.0
-69.4997527516
-70.0
-70.0
-70.0
-70.0
-70.0
-70.0
-70.0
-70.0
-70.0
-70.0
-70.0
-70.0
-70.0
-70.0
-70.0
-70.0
-70.0
-70.0
-70.0
-70.0
-70.0
-70.0
-70.0
-70.0
-70.0
-70.0
-70.0
-70.0
-70.0
-70.0
-70.0
-70.0
-70.0
-70.0
-70.0
-70.0
-70.0
-70.0
-63.9710483789
-60.5546424602
-58.8196441604
-58.1513237085
-58.1452873137
-61.9095037351
-70.0
-70.0
-70.0
-70.0
-70.0
-70.0
-64.2886758758
-61.0522588721
-59.4086667075
-58.7755558518
-59.6873048138
-66.3426480386
-70.0
-70.0
-70.0
-70.0
-70.0
-70.0
-70.0
-70.0
-70.0
-70.0
-70.0
-70.0
-70.0
-70.0
-70.0
-70.0
-70.0
-70.0
-70.0
-70.0
-70.0
-70.0
-70.0
-63.349012761
-60.6059876668
-64.3643124402
-70.0
-70.0
-70.0
-70.0
-70.0
-70.0
-70.0
-70.0
-63.6821612716
-57.7687193255
-54.6283635136
0
-70.0
-70.0
-70.0
-70.0
-70.0
-70.0
-70.0
-70.0
-70.0
-70.0
-70.0
-70.0
-70.0
-70.0
-70.0
-70.0
-70.0
-70.0
-70.0
-70.0
-70.0
-70.0
-70.0
-66.3948827864
-64.3519830321
-62.3145368131
-61.348251188
-56.3079002466
0
-70.0
-70.0
-70.0
-70.0
-70.0
-70.0
-70.0
-70.0
-70.0
-70.0
-66.5046834664
-64.5240040973
-63.5181296726
-63.8343710658
-64.2296368661
-64.6591417841
-65.0948733421
-65.8312532219
-70.0
-70.0
-70.0
-70.0
-70.0
-70.0
-70.0
-70.0
-70.0
-70.0
-70.0
-69.8791926236
-69.8107351103
-70.0
-70.0
-70.0
-70.0
-70.0
-70.0
-70.0
-63.7298325704
-61.1651766737
-59.1184081108
-58.2530667027
-59.1771014126
-64.3405773175
-70.0
-70.0
-70.0
-70.0
-70.0
-70.0
-70.0
-70.0
-70.0
-70.0
-70.0
-70.0
-70.0
-70.0
-70.0
-70.0
-70.0
-70.0
-70.0
-70.0
-70.0
-70.0
-70.0
-63.9652925252
-60.5456249562
-61.1096752622
-63.6887653845
-70.0
-70.0
-70.0
-70.0
-69.954604791
-70.0
-70.0
-70.0
-70.0
-70.0
-70.0
-70.0
-70.0
-70.0
-70.0
-70.0
-70.0
-70.0
-70.0
-70.0
-65.2891612074
-62.6196858915
-61.2640111723
-60.7418059684
-59.7631016086
-59.5171089391
-59.7189430395
-62.6368096487
-70.0
-70.0
-70.0
-70.0
-70.0
-70.0
-70.0
-70.0
-69.6487878449
-69.1164342903
-62.4410148142
-58.6877293015
-56.8128336838
-56.1274685237
-56.7855373757
-60.85124585
-64.7084814295
-70.0
-70.0
-70.0
-70.0
-70.0
-70.0
-70.0
-70.0
-70.0
-70.0
-63.6995031181
-60.1292215516
-58.3160785601
-60.1621209498
-66.3774523853
-70.0
-70.0
-70.0
-70.0
-70.0
-70.0
-70.0
-70.0
-70.0
-63.6280071467
-60.0172111965
-62.6198750742
-70.0
-70.0
-70.0
-70.0
-70.0
-70.0
-70.0
-70.0
-70.0
-70.0
-70.0
-70.0
-70.0
-70.0
-70.0
-70.0
-70.0
-70.0
-70.0
-70.0
-70.0
-64.3521211081
-61.1516564027
-58.5297478535
-57.3389444621
-58.0413593808
-59.2439411928
-63.8709188471
-70.0
-70.0
-70.0
-70.0
-70.0
-70.0
-70.0
-70.0
-70.0
-70.0
-70.0
-70.0
-70.0
-70.0
-70.0
-70.0
-70.0
-70.0
-70.0
-70.0
-70.0
-70.0
-70.0
-70.0
-70.0
-70.0
-70.0
-70.0
-63.7860452435
-63.304802976
-70.0
-70.0
-70.0
-70.0
-70.0
-70.0
-70.0
-65.5120188435
-62.9688295214
-61.6772882775
-61.1797872552
-61.1752937333
-61.4667544958
-61.92607247
-67.1587479393
-70.0
-70.0
-70.0
-70.0
-70.0
-70.0
-70.0
-70.0
-70.0
-70.0
-70.0
-70.0
-70.0
-70.0
-70.0
-70.0
-70.0
-70.0
-70.0
-70.0
-70.0
-70.0
-70.0
-70.0
-70.0
-64.3362353628
-61.126768735
-55.6079742449
-55.9011173562
-70.0
-70.0
-70.0
-70.0
-70.0
-70.0
-70.0
-70.0
-70.0
-70.0
-70.0
-70.0
-63.7700466538
-59.2982674211
-56.9719243008
-58.2637222326
-70.0
-70.0
-70.0
-70.0
-70.0
-69.4435314712
-69.1281993049
-65.0791711394
-62.8137818688
-61.6940889108
-61.2991368389
-61.3521943679
-61.672289073
-55.7564767267
-56.1875303124
-70.0
-70.0
-70.0
-70.0
-70.0
-70.0
-70.0
-70.0
-70.0
-70.0
-70.0
-70.0
-70.0
-70.0
-70.0
-70.0
-70.0
-70.0
-70.0
-70.0
-70.0
-70.0
-70.0
-70.0
-70.0
-70.0
-70.0
-70.0
-70.0
-70.0
-70.0
-70.0
-70.0
-70.0
-70.0
-70.0
-70.0
-70.0
-70.0
-70.0
-70.0
-70.0
-64.2814423281
-63.4272843583
-70.0
-70.0
-70.0
-70.0
-70.0
-70.0
-70.0
-70.0
-70.0
-70.0
-70.0
-70.0
-70.0
-70.0
-70.0
-70.0
-70.0
-70.0
-65.5390839447
-63.0112315134
-61.7274790042
-61.2329781985
-55.6112278245
0
-70.0
-70.0
-70.0
-70.0
-70.0
-70.0
-70.0
-70.0
-70.0
-70.0
-70.0
-70.0
-70.0
-70.0
-63.0257309271
-68.4485773606
-70.0
-70.0
-70.0
-70.0
-70.0
-70.0
-70.0
-70.0
-70.0
-70.0
-70.0
-63.3750780527
-59.6209556158
-57.7144502999
-60.2574058687
-70.0
-70.0
-70.0
-70.0
-70.0
-70.0
-70.0
-70.0
-70.0
-70.0
-70.0
-70.0
-69.959945929
-70.0
-70.0
-70.0
-70.0
-70.0
-70.0
-70.0
-70.0
-70.0
-70.0
-70.0
-70.0
-70.0
-69.9297793366
-62.8900119644
-59.3838339014
-63.6854816969
-70.0
-70.0
-70.0
-70.0
-70.0
-70.0
-70.0
-70.0
-63.8241992793
-60.3245788709
-58.5473206635
-59.0823973938
-70.0
-70.0
-70.0
-70.0
-70.0
-70.0
-70.0
-70.0
-70.0
-70.0
-70.0
-70.0
-70.0
-70.0
-70.0
-70.0
-70.0
-70.0
-70.0
-70.0
-70.0
-70.0
-70.0
-70.0
-70.0
-70.0
-70.0
-70.0
-63.2564915148
-65.0061004238
-70.0
-70.0
-70.0
-70.0
-70.0
-70.0
-70.0
-70.0
-70.0
-70.0
-70.0
-70.0
-70.0
-69.6917111769
-70.0
-70.0
-70.0
-70.0
-70.0
-70.0
-70.0
-70.0
-70.0
-70.0
-70.0
-70.0
-70.0
-70.0
-70.0
-70.0
-70.0
-70.0
-70.0
-70.0
-70.0
-70.0
-70.0
-70.0
-70.0
-70.0
-70.0
-70.0
-70.0
-70.0
-70.0
-70.0
-70.0
-70.0
-70.0
-70.0
-70.0
-70.0
-70.0
-70.0
-70.0
-70.0
-70.0
-70.0
-70.0
-70.0
-70.0
-70.0
-70.0
-70.0
-70.0
-70.0
-65.2490258572
-62.223473843
-61.5356729302
-61.4051366182
-61.6133102771
-62.0177707965
-63.3289905507
-67.3877549054
-70.0
-70.0
-70.0
-70.0
-70.0
-70.0
-70.0
-70.0
-70.0
-70.0
-70.0
-70.0
-70.0
-70.0
-70.0
-70.0
-70.0
-70.0
-70.0
-70.0
-70.0
-70.0
-70.0
-70.0
-70.0
-70.0
-70.0
-70.0
-70.0
-70.0
-70.0
-70.0
-70.0
-70.0
-70.0
-70.0
-70.0
-70.0
-70.0
-70.0
-70.0
-70.0
-69.8661567172
-70.0
-70.0
-70.0
-70.0
-70.0
-70.0
-70.0
-70.0
-70.0
-70.0
-70.0
-70.0
-70.0
-70.0
-70.0
-70.0
-70.0
-70.0
-70.0
-70.0
-70.0
-70.0
-70.0
-70.0
-70.0
-70.0
-70.0
-70.0
-70.0
-70.0
-70.0
-70.0
-70.0
-70.0
-70.0
-70.0
-70.0
-70.0
-70.0
-70.0
-70.0
-64.383399937
-63.5787941328
-70.0
-70.0
-70.0
-70.0
-69.631842469
-69.4232198681
-68.7617167564
-68.4060909975
-67.6902902866
-60.619007317
-56.6889372913
-54.2190418106
0
-70.0
-70.0
-70.0
-70.0
-70.0
-70.0
-70.0
-70.0
-70.0
-70.0
-70.0
-70.0
-70.0
-70.0
-70.0
-65.1886258028
-67.1835934356
-70.0
-70.0
-70.0
-70.0
-70.0
-70.0
-70.0
-70.0
-70.0
-70.0
-70.0
-69.7567915128
-69.6189733701
-70.0
-70.0
-70.0
-70.0
-70.0
-70.0
-66.518489352
-64.5456333181
-63.5437319206
-62.1693610379
-61.6057598071
-61.547407075
-61.7941485333
-62.6559983651
-68.8080518346
-70.0
-70.0
-70.0
-68.0826335397
-66.9961258789
-66.4443504197
-65.4293376611
-64.9726854173
-65.8662594897
-65.8364915799
-65.9574144479
-66.1647210205
-66.8249211595
-70.0
-70.0
-70.0
-70.0
-70.0
-70.0
-70.0
-70.0
-70.0
-70.0
-70.0
-70.0
-70.0
-69.396425803
-69.0544004247
-70.0
-70.0
-70.0
-70.0
-70.0
-70.0
-69.0843055993
-67.6532036007
-67.5394238809
-67.553175253
-68.1985424567
-68.2754409934
-68.3790654156
-69.0508267773
-69.4855227017
-70.0
-70.0
-70.0
-70.0
-70.0
-70.0
-70.0
-70.0
-70.0
-70.0
-70.0
-70.0
-70.0
-70.0
-70.0
-70.0
-70.0
-70.0
-70.0
-70.0
-70.0
-70.0
-70.0
-70.0
-70.0
-70.0
-70.0
-70.0
-70.0
-70.0
-70.0
-70.0
-70.0
-70.0
-70.0
-70.0
-70.0
-70.0
-70.0
-70.0
-70.0
-70.0
-70.0
-63.6866692819
-61.1084385689
-60.6969519445
-63.3940180914
-68.9328511708
-70.0
-68.5373824011
-67.7085657618
-67.2876569195
-67.1255230501
-66.1240586347
-59.2408553973
-55.4695716082
-54.0554636641
-56.3687066554
-62.3065959314
-70.0
-70.0
-68.9882493736
-68.4149240187
-68.1237646718
-68.0116102412
-68.0105972415
-68.076302867
-62.7683776516
-57.4913432672
-54.7420778611
-58.2564702628
-70.0
-70.0
-70.0
-70.0
-70.0
-70.0
-70.0
-70.0
-70.0
-70.0
-64.3640735027
-61.1703818209
-59.5484874178
-58.9237345287
-61.0285837763
-70.0
-70.0
-70.0
-70.0
-70.0
-70.0
-70.0
-70.0
-70.0
-70.0
-70.0
-70.0
-70.0
-70.0
-70.0
-70.0
-70.0
-70.0
-70.0
-70.0
-70.0
-70.0
-70.0
-70.0
-69.9426858459
-69.9102078252
-69.8937140853
-70.0
-70.0
-70.0
-70.0
-70.0
-70.0
-70.0
-70.0
-70.0
-70.0
-70.0
-69.1297850209
-62.2512036658
-59.3822144066
-58.0147470376
-59.2336798871
-70.0
-70.0
-70.0
-70.0
-70.0
-70.0
-70.0
-70.0
-70.0
-70.0
-64.8064101182
-59.5300425186
-56.7132205415
-55.4465107827
-55.1716012347
-55.5009354647
-57.6691860652
-65.5077589535
-70.0
-70.0
-70.0
-70.0
-66.402250811
-64.3635262705
-63.3281740039
-62.9293568438
-62.925754653
-63.1594015167
-63.5276095844
-66.5488783518
-70.0
-70.0
-70.0
-70.0
-70.0
-70.0
-64.2336587478
-60.9660653715
-59.3066405001
-59.6500893639
-60.2011557035
-62.2869019949
-69.5226878862
-70.0
-70.0
-70.0
-70.0
-70.0
-70.0
-70.0
-69.1272097649
-68.6326286317
-68.3814589974
-68.2847085835
-68.6881339556
-68.2101560321
-70.0
-70.0
-70.0
-70.0
-70.0
-70.0
-70.0
-70.0
-70.0
-70.0
-70.0
-70.0
-65.4070120188
-70.0
-70.0
-70.0
-70.0
-70.0
-70.0
-70.0
-70.0
-70.0
-70.0
-70.0
-70.0
-70.0
-70.0
-70.0
-70.0
-70.0
-70.0
-70.0
-70.0
-70.0
-70.0
-70.0
-70.0
-70.0
-70.0
-70.0
-70.0
-70.0
-70.0
-70.0
-70.0
-70.0
-70.0
-70.0
-63.667407081
-60.0789377602
-57.3443497376
-56.1254519327
-56.3101022577
-61.273042964
-70.0
-70.0
-70.0
-70.0
-70.0
-70.0
-70.0
-70.0
-70.0
-70.0
-70.0
-70.0
-70.0
-70.0
-70.0
-70.0
-70.0
-70.0
-70.0
-70.0
-70.0
-70.0
-70.0
-70.0
-63.4690704126
-59.7682103131
-58.3663914161
-63.9269988186
-70.0
-70.0
-70.0
-70.0
-70.0
-70.0
-70.0
-70.0
-70.0
-70.0
-70.0
-70.0
-70.0
-70.0
-70.0
-68.8642276209
-70.0
-70.0
-70.0
-68.9964916601
-68.4278369341
-68.1390495341
-68.0278087763
-67.0853316925
-66.6170010525
-66.4487693
-59.8758982495
-56.2696456776
0
-70.0
-70.0
-70.0
-70.0
-70.0
-70.0
-70.0
-70.0
-70.0
-70.0
-70.0
-70.0
-70.0
-70.0
-70.0
-70.0
-70.0
-70.0
-70.0
-70.0
-70.0
-70.0
-70.0
-70.0
-70.0
-70.0
-70.0
-70.0
-70.0
-70.0
-70.0
-70.0
-70.0
-70.0
-70.0
-70.0
-70.0
-70.0
-70.0
-65.197358576
-62.4758617691
-61.0937682926
-61.4296993542
-61.9169346794
-62.4787113851
-63.2940810099
-68.8195453956
-70.0
-70.0
-70.0
-70.0
-70.0
-70.0
-70.0
-70.0
-69.1081560495
-62.9854938603
-59.5457134181
-57.8303213722
-57.2067420989
-58.2583598255
-58.9372521393
-62.8771269953
-70.0
-70.0
-70.0
-70.0
-70.0
-70.0
-70.0
-70.0
-70.0
-70.0
-69.1795426154
-69.7111912768
-70.0
-70.0
-70.0
-70.0
-70.0
-70.0
-70.0
-70.0
-70.0
-70.0
-70.0
-70.0
-63.6136380975
-60.8049199128
-59.4261916715
-59.6506552832
-63.884236469
-70.0
-70.0
-70.0
-70.0
-70.0
-70.0
-65.4041127243
-62.7997766014
-61.4771823743
-61.9674190302
-61.617105218
-61.6863467567
-62.0050134547
-65.5773543022
-70.0
-70.0
-70.0
-70.0
-70.0
-70.0
-70.0
-70.0
-70.0
-70.0
-70.0
-70.0
-70.0
-70.0
-70.0
-70.0
-70.0
-69.3340900656
-69.0859722105
-68.9675690904
-68.930941582
-68.1421312217
-67.7307739649
-67.5596004786
-66.8345393338
-67.2954930596
-70.0
-70.0
-70.0
-70.0
-70.0
-69.6660126185
-70.0
-70.0
-70.0
-70.0
-70.0
-70.0
-70.0
-70.0
-70.0
-70.0
-70.0
-70.0
-70.0
-70.0
-70.0
-70.0
-70.0
-70.0
-69.5692752944
-69.3251979612
-69.2012449626
-69.1534983314
-70.0
-70.0
-70.0
-70.0
-70.0
-70.0
-70.0
-70.0
-70.0
-70.0
-70.0
-70.0
-70.0
-70.0
-70.0
-70.0
-70.0
-70.0
-70.0
-70.0
-70.0
-70.0
-70.0
-70.0
-70.0
-69.6664761763
-70.0
-70.0
-70.0
-70.0
-70.0
-70.0
-70.0
-70.0
-70.0
-70.0
-70.0
-70.0
-70.0
-70.0
-70.0
-70.0
-70.0
-70.0
-70.0
-70.0
-70.0
-70.0
-70.0
-70.0
-70.0
-63.6124342761
-59.9928136992
-58.1546142298
-62.467755846
-70.0
-70.0
-70.0
-70.0
-70.0
-70.0
-70.0
-70.0
-63.8009201552
-60.2881082432
-58.5041508212
-57.8169713406
-58.8056263765
-60.711762172
-68.8590799204
-70.0
-70.0
-70.0
-70.0
-70.0
-70.0
-70.0
-70.0
-70.0
-70.0
-69.753961347
-62.61927592
-58.5844887998
-67.1117467007
-70.0
-70.0
-70.0
-70.0
-70.0
-70.0
-70.0
-65.6127459097
-63.1266352586
-61.864081026
-61.3777457855
-62.2855616199
-63.0873990665
-63.7989215656
-64.7691004801
-69.9182930609
-70.0
-70.0
-70.0
-70.0
-70.0
-70.0
-70.0
-70.0
-70.0
-64.065262621
-60.7022447729
-59.9358315748
-54.8855300108
0
-70.0
-70.0
-70.0
-70.0
-70.0
-70.0
-70.0
-70.0
-70.0
-66.2114073246
-63.1230658053
-61.4992920336
-60.8083847027
-55.0829435302
0
-70.0
-70.0
-70.0
-70.0
-70.0
-70.0
-70.0
-70.0
-70.0
-70.0
-70.0
-70.0
-64.5534610771
-61.4670890208
-58.9582238165
-59.4060468394
-65.0602865263
-70.0
-70.0
-70.0
-70.0
-70.0
-70.0
-70.0
-70.0
-70.0
-70.0
-70.0
-70.0
-63.3478379527
-58.9017181369
-66.9605840931
-70.0
-70.0
-70.0
-70.0
-70.0
-70.0
-70.0
-70.0
-70.0
-70.0
-70.0
-70.0
-70.0
-70.0
-70.0
-70.0
-70.0
-70.0
-70.0
-70.0
-70.0
-63.8263575881
-60.3279602214
-58.5513231273
-59.6348488835
-70.0
-70.0
-70.0
-70.0
-70.0
-70.0
-70.0
-70.0
-70.0
-70.0
-70.0
-70.0
-70.0
-70.0
-70.0
-70.0
-70.0
-70.0
-70.0
-70.0
-70.0
-70.0
-70.0
-70.0
-70.0
-70.0
-70.0
-70.0
-70.0
-70.0
-70.0
-70.0
-70.0
-70.0
-70.0
-70.0
-70.0
-70.0
-70.0
-70.0
-64.3839275273
-61.2014864594
-59.5853056034
-61.391112809
-70.0
-70.0
-70.0
-70.0
-70.0
-70.0
-70.0
-70.0
-70.0
-70.0
-70.0
-70.0
-70.0
-70.0
-70.0
-70.0
-70.0
-70.0
-70.0
-70.0
-70.0
-70.0
-66.3416963677
-64.2686576427
-63.2158791529
-62.8103494206
-62.8066866006
-63.0442660218
-63.4186714739
-64.8611699238
-67.9002881516
-70.0
-70.0
-70.0
-70.0
-70.0
-70.0
-70.0
-70.0
-70.0
-70.0
-63.9620781767
-60.5405891435
-59.7995839314
-58.6950837779
-61.269255059
-70.0
-70.0
-70.0
-70.0
-70.0
-70.0
-70.0
-70.0
-70.0
-70.0
-70.0
-70.0
-69.5553239711
-69.303340888
-69.5330814328
-70.0
-70.0
-70.0
-70.0
-70.0
-70.0
-68.5261273742
-67.6909328862
-63.3778962084
-60.0185183413
-58.3356076764
-57.7146743549
-57.7516252168
-58.1820748934
-60.5741312771
-67.1020774243
-70.0
-70.0
-70.0
-70.0
-70.0
-70.0
-70.0
-70.0
-63.4383686029
-60.7027692812
-60.0995656705
-70.0
-70.0
-70.0
-70.0
-70.0
-70.0
-70.0
-67.8434934541
-67.3251767819
-67.1033475524
-67.6223606519
-68.0130231565
-68.3136532208
-68.5502428186
-68.7405218167
-70.0
-70.0
-70.0
-70.0
-70.0
-70.0
-70.0
-70.0
-70.0
-70.0
-70.0
-70.0
-63.5433492872
-59.88458055
-59.026048863
-58.876728222
-58.0526798599
-69.8892442822
-70.0
-70.0
-70.0
-70.0
-70.0
-70.0
-70.0
-70.0
-70.0
-70.0
-70.0
-70.0
-70.0
-70.0
-70.0
-70.0
-70.0
-70.0
-70.0
-70.0
-70.0
-70.0
-70.0
-70.0
-70.0
-70.0
-70.0
-70.0
-70.0
-70.0
-69.825035432
-69.7258888434
-69.6755379288
-69.6561427825
-69.6559676019
-63.5891409397
-60.1627402445
-58.4348084858
-57.7835558144
-58.6609049038
-68.3565351077
-70.0
-70.0
-70.0
-70.0
-70.0
-70.0
-66.5083959184
-63.7273511364
-62.2678125626
-61.6498289996
-61.5573778951
-60.9808588335
-60.9355854354
-61.2105685487
-63.4306783788
-70.0
-70.0
-70.0
-70.0
-70.0
-70.0
-70.0
-70.0
-70.0
-64.047290801
-59.6856499415
-57.4124770945
-56.4681574831
-56.5175288879
-65.6643867839
-70.0
-70.0
-70.0
-70.0
-65.6501859737
-63.1852913588
-61.9335115446
-61.4513266046
-61.4469714204
-61.7294592625
-61.1823440057
-62.5708622378
-64.763213512
-70.0
-70.0
-70.0
-70.0
-70.0
-70.0
-70.0
-70.0
-70.0
-70.0
-70.0
-70.0
-70.0
-70.0
-70.0
-70.0
-70.0
-70.0
-70.0
-70.0
-70.0
-70.0
-70.0
-70.0
-70.0
-70.0
-70.0
-70.0
-70.0
-70.0
-70.0
-70.0
-70.0
-70.0
-70.0
-70.0
-70.0
-70.0
-70.0
-70.0
-70.0
-69.3059251632
-70.0
-70.0
-70.0
-70.0
-70.0
-70.0
-70.0
-66.5620443658
-64.6138695064
-63.6245022738
-63.2433985252
-64.2395052322
-65.0291857486
-65.6686878669
-70.0
-70.0
-70.0
-70.0
-70.0
-70.0
-70.0
-70.0
-70.0
-70.0
-70.0
-70.0
-70.0
-70.0
-70.0
-70.0
-70.0
-70.0
-70.0
-70.0
-70.0
-70.0
-70.0
-70.0
-70.0
-70.0
-70.0
-70.0
-70.0
-70.0
-70.0
-70.0
-70.0
-70.0
-70.0
-70.0
-70.0
-70.0
-69.5067741892
-69.2272795631
-69.0853401354
-69.0306651409
-69.1959836752
-70.0
-70.0
-70.0
-70.0
-70.0
-70.0
-70.0
-70.0
-70.0
-70.0
-70.0
-70.0
-70.0
-64.9694666972
-70.0
-70.0
-70.0
-70.0
-70.0
-70.0
-70.0
-70.0
-70.0
-70.0
-70.0
-70.0
-70.0
-70.0
-70.0
-70.0
-70.0
-70.0
-70.0
-70.0
-70.0
-70.0
-70.0
-70.0
-70.0
-70.0
-70.0
-70.0
-70.0
-70.0
-70.0
-70.0
-70.0
-70.0
-70.0
-70.0
-70.0
-70.0
-70.0
-70.0
-70.0
-63.4022611043
-59.6635423968
-57.764859759
-57.605921562
-70.0
-70.0
-70.0
-70.0
-70.0
-70.0
-70.0
-70.0
-70.0
-69.3168710655
-68.9297646692
-68.7331753425
-68.657449235
-69.0448384902
-70.0
-70.0
-70.0
-70.0
-70.0
-70.0
-70.0
-70.0
-70.0
-70.0
-70.0
-70.0
-70.0
-70.0
-70.0
-70.0
-70.0
-70.0
-70.0
-70.0
-70.0
-70.0
-70.0
-70.0
-70.0
-70.0
-70.0
-63.5837710032
-59.9479079051
-58.1014597827
-59.8772078563
-70.0
-70.0
-70.0
-70.0
-70.0
-70.0
-70.0
-70.0
-70.0
-70.0
-70.0
-70.0
-69.2228593076
-68.782479582
-68.8564325695
-70.0
