-70.0
-69.0
-68.4333333333
-68.1455555556
-68.0347037037
-68.0337024691
-68.0986449794
-68.2009889863
-70.0
-70.0
-70.0
-70.0
-70.0
-70.0
-70.0
-70.0
-70.0
-70.0
-70.0
-70.0
-70.0
-70.0
-70.0
-70.0
-70.0
-70.0
-70.0
-70.0
-70.0
-70.0
-70.0
-70.0
-70.0
-70.0
-70.0
-67.5126655952
-70.0
-70.0
-70.0
-70.0
-70.0
-70.0
-70.0
-70.0
-64.5430731974
-61.4508146759
-59.8804324071
-60.1877304704
-60.6991849594
-61.4165733458
-69.8752452784
-70.0
-70.0
-70.0
-70.0
-70.0
-70.0
-70.0
-70.0
-70.0
-70.0
-70.0
-70.0
-70.0
-70.0
-70.0
-70.0
-70.0
-68.3511780157
-66.4171462866
-65.3761557062
-64.9056895011
-64.793220128
-64.8992978332
-65.1329678619
-65.4354042837
-65.7690193274
-66.1102210426
-70.0
-70.0
-70.0
-70.0
-70.0
-70.0
-70.0
-70.0
-70.0
-70.0
-64.9168685875
-62.0364274537
-60.5736151917
-60.0101406614
-60.0050512545
-63.0504644561
-70.0
-70.0
-70.0
-70.0
-70.0
-70.0
-70.0
-70.0
-70.0
-69.8297447722
-62.7439238816
-58.7343005512
-56.704049868
-60.1170700375
-70.0
-70.0
-70.0
-70.0
-70.0
-70.0
-70.0
-70.0
-70.0
-70.0
-70.0
-70.0
-70.0
-70.0
-70.0
-70.0
-70.0
-70.0
-70.0
-68.8946941318
-68.2683541398
-67.9502716732
-67.8277464709
-67.8266398004
-67.8984211381
-60.6265341289
-56.5758507857
-54.8176402098
-60.048756306
-70.0
-70.0
-70.0
-70.0
-70.0
-70.0
-70.0
-70.0
-70.0
-70.0
-62.7521718184
-58.6450691821
-57.520286852
-57.6002093737
-63.2665273568
-70.0
-70.0
-70.0
-70.0
-70.0
-70.0
-70.0
-70.0
-70.0
-70.0
-70.0
-70.0
-70.0
-70.0
-70.0
-70.0
-70.0
-70.0
-70.0
-70.0
-64.7011496646
-61.6984678079
-61.1150487701
-61.0611623885
-61.3267918132
-55.6970871072
0
-70.0
-70.0
-70.0
-70.0
-70.0
-70.0
-70.0
-70.0
-70.0
-70.0
-70.0
-70.0
-63.5948881919
-59.9653248339
-58.3478090229
-68.3412415651
-70.0
-70.0
-70.0
-70.0
-70.0
-70.0
-70.0
-70.0
-70.0
-70.0
-70.0
-64.1840423183
-60.8883329654
-59.2146295881
-59.839532671
-65.5508593707
-70.0
-70.0
-70.0
-70.0
-70.0
-70.0
-69.8767963907
-63.2166746563
-59.4467124605
-57.5365113943
-56.003371239
-55.5500414378
-56.1109482441
-68.4373932061
-70.0
-70.0
-70.0
-70.0
-70.0
-70.0
-70.0
-70.0
-70.0
-70.0
-62.9491603519
-58.9536845513
-57.8660819224
-57.617984281
-58.4914833627
-65.9280266452
-70.0
-70.0
-70.0
-70.0
-70.0
-70.0
-70.0
-70.0
-70.0
-70.0
-70.0
-70.0
-70.0
-70.0
-70.0
-70.0
-70.0
-70.0
-70.0
-70.0
-67.6852116033
-66.3734981785
-65.7073535177
-65.4507549373
-65.4484372911
-65.5987654604
-65.8356701799
-66.1166240057
-66.793211622
-70.0
-70.0
-70.0
-70.0
-70.0
-70.0
-70.0
-70.0
-64.5753419432
-61.5013690444
-59.9402730036
-58.6352359087
-58.2310391214
-58.380819745
-58.8579941277
-64.5254391157
-70.0
-70.0
-70.0
-70.0
-70.0
-70.0
-70.0
-70.0
-70.0
-70.0
-70.0
-70.0
-70.0
-70.0
-70.0
-70.0
-70.0
-70.0
-70.0
-70.0
-70.0
-67.3626248106
-65.8681122032
-65.1091342321
-64.8167763083
-59.1968517265
-55.1965629398
0
-70.0
-70.0
-70.0
-70.0
-70.0
-70.0
-70.0
-70.0
-70.0
-70.0
-70.0
-70.0
-70.0
-70.0
-70.0
-70.0
-69.48869363
-70.0
-70.0
-70.0
-70.0
-70.0
-70.0
-70.0
-70.0
-70.0
-70.0
-70.0
-70.0
-70.0
-69.6259907731
-69.4140522112
-70.0
-70.0
-70.0
-70.0
-70.0
-70.0
-70.0
-70.0
-70.0
-70.0
-70.0
-70.0
-69.7871245736
-69.6664951653
-69.0496787926
-68.7112663426
-70.0
-70.0
-70.0
-70.0
-70.0
-70.0
-70.0
-70.0
-70.0
-70.0
-70.0
-70.0
-70.0
-70.0
-70.0
-70.0
-70.0
-70.0
-70.0
-67.1854289656
-65.5905053795
-60.891645493
-56.0426080446
0
-70.0
-70.0
-70.0
-70.0
-70.0
-70.0
-70.0
-69.9958191123
-69.9934499426
-69.9922467761
-69.9917833169
-69.9917791309
-63.001652843
-59.0408553089
-57.4284046962
-64.1782252648
-70.0
-70.0
-70.0
-70.0
-70.0
-70.0
-70.0
-70.0
-70.0
-70.0
-70.0
-70.0
-70.0
-70.0
-70.0
-70.0
-70.0
-70.0
-70.0
-70.0
-70.0
-70.0
-65.0419362608
-62.2323668086
-60.8055462437
-60.2559356966
-59.2509767269
-59.0063021208
-58.6703983976
-60.5893066904
-70.0
-70.0
-70.0
-70.0
-70.0
-70.0
-70.0
-70.0
-70.0
-70.0
-70.0
-70.0
-70.0
-70.0
-68.3502303543
-70.0
-70.0
-70.0
-70.0
-70.0
-70.0
-70.0
-70.0
-69.3868575932
-69.0394102293
-69.8369491751
-70.0
-70.0
-70.0
-70.0
-70.0
-70.0
-70.0
-70.0
-65.163900238
-62.4234437063
-57.1428327748
-54.4030384567
0
-70.0
-70.0
-70.0
-70.0
-70.0
-70.0
-70.0
-70.0
-68.111529509
-67.0413962307
-62.6090475005
-60.1960033457
-59.0749767413
-58.7665282206
-58.9559081675
-59.4376725301
-60.5955380979
-69.7245703772
-70.0
-70.0
-70.0
-70.0
-68.130756068
-64.7381845066
-62.8780354195
-61.0383632289
-60.2332811402
-60.0757891824
-60.3121010349
-59.9743489761
-60.1058861083
-60.514612184
-65.4471502267
-70.0
-70.0
-70.0
-70.0
-70.0
-70.0
-70.0
-70.0
-70.0
-70.0
-70.0
-70.0
-69.964111672
-70.0
-70.0
-70.0
-70.0
-69.6802703197
-69.4990901675
-69.4070790706
-70.0
-69.6121809516
-69.3924168241
-69.2808111202
-69.2378206605
-69.2374323626
-70.0
-70.0
-70.0
-70.0
-70.0
-70.0
-70.0
-70.0
-70.0
-64.2652199596
-61.0155112701
-59.365169014
-58.7294580266
-59.2293834584
-56.6291514338
-60.5315987628
-66.5576734096
-70.0
-70.0
-70.0
-70.0
-70.0
-63.7190426894
-60.1598335468
-57.3533285688
-56.3741568629
-67.7178158837
-70.0
-70.0
-70.0
-70.0
-70.0
-70.0
-65.519456341
-62.9804816008
-57.8021918145
-55.1018115489
0
-70.0
-70.0
-70.0
-70.0
-70.0
-70.0
-70.0
-70.0
-70.0
-70.0
-70.0
-70.0
-70.0
-64.1360319312
-60.8131166923
-59.1255969925
-59.790925435
-61.4026170605
-67.6084891698
-70.0
-70.0
-70.0
-70.0
-70.0
-70.0
-64.4504012245
-61.305628585
-59.7085773819
-54.1674681546
0
-70.0
-70.0
-70.0
-70.0
-70.0
-70.0
-70.0
-70.0
-70.0
-70.0
-64.786433663
-61.8320794054
-60.3317308707
-59.7537973875
-54.3088767791
-58.3541914764
-70.0
-70.0
-70.0
-70.0
-70.0
-70.0
-66.8033992337
-64.9917665862
-64.0717281116
-64.2728696453
-63.880755207
-63.8494613704
-64.7394067265
-65.4487270493
-66.8359156116
-70.0
-70.0
-70.0
-70.0
-70.0
-70.0
-70.0
-70.0
-70.0
-70.0
-70.0
-64.5369744431
-61.4412599608
-60.668435379
-66.3270712444
-70.0
-70.0
-70.0
-70.0
-70.0
-70.0
-65.8296092016
-63.4663877492
-62.2662419528
-61.8039464099
-61.7997708704
-62.0706065178
-62.6757849515
-66.5917960441
-70.0
-70.0
-70.0
-70.0
-70.0
-70.0
-64.9864538993
-62.1454444423
-60.7026572867
-60.1468964171
-60.1418766814
-61.467461128
-56.660537471
-57.4915444328
-66.5751260056
-70.0
-70.0
-70.0
-70.0
-70.0
-70.0
-70.0
-70.0
-70.0
-70.0
-70.0
-70.0
-70.0
-70.0
-70.0
-70.0
-70.0
-70.0
-70.0
-70.0
-70.0
-70.0
-70.0
-70.0
-70.0
-70.0
-70.0
-70.0
-70.0
-70.0
-70.0
-70.0
-66.5996920347
-64.6728508544
-64.6769762545
-64.8568856193
-64.1439757309
-57.8332413064
-54.4523592749
0
-70.0
-70.0
-70.0
-70.0
-70.0
-70.0
-70.0
-70.0
-70.0
-70.0
-70.0
-70.0
-63.0669846101
-61.336768384
-70.0
-70.0
-70.0
-70.0
-70.0
-70.0
-70.0
-70.0
-70.0
-70.0
-70.0
-70.0
-70.0
-70.0
-70.0
-70.0
-70.0
-70.0
-70.0
-67.678198732
-66.3625113468
-65.6943485375
-65.4369725673
-59.817363949
-56.7850199797
-55.4061129321
-56.0618061185
-57.2531618263
0
-70.0
-70.0
-70.0
-70.0
-70.0
-70.0
-69.9778042369
-67.6318933044
-66.3032836348
-65.6293417119
-65.3706651677
-65.3697704023
-66.4975622348
-67.2909852597
-67.8573395661
-69.7526773462
-70.0
-70.0
-70.0
-70.0
-70.0
-70.0
-70.0
-70.0
-70.0
-70.0
-70.0
-70.0
-70.0
-70.0
-70.0
-70.0
-70.0
-70.0
-70.0
-70.0
-70.0
-70.0
-70.0
-70.0
-70.0
-70.0
-70.0
-69.4833602057
-69.1905976556
-70.0
-70.0
-70.0
-70.0
-70.0
-70.0
-70.0
-70.0
-64.5488191759
-59.1264833755
-56.2355324495
-54.9597774788
-54.6956652472
-56.0473371848
-57.9287485911
-62.5970682167
-70.0
-70.0
-70.0
-70.0
-70.0
-70.0
-70.0
-70.0
-70.0
-70.0
-70.0
-62.4810890033
-66.2318677009
-70.0
-70.0
-70.0
-70.0
-70.0
-70.0
-70.0
-70.0
-70.0
-70.0
-70.0
-63.6261812817
-60.8168198104
-61.1296121815
-64.6566924216
-70.0
-70.0
-70.0
-70.0
-70.0
-70.0
-70.0
-70.0
-70.0
-70.0
-70.0
-70.0
-70.0
-70.0
-70.0
-70.0
-70.0
-70.0
-70.0
-70.0
-70.0
-70.0
-70.0
-70.0
-70.0
-70.0
-70.0
-70.0
-70.0
-70.0
-70.0
-70.0
-70.0
-70.0
-70.0
-70.0
-70.0
-70.0
-70.0
-70.0
-70.0
-70.0
-70.0
-70.0
-70.0
-70.0
-70.0
-70.0
-70.0
-68.535298502
-67.7053009865
-67.2837924443
-67.1214275708
-61.5026771105
-59.3886586357
-58.8072922629
0
-70.0
-70.0
-70.0
-70.0
-70.0
-70.0
-70.0
-70.0
-69.5530220832
-69.299734597
-69.1711042854
-68.4178522519
-69.0152138026
-69.4064569397
-70.0
-70.0
-70.0
-70.0
-70.0
-70.0
-70.0
-70.0
-70.0
-70.0
-70.0
-70.0
-62.4322955051
-58.7520686279
-58.397811791
-62.6347192858
-70.0
-70.0
-70.0
-70.0
-70.0
-70.0
-65.9824507652
-63.7058395321
-62.5496781412
-62.1043253686
-62.1003028594
-62.3612125919
-61.7746683366
-61.6969195056
-62.4072002816
-70.0
-70.0
-70.0
-70.0
-70.0
-70.0
-70.0
-70.0
-70.0
-69.4254988264
-69.0999481613
-68.9346194902
-61.5769249118
-57.4430773343
-55.3813328767
-55.1609326171
-64.4439925582
-70.0
-70.0
-70.0
-70.0
-70.0
-70.0
-70.0
-64.3257540192
-61.1103479633
-59.4774260644
-59.7167381468
-59.3347880341
-59.8636508205
-68.462849734
-70.0
-70.0
-70.0
-70.0
-70.0
-70.0
-70.0
-70.0
-70.0
-70.0
-70.0
-63.5404300952
-59.8800071492
-55.0931791454
0
-70.0
-70.0
-70.0
-70.0
-70.0
-70.0
-70.0
-70.0
-70.0
-70.0
-70.0
-70.0
-70.0
-63.3911155873
-60.8319163475
-68.7610428717
-70.0
-70.0
-70.0
-70.0
-70.0
-70.0
-70.0
-70.0
-64.3785831349
-61.193113578
-58.578820212
0
-70.0
-70.0
-70.0
-70.0
-70.0
-70.0
-68.8900969466
-68.261151883
-67.9417464487
-67.8187116398
-67.8176003665
-67.889680257
-61.6178126491
-58.7810302875
-69.8928657591
-70.0
-70.0
-70.0
-70.0
-70.0
-67.3120198665
-65.7888311242
-65.0152901747
-65.7173224635
-66.2812977547
-66.7436396709
-67.1295901649
-60.8665344334
-58.9929084988
-60.9890838335
-67.0571014566
-70.0
-70.0
-70.0
-70.0
-70.0
-63.9681344158
-61.5240649566
-60.3401544491
-60.5073585519
-60.9241023952
-67.8664798807
-70.0
-70.0
-70.0
-70.0
-70.0
-70.0
-70.0
-70.0
-70.0
-70.0
-70.0
-70.0
-70.0
-69.7156111106
-62.5784358183
-59.4654948898
-63.0821884594
-70.0
-70.0
-70.0
-70.0
-70.0
-70.0
-70.0
-64.3601344803
-61.1642106858
-59.5411827195
-57.9194186699
0
-70.0
-70.0
-70.0
-70.0
-70.0
-70.0
-70.0
-70.0
-70.0
-70.0
-70.0
-70.0
-70.0
-70.0
-70.0
-70.0
-70.0
-70.0
-70.0
-70.0
-70.0
-70.0
-70.0
-65.7446047135
-64.3325374117
-64.0075457835
-64.0122992805
-58.5974574521
-56.4323408103
-55.5855261316
-55.5579197866
-56.3055635496
-66.665072045
-70.0
-70.0
-70.0
-70.0
-70.0
-70.0
-70.0
-70.0
-70.0
-70.0
-69.5673016111
-68.9887725241
-68.6753626544
-68.5314713108
-70.0
-70.0
-70.0
-70.0
-70.0
-70.0
-70.0
-70.0
-70.0
-70.0
-70.0
-70.0
-70.0
-64.0677149962
-60.9818346335
-62.548668987
-68.1185705439
-70.0
-70.0
-70.0
-70.0
-70.0
-70.0
-70.0
-70.0
-70.0
-70.0
-70.0
-70.0
-70.0
-70.0
-70.0
-70.0
-70.0
-70.0
-70.0
-70.0
-70.0
-64.9258341914
-62.0504735665
-60.590241406
-60.0277607295
-61.0111192794
-61.9007637666
-63.806158095
-70.0
-70.0
-70.0
-70.0
-70.0
-70.0
-70.0
-70.0
-70.0
-70.0
-70.0
-70.0
-70.0
-70.0
-70.0
-70.0
-70.0
-70.0
-70.0
-70.0
-70.0
-70.0
-70.0
-70.0
-70.0
-70.0
-70.0
-70.0
-70.0
-70.0
-68.5160997851
-70.0
-70.0
-70.0
-70.0
-70.0
-70.0
-70.0
-70.0
-70.0
-70.0
-64.0396810243
-60.6621669381
-59.6506232922
-70.0
-70.0
-70.0
-70.0
-70.0
-70.0
-70.0
-70.0
-70.0
-65.6881966466
-62.2451421416
-60.4378047006
-59.6721420793
-58.8533027335
0
-70.0
-70.0
-70.0
-70.0
-70.0
-70.0
-70.0
-70.0
-65.9491126413
-63.6536098047
-57.6066729004
-54.3916216611
-55.1292630552
-68.3278792494
-70.0
-70.0
-70.0
-70.0
-70.0
-70.0
-70.0
-70.0
-70.0
-70.0
-70.0
-70.0
-63.2946759191
-64.4721095839
-70.0
-70.0
-70.0
-70.0
-70.0
-70.0
-70.0
-70.0
-70.0
-70.0
-69.5496320295
-68.9610901796
-68.642595397
-68.4967453475
-70.0
-70.0
-70.0
-70.0
-70.0
-70.0
-70.0
-70.0
-70.0
-70.0
-70.0
-70.0
-70.0
-69.2660179837
-68.836856678
-70.0
-70.0
-70.0
-70.0
-70.0
-70.0
-70.0
-67.7574731731
-67.486706941
-66.4958151323
-66.0180862093
-66.5678830189
-67.012165004
-67.9338842505
-67.6874735662
-67.9041539095
-70.0
-70.0
-70.0
-70.0
-70.0
-70.0
-70.0
-70.0
-64.7478622286
-61.7716508249
-60.2602022884
-59.6779930903
-60.5849429732
-62.2637816247
-62.1447970139
-70.0
-70.0
-70.0
-70.0
-70.0
-70.0
-70.0
-70.0
-70.0
-70.0
-70.0
-70.0
-70.0
-70.0
-70.0
-70.0
-70.0
-70.0
-70.0
-70.0
-70.0
-70.0
-70.0
-70.0
-70.0
-70.0
-70.0
-70.0
-70.0
-70.0
-70.0
-68.7402063072
-68.1828424953
-67.908996125
-67.814388432
-67.8304775351
-67.9124484125
-61.6457564582
-55.8308827371
0
-70.0
-70.0
-70.0
-70.0
-70.0
-70.0
-70.0
-70.0
-70.0
-70.0
-70.0
-70.0
-70.0
-70.0
-70.0
-70.0
-70.0
-70.0
-70.0
-70.0
-70.0
-69.1116165475
-68.6081992578
-68.352542242
-68.2540632912
-68.253173811
-69.3108280603
-63.5829334743
-58.5823211625
-55.96254307
-55.9738852076
-55.3967013797
-60.8230795912
-66.6769518765
-70.0
-70.0
-70.0
-70.0
-70.0
-63.7064837404
-59.140608953
-56.4297304487
-55.9106513113
-57.34007688
-62.0745877607
-70.0
-70.0
-70.0
-70.0
-67.4658150263
-66.0297768746
-65.3004947544
-64.0369171871
-63.4775400738
-63.3593291366
-57.1242987362
0
-70.0
-70.0
-70.0
-70.0
-70.0
-70.0
-70.0
-70.0
-70.0
-70.0
-70.0
-70.0
-70.0
-70.0
-69.6866999109
-70.0
-70.0
-70.0
-70.0
-70.0
-70.0
-70.0
-70.0
-70.0
-70.0
-69.9757014489
-69.96193227
-69.954939687
-70.0
-70.0
-70.0
-70.0
-70.0
-66.8478434232
-65.061621363
-64.1545007482
-63.8050783543
-64.7967840751
-65.5652480384
-59.7886919481
-56.6631352291
-54.9019979247
-62.1834449897
-70.0
-70.0
-70.0
-70.0
-70.0
-66.4122054537
-64.3791218775
-63.3466343358
-62.9489206663
-62.9453284424
-62.1860361732
-61.9909262726
-62.1408294565
-64.0677163665
-70.0
-70.0
-70.0
-70.0
-70.0
-70.0
-70.0
-70.0
-70.0
-70.0
-70.0
-70.0
-70.0
-63.2342199911
-59.4002779861
-59.0004012094
-67.0241732884
-70.0
-70.0
-70.0
-70.0
-70.0
-70.0
-70.0
-70.0
-70.0
-70.0
-70.0
-63.1637404859
-60.5500350302
-65.482104405
-70.0
-70.0
-70.0
-70.0
-70.0
-66.4544209855
-64.445259544
-63.4249206942
-63.0318866946
-63.0283367383
-63.2585955399
-63.6214643029
-64.6164440475
-66.7414481056
-70.0
-70.0
-70.0
-70.0
-70.0
-70.0
-70.0
-70.0
-70.0
-63.731889181
-60.1799597169
-57.8859236094
-57.1852890453
-59.8847561815
-66.0729117364
-70.0
-70.0
-70.0
-70.0
-70.0
-70.0
-70.0
-70.0
-70.0
-70.0
-63.3290278058
-59.5488102291
-57.6290526755
-61.6522335057
-70.0
-70.0
-70.0
-70.0
-70.0
-70.0
-70.0
-70.0
-70.0
-63.1527121664
-59.272582394
-56.5983814137
-55.4405814451
-56.8592007991
-66.8633772196
-70.0
-70.0
-70.0
-70.0
-70.0
-70.0
-70.0
-64.8403208252
-60.9242099728
-58.8770697956
-59.0195499691
-59.4710530742
-59.2904506991
-60.4509554746
-65.9593218828
-70.0
-70.0
-70.0
-70.0
-70.0
-70.0
-70.0
-70.0
-64.2655674646
-59.6711613413
-57.2588122892
-56.236109115
-56.0812835733
-57.7489059402
-66.9941893722
-70.0
-70.0
-70.0
-70.0
-70.0
-70.0
-70.0
-70.0
-70.0
-69.9009472587
-69.844817372
-69.8163121943
-69.8053320145
-70.0
-70.0
-70.0
-70.0
-70.0
-70.0
-70.0
-70.0
-66.0776477404
-63.85498146
-62.726215643
-61.2936992897
-55.1071155508
0
-70.0
-70.0
-70.0
-70.0
-70.0
-70.0
-70.0
-70.0
-70.0
-68.5739766324
-67.7658967241
-66.4433103835
-65.7683148997
-65.5043737794
-65.4958633146
-65.6408949253
-67.7296200977
-70.0
-70.0
-70.0
-70.0
-70.0
-70.0
-70.0
-70.0
-69.7478422292
-69.9415044937
-70.0
-70.0
-70.0
-70.0
-70.0
-70.0
-70.0
-70.0
-70.0
-70.0
-70.0
-70.0
-70.0
-70.0
-70.0
-70.0
-70.0
-70.0
-70.0
-70.0
-70.0
-70.0
-70.0
-70.0
-70.0
-70.0
-64.2592454965
-60.0939427731
-58.4392583086
-63.433227011
-66.7134092201
-70.0
-70.0
-70.0
-70.0
-70.0
-70.0
-70.0
-70.0
-70.0
-70.0
-70.0
-70.0
-70.0
-70.0
-70.0
-70.0
-70.0
-70.0
-66.3138800501
-64.2250787452
-63.1642953374
-58.6322253247
-56.2919091396
-55.3446557905
-55.2648152547
-61.2323176034
-70.0
-70.0
-70.0
-70.0
-70.0
-70.0
-70.0
-70.0
-70.0
-70.0
-70.0
-70.0
-69.2611218714
-68.8424242652
-70.0
-70.0
-70.0
-70.0
-70.0
-70.0
-70.0
-70.0
-70.0
-70.0
-70.0
-70.0
-70.0
-70.0
-70.0
-70.0
-70.0
-70.0
-65.0270238758
-63.208998857
-62.3445505504
-62.0810632148
-62.186935373
-56.432704855
0
-70.0
-70.0
-70.0
-70.0
-70.0
-70.0
-70.0
-70.0
-70.0
-65.8137437043
-61.1081984701
-58.5812647139
0
-70.0
-70.0
-70.0
-70.0
-70.0
-70.0
-70.0
-70.0
-70.0
-68.0196563323
-65.8975506921
-64.7610356182
-64.2537587199
-64.140933957
-64.2685413006
-64.5361543301
-65.3143382076
-67.3211025521
-70.0
-70.0
-70.0
-70.0
-70.0
-68.6936551817
-67.953393118
-67.5774561092
-67.4326453669
-66.6288682735
-66.2589730751
-66.1617368535
-66.2313372254
-66.398719541
-68.7634349518
-69.0373656527
-70.0
-70.0
-70.0
-69.0040728813
-66.1063808473
-64.497552932
-63.7156710851
-63.4560196075
-62.5206450589
-63.2086727579
-57.4624074185
-54.4325679675
0
-70.0
-70.0
-70.0
-70.0
-70.0
-70.0
-70.0
-70.0
-70.0
-70.0
-70.0
-70.0
-70.0
-70.0
-70.0
-70.0
-70.0
-70.0
-70.0
-67.242966677
-65.680647794
-64.887234871
-64.5816126215
-64.5788521845
-64.7579008494
-65.0400666867
-65.3746972996
-65.5196166509
-70.0
-70.0
-70.0
-70.0
-70.0
-70.0
-70.0
-66.2157184617
-65.0127645932
-64.4572334524
-64.3086736528
-64.4092486513
-64.6559520286
-64.9821089874
-65.9085041447
-70.0
-70.0
-70.0
-70.0
-70.0
-70.0
-70.0
-70.0
-64.4076688293
-60.6831256103
-58.7589621586
-57.9791653489
-57.9119817515
-58.2746055347
-58.8830262868
-70.0
-70.0
-70.0
-70.0
-70.0
-70.0
-70.0
-70.0
-65.1438131928
-62.3919740021
-60.9944713542
-60.4561540537
-60.4512918716
-60.7666648333
-61.2636664492
-68.78312308
-70.0
-70.0
-70.0
-70.0
-70.0
-70.0
-70.0
-70.0
-70.0
-70.0
-70.0
-70.0
-70.0
-70.0
-70.0
-70.0
-70.0
-70.0
-70.0
-70.0
-70.0
-70.0
-70.0
-70.0
-64.9572011436
-62.099615125
-60.6484096764
-60.0894060846
-59.2160443029
0
-70.0
-70.0
-70.0
-70.0
-70.0
-70.0
-70.0
-70.0
-69.5216485945
-70.0
-70.0
-70.0
-70.0
-70.0
-69.1459360629
-68.6619664985
-68.4161858766
-68.3215113076
-70.0
-70.0
-70.0
-70.0
-70.0
-70.0
-70.0
-70.0
-70.0
-70.0
-70.0
-70.0
-70.0
-70.0
-63.2672361402
-59.4520032864
-63.9257303654
-70.0
-70.0
-70.0
-70.0
-70.0
-70.0
-70.0
-70.0
-70.0
-63.7003327728
-59.1890490075
-56.8426437814
-55.8733791863
-56.2703847856
-65.1259195174
-70.0
-70.0
-70.0
-70.0
-70.0
-70.0
-70.0
-70.0
-70.0
-70.0
-63.5788754472
-60.3699597708
-65.0265870341
-70.0
-70.0
-70.0
-70.0
-70.0
-70.0
-70.0
-63.8074033335
-60.2982652224
-57.516191116
-56.2630736149
-56.2908490047
-61.5645057332
-70.0
-70.0
-70.0
-70.0
-70.0
-70.0
