-70.0
-70.0
-70.0
-70.0
-70.0
-70.0
-63.0
-60.1891230298
-65.9067519202
-70.0
-70.0
-70.0
-70.0
-70.0
-70.0
-70.0
-70.0
-70.0
-70.0
-70.0
-70.0
-70.0
-70.0
-70.0
-70.0
-70.0
-70.0
-70.0
-70.0
-70.0
-70.0
-69.7998918242
-62.3545672583
-58.1422202768
-56.010071412
-55.5015576733
-63.1891115922
-70.0
-70.0
-70.0
-70.0
-70.0
-70.0
-70.0
-70.0
-70.0
-70.0
-63.3650435448
-56.4883220437
-57.6033413989
-62.8322670827
-70.0
-70.0
-70.0
-70.0
-70.0
-70.0
-64.3197072589
-61.1008747057
-59.4662126835
-59.5402454178
-59.9333235445
-60.874669849
-64.5544623908
-70.0
-70.0
-70.0
-70.0
-70.0
-70.0
-70.0
-70.0
-70.0
-63.5418306725
-59.882201387
-58.0236837694
0
-70.0
-70.0
-70.0
-70.0
-70.0
-70.0
-70.0
-70.0
-70.0
-70.0
-70.0
-64.4955587237
-61.3763753338
-56.7717433237
-54.7832393402
-54.0973623054
-55.2885307257
-65.7289476613
-70.0
-70.0
-70.0
-70.0
-70.0
-70.0
-70.0
-70.0
-70.0
-69.7167446872
-69.5562333433
-69.4747187589
-70.0
-70.0
-70.0
-70.0
-70.0
-70.0
-70.0
-70.0
-70.0
-70.0
-70.0
-70.0
-70.0
-70.0
-69.2381085912
-68.8063701261
-70.0
-70.0
-70.0
-70.0
-70.0
-70.0
-70.0
-70.0
-70.0
-70.0
-64.2775896772
-61.0348904943
-58.4141202629
-57.2278541153
-56.9418326229
0
-70.0
-70.0
-70.0
-70.0
-70.0
-70.0
-70.0
-68.863090144
-68.2188412256
-67.8916638337
-67.7656352708
-62.1472130067
-59.0379192147
-57.5377456324
-57.0530499619
-57.1937975608
-58.6542452516
-67.9790214111
-70.0
-70.0
-70.0
-70.0
-70.0
-70.0
-70.0
-70.0
-70.0
-69.4570158847
-68.8159915528
-68.4708439018
-69.5791425376
-70.0
-70.0
-70.0
-70.0
-70.0
-70.0
-70.0
-70.0
-69.8541943105
-69.7715710864
-69.7296114491
-63.4116118313
-65.3272206495
-69.0721995136
-70.0
-70.0
-70.0
-70.0
-64.1382147583
-60.8165364547
-59.129644924
-58.4798551748
-58.807611092
-62.4246554213
-70.0
-70.0
-70.0
-70.0
-70.0
-66.038696537
-64.7938985048
-64.220556402
-64.6247548158
-65.0464487036
-65.4645834128
-65.6581399901
-65.9190026035
-66.7671089736
-68.4636592171
-70.0
-70.0
-70.0
-70.0
-70.0
-70.0
-70.0
-70.0
-64.1539146856
-60.8411330075
-58.2904468098
-57.1503535309
-56.8946191125
-59.9245443636
-70.0
-70.0
-70.0
-70.0
-70.0
-70.0
-65.9676190704
-63.6826032104
-62.5221735873
-61.080314925
-60.1791892301
0
-70.0
-70.0
-70.0
-70.0
-70.0
-70.0
-70.0
-69.2190838864
-68.7765647554
-68.5518344516
-68.4652684542
-69.4471450441
-70.0
-70.0
-70.0
-70.0
-70.0
-70.0
-70.0
-70.0
-70.0
-70.0
-70.0
-70.0
-70.0
-64.4374237347
-61.2852971844
-59.6845113481
-59.067889468
-63.0381270547
-70.0
-70.0
-70.0
-70.0
-70.0
-70.0
-70.0
-70.0
-70.0
-70.0
-70.0
-70.0
-70.0
-70.0
-70.0
-70.0
-70.0
-70.0
-70.0
-70.0
-70.0
-70.0
-70.0
-63.4997868858
-59.8163327877
-57.9457159026
-57.401586053
-62.6565933797
-70.0
-70.0
-70.0
-70.0
-70.0
-70.0
-70.0
-70.0
-70.0
-63.1846270393
-60.3225427594
-64.8786953978
-70.0
-70.0
-70.0
-69.8878241237
-70.0
-65.8669250335
-63.5248492191
-62.3354420899
-61.877283076
-61.8731448985
-62.141557162
-62.5645526147
-63.0661981325
-64.4773617213
-70.0
-70.0
-70.0
-70.0
-70.0
-69.033537996
-66.1525428604
-65.5511793911
-65.3386553298
-65.9220746043
-66.4080570155
-66.819377895
-67.1721911596
-67.478139413
-69.5757733173
-70.0
-70.0
-70.0
-70.0
-70.0
-70.0
-70.0
-70.0
-70.0
-70.0
-70.0
-70.0
-70.0
-70.0
-70.0
-70.0
-70.0
-70.0
-70.0
-70.0
-70.0
-70.0
-70.0
-70.0
-62.2046515028
-60.1718319811
-70.0
-70.0
-70.0
-70.0
-70.0
-70.0
-70.0
-70.0
-70.0
-70.0
-70.0
-70.0
-70.0
-70.0
-70.0
-70.0
-70.0
-70.0
-70.0
-70.0
-70.0
-70.0
-70.0
-70.0
-69.2689733816
-68.8547249645
-70.0
-70.0
-70.0
-70.0
-70.0
-68.3763636521
-68.4562139502
-67.5815959589
-67.1374386322
-66.9663629484
-66.9648387732
-67.0650963089
-68.1352894582
-70.0
-70.0
-70.0
-70.0
-70.0
-70.0
-70.0
-70.0
-70.0
-70.0
-63.0708984586
-59.1444075851
-57.4312231545
-59.026513586
-67.8687046436
-70.0
-70.0
-70.0
-70.0
-70.0
-70.0
-70.0
-70.0
-69.3478934252
-68.9783663661
-69.7646922903
-63.7105365868
-67.2508147396
-70.0
-70.0
-70.0
-70.0
-70.0
-70.0
-70.0
-70.0
-70.0
-70.0
-69.8016419586
-69.6892390685
-69.6321560321
-70.0
-70.0
-70.0
-70.0
-70.0
-70.0
-70.0
-70.0
-64.7199244939
-61.7278817071
-60.2083933115
-59.6230871637
-59.6178005696
-59.9607019275
-60.895773254
-68.1145250645
-70.0
-70.0
-70.0
-70.0
-70.0
-70.0
-66.8869365892
-65.122867323
-64.2269968525
-63.8819080085
-58.2615071512
-55.2805497318
0
-70.0
-70.0
-70.0
-70.0
-70.0
-70.0
-70.0
-70.0
-70.0
-70.0
-65.2213632458
-62.5134690851
-61.1382836192
-60.6085628856
-60.6037783493
-61.2645339005
-63.1884139944
-70.0
-70.0
-70.0
-70.0
-70.0
-70.0
-70.0
-70.0
-70.0
-70.0
-70.0
-69.3582194499
-70.0
-70.0
-70.0
-70.0
-70.0
-70.0
-70.0
-70.0
-70.0
-70.0
-70.0
-70.0
-70.0
-70.0
-70.0
-70.0
-70.0
-70.0
-70.0
-70.0
-70.0
-70.0
-67.0822642071
-65.4288805911
-60.7003321796
-58.1731920601
-57.0511349196
-55.8096631286
0
-70.0
-70.0
-70.0
-70.0
-70.0
-70.0
-70.0
-70.0
-70.0
-70.0
-70.0
-70.0
-70.0
-70.0
-63.5553240695
-59.9033410423
-58.0487065245
-57.4925067088
-68.2246729261
-70.0
-70.0
-70.0
-70.0
-70.0
-70.0
-70.0
-70.0
-70.0
-70.0
-63.3797616137
-59.6282931948
-57.9080271235
-65.6778138874
-70.0
-70.0
-70.0
-70.0
-70.0
-70.0
-67.7421846984
-67.0183115831
-66.6833773278
-61.6670449378
-58.9350106725
-57.6646230909
-56.3136291755
-55.959245187
-58.187487605
-67.2860311925
-70.0
-70.0
-70.0
-66.9858217051
-65.2777873379
-64.4103738064
-64.0762465606
-64.0732286611
-65.2679620068
-66.142536614
-66.7958634912
-67.2946641678
-67.840853733
-70.0
-70.0
-70.0
-70.0
-70.0
-70.0
-70.0
-70.0
-70.0
-70.0
-64.359847154
-58.8304272079
0
-70.0
-70.0
-70.0
-70.0
-70.0
-70.0
-70.0
-70.0
-70.0
-70.0
-70.0
-70.0
-70.0
-70.0
-70.0
-70.0
-64.1501265186
-64.3667345099
-70.0
-70.0
-70.0
-70.0
-70.0
-70.0
-70.0
-70.0
-70.0
-63.6068422895
-60.9724919003
-59.6927986035
-59.2685560052
-59.7945916818
-66.9937336144
-70.0
-70.0
-70.0
-70.0
-70.0
-70.0
-70.0
-64.4323959258
-61.2774202837
-59.1196320001
-58.1876379633
-58.0221869424
-58.3221767651
-58.8914314333
-59.9634948573
-64.5446045663
-70.0
-70.0
-70.0
-70.0
-70.0
-67.8935295509
-67.6994118701
-67.6596275327
-67.7137693458
-62.2051781715
-59.1598508612
-57.6939927796
-57.2246781714
0
-70.0
-70.0
-70.0
-70.0
-70.0
-70.0
-70.0
-70.0
-70.0
-70.0
-70.0
-70.0
-70.0
-70.0
-70.0
-70.0
-70.0
-70.0
-70.0
-70.0
-70.0
-70.0
-70.0
-67.678278263
-67.3616209862
-67.2595725872
-66.3287095705
-65.5592347748
-65.2455754049
-58.8304010692
-55.3536164322
-61.7462704042
-70.0
-70.0
-70.0
-70.0
-70.0
-70.0
-70.0
-70.0
-70.0
-70.0
-64.0672614659
-60.7053762965
-59.4534732273
-60.9822131974
-66.7127419529
-70.0
-70.0
-70.0
-70.0
-70.0
-70.0
-70.0
-70.0
-70.0
-64.1388843119
-60.817585422
-59.130886574
-61.3001205411
-70.0
-70.0
-70.0
-70.0
-70.0
-70.0
-70.0
-69.5642463196
-69.317319234
-69.1919190082
-69.1436149058
-61.7504031226
-55.2561292819
0
-70.0
-70.0
-70.0
-70.0
-70.0
-70.0
-70.0
-70.0
-70.0
-70.0
-70.0
-70.0
-70.0
-70.0
-70.0
-70.0
-70.0
-70.0
-70.0
-70.0
-70.0
-70.0
-70.0
-70.0
-70.0
-70.0
-70.0
-70.0
-70.0
-70.0
-70.0
-70.0
-70.0
-70.0
-70.0
-70.0
-70.0
-70.0
-70.0
-70.0
-63.8974122326
-60.4392791644
-58.683090018
-58.0066068629
-60.0591551291
-65.9729261805
-70.0
-70.0
-70.0
-70.0
-70.0
-70.0
-70.0
-64.3141460354
-61.0921621221
-58.6534305676
-57.568410616
-57.3317849578
-58.6614001158
-65.3869353053
-70.0
-70.0
-70.0
-70.0
-70.0
-70.0
-70.0
-70.0
-70.0
-70.0
-70.0
-66.3387190663
-69.8213674171
-70.0
-70.0
-70.0
-70.0
-70.0
-70.0
-70.0
-70.0
-70.0
-70.0
-70.0
-70.0
-70.0
-70.0
-70.0
-70.0
-70.0
-70.0
-70.0
-70.0
-70.0
-70.0
-70.0
-70.0
-70.0
-70.0
-67.6496664098
-70.0
-70.0
-70.0
-70.0
-70.0
-70.0
-70.0
-70.0
-70.0
-70.0
-63.1623992744
-59.2877588632
-62.5190727444
-70.0
-70.0
-70.0
-70.0
-70.0
-68.8296120384
-68.1663921935
-67.8295805468
-67.6998408739
-67.698669041
-67.7746769733
-67.8944591668
-68.0365131774
-68.1871951445
-70.0
-70.0
-70.0
-70.0
-70.0
-70.0
-70.0
-70.0
-70.0
-70.0
-70.0
-70.0
-70.0
-69.4836697062
-69.7328305551
-70.0
-70.0
-70.0
-70.0
-70.0
-68.4543784442
-68.282229933
-68.5695331618
-68.789597327
-68.9619825819
-69.1000143155
-62.8273733448
-59.3028763176
-57.5447488907
-58.35015032
-68.3514355949
-70.0
-70.0
-70.0
-70.0
-70.0
-70.0
-70.0
-70.0
-70.0
-70.0
-70.0
-70.0
-70.0
-70.0
-70.0
-70.0
-70.0
-70.0
-70.0
-70.0
-70.0
-70.0
-70.0
-70.0
-70.0
-70.0
-70.0
-70.0
-70.0
-70.0
-70.0
-70.0
-70.0
-70.0
-70.0
-70.0
-69.4065522563
-70.0
-64.7804899322
-61.8227675605
-56.4318196632
0
-70.0
-70.0
-70.0
-70.0
-70.0
-70.0
-70.0
-70.0
-70.0
-70.0
-66.1860891712
-64.0248730348
-62.9273142519
-62.5045351737
-62.5007165543
-61.7486019833
-55.1869203077
0
-70.0
-70.0
-70.0
-70.0
-70.0
-70.0
-70.0
-70.0
-70.0
-70.0
-70.0
-70.0
-70.0
-70.0
-70.0
-70.0
-70.0
-70.0
-70.0
-70.0
-70.0
-70.0
-70.0
-70.0
-70.0
-70.0
-70.0
-70.0
-70.0
-70.0
-63.1728551088
-65.8639306084
-70.0
-70.0
-70.0
-70.0
-70.0
-70.0
-70.0
-70.0
-70.0
-70.0
-70.0
-70.0
-69.2393930851
-70.0
-70.0
-70.0
-70.0
-70.0
-70.0
-70.0
-70.0
-70.0
-70.0
-70.0
-70.0
-70.0
-70.0
-63.9820682108
-61.1274624192
-60.0437835302
-63.7859795402
-70.0
-70.0
-70.0
-70.0
-67.6008727344
-65.9080339506
-65.0287295486
-64.6668559225
-64.6275032161
-64.7829748183
-65.0501586191
-65.3754636122
-65.7247978211
-66.0769050856
-70.0
-70.0
-70.0
-70.0
-70.0
-70.0
-70.0
-70.0
-70.0
-70.0
-70.0
-69.2832819821
-69.2402204936
-70.0
-70.0
-70.0
-70.0
-70.0
-70.0
-70.0
-70.0
-70.0
-70.0
-70.0
-63.4391047665
-59.7212641341
-57.8331842836
-58.0599956
-66.9512876472
-70.0
-70.0
-70.0
-70.0
-70.0
-70.0
-65.474265174
-62.909682106
-61.607276195
-56.1796641826
0
-70.0
-70.0
-70.0
-70.0
-70.0
-70.0
-70.0
-70.0
-70.0
-70.0
-70.0
-70.0
-70.0
-63.7657465722
-59.6774474076
-57.5685529953
0
-70.0
-70.0
-70.0
-70.0
-70.0
-70.0
-70.0
-70.0
-70.0
-70.0
-64.0744704506
-60.7166703726
-59.0114346467
-59.2960510595
-62.4061205835
-70.0
-70.0
-70.0
-70.0
-70.0
-65.9814277176
-63.7042367576
-61.555488303
-60.5477229534
-60.2581396453
-60.4091183388
-61.5432368013
-66.126848531
-70.0
-70.0
-70.0
-70.0
-70.0
-66.1787779282
-62.0134187541
-59.7804226245
-58.781277526
-58.5557478827
-58.8019051672
-59.3228693657
-60.5398622619
-66.9268568531
-70.0
-70.0
-70.0
-70.0
-70.0
-70.0
-70.0
-70.0
-70.0
-70.0
-70.0
-70.0
-70.0
-70.0
-70.0
-70.0
-70.0
-70.0
-70.0
-70.0
-70.0
-70.0
-70.0
-70.0
-70.0
-70.0
-70.0
-70.0
-70.0
-70.0
-70.0
-70.0
-70.0
-70.0
-70.0
-65.2417550954
-62.5454163161
-57.2872102824
0
-70.0
-70.0
-70.0
-70.0
-70.0
-70.0
-70.0
-70.0
-70.0
-70.0
-70.0
-70.0
-70.0
-70.0
-70.0
-70.0
-70.0
-70.0
-70.0
-70.0
-70.0
-70.0
-65.8529823342
-63.5030056569
-63.3089094891
-63.7488214721
-64.2211412795
-63.7048691346
-63.6049435432
-63.7581567369
-66.470321821
-70.0
-70.0
-70.0
-70.0
-70.0
-70.0
-70.0
-64.4992476074
-61.382154585
-59.7991602853
-59.189391696
-60.1723231326
-61.0896712235
-70.0
-70.0
-70.0
-70.0
-70.0
-70.0
-70.0
-70.0
-70.0
-70.0
-64.1204794497
-60.7887511378
-59.0967557794
-58.4450000384
-58.6708077954
-61.0527334783
-70.0
-70.0
-70.0
-70.0
-70.0
-70.0
-70.0
-70.0
-70.0
-70.0
-70.0
-70.0
-70.0
-70.0
-70.0
-70.0
-70.0
-70.0
-70.0
-70.0
-66.7301549434
-64.8772427447
-63.9362540006
-63.5737856208
-63.5705117389
-63.7828636852
-64.1175127301
-64.514385066
-66.4429577543
-70.0
-70.0
-70.0
-70.0
-70.0
-70.0
-66.1331449517
-63.941927091
-62.8291321383
-62.4004840953
-56.7793285158
0
-70.0
-70.0
-70.0
-70.0
-70.0
-70.0
-70.0
-70.0
-70.0
-70.0
-70.0
-70.0
-70.0
-70.0
-70.0
-70.0
-70.0
-70.0
-70.0
-70.0
-70.0
-70.0
-70.0
-70.0
-70.0
-67.3944376334
-63.5846189589
-61.512573789
-61.3547300298
-61.54819944
-61.9460077715
-62.453159178
-55.6235533942
0
-70.0
-70.0
-70.0
-70.0
-70.0
-70.0
-70.0
-70.0
-70.0
-64.886866952
-61.9894248914
-60.5179788254
-59.9511785582
-59.9460591127
-60.8295793092
-69.1176248129
-70.0
-70.0
-70.0
-70.0
-70.0
-66.9813220773
-65.2707379211
-64.4020294967
-64.0674034588
-58.4470971035
-55.4600100536
-54.1524241551
0
-70.0
-70.0
-70.0
-70.0
-70.0
-70.0
-70.0
-70.0
-70.0
-70.0
-70.0
-70.0
-70.0
-70.0
-70.0
-63.7266167907
-64.1341614088
-67.8534969676
-70.0
-70.0
-70.0
-67.0321719329
-65.3504026949
-64.4963277289
-64.1673384917
-64.1643669997
-64.3571052044
-64.6608446205
-65.0210601161
-64.6919337879
-70.0
-70.0
-70.0
-70.0
-70.0
-70.0
-70.0
-70.0
-70.0
-70.0
-70.0
-70.0
-70.0
-63.2638267827
-59.4466619596
-55.2300995396
-56.3938774421
-66.8337599441
-70.0
-70.0
-70.0
-70.0
-70.0
-70.0
-70.0
-70.0
-70.0
-70.0
-70.0
-70.0
-70.0
-70.0
-70.0
-70.0
-70.0
-70.0
-66.1518248264
-63.971192228
-62.863772928
-62.4371955838
-62.4333426578
-62.6832528136
-63.07709048
-63.1148528146
-70.0
-70.0
-70.0
-70.0
-70.0
-70.0
-70.0
-70.0
-70.0
-70.0
-70.0
-70.0
-70.0
-70.0
-70.0
-70.0
-70.0
-70.0
-70.0
-70.0
-68.4333525705
-67.5455856938
-67.094739378
-66.9210736093
-66.9195050277
-67.0212470445
-60.7961244862
-58.3655631434
-56.3001791307
-57.7981928193
-70.0
-70.0
-70.0
-70.0
-70.0
-70.0
-70.0
-70.0
-70.0
-70.0
-70.0
-70.0
-70.0
-70.0
-70.0
-70.0
-70.0
-70.0
-70.0
-70.0
-70.0
-70.0
-70.0
-70.0
-70.0
-70.0
-70.0
-63.0922850739
-59.754415471
-64.3697827705
-70.0
-70.0
-70.0
-65.8271884325
-62.4886075058
-60.7358386996
-55.0670568666
0
-70.0
-70.0
-70.0
-70.0
-70.0
-70.0
-70.0
-70.0
-70.0
-70.0
-70.0
-70.0
-70.0
-64.0466904094
-60.673148308
-59.9208996613
-59.8055204846
-60.0761089624
-66.771072069
-70.0
-70.0
-70.0
-70.0
-70.0
-70.0
-70.0
-70.0
-69.7507918338
-70.0
-70.0
-70.0
-70.0
-63.3077809497
-60.160963894
-58.5106268788
-68.7991887222
-70.0
-70.0
-70.0
-70.0
-70.0
-70.0
-70.0
-70.0
-69.6008071706
-69.0412645673
-68.737496853
-70.0
-70.0
-70.0
-70.0
-70.0
-70.0
-70.0
-70.0
-65.4590042912
-62.9243407389
-61.6393979163
-61.7026745143
-56.7332673721
-54.1938475076
0
-70.0
-70.0
-70.0
-70.0
-70.0
-70.0
-70.0
-70.0
-70.0
-70.0
-70.0
-70.0
-64.4454284268
-61.2978378687
-62.9316083319
-70.0
-70.0
-70.0
-70.0
-70.0
-70.0
-70.0
-70.0
-70.0
-70.0
-70.0
-70.0
-70.0
-70.0
-63.1724748146
-61.765570322
-70.0
-70.0
-70.0
-70.0
-70.0
-70.0
-70.0
-70.0
-70.0
-70.0
-69.7210872606
-69.5630367083
-62.5067502317
-58.522753338
-56.5149300905
-57.4350036996
-68.31871827
-70.0
-70.0
-70.0
-70.0
-70.0
-68.0407308531
-66.2267746329
-65.2641750796
-64.8444761783
-64.7645076316
-64.8910429159
-65.1372626559
-65.4470857447
-64.84327107
-65.3531837894
-70.0
-70.0
-70.0
-70.0
-70.0
-70.0
-70.0
-70.0
-70.0
-70.0
-70.0
-70.0
-70.0
-70.0
-70.0
-70.0
-70.0
-70.0
-70.0
-70.0
-70.0
-70.0
-70.0
-70.0
-70.0
-70.0
-70.0
-70.0
-70.0
-69.8716778495
-70.0
-70.0
-70.0
-70.0
-70.0
-70.0
-70.0
-67.2847260497
-65.7460708112
-64.9646753078
-64.6636821621
-64.6609635359
-64.8373002424
-64.1228996048
-63.8901625688
-64.6830330234
-70.0
-70.0
-70.0
-70.0
-70.0
-70.0
-70.0
-66.8828215125
-64.155438812
-62.7138278979
-62.0917337528
-61.9820861407
-62.1835613688
-61.6966817028
-62.3856681252
-68.9715156822
-70.0
-70.0
-70.0
-70.0
-70.0
-70.0
-70.0
-70.0
-70.0
-70.0
-70.0
-70.0
-70.0
-70.0
-70.0
-70.0
-70.0
-70.0
-70.0
-70.0
-70.0
-70.0
-63.6517714716
-60.0544419721
-54.3386739845
0
-70.0
-70.0
-70.0
-70.0
-70.0
-69.535909556
-69.2729249711
-69.1393700544
-69.0879247693
-68.2849909701
-67.8603976582
-67.6769617492
-66.9406311084
-68.4101379827
-70.0
-70.0
-70.0
-70.0
-70.0
-70.0
-70.0
-70.0
-70.0
-70.0
-63.7186810581
-60.159266991
-55.4626649907
0
-70.0
-70.0
-70.0
-70.0
-70.0
-70.0
-70.0
-70.0
-70.0
-67.6927909799
-66.3853725351
-65.7214090504
-65.4656506579
-65.4633406005
-65.613176546
-65.8493055618
-66.1293394526
-67.9037673448
-70.0
-70.0
-70.0
-70.0
-70.0
-70.0
-70.0
-70.0
-70.0
-70.0
-70.0
-70.0
-70.0
-70.0
-70.0
-70.0
-70.0
-70.0
-69.944929187
-69.913722393
-62.8979289954
-58.9251886569
-54.0218152563
0
-70.0
-70.0
-70.0
-70.0
-70.0
-70.0
-70.0
-70.0
-70.0
-70.0
-70.0
-70.0
-70.0
-70.0
-70.0
-70.0
-70.0
-70.0
-70.0
-70.0
-70.0
-70.0
-70.0
-70.0
-70.0
-70.0
-69.9654976192
-69.9459462701
-63.0169443912
-61.8783283525
-68.2239098991
-70.0
-70.0
-70.0
-68.9774026768
-68.3979308604
-64.2147611863
-61.8977006756
-60.7775410133
-59.4179987466
-58.9550067617
0
-70.0
-70.0
-70.0
-70.0
-70.0
-70.0
-70.0
-70.0
-69.9378652664
-69.5693222507
-69.3625523663
-69.2597386901
-69.2227258613
-69.2264273021
-70.0
-70.0
-70.0
-70.0
-70.0
-70.0
-70.0
-70.0
-70.0
-63.8655928211
-60.389428753
-58.6240826871
-56.9830907336
-56.4323925371
-61.831159164
-70.0
-70.0
-70.0
-70.0
-70.0
-70.0
-70.0
-70.0
-70.0
-70.0
-70.0
-70.0
-70.0
-70.0
-67.2450964998
-70.0
-70.0
-70.0
-70.0
-70.0
-70.0
-70.0
-70.0
-70.0
-70.0
-62.9175535925
-58.904167295
-57.8464652931
-66.0318314041
-70.0
-70.0
-70.0
-70.0
-70.0
-70.0
-70.0
-70.0
-69.8453271206
-69.7576791556
-69.7131677381
-69.696021963
-70.0
-70.0
-70.0
-70.0
-70.0
-70.0
-69.1676149542
-69.5642428521
-69.8167448291
-69.974354521
-70.0
-70.0
-63.6558098515
-60.0607687674
-58.2350518247
-57.5317865982
-61.5774987232
-70.0
-70.0
-70.0
-70.0
-70.0
-70.0
-70.0
-65.7019491492
-63.2663870003
-58.1406145888
-55.4604639889
-54.3370248294
-54.185060506
-54.8835714675
-57.9422378673
-70.0
-70.0
-70.0
-70.0
-70.0
-70.0
-70.0
-70.0
-70.0
-70.0
-70.0
-70.0
-70.0
-70.0
-70.0
-70.0
-70.0
-70.0
-70.0
-70.0
-70.0
-70.0
-63.4563121443
-59.7482223594
-57.3095388542
-56.2693441227
-56.102915813
-56.890183445
-60.7311212916
-70.0
-70.0
-70.0
-70.0
-70.0
-70.0
-70.0
-70.0
-70.0
-70.0
-70.0
-70.0
-70.0
-70.0
-70.0
-70.0
-70.0
-70.0
-70.0
-70.0
-70.0
-70.0
-65.5554501918
-60.7035386337
-58.1022737445
-56.9381056861
-56.6750013282
-56.9613053359
-59.0143824484
-66.8666526769
-70.0
-70.0
-70.0
-70.0
-70.0
-70.0
-70.0
-70.0
-70.0
-70.0
-70.0
-70.0
-70.0
-70.0
-70.0
-70.0
-70.0
-70.0
-70.0
-70.0
-70.0
-70.0
-70.0
-70.0
-70.0
-69.4745411022
-68.8434477267
-68.5033434439
-67.4304541655
-70.0
-70.0
-70.0
-70.0
-70.0
-70.0
-70.0
