-67.85
-65.915
-64.1735
-62.60615
-62.015535
-61.2106481667
-60.3040277944
-59.366587978
-58.4419044888
-57.555697579
-55.9021168472
-54.6632311798
0
-70.0
-70.0
-70.0
-70.0
-70.0
-70.0
-70.0
-70.0
-70.0
-70.0
-70.0
-70.0
-70.0
-70.0
-70.0
-69.5492995058
-68.5772358924
-67.324756528
-65.945777025
-64.5368634224
-62.3369531468
-60.5557752099
-59.085209274
-57.8500294034
-57.6172538342
-57.1736800316
-56.6184130823
-56.0146391433
-55.4018868085
-54.804172514
-54.2354048534
0
-70.0
-70.0
-70.0
-70.0
-70.0
-70.0
-70.0
-70.0
-70.0
-70.0
-70.0
-70.0
-70.0
-70.0
-69.9586534
-69.2185569933
-68.0838805828
-66.7502787172
-65.3417749738
-64.7552802287
-63.8615407073
-62.8132456376
-61.7071604079
-61.4232705897
-60.8221610125
-60.0507565658
-59.2028886789
-58.3374049908
-57.4902012782
-56.6822056748
-58.4646681234
-70.0
-70.0
-70.0
-70.0
-70.0
-70.0
-70.0
-70.0
-70.0
-70.0
-70.0
-70.0
-70.0
-70.0
-69.3056957641
-68.1955900304
-66.8730069226
-65.4670234937
-64.0578659867
-61.8737759495
-60.1175293956
-58.6765304834
-57.4727134533
-56.4513327868
-55.5734599606
0
-70.0
-70.0
-70.0
-70.0
-67.7347526323
-70.0
-70.0
-70.0
-70.0
-70.0
-70.0
-70.0
-70.0
-70.0
-70.0
-70.0
-70.0
-70.0
-68.915023628
-67.5835370172
-66.1485271502
-64.6992369916
-63.2896883301
-61.1309695221
-59.41470592
-58.021124228
-56.8676044052
-55.8965723647
-55.0674007283
0
-70.0
-70.0
-70.0
-70.0
-67.7341578579
-70.0
-70.0
-70.0
-70.0
-70.0
-70.0
-70.0
-70.0
-70.0
-70.0
-70.0
-70.0
-70.0
-69.9139951575
-69.9685924134
-69.2857310198
-68.183156483
-66.8655065448
-65.4627330304
-64.0556444874
-62.6928698787
-61.4021094509
-60.1975828791
-59.0849475068
-58.0645346998
-57.1334691923
-56.2870475814
-55.5196263621
-54.8251860852
-54.1976823828
-54.4512574153
-69.6450139408
-70.0
-70.0
-70.0
-70.0
-70.0
-70.0
-70.0
-70.0
-70.0
-70.0
-70.0
-70.0
-69.3816112468
-68.3145242867
-67.0137879677
-65.6162199108
-64.2071384129
-62.8381182337
-61.5387688518
-60.3245335942
-58.3818413199
-56.8868312446
-55.7102641579
-54.7639817674
0
-70.0
-70.0
-70.0
-70.0
-70.0
-70.0
-70.0
-70.0
-70.0
-70.0
-70.0
-70.0
-70.0
-70.0
-70.0
-69.4453530482
-68.4143864422
-67.1319935971
-65.7414914369
-64.3324737595
-62.9593140278
-61.6534410545
-59.6114692353
-58.015903836
-56.7413678019
-55.7019339213
-54.838209129
-54.1087006159
0
-70.0
-70.0
-70.0
-70.0
-70.0
-70.0
-70.0
-70.0
-70.0
-70.0
-70.0
-70.0
-70.0
-70.0
-70.0
-69.2892461503
-68.1698189688
-66.8425020276
-65.4346951286
-64.0255211516
-62.6624993937
-61.3726030258
-60.1695784376
-59.0587777367
-58.0403380583
-57.1112629826
-56.2667758378
-55.501191023
-54.8084671
-54.1825505095
0
-70.0
-70.0
-70.0
-70.0
-70.0
-70.0
-70.0
-70.0
-70.0
-70.0
-70.0
-70.0
-70.0
-70.0
-69.5063355463
-68.5099256892
-67.2450822519
-65.8613401145
-63.6323834949
-61.79059674
-60.2425047957
-58.9222328026
-56.9626618467
-55.5048305449
-54.3966374123
0
-70.0
-70.0
-70.0
-70.0
-70.0
-70.0
-70.0
-70.0
-70.0
-70.0
-70.0
-70.0
-70.0
-70.0
-70.0
-70.0
-69.6337545013
-68.7095487187
-67.4813736252
-66.9317561149
-65.1675937382
-63.5535098543
-62.0832758621
-60.7483596047
-59.5391311968
-57.6256231122
-56.1733308243
-55.0461777575
-54.1516799921
-54.2465919998
0
-70.0
-70.0
-70.0
-70.0
-70.0
-70.0
-70.0
-70.0
-70.0
-70.0
-70.0
-70.0
-70.0
-70.0
-70.0
-70.0
-69.7091173147
-68.8276171264
-66.8011297758
-64.9751997063
-63.3304683411
-61.8492805772
-60.5155918996
-59.3148589631
-59.0539239024
-58.5455654026
-57.0856981226
-55.9235878172
-54.1588687067
0
-70.0
-70.0
-70.0
-70.0
-70.0
-70.0
-70.0
-70.0
-70.0
-70.0
-70.0
-70.0
-70.0
-70.0
-70.0
-68.9544585007
-66.8253183177
-64.116990264
-61.9714270897
-60.2350416154
-58.802042277
-58.4188412647
-58.6782926152
-58.494687005
-58.0513674054
-56.6469967321
-55.5328077704
-54.6298674677
0
-70.0
-70.0
-70.0
-70.0
-70.0
-70.0
-70.0
-70.0
-70.0
-70.0
-70.0
-70.0
-70.0
-70.0
-70.0
-70.0
-70.0
-69.5874369211
-68.6369845098
-67.3954802459
-66.0207283461
-64.611852928
-63.2294659129
-61.9090515067
-59.8498344795
-58.2359764471
-56.9431290795
-55.8859830229
-55.0054959549
-54.2603538489
0
-70.0
-70.0
-70.0
-70.0
-70.0
-70.0
-70.0
-70.0
-70.0
-70.0
-70.0
-70.0
-70.0
-70.0
-70.0
-69.8523139098
-69.0519584587
-67.8866799061
-66.541290111
-65.1326798969
-64.5530911052
-63.6702347934
-62.6348465131
-61.5424519946
-60.4522668836
-59.3997469209
-58.4049100459
-57.4778442527
-56.6223433017
-55.0182979544
0
-70.0
-70.0
-70.0
-70.0
-70.0
-70.0
-70.0
-70.0
-70.0
-70.0
-70.0
-70.0
-70.0
-70.0
-69.3759680842
-69.125683332
-68.2879897029
-67.9457738687
-67.0922519058
-65.960396998
-63.87927082
-62.1179527525
-60.6072301536
-59.2972222558
-58.1513101086
-57.1420524833
-57.0684294921
-56.7386413809
-56.2661471348
-55.723779016
-70.0
-70.0
-70.0
-70.0
-70.0
-70.0
-70.0
-70.0
-70.0
-70.0
-69.5081193571
-67.6927203261
-65.9637235633
-64.3442013868
-63.6643480347
-62.7509577556
-61.727891663
-60.6731222853
-59.6344899159
-58.6401608303
-58.525558018
-58.1226110633
-57.5600891884
-56.9205730905
-56.2561776621
-55.5990011497
-54.9680618705
-69.613896238
-70.0
-70.0
-70.0
-70.0
-70.0
-70.0
-70.0
-70.0
-70.0
-70.0
-70.0
-70.0
-69.3516177215
-69.0875344304
-67.4228333081
-65.7932515244
-65.0590607367
-64.8865775729
-63.4168684221
-62.0378139843
-60.7591208554
-60.4032676163
-60.6129800856
-60.3350415643
-59.7737770661
-59.0612257982
-58.2816541776
-57.487856066
-56.7119819968
-55.9727248221
-70.0
-70.0
-70.0
-70.0
-70.0
-70.0
-70.0
-70.0
-70.0
-70.0
-70.0
-70.0
-70.0
-70.0
-69.4596336589
-68.436759399
-67.1584761963
-65.7695570682
-64.3605536891
-62.9864665386
-60.8591320304
-59.1707602578
-57.8020451856
-56.6707479695
-55.7196113741
-54.9082757045
-54.2078651125
0
-70.0
-70.0
-70.0
-70.0
-70.0
-70.0
-70.0
-70.0
-70.0
-70.0
-70.0
-70.0
-70.0
-70.0
-69.6755767189
-68.775070193
-67.5589306043
-67.0139491643
-66.0698286615
-64.9176954044
-63.6791589367
-62.4300650915
-61.2162732813
-60.0641224192
-58.9873611546
-57.9917256907
-57.077953556
-56.24375849
-55.4851161673
-54.7970935682
-54.1743768898
-58.6915562798
-70.0
-70.0
-70.0
-70.0
-70.0
-70.0
-70.0
-70.0
-70.0
-70.0
-70.0
-69.7098150345
-68.8287102207
-67.6224236584
-66.2612375991
-65.6724847102
-64.7468168199
-62.829855525
-61.2020168973
-59.8019131574
-59.4051204748
-58.8035408495
-58.0991417127
-56.5365308401
-55.3310799553
-54.3801067592
0
-70.0
-70.0
-70.0
-70.0
-70.0
-70.0
-70.0
-70.0
-70.0
-70.0
-70.0
-70.0
-70.0
-70.0
-70.0
-69.7439652626
-68.8822122448
-67.6857533592
-66.3283529159
-64.0996342194
-62.2424151942
-59.8500032726
-58.0362226772
-56.6300802307
-55.5153920885
-54.6127328002
0
-70.0
-70.0
-70.0
-70.0
-67.8323433675
-70.0
-70.0
-70.0
-70.0
-70.0
-70.0
-70.0
-70.0
-70.0
-70.0
-70.0
-70.0
-70.0
-68.877492131
-67.5247376718
-66.078927074
-64.6254764795
-63.2158902401
-61.0596088218
-59.3471863434
-57.9581599783
-56.80947216
-55.0232770636
-54.554117437
-54.0708177465
0
-70.0
-70.0
-70.0
-70.0
-70.0
-70.0
-70.0
-70.0
-70.0
-70.0
-70.0
-70.0
-70.0
-70.0
-70.0
-70.0
-70.0
-69.2948709585
-68.1786311683
-66.852932922
-65.4457495434
-64.0365811981
-62.6731941511
-61.3827221178
-60.1790148272
-59.0674899586
-58.0483253722
-57.9385491079
-57.5580650458
-57.0278391069
-56.4254422401
-55.799822712
-55.1811235714
-70.0
-70.0
-70.0
-70.0
-70.0
-70.0
-70.0
-70.0
-70.0
-70.0
-70.0
-70.0
-70.0
-69.3826628322
-68.3161717704
-67.0157380744
-65.6182865876
-65.0292061426
-64.1247843375
-63.0613051099
-62.7578407363
-62.1005007543
-61.2527467399
-59.4990027733
-58.0801229676
-56.9094576519
-55.9267432074
-55.0895564338
-54.3675924885
0
-70.0
-70.0
-70.0
-70.0
-70.0
-70.0
-70.0
-70.0
-70.0
-70.0
-70.0
-70.0
-70.0
-69.6811542174
-68.783808274
-67.5692737654
-66.2049106014
-64.7961290164
-64.2276557647
-63.3623166216
-62.3477025817
-60.4573440717
-58.92455083
-57.6573898573
-55.7718469451
-54.3981262996
0
-70.0
-70.0
-70.0
-70.0
-70.0
-70.0
-70.0
-70.0
-70.0
-70.0
-70.0
-70.0
-70.0
-70.0
-70.0
-70.0
-69.3953840253
-68.3361016396
-67.0393288202
-64.8232875012
-62.9495531265
-61.3436607307
-59.9520032689
-58.7352753496
-58.4840627529
-58.0005331032
-57.3937308766
-56.7331918447
-56.0624286975
-55.4078898525
-54.7849035505
-54.2016149842
-63.8215681418
-70.0
-70.0
-70.0
-70.0
-70.0
-70.0
-70.0
-70.0
-70.0
-70.0
-69.9758895998
-69.2455603729
-68.1158441578
-65.9641529567
-64.0909998042
-62.4474079192
-61.8163391909
-60.9938199809
-60.0838477889
-59.151736214
-57.4174113953
-56.0795694576
-55.0242119797
-54.9935237603
-54.7586600367
-54.4091198012
-54.002425
0
-70.0
-70.0
-70.0
-70.0
-70.0
-70.0
-70.0
-70.0
-70.0
-70.0
-70.0
-70.0
-70.0
-69.4899621595
-68.4842740498
-66.3947187157
-64.5444948914
-62.8995441004
-61.4325888225
-60.1213293617
-58.9471960398
-57.8944761786
-56.949695056
-56.9211698806
-56.6233491126
-56.1738783481
-54.8283999444
0
-70.0
-70.0
-70.0
-70.0
-70.0
-70.0
-70.0
-70.0
-70.0
-70.0
-70.0
-70.0
-70.0
-70.0
-70.0
-69.4545727368
-68.428830621
-67.1490909975
-65.7596108568
-64.3506024104
-62.976843929
-61.6700273758
-60.4469365314
-59.314850807
-58.2751043455
-57.325419657
-56.4614281887
-54.8576523681
0
-70.0
-70.0
-70.0
-70.0
-70.0
-70.0
-70.0
-70.0
-70.0
-70.0
-70.0
-70.0
-70.0
-70.0
-70.0
-69.735057416
-68.8682566185
-68.4892342526
-66.7755130247
-65.1380965205
-63.6010434006
-61.3554434153
-59.5795686436
-58.1447248258
-56.9623277076
-55.9708118464
-55.1268752682
-54.3996174789
-54.5866088894
-54.4959167728
-54.2416376103
0
-70.0
-70.0
-70.0
-70.0
-70.0
-70.0
-70.0
-70.0
-70.0
-70.0
-70.0
-70.0
-70.0
-69.735312276
-68.8686558991
-67.6697068763
-67.1313472334
-67.0072865399
-66.3159405725
-65.3072683062
-64.9618226696
-64.2058278654
-63.2287033873
-62.1514719209
-61.050083977
-59.9709150781
-58.1210499028
-56.6904291342
-59.818975309
-70.0
-70.0
-70.0
-70.0
-70.0
-70.0
-70.0
-70.0
-70.0
-70.0
-69.3200907158
-68.2181421214
-66.8997015608
-65.495313839
-64.0861707447
-63.5411458632
-62.7127594056
-62.5619688842
-62.0027622752
-61.2171462339
-59.5018717347
-58.1059779774
-56.948242457
-55.9719930629
-55.9571769911
-55.6997147816
-57.845246962
-66.4410580376
-70.0
-70.0
-70.0
-70.0
-70.0
-70.0
-70.0
-70.0
-70.0
-70.0
-70.0
-69.6145675949
-68.6794892321
-67.4457925733
-66.0740481589
-64.665199905
-63.2810509558
-61.9578598877
-60.7153499173
-59.5626656045
-58.5022994966
-57.5326698487
-57.469803065
-57.1330895593
-56.6432918039
-55.2579700905
-54.2015113928
0
-70.0
-70.0
-70.0
-70.0
-70.0
-70.0
-70.0
-70.0
-70.0
-70.0
-70.0
-70.0
-70.0
-70.0
-69.4238414498
-69.200684938
-68.3767681996
-66.3998592166
-64.6170518529
-63.010132373
-61.5623096059
-60.2582056254
-59.9038030497
-60.1310347359
-59.8796725897
-59.3495328824
-58.6697979619
-57.9229637442
-57.1607644221
-69.1147079749
-70.0
-70.0
-70.0
-70.0
-70.0
-70.0
-70.0
-70.0
-70.0
-70.0
-69.8428322422
-69.0371038462
-68.6890966803
-66.9873224915
-65.3500138951
-63.8059616074
-61.5493315146
-59.7603757417
-58.31165642
-57.1153696129
-56.1104185416
-55.2537672807
-54.5146509482
0
-70.0
-70.0
-70.0
-70.0
-70.0
-70.0
-70.0
-70.0
-70.0
-70.0
-70.0
-70.0
-70.0
-70.0
-70.0
-69.3409513865
-68.2508238389
-66.9383865157
-65.5363112379
-64.1271890299
-62.7608094042
-61.4656213153
-60.2563210847
-59.1388635769
-57.2937602863
-55.0735729691
0
-70.0
-70.0
-70.0
-70.0
-70.0
-70.0
-70.0
-70.0
-70.0
-70.0
-70.0
-70.0
-70.0
-70.0
-70.0
-70.0
-69.9492049218
-69.2037543775
-67.246358905
-65.4470429914
-64.6225520101
-64.410439021
-62.9328232602
-60.7451596951
-59.0243895661
-58.4611145032
-57.7911123154
-56.2594072588
-55.0817373163
-54.1557441069
0
-70.0
-70.0
-70.0
-70.0
-70.0
-70.0
-70.0
-70.0
-70.0
-70.0
-70.0
-70.0
-70.0
-70.0
-70.0
-69.3711654054
-68.2981591352
-66.1744167352
-64.3110240707
-62.6659543363
-61.2067140178
-59.9076126928
-59.5678981413
-58.9951394724
-58.3016462887
-57.5588288354
-56.8111774023
-56.0855472957
-55.3973176552
-54.7544692824
-54.1602779493
0
-70.0
-70.0
-70.0
-70.0
-70.0
-70.0
-70.0
-70.0
-70.0
-70.0
-70.0
-70.0
-70.0
-69.6944504394
-67.9846390217
-66.3092642037
-63.8903971728
-61.9260637152
-61.1199281834
-60.2155825916
-59.2824558167
-58.363164558
-57.4828176508
-56.6551822514
-55.8867616034
-55.1794838279
-54.5324677016
0
-70.0
-70.0
-70.0
-70.0
-70.0
-70.0
-70.0
-70.0
-70.0
-70.0
-70.0
-70.0
-70.0
-70.0
-70.0
-70.0
-69.6406913136
-67.9004163913
-66.2095708915
-64.604744562
-62.2850239455
-61.2536907774
-60.2097678507
-59.1930884996
-58.2266446056
-57.3225567824
-56.4860188624
-55.7178954816
-55.0164249371
-54.3783284458
0
-70.0
-70.0
-70.0
-70.0
-70.0
-70.0
-70.0
-70.0
-70.0
-70.0
-70.0
-70.0
-70.0
-70.0
-69.7739039951
-68.109116259
-66.4566064087
-64.8665469516
-63.3669597123
-61.9716420449
-60.6853967097
-59.5074696182
-58.4337977094
-57.4584679738
-56.5746545333
-55.7752113179
-55.0530383447
-54.4012999493
0
-70.0
-70.0
-70.0
-70.0
-70.0
-70.0
-70.0
-70.0
-70.0
-70.0
-70.0
-70.0
-70.0
-70.0
-70.0
-70.0
-70.0
-69.3847381057
-68.3194230323
-67.0195865538
-65.622365115
-64.2132867478
-62.8440635026
-61.5443941054
-61.1497793302
-60.4913511541
-59.6965825433
-58.8465019587
-57.9915702093
-57.982225486
-57.6605444692
-57.1621843768
-56.5744288421
-55.1326278933
-54.0464597275
-70.0
-70.0
-70.0
-70.0
-70.0
-70.0
-70.0
-70.0
-70.0
-70.0
-70.0
-70.0
-69.3395951246
-68.2486990286
-66.9358714033
-65.5336457814
-63.3045222155
-61.4735640022
-59.9425369407
-58.6425028058
-58.3443988981
-57.8373899234
-57.2219382079
-56.561935905
-55.8972033264
-55.251790335
-54.6394828624
-54.06744895
0
-70.0
-70.0
-70.0
-70.0
-70.0
-70.0
-70.0
-70.0
-70.0
-70.0
-70.0
-70.0
-69.5728192213
-68.6140834467
-67.3683725337
-65.1720002348
-63.2984435143
-61.6810280315
-60.2712111408
-59.0329473016
-57.9388907548
-56.9678271348
-55.2829280584
-54.0458910106
0
-70.0
-70.0
-70.0
-70.0
-70.0
-70.0
-70.0
-70.0
-70.0
-70.0
-70.0
-70.0
-70.0
-70.0
-70.0
-70.0
-70.0
-70.0
-69.3104669159
-68.2030648349
-67.7018547585
-66.7610668873
-65.5878919351
-64.3143905659
-63.0231433922
-61.7642903082
-60.5668354475
-58.6261346829
-57.1241764014
-55.9355288857
-54.9744894135
-54.1820494163
0
-70.0
-70.0
-70.0
-70.0
-70.0
-70.0
-70.0
-70.0
-70.0
-70.0
-70.0
-70.0
-70.0
-70.0
-69.858668663
-69.0619142386
-68.7184644427
-67.8384457505
-66.6658196767
-65.3567167099
-64.0093643729
-61.8639741582
-60.9512742241
-59.9886117895
-58.2080606025
-57.6361278701
-56.1684306351
-55.0321979395
-54.1327183909
0
-70.0
-70.0
-70.0
-70.0
-70.0
-70.0
-70.0
-70.0
-70.0
-70.0
-70.0
-70.0
-70.0
-70.0
-69.9716063914
-70.0
-69.3396028406
-68.248711117
-66.9358857123
-65.5336609457
-64.1245373875
-62.7582453397
-61.4631952664
-60.2540587135
-59.1367748247
-58.1118453305
-57.1764927897
-56.3260648389
-54.7349392404
0
-70.0
-70.0
-70.0
-70.0
-70.0
-70.0
-70.0
-70.0
-70.0
-70.0
-70.0
-70.0
-70.0
-70.0
-70.0
-70.0
-69.519914317
-68.5311990966
-67.2702633278
-65.8880264223
-64.4790833982
-63.1010814705
-61.7875775982
-60.5565560216
-58.5960578748
-56.2632237243
0
-70.0
-70.0
-70.0
-70.0
-69.1949840669
-70.0
-70.0
-70.0
-70.0
-70.0
-70.0
-70.0
-70.0
-70.0
-70.0
-70.0
-70.0
-69.563615662
-67.7796645371
-66.0666383776
-64.4532680693
-62.953470282
-61.5718092669
-60.3070856823
-59.1546820088
-57.2880837377
-55.8751886505
-54.7816119764
0
-70.0
-70.0
-70.0
-70.0
-70.0
-70.0
-70.0
-70.0
-70.0
-70.0
-70.0
-70.0
-70.0
-70.0
-70.0
-70.0
-69.657031756
-68.7460164177
-67.5245400008
-65.3375028173
-63.4640304133
-61.8411459571
-60.4227104181
-59.9942254142
-58.5339935646
-58.1433880028
-57.5875783989
-56.9511733566
-56.2876245527
-55.6299077852
-54.9976141319
-54.4016508022
-57.2073511102
-66.2205262576
-70.0
-70.0
-70.0
-70.0
-70.0
-70.0
-70.0
-70.0
-70.0
-70.0
-70.0
-69.3530091146
-68.2697142796
-66.9607469026
-65.5600082463
-64.970898111
-64.0684020928
-63.0079577454
-62.7080925455
-62.0545703407
-61.2106380064
-60.2805906723
-59.3298759161
-57.5784511985
-56.224981328
-55.9754000281
-55.5764712473
-55.1012316038
-57.13601696
-60.6090010722
-70.0
-70.0
-70.0
-70.0
-70.0
-70.0
-70.0
-70.0
-69.5237339738
-68.5371832257
-67.2773466693
-65.8955331798
-65.3065939801
-64.3930106609
-63.3150936474
-62.1745069844
-61.0343380871
-59.1124254792
-57.6055303984
-56.39787567
-55.4100203107
-54.5869730847
0
-70.0
-70.0
-70.0
-70.0
-70.0
-70.0
-70.0
-70.0
-70.0
-70.0
-70.0
-70.0
-70.0
-70.0
-70.0
-69.627460492
-68.6996881041
-67.4697017346
-66.0993865217
-64.6905511766
-63.3055649303
-61.9810543515
-60.7369795259
-59.5826353129
-58.5206076081
-57.5493707316
-56.6649829146
-55.8621841273
-55.1350987173
-54.4776775141
0
-70.0
-70.0
-70.0
-70.0
-70.0
-70.0
-70.0
-70.0
-70.0
-70.0
-70.0
-70.0
-70.0
-69.6628000617
-68.75505343
-67.5352370033
-66.1688392472
-64.7600392853
-63.3727579986
-62.0446306267
-60.7962665159
-59.637372499
-58.5707903388
-57.5951480314
-56.706591046
-55.8999038198
-55.1692280235
0
-70.0
-70.0
-70.0
-70.0
-70.0
-70.0
-70.0
-70.0
-70.0
-70.0
-70.0
-70.0
-70.0
-70.0
-70.0
-69.6454270817
-68.7278357614
-68.3230197771
-67.4193628607
-66.2465232821
-64.9512687589
-63.6257404197
-62.3262320688
-61.085652656
-59.9217832531
-58.8427355029
-57.8505490028
-56.9435521359
-56.1179022779
-56.1885822872
-55.9747042165
-55.5972205669
-55.1341563582
-69.8751031213
-70.0
-70.0
-70.0
-70.0
-70.0
-70.0
-70.0
-70.0
-70.0
-70.0
-70.0
-70.0
-69.3589660302
-68.2790467806
-66.9717936716
-65.5717153504
-64.1626111793
-62.7950616374
-62.3180298577
-61.5712097946
-61.5074107635
-61.0355509861
-60.3345834202
-59.5195167666
-59.4831595489
-59.0952399
-57.6893134473
-57.3594471274
-56.8662124313
-63.9113978657
-70.0
-70.0
-70.0
-70.0
-70.0
-70.0
-70.0
-70.0
-70.0
-70.0
-70.0
-69.9656000297
-69.2294400466
-68.9167627218
-68.0485975696
-66.8760785592
-65.560031201
-64.2017350794
-62.0433662371
-60.2968993905
-58.8557893029
-56.8259302735
-55.3304838468
-54.2055331959
0
-70.0
-70.0
-70.0
-70.0
-70.0
-70.0
-70.0
-70.0
-70.0
-70.0
-70.0
-70.0
-70.0
-70.0
-70.0
-70.0
-69.9466995888
-69.1998293558
-68.0617129041
-65.9067859363
-64.0336035577
-62.3919073454
-61.7638260397
-60.1248497217
-58.7539689402
-57.5896415066
-56.5880569962
-55.7175043901
-54.9545893468
0
-70.0
-70.0
-70.0
-70.0
-70.0
-70.0
-70.0
-70.0
-70.0
-70.0
-70.0
-70.0
-70.0
-70.0
-70.0
-69.9027562773
-69.9509848345
-70.0
-68.5493351933
-66.1906251361
-64.1857115973
-62.4599064208
-60.9590931008
-59.6433020055
-59.3023839481
-58.7377536488
-58.0577170142
-57.3311044663
-56.6007667887
-55.8925386225
-55.2211837687
-54.5943313975
-62.4550755947
-70.0
-70.0
-70.0
-70.0
-70.0
-70.0
-70.0
-70.0
-70.0
-70.0
-70.0
-70.0
-69.5987328234
-68.6546814234
-67.4164278692
-65.2229281411
-63.3493973662
-61.730298989
-60.3178299964
-59.0764209343
-57.1590281326
-55.7199581805
-54.6158509365
0
-70.0
-70.0
-70.0
-70.0
-67.6342316444
-70.0
-70.0
-70.0
-70.0
-70.0
-70.0
-70.0
-70.0
-70.0
-70.0
-70.0
-70.0
-70.0
-69.3324087417
-67.4174403619
-65.6378779887
-63.1788779651
-60.3941820188
-57.5068917171
-55.4742878121
-54.8422492088
-54.2516177398
0
-70.0
-70.0
-70.0
-70.0
-67.8538271343
-70.0
-70.0
-70.0
-70.0
-70.0
-70.0
-70.0
-70.0
-70.0
-70.0
-70.0
-70.0
-69.7950171313
-68.9621935058
-66.9604262136
-64.3240182978
-62.2147062717
-60.4919621804
-59.8785836529
-59.1312704146
-58.3285067912
-57.5192317241
-56.7330256263
-55.9868677801
-55.2896108131
-54.6449362724
0
-70.0
-70.0
-70.0
-70.0
-70.0
-70.0
-70.0
-70.0
-70.0
-70.0
-70.0
-70.0
-70.0
-70.0
-70.0
-69.6398392896
-67.8990815537
-66.2079908604
-64.6030700824
-63.1033486129
-61.716737444
-60.4442128279
-59.2825576307
-58.2261459246
-56.4480940369
-55.1163264363
-54.9167216614
0
-70.0
-70.0
-70.0
-70.0
-70.0
-70.0
-70.0
-70.0
-70.0
-70.0
-70.0
-70.0
-70.0
-70.0
-70.0
-70.0
-69.9325819147
-69.1777116663
-67.2155324618
-65.414373857
-63.7698662322
-63.0941661163
-62.2022738428
-62.0303960174
-60.6562561215
-59.4265636466
-58.3245293734
-57.3358244971
-56.448074088
-55.6504880397
-54.9335868093
-54.2889931775
0
-70.0
-70.0
-70.0
-70.0
-70.0
-70.0
-70.0
-70.0
-70.0
-70.0
-70.0
-70.0
-70.0
-70.0
-69.6056308604
-69.4854883479
-68.7138865622
-67.577129272
-66.2591705889
-64.056423026
-62.2162270541
-60.6549019025
-58.4929434147
-56.8626702083
-55.6057506108
-54.6147404986
0
-70.0
-70.0
-70.0
-70.0
-70.0
-70.0
-70.0
-70.0
-70.0
-70.0
-70.0
-70.0
-70.0
-70.0
-70.0
-69.9841717058
-69.2585356724
-68.1312028633
-66.800429749
-65.3919515555
-63.9837995876
-63.4427817539
-62.6200783285
-61.6557869957
-61.4586859628
-60.9084691443
-60.1647234151
-59.3296518637
-58.4676205374
-57.6181477237
-56.8045257781
-56.8595350847
-56.6138894992
-70.0
-70.0
-70.0
-70.0
-70.0
-70.0
-70.0
-70.0
-70.0
-70.0
-70.0
-70.0
-70.0
-69.5634974432
-68.5994793276
-67.351085814
-65.9736801788
-64.5647807916
-63.1839484663
-61.8659841222
-60.6296727117
-58.6635634417
-57.1451124316
-55.9458714112
-54.9781310852
-54.1815491868
0
-70.0
-70.0
-70.0
-70.0
-70.0
-70.0
-70.0
-70.0
-70.0
-70.0
-70.0
-70.0
-70.0
-70.0
-68.6958400874
-68.0601494703
-67.0267301177
-65.7891208355
-64.4702512383
-63.1465877721
-61.0441701
-60.1845804933
-60.0993407129
-59.6615521543
-59.0268272806
-58.2950981137
-57.5295573431
-56.769247636
-56.0374202238
-55.3470764357
-62.3246342813
-70.0
-70.0
-70.0
-70.0
-70.0
-70.0
-70.0
-70.0
-70.0
-70.0
-70.0
-69.8561514381
-69.8779705864
-69.1784630558
-68.0694764356
-66.7517685822
-65.3527515842
-63.9515829992
-62.5958290816
-61.3125157616
-60.1154439109
-59.0100193368
-57.9964306144
-57.0717296939
-56.2311848184
-54.6491517325
0
-70.0
-70.0
-70.0
-70.0
-70.0
-70.0
-70.0
-70.0
-70.0
-70.0
-70.0
-70.0
-70.0
-70.0
-70.0
-70.0
-69.5441783214
-68.5692127035
-67.315259576
-65.9357123803
-64.5267936502
-63.1472159571
-61.0112288094
-59.3125955604
-57.932995759
-56.7908026862
-55.829126753
-55.827816968
-55.5827705314
-54.3796503183
0
-70.0
-70.0
-70.0
-70.0
-70.0
-70.0
-70.0
-70.0
-70.0
-70.0
-70.0
-70.0
-70.0
-70.0
-70.0
-70.0
-69.2242124172
-68.0679327869
-65.9019005825
-64.0222179072
-61.5570010384
-59.6426375491
-58.122598204
-56.8898213234
-55.8704944843
-55.8332152313
-55.5664071718
-55.1707754304
-54.7110372046
-54.2281596956
0
-70.0
-70.0
-70.0
-70.0
-70.0
-70.0
-70.0
-70.0
-70.0
-70.0
-70.0
-70.0
-70.0
-70.0
-70.0
-69.9936665276
-69.2734108933
-68.1488104829
-67.6390898872
-66.6952878669
-65.5224970592
-64.2514060059
-63.7837045071
-62.9936267908
-62.0364592681
-61.0109434455
-60.7986025038
-60.2612445219
-59.5467882488
-58.7498882099
-57.9300852463
-57.1238672932
-57.1726742783
-56.0928693267
-70.0
-70.0
-70.0
-70.0
-70.0
-70.0
-70.0
-70.0
-70.0
-70.0
-70.0
-69.4837846882
-67.6545960115
-65.9185962718
-64.2963765522
-63.6164988354
-62.7046889108
-61.6841133257
-60.6322975304
-59.5967981356
-59.4256052275
-58.9587026417
-57.5099376689
-55.5203474295
-54.092581705
0
-70.0
-70.0
-70.0
-70.0
-70.0
-70.0
-70.0
-70.0
-70.0
-70.0
-70.0
-70.0
-70.0
-70.0
-70.0
-70.0
-69.526104625
-68.5408972459
-67.2817429102
-65.9001922118
-64.4912553857
-63.1128514438
-60.9787140306
-60.1022744483
-59.1896682173
-58.2857822048
-57.4172578571
-56.59890132
-55.8379240203
-55.1367401732
0
-70.0
-70.0
-70.0
-70.0
-70.0
-70.0
-70.0
-70.0
-70.0
-70.0
-70.0
-70.0
-70.0
-70.0
-69.6886362463
-68.7955301192
-67.5831487723
-66.2196150051
-64.8108409113
-63.4218817579
-62.0911102073
-60.0196102701
-58.3927232987
-57.0868336726
-56.0170721078
-55.9446460987
-55.6530356233
-55.2396348173
-54.7669398397
-54.2744248586
0
-70.0
-70.0
-70.0
-70.0
-70.0
-70.0
-70.0
-70.0
-70.0
-70.0
-70.0
-70.0
-70.0
-70.0
-69.8077554206
-68.9821501589
-67.8040486633
-66.4537194771
-65.0450646495
-63.648369598
-62.3054069138
-61.0394490728
-59.8618927325
-58.7766291705
-57.7829167276
-56.8772587043
-56.0546219335
-55.30921914
-54.6350034925
-54.0259739876
-58.5563571515
-70.0
-70.0
-70.0
-70.0
-70.0
-70.0
-70.0
-70.0
-70.0
-70.0
-69.9880827664
-69.2646630007
-68.1384557079
-65.9881161419
-64.1149751976
-62.4705914578
-61.018274832
-60.5496090288
-60.6867559125
-60.3628188457
-59.7730293108
-59.0433879461
-58.2541568624
-57.4554796501
-56.6777573344
-55.1185320339
0
-70.0
-70.0
-70.0
-70.0
-70.0
-70.0
-70.0
-70.0
-70.0
-70.0
-70.0
-70.0
-70.0
-70.0
-70.0
-70.0
-69.0812471739
-67.8439539057
-66.4567794813
-65.0259155106
-63.6165332779
-62.2670194956
-60.9984105764
-60.640631539
-59.2012763986
-57.9809541011
-57.7527289192
-57.3073695127
-56.7465748851
-55.315212279
0
-70.0
-70.0
-70.0
-70.0
-70.0
-70.0
-70.0
-70.0
-70.0
-70.0
-70.0
-70.0
-70.0
-70.0
-69.7667179723
-68.9178581565
-67.7279469952
-66.3730687319
-64.9643728162
-63.5703428396
-62.2315800923
-60.9706031075
-59.7983301464
-59.5383553648
-59.0144253171
-57.5295864445
-56.3376969062
-55.3613066196
-54.546762227
0
-70.0
-70.0
-70.0
-70.0
-70.0
-70.0
-70.0
-70.0
-70.0
-70.0
-70.0
-70.0
-70.0
-70.0
-69.6827971145
-69.6063821461
-68.8569870934
-68.5487838254
-66.8755690704
-65.2591212484
-63.7306151803
-62.3058243667
-60.990755733
-60.6053560284
-59.970604338
-59.2073998458
-58.3925638223
-57.5739100808
-56.7802541665
-56.0280521457
-57.8657958616
-57.8362488958
-67.6672815116
-70.0
-70.0
-70.0
-70.0
-70.0
-70.0
-70.0
-70.0
-70.0
-69.6447657868
-69.5467997327
-67.9664601091
-66.3693743313
-64.8154770536
-64.1592894519
-64.0636005758
