-63.0
-59.0333333333
-57.0188888889
-56.2429259259
-56.235917284
-56.690514856
-57.406922904
-58.2565369693
-59.1577541762
-63.6598926945
-70.0
-70.0
-70.0
-70.0
-70.0
-70.0
-70.0
-70.0
-70.0
-70.0
-70.0
-70.0
-70.0
-70.0
-70.0
-70.0
-70.0
-70.0
-63.0364497232
-59.0904378997
-70.0
-70.0
-70.0
-70.0
-70.0
-70.0
-70.0
-70.0
-70.0
-70.0
-70.0
-70.0
-63.3942179526
-59.6509414591
-57.749944181
-57.0176810081
-57.0110670708
-57.4400631393
-58.1161253425
-58.9178918197
-62.6349212757
-70.0
-70.0
-70.0
-70.0
-70.0
-70.0
-70.0
-70.0
-70.0
-70.0
-70.0
-70.0
-70.0
-70.0
-70.0
-70.0
-70.0
-70.0
-70.0
-63.0254909336
-59.0732691293
-65.1356362466
-70.0
-70.0
-70.0
-70.0
-70.0
-70.0
-70.0
-70.0
-70.0
-70.0
-70.0
-63.5680344992
-59.9232540487
-58.0722773101
-57.3592820233
-57.3528421171
-57.7705501028
-58.4288232241
-60.1193251463
-70.0
-70.0
-70.0
-70.0
-70.0
-70.0
-70.0
-70.0
-70.0
-70.0
-70.0
-70.0
-70.0
-70.0
-70.0
-70.0
-70.0
-70.0
-70.0
-70.0
-63.0252180787
-59.0728416566
-70.0
-70.0
-70.0
-70.0
-70.0
-70.0
-70.0
-70.0
-70.0
-70.0
-70.0
-70.0
-63.5882517909
-59.9549278057
-58.1097691544
-57.3990149918
-57.3925953279
-57.8089903519
-58.4651943546
-59.2434102777
-60.0688928224
-69.7497738776
-70.0
-70.0
-70.0
-70.0
-68.8875566659
-68.2571721099
-67.9370356393
-67.8137192357
-67.8126054189
-67.8848502816
-67.9987021898
-68.1337232618
-68.2769451295
-68.4203134125
-68.5589906019
-68.6902305622
-68.8126335196
-68.9256541767
-62.0532565101
-65.7826308307
-70.0
-70.0
-70.0
-70.0
-70.0
-70.0
-70.0
-70.0
-70.0
-70.0
-70.0
-70.0
-63.4959659492
-59.8103466537
-57.938630188
-57.2176459689
-57.2111339052
-57.6335222035
-58.299171109
-59.088588082
-59.9259519964
-69.7364102274
-70.0
-70.0
-70.0
-70.0
-70.0
-70.0
-70.0
-70.0
-70.0
-70.0
-70.0
-70.0
-70.0
-70.0
-70.0
-70.0
-70.0
-70.0
-63.0382214614
-59.0932136229
-66.1038678128
-70.0
-70.0
-70.0
-70.0
-70.0
-70.0
-70.0
-70.0
-70.0
-70.0
-70.0
-63.3525136482
-59.5856047155
-57.6726058654
-56.9357196931
-56.929064
-57.3607684508
-58.0410988395
-58.8479271115
-67.4131113905
-70.0
-70.0
-70.0
-70.0
-70.0
-70.0
-70.0
-70.0
-70.0
-70.0
-70.0
-70.0
-70.0
-70.0
-70.0
-70.0
-70.0
-70.0
-70.0
-63.0292033373
-59.0790852284
-66.1742325588
-70.0
-70.0
-70.0
-70.0
-70.0
-70.0
-70.0
-70.0
-70.0
-70.0
-70.0
-63.3560971058
-59.5912187991
-57.6792511885
-56.9427622491
-56.9361101439
-57.367581876
-58.0475455193
-66.591758522
-70.0
-70.0
-70.0
-70.0
-70.0
-70.0
-65.5335374471
-63.0025420005
-61.7171933325
-61.2220776873
-61.2176057106
-61.5076690009
-61.964784675
-62.5068945903
-63.0819307199
-63.6575547069
-70.0
-70.0
-70.0
-70.0
-70.0
-70.0
-70.0
-70.0
-70.0
-70.0
-70.0
-70.0
-70.0
-70.0
-70.0
-70.0
-70.0
-70.0
-63.0274284808
-59.0763046199
-63.3592499943
-70.0
-70.0
-70.0
-70.0
-70.0
-70.0
-70.0
-70.0
-70.0
-70.0
-70.0
-63.3183189771
-59.5320330641
-57.6091937475
-56.8685170326
-56.8618271026
-57.2957522412
-57.9795822496
-67.6830349548
-70.0
-70.0
-70.0
-70.0
-70.0
-70.0
-65.6691041376
-63.2149298155
-61.9685942284
-61.4885064019
-61.4841701593
-61.7654294084
-62.2086706442
-62.7343263642
-63.2919089175
-63.8500614855
-69.2508985387
-70.0
-70.0
-70.0
-70.0
-70.0
-70.0
-70.0
-70.0
-70.0
-70.0
-70.0
-70.0
-70.0
-70.0
-70.0
-70.0
-70.0
-63.0260643756
-59.0741675217
-65.0336062684
-70.0
-70.0
-70.0
-70.0
-70.0
-70.0
-70.0
-70.0
-70.0
-70.0
-70.0
-63.5988285
-59.9714979833
-58.1293830739
-57.4198013591
-57.4133922849
-57.8291004309
-58.4842219708
-59.2611541624
-70.0
-70.0
-70.0
-70.0
-70.0
-70.0
-70.0
-70.0
-70.0
-70.0
-70.0
-70.0
-70.0
-70.0
-70.0
-70.0
-70.0
-70.0
-70.0
-70.0
-63.0286309425
-59.0781884766
-70.0
-70.0
-70.0
-70.0
-70.0
-70.0
-70.0
-70.0
-70.0
-70.0
-70.0
-70.0
-63.634882081
-60.0279819269
-58.1962424368
-57.4906573283
-57.4842843522
-57.8976510881
-58.5490827601
-59.3216390046
-60.1411181178
-70.0
-70.0
-70.0
-70.0
-70.0
-69.1254463939
-68.6298660171
-68.3781889237
-68.281243037
-68.2803674036
-68.3371631102
-68.4266684305
-68.5328160083
-68.645410688
-68.7581204729
-68.8671423281
-68.9703173636
-69.0665451395
-69.155396967
-62.2608399097
-70.0
-70.0
-70.0
-70.0
-70.0
-70.0
-70.0
-70.0
-70.0
-70.0
-70.0
-70.0
-70.0
-63.4990765861
-59.8152199849
-57.9443986914
-57.2237592922
-57.2172503429
-57.6394366286
-58.3047671791
-59.0938066034
-59.9307700379
-70.0
-70.0
-70.0
-70.0
-70.0
-70.0
-70.0
-70.0
-70.0
-70.0
-70.0
-70.0
-70.0
-70.0
-70.0
-70.0
-70.0
-70.0
-70.0
-63.0402228342
-59.0963491069
-66.6906761394
-70.0
-70.0
-70.0
-70.0
-70.0
-70.0
-70.0
-70.0
-70.0
-70.0
-70.0
-63.3722861063
-59.6165815665
-57.7092727905
-56.9745784318
-56.9679425355
-57.3983629133
-58.0766697095
-58.8810981302
-68.7817051687
-70.0
-70.0
-70.0
-70.0
-70.0
-70.0
-70.0
-70.0
-70.0
-70.0
-70.0
-70.0
-70.0
-70.0
-70.0
-70.0
-70.0
-70.0
-70.0
-63.0304677861
-59.0810661983
-66.7597311388
-70.0
-70.0
-70.0
-70.0
-70.0
-70.0
-70.0
-70.0
-70.0
-70.0
-70.0
-63.3759084222
-59.6222565281
-57.715990174
-56.9816973558
-56.9750650863
-57.4052502217
-58.0831862956
-66.981001984
-70.0
-70.0
-70.0
-70.0
-70.0
-70.0
-65.6563827791
-63.1949996873
-61.945003176
-61.4635051633
-61.4591561836
-61.7412415897
-62.1857847803
-62.7129845353
-63.2722049039
-63.8319969615
-65.2377249695
-70.0
-70.0
-70.0
-70.0
-70.0
-70.0
-70.0
-70.0
-70.0
-70.0
-70.0
-70.0
-70.0
-70.0
-70.0
-70.0
-70.0
-63.0337521165
-59.0862116492
-66.6804203929
-70.0
-70.0
-70.0
-70.0
-70.0
-70.0
-70.0
-70.0
-70.0
-70.0
-70.0
-63.3794478707
-59.627801664
-57.7225538846
-56.9886534208
-56.9820246951
-57.4119799699
-58.0895538024
-67.0176945424
-70.0
-70.0
-70.0
-70.0
-70.0
-70.0
-65.6804343367
-63.2326804608
-61.9896054532
-61.5107736003
-61.5064487018
-61.7869721393
-62.2290537972
-62.753334332
-63.3094581752
-63.8661505419
-65.2771194303
-70.0
-70.0
-70.0
-70.0
-70.0
-70.0
-70.0
-70.0
-70.0
-70.0
-70.0
-70.0
-70.0
-70.0
-70.0
-70.0
-70.0
-63.0339964204
-59.0865943919
-66.7677992431
-70.0
-70.0
-70.0
-70.0
-70.0
-70.0
-70.0
-70.0
-70.0
-70.0
-70.0
-63.6906584023
-60.1153648303
-58.2996765261
-57.6002743261
-57.5939571951
-58.0037016768
-58.6494249765
-59.4152114571
-63.0600121539
-70.0
-70.0
-70.0
-70.0
-70.0
-70.0
-70.0
-70.0
-70.0
-70.0
-70.0
-70.0
-70.0
-70.0
-70.0
-70.0
-70.0
-70.0
-70.0
-63.0290041092
-59.0787731044
-70.0
-70.0
-70.0
-70.0
-70.0
-70.0
-70.0
-70.0
-70.0
-70.0
-70.0
-70.0
-63.6693993124
-60.0820589228
-58.2602527249
-57.5584939154
-57.5521554992
-57.9632805994
-58.6111796396
-59.3795464091
-60.1945815905
-70.0
-70.0
-70.0
-70.0
-70.0
-70.0
-70.0
-70.0
-70.0
-70.0
-70.0
-70.0
-70.0
-70.0
-70.0
-70.0
-70.0
-70.0
-70.0
-63.0307583749
-67.9438547139
-70.0
-70.0
-70.0
-70.0
-70.0
-70.0
-70.0
-70.0
-70.0
-70.0
-70.0
-70.0
-63.507457603
-59.8283502447
-57.9599408216
-57.2402304736
-57.2337299158
-57.6553719172
-58.3198447208
-59.1078669123
-59.9437513301
-70.0
-70.0
-70.0
-70.0
-70.0
-70.0
-70.0
-70.0
-70.0
-70.0
-70.0
-70.0
-70.0
-70.0
-70.0
-70.0
-70.0
-70.0
-70.0
-63.0419898147
-59.0991173764
-67.2996642917
-70.0
-70.0
-70.0
-70.0
-70.0
-70.0
-70.0
-70.0
-70.0
-70.0
-70.0
-63.5424362139
-59.8831500685
-58.0248067123
-57.3089738081
-57.302508272
-57.7218786747
-58.3827716271
-59.1665483443
-59.9979294298
-70.0
-70.0
-70.0
-70.0
-70.0
-70.0
-70.0
-70.0
-70.0
-70.0
-70.0
-70.0
-70.0
-70.0
-70.0
-70.0
-70.0
-70.0
-70.0
-63.0325874228
-59.0843869623
-67.3767616549
-70.0
-70.0
-70.0
-70.0
-70.0
-70.0
-70.0
-70.0
-70.0
-70.0
-70.0
-63.3983558324
-59.6574241375
-57.7576176493
-57.025813168
-57.0192033737
-57.4479307179
-58.1235694339
-67.3865404868
-70.0
-70.0
-70.0
-70.0
-70.0
-70.0
-65.7820601166
-63.3918941826
-62.1780648161
-61.7104983691
-61.7062752218
-61.9801988261
-62.4118796945
-62.923825559
-63.4668655591
-64.0104607072
-64.5362691058
-70.0
-70.0
-70.0
-70.0
-70.0
-70.0
-70.0
-70.0
-70.0
-70.0
-70.0
-70.0
-70.0
-70.0
-70.0
-70.0
-70.0
-63.0460369725
-59.1054579236
-58.3943678926
-70.0
-70.0
-70.0
-70.0
-70.0
-70.0
-70.0
-70.0
-70.0
-70.0
-70.0
-63.6005789228
-59.9742403124
-58.1326291358
-57.4232414586
-57.416834137
-57.8324286061
-58.4873710007
-59.2640907375
-70.0
-70.0
-70.0
-70.0
-70.0
-70.0
-70.0
-70.0
-70.0
-70.0
-70.0
-70.0
-70.0
-70.0
-70.0
-70.0
-70.0
-70.0
-70.0
-70.0
-63.0311943066
-59.0822044138
-70.0
-70.0
-70.0
-70.0
-70.0
-70.0
-70.0
-70.0
-70.0
-70.0
-70.0
-70.0
-63.6051034226
-59.9813286954
-58.1410195692
-57.4321334412
-57.4257306497
-57.8410312865
-58.4955106256
-59.2716812083
-60.0949941843
-70.0
-70.0
-70.0
-70.0
-70.0
-69.8753554483
-69.8047235356
-69.7688536035
-69.7550365242
-69.7549117257
-69.7630064558
-69.7757630787
-69.7908916164
-69.8069390185
-69.8230028258
-69.838541016
-69.8532458963
-69.8669606279
-69.8796241126
-62.9152131447
-70.0
-70.0
-70.0
-70.0
-70.0
-70.0
-70.0
-70.0
-70.0
-70.0
-70.0
-70.0
-70.0
-63.5447567049
-59.8867855043
-58.0291099338
-57.3135342604
-57.3070710477
-57.7262907518
-58.3869462159
-59.1704412871
-60.0015236203
-70.0
-70.0
-70.0
-70.0
-70.0
-70.0
-70.0
-70.0
-70.0
-70.0
-70.0
-70.0
-70.0
-70.0
-70.0
-70.0
-70.0
-70.0
-70.0
-63.0438024051
-59.1019571012
-67.7915546423
-70.0
-70.0
-70.0
-70.0
-70.0
-70.0
-70.0
-70.0
-70.0
-70.0
-70.0
-63.4538831097
-59.7444168718
-57.8605899
-57.1349407203
-57.1283865218
-57.5535077853
-58.2234636172
-59.0179883291
-60.7462334167
-70.0
-70.0
-70.0
-70.0
-70.0
-70.0
-70.0
-70.0
-70.0
-70.0
-70.0
-70.0
-70.0
-70.0
-70.0
-70.0
-70.0
-70.0
-70.0
-63.0410714035
-59.0976785322
-67.8739477588
-70.0
-70.0
-70.0
-70.0
-70.0
-70.0
-70.0
-70.0
-70.0
-70.0
-70.0
-63.4036345192
-59.6656940801
-57.7674066807
-57.0361873516
-57.0295828425
-57.4579673756
-58.1330658496
-67.7156646259
-70.0
-70.0
-70.0
-70.0
-70.0
-70.0
-65.8868778307
-63.5561086014
-62.3724434437
-61.9164962344
-61.9123780343
-62.1794945131
-62.6004479166
-63.0996716948
-63.6292169053
-64.159303468
-64.6720452901
-70.0
-70.0
-70.0
-70.0
-70.0
-70.0
-70.0
-70.0
-70.0
-70.0
-70.0
-70.0
-70.0
-70.0
-70.0
-70.0
-70.0
-63.0513569142
-59.1137924989
-57.114127433
-66.4125039121
-70.0
-70.0
-70.0
-70.0
-70.0
-70.0
-70.0
-70.0
-70.0
-70.0
-64.1644062389
-60.8575697743
-59.1782155697
-58.5313291946
-58.5254863964
-58.9044645043
-59.5017025522
-60.2099886292
-60.9612939877
-61.7133674033
-70.0
-70.0
-70.0
-70.0
-70.0
-70.0
-70.0
-70.0
-70.0
-70.0
-70.0
-70.0
-70.0
-70.0
-70.0
-70.0
-70.0
-70.0
-63.0421264291
-59.0993314057
-65.7771051112
-70.0
-70.0
-70.0
-70.0
-70.0
-70.0
-70.0
-70.0
-70.0
-70.0
-70.0
-63.7649175431
-60.2317041508
-58.4373859771
-57.7462155403
-57.7399727602
-58.1448946668
-58.7830179885
-59.5397913819
-60.3425290386
-70.0
-70.0
-70.0
-70.0
-70.0
-70.0
-70.0
-70.0
-70.0
-70.0
-70.0
-70.0
-70.0
-70.0
-70.0
-70.0
-70.0
-70.0
-70.0
-63.024486638
-68.0232504134
-70.0
-70.0
-70.0
-70.0
-70.0
-70.0
-70.0
-70.0
-70.0
-70.0
-70.0
-70.0
-63.6839705329
-60.1048871683
-58.2872742439
-57.5871306811
-57.5808068541
-57.9909856627
-58.6373934258
-59.4039916361
-60.2171508411
-70.0
-70.0
-70.0
-70.0
-70.0
-70.0
-70.0
-70.0
-70.0
-70.0
-70.0
-70.0
-70.0
-70.0
-70.0
-70.0
-70.0
-70.0
-70.0
-63.0454608484
-59.1045553292
-68.3012772659
-70.0
-70.0
-70.0
-70.0
-70.0
-70.0
-70.0
-70.0
-70.0
-70.0
-70.0
-63.4260706465
-59.7008440128
-57.8090132322
-57.0802809894
-57.0736989441
-57.5006264188
-58.1734286896
-58.9713290958
-59.817691703
-70.0
-70.0
-70.0
-70.0
-70.0
-70.0
-70.0
-70.0
-70.0
-70.0
-70.0
-70.0
-70.0
-70.0
-70.0
-70.0
-70.0
-70.0
-70.0
-63.0383921649
-59.0934810583
-68.3747917825
-70.0
-70.0
-70.0
-70.0
-70.0
-70.0
-70.0
-70.0
-70.0
-70.0
-70.0
-63.4245104167
-59.6983996528
-57.8061198727
-57.0772146756
-57.0706310681
-57.497659868
-58.170621819
-68.0832784932
-70.0
-70.0
-70.0
-70.0
-70.0
-70.0
-65.9939019852
-63.7237797768
-62.5709137925
-62.1268304088
-62.122819365
-62.3829854266
-62.7929855493
-63.2792194379
-63.7949857899
-64.311279408
-64.8106795986
-69.49256862
-70.0
-70.0
-70.0
-70.0
-70.0
-70.0
-70.0
-70.0
-70.0
-70.0
-70.0
-70.0
-70.0
-70.0
-70.0
-70.0
-63.0523368574
-59.1153277433
-57.1159446834
-66.5285859044
-70.0
-70.0
-70.0
-70.0
-70.0
-70.0
-70.0
-70.0
-70.0
-70.0
-64.1832269471
-60.8870555505
-59.2131175275
-58.5683174628
-58.5624935085
-58.9402493523
-59.5355612136
-60.2415629565
-60.9904452371
-61.7400930975
-70.0
-70.0
-70.0
-70.0
-70.0
-70.0
-70.0
-70.0
-70.0
-70.0
-70.0
-70.0
-70.0
-70.0
-70.0
-70.0
-70.0
-70.0
-63.0518343919
-59.1145405473
-61.3927774527
-70.0
-70.0
-70.0
-70.0
-70.0
-70.0
-70.0
-70.0
-70.0
-70.0
-70.0
-63.8753061356
-60.4046462791
-58.6420954892
-57.9631618323
-57.9570295771
-58.3547825714
-58.9816082823
-59.7249834327
-60.5135090752
-68.0275167054
-70.0
-70.0
-70.0
-70.0
-69.3685554701
-69.0107369032
-68.8290211996
-68.7590244041
-68.75839218
-68.7993997729
-68.8640243362
-68.9406649296
-69.0219604547
-69.1033390879
-69.1820549649
-69.2565493256
-69.3260276312
-69.3901803602
-62.4729777306
-69.079584558
-70.0
-70.0
-70.0
-70.0
-70.0
-70.0
-70.0
-70.0
-70.0
-70.0
-70.0
-70.0
-63.5638529809
-59.9167030033
-58.0645229167
-57.3510641009
-57.344620008
-57.762599552
-58.4213006267
-59.2024779172
-60.0311016943
-70.0
-70.0
-70.0
-70.0
-70.0
-70.0
-70.0
-70.0
-70.0
-70.0
-70.0
-70.0
-70.0
-70.0
-70.0
-70.0
-70.0
-70.0
-70.0
-63.0467704947
-59.1066071084
-68.7745248184
-70.0
-70.0
-70.0
-70.0
-70.0
-70.0
-70.0
-70.0
-70.0
-70.0
-70.0
-63.4416269613
-59.7252155727
-57.8378615538
-57.1108537574
-57.1042872876
-57.5302044961
-58.2014146714
-58.9974269541
-59.8417867587
-70.0
-70.0
-70.0
-70.0
-70.0
-70.0
-70.0
-70.0
-70.0
-70.0
-70.0
-70.0
-70.0
-70.0
-70.0
-70.0
-70.0
-70.0
-70.0
-63.0431246026
-59.1008952107
-68.853856931
-70.0
-70.0
-70.0
-70.0
-70.0
-70.0
-70.0
-70.0
-70.0
-70.0
-70.0
-63.488033576
-59.7979192691
-57.9239200426
-57.2020565053
-57.1955364994
-57.6184399459
-58.2849006823
-65.3901965302
-70.0
-70.0
-70.0
-70.0
-70.0
-70.0
-66.0161040515
-63.758563014
-62.612086291
-62.1704640475
-62.1664752332
-62.4251994368
-62.8329273111
-63.3164664586
-63.8293743985
-64.3428066825
-64.8394391635
-65.5201872019
-70.0
-70.0
-70.0
-70.0
-70.0
-70.0
-70.0
-70.0
-70.0
-70.0
-70.0
-70.0
-70.0
-70.0
-70.0
-70.0
-63.0466745831
-59.1064568469
-58.1723947156
-70.0
-70.0
-70.0
-70.0
-70.0
-70.0
-70.0
-70.0
-70.0
-70.0
-70.0
-63.5383732356
-59.8767847358
-58.0172721447
-57.3009888519
-57.2945192478
-57.7141535104
-58.3754622843
-59.1597321392
-68.3335003124
-70.0
-70.0
-70.0
-70.0
-70.0
-70.0
-70.0
-70.0
-70.0
-70.0
-70.0
-70.0
-70.0
-70.0
-70.0
-70.0
-70.0
-70.0
-70.0
-63.0332097619
-59.0853619604
-70.0
-70.0
-70.0
-70.0
-70.0
-70.0
-70.0
-70.0
-70.0
-70.0
-70.0
-70.0
-63.8427701739
-60.3536732725
-58.5817593559
-57.8992190274
-57.893054196
-58.2929201573
-58.9230757289
-59.6703998809
-60.463114376
-65.5224737719
-70.0
-70.0
-70.0
-70.0
-69.9159522738
-69.868325229
-69.8441381612
-69.8348213151
-69.8347371636
-69.8401954339
-69.848797215
-69.8589983764
-69.8698191274
-69.8806509405
-69.8911283303
-69.9010438198
-69.9102916529
-69.9188306309
-62.9506380751
-69.6487769612
-70.0
-70.0
-70.0
-70.0
-70.0
-70.0
-70.0
-70.0
-70.0
-70.0
-70.0
-70.0
-63.5828882002
-59.946524847
-58.0998226735
-57.3884739469
-57.3820489128
-57.7987922618
-58.4555451959
-59.2344121165
-60.0605851983
-70.0
-70.0
-70.0
-70.0
-70.0
-70.0
-70.0
-70.0
-70.0
-70.0
-70.0
-70.0
-70.0
-70.0
-70.0
-70.0
-70.0
-70.0
-70.0
-63.063012126
-59.1320523308
-57.1357413759
-68.5039776899
-70.0
-70.0
-70.0
-70.0
-70.0
-70.0
-70.0
-70.0
-70.0
-70.0
-63.6803787175
-60.0992599907
-58.2806134216
-57.5800716994
-57.5737442762
-57.9841563463
-58.6309317102
-59.3979658715
-60.2115875059
-70.0
-70.0
-70.0
-70.0
-70.0
-70.0
-70.0
-70.0
-70.0
-70.0
-70.0
-70.0
-70.0
-70.0
-70.0
-70.0
-70.0
-70.0
-70.0
-63.0376099485
-59.092255586
-70.0
-70.0
-70.0
-70.0
-70.0
-70.0
-70.0
-70.0
-70.0
-70.0
-70.0
-70.0
-63.5513708496
-59.8971476644
-58.0413754978
-57.3265330146
-57.3200764242
-57.7388665891
-58.3988451351
-59.1815374249
-70.0
-70.0
-70.0
-70.0
-70.0
-70.0
-70.0
-70.0
-70.0
-70.0
-70.0
-70.0
-70.0
-70.0
-70.0
-70.0
-70.0
-70.0
-70.0
-70.0
-63.0330059243
-59.0850426147
-70.0
-70.0
-70.0
-70.0
-70.0
-70.0
-70.0
-70.0
-70.0
-70.0
-70.0
-70.0
-63.7965333198
-60.2812355343
-58.4960156786
-57.8083499092
-57.8021387839
-58.2050074826
-58.8398951191
-59.592831197
-60.3914984705
-70.0
-70.0
-70.0
-70.0
-70.0
-70.0
-70.0
-70.0
-70.0
-70.0
-70.0
-70.0
-70.0
-70.0
-70.0
-70.0
-70.0
-70.0
-70.0
-63.0259878689
-69.4006581754
-70.0
-70.0
-70.0
-70.0
-70.0
-70.0
-70.0
-70.0
-70.0
-70.0
-70.0
-70.0
-63.5992318696
-59.972129929
-58.1301311004
-57.4205940998
-57.4141854295
-57.8298673797
-58.4849476371
-59.2618308703
-60.0858997813
-70.0
-70.0
-70.0
-70.0
-70.0
-70.0
-70.0
-70.0
-70.0
-70.0
-70.0
-70.0
-70.0
-70.0
-70.0
-70.0
-70.0
-70.0
-70.0
-63.0496663954
-59.1111440195
-58.2486467452
-70.0
-70.0
-70.0
-70.0
-70.0
-70.0
-70.0
-70.0
-70.0
-70.0
-70.0
-63.5087261943
-59.8303377044
-57.9622933537
-57.2427236315
-57.2362243437
-57.6577839596
-58.3221269305
-59.1099951487
-59.9457162413
-70.0
-70.0
-70.0
-70.0
-70.0
-70.0
-70.0
-70.0
-70.0
-70.0
-70.0
-70.0
-70.0
-70.0
-70.0
-70.0
-70.0
-70.0
-70.0
-63.0507076167
-59.1127752662
-57.8016272989
-70.0
-70.0
-70.0
-70.0
-70.0
-70.0
-70.0
-70.0
-70.0
-70.0
-70.0
-63.8359119647
-60.3429287447
-58.5690411879
-57.8857406142
-57.8795689162
-58.2798802668
-58.910737735
-59.6588942914
-60.4524917489
-62.5893664706
-70.0
-70.0
-70.0
-70.0
-70.0
-70.0
-70.0
-70.0
-70.0
-70.0
-70.0
-70.0
-70.0
-70.0
-70.0
-70.0
-70.0
-70.0
-63.0305165373
-59.0811425751
-70.0
-70.0
-70.0
-70.0
-70.0
-70.0
-70.0
-70.0
-70.0
-70.0
-70.0
-70.0
-63.8408235872
-60.3506236199
-58.5781495189
-57.8953934077
-57.8892266273
-58.2892190049
-58.9195737979
-59.6671342138
-60.4600993229
-62.4162583024
-70.0
-70.0
-70.0
-70.0
-70.0
-70.0
-70.0
-70.0
-70.0
-70.0
-70.0
-70.0
-70.0
-70.0
-70.0
-70.0
-70.0
-70.0
-63.0384482375
-61.3232505697
-70.0
-70.0
-70.0
-70.0
-70.0
-70.0
-70.0
-70.0
-70.0
-70.0
-70.0
-70.0
-63.6323390179
-60.0239977947
-58.1915264676
-57.4856594558
-57.4792839335
-57.8928158223
-58.5445077615
-59.3173726664
-60.137179187
-70.0
-70.0
-70.0
-70.0
-70.0
-70.0
-70.0
-70.0
-70.0
-70.0
-70.0
-70.0
-70.0
-70.0
-70.0
-70.0
-70.0
-70.0
-70.0
-63.0510641211
-59.1133337898
-57.5947596777
-70.0
-70.0
-70.0
-70.0
-70.0
-70.0
-70.0
-70.0
-70.0
-70.0
-70.0
-63.7938727854
-60.2770673638
-58.4910818654
-57.8031211708
-57.7969073817
-58.1999488622
-58.8351087884
-59.5883677845
-60.3873775894
-70.0
-70.0
-70.0
-70.0
-70.0
-70.0
-70.0
-70.0
-70.0
-70.0
-70.0
-70.0
-70.0
-70.0
-70.0
-70.0
-70.0
-70.0
-70.0
-63.0480985054
-59.1086876585
-58.2944531493
-70.0
-70.0
-70.0
-70.0
-70.0
-70.0
-70.0
-70.0
-70.0
-70.0
-70.0
-63.6817718067
-60.1014424972
-58.2831968283
-57.5828095326
-57.5764835041
-57.9868051036
-58.6334378931
-59.4003029704
-60.2137452511
-70.0
-70.0
-70.0
-70.0
-70.0
-70.0
-70.0
-70.0
-70.0
-70.0
-70.0
-70.0
-70.0
-70.0
-70.0
-70.0
-70.0
-70.0
-70.0
-63.039655324
-59.0954600075
-70.0
-70.0
-70.0
-70.0
-70.0
-70.0
-70.0
-70.0
-70.0
-70.0
-70.0
-70.0
-64.0061913326
-60.6096997544
-58.8848148157
-58.2203900253
-58.2143888169
-58.6036417979
-59.2170721933
-59.9445613574
-60.7162361439
-61.4886998111
-70.0
-70.0
-70.0
-70.0
-70.0
-70.0
-70.0
-70.0
-70.0
-70.0
-70.0
-70.0
-70.0
-70.0
-70.0
-70.0
-70.0
-70.0
-63.0429155676
-59.9365709673
-70.0
-70.0
-70.0
-70.0
-70.0
-70.0
-70.0
-70.0
-70.0
-70.0
-70.0
-70.0
-63.7114415034
-60.147925022
-58.3382176324
-57.6411192776
-57.6348229554
-58.0432177303
-58.6868140042
-59.4500779684
-60.2597004146
-70.0
-70.0
-70.0
-70.0
-70.0
-70.0
-70.0
-70.0
-70.0
-70.0
-70.0
-70.0
-70.0
-70.0
-70.0
-70.0
-70.0
-70.0
-70.0
-63.0546865106
-59.1190088666
-57.1203019847
-70.0
-70.0
-70.0
-70.0
-70.0
-70.0
-70.0
-70.0
-70.0
-70.0
-70.0
-63.7458751201
-60.2018710215
-58.4020728616
-57.7087915369
-57.7025296909
-58.1086882603
-58.7487604599
-59.5078450976
-60.3130343771
-70.0
-70.0
-70.0
-70.0
-70.0
-70.0
-70.0
-70.0
-70.0
-70.0
-70.0
-70.0
-70.0
-70.0
-70.0
-70.0
-70.0
-70.0
-70.0
-63.048081378
-59.1086608255
-58.3326394162
-70.0
-70.0
-70.0
-70.0
-70.0
-70.0
-70.0
-70.0
-70.0
-70.0
-70.0
-63.734234872
-60.1836346328
-58.3804866682
-57.6859150005
-57.6796414999
-58.0865560162
-58.7278195254
-59.4883169801
-60.2950048869
-70.0
-70.0
-70.0
-70.0
-70.0
-70.0
-70.0
-70.0
-70.0
-70.0
-70.0
-70.0
-70.0
-70.0
-70.0
-70.0
-70.0
-70.0
-70.0
-63.0425060801
-59.0999261922
-60.942913958
-70.0
-70.0
-70.0
-70.0
-70.0
-70.0
-70.0
-70.0
-70.0
-70.0
-70.0
-64.0779028942
-60.7220478676
-59.0177999227
-58.3613244917
-58.3553950833
-58.7399909356
-59.3460820824
-60.0648673677
-60.8273096267
-61.5905313278
-70.0
-70.0
-70.0
-70.0
-70.0
-70.0
-70.0
-70.0
-70.0
-70.0
-70.0
-70.0
-70.0
-70.0
-70.0
-70.0
-70.0
-70.0
-63.0425762821
-59.9547825259
-70.0
-70.0
-70.0
-70.0
-70.0
-70.0
-70.0
-70.0
-70.0
-70.0
-70.0
-70.0
-63.7294349664
-60.1761147808
-58.37158551
-57.6764817639
-57.6702034574
-58.0774296916
-58.7191844424
-59.4802644781
-60.2875703503
-63.575022786
-70.0
-70.0
-70.0
-70.0
-70.0
-70.0
-70.0
-70.0
-70.0
-70.0
-70.0
-70.0
-70.0
-70.0
-70.0
-70.0
-70.0
-70.0
-63.0533952812
-59.1169859405
-57.1179074714
-70.0
-70.0
-70.0
-70.0
-70.0
-70.0
-70.0
-70.0
-70.0
-70.0
-70.0
-63.7587950084
-60.2221121799
-58.4260320767
-57.7341829456
-57.7279340355
-58.1332535548
-58.7720034813
-59.5295199878
-60.3330458921
-70.0
-70.0
-70.0
-70.0
-70.0
-70.0
-70.0
-70.0
-70.0
-70.0
-70.0
-70.0
-70.0
-70.0
-70.0
-70.0
-70.0
-70.0
-70.0
-63.0519101214
-59.1146591902
-57.1151533251
-70.0
-70.0
-70.0
-70.0
-70.0
-70.0
-70.0
-70.0
-70.0
-70.0
-70.0
-64.4922481329
-61.3711887416
-59.7861801487
-59.1756356547
-59.1701211031
-59.5278083354
-60.0914937303
-60.7599885095
-61.4690857601
-62.1789079184
-70.0
-70.0
-70.0
-70.0
-70.0
-70.0
-70.0
-70.0
-70.0
-70.0
-70.0
-70.0
-70.0
-70.0
-70.0
-70.0
-70.0
-70.0
-63.0442470386
-59.1026536937
-57.6225000415
-70.0
-70.0
-70.0
-70.0
-70.0
-70.0
-70.0
-70.0
-70.0
-70.0
-70.0
-64.038476384
-60.6602796683
-58.9446856499
-58.2838397172
-58.2778708337
-58.6650271425
-59.2751533563
-59.9987239727
-60.7662422102
-61.534545079
-70.0
-70.0
-70.0
-70.0
-70.0
-70.0
-70.0
-70.0
-70.0
-70.0
-70.0
-70.0
-70.0
-70.0
-70.0
-70.0
-70.0
-70.0
-63.0735849075
-59.1486163551
-57.1553480118
-70.0
-70.0
-70.0
-70.0
-70.0
-70.0
-70.0
-70.0
-70.0
-70.0
-70.0
-63.8300079705
-60.3336791538
-58.5580925586
-57.8741375162
-57.8679599069
-58.2686546778
-58.9001163843
-59.6489895288
-60.4433470979
-62.011901417
-70.0
-70.0
-70.0
-70.0
-70.0
-70.0
-70.0
-70.0
-70.0
-70.0
-70.0
-70.0
-70.0
-70.0
-70.0
-70.0
-70.0
-70.0
-63.0672994407
-59.1387691237
-57.1436919627
-69.0973646267
-70.0
-70.0
-70.0
-70.0
-70.0
-70.0
-70.0
-70.0
-70.0
-70.0
-64.0591732447
-60.6927047501
-58.9830668283
-58.3245151809
-58.3185670198
-58.7043792225
-59.3123872367
-60.033445804
-60.7982994176
-62.3918343617
-70.0
-70.0
-70.0
-70.0
-70.0
-70.0
-70.0
-70.0
-70.0
-70.0
-70.0
-70.0
-70.0
-70.0
-70.0
-70.0
-70.0
-70.0
-63.0604172876
-59.1279870839
-57.1309293922
-69.8404523064
-70.0
-70.0
-70.0
-70.0
-70.0
-70.0
-70.0
-70.0
-70.0
-70.0
-64.3510307262
-61.1499481377
-59.5243003134
-58.8981016083
-58.892445665
-59.2593039102
-59.8374420603
-60.5230768817
-61.2503552118
-61.9783770361
-70.0
-70.0
-70.0
-70.0
-70.0
-70.0
-70.0
-70.0
-70.0
-70.0
-70.0
-70.0
-70.0
-70.0
-70.0
-70.0
-70.0
-70.0
-63.0630065836
-59.1320436476
-57.1357310978
-70.0
-70.0
-70.0
-70.0
-70.0
-70.0
-70.0
-70.0
-70.0
-70.0
-70.0
-64.0976440583
-60.7529756914
-59.0544088148
-58.4001217284
-58.3942120856
-58.7775258971
-59.381596654
-60.0979858864
-60.857886563
-61.6185640835
-70.0
-70.0
-70.0
-70.0
-70.0
-70.0
-70.0
-70.0
-70.0
-70.0
-70.0
-70.0
-70.0
-70.0
-70.0
-70.0
-70.0
-70.0
-63.0462524887
-59.1057955657
-70.0
-70.0
-70.0
-70.0
-70.0
-70.0
-70.0
-70.0
-70.0
-70.0
-70.0
-70.0
-63.92411062
-60.481106638
-58.7326006942
-58.0590771048
-58.0529937143
-58.4475772229
-59.0694080872
-59.8068596696
-60.5891019634
-61.3721439409
-70.0
-70.0
-70.0
-70.0
-70.0
-70.0
-70.0
-70.0
-70.0
-70.0
-70.0
-70.0
-70.0
-70.0
-70.0
-70.0
-70.0
-70.0
-63.0993244333
-59.1889416121
-57.2030805324
-69.9463701928
-70.0
-70.0
-70.0
-70.0
-70.0
-70.0
-70.0
-70.0
-70.0
-70.0
-63.7590544991
-60.2225187152
-58.4265132878
-57.7346929217
-57.7284442713
-58.1337469387
-58.7724703079
-59.5299553191
-60.3334478152
-70.0
-70.0
-70.0
-70.0
-70.0
-70.0
-70.0
-70.0
-70.0
-70.0
-70.0
-70.0
-70.0
-70.0
-70.0
-70.0
-70.0
-70.0
-70.0
-63.056231342
-59.1214291025
-57.1231667887
-69.6945145502
-70.0
-70.0
-70.0
-70.0
-70.0
-70.0
-70.0
-70.0
-70.0
-70.0
-64.4380141239
-61.2862221274
-59.6856061919
-59.0690497576
-59.0634809051
-59.42469023
-59.9939261507
-60.6690034981
-61.3850831232
-62.1018947942
-70.0
-70.0
-70.0
-70.0
-70.0
-70.0
-70.0
-70.0
-70.0
-70.0
-70.0
-70.0
-70.0
-70.0
-70.0
-70.0
-70.0
-70.0
-63.0466492745
-59.1064171967
-57.1053973768
-70.0
-70.0
-70.0
-70.0
-70.0
-70.0
-70.0
-70.0
-70.0
-70.0
-70.0
-64.2962398008
-61.0641090213
-59.4226935862
-58.7904212056
-58.7847104038
-59.1551269092
-59.7388725821
-60.4311575665
-61.1654899715
-61.9005730822
-70.0
-70.0
-70.0
-70.0
-70.0
-70.0
-70.0
-70.0
-70.0
-70.0
-70.0
-70.0
-70.0
-70.0
-70.0
-70.0
-70.0
-70.0
-63.0468553306
-59.1067400179
-70.0
-70.0
-70.0
-70.0
-70.0
-70.0
-70.0
-70.0
-70.0
-70.0
-70.0
-70.0
-63.9684556216
-60.5505804738
-58.8148360361
-58.1462281722
-58.1401891815
-58.5318928143
-59.1491852335
-59.8812545106
-60.6577875932
-61.435114523
-70.0
-70.0
-70.0
-70.0
-70.0
-70.0
-70.0
-70.0
-70.0
-70.0
-70.0
-70.0
-70.0
-70.0
-70.0
-70.0
-70.0
-70.0
-63.0953695654
-59.1827456524
-57.1957464495
-70.0
-70.0
-70.0
-70.0
-70.0
-70.0
-70.0
-70.0
-70.0
-70.0
-70.0
-63.7919604862
-60.2740714284
-58.4875356127
-57.7993629363
-57.7931472325
-58.1963129025
-58.8316685411
-59.5851596395
-60.3844156439
-70.0
-70.0
-70.0
-70.0
-70.0
-70.0
-70.0
-70.0
-70.0
-70.0
-70.0
-70.0
-70.0
-70.0
-70.0
-70.0
-70.0
-70.0
-70.0
-63.0585590241
-59.1250758045
-57.1274833458
-69.7777972964
-70.0
-70.0
-70.0
-70.0
-70.0
-70.0
-70.0
-70.0
-70.0
-70.0
-64.7401298583
-61.7595367779
-60.2458630371
-59.6627966914
-59.6575303276
-59.9991194984
-60.5374356843
-61.1758442063
-61.853027846
-62.5309037683
-70.0
-70.0
-70.0
-70.0
-70.0
-70.0
-70.0
-70.0
-70.0
-70.0
-70.0
-70.0
-70.0
-70.0
-70.0
-70.0
-70.0
-70.0
-63.0428247749
-59.1004254807
-57.0983050549
-70.0
-70.0
-70.0
-70.0
-70.0
-70.0
-70.0
-70.0
-70.0
-70.0
-70.0
-64.1508310725
-60.8363020136
-59.1530411778
-58.5046499704
-58.4987935802
-58.8786532935
-59.4772806783
-60.18721442
-60.9402675176
-61.6940904589
-70.0
-70.0
-70.0
-70.0
-70.0
-70.0
-70.0
-70.0
-70.0
-70.0
-70.0
-70.0
-70.0
-70.0
-70.0
-70.0
-70.0
-70.0
-63.0652976985
-59.135633061
-57.1399798431
-70.0
-70.0
-70.0
-70.0
-70.0
-70.0
-70.0
-70.0
-70.0
-70.0
-70.0
-63.9841311745
-60.5751388401
-58.8439054781
-58.1770352783
-58.1710119825
-58.5616976056
-59.1773857259
-59.9075524073
-60.6820673358
-61.4573740484
-70.0
-70.0
-70.0
-70.0
-70.0
-70.0
-70.0
-70.0
-70.0
-70.0
-70.0
-70.0
-70.0
-70.0
-70.0
-70.0
-70.0
-70.0
-63.0875716336
-59.1705288927
-57.1812856183
-70.0
-70.0
-70.0
-70.0
-70.0
-70.0
-70.0
-70.0
-70.0
-70.0
-70.0
-63.800305705
-60.2871456046
-58.5030113575
-57.815763764
-57.8095564157
-58.2121801263
-58.8466816817
-59.5991598922
-60.3973414888
-70.0
-70.0
-70.0
-70.0
-70.0
-70.0
-70.0
-70.0
-70.0
-70.0
-70.0
-70.0
-70.0
-70.0
-70.0
-70.0
-70.0
-70.0
-70.0
-63.0598870666
-59.1271564043
-57.1299461267
-70.0
-70.0
-70.0
-70.0
-70.0
-70.0
-70.0
-70.0
-70.0
-70.0
-70.0
-64.4036024027
-61.2323104309
-59.6217915667
-59.0014205294
-58.9958172226
-59.3592613312
-59.9320190853
-60.6112731015
-61.3317830746
-62.0530296226
-70.0
-70.0
-70.0
-70.0
-70.0
-70.0
-70.0
-70.0
-70.0
-70.0
-70.0
-70.0
-70.0
-70.0
-70.0
-70.0
-70.0
-70.0
-63.0663555279
-59.1372903271
-57.141941529
-70.0
-70.0
-70.0
-70.0
-70.0
-70.0
-70.0
-70.0
-70.0
-70.0
-70.0
-64.2416026012
-60.9785107419
-59.3213719349
-58.6830429196
-58.6772774131
-59.0512421954
-59.6405796583
-60.3394961474
-61.0808628359
-61.8229874212
-70.0
-70.0
-70.0
-70.0
-70.0
-70.0
-70.0
-70.0
-70.0
-70.0
-70.0
-70.0
-70.0
-70.0
-70.0
-70.0
-70.0
-70.0
-63.048711533
-59.1096480683
-62.9830882923
-70.0
-70.0
-70.0
-70.0
-70.0
-70.0
-70.0
-70.0
-70.0
-70.0
-70.0
-64.0551193754
-60.6863536882
-58.9755491529
-58.3165481266
-58.3105959066
-58.6966713778
-59.3050942812
-60.0266448805
-60.7920204108
-61.5581783819
-70.0
-70.0
-70.0
-70.0
-70.0
-70.0
-70.0
-70.0
-70.0
-70.0
-70.0
-70.0
-70.0
-70.0
-70.0
-70.0
-70.0
-70.0
-63.0887480982
-59.1723720206
-57.1834673066
-70.0
-70.0
-70.0
-70.0
-70.0
-70.0
-70.0
-70.0
-70.0
-70.0
-70.0
-63.8439782118
-60.3555658652
-58.583999595
-57.9015931797
-57.8954295579
-58.2952170662
-58.9252490024
-59.6724265306
-60.4649854965
-70.0
-70.0
-70.0
-70.0
-70.0
-70.0
-70.0
-70.0
-70.0
-70.0
-70.0
-70.0
-70.0
-70.0
-70.0
-70.0
-70.0
-70.0
-70.0
-63.0628273717
-59.1317628824
-57.1353987593
-70.0
-70.0
-70.0
-70.0
-70.0
-70.0
-70.0
-70.0
-70.0
-70.0
-70.0
-64.4021050778
-61.2299646218
-59.6190148609
-58.9984778423
-58.9928730364
-59.356414385
-59.9293253813
-60.608761133
-61.3294638796
-62.0509033983
-70.0
-70.0
-70.0
-70.0
-70.0
-70.0
-70.0
-70.0
-70.0
-70.0
-70.0
-70.0
-70.0
-70.0
-70.0
-70.0
-70.0
-70.0
-63.0496799984
-59.1111653308
-57.1110176859
-70.0
-70.0
-70.0
-70.0
-70.0
-70.0
-70.0
-70.0
-70.0
-70.0
-70.0
-64.4086405528
-61.2402035327
-59.6311345362
-59.0113219871
-59.0057237247
-59.3688406431
-59.9410827728
-60.6197252914
-61.3395866263
-62.060183873
-70.0
-70.0
-70.0
-70.0
-70.0
-70.0
-70.0
-70.0
-70.0
-70.0
-70.0
-70.0
-70.0
-70.0
-70.0
-70.0
-70.0
-70.0
-63.0494550425
-59.1108128999
-62.4265986186
-70.0
-70.0
-70.0
-70.0
-70.0
-70.0
-70.0
-70.0
-70.0
-70.0
-70.0
-64.0761665735
-60.7193276319
-59.0145800125
-58.3579121071
-58.3519809603
-58.7366895735
-59.3429584223
-60.0619544509
-60.824620253
-61.5880657258
-70.0
-70.0
-70.0
-70.0
-70.0
-70.0
-70.0
-70.0
-70.0
-70.0
-70.0
-70.0
-70.0
-70.0
-70.0
-70.0
-70.0
-70.0
-63.101177955
-59.1918454628
-57.2065177854
-62.0541981285
-70.0
-70.0
-70.0
-70.0
-70.0
-70.0
-70.0
-70.0
-70.0
-70.0
-63.7778641587
-60.251987182
-58.4613947566
-57.7716594761
-57.7654296586
-58.1695107795
-58.8063090927
-59.5615111109
-60.3625819514
-70.0
-70.0
-70.0
-70.0
-70.0
-70.0
-70.0
-70.0
-70.0
-70.0
-70.0
-70.0
-70.0
-70.0
-70.0
-70.0
-70.0
-70.0
-70.0
-63.0648817443
-59.1349813995
-57.1392084792
-70.0
-70.0
-70.0
-70.0
-70.0
-70.0
-70.0
-70.0
-70.0
-70.0
-70.0
-64.502202713
-61.3867842504
-59.8046403644
-59.1951993541
-59.1896947694
-59.5467355263
-60.1094021295
-60.7766886871
-61.4845043321
-62.1930435747
-70.0
-70.0
-70.0
-70.0
-70.0
-70.0
-70.0
-70.0
-70.0
-70.0
-70.0
-70.0
-70.0
-70.0
-70.0
-70.0
-70.0
-70.0
-63.0502241882
-59.1120178948
-57.1120268556
-70.0
-70.0
-70.0
-70.0
-70.0
-70.0
-70.0
-70.0
-70.0
-70.0
-70.0
-64.1964159935
-60.9077183898
-59.2375758813
-58.5942378468
-58.5884270979
-58.9653264119
-59.5592884533
-60.2636893963
-61.0108736489
-61.7588217455
-70.0
-70.0
-70.0
-70.0
-70.0
-70.0
-70.0
-70.0
-70.0
-70.0
-70.0
-70.0
-70.0
-70.0
-70.0
-70.0
-70.0
-70.0
-63.0692675409
-59.1418524807
-57.1473416953
-70.0
-70.0
-70.0
-70.0
-70.0
-70.0
-70.0
-70.0
-70.0
-70.0
-70.0
-63.9500075693
-60.5216785253
-58.780625148
-58.1099722834
-58.1039148218
-58.4968165175
-59.1159969843
-59.8503053649
-60.6292135478
-61.4089180059
-70.0
-70.0
-70.0
-70.0
-70.0
-70.0
-70.0
-70.0
-70.0
-70.0
-70.0
-70.0
-70.0
-70.0
-70.0
-70.0
-70.0
-70.0
-63.1092517812
-59.2044944572
-57.2214902476
-57.9316870964
-70.0
-70.0
-70.0
-70.0
-70.0
-70.0
-70.0
-70.0
-70.0
-70.0
-63.9226186533
-60.4787692235
-58.7298339248
-58.0561449481
-58.0500600638
-58.4447404644
-59.0667240227
-59.8043566902
-60.5867910677
-64.1188063811
-70.0
-70.0
-70.0
-70.0
-70.0
-70.0
-70.0
-70.0
-70.0
-70.0
-70.0
-70.0
-70.0
-70.0
-70.0
-70.0
-70.0
-70.0
-63.0677231861
-59.1394329916
-57.1444777752
-70.0
-70.0
-70.0
-70.0
-70.0
-70.0
-70.0
-70.0
-70.0
-70.0
-70.0
-63.9415944932
-60.5084980394
-58.7650235658
-58.0934380961
-58.087372211
-58.480820273
-59.1008617677
-59.8361912723
-60.6161825993
-61.3969713089
-70.0
-70.0
-70.0
-70.0
-70.0
-70.0
-70.0
-70.0
-70.0
-70.0
-70.0
-70.0
-70.0
-70.0
-70.0
-70.0
-70.0
-70.0
-63.0728171821
-59.1474135852
-57.1539243076
-70.0
-70.0
-70.0
-70.0
-70.0
-70.0
-70.0
-70.0
-70.0
-70.0
-70.0
-64.2253644262
-60.9530709343
-59.2912591414
-58.6511300943
-58.6453483295
-59.0203676597
-59.6113670024
-60.3122543747
-61.0557116522
-61.7999289637
-70.0
-70.0
-70.0
-70.0
-70.0
-70.0
-70.0
-70.0
-70.0
-70.0
-70.0
-70.0
-70.0
-70.0
-70.0
-70.0
-70.0
-70.0
-63.0520972047
-59.1149522873
-59.1519395202
-70.0
-70.0
-70.0
-70.0
-70.0
-70.0
-70.0
-70.0
-70.0
-70.0
-70.0
-64.2470272486
-60.9870093561
-59.331431642
-58.6937039589
-58.6879438837
-59.0615563758
-59.6503386585
-60.3485967396
-61.0892650302
-61.8306905036
-70.0
-70.0
-70.0
-70.0
-70.0
-70.0
-70.0
-70.0
-70.0
-70.0
-70.0
-70.0
-70.0
-70.0
-70.0
-70.0
-70.0
-70.0
-63.093648591
-59.1800494592
-57.1925549982
-70.0
-70.0
-70.0
-70.0
-70.0
-70.0
-70.0
-70.0
-70.0
-70.0
-70.0
-63.8913410024
-60.4297675704
-58.6718312588
-57.9946750966
-57.988558896
-58.3852705458
-59.0104551842
-59.7518841277
-60.5383453563
-69.3643691464
-70.0
-70.0
-70.0
-70.0
-70.0
-70.0
-70.0
-70.0
-70.0
-70.0
-70.0
-70.0
-70.0
-70.0
-70.0
-70.0
-70.0
-70.0
-63.0658450041
-59.1364905064
-57.1409947909
-70.0
-70.0
-70.0
-70.0
-70.0
-70.0
-70.0
-70.0
-70.0
-70.0
-70.0
-64.1818632003
-60.8849190137
-59.2105885347
-58.5656372961
-58.5598119764
-58.9376563854
-59.5331078179
-60.2392750835
-60.9883329401
-61.738156556
-70.0
-70.0
-70.0
-70.0
-70.0
-70.0
-70.0
-70.0
-70.0
-70.0
-70.0
-70.0
-70.0
-70.0
-70.0
-70.0
-70.0
-70.0
-63.0512710788
-59.1136580235
-57.1139682562
-70.0
-70.0
-70.0
-70.0
-70.0
-70.0
-70.0
-70.0
-70.0
-70.0
-70.0
-64.4770772748
-61.3474210639
-59.7580466352
-59.1458204234
-59.1402906823
-59.4989631482
-60.0642011895
-60.7345373079
-61.4455877354
-62.1573650673
-70.0
-70.0
-70.0
-70.0
-70.0
-70.0
-70.0
-70.0
-70.0
-70.0
-70.0
-70.0
-70.0
-70.0
-70.0
-70.0
-70.0
-70.0
-63.0521910603
-59.1150993279
-58.9272211113
-70.0
-70.0
-70.0
-70.0
-70.0
-70.0
-70.0
-70.0
-70.0
-70.0
-70.0
-64.1885526935
-60.8953992199
-59.2229938283
-58.5787841325
-58.5729655105
-58.950375487
-59.54514229
-60.2504976288
-60.9986942445
-61.747655739
-70.0
-70.0
-70.0
-70.0
-70.0
-70.0
-70.0
-70.0
-70.0
-70.0
-70.0
-70.0
-70.0
-70.0
-70.0
-70.0
-70.0
-70.0
-63.1065219056
-59.2002176522
-57.216427845
-57.9871306959
-70.0
-70.0
-70.0
-70.0
-70.0
-70.0
-70.0
-70.0
-70.0
-70.0
-64.014204864
-60.622254287
-58.8996754645
-58.2361389889
-58.2301458039
-58.6188783661
-59.2314886245
-59.9580051588
-60.7286482407
-61.5000791485
-70.0
-70.0
-70.0
-70.0
-70.0
-70.0
-70.0
-70.0
-70.0
-70.0
-70.0
-70.0
-70.0
-70.0
-70.0
-70.0
-70.0
-70.0
-63.0733718783
-59.1482826093
-57.1549529609
-70.0
-70.0
-70.0
-70.0
-70.0
-70.0
-70.0
-70.0
-70.0
-70.0
-70.0
-64.2444681088
-60.9830000371
-59.3266858595
-58.688674491
-58.6829118535
-59.0566905425
-59.6457347379
-60.3443034305
-61.0853011984
-61.8270564858
-70.0
-70.0
-70.0
-70.0
-70.0
-70.0
-70.0
-70.0
-70.0
-70.0
-70.0
-70.0
-70.0
-70.0
-70.0
-70.0
-70.0
-70.0
-63.05197122
-59.1147549113
-57.115266629
-70.0
-70.0
-70.0
-70.0
-70.0
-70.0
-70.0
-70.0
-70.0
-70.0
-70.0
-64.5899218615
-61.5242109164
-59.9673106521
-59.3675934717
-59.3621767145
-59.7135207697
-60.2672098438
-60.9238496268
-61.6203718424
-62.3176061103
-70.0
-70.0
-70.0
-70.0
-70.0
-70.0
-70.0
-70.0
-70.0
-70.0
-70.0
-70.0
-70.0
-70.0
-70.0
-70.0
-70.0
-70.0
-63.0478273072
-59.1082627812
-59.7243779952
-70.0
-70.0
-70.0
-70.0
-70.0
-70.0
-70.0
-70.0
-70.0
-70.0
-70.0
-64.2020655388
-60.9165693441
-59.2480526492
-58.6053408772
-58.5995357848
-58.9760682032
-59.5694520475
-60.2731672858
-61.0196241859
-61.7668441865
-70.0
-70.0
-70.0
-70.0
-70.0
-70.0
-70.0
-70.0
-70.0
-70.0
-70.0
-70.0
-70.0
-70.0
