-70.0
-70.0
-70.0
-70.0
-70.0
-69.0
-68.4333333333
-67.59
-67.6045833333
-70.0
-70.0
-70.0
-70.0
-70.0
-70.0
-70.0
-70.0
-70.0
-70.0
-70.0
-70.0
-70.0
-70.0
-70.0
-64.059037205
-58.3591582879
-55.3272589947
0
-70.0
-70.0
-70.0
-70.0
-70.0
-70.0
-70.0
-70.0
-70.0
-70.0
-70.0
-70.0
-70.0
-70.0
-70.0
-70.0
-70.0
-70.0
-70.0
-70.0
-70.0
-70.0
-70.0
-69.1089614848
-68.6040396595
-68.3476185757
-68.2488453062
-68.2479531677
-61.6971499852
-62.6744885753
-70.0
-70.0
-70.0
-70.0
-70.0
-66.6471492112
-64.7472004308
-63.7823244816
-63.4106547627
-63.4072977725
-62.6260552786
-62.4031079396
-62.7558100344
-70.0
-70.0
-70.0
-70.0
-70.0
-70.0
-70.0
-70.0
-63.9421712739
-61.4703832201
-60.2716309471
-59.8766585518
-59.9771198295
-61.0217366992
-58.4649668507
-63.958837791
-70.0
-69.1079654395
-68.6024791886
-63.4603080635
-58.2596617864
-55.5306186272
-54.3755054442
-54.2032540195
-55.6241777058
0
-70.0
-70.0
-70.0
-70.0
-70.0
-70.0
-66.0728963572
-63.8475376263
-62.7174044668
-62.2820777556
-63.2521335088
-64.0590958438
-60.210272751
-64.9151984291
-70.0
-70.0
-70.0
-70.0
-70.0
-70.0
-70.0
-70.0
-70.0
-70.0
-70.0
-70.0
-70.0
-70.0
-70.0
-70.0
-70.0
-70.0
-70.0
-66.1190948944
-63.9199153346
-62.8030770875
-62.3728715697
-62.3689858734
-62.6210215931
-62.1060004671
-62.5157828858
-69.6975915122
-70.0
-70.0
-70.0
-70.0
-70.0
-70.0
-70.0
-70.0
-70.0
-70.0
-70.0
-70.0
-70.0
-70.0
-70.0
-70.0
-70.0
-70.0
-70.0
-70.0
-70.0
-63.4628195359
-60.4368639161
-67.4974509932
-70.0
-70.0
-70.0
-70.0
-68.0514369416
-66.9472512085
-66.3864980616
-66.1704962382
-66.9710144053
-67.552291492
-67.9826480277
-68.3081070148
-70.0
-70.0
-70.0
-70.0
-70.0
-70.0
-69.6795948634
-69.4980319527
-69.4058264745
-69.3703089718
-69.3699881711
-69.390796085
-70.0
-64.9056613538
-69.3673270749
-70.0
-70.0
-70.0
-70.0
-70.0
-65.896603682
-63.5713457684
-62.3904794947
-61.9356104139
-62.9237946051
-63.7525786329
-65.1224231742
-70.0
-70.0
-70.0
-70.0
-70.0
-70.0
-70.0
-70.0
-70.0
-70.0
-70.0
-70.0
-70.0
-70.0
-65.2321202715
-70.0
-70.0
-70.0
-70.0
-70.0
-70.0
-70.0
-70.0
-70.0
-70.0
-70.0
-70.0
-70.0
-70.0
-70.0
-70.0
-70.0
-70.0
-70.0
-70.0
-70.0
-70.0
-70.0
-70.0
-70.0
-70.0
-70.0
-70.0
-70.0
-70.0
-70.0
-70.0
-70.0
-70.0
-70.0
-70.0
-70.0
-69.7568069641
-69.6189975771
-69.5490120256
-63.3892747871
-67.6150482241
-70.0
-70.0
-70.0
-70.0
-70.0
-70.0
-70.0
-70.0
-70.0
-70.0
-70.0
-70.0
-70.0
-70.0
-70.0
-70.0
-70.0
-69.4031902396
-69.0649980421
-64.2018914308
-61.4772977497
-60.126631616
-59.6453442153
-54.9966515219
0
-70.0
-70.0
-70.0
-70.0
-70.0
-70.0
-70.0
-70.0
-70.0
-70.0
-64.1326798589
-61.8027268811
-61.0113308651
-60.83611556
-63.9173245692
-70.0
-70.0
-70.0
-70.0
-70.0
-70.0
-70.0
-70.0
-70.0
-70.0
-69.8481874876
-69.7621603973
-70.0
-70.0
-70.0
-70.0
-70.0
-70.0
-70.0
-70.0
-70.0
-70.0
-70.0
-70.0
-70.0
-70.0
-70.0
-70.0
-70.0
-70.0
-70.0
-70.0
-70.0
-70.0
-70.0
-70.0
-70.0
-69.5274517618
-69.2596744268
-69.123685545
-70.0
-70.0
-70.0
-70.0
-70.0
-70.0
-70.0
-70.0
-70.0
-69.9012753367
-62.5120001641
-55.9947017218
0
-70.0
-70.0
-70.0
-70.0
-70.0
-70.0
-70.0
-70.0
-70.0
-70.0
-70.0
-70.0
-70.0
-70.0
-70.0
-70.0
-70.0
-70.0
-70.0
-70.0
-70.0
-70.0
-70.0
-70.0
-70.0
-70.0
-70.0
-70.0
-70.0
-70.0
-70.0
-70.0
-70.0
-70.0
-70.0
-70.0
-70.0
-70.0
-70.0
-69.6510823529
-69.4533623528
-69.5742015877
-70.0
-70.0
-70.0
-70.0
-66.3144375932
-64.4010911183
-62.6372443936
-61.8243615456
-61.6091531187
-62.7594222299
-64.5788573013
-69.2260509869
-70.0
-70.0
-70.0
-70.0
-70.0
-70.0
-70.0
-70.0
-69.5466151173
-69.2896970171
-62.1639593995
-59.6723612523
-62.1104798286
-68.2447013273
-70.0
-70.0
-70.0
-65.3285171147
-62.6813434798
-61.3369945161
-60.8191519874
-61.726683242
-61.5504047075
-61.7262907632
-62.1076127045
-67.170377244
-70.0
-70.0
-70.0
-70.0
-68.9421797713
-66.0094149751
-65.3712145782
-65.1425871875
-65.1673245135
-64.4749433348
-64.243683183
-57.9113447856
-54.7223255998
-57.660496927
-61.1103312897
-66.9706142054
-70.0
-70.0
-70.0
-70.0
-70.0
-70.0
-70.0
-70.0
-64.271425941
-61.0252339742
-59.3766776617
-62.25306429
-70.0
-70.0
-70.0
-70.0
-70.0
-70.0
-70.0
-70.0
-70.0
-70.0
-70.0
-70.0
-70.0
-70.0
-70.0
-70.0
-70.0
-70.0
-70.0
-70.0
-70.0
-70.0
-70.0
-70.0
-69.5159711888
-69.2416881957
-69.10239546
-69.04873997
-69.0482553436
-70.0
-70.0
-70.0
-70.0
-70.0
-70.0
-70.0
-70.0
-70.0
-70.0
-70.0
-70.0
-63.4552555803
-60.7205547809
-59.3890491419
-61.3147944104
-70.0
-70.0
-70.0
-70.0
-70.0
-70.0
-70.0
-70.0
-70.0
-70.0
-69.70681258
-69.540673042
-68.9007446623
-69.6559327012
-70.0
-70.0
-70.0
-70.0
-70.0
-70.0
-70.0
-70.0
-70.0
-70.0
-69.4033462149
-69.0652424034
-68.893538703
-70.0
-70.0
-70.0
-70.0
-70.0
-70.0
-70.0
-70.0
-70.0
-70.0
-70.0
-70.0
-62.7169043126
-58.5898167563
-58.2631341083
-65.8343877014
-70.0
-70.0
-70.0
-70.0
-70.0
-70.0
-70.0
-70.0
-70.0
-70.0
-70.0
-64.7556826303
-70.0
-70.0
-70.0
-70.0
-70.0
-70.0
-70.0
-70.0
-70.0
-70.0
-70.0
-70.0
-70.0
-70.0
-70.0
-70.0
-70.0
-70.0
-70.0
-70.0
-70.0
-70.0
-70.0
-70.0
-69.5264471391
-70.0
-70.0
-70.0
-70.0
-70.0
-70.0
-70.0
-70.0
-70.0
-70.0
-70.0
-70.0
-70.0
-70.0
-70.0
-70.0
-70.0
-70.0
-70.0
-70.0
-70.0
-70.0
-70.0
-70.0
-70.0
-70.0
-70.0
-70.0
-70.0
-66.3386782127
-69.6289367798
-70.0
-70.0
-70.0
-70.0
-70.0
-70.0
-70.0
-70.0
-70.0
-70.0
-70.0
-70.0
-70.0
-70.0
-70.0
-70.0
-66.3851339054
-64.3367097852
-63.2964316535
-62.8957170527
-62.8920977238
-63.1268562024
-63.4968160828
-63.9355648082
-67.9579194121
-70.0
-70.0
-70.0
-70.0
-70.0
-70.0
-70.0
-70.0
-70.0
-70.0
-70.0
-70.0
-70.0
-70.0
-70.0
-70.0
-70.0
-70.0
-70.0
-70.0
-70.0
-65.8611298608
-63.5157701152
-62.324695264
-61.8658938445
-61.8617498646
-62.1305384812
-55.1689682302
-57.0273273008
-68.0667520626
-70.0
-70.0
-70.0
-66.9649625393
-65.2451079782
-64.3716916423
-64.0352521193
-65.0311983757
-65.7943928503
-66.3924964401
-66.8716087126
-64.8456140943
-69.728040194
-70.0
-70.0
-70.0
-70.0
-70.0
-70.0
-70.0
-70.0
-70.0
-70.0
-70.0
-70.0
-70.0
-70.0
-70.0
-70.0
-70.0
-70.0
-70.0
-70.0
-70.0
-64.7758577582
-61.8155104878
-59.3172566738
-58.3900321179
-60.777253007
-66.583557786
-70.0
-70.0
-70.0
-66.8802664794
-65.1124174845
-63.6590719491
-62.9984288963
-57.2181448174
0
-70.0
-70.0
-70.0
-70.0
-70.0
-70.0
-70.0
-70.0
-70.0
-70.0
-64.7301184369
-61.7438522179
-60.2272974125
-59.6431212822
-60.0704300781
-66.6235936697
-70.0
-70.0
-70.0
-70.0
-70.0
-70.0
-70.0
-70.0
-70.0
-70.0
-63.4917573096
-59.8037531184
-58.3573850549
-60.5647195608
-64.3489675035
-70.0
-70.0
-70.0
-70.0
-70.0
-70.0
-65.5880462424
-63.087939113
-61.818276865
-55.4032777126
0
-70.0
-70.0
-70.0
-70.0
-70.0
-70.0
-70.0
-70.0
-70.0
-70.0
-70.0
-70.0
-70.0
-70.0
-70.0
-70.0
-70.0
-70.0
-70.0
-70.0
-70.0
-70.0
-70.0
-70.0
-70.0
-64.2351737058
-57.7667927152
-54.9972414008
0
-70.0
-70.0
-70.0
-70.0
-70.0
-70.0
-70.0
-70.0
-66.1437760301
-62.9845947421
-61.3229328112
-61.6100329945
-62.0619586714
-63.1532710107
-64.2590327138
-70.0
-70.0
-70.0
-70.0
-70.0
-70.0
-70.0
-70.0
-70.0
-70.0
-70.0
-70.0
-70.0
-70.0
-70.0
-70.0
-70.0
-70.0
-70.0
-66.3554123676
-64.2901460425
-59.3524258239
-56.7447128319
-55.6219279423
-55.4275260771
-56.2248710813
-61.8468292708
-70.0
-70.0
-70.0
-70.0
-70.0
-64.6433663935
-61.6079406831
-60.0664205675
-55.5076834443
0
-70.0
-70.0
-70.0
-70.0
-70.0
-70.0
-70.0
-70.0
-70.0
-64.87141353
-61.9652145303
-59.4899979523
0
-70.0
-70.0
-70.0
-70.0
-70.0
-70.0
-70.0
-70.0
-70.0
-70.0
-65.1289782956
-62.3687326631
-60.9669608615
-60.4269990851
-61.9772175995
-70.0
-70.0
-70.0
-70.0
-70.0
-65.4746489527
-62.9102833593
-61.6079878913
-61.1063443474
-61.1343287781
-55.3684525101
0
-70.0
-70.0
-70.0
-70.0
-70.0
-70.0
-70.0
-70.0
-70.0
-70.0
-70.0
-70.0
-70.0
-69.2481992622
-70.0
-70.0
-70.0
-70.0
-70.0
-70.0
-70.0
-70.0
-70.0
-70.0
-70.0
-70.0
-70.0
-70.0
-70.0
-70.0
-70.0
-70.0
-70.0
-70.0
-70.0
-70.0
-70.0
-70.0
-70.0
-70.0
-70.0
-70.0
-69.3342848972
-70.0
-70.0
-70.0
-70.0
-70.0
-70.0
-70.0
-70.0
-70.0
-70.0
-70.0
-70.0
-70.0
-70.0
-70.0
-70.0
-70.0
-70.0
-70.0
-70.0
-70.0
-70.0
-70.0
-70.0
-70.0
-70.0
-70.0
-70.0
-70.0
-70.0
-70.0
-70.0
-64.9307832408
-62.0582270772
-60.5994191432
-60.037487078
-60.032411603
-60.8063631616
-61.8946963446
-63.1181244393
-70.0
-70.0
-69.6543742943
-69.4585197277
-69.3590563302
-70.0
-70.0
-69.3664145796
-68.6740495081
-68.3028288149
-68.1366687718
-68.0990837869
-69.2370511913
-70.0
-70.0
-70.0
-70.0
-69.2534729035
-68.8304408822
-68.6156069733
-68.5328530622
-67.5372438445
-67.0219701858
-66.812073651
-66.7923999418
-68.1949439673
-67.2632294109
-70.0
-70.0
-70.0
-70.0
-70.0
-70.0
-70.0
-69.9810516413
-69.970314238
-69.9648613214
-69.9627608607
-70.0
-70.0
-70.0
-70.0
-70.0
-70.0
-70.0
-64.2476859049
-60.6547079177
-58.4770975282
-57.5546280435
-57.4159920846
0
-70.0
-70.0
-70.0
-70.0
-70.0
-70.0
-70.0
-70.0
-70.0
-70.0
-70.0
-64.8593262009
-61.9462777148
-60.4669060326
-54.9711268963
-56.4306368429
-62.6975458965
-70.0
-70.0
-70.0
-70.0
-70.0
-70.0
-70.0
-69.6468828498
-69.4467831314
-68.7896083071
-61.4716174198
-58.4973259744
-64.3467440748
-70.0
-70.0
-70.0
-70.0
-70.0
-70.0
-70.0
-70.0
-70.0
-70.0
-70.0
-70.0
-70.0
-70.0
-70.0
-70.0
-70.0
-70.0
-70.0
-70.0
-70.0
-70.0
-62.8847047163
-58.8527040555
-56.8050801905
-58.3929362428
-65.2158623619
-70.0
-70.0
-70.0
-70.0
-66.3432569575
-64.2711025667
-63.2187731801
-62.8134164421
-62.8097551845
-63.0472332572
-63.4214789922
-57.4928788385
-56.7830781562
-64.1925960583
-65.2773280999
-66.5058576803
-67.5387986911
-69.2390809023
-70.0
-70.0
-70.0
-70.0
-63.6292327446
-59.6824293996
-58.9403277043
-63.4017995744
-70.0
-70.0
-70.0
-70.0
-70.0
-70.0
-70.0
-70.0
-70.0
-70.0
-70.0
-70.0
-70.0
-70.0
-70.0
-70.0
-70.0
-70.0
-70.0
-70.0
-70.0
-70.0
-63.6854263629
-60.1071679686
-58.2899739997
-58.6695743069
-62.5215879315
-66.8242866772
-70.0
-70.0
-70.0
-70.0
-70.0
-65.6617433248
-60.8700645422
-58.2993884546
-57.1470031869
-56.8840052533
-57.6035866361
-59.7832836931
-70.0
-70.0
-70.0
-70.0
-70.0
-70.0
-70.0
-70.0
-70.0
-70.0
-70.0
-69.4541375335
-69.1448154691
-69.6699960707
-70.0
-70.0
-70.0
-70.0
-70.0
-70.0
-70.0
-70.0
-70.0
-69.9751118164
-62.6277116847
-59.4390022547
-58.9554095094
-60.0086154505
-70.0
-70.0
-70.0
-70.0
-70.0
-70.0
-65.4520523353
-62.874881992
-57.6771948308
-54.9693427063
0
-70.0
-70.0
-70.0
-70.0
-70.0
-70.0
-70.0
-70.0
-70.0
-70.0
-70.0
-70.0
-70.0
-70.0
-70.0
-70.0
-70.0
-70.0
-70.0
-70.0
-70.0
-70.0
-70.0
-70.0
-63.8879049146
-60.4243843661
-58.6654592249
-58.1926640574
-59.4244040436
-64.6328238174
-70.0
-70.0
-70.0
-67.0545481728
-65.385458804
-64.5378232226
-64.9150181367
-65.644167814
-66.8830826274
-70.0
-70.0
-70.0
-70.0
-70.0
-70.0
-70.0
-70.0
-70.0
-69.8344985056
-69.7407143254
-62.7001913878
-59.1534110572
-58.0226498748
-58.8766695508
-66.0849001408
-70.0
-70.0
-70.0
-70.0
-70.0
-70.0
-70.0
-70.0
-70.0
-70.0
-70.0
-70.0
-70.0
-70.0
-70.0
-70.0
-70.0
-70.0
-69.8777504602
-69.808475721
-69.7732950202
-69.7597434323
-69.7596210318
-69.7675602238
-62.0499492909
-59.4121045446
-67.1472865428
-70.0
-70.0
-70.0
-70.0
-67.3133479254
-65.7909117498
-66.0176638813
-66.2864596975
-66.571521864
-66.8568417684
-67.1328056521
-60.0433200216
-58.9225559525
-68.305691282
-70.0
-70.0
-70.0
-68.9312315846
-68.3255961492
-68.0180283496
-67.8995533916
-67.8984833037
-67.9678918075
-68.0772738496
-67.2330062413
-66.8186788017
-67.6709881468
-69.9904274993
-70.0
-70.0
-70.0
-70.0
-70.0
-70.0
-70.0
-64.4342649216
-61.2803483772
-59.6786535047
-59.0616814643
-59.2706087598
-61.4664682331
-64.8124168794
-69.5961206547
-70.0
-70.0
-68.8187083897
-68.576293347
-69.3826361935
-69.8870206949
-64.576133422
-61.5703966109
-56.3765330347
0
-70.0
-70.0
-70.0
-70.0
-70.0
-70.0
-70.0
-70.0
-70.0
-70.0
-70.0
-70.0
-70.0
-70.0
-70.0
-70.0
-70.0
-70.0
-70.0
-70.0
-70.0
-70.0
-70.0
-70.0
-63.4857731374
-59.7943779153
-62.720779232
-70.0
-70.0
-70.0
-70.0
-70.0
-70.0
-70.0
-70.0
-70.0
-70.0
-70.0
-69.3466688795
-70.0
-70.0
-70.0
-70.0
-70.0
-70.0
-70.0
-70.0
-70.0
-70.0
-70.0
-70.0
-70.0
-70.0
-70.0
-70.0
-70.0
-70.0
-70.0
-70.0
-70.0
-70.0
-70.0
-63.979269319
-60.5675219331
-58.8348894371
-58.1674802916
-59.0107056395
-67.5897822776
-70.0
-70.0
-70.0
-70.0
-70.0
-70.0
-70.0
-70.0
-69.7506629015
-69.609371879
-69.5376182029
-62.6313694332
-59.1757411598
-63.751032171
-70.0
-70.0
-70.0
-70.0
-70.0
-70.0
-70.0
-70.0
-70.0
-70.0
-70.0
-70.0
-70.0
-70.0
-70.0
-70.0
-70.0
-70.0
-70.0
-70.0
-70.0
-70.0
-64.3520852673
-61.1516002522
-59.5262559013
-58.9001740941
-58.0262064495
-57.9009523143
-58.3570159025
-60.0913168445
-61.8587653657
-68.6512045681
-70.0
-70.0
-70.0
-70.0
-70.0
-70.0
-70.0
-70.0
-70.0
-70.0
-70.0
-70.0
-70.0
-70.0
-70.0
-68.1619371564
-67.1203682117
-66.5914145712
-66.3876619011
-66.3858215691
-65.5074736425
-66.1128742352
-60.0153790939
-58.2439511292
-61.8468230829
-67.9229362647
-70.0
-70.0
-70.0
-70.0
-70.0
-70.0
-69.5971224704
-69.3688252036
-69.2528860034
-69.2082262831
-70.0
-70.0
-70.0
-70.0
-70.0
-67.2582785627
-65.7046364149
-65.9151788195
-66.1776649682
-66.4625678251
-65.7904423875
-65.1941523786
-64.996573294
-68.8684614338
-70.0
-70.0
-70.0
-70.0
-70.0
-70.0
-70.0
-70.0
-70.0
-70.0
-70.0
-70.0
-63.189615519
-59.3303976465
-57.0644216534
-64.8685293518
-70.0
-70.0
-70.0
-70.0
-70.0
-70.0
-70.0
-70.0
-70.0
-70.0
-69.6461349187
-64.6717990161
-69.624784773
-70.0
-70.0
-70.0
-70.0
-70.0
-70.0
-70.0
-70.0
-63.6411001086
-60.0377235035
-58.2077734236
-57.7380509538
0
-70.0
-70.0
-70.0
-70.0
-70.0
-70.0
-70.0
-70.0
-70.0
-64.8234443243
-61.8900627748
-61.2686778431
-61.186890956
-57.8136020111
-59.9030049086
-66.6539669479
-70.0
-70.0
-66.8014809983
-64.9889868974
-64.0685242069
-63.0102587487
-62.6082908488
-62.6135004139
-62.8628428058
-56.6600471251
-54.2436415981
-57.1510452293
-63.7126238542
-70.0
-70.0
-70.0
-70.0
-70.0
-70.0
-70.0
-70.0
-70.0
-70.0
-70.0
-70.0
-70.0
-70.0
-70.0
-70.0
-65.4712840222
-62.9050116347
-62.4042169502
-62.3569329078
-62.5833313855
-63.1868485521
-65.9174838167
-70.0
-70.0
-70.0
-70.0
-70.0
-70.0
-70.0
-70.0
-70.0
-70.0
-70.0
-70.0
-70.0
-70.0
-70.0
-70.0
-70.0
-70.0
-70.0
-70.0
-70.0
-70.0
-70.0
-70.0
-70.0
-63.4170865017
-59.6867688526
-59.5063550613
-66.4684162633
-70.0
-70.0
-70.0
-70.0
-70.0
-69.9490401021
-70.0
-70.0
-70.0
-70.0
-69.420972042
-69.0928561991
-69.5796225821
-70.0
-70.0
-68.2158163042
-69.2195965423
-65.3944081846
-64.2412538772
-63.7413194969
-58.7240556262
-56.0895621162
-54.972547273
-54.7542552795
-55.8099733867
-60.642013292
-70.0
-70.0
-69.1704786932
-66.7863292291
-65.4629619096
-64.8201761209
-64.6071654437
-63.6764617191
-63.3288240938
-63.3426140488
-64.7048691745
-68.2663067332
-67.463773543
-68.7763035765
-69.3027901622
-70.0
-70.0
-70.0
-70.0
-69.4248010899
-69.0988550408
-63.3828155029
-60.8634438187
-67.4454984561
-70.0
-70.0
-70.0
-66.3415333893
-64.2684023098
-63.2155769185
-62.8100291198
-62.8063661366
-63.0439561421
-63.418378274
-63.862418944
-64.3334293812
-65.0239213291
-70.0
-70.0
-70.0
-70.0
-70.0
-70.0
-70.0
-70.0
-70.0
-70.0
-70.0
-70.0
-70.0
-70.0
-70.0
-70.0
-70.0
-70.0
-70.0
-70.0
-67.3343435905
-65.8238049585
-65.0566882807
-64.7611953313
-59.1412424333
0
-70.0
-70.0
-70.0
-70.0
-70.0
-70.0
-70.0
-69.7429854846
-70.0
-70.0
-70.0
-70.0
-70.0
-69.6402493048
-69.5409313924
-70.0
-70.0
-70.0
-70.0
-70.0
-70.0
-64.4665853897
-61.3309837772
-59.7385900171
-59.1252007605
0
-70.0
-70.0
-70.0
-70.0
-70.0
-70.0
-70.0
-70.0
-65.7115157866
-64.1935832371
-63.4763709329
-63.2634978526
-64.0640277797
-64.7422114766
-68.4186875158
-70.0
-70.0
-70.0
-70.0
-70.0
-70.0
-70.0
-70.0
-70.0
-70.0
-70.0
-63.0654062989
-59.7785234554
-60.7710009951
-68.4924655422
-70.0
-70.0
-70.0
-70.0
-70.0
-70.0
-70.0
-70.0
-70.0
-70.0
-63.8168856498
-67.5449291861
-70.0
-70.0
-70.0
-70.0
-70.0
-65.052318183
-62.2486318201
-57.8968916105
-55.689284431
-54.8417439756
-54.8384949032
-56.1721386088
-58.5280054301
-63.4939798105
-66.6985626775
-63.8054343826
-62.9797466299
-63.0516757572
-63.3264440418
-58.0964729271
-55.3552744941
-54.1987129512
0
-70.0
-70.0
-70.0
-70.0
-70.0
-70.0
-70.0
-70.0
-70.0
-70.0
-69.7794937489
-69.6545402065
-70.0
-70.0
-70.0
-70.0
-70.0
-70.0
-70.0
-70.0
-70.0
-70.0
-70.0
-70.0
-70.0
-70.0
-70.0
-70.0
-70.0
-70.0
-70.0
-70.0
-70.0
-70.0
-70.0
-69.5513354285
-69.2970921713
-70.0
-70.0
-70.0
-70.0
-70.0
-70.0
-70.0
-70.0
-70.0
-70.0
-70.0
-70.0
-70.0
-70.0
-69.9075136975
-62.8572098933
-59.8635981755
-58.4053112057
-58.1014896812
-62.3880953497
-70.0
-70.0
-70.0
-70.0
-70.0
-70.0
-70.0
-70.0
-70.0
-70.0
-70.0
-70.0
-70.0
-70.0
-70.0
-70.0
-70.0
-70.0
-70.0
-70.0
-70.0
-70.0
-70.0
-70.0
-65.6676291951
-70.0
-70.0
-70.0
-70.0
-70.0
-70.0
-70.0
-70.0
-70.0
-70.0
-70.0
-70.0
-70.0
-70.0
-70.0
-70.0
-70.0
-70.0
-70.0
-70.0
-70.0
-70.0
-70.0
-70.0
-70.0
-70.0
-70.0
-70.0
-70.0
-70.0
-70.0
-70.0
-70.0
-70.0
-70.0
-70.0
-70.0
-70.0
-70.0
-70.0
-70.0
-70.0
-70.0
-70.0
-70.0
-70.0
-70.0
-70.0
-70.0
-70.0
-70.0
-70.0
-70.0
-63.3286442648
-57.2148760149
-54.4185625593
-55.4236125174
-60.8605297782
-70.0
-70.0
-70.0
-70.0
-70.0
-70.0
-70.0
-70.0
-70.0
-69.8716929571
-69.7989856328
-69.7620617171
-69.7478386438
-69.1668465016
-70.0
-70.0
-70.0
-70.0
-70.0
-70.0
-70.0
-65.4746307397
-62.9102548256
-57.7190652274
-55.0137159609
0
-70.0
-70.0
-70.0
-70.0
-70.0
-70.0
-70.0
-70.0
-70.0
-70.0
-70.0
-70.0
-70.0
-70.0
-70.0
-70.0
-63.9039230804
-63.4380222922
-70.0
-70.0
-70.0
-70.0
-70.0
-70.0
-70.0
-70.0
-70.0
-70.0
-70.0
-70.0
-70.0
-70.0
-70.0
-70.0
-70.0
-70.0
-70.0
-70.0
-70.0
-70.0
-70.0
-64.3700378916
-61.8332692664
-64.5273125948
-69.1557472452
-67.8688992542
-67.3214104844
-67.0822035397
-62.110013329
-59.3896987583
-58.1111867239
-57.7403732791
-57.9265394363
