-70.0
-70.0
-70.0
-69.0
-68.4333333333
-61.1455555556
-56.3643333333
-54.9501222222
-54.8327581481
-57.3086644321
-58.6472835856
-60.1823789582
-61.5710791053
-63.5974717283
-65.0267249111
-66.6483386653
-68.5607782764
-70.0
-70.0
-64.4566449728
-60.3327519873
-59.1416393542
-59.93532728
-60.9457791262
-62.0454213823
-63.9661831662
-66.7266899829
-60.9715389443
-59.244037635
-59.3994234149
-59.8460074357
-60.6686495376
-55.3950905137
0
-70.0
-70.0
-70.0
-70.0
-69.3662316439
-70.0
-70.0
-70.0
-65.4927290809
-62.8861900549
-61.5593936374
-61.0446693323
-61.9758181081
-57.2498652199
-54.8392979796
0
-70.0
-70.0
-70.0
-70.0
-70.0
-70.0
-70.0
-70.0
-70.0
-70.0
-70.0
-70.0
-65.3520419875
-63.2094522086
-62.1502499343
-60.8023992001
-60.300275453
-60.7141714275
-61.4598603625
-62.7833078705
-64.2564370913
-65.0175467796
-65.8289647928
-66.8122451694
-67.1877849061
-67.3803058214
-68.2535800075
-69.8666822089
-64.1945889724
-58.6515133981
-55.7039509403
-54.6079700392
-54.8595043846
-55.8974026894
-57.2555478044
0
-70.0
-70.0
-70.0
-70.0
-70.0
-70.0
-69.8109656696
-70.0
-70.0
-70.0
-63.8861292994
-61.3825841267
-60.0624236215
-61.2748664282
-63.9819455737
-66.8578663583
-62.3026970835
-59.8261722825
-58.8662893134
-59.0550614109
-59.9254340763
-61.5417156801
-56.4079679194
0
-70.0
-70.0
-70.0
-70.0
-70.0
-70.0
-70.0
-69.5896155043
-69.3570642901
-69.2389647519
-69.5742602157
-70.0
-70.0
-65.0389719345
-62.7855038354
-62.252614771
-62.5863410077
-63.6459714329
-64.6789570189
-64.672650977
-65.0190228131
-64.8373229321
-64.9003922391
-65.1082207486
-65.3959771628
-59.2048858875
-56.8288757064
-57.3917769856
-59.138101742
-61.3306504054
-63.1370406393
-64.4496400916
-65.5949432415
-59.7020894529
-57.4511132011
-56.8934401182
-58.1922510662
0
-70.0
-70.0
-70.0
-70.0
-70.0
-62.9413427187
-59.3396159382
-57.5339260054
-57.0518590631
0
-70.0
-70.0
-70.0
-70.0
-70.0
-70.0
-70.0
-70.0
-65.266336077
-62.3886548691
-61.7130355789
-62.5129968355
-63.6498391101
-65.8173594298
-67.424660258
-68.6711823951
-69.86805816
-70.0
-70.0
-65.0742783252
-62.6746059889
-61.8732799414
-61.8486041768
-62.4649933936
-63.0859938106
-64.0638437413
-64.2370917687
-64.9022905318
-65.6633333506
-66.8994537382
-68.778380057
-70.0
-64.5261915402
-61.4243667463
-59.8491263117
-59.2423445073
-58.2542054709
-58.1126312826
-59.203774345
-61.4728309903
-64.3327487212
-66.3991077358
-67.7589528866
-68.6495615476
-69.2289413592
-69.6022712009
-62.8635051443
-59.4619930783
-58.3594312202
-59.132755602
-60.1808268606
-61.3499469181
-62.7682698742
-63.2084075435
-63.6988765603
-64.2031954184
-65.8983110414
-68.4253727555
-63.2467987851
-61.0684648137
-60.4517282501
-61.0265040074
-56.4592233247
-54.1702141376
0
-70.0
-70.0
-70.0
-70.0
-70.0
-70.0
-70.0
-70.0
-70.0
-70.0
-70.0
-70.0
-70.0
-70.0
-70.0
-70.0
-64.078925781
-61.1081823213
-59.6221301681
-59.4586788994
-59.9203914553
-61.5254829791
-63.1778905171
-65.4564299075
-67.4830436138
-68.9706465139
-63.4114334195
-58.5049594308
-54.9465267148
0
-70.0
-70.0
-70.0
-70.0
-67.4465941921
-66.1657753454
-66.3940144119
-67.0492108694
-61.4624990812
-59.292609556
-58.9374217699
-54.9581062367
0
-70.0
-70.0
-70.0
-70.0
-70.0
-70.0
-70.0
-70.0
-70.0
-70.0
-70.0
-70.0
-70.0
-70.0
-63.5893205291
-59.9566021623
-58.3244267906
-57.2365347076
-57.393657658
-58.3418681948
-60.7225204698
-63.7674713978
-66.4396400866
-62.2048625461
-60.5916962504
-60.1392893141
-55.2706095825
0
-70.0
-70.0
-70.0
-70.0
-66.9412450764
-66.2149428578
-67.4376966501
-68.7366571852
-69.7670659049
-70.0
-70.0
-70.0
-63.9947486903
-61.6185410729
-61.0563697746
-62.2035741062
-63.3489957332
-64.2579488516
-64.9947224276
-65.6036291589
-66.1155188924
-66.5521354361
-66.9290341811
-67.2827431189
-69.8333152515
-70.0
-70.0
-70.0
-70.0
-63.8792502445
-60.4108253831
-58.6494096202
-57.970913175
0
-70.0
-70.0
-70.0
-70.0
-65.3541478676
-62.046817061
-60.327524675
-59.6183650876
-59.5389238322
-60.432765916
-60.6116655444
-61.429336787
-62.2451903867
-63.9894020661
-65.4358119704
-66.455797514
-67.185928923
-67.7178101376
-61.3588400596
-58.8866086601
-59.3951905385
-60.773396063
-62.2113450645
-64.3337362956
-66.4304351767
-68.0133710694
-69.4377979767
-70.0
-70.0
-70.0
-70.0
-70.0
-70.0
-70.0
-70.0
-64.9298600936
-62.3957108544
-60.1287867206
-59.0976726829
0
-70.0
-70.0
-70.0
-70.0
-70.0
-70.0
-70.0
-70.0
-70.0
-70.0
-70.0
-70.0
-70.0
-70.0
-70.0
-70.0
-70.0
-70.0
-70.0
-70.0
-70.0
-70.0
-70.0
-70.0
-70.0
-70.0
-70.0
-70.0
-70.0
-70.0
-70.0
-70.0
-63.9227686985
-60.8620487235
-59.5318305694
-54.591760146
0
-70.0
-70.0
-70.0
-70.0
-70.0
-70.0
-65.4961152322
-63.149457357
-62.1569316802
-61.8228518848
-60.9827671065
-60.7792906694
-61.1742126383
-62.3156424641
-65.2182018363
-68.0798543622
-63.4676126194
-60.6208175576
-59.8335751378
-59.4789716259
-60.2324343642
-61.40057318
-63.0639340641
-64.2931527924
-65.2209122696
-65.9368708803
-66.5018836841
-67.1583954662
-68.4229835671
-70.0
-70.0
-70.0
-64.4961162097
-60.9410474027
-59.1099712052
-58.3743264464
-58.7159740586
-59.6668344783
-60.982150692
-62.0719353971
-57.262527497
-55.134798507
-54.9153219387
-56.7173776655
-54.5739171032
-54.2107734045
-54.5191947385
-55.220274381
-57.1377981214
-59.4892942373
-60.4645210214
-63.1032653636
-65.8798567249
-67.6831496509
-69.0688058929
-70.0
-70.0
-63.2113168602
-59.560223306
-57.9381049974
-58.3654804781
-59.6364502643
-62.1107532266
-63.989726563
-66.4694311749
-67.7127625884
-62.5058805118
-60.3887661361
-59.6418125371
-59.5389132931
-60.0305657088
-61.4936708521
-63.8964825647
-65.5416201735
-67.1843850536
-68.4651870852
-70.0
-70.0
-70.0
-70.0
-70.0
-70.0
-70.0
-70.0
-70.0
-70.0
-70.0
-70.0
-70.0
-70.0
-70.0
-70.0
-70.0
-70.0
-70.0
-70.0
-70.0
-70.0
-70.0
-70.0
-69.9211054847
-69.8763985927
-69.8536945044
-70.0
-70.0
-70.0
-70.0
-70.0
-70.0
-70.0
-70.0
-64.8433178418
-61.9211979522
-60.43721942
-60.0704759444
-59.1836976525
-59.6350959709
-62.1855287377
-64.1852776318
-66.895303322
-62.3248434513
-60.4532444421
-59.6485102218
-59.697293423
-60.4809395711
-62.1367420315
-63.3923321067
-64.5721914296
-65.6688197615
-67.2783119489
-68.9265070757
-69.5535206717
-70.0
-70.0
-70.0
-70.0
-70.0
-70.0
-70.0
-70.0
-70.0
-70.0
-70.0
-70.0
-70.0
-65.4090719774
-62.9991076355
-62.1822719065
-61.9527614055
-62.4898554991
-57.5866222426
-55.4437816204
0
-70.0
-70.0
-70.0
-70.0
-70.0
-70.0
-70.0
-70.0
-70.0
-70.0
-70.0
-70.0
-70.0
-65.9447846757
-63.8399217147
-63.3378954365
-63.4821780338
-63.7860083244
-65.0679704189
-66.3980477852
-67.3161592788
-68.5893726866
-69.9629080659
-70.0
-70.0
-70.0
-70.0
-70.0
-70.0
-70.0
-70.0
-70.0
-70.0
-63.7222369436
-57.2759489894
0
-70.0
-70.0
-70.0
-70.0
-70.0
-70.0
-70.0
-70.0
-70.0
-70.0
-70.0
-70.0
-70.0
-70.0
-70.0
-70.0
-70.0
-70.0
-70.0
-70.0
-69.3746420416
-69.4588050974
-69.9258044472
-70.0
-70.0
-70.0
-70.0
-70.0
-70.0
-62.9406140437
-59.1380045259
-57.8472340039
-57.6797466066
-58.9509108391
-60.2814044499
-56.1389464116
0
-70.0
-70.0
-70.0
-70.0
-70.0
-65.8099119898
-64.1273454278
-63.8693123576
-64.4666542116
-59.5904226792
-57.405060844
-57.147505295
-58.1716343405
-59.1252884471
-60.0599712961
-61.2932390954
-62.7400411528
-63.8501210154
-64.8930516674
-67.2038596234
-69.272534145
-70.0
-70.0
-70.0
-70.0
-70.0
-65.0670817848
-60.5241772978
-56.564808127
-54.7768874647
-54.2115721518
0
-70.0
-70.0
-70.0
-70.0
-70.0
-65.2550697169
-63.0377913219
-62.2891584013
-62.2400344801
-63.0319107435
-63.7393061434
-64.5593374996
-65.8240242204
-61.2054628322
-59.5059677249
-59.0594999485
-59.758088359
-60.5186384599
-60.7090392035
-60.7996450095
-61.3350947431
-63.3145211856
-57.3954053259
-54.2640889659
0
-70.0
-70.0
-70.0
-70.0
-65.8765255123
-63.5398899693
-62.8719117777
-63.0283111368
-63.7270465539
-64.5257411906
-65.4035011675
-66.4526663054
-68.4414892548
-64.6898176985
-61.5967483424
-58.0946752369
-56.9176667076
-56.7895115886
-57.319079242
-59.3285970967
-60.8900212395
-56.3802864119
-55.2113283119
-55.6300106753
-55.5879685024
-56.2380290222
-57.0867977001
-58.4355114091
-59.8609306294
-62.6385186969
-65.1530364176
-67.2043280884
-68.7280174887
-69.8767202832
-70.0
-70.0
-70.0
-70.0
-70.0
-70.0
-70.0
-70.0
-65.8634051512
-63.839103268
-62.8298853625
-62.6499325146
-62.7869630553
-63.3225518894
-63.8664867935
-57.8069918205
-54.9722369006
-55.7434974786
0
-70.0
-70.0
-70.0
-70.0
-70.0
-69.9526407893
-69.9258039033
-69.9121749749
-70.0
-70.0
-70.0
-70.0
-70.0
-70.0
-70.0
-70.0
-70.0
-70.0
-70.0
-70.0
-69.6709380775
-69.8695056419
-70.0
-70.0
-70.0
-70.0
-70.0
-70.0
-70.0
-70.0
-70.0
-63.7578515996
-60.6049504863
-60.5984372833
-62.4559825507
-64.3643430759
-65.5700525838
-66.644219639
-67.4005792175
-68.1387711006
-69.2191772775
-69.0251356506
-69.7829661823
-70.0
-70.0
-70.0
-64.6357838268
-58.8892919027
-56.1397660305
-55.115160158
0
-70.0
-70.0
-70.0
-70.0
-70.0
-70.0
-70.0
-70.0
-64.6627489715
-61.8453056425
-60.4266627904
-59.8945883194
-60.1310830111
-54.6934252072
0
-70.0
-70.0
-70.0
-70.0
-70.0
-64.0906013317
-58.4086087529
0
-70.0
-70.0
-70.0
-70.0
-70.0
-70.0
-70.0
-64.3297606004
-61.1166249407
-59.6606760056
-59.1317507778
-59.9862032067
-61.4075488749
-63.1839689941
-65.2472440732
-67.1008580113
-68.5123377499
-70.0
-70.0
-70.0
-70.0
-70.0
-70.0
-70.0
-70.0
-70.0
-70.0
-70.0
-70.0
-70.0
-70.0
-70.0
-70.0
-70.0
-70.0
-70.0
-63.5673093227
-59.9221179388
-58.0709325106
0
-70.0
-70.0
-70.0
-70.0
-70.0
-69.6002948067
-69.3737951972
-69.6294736574
-70.0
-70.0
-70.0
-64.0368344084
-61.0477027986
-56.7150537423
-55.6610245447
-55.5065728747
-55.8970161102
-56.823043533
-57.817891869
0
-70.0
-70.0
-70.0
-70.0
-65.0467687226
-63.1088944555
-62.5861620766
-63.5145123489
-58.6704214834
-56.7668944632
-56.2755326225
-56.438197764
-57.183176425
0
-70.0
-70.0
-70.0
-70.0
-65.4930699016
-62.9391428458
-62.0017812335
-61.8600456325
-62.5968587539
-62.2857182051
-64.1218031075
-59.1641377724
-56.2812821212
-55.0088593265
-54.9566275744
-55.4267342707
0
-70.0
-70.0
-70.0
-70.0
-70.0
-70.0
-70.0
-70.0
-70.0
-70.0
-70.0
-70.0
-70.0
-70.0
-65.2820256428
-62.7620884279
-61.6779638922
-61.5065738561
-61.9155678899
-61.874889825
-63.1943997815
-58.0335488429
-55.9400133267
-55.9714395804
-58.1625103824
-60.4110713208
-63.7837056951
-66.0144961299
-67.4858205197
-68.4524211363
-69.0839674684
-69.6812534165
-70.0
-70.0
-70.0
-70.0
-70.0
-64.950400829
-62.2755353729
-60.9280982534
-60.6080326688
-60.7290588957
-61.7019168119
-64.5444640303
-67.0198941922
-68.7240724829
-70.0
-70.0
-70.0
-70.0
-70.0
-70.0
-70.0
-70.0
-70.0
-70.0
-70.0
-70.0
-70.0
-70.0
-70.0
-70.0
-70.0
-70.0
-64.2918009634
-61.4522477621
-60.4316206141
-60.3370069201
-60.8092762222
-55.9358813231
0
-70.0
-70.0
-70.0
-70.0
-65.271737469
-62.7545461088
-61.4857464225
-56.0823491373
0
-70.0
-70.0
-70.0
-70.0
-70.0
-70.0
-70.0
-70.0
-70.0
-70.0
-70.0
-70.0
-70.0
-64.9836220452
-62.30651713
-60.9567036099
-60.4482587109
-60.858437329
-61.6262048422
-63.4182073461
-65.6649408251
-67.32112032
-68.4041240062
-69.292528463
-70.0
-70.0
-70.0
-70.0
-70.0
-70.0
-65.0078132474
-62.3303796432
-62.0936647134
-62.5569035161
-63.0829500138
-63.8396837481
-64.4990678637
-65.4929954207
-67.0822989669
-68.52087615
-69.6179175677
-70.0
-70.0
-70.0
-70.0
-70.0
-70.0
-70.0
-70.0
-70.0
-64.1604791325
-61.3922987253
-60.2002994535
-60.8040492287
-62.0650100813
-63.8277952569
-65.7538546534
-67.0510284695
-67.9276318101
-70.0
-70.0
-70.0
-70.0
-70.0
-70.0
-70.0
-70.0
-70.0
-70.0
-70.0
-70.0
-70.0
-70.0
-70.0
-64.1875349859
-61.2065620128
-59.7110928286
-58.6012193349
-58.3152545941
-58.9470253096
-60.7368586198
-62.7197674062
-65.1677598307
-66.9893895637
-61.6490562385
-58.7232210355
-58.7784612405
-59.540233816
-60.7478199808
-60.9902911541
-61.4360974863
-62.523171284
-63.4246431865
-64.9619456522
-66.0522622765
-67.0293079175
-66.773086035
-67.9212920705
-69.335124144
-70.0
-70.0
-70.0
-70.0
-63.4813140101
-59.7873919492
-57.911458981
-57.5772116534
-58.2056407182
0
-70.0
-70.0
-70.0
-70.0
-70.0
-70.0
-70.0
-70.0
-70.0
-70.0
-70.0
-70.0
-70.0
-70.0
-70.0
-70.0
-70.0
-70.0
-70.0
-70.0
-70.0
-70.0
-70.0
-70.0
-70.0
-70.0
-70.0
-70.0
-70.0
-64.8419093921
-61.918991381
-61.0297127398
-57.3817969971
0
-70.0
-70.0
-70.0
-70.0
-70.0
-70.0
-70.0
-70.0
-70.0
-70.0
-70.0
-70.0
-70.0
-70.0
-70.0
-70.0
-70.0
-70.0
-69.7080358265
-70.0
-64.8342994118
-63.824944612
-64.4519747229
-65.1440158543
-65.7211066713
-66.2099909391
-66.6296551352
-67.1880988932
-67.7961441561
-68.2344331753
-67.7924342552
-67.8263405469
-68.5323307441
-69.4082141346
-70.0
-70.0
-70.0
-70.0
-70.0
-70.0
-70.0
-70.0
-70.0
-70.0
-70.0
-70.0
-70.0
-70.0
-70.0
-70.0
-70.0
-63.229554636
-60.984188616
-60.1169593561
-61.3209583591
-64.3412646747
-67.6102938776
-69.7805349367
-70.0
-70.0
-70.0
-70.0
-64.0114895369
-60.6180002744
-58.8946400411
-58.2308025665
-59.0853554231
-62.6539699809
-66.4122610931
-68.2084717177
-69.3459157018
-70.0
-70.0
-70.0
-70.0
-70.0
-70.0
-70.0
-70.0
-70.0
-64.5595610681
-61.6785283894
-60.411329235
-60.1735726656
-60.5804651439
-62.4734353504
-64.2464728922
-65.5822301592
-66.9658020818
-68.101969457
-61.9683282763
-58.7845798093
-57.610842832
-57.3195725511
-58.5613418527
-60.042764381
-62.0107683218
-64.0635354406
-65.8283093453
-67.2121741078
-67.3000494668
-67.8537257083
-68.6734896327
-70.0
-70.0
-70.0
-65.1431181044
-62.6111739992
-61.4991566744
-61.1153077238
-61.1811547625
-61.5146244937
-62.6232341901
-64.3243007866
-65.7031173438
-67.4984779458
-69.8834960102
-70.0
-70.0
-69.7363165566
-70.0
-70.0
-70.0
-70.0
-70.0
-70.0
-63.7589658601
-60.4492265934
-58.9339342976
-54.0301642411
0
-70.0
-70.0
-70.0
-70.0
-70.0
-70.0
-70.0
-65.3988219361
-63.145336938
-62.8340043695
-63.2748583865
-63.9463166593
-64.9551840389
-59.3228663976
0
-70.0
-70.0
-70.0
-70.0
-70.0
-70.0
-70.0
-70.0
-70.0
-70.0
-70.0
-70.0
-70.0
-70.0
-70.0
-70.0
-64.7291145411
-61.7422794477
-60.2254357434
-54.7152224034
0
-70.0
-70.0
-70.0
-70.0
-70.0
-70.0
-70.0
-70.0
-70.0
-70.0
-70.0
-70.0
-70.0
-70.0
-70.0
-70.0
-70.0
-70.0
-70.0
-70.0
-70.0
-70.0
-70.0
-70.0
-69.5548721739
-70.0
-70.0
-70.0
-70.0
-70.0
-70.0
-70.0
-70.0
-70.0
-70.0
-70.0
-70.0
-70.0
-70.0
-64.0537931318
-60.1136535639
-59.1263329723
-58.896396185
-59.1285542398
-59.630230598
-54.301207776
0
-70.0
-70.0
-70.0
-70.0
-70.0
-70.0
-70.0
-70.0
-70.0
-70.0
-64.0851079367
-61.767897623
-61.6518411901
-61.4661125783
-62.0373899256
-63.5882692849
-58.7864901546
-56.487494719
-56.990067454
-58.0850349745
-59.8992739613
-55.246318921
0
-70.0
-70.0
-70.0
-70.0
-70.0
-70.0
-70.0
-70.0
-70.0
-70.0
-70.0
-70.0
-70.0
-70.0
-70.0
-70.0
-70.0
-70.0
-70.0
-70.0
-70.0
-70.0
-70.0
-70.0
-70.0
-70.0
-70.0
-70.0
-70.0
-70.0
-70.0
-70.0
-70.0
-70.0
-70.0
-70.0
-70.0
-70.0
-63.5630211572
-60.5510786348
-55.3746773498
0
-70.0
-70.0
-70.0
-70.0
-68.9423898112
-68.9129757678
-69.0782837051
-64.8867081924
-62.7582738462
-57.8337152215
0
-70.0
-70.0
-70.0
-70.0
-69.3001385723
-69.0666522818
-68.9576720981
-68.9270282513
-69.5228067251
-70.0
-70.0
-70.0
-70.0
-70.0
-70.0
-70.0
-70.0
-70.0
-70.0
-70.0
-70.0
-70.0
-70.0
-64.9226327196
-62.3392542236
-61.0445853186
-60.741479897
-61.0767154025
-61.9630555843
-62.9236127788
-64.1544411214
-65.0877900896
-66.9003393557
-68.4971656603
-62.5862830606
-58.459458036
-56.5599611435
-56.4324287405
-57.0045145547
-58.1880810682
-60.723791677
-62.5544249864
-57.5820505339
0
-70.0
-70.0
-70.0
-70.0
-67.7440855119
-67.7358428529
-67.9736839771
-68.1839325191
-62.2924279266
-59.2087446517
-57.9142944596
-58.2935092147
-59.1109797614
-61.2218781423
-62.9324934551
-64.4162208732
-64.4926228972
-65.7143360017
-66.590219331
-67.2294086842
-68.4089790437
-69.5030886246
-63.6245037492
-60.7515707196
-61.9417923218
-63.6221262087
-65.7401559875
-67.3547066706
-62.3745009522
-58.8441464691
-57.0977955636
-56.4800585015
-57.3950318268
-59.9320287951
-62.4177008005
-64.524925487
-67.8196407874
-70.0
-70.0
-70.0
-70.0
-70.0
-70.0
-70.0
-70.0
-70.0
-70.0
-70.0
-70.0
-70.0
-70.0
-70.0
-70.0
-70.0
-70.0
-70.0
-70.0
-63.8919052501
-60.4306515585
-55.1725000219
0
-70.0
-70.0
-70.0
-70.0
-63.6081725991
-62.357678912
-62.7016727079
-63.1513465617
-63.649439322
-64.9624494699
-66.3166576393
-68.0766570814
-70.0
-70.0
-70.0
-70.0
-70.0
-70.0
-70.0
-70.0
-70.0
-70.0
-70.0
-70.0
-70.0
-70.0
-70.0
-70.0
-64.4220085673
-61.2611467554
-60.0219402085
-59.6110182734
-54.8861161958
0
-70.0
-70.0
-70.0
-70.0
-70.0
-70.0
-70.0
-70.0
-70.0
-63.7153607885
-61.3453143018
-55.9348988963
0
-70.0
-70.0
-70.0
-70.0
-66.9032115033
-66.3527458192
-66.1440415481
-67.3348085071
-68.696276666
-70.0
-70.0
-70.0
-70.0
-70.0
-70.0
-70.0
-70.0
-64.6711792338
-62.0654928625
-56.8776757221
0
-70.0
-70.0
-70.0
-70.0
-70.0
-70.0
-70.0
-70.0
-70.0
-70.0
-70.0
-70.0
-64.7718806813
-59.4759464007
-54.5143292085
0
-70.0
-70.0
-70.0
-70.0
-66.1070087495
-63.9009803742
-62.2615512791
-61.8955199523
-61.5936074086
-61.6926729687
-62.4498251314
-64.2642591667
-66.760751807
-68.7262152199
-63.0288798999
-60.054207713
-59.006735871
-60.2324863123
-61.5124126849
-62.749078521
-64.357486427
-65.5106149564
-66.7470653336
-67.9481893332
-68.9472387099
-69.7569424777
-70.0
-70.0
-70.0
-70.0
-70.0
-70.0
-70.0
-70.0
-63.8307255097
-59.7503205425
-54.1241795871
0
-70.0
-70.0
-70.0
-70.0
-70.0
-64.3094598235
-61.8701769975
-61.329709888
-62.5856992378
-63.9661152188
-65.7454620238
-67.5401595046
-67.7012563346
-68.2367707028
-68.8056807942
-69.3722003486
-70.0
-70.0
-70.0
-70.0
-70.0
-64.9326344607
-62.0611273217
-61.2239332272
-61.0141523296
-61.1878120468
-62.6301157118
-64.8036040021
-66.2809101762
-67.2912635414
-67.9877667759
-68.6961713695
-69.7769957801
-70.0
-70.0
-70.0
-70.0
-70.0
-70.0
-70.0
-70.0
-70.0
-70.0
-70.0
-70.0
-70.0
-70.0
-70.0
-70.0
-70.0
-70.0
-64.1920150841
-60.9008236318
-60.0437483463
-60.2081365812
-61.2146778647
-62.7081752831
-64.5846330672
-66.6302423165
-68.3523403391
-68.4520821613
-68.765330643
-69.1976853773
-69.7056167177
-70.0
-70.0
-70.0
-70.0
-70.0
-70.0
-70.0
-70.0
-70.0
-64.1059202825
-61.4034458117
-60.68758969
-60.9762303434
-61.4502070574
-61.4042659964
-62.033286178
-56.655090641
0
-70.0
-70.0
-70.0
-70.0
-70.0
-70.0
-70.0
-70.0
-70.0
-70.0
-70.0
-69.4748979746
-69.3934080614
-69.2169034835
-70.0
-70.0
-70.0
-70.0
-70.0
-70.0
-70.0
-70.0
-70.0
-70.0
-70.0
-70.0
-70.0
-70.0
-70.0
-70.0
-70.0
-70.0
-65.1329402169
-62.3749396732
-60.9743080245
-60.0519197226
-59.8300894173
-61.0733477394
-55.9010690562
0
-70.0
-70.0
-70.0
-70.0
-67.0700330211
-64.8826463832
-64.737367367
-65.1589543784
-65.9279719605
-66.7535848721
-67.3571664566
-61.4523587614
-59.8729440089
-60.6480173367
-61.636152424
-58.0958921147
-56.6887247105
-56.4976538761
-56.8330895795
-57.4732480156
-59.4597052896
-62.253412942
-64.957228044
-66.9800395843
-68.2943918557
-69.1398568234
-63.3160062337
-61.7807482794
-62.9949052013
-64.5607824104
-66.2187400147
-61.5613024615
-59.2022039216
-58.3085694818
-58.1621031685
-58.9278487595
-59.9494602114
-61.5398499046
-62.2042805182
-64.026001316
-66.6617264774
-68.9178661763
-70.0
-70.0
-70.0
-70.0
-70.0
-63.4451136925
-60.1344821497
-58.6883121541
-58.9794965477
-58.9796631022
-60.8570175891
-55.902736828
0
-70.0
-70.0
-70.0
-70.0
-68.8031948967
-68.3280490478
-68.4563753355
-70.0
-70.0
-65.0326275759
-63.1697141168
-62.4432533486
-62.4535688543
-63.6235143673
-64.5380311962
-65.2688069203
-66.8366511488
-68.856228585
-63.687817512
-61.5581321142
-60.9185591382
-61.2013109121
-62.2534090812
-64.12554615
-65.6061496924
-66.6409734948
-68.0775390301
-69.8615726677
-70.0
-70.0
-70.0
-70.0
-70.0
-70.0
-70.0
-70.0
-70.0
-70.0
-70.0
-70.0
-70.0
-70.0
-70.0
-70.0
-70.0
-70.0
-70.0
-70.0
-70.0
-70.0
-63.661725792
-60.0700370742
-57.6492477379
-56.81315495
-57.983672274
-59.6118223712
-61.67873094
-63.3781439206
-64.7636591338
-65.673174615
-67.3649333755
-68.2771556157
-69.111403473
-69.6415720716
-70.0
-64.1780666859
-61.910801239
-60.7534729348
-60.9830761018
-61.8120961953
-62.0653087486
-62.8600691799
-63.5749231327
-64.2180047333
-65.0282904434
-66.0317500307
-67.4019098347
-69.7257570901
-70.0
-70.0
-70.0
-70.0
-70.0
-70.0
-70.0
-70.0
-70.0
-65.5184435314
-62.6004838161
-61.3031237468
-61.0143289143
-61.8982038845
-62.8675753626
-63.8719450516
-64.8608209599
-66.613891453
-68.1933665318
-68.8256939839
-69.6300642912
-70.0
-70.0
-70.0
-70.0
-70.0
-70.0
-70.0
-70.0
-70.0
-70.0
-70.0
-70.0
-70.0
-70.0
-70.0
-70.0
-70.0
-70.0
-64.166495621
-61.2406711002
-56.4555371269
-54.4540269903
0
-70.0
-70.0
-70.0
-70.0
-70.0
-70.0
-70.0
-70.0
-70.0
-70.0
-70.0
-70.0
-70.0
-70.0
-70.0
-63.8238541211
-62.347498789
-62.4369469964
-63.8646530842
-66.1382498121
-67.9462161884
-69.4028073264
-70.0
-70.0
-70.0
-70.0
-70.0
-70.0
-70.0
-70.0
-70.0
-70.0
-70.0
-70.0
-70.0
-70.0
-70.0
-63.4800251419
-59.7853727223
-58.9131358303
-59.3370475314
-62.4124340155
-64.8856711537
-67.0143688426
-68.7820875964
-70.0
-70.0
-70.0
-70.0
-70.0
-63.527207822
-60.0587022614
-58.5069385174
-58.3886135447
-59.7647112902
