-62.0
-57.4666666667
-55.1644444444
-54.2776296296
0
-70.0
-70.0
-70.0
-70.0
-70.0
-70.0
-70.0
-68.7482222222
-68.0388814815
-67.6786476543
-67.5398857695
-61.1188793599
-57.5623128689
-55.8429625452
-55.2832535996
0
-70.0
-70.0
-70.0
-70.0
-70.0
-70.0
-70.0
-67.679127572
-66.3639665295
-65.6960710197
-65.4387980131
-59.016721189
-55.5295843882
0
-70.0
-70.0
-70.0
-70.0
-70.0
-70.0
-70.0
-70.0
-70.0
-64.6588926313
-61.6322651224
-60.095213113
-59.5031414702
0
-70.0
-70.0
-70.0
-70.0
-70.0
-70.0
-70.0
-66.8790176182
-65.1104609351
-64.2123115608
-63.8663448841
-57.4434669623
-54.0082913104
0
-70.0
-70.0
-70.0
-70.0
-70.0
-70.0
-70.0
-70.0
-70.0
-64.3602816251
-61.1644412127
-59.5414555914
-58.9162823657
0
-70.0
-70.0
-70.0
-70.0
-70.0
-70.0
-70.0
-68.1187119342
-67.0526486968
-66.5112557979
-66.3027115319
-59.8810748349
-56.3653903221
-54.7104666038
-54.2271634859
0
-70.0
-70.0
-70.0
-70.0
-70.0
-70.0
-70.0
-67.8113251029
-66.5710759945
-65.9412239963
-65.6986053309
-59.2766608675
-55.7809388272
-54.1574743088
0
-70.0
-70.0
-70.0
-70.0
-70.0
-70.0
-70.0
-70.0
-65.1745155083
-62.4400742963
-61.0514070926
-60.5164932006
-54.0919086723
0
-70.0
-70.0
-70.0
-70.0
-70.0
-70.0
-70.0
-70.0
-70.0
-70.0
-63.6668093278
-60.0780012803
-58.2554497424
-57.5534038283
0
-70.0
-70.0
-70.0
-70.0
-70.0
-70.0
-70.0
-68.3644979424
-67.4377134431
-66.9670522954
-66.7857538636
-60.364363256
-56.8327167829
-55.1526383396
-54.639503329
0
-70.0
-70.0
-70.0
-70.0
-70.0
-70.0
-70.0
-68.1898436214
-67.1640883402
-66.6431655601
-66.4425063734
-60.0209408959
-56.5006369128
-54.8384332925
-54.3464966773
0
-70.0
-70.0
-70.0
-70.0
-70.0
-70.0
-70.0
-67.2739583216
-65.7292013705
-64.9447071542
-64.6425203859
-58.2200378923
-54.7592137998
0
-70.0
-70.0
-70.0
-70.0
-70.0
-70.0
-70.0
-70.0
-70.0
-63.9141409748
-60.4654875272
-58.714112541
-58.039483798
0
-70.0
-70.0
-70.0
-70.0
-70.0
-70.0
-70.0
-68.3574320988
-67.4266436214
-66.9539490809
-66.7718673873
-60.3504697051
-56.8192821056
-55.1399268091
-54.6276494042
0
-70.0
-70.0
-70.0
-70.0
-70.0
-70.0
-70.0
-68.3516625514
-67.4176046639
-66.9432497759
-66.7605285173
-60.3391250584
-56.8083121479
-55.1295473299
-54.6179701948
0
-70.0
-70.0
-70.0
-70.0
-70.0
-70.0
-70.0
-67.6464594097
-66.3127864085
-65.6354897275
-65.3745953947
-58.9524858621
-55.4674706137
0
-70.0
-70.0
-70.0
-70.0
-70.0
-67.4191433089
-65.9566578507
-65.2139446474
-64.9278519038
-58.5055147744
-55.0352620044
0
-70.0
-70.0
-70.0
-70.0
-70.0
-70.0
-70.0
-70.0
-70.0
-63.6111356047
-59.990779114
-58.1522059158
-57.4439884664
0
-70.0
-70.0
-70.0
-70.0
-70.0
-70.0
-70.0
-67.9102956043
-66.72612978
-66.1247592928
-65.8931116907
-59.47126632
-55.9691168869
-54.3355233308
0
-70.0
-70.0
-70.0
-70.0
-70.0
-70.0
-70.0
-70.0
-67.8012784636
-66.5553362597
-65.922593062
-65.678860708
-59.2569061856
-55.7618365993
-54.1394002942
0
-70.0
-70.0
-70.0
-70.0
-70.0
-70.0
-70.0
-70.0
-68.0252098765
-66.9061621399
-66.3378614266
-66.1189522844
-59.6972219699
-56.1876097155
-54.5422553723
-54.0703009207
0
-70.0
-70.0
-70.0
-70.0
-70.0
-70.0
-70.0
-67.9097078189
-66.7252089163
-66.1236692775
-65.8919565184
-59.4701105592
-55.9679992983
-54.3344658986
0
-70.0
-70.0
-70.0
-70.0
-70.0
-70.0
-70.0
-70.0
-67.5860699588
-66.2181762689
-65.5235008459
-65.2559122306
-58.833742234
-55.3526488282
0
-70.0
-70.0
-70.0
-70.0
-70.0
-70.0
-70.0
-70.0
-70.0
-64.7336928982
-61.7494522072
-60.2339260524
-59.6501461578
0
-70.0
-70.0
-70.0
-70.0
-70.0
-70.0
-70.0
-70.0
-70.0
-70.0
-70.0
-63.8351775644
-60.3417781842
-58.5676792833
-57.8842973
0
-70.0
-70.0
-70.0
-70.0
-70.0
-70.0
-70.0
-69.3907572016
-69.0455196159
-68.8701930773
-68.8026573848
-62.3822943035
-58.7839999779
-56.9988900499
-56.3611944248
0
-70.0
-70.0
-70.0
-70.0
-70.0
-70.0
-70.0
-68.776473251
-68.0831414266
-67.7310376177
-67.5954074118
-61.1744292881
-57.6160281043
-55.8937864572
-55.330648587
0
-70.0
-70.0
-70.0
-70.0
-70.0
-70.0
-70.0
-68.5057524217
-67.6590121274
-67.2290008799
-67.0633607687
-60.64211159
-57.1012916964
-55.4067567037
-54.8764771513
0
-70.0
-70.0
-70.0
-70.0
-70.0
-70.0
-70.0
-70.0
-70.0
-70.0
-70.0
-63.6460982574
-60.0455539366
-58.2170422129
-57.5127004382
0
-70.0
-70.0
-70.0
-70.0
-70.0
-70.0
-70.0
-69.5956460905
-69.3665122085
-69.250148139
-69.2053247593
-62.7851668198
-59.1735664954
-57.3674874176
-56.7049237237
0
-70.0
-70.0
-70.0
-70.0
-70.0
-70.0
-70.0
-69.7021358025
-69.5333460905
-69.4476273937
-69.4146085958
-62.9945572774
-59.3760412439
-57.5590635822
-56.8835748659
0
-70.0
-70.0
-70.0
-70.0
-70.0
-70.0
-70.0
-69.4769753086
-69.1805946502
-69.0300797668
-68.9721015112
-62.5518247544
-58.9479312085
-57.153997374
-56.5058371608
0
-70.0
-70.0
-70.0
-70.0
-70.0
-70.0
-70.0
-68.3842275061
-67.4686230928
-67.0036396751
-66.824528302
-60.4031574483
-56.8702296878
-55.1881320419
-54.6726023863
0
-70.0
-70.0
-70.0
-70.0
-70.0
-70.0
-70.0
-70.0
-70.0
-70.0
-70.0
-64.4477658893
-61.3014998933
-59.7036902992
-59.0882148662
0
-70.0
-70.0
-70.0
-70.0
-70.0
-70.0
-70.0
-70.0
-70.0
-70.0
-70.0
-63.7722591068
-60.2432059341
-58.4510004992
-57.7606438884
0
-70.0
-70.0
-70.0
-70.0
-70.0
-70.0
-70.0
-70.0
-70.0
-70.0
-70.0
-63.6082548392
-59.9862659147
-58.1468636963
-57.4383269086
0
-70.0
-70.0
-70.0
-70.0
-70.0
-70.0
-70.0
-69.5966225389
-69.3680419776
-69.2519589082
-69.2072437696
-62.7870868078
-59.1754230704
-57.3692440589
-56.7065618501
0
-70.0
-70.0
-70.0
-70.0
-70.0
-70.0
-70.0
-68.4760351758
-67.6124551087
-67.1738918982
-67.0049575753
-60.5836786426
-57.0447886616
-55.3532950509
-54.8266223828
0
-70.0
-70.0
-70.0
-70.0
-70.0
-70.0
-70.0
-69.36581893
-69.0064496571
-68.823946438
-68.753646292
-62.3332582416
-58.73658347
-56.9540258246
-56.3193570433
0
-70.0
-70.0
-70.0
-70.0
-70.0
-70.0
-70.0
-70.0
-70.0
-70.0
-70.0
-64.0760420668
-60.7191325713
-59.0143491216
-58.3576674144
0
-70.0
-70.0
-70.0
-70.0
-70.0
-70.0
-70.0
-70.0
-70.0
-70.0
-70.0
-63.676629782
-60.0933866585
-58.2736612291
-57.5727039305
0
-70.0
-70.0
-70.0
-70.0
-70.0
-70.0
-70.0
-69.6934052966
-69.519668298
-69.4314371556
-69.397450565
-62.9773905054
-59.3594414527
-57.5433573061
-56.8689282412
0
-70.0
-70.0
-70.0
-70.0
-70.0
-70.0
-70.0
-70.0
-70.0
-70.0
-70.0
-63.6812794798
-60.1006711849
-58.2822838352
-57.5818419642
0
-70.0
-70.0
-70.0
-70.0
-70.0
-70.0
-70.0
-70.0
-70.0
-70.0
-70.0
-63.9367596403
-60.5009234365
-58.7560575996
-58.0839361775
0
-70.0
-70.0
-70.0
-70.0
-70.0
-70.0
-70.0
-70.0
-70.0
-70.0
-70.0
-63.72439811
-60.1682237057
-58.3622449396
-57.6665828486
0
-70.0
-70.0
-70.0
-70.0
-70.0
-70.0
-70.0
-70.0
-70.0
-70.0
-70.0
-64.2334351471
-60.9657150638
-59.306225845
-58.6669914522
0
-70.0
-70.0
-70.0
-70.0
-70.0
-70.0
-70.0
-69.7153798204
-69.554095052
-69.4721876893
-69.4406370153
-63.0205989573
-59.4012228239
-57.5828897164
-56.9057935281
0
-70.0
-70.0
-70.0
-70.0
-70.0
-70.0
-70.0
-69.8183909996
-69.7154792327
-69.6632161982
-69.6430845042
-63.2231495845
-59.5970836466
-57.7682079623
-57.078608953
0
-70.0
-70.0
-70.0
-70.0
-70.0
-70.0
-70.0
-70.0
-70.0
-70.0
-70.0
-64.5937631459
-61.5302289285
-59.9744341005
-59.3751427337
0
-70.0
-70.0
-70.0
-70.0
-70.0
-70.0
-70.0
-70.0
-70.0
-70.0
-70.0
-64.0235732358
-60.6369314027
-58.9170485895
-58.2545506152
0
-70.0
-70.0
-70.0
-70.0
-70.0
-70.0
-70.0
-70.0
-70.0
-70.0
-70.0
-63.7658112116
-60.2331042315
-58.4390432357
-57.7479718637
0
-70.0
-70.0
-70.0
-70.0
-70.0
-70.0
-70.0
-70.0
-70.0
-70.0
-70.0
-64.118160443
-60.7851180274
-59.0924553104
-58.4404425033
0
-70.0
-70.0
-70.0
-70.0
-70.0
-70.0
-70.0
-70.0
-70.0
-70.0
-70.0
-63.6026174474
-59.9774340009
-58.1364094664
-57.4272477634
0
-70.0
-70.0
-70.0
-70.0
-70.0
-70.0
-70.0
-70.0
-70.0
-70.0
-70.0
-64.0761574963
-60.7193134109
-59.0145631793
-58.3578942677
0
-70.0
-70.0
-70.0
-70.0
-70.0
-70.0
-70.0
-70.0
-70.0
-70.0
-70.0
-64.7769693644
-61.8172520043
-60.3141798547
-59.7351972365
0
-70.0
-70.0
-70.0
-70.0
-70.0
-70.0
-70.0
-70.0
-70.0
-70.0
-70.0
-63.6507246572
-60.0528019629
-58.2256216142
-57.5217926846
0
-70.0
-70.0
-70.0
-70.0
-70.0
-70.0
-70.0
-70.0
-70.0
-70.0
-70.0
-63.814002337
-60.3086036614
-58.5284110006
-57.8426817041
0
-70.0
-70.0
-70.0
-70.0
-70.0
-70.0
-70.0
-70.0
-70.0
-70.0
-70.0
-64.069345933
-60.7086419618
-59.0019315136
-58.3445075276
0
-70.0
-70.0
-70.0
-70.0
-70.0
-70.0
-70.0
-70.0
-70.0
-70.0
-70.0
-64.1757866179
-60.8753990347
-59.1993198503
-58.5536950113
0
-70.0
-70.0
-70.0
-70.0
-70.0
-70.0
-70.0
-70.0
-70.0
-70.0
-70.0
-64.2198465681
-60.94442629
-59.2810265802
-58.6402858683
0
-70.0
-70.0
-70.0
-70.0
-70.0
-70.0
-70.0
-70.0
-70.0
-70.0
-70.0
-64.7783935376
-61.8194832089
-60.3168209047
-59.7379961587
0
-70.0
-70.0
-70.0
-70.0
-70.0
-70.0
-70.0
-70.0
-70.0
-70.0
-70.0
-63.6662562539
-60.0771347978
-58.2544240976
-57.5523168742
0
-70.0
-70.0
-70.0
-70.0
-70.0
-70.0
-70.0
-70.0
-70.0
-70.0
-70.0
-63.7755659806
-60.248386703
-58.457132913
-57.7671428752
0
-70.0
-70.0
-70.0
-70.0
-70.0
-70.0
-70.0
-70.0
-70.0
-70.0
-70.0
-64.9008943759
-62.0114011888
-60.5439919037
-59.9787466024
0
-70.0
-70.0
-70.0
-70.0
-70.0
-70.0
-70.0
-70.0
-70.0
-70.0
-70.0
-64.4140466392
-61.2486730681
-59.6411598232
-59.0219465488
0
-70.0
-70.0
-70.0
-70.0
-70.0
-70.0
-70.0
-70.0
-70.0
-70.0
-70.0
-64.0679985884
-60.7065311219
-58.9994329379
-58.3418595962
0
-70.0
-70.0
-70.0
-70.0
-70.0
-70.0
-70.0
-70.0
-70.0
-70.0
-70.0
-64.2626319159
-61.0114566682
-59.3603696306
-58.7243717538
0
-70.0
-70.0
-70.0
-70.0
-70.0
-70.0
-70.0
-70.0
-70.0
-70.0
-70.0
-63.8158132982
-60.3114408338
-58.5317693274
-57.8462407793
0
-70.0
-70.0
-70.0
-70.0
-70.0
-70.0
-70.0
-70.0
-70.0
-70.0
-70.0
-64.4532174973
-61.3100407458
-59.7138000034
-59.0989288911
0
-70.0
-70.0
-70.0
-70.0
-70.0
-70.0
-70.0
-70.0
-70.0
-70.0
-70.0
-64.8073500991
-61.8648484885
-60.3705192393
-59.7949043817
0
-70.0
-70.0
-70.0
-70.0
-70.0
-70.0
-70.0
-70.0
-70.0
-70.0
-70.0
-63.8511073523
-60.3667348519
-58.59722019
-57.9156040531
0
-70.0
-70.0
-70.0
-70.0
-70.0
-70.0
-70.0
-70.0
-70.0
-70.0
-70.0
-64.0361522239
-60.6566384841
-58.9403756241
-58.2792720539
0
-70.0
-70.0
-70.0
-70.0
-70.0
-70.0
-70.0
-70.0
-70.0
-70.0
-70.0
-64.338021643
-61.1295672408
-59.5001756914
-58.8725349054
0
-70.0
-70.0
-70.0
-70.0
-70.0
-70.0
-70.0
-70.0
-70.0
-70.0
-70.0
-64.4217869227
-61.2607995123
-59.6555137489
-59.0371584993
0
-70.0
-70.0
-70.0
-70.0
-70.0
-70.0
-70.0
-70.0
-70.0
-70.0
-70.0
-64.4848894986
-61.3596602144
-59.7725339701
-59.1611737578
0
-70.0
-70.0
-70.0
-70.0
-70.0
-70.0
-70.0
-70.0
-70.0
-70.0
-70.0
-64.9173565005
-62.0371918508
-60.5745199993
-60.0110995551
0
-70.0
-70.0
-70.0
-70.0
-70.0
-70.0
-70.0
-70.0
-70.0
-70.0
-70.0
-63.8295827413
-60.3330129613
-58.5573039947
-57.8733018148
0
-70.0
-70.0
-70.0
-70.0
-70.0
-70.0
-70.0
-70.0
-70.0
-70.0
-70.0
-63.9443427373
-60.5128036218
-58.7701200318
-58.0988392101
0
-70.0
-70.0
-70.0
-70.0
-70.0
-70.0
-70.0
-70.0
-70.0
-70.0
-70.0
-65.3002944673
-62.6371279988
-61.2846571844
-60.7636861229
-54.3392275289
0
-70.0
-70.0
-70.0
-70.0
-70.0
-70.0
-70.0
-70.0
-70.0
-70.0
-65.2986898902
-62.6346141613
-61.2816815853
-60.7605326535
-54.3360724528
0
-70.0
-70.0
-70.0
-70.0
-70.0
-70.0
-70.0
-70.0
-70.0
-70.0
-64.8627300342
-61.9516103869
-60.4732182522
-59.9037423631
0
-70.0
-70.0
-70.0
-70.0
-70.0
-70.0
-70.0
-70.0
-70.0
-70.0
-70.0
-64.3949792656
-61.2188008494
-59.605800438
-58.98447351
0
-70.0
-70.0
-70.0
-70.0
-70.0
-70.0
-70.0
-70.0
-70.0
-70.0
-70.0
-63.925619672
-60.4834708194
-58.7353991472
-58.062042839
0
-70.0
-70.0
-70.0
-70.0
-70.0
-70.0
-70.0
-70.0
-70.0
-70.0
-70.0
-64.5693790581
-61.492027191
-59.9292151644
-59.3272207762
0
-70.0
-70.0
-70.0
-70.0
-70.0
-70.0
-70.0
-70.0
-70.0
-70.0
-70.0
-65.1258161866
-62.3637786923
-60.961096906
-60.420784604
0
-70.0
-70.0
-70.0
-70.0
-70.0
-70.0
-70.0
-70.0
-70.0
-70.0
-70.0
-64.3339404154
-61.1231733175
-59.4926072815
-58.8645140839
0
-70.0
-70.0
-70.0
-70.0
-70.0
-70.0
-70.0
-70.0
-70.0
-70.0
-70.0
-63.9506849089
-60.5227396906
-58.7818812366
-58.1113034563
0
-70.0
-70.0
-70.0
-70.0
-70.0
-70.0
-70.0
-70.0
-70.0
-70.0
-70.0
-64.5446145405
-61.4532294467
-59.8832907423
-59.2785511615
0
-70.0
-70.0
-70.0
-70.0
-70.0
-70.0
-70.0
-70.0
-70.0
-70.0
-70.0
-64.6217686328
-61.5741041914
-60.0263687202
-59.4301818135
0
-70.0
-70.0
-70.0
-70.0
-70.0
-70.0
-70.0
-70.0
-70.0
-70.0
-70.0
-64.7181100442
-61.7250390692
-60.2050285153
-59.6195212324
0
-70.0
-70.0
-70.0
-70.0
-70.0
-70.0
-70.0
-70.0
-70.0
-70.0
-70.0
-64.2512455818
-60.9936180781
-59.3392543066
-58.7019942335
0
-70.0
-70.0
-70.0
-70.0
-70.0
-70.0
-70.0
-70.0
-70.0
-70.0
-70.0
-64.1063252019
-60.7665761497
-59.0705075133
-58.4171827477
0
-70.0
-70.0
-70.0
-70.0
-70.0
-70.0
-70.0
-70.0
-70.0
-70.0
-70.0
-64.0845196881
-60.7324141781
-59.0300703994
-58.3743284523
0
-70.0
-70.0
-70.0
-70.0
-70.0
-70.0
-70.0
-70.0
-70.0
-70.0
-70.0
-65.59060631
-63.0919498857
-61.8230243682
-61.3342349122
-54.9100669884
0
-70.0
-70.0
-70.0
-70.0
-70.0
-70.0
-70.0
-70.0
-70.0
-70.0
-65.7523946321
-63.345418257
-62.1230518234
-61.6521969024
-55.2281909667
0
-70.0
-70.0
-70.0
-70.0
-70.0
-70.0
-70.0
-70.0
-70.0
-70.0
-65.0753988367
-62.2847915109
-60.8676007317
-60.3216995731
0
-70.0
-70.0
-70.0
-70.0
-70.0
-70.0
-70.0
-70.0
-70.0
-70.0
-70.0
-64.7321347915
-61.7470111734
-60.2310366301
-59.6470840164
0
-70.0
-70.0
-70.0
-70.0
-70.0
-70.0
-70.0
-70.0
-70.0
-70.0
-70.0
-64.6006301323
-61.5409872073
-59.9871685454
-59.3886383968
0
-70.0
-70.0
-70.0
-70.0
-70.0
-70.0
-70.0
-70.0
-70.0
-70.0
-70.0
-65.0629233349
-62.2652465579
-60.8444656065
-60.2971815155
0
-70.0
-70.0
-70.0
-70.0
-70.0
-70.0
-70.0
-70.0
-70.0
-70.0
-70.0
-65.1096548627
-62.3384592849
-60.9311266287
-60.389022814
0
-70.0
-70.0
-70.0
-70.0
-70.0
-70.0
-70.0
-70.0
-70.0
-70.0
-70.0
-64.8715712988
-61.9654617015
-60.4896138864
-59.9211180677
0
-70.0
-70.0
-70.0
-70.0
-70.0
-70.0
-70.0
-70.0
-70.0
-70.0
-70.0
-64.6596000536
-61.6333734174
-60.0965249884
-59.5045317647
0
-70.0
-70.0
-70.0
-70.0
-70.0
-70.0
-70.0
-70.0
-70.0
-70.0
-70.0
-64.7922414266
-61.841178235
-60.3425010456
-59.7652113637
0
-70.0
-70.0
-70.0
-70.0
-70.0
-70.0
-70.0
-70.0
-70.0
-70.0
-70.0
-65.3534912361
-62.7204696032
-61.3833076367
-60.8682335356
-54.443828204
0
-70.0
-70.0
-70.0
-70.0
-70.0
-70.0
-70.0
-70.0
-70.0
-70.0
-65.9135064777
-63.597826815
-62.4218247903
-61.9688294157
-55.5449847907
0
-70.0
-70.0
-70.0
-70.0
-70.0
-70.0
-70.0
-70.0
-70.0
-70.0
-65.3021425922
-62.6400233945
-61.2880844294
-60.767318236
-54.3428614923
0
-70.0
-70.0
-70.0
-70.0
-70.0
-70.0
-70.0
-70.0
-70.0
-70.0
-65.73992445
-63.3258816384
-62.0999265634
-61.6276892997
-55.2036708784
0
-70.0
-70.0
-70.0
-70.0
-70.0
-70.0
-70.0
-70.0
-70.0
-70.0
-66.6359176955
-64.7296043896
-63.7614962597
-63.3885815065
-56.9654601846
0
-70.0
-70.0
-70.0
-70.0
-70.0
-70.0
-70.0
-70.0
-70.0
-70.0
-66.7363402343
-64.8869330338
-63.947724279
-63.5859415501
-57.1629207747
0
-70.0
-70.0
-70.0
-70.0
-70.0
-70.0
-70.0
-70.0
-70.0
-70.0
-65.4812724964
-62.9206602443
-61.620270885
-61.1193615732
-54.6950841806
0
-70.0
-70.0
-70.0
-70.0
-70.0
-70.0
-70.0
-70.0
-70.0
-70.0
-65.3713897705
-62.7485106405
-61.4164994745
-60.903409459
-54.4790220481
0
-70.0
-70.0
-70.0
-70.0
-70.0
-70.0
-70.0
-70.0
-70.0
-70.0
-65.5884023777
-63.0884970584
-61.8189372982
-61.3299035322
-54.9057334017
0
-70.0
-70.0
-70.0
-70.0
-70.0
-70.0
-70.0
-70.0
-70.0
-70.0
-66.6360201189
-64.7297648529
-63.7616861982
-63.3887827988
-56.9656615795
0
-70.0
-70.0
-70.0
-70.0
-70.0
-70.0
-70.0
-70.0
-70.0
-70.0
-66.7714113082
-64.9418777161
-64.012761637
-63.6548666016
-57.2318809406
0
-70.0
-70.0
-70.0
-70.0
-70.0
-70.0
-70.0
-70.0
-70.0
-70.0
-65.6831775203
-63.2369781151
-61.9946925348
-61.5161647688
-55.0920895305
0
-70.0
-70.0
-70.0
-70.0
-70.0
-70.0
-70.0
-70.0
-70.0
-70.0
-65.8560219479
-63.5077677183
-62.3152229233
-61.8558552822
-55.4319531017
0
-70.0
-70.0
-70.0
-70.0
-70.0
-70.0
-70.0
-70.0
-70.0
-70.0
-65.3052510173
-62.6448932604
-61.293848831
-60.7734272123
-54.3489735809
0
-70.0
-70.0
-70.0
-70.0
-70.0
-70.0
-70.0
-70.0
-70.0
-70.0
-66.8187434842
-65.0160314586
-64.100536528
-63.747888352
-57.3249500816
0
-70.0
-70.0
-70.0
-70.0
-70.0
-70.0
-70.0
-70.0
-70.0
-70.0
-67.7325320566
-66.4476335553
-65.7951066694
-65.5437536489
-59.1217302951
-55.6311252731
-54.0157247507
0
-70.0
-70.0
-70.0
-70.0
-70.0
-70.0
-70.0
-70.0
-70.0
-70.0
-70.0
-70.0
-64.0676744589
-60.706023319
-58.9988318577
-58.3412225857
0
-70.0
-70.0
-70.0
-70.0
-70.0
-70.0
-70.0
-70.0
-70.0
-70.0
-70.0
-64.7232108926
-61.7330303985
-60.2144877554
-59.629545911
0
-70.0
-70.0
-70.0
-70.0
-70.0
-70.0
-70.0
-70.0
-70.0
-70.0
-70.0
-64.5953471876
-61.5327105939
-59.9773716179
-59.378255845
0
-70.0
-70.0
-70.0
-70.0
-70.0
-70.0
-70.0
-70.0
-70.0
-70.0
-70.0
-64.6897859066
-61.680664587
-60.1525029757
-59.5638559097
0
-70.0
-70.0
-70.0
-70.0
-70.0
-70.0
-70.0
-70.0
-70.0
-70.0
-70.0
-64.3957822316
-61.2200588295
-59.6072894939
-58.9860515761
0
-70.0
-70.0
-70.0
-70.0
-70.0
-70.0
-70.0
-70.0
-70.0
-70.0
-70.0
-65.1453119951
-62.3943221257
-60.9972507998
-60.4590996443
-54.0344858765
0
-70.0
-70.0
-70.0
-70.0
-70.0
-70.0
-70.0
-70.0
-70.0
-70.0
-65.7946271254
-63.4115824964
-62.2013696358
-61.7351962649
-55.3112326138
0
-70.0
-70.0
