-70.0
-70.0
-70.0
-70.0
-70.0
-70.0
-69.0
-68.4333333333
-68.1455555556
-69.0347037037
-69.6003691358
-69.9530894239
-70.0
-70.0
-66.2090565577
-64.0608552737
-62.9699059942
-63.510654451
-64.0514150434
-63.5792957952
-63.5100477197
-63.6848306171
-64.0002060016
-64.3894243656
-64.8099745719
-65.2353055432
-65.6493272745
-66.0427627375
-66.4107319241
-67.7434483586
-68.6182966073
-69.1892623363
-68.5640045936
-68.2367164615
-64.2166753709
-61.9974282042
-58.7750699402
-55.9212819029
-54.6782996837
-54.4432336961
-54.8207529803
-55.5532394515
-56.4742900192
-58.4743518717
-60.0585772542
-61.3404932419
-62.3982930598
-63.2863631819
-64.042993149
-64.6955380244
-65.2638803488
-65.7627563984
-66.2033234816
-62.7165199348
-58.5728167184
-56.1341675647
-55.1331724869
-55.0281363574
0
-70.0
-70.0
-70.0
-70.0
-69.7458556656
-68.6278528377
-68.0027893797
-67.6943249922
-67.5861021933
-67.6016317742
-67.6908951303
-67.8214233062
-67.9723594349
-67.1695275733
-66.7821775372
-66.6570282643
-66.6933710918
-62.9444133144
-60.0619121137
-58.6636809894
-58.2026196152
-58.3192288035
-55.4063633019
-54.1450985576
0
-70.0
-70.0
-70.0
-70.0
-69.0764192501
-65.8201445061
-64.0057081762
-63.1168561057
-62.8129829932
-62.8702263593
-63.1422315003
-63.5340268682
-63.9846365267
-64.4555144376
-64.9228573695
-65.3725012163
-65.7965374839
-62.3373947646
-60.5173293075
-59.7413790563
-59.6165412269
-59.8877538216
-60.3875562511
-61.0078525004
-62.4822376358
-63.6174607958
-64.5113459987
-65.2306322537
-65.8211829317
-66.3148072407
-66.7338215848
-63.223793827
-60.351358058
-58.9495179947
-58.4767633569
-58.5772184624
-59.0182509102
-59.6489286819
-56.7160575631
-55.399132973
-54.1346922289
0
-70.0
-70.0
-70.0
-70.0
-69.7608096617
-69.62526847
-69.556434806
-69.5299201141
-66.6759743299
-65.0744077151
-64.2776541557
-63.9903468816
-64.0182842877
-64.2344372551
-64.5563144604
-64.9308969682
-65.3246165739
-65.7166944516
-66.0947180298
-62.6129945182
-60.7701939273
-59.9721737751
-59.827622558
-56.9634921155
-54.6795905143
0
-70.0
-70.0
-70.0
-70.0
-66.9666143842
-65.2476958686
-61.6418425779
-59.7569358509
-58.9674272863
-59.8614569704
-60.7358262152
-61.5692535549
-62.3503348402
-63.0739724501
-63.739022601
-60.5641613622
-58.9737725735
-56.2295178574
-55.0419810991
-54.8280596742
0
-70.0
-70.0
-70.0
-70.0
-69.4900111457
-68.2010768648
-67.4876804007
-63.4113067664
-62.1848049649
-61.7094103852
-61.7005266245
-61.9718454806
-62.4022419449
-62.9137384254
-64.3690535376
-65.4299408203
-66.2188084959
-66.8181688181
-67.2838460508
-68.5221036126
-69.3143213626
-69.8125079672
-70.0
-70.0
-66.247623907
-64.1212774543
-63.0414270008
-61.6256028193
-57.9387759227
-56.1287205874
-55.5050633666
-55.6140335886
-56.1589479355
-56.9472649458
-56.9138739839
-56.9967102739
-57.4798550389
-58.1870800632
-59.0051790757
-59.862532514
-60.7148601598
-61.5357614087
-62.3104434443
-62.0705896599
-62.1909910673
-62.5235322094
-62.9722724878
-63.4757742385
-61.112897329
-59.991407939
-59.6521340404
-59.7934985666
-60.2185339967
-56.444755597
-54.6323300373
-54.0571303669
-54.2434395524
-54.8804437453
-55.7666314695
-56.7727897218
-57.8173916824
-58.8502398027
-59.8416073481
-56.9587764988
-55.6637854393
-55.3646646222
0
-70.0
-70.0
-70.0
-70.0
-69.3569796736
-68.0803929839
-67.3784278706
-67.0446345402
-66.942870724
-66.9837167435
-64.2700455835
-62.8328413681
-61.26795179
-60.2867529835
-60.0218086002
-60.1954483502
-60.6264505885
-61.1975035785
-60.9652391627
-60.7937058745
-60.9976623724
-57.5814004678
-54.6510592286
0
-70.0
-70.0
-70.0
-70.0
-69.5280412711
-64.6920759942
-61.9674276282
-60.600391021
-60.093489356
-61.1194762737
-61.1627731246
-61.4833254644
-61.9595460194
-63.3157626209
-64.3523004944
-65.1624798688
-65.8098381644
-66.3379252029
-66.776846586
-67.1476378629
-67.465191367
-67.7402170906
-67.9805586217
-68.192078253
-68.37925409
-68.5455844558
-68.6938631935
-67.8273832889
-67.3799159031
-67.1987716082
-66.4797556073
-62.2821777766
-60.0208918189
-56.8391948266
-54.5664010011
0
-70.0
-70.0
-70.0
-70.0
-67.028596262
-65.3448008104
-64.4896968458
-61.4273989198
-58.8931150635
-55.5852118905
-54.0809629236
0
-70.0
-70.0
-70.0
-70.0
-69.4048556318
-69.0676071564
-69.4518933882
-66.1580712304
-64.3098422281
-64.0942804561
-64.1618007111
-64.396919507
-64.7247601343
-65.0973058396
-65.4842564014
-65.8669515251
-62.4517463059
-60.6542316308
-59.887248438
-59.7641502411
-60.0314863149
-60.5241717487
-61.1356439507
-61.7980058069
-61.4689563842
-61.5558948511
-61.8895281029
-61.6563534135
-62.7941190598
-63.7169744788
-64.4801219143
-65.1220063118
-65.6697367399
-66.1427171055
-66.5550814213
-66.91733063
-68.1984173586
-69.0271221505
-65.6736811172
-62.8135344732
-61.3369953377
-60.7398386785
-60.690216727
-60.9707696652
-62.4010573303
-63.5125280184
-64.3956594973
-65.1123497347
-66.5077546885
-67.4614058378
-68.1182163328
-68.575028752
-65.0263062671
-63.0628625672
-62.1160342618
-61.8107361364
-61.9005327233
-62.224392918
-62.6778959376
-63.1940678847
-59.9985557143
-58.4146298882
-55.6928910392
0
-70.0
-70.0
-70.0
-70.0
-68.7179135621
-63.9627104488
-61.3108315659
-60.0093431839
-58.8577683449
-58.5382311634
-58.7285678157
-59.2184842132
-59.8718179112
-61.6014163771
-62.0069197392
-62.1833244318
-62.5497230997
-63.0179048637
-63.5315504267
-63.2528836145
-62.9772540733
-63.0459678795
-63.3189972339
-63.7055149387
-64.1472417304
-60.7249254183
-58.9807047838
-58.3014822437
-58.2838993115
-58.6638862418
-59.2697488585
-59.9909414666
-60.757292316
-62.524892353
-63.8346226302
-65.381528931
-66.4636217471
-63.3770768148
-62.4496176653
-62.4781549201
-60.0130931233
-58.8669529411
-58.5503704004
-56.0091628769
-55.8191123575
-56.1777783006
-56.8537185897
-57.6974921436
-55.2416498166
-54.2600894266
-54.1958168783
-54.6840594534
-55.48753635
-56.4533712763
-57.4844265229
-58.5202454534
-59.5243952966
-61.4709337949
-62.9231591007
-60.1916752566
-57.585191694
-57.2375976357
-57.4544546129
-58.0027536455
-55.6151623165
-54.6621021086
-54.6015292469
-55.0784678883
-55.8620154769
-56.8034101808
-57.8081333305
-58.8173627759
-56.0635752748
-54.8758502649
-54.6673535835
-55.0533437885
-55.7831597853
-56.6949440571
-57.685516485
-58.6903427256
-56.9376962102
-56.3215184272
-56.4077611433
-56.9125814014
-57.6517208429
-58.5068138131
-59.4029758014
-56.6375936419
-55.4237778915
-55.1813625115
0
-70.0
-70.0
-70.0
-70.0
-69.4908614699
-69.2023496362
-69.0558308814
-68.9993919325
-68.9984310724
-69.0312401873
-69.08321765
-68.4412598355
-68.1080431524
-68.8394911279
-69.3170435423
-69.6263402062
-69.824373531
-69.9490477415
-70.0
-70.0
-66.1489031258
-63.966614897
-62.8583547966
-59.6985412574
-58.1460350919
-56.6130890437
-56.1395517799
-56.3174443624
-56.8802650997
-57.6552820388
-58.531782801
-55.7078774224
-54.4899382811
0
-70.0
-70.0
-70.0
-70.0
-66.4867581275
-64.4959210665
-63.4848881276
-63.0954387601
-63.9602339381
-64.6804365803
-65.2898769462
-65.8125452676
-66.2657280849
-66.6621135057
-67.9234161462
-68.7494171922
-68.8445431273
-68.9401339174
-69.0328172609
-69.8243703953
-70.0
-70.0
-70.0
-70.0
-70.0
-70.0
-70.0
-66.4011230335
-64.3617594192
-63.3260826033
-62.927140427
-62.9235371069
-59.7850671569
-58.2424829483
-57.7088496582
-56.7988257885
0
-70.0
-70.0
-70.0
-70.0
-68.1871735783
-67.1599052727
-66.6382141136
-66.4372589477
-66.4354438832
-62.8968598893
-61.01048083
-60.1783040334
-56.2769009893
-55.3934693952
-55.3502947922
-55.8127135373
-55.7606051974
-56.2039866868
0
-70.0
-70.0
-70.0
-70.0
-69.0194420092
-68.463792481
-68.1816096815
-68.0729130123
-68.0719312438
-68.1356111412
-68.2359653749
-63.5403176145
-60.6049183712
-59.1568482128
-58.6494445106
-55.6068751787
-54.2611044069
0
-70.0
-70.0
-70.0
-70.0
-68.4303975817
-67.5409562113
-66.5337039598
-66.0448958102
-65.8834477268
-65.9237972859
-66.0838804451
-62.4717539349
-60.5554195643
-59.7204382898
-59.5621015821
-59.8150295047
-60.3062852748
-57.3814984438
-56.0472430637
-55.7117817336
-54.9902043651
-55.0575844651
-55.596093043
-56.3993284216
-57.3346253681
-58.3179826904
-59.2973976607
-60.2418000542
-60.1727332642
-60.458868748
-61.9485825316
-62.4070876803
-63.1575100691
-63.8358465001
-64.448320142
-65.0008603224
-65.4990224199
-65.0796395072
-64.992021776
-66.0478560813
-66.8130947951
-66.5759990611
-66.5478749853
-66.6460713736
-67.6850995847
-68.3856798586
-68.8598386942
-64.3865388783
-61.8896743594
-60.6618998362
-57.5035928086
-54.7306180842
0
-70.0
-70.0
-70.0
-70.0
-69.6468485756
-69.4467294351
-69.345100303
-69.3059528136
-69.3055992262
-69.3285337662
-65.5109968009
-63.3708222923
-62.3076901773
-61.9262212358
-61.9664658297
-62.2583970584
-62.691609227
-63.1951495539
-63.7241020982
-61.4290612033
-59.0431972119
-57.9769055767
-55.5803380526
-54.6230529363
-54.5612467687
-55.0387881759
-55.8240200809
0
-70.0
-70.0
-70.0
-70.0
-67.8544383073
-66.6386200147
-62.6489849843
-60.5002377998
-59.5276482292
-59.2931728792
-59.5093819065
-59.9887945927
-59.6491674936
-56.1341054919
0
-70.0
-70.0
-70.0
-70.0
-67.2627770233
-65.7116840032
-64.9239720577
-64.6205458218
-64.6178052195
-64.7955673508
-61.4323983729
-59.7000837071
-59.0040254507
-58.2492192781
-58.6571640678
-59.2800254726
-60.0110747998
-60.7826685694
-61.5528692122
-62.2965606242
-62.9995567839
-63.6547025869
-60.4056200854
-58.7759832483
-58.1723350378
-59.1928405902
-60.1653825687
-57.7045382824
-56.6378804345
-55.4455733696
-55.2153366849
-55.5700167847
-56.263824285
-57.137981309
-59.065197185
-60.5860201377
-61.8123132381
-62.8210119903
-63.665530842
-64.383391125
-65.0013275906
-65.5387118836
-66.0098520633
-66.4255411023
-66.7941031557
-66.1236260547
-65.8505522589
-65.8250229061
-65.9488711976
-66.1582177993
-66.4118851669
-66.6836894153
-66.9573156505
-63.3394044933
-62.3903769205
-62.0746144795
-62.1493365323
-62.4558585462
-62.8912431363
-59.8467683353
-58.3585245101
-57.8536273981
-57.9555682175
-55.3017348083
-54.1993769359
0
-70.0
-70.0
-70.0
-70.0
-65.9862229532
-63.7117492934
-60.3991110972
-58.7315578096
-59.1063398481
-59.6943310762
-60.9462036661
-61.9991204312
-62.8975664759
-63.6733818868
-64.3497584038
-63.9454481394
-63.9046803761
-64.0833970389
-64.3878471353
-64.7575889553
-64.2858683249
-64.1933070025
-64.3313266423
-64.6030942048
-61.0650671647
-59.2400820351
-59.5022324507
-60.0094482851
-60.6467961762
-61.3409783716
-58.5034576259
-57.0640370348
-56.6315834456
-57.3732807328
-58.2391897473
-59.7063177201
-60.9297172464
-61.9660997206
-62.8557258811
-63.627644048
-64.3032068133
-64.8984375786
-65.4256281186
-66.8554030629
-63.9477789494
-61.1104077687
-59.7043048013
-59.2038328608
-59.2634219345
-60.569269819
-61.6671362225
-59.0609540732
-56.5673422336
-55.5189303887
-56.2408983593
-57.1327158631
-58.0967158365
-59.0718919594
-60.0212679011
-60.9235178695
-61.7674172548
-62.5481763109
-63.2650258675
-63.9196347392
-63.5150804495
-59.624854515
-55.7864641673
0
-70.0
-70.0
-70.0
-70.0
-68.8225877845
-68.155387529
-67.1128507544
-67.583366512
-67.9462304162
-68.2324077448
-68.4630338839
-68.6526417711
-69.6796312017
-70.0
-70.0
-70.0
-70.0
-70.0
-70.0
-70.0
-69.0870128862
-68.5696535217
-68.306916119
-64.3223282628
-62.1208312737
-61.0625720378
-57.9926184426
-56.5508923374
-56.1341602631
-56.3463156763
-57.9272092963
-59.278171825
-60.4461436147
-61.4653885681
-62.3614225878
-59.3710716708
-57.9311587315
-57.4695056769
-57.6101969882
-58.1076052088
-58.8024633008
-60.5810683594
-62.2955291159
-63.5810212659
-64.5662825137
-65.3385631786
-65.957312805
-66.4633188206
-65.8848235366
-65.6748989149
-65.6931141781
-65.8476061968
-66.0787145347
-66.348089053
-65.7192356241
-66.4794774815
-67.0529733466
-67.4953050874
-68.547897666
-69.2278566243
-69.6615701118
-69.9330792006
-70.0
-70.0
-65.2041792524
-61.1920100811
-59.0783082423
-58.174143531
-58.0258399198
-58.3359964224
-57.9986819385
-58.1963371835
-58.7083857577
-59.3920020436
-60.1557717471
-60.9421745109
-61.7159436855
-63.4558893078
-64.7179937042
-65.6513232186
-65.3736183498
-65.3612081503
-65.5083884255
-66.6586254813
-66.6576777296
-66.7685198209
-66.9427410816
-67.1491824687
-67.368074552
-66.718827893
-66.4386523012
-66.3892585361
-62.5964364382
-59.7650594958
-58.4073980138
-57.9792211908
-55.0065287637
0
-70.0
-70.0
-70.0
-70.0
-69.0357869463
-68.4893995491
-64.669256342
-62.5548618729
-61.5343964624
-62.2042445975
-62.866011992
-63.5008720289
-64.0984256501
-61.7998326112
-60.6940157008
-60.3407250312
-59.4522489006
-59.2707549255
-59.519500043
-60.9303056168
-62.0791121072
-63.0324255979
-63.8366661724
-64.524654978
-65.1199597621
-65.6398106405
-66.0970608128
-66.5015088891
-66.8607941053
-67.1810054315
-66.4705242002
-67.1541773081
-67.6592299293
-68.040287171
-69.0379489807
-69.6686144338
-70.0
-70.0
-70.0
-70.0
-70.0
-69.6666210965
-69.4777063845
-69.3817673445
-65.4612129351
-61.9656357774
-58.8415642092
-57.339069128
-56.8596031084
-57.0099367263
-57.5331390062
-58.2626224072
-59.0915583676
-59.9525346649
-60.8040359545
-61.6214688631
-62.3912129795
-63.1066856833
-63.7657464495
-64.3689913609
-64.9186385957
-65.4178056501
-64.8702461801
-65.7126131874
-66.3609462855
-62.9893875623
-61.2001394096
-58.2623568472
-56.8909420815
-56.4757979877
-56.6775182651
-57.2426331561
-58.0069476521
-58.8653047613
-59.7514755348
-56.8927157385
-55.6143693361
-54.3659009591
-54.1379565676
0
-70.0
-70.0
-70.0
-70.0
-69.2663555894
-68.8506237568
-68.6394971986
-68.5581713571
-68.5574368069
-64.7888170517
-62.7013512968
-61.692160134
-61.3635734318
-61.4543022962
-61.7935962049
-58.728055226
-57.2644621312
-56.8108242032
-55.9805642979
0
-70.0
-70.0
-70.0
-70.0
-69.4009199736
-69.061441292
-64.2717443232
-61.2942909814
-59.7980092769
-58.536602908
-58.161872323
-58.3316382279
-55.4502531088
-54.2064136004
0
-70.0
-70.0
-70.0
-70.0
-68.9442777678
-68.3460351696
-68.0422217716
-67.9251930071
-67.9241359815
-67.9926972335
-68.1007440768
-68.2288807136
-68.3648000053
-65.6370004153
-64.4790873141
-63.9683698763
-63.862993751
-64.0043349509
-64.2889951724
-61.9758067728
-59.5608294264
-58.459815371
-58.8875834624
-56.7817458829
-55.9588518057
-55.9331536325
-56.3866296075
-57.1124942056
-54.6054064365
0
-70.0
-70.0
-70.0
-70.0
-70.0
-70.0
-70.0
-70.0
-69.9326522221
-66.0557747571
-64.4166780084
-63.6193306922
-63.3536112794
-63.4157259225
-64.4749396467
-65.2946365596
-65.9433001554
-67.1714253447
-68.0025862802
-68.5678632988
-69.6584711037
-70.0
-70.0
-66.4104003952
-64.3762939525
-62.3443019143
-61.0469632943
-60.5669946791
-60.9988730229
-61.558037595
-62.1749350851
-59.0738293338
-57.5773715719
-57.093584529
-56.3213176475
-57.2553859335
-58.2406473741
-59.2237826592
-56.5165575826
-54.0471332029
0
-70.0
-70.0
-70.0
-70.0
-68.6763934043
-67.9263496668
-67.5454451021
-67.3987208598
-67.3973956191
-67.4833539541
-67.6188171566
-67.7794678395
-67.949875988
-68.1204583441
-68.2854591463
-68.4416109895
-68.5872483957
-64.839862187
-61.7668605429
-58.0399351813
-55.646893236
-54.689504961
-54.6254218306
-55.0994578914
-55.8805642648
-56.8198759467
-57.8228004242
-59.8304602181
-61.3740407538
-62.5877210501
-63.5630051929
-64.3627421721
-65.0304929539
-65.5967936579
-65.0867731124
-64.9445350147
-65.0277076555
-66.2260127883
-67.404128775
-68.1975274079
-68.7336490073
-65.9181442003
-63.4039216184
-62.1152573486
-58.8719712228
-56.5932301362
-55.672877813
-55.5982371586
-56.0335115274
-56.7602257644
-57.6375801145
-54.9197598949
0
-70.0
-70.0
-70.0
-70.0
-68.4637736319
-67.5932453566
-67.1511535462
-66.9808600084
-66.9793218855
-67.0790882822
-64.4868905717
-61.8208048454
-60.4937932481
-60.0144598481
-60.0597111465
-60.4182048873
-61.864902807
-63.0040914653
-63.9208016114
-64.6734676454
-65.3026183442
-65.8366881521
-66.2959070984
-62.8412283325
-61.0070467952
-60.2063029796
-60.0523132576
-60.2915089825
-60.7586427847
-61.3469683065
-60.9883982129
-62.0713592247
-62.9854238576
-63.7676818421
-64.4447805714
-65.0362137899
-61.6928759157
-59.9637773273
-60.2023312666
-60.6720525879
-60.282158491
-56.9999600287
-55.4639756171
0
-70.0
-70.0
-70.0
-70.0
-67.2912916442
-63.0234445902
-60.393043444
-59.1350346414
-58.7423948718
-58.8820645143
-59.3364641493
-59.0230827889
-59.2009512129
-59.6676405603
-59.5883624463
-56.1052595871
0
-70.0
-70.0
-70.0
-70.0
-69.2987103389
-67.9891043594
-67.2703706264
-66.9301180324
-66.828295875
-66.8729260513
-67.0039399554
-63.3437032418
-61.3694377722
-60.4725638981
-60.252020777
-57.3281485848
-54.7016829024
0
-70.0
-70.0
-70.0
-70.0
-65.9189905502
-63.6064185286
-62.431994698
-61.9796072431
-58.898034276
-57.4191560198
-56.3956349766
-56.2350011847
-56.5974542035
0
-70.0
-70.0
-70.0
-70.0
-68.5059193416
-67.6592736351
-67.2293104234
-67.0636888156
-67.0621928904
-66.2909094817
-65.9517757871
-65.3276808219
-65.1089678154
-66.1403233246
-66.8877925194
-67.4400142856
-68.5603839061
-69.2805928816
-68.7952261676
-68.544165267
-67.8865009955
-67.5623523994
-68.3613266666
-68.8953336713
-69.8081156407
-66.812004591
-65.1206044748
-64.8239664782
-64.8185181309
-64.9879651849
-65.2567012444
-65.5760528386
-66.7834414578
-67.9484265806
-68.715803435
-69.2190360998
-69.5470078287
-69.7588906051
-69.8940572507
-69.9786886631
-66.1554344888
-63.9896341679
-62.8904995031
-62.4680020541
-62.4655701829
-62.7152587208
-63.1078965528
-59.9169025411
-58.3384093828
-57.780033175
-57.8523396778
-58.3006455903
-58.959607618
-59.7229979141
-60.523598828
-57.5877596728
-55.2399979817
0
-70.0
-70.0
-70.0
-70.0
-69.5324735592
-65.7248777922
-63.5828244056
-62.5114982268
-62.1183192453
-62.1451345482
-62.4230525783
-62.8423683105
-63.3325454727
-63.8489002543
-65.3614661232
-62.6073589755
-61.2013160544
-60.6509797666
-59.6327127303
-60.2356415081
-60.9228773911
-62.1933452301
-63.5491810926
-64.5777099069
-65.3755701986
-66.0084340337
-66.3626921117
-66.6964905548
-67.0068866022
-67.2928946772
-66.7522672305
-66.5361485215
-66.521939012
-66.6293486726
-66.8061495132
-67.0186917004
-67.2455939561
-67.4735488443
-66.7335552581
-62.5150590538
-58.383366393
-54.9970345025
0
-70.0
-70.0
-70.0
-70.0
-69.7980550752
-69.6836196178
-65.8934246135
-63.7561934571
-62.6819816481
-63.2553762129
-63.8242337446
-64.3714071389
-65.5910346411
-66.4697766545
-67.114695974
-67.5978243666
-64.1515094583
-62.2786701981
-60.4125447877
-60.5539237185
-60.3980647308
-60.6246138471
-57.5303920714
-56.0895126037
-55.6886678362
-55.9252053812
-56.5362877288
-58.3127091041
-59.7681382925
-60.9824578624
-62.0116343423
-62.8954190855
-59.8462448303
-57.3603370139
-56.2901144236
-56.1049770553
-57.431049771
-58.645658408
-59.7529016433
-61.4625212334
-59.0407958704
-57.9530674569
-57.701994827
-57.9612847548
-58.5181492196
-59.2349962579
-60.0239379389
-60.8298383495
-61.6190506509
-58.5893524341
-57.1518884229
-56.717680402
-56.8998995761
-57.4459010947
-57.1921724551
-57.4668628562
-58.049448335
-58.7973513444
-59.619514772
-60.4588290027
-62.2802560887
-63.6304371373
-60.7892071829
-59.3914956374
-58.9064855223
-58.9852632691
-59.3996878082
-60.0016862714
-60.6961624736
-61.4229761125
-62.1449650921
-62.8399929768
-63.4956766083
-64.105897567
-64.6685002233
-65.1837784763
-65.6534861456
-66.0801945423
-62.5891800815
-59.7416383378
-58.3750586803
-58.942408444
-59.6514046875
-60.9773111662
-62.4069446812
-63.5178266342
-64.4004282515
-65.1166416135
-64.7351605384
-64.6817665421
-64.8270045929
-65.0865806037
-65.4061068566
-65.7509523799
-65.1872861097
-65.0095101439
-64.5136386708
-64.3989944978
-64.5169081775
-64.7704261127
-65.0968560034
-65.5868243546
-62.1445296763
-59.0464644659
-56.2582057765
-55.0433103703
-54.8129294476
0
-70.0
-70.0
-70.0
-70.0
-68.7848741079
-68.0963027691
-68.6149292974
-68.9722742378
-69.2209387274
-69.3961061303
-65.6826226434
-63.5984451299
-62.5613237841
-62.1870068504
-62.2228497953
-62.4891426274
-62.8992802391
-63.3820534648
-63.8923156181
-64.4020623894
-64.8945083726
-65.3601590167
-66.7356831059
-67.6698081225
-68.307956195
-67.7645880286
-67.5130808612
-67.4450738653
-67.4894338723
-67.5997354141
-67.7459251587
-68.8827625386
-65.7190130451
-63.9634629142
-63.1113507385
-62.8297050751
-62.899727508
-63.1784167174
-63.5730163524
-64.0240089217
-64.4938041659
-64.9592211736
-65.406497339
-65.8279797937
-66.2199366067
-63.7140299745
-62.4200183294
-61.896277398
-60.8522460307
-60.5307523427
-60.6534977184
-61.0386950199
-61.5685235668
-62.1674699094
-62.7879220513
-63.4005959347
-63.9881804003
-64.5411250663
-65.0548543637
-64.5394911499
-64.4122901833
-64.5222265973
-64.7707808924
-65.0942207731
-65.4518106757
-65.8179709281
-65.235595712
-65.0449840587
-65.0957842647
-65.2897382462
-65.5631193602
-66.8750176485
-67.7663226999
-68.3755616407
-67.8342713928
-63.6980962082
-60.1319171429
-58.321145799
-57.6239781327
-57.6182115951
-58.0274779527
-58.6721218356
-59.4365041041
-60.247249995
-61.0587891965
-61.8437530774
-62.5866063034
-63.2794313622
-63.9191453521
-64.505668901
-61.1704184222
-59.4635875209
-58.7907027294
-58.7606150968
-59.1172086807
-59.6939245417
-60.3834899069
-61.1177794625
-60.8544866169
-61.0013613557
-61.3894408204
-58.0705934144
-56.4769318569
-55.9715038605
-56.1358636007
-56.6966173248
-57.4765156484
-59.3619036631
-60.8477396832
-62.0443166391
-63.027452258
-63.8497518874
-64.5481399355
-61.2952215361
-59.6336297785
-58.9822203981
-58.9586340899
-56.196048875
-54.9986294502
-54.7802234804
0
-70.0
-70.0
-70.0
-70.0
-68.8499591147
-68.1982692798
-67.8673130694
-66.7398341227
-66.1720189506
-65.9589292156
-65.9657777341
-62.2880964558
-60.3385511403
-60.4908546454
-60.8992082602
-61.4475801538
-58.689493897
-56.429000543
-55.1917378458
0
-70.0
-70.0
-70.0
-70.0
-70.0
-70.0
-70.0
-70.0
-70.0
-70.0
-70.0
-70.0
-66.1519807121
-62.6768990347
-60.8359533937
-60.0263081687
-59.872977428
-60.1185464027
-60.595269574
-60.6392389355
-60.6443125879
-60.9592130264
-61.4495128552
-58.2124445258
-56.6631220439
-56.1780911534
-56.3478029139
-56.9047032064
-57.6753532751
-55.0059007565
0
-70.0
-70.0
-70.0
-70.0
-68.6597285139
-67.9002413385
-67.5145409886
-67.3659694124
-67.3646274862
-63.6129543568
-61.5748520005
-60.6328288534
-60.3798540034
-60.5487406266
-60.9651145796
-61.5161017988
-63.1294855219
-60.5944531625
-59.3869519747
-56.8586571725
-55.779725052
-55.6063749447
0
-70.0
-70.0
-70.0
-70.0
-68.08798027
-64.2715901041
-62.172703001
-59.016718282
-57.4892368412
-56.9897734153
-57.1237695793
-57.6333749584
-57.3590663672
-58.2822116049
-59.226691694
-60.1524900244
-61.0362193551
-61.8652496417
-61.7655134017
-61.9801545444
-62.3762674118
-62.8680595519
-63.4008661842
-63.9405212908
-64.4662969783
-65.9585118117
-66.9885569846
-67.7069655222
-68.2144451274
-69.380920522
-70.0
-70.0
-70.0
-70.0
-70.0
-70.0
-70.0
-69.0877712418
-68.5708416121
-68.3083224473
-68.2072002001
-69.1889453152
-68.9367147833
-68.8208193046
-64.9069769832
-62.7284390242
-61.6637016147
-62.2149442866
-61.8929832421
-61.9700405073
-62.2839401829
-62.7294819821
-63.2391576622
-63.7703244816
-64.2966804238
-65.7635861994
-66.7849434581
-66.5309386595
-62.6238621804
-60.5254875536
-59.582279859
-59.3636125803
-59.5869584604
-60.0680673731
-60.6877971417
-61.3700417647
-62.0670538131
-62.7496925816
-63.4009527567
-63.0193844498
-63.0231306507
-63.2579406829
-63.9188433498
-64.5180901717
-65.0603685924
-66.2540937288
-67.095192353
-67.6966784491
-64.2519031624
-62.3766412184
-60.2163464114
-59.2462913135
-59.022715211
-59.2544790424
-59.7517213732
-60.2651270476
-60.8976662172
-61.0250452896
-61.40063789
-58.1300482779
-56.5633595681
-56.0712343566
0
-70.0
-70.0
-70.0
-70.0
-69.4789436284
-69.1836783511
-69.0337299064
-68.9759698427
-68.975448143
-69.0092868518
-65.2239001244
-63.1118714172
-62.0742584789
-61.7158821
-58.6605145757
-57.2052769086
-56.7586250781
-56.9320131438
-57.4716455451
-59.2130192001
-57.0747453025
-56.2226227872
-56.8742988888
-57.7028279202
-58.609851075
-56.1615465442
-55.9563147434
-56.3012985049
-55.964913175
-56.2309182046
-56.8494906155
-57.6589843749
-58.556047818
-58.6074381995
-59.0180244883
-55.8141776471
-54.3647302875
-54.0162375288
-55.3322266093
-56.6107458373
-54.4519757917
-54.3786849417
0
-70.0
-70.0
-70.0
-70.0
-68.3397937357
-67.3990101859
-66.9212397165
-63.3650127232
-61.4524427698
-58.4322570149
-57.0057369949
-56.582967083
-54.0436272474
0
-70.0
-70.0
-70.0
-70.0
-69.3634322176
-70.0
-70.0
-70.0
-69.5993188888
-69.3722662591
-69.2569591393
-69.2125428961
-70.0
-70.0
-70.0
-70.0
-66.7440359815
-64.8989897044
-63.9619956146
-63.6010659736
-63.4738260937
-63.615021296
-63.9125710408
-63.5903114827
-63.6106120317
-63.83577196
-64.176342185
-64.5748062472
-64.9947244763
-65.4135179312
-65.8176767397
-62.3248394006
-59.5109879786
-58.1723108595
-57.7633608927
-57.9258788828
-58.4258603808
-59.1116539336
-60.8853982947
-62.2534649681
-63.8880783622
-61.2563126549
-60.524265031
-60.4008942889
-60.646842034
-61.1061826133
-58.1119521092
-56.7116820697
-56.314463977
-56.5323176555
-57.9144217432
-59.1465368044
-60.2475879477
-61.2332990353
-62.1169490534
-62.9099074292
-63.6220188737
-64.2618851112
-64.8370753501
-65.3542869817
-65.8194710613
-66.2379324736
-66.614411572
-67.9480137475
-68.8165745945
-69.3771586162
-69.7342704088
-66.0745615035
-63.0097177674
-59.2462585764
-57.3466411092
-56.6286492586
-56.6435658396
-57.0977302602
-57.8003045706
-58.6285056711
-59.5044761424
-60.3799092204
-61.2258387599
-63.0243460861
-64.3359722789
-65.3117489187
-66.0534899385
-66.6300848859
-67.088372358
-67.4603990961
-67.7682685024
-64.1463967586
-62.1683938204
-61.2426455968
-60.9791084761
-60.1217716926
-59.9366438994
-59.6054568713
-60.7509457671
-61.7465409124
-62.6190133024
-63.3885296264
-64.0706217666
-64.6775229918
-65.2190796272
-66.6448499574
-67.6121504903
-64.3944261129
-62.6506439495
-59.6917908293
-58.1335369178
-57.5941333403
-57.6840200825
-58.1484847917
-58.8222141242
-59.5990445862
-60.4118413772
-61.2191247392
-61.9961905985
-62.7292237607
-63.4114028661
-64.3736635671
-65.1385645354
-65.7595529653
-66.2734942576
-62.8283762105
-61.0003595085
-59.2620651671
-58.2436863901
-58.0245362442
-57.7366727263
-57.9727321913
-58.5152767973
-59.2236276677
-61.0027123699
-57.6854955567
-56.1056489503
-55.6208860214
-55.8093320634
-56.3954219531
-57.2005618218
-58.1102936823
-55.3961428501
-54.2544475891
0
-70.0
-70.0
-70.0
-70.0
-65.4520047488
-62.5787475866
-59.8076309555
-58.4847066117
-58.0747951183
-59.0288241875
-59.0254751529
-59.389283227
-59.9612586306
-56.9827550926
-55.6295611334
-55.2966593867
-55.5870296925
-56.2416842196
-57.0930874618
-58.0341598251
-59.9861035623
-61.4910663526
-61.6853824949
-58.2628616322
-56.0450315047
-55.1794990446
-54.5986407116
-54.7635043547
-54.8147501732
-55.3516726585
-56.1621037277
-57.1096255783
-58.1078178361
-55.286874798
-54.0847464818
0
-70.0
-70.0
-70.0
-70.0
-70.0
-70.0
-66.5574067142
-64.6066038523
-63.6159020067
-64.102596923
-64.5911939754
-65.0646457409
-65.5132286089
-65.9319373761
-62.5866849812
-60.826644045
-60.0763980151
-59.9570371299
-60.2201860279
-61.6867276358
-62.8437616793
-63.7765233828
-60.8115498829
-60.1413165893
-59.0678017114
-56.0551870752
-54.1216116804
0
-70.0
-70.0
-70.0
-70.0
-69.2816397704
-68.8745689736
