-67.93
-66.887
-66.4949666667
-65.6865811111
-64.6553304074
-63.5247356383
-63.1922209222
-62.5296380618
-60.8711004102
-59.4902744722
-58.3221030936
-58.1404634967
-57.736797622
-57.2133715098
-57.4555367922
-57.3289847352
-56.9854206764
-56.523101552
-56.0049400256
-55.4705451089
-54.9442233219
-54.4402894724
0
-70.0
-70.0
-70.0
-70.0
-67.9353103743
-66.0753195865
-64.4001477942
-62.071706459
-60.2489181093
-58.7902811625
-58.4187562889
-57.8918828219
-57.2893626476
-56.6615384547
-56.0394593239
-55.4415632012
-54.8781067543
0
-70.0
-70.0
-70.0
-70.0
-68.6464674786
-67.1894657164
-65.7189491353
-64.2893408821
-62.9319312341
-61.6630877375
-59.6696787149
-58.1279773442
-56.9086906104
-56.7434955497
-56.3962619949
-55.9513797956
-55.4627378162
-54.9641280346
-54.4761578979
0
-70.0
-70.0
-70.0
-70.0
-67.8289030599
-65.9086147938
-64.2028213411
-62.6825845581
-61.3243563363
-60.1086075254
-59.0188713213
-58.0410672215
-57.1630158542
-56.3740845054
-55.6649228792
-55.0272618076
-54.4537564377
0
-70.0
-70.0
-70.0
-70.0
-67.9299315938
-65.2468928303
-63.1055064779
-61.3604911171
-59.9114655301
-57.8683346603
-57.176844983
-56.4993896772
-55.8529368378
-54.4266339063
0
-70.0
-70.0
-70.0
-70.0
-68.5743284062
-67.8964478364
-66.0498379
-64.3835440081
-62.8809828728
-61.5267467624
-60.3066468708
-59.2076987068
-58.2180731849
-57.3270287655
-56.5248344884
-55.8026901059
-55.1526471395
-54.5675331217
-54.0408802736
0
-70.0
-70.0
-70.0
-70.0
-67.9300088199
-66.0670138178
-64.390316356
-62.8812873337
-61.5231603425
-60.3008454697
-59.2007616971
-58.2106860436
-58.1396177834
-57.8023229011
-57.3165352084
-56.7578447525
-56.1740356539
-55.5946156729
-55.0371431619
-54.5114215499
-54.842274531
-54.8560438353
-54.6791039567
-54.3936365644
-54.0525682434
0
-70.0
-70.0
-70.0
-70.0
-67.7018119362
-65.7095053667
-63.9671379128
-63.2528128433
-62.3591240402
-61.3876066237
-59.5817759529
-58.1555516854
-57.0046320687
-56.0572592298
-55.263593552
-54.5886076937
-54.0073292555
0
-70.0
-70.0
-70.0
-70.0
-68.6340401498
-67.1699962347
-65.6959033444
-64.2649174988
-62.9074954082
-61.6394589735
-59.6473218136
-58.1071287905
-56.889442017
-55.9058485523
-55.0954975217
-54.4161036527
0
-70.0
-70.0
-70.0
-70.0
-67.9212345357
-66.0532674393
-64.3740449334
-62.8640432655
-61.5059074892
-60.2841624404
-59.1849766632
-58.1959659747
-57.3060273625
-56.5051966164
-55.7845249482
-55.1359711157
-54.5523064456
-54.0270307621
0
-70.0
-70.0
-70.0
-70.0
-67.5655516015
-64.6760308424
-62.4297840255
-60.6443764678
-59.194986051
-57.1755189325
-55.7013213637
0
-70.0
-70.0
-70.0
-70.0
-67.923710119
-66.0571458531
-64.3786357652
-62.8689085202
-60.6907752226
-59.0042027365
-57.6687858204
-56.5885761434
-55.697497799
-55.7696008658
-55.5972093436
-55.2838674522
-54.896400069
-54.4773729701
-54.0533776117
0
-70.0
-70.0
-70.0
-70.0
-68.2351844775
-66.545122348
-64.9562476588
-63.4810479233
-62.1232264845
-60.8810927384
-59.7497760662
-59.542660194
-59.0769686642
-58.4716547908
-57.8027446404
-57.1179737289
-56.4465120576
-55.8054179863
-55.2039142773
-54.6462149093
-54.1333881249
0
-70.0
-70.0
-70.0
-70.0
-67.9319133899
-65.2499976441
-63.1091816085
-61.3643859336
-59.9153623308
-57.8721027581
-57.1804102559
-56.5027144127
-55.8560064264
-55.249448087
-54.6871981472
-54.1702749117
0
-70.0
-70.0
-70.0
-70.0
-69.0859876284
-67.8780472844
-66.5340148353
-65.1531282046
-63.7961586193
-62.4987715809
-61.2803803051
-60.1499995295
-59.1101044131
-58.1591638629
-57.2932940706
-55.6873290596
-54.5108390843
0
-70.0
-70.0
-70.0
-70.0
-68.1257524658
-66.3736788631
-64.7533120727
-63.265981596
-61.9080505902
-60.6730236336
-59.5529066719
-58.5390729392
-57.6228036016
-56.7956152123
-56.0494483383
-56.1967666026
-56.0552653411
-55.7451890729
-55.3443036761
-54.9022956489
-54.4503476443
0
-70.0
-70.0
-70.0
-70.0
-67.831522661
-66.7327188355
-65.4923459124
-64.2083772948
-62.9410502144
-61.7259522924
-60.5826951294
-59.5206509939
-58.5427361462
-57.6478960327
-56.8327287635
-56.0925374432
-55.4220047363
-54.8156182875
-54.2679324754
-54.5937232389
-54.6127402558
-54.447059124
-54.1760818075
0
-70.0
-70.0
-70.0
-70.0
-67.5869528534
-64.7095594703
-62.4694714582
-60.6864362689
-59.2370672797
-58.8562103102
-59.1291557849
-58.9652845435
-57.7247856472
-56.6996601212
-55.8379294682
-55.1029600941
-54.4685464666
0
-70.0
-70.0
-70.0
-70.0
-68.7452489334
-67.344223329
-65.9021338554
-65.3034757093
-64.4108316314
-63.371550797
-62.278930603
-61.1907274666
-60.1414480025
-59.150498724
-58.2275791994
-57.3762415113
-56.5962308481
-55.8850167552
-55.238787741
-54.6530907411
-54.1232361831
0
-70.0
-70.0
-70.0
-70.0
-68.7201084898
-67.304836634
-65.8555122993
-64.4340672886
-63.0767313725
-61.8031054438
-60.6221597051
-59.5361869384
-58.5433970471
-57.6396098774
-56.8193505797
-56.0765499817
-54.5849846235
0
-70.0
-70.0
-70.0
-70.0
-67.6965702839
-65.7012934448
-63.9574175598
-62.4225114435
-61.0641507256
-60.6769959373
-60.0654698665
-59.3397052284
-58.5695896046
-57.7985339102
-57.0526160299
-56.3466447673
-55.6881738509
-55.0801521727
-54.5226674267
-54.0140876648
0
-70.0
-70.0
-70.0
-70.0
-67.6882386375
-66.5082405322
-65.2266336512
-63.9267817342
-62.6593111929
-62.273518495
-61.6095922598
-60.8009167767
-59.9323475942
-59.0567944983
-58.2062361575
-57.3990266144
-56.6447333347
-56.7673329224
-56.5919815776
-56.2437047182
-55.8032817786
-55.3222519555
-54.8328923298
-54.3548468101
0
-70.0
-70.0
-70.0
-70.0
-67.828622219
-65.9081748098
-64.2023005372
-62.6820326225
-61.3238041195
-60.1080735471
-59.0183660854
-58.0405960722
-57.1625808619
-56.373685707
-55.6645590905
-55.0269311509
-55.2734566821
-56.0422567781
-56.2787949431
-57.008091344
-57.1887328064
-57.8541599236
-58.7882775298
-59.8524721759
-60.139239891
-59.9499925237
-60.3014443525
-60.1456006381
-59.6905743881
-59.0712061586
-58.3738783489
-57.6530190514
-56.9420695046
-56.2607641263
-55.6199554285
-55.8448050288
-55.7615546214
-55.4962192229
-55.9504773431
-56.001349637
-55.8084946922
-55.4758319022
-54.2503731648
0
-70.0
-70.0
-70.0
-70.0
-67.0566336968
-64.698726125
-62.7706907111
-61.164846439
-59.8058449945
-58.6402492946
-58.4495502316
-58.030145786
-57.4874982591
-56.8889931344
-56.2769236217
-55.6771177934
-55.1046637033
-54.5677024591
0
-70.0
-70.0
-70.0
-70.0
-67.4613913965
-65.3328465212
-63.5212913787
-61.9603152472
-60.6017190601
-59.4098373791
-58.3577137912
-57.4245158455
-56.5937798832
-55.8522123097
-55.1888646886
-55.4145606263
-55.3461595014
-55.1035801764
-54.7645799089
-54.3790270847
0
-70.0
-70.0
-70.0
-70.0
-67.9441261052
-66.9091308981
-65.7011627439
-64.4296764266
-63.9824620887
-63.224718083
-62.3059144101
-61.321101726
-60.3295107247
-58.5469057665
-57.1691125993
-56.0801329457
-55.200740722
-54.4764140304
0
-70.0
-70.0
-70.0
-70.0
-68.0801890704
-65.4822962104
-63.3841506206
-61.6557915795
-60.2069164354
-58.9740274678
-57.911826505
-56.9874450438
-56.176567999
-54.6408228388
0
-70.0
-70.0
-70.0
-70.0
-67.8555450548
-66.7703539192
-65.5368941072
-64.2555884164
-63.808285388
-63.0562940581
-62.1465561249
-60.3524948274
-58.9076415547
-57.7204748726
-56.7274923676
-55.8841197856
-55.158625577
-54.5280415325
-54.7954230548
-54.7726711996
-54.5765977132
-54.2830670309
0
-70.0
-70.0
-70.0
-70.0
-67.9505545428
-66.099202117
-64.4284172577
-62.9216657668
-60.7435593467
-58.2352435165
-57.2524125678
-56.3976335796
-54.8281784007
0
-70.0
-70.0
-70.0
-70.0
-67.8545263696
-65.9487579791
-64.2503383455
-62.7329419538
-61.374739387
-60.157326534
-59.8849679377
-59.3687205154
