-63.0
-59.0333333333
-57.0188888889
-56.2429259259
-56.235917284
-56.690514856
-57.406922904
-58.2565369693
0
-70.0
-70.0
-70.0
-70.0
-70.0
-70.0
-70.0
-68.298654321
-67.3345584362
-66.8449489575
-66.6563516383
-66.6546481922
-66.7651378515
-66.9392603853
-67.1457585594
-60.6379279414
-57.0452986393
-55.3215444367
-54.7765737672
-54.9570389066
-55.5667500267
-70.0
-70.0
-70.0
-70.0
-70.0
-70.0
-70.0
-70.0
-70.0
-70.0
-63.9007849987
-60.4445631647
-58.6893446254
-58.0132353477
-58.0071286028
-58.4032269358
-59.0274450377
-59.7677277309
0
-70.0
-70.0
-70.0
-70.0
-70.0
-70.0
-70.0
-70.0
-70.0
-70.0
-70.0
-70.0
-70.0
-70.0
-70.0
-63.3235206919
-59.5401824172
-57.6188400386
-56.8787399434
-56.8720552215
-57.3056425477
-57.9889401918
-58.7992874385
-62.3223504669
-70.0
-70.0
-70.0
-70.0
-70.0
-70.0
-70.0
-66.0702371038
-63.8433714626
-62.7124730291
-62.2768515347
-62.2729169202
-62.5281255876
-62.9303132684
-63.4072821012
-57.1863497604
0
-70.0
-70.0
-70.0
-70.0
-70.0
-70.0
-70.0
-70.0
-70.0
-70.0
-70.0
-70.0
-70.0
-70.0
-63.6939066877
-60.1204538107
-58.3057002908
-57.6066581692
-57.6003442906
-58.0098778204
-58.6552686776
-59.4206609027
0
-70.0
-70.0
-70.0
-70.0
-70.0
-70.0
-70.0
-70.0
-70.0
-70.0
-70.0
-70.0
-70.0
-70.0
-70.0
-63.2975170677
-59.4994434061
-57.5706177623
-56.8276351173
-56.8209243596
-57.2562004264
-57.9421593856
-68.4276949654
-70.0
-70.0
-70.0
-70.0
-70.0
-70.0
-70.0
-70.0
-64.1495282852
-60.8342609802
-59.1506252312
-58.5020896074
-58.4962319129
-58.8761762324
-59.4749369497
-60.1850288151
-54.2113787367
0
-70.0
-70.0
-70.0
-70.0
-70.0
-70.0
-70.0
-70.0
-70.0
-70.0
-70.0
-70.0
-70.0
-70.0
-63.5493731647
-59.894017958
-58.037670902
-57.3226069717
-57.3161483811
-57.7350682808
-58.3952512778
-59.1781860335
0
-70.0
-70.0
-70.0
-70.0
-70.0
-70.0
-70.0
-68.6977942387
-67.9598776406
-67.5851317604
-67.4407798403
-67.4394760268
-67.5240445379
-67.6573174933
-67.8153706834
-61.2561526708
-57.612083441
-55.838572455
-55.2465134482
-55.3830609293
-55.9522207202
-66.7364498603
-70.0
-70.0
-70.0
-70.0
-70.0
-70.0
-70.0
-70.0
-70.0
-63.7910315747
-60.2726161336
-58.4858129979
-57.7975373499
-57.791320716
-58.1945467119
-58.829997419
-59.5836012626
0
-70.0
-70.0
-70.0
-70.0
-70.0
-70.0
-70.0
-70.0
-70.0
-70.0
-70.0
-70.0
-70.0
-70.0
-70.0
-63.3750876579
-59.620970664
-57.7144681123
-56.9800843108
-56.9734512195
-57.4036896575
-58.0817097316
-58.8857981184
-63.1145218013
-70.0
-70.0
-70.0
-70.0
-70.0
-70.0
-70.0
-64.7974966141
-61.849411362
-60.3522464988
-59.7755393642
-59.7703304379
-60.1081940676
-60.6406391098
-61.2720848315
-55.2150118663
0
-70.0
-70.0
-70.0
-70.0
-70.0
-70.0
-69.7675429976
-69.635817363
-69.5689214034
-69.5431531142
-69.5429203702
-69.5580167115
-69.5818072925
-69.6100213981
-62.9130782443
-59.1311430772
-57.2242772077
-56.5060151125
-66.4289140694
-70.0
-70.0
-70.0
-70.0
-70.0
-70.0
-70.0
-70.0
-70.0
-70.0
-70.0
-63.3469114361
-59.5768279166
-57.6622168743
-56.9247096865
-56.9180483842
-57.3501166567
-58.0310203983
-58.83852863
-59.5255965404
-70.0
-70.0
-70.0
-70.0
-70.0
-70.0
-70.0
-64.5703924479
-61.4936148351
-59.9310944395
-59.3292123875
-59.3237760768
-59.6763884211
-60.2320762136
-60.8910863487
-54.863251981
0
-70.0
-70.0
-70.0
-70.0
-70.0
-70.0
-70.0
-70.0
-70.0
-70.0
-70.0
-70.0
-70.0
-70.0
-63.2787878007
-59.4701008878
-57.5358853771
-56.7908265581
-63.6083142026
-70.0
-70.0
-70.0
-70.0
-70.0
-70.0
-70.0
-70.0
-70.0
-70.0
-70.0
-63.3271004117
-59.5457906449
-57.6254784301
-56.8857751535
-56.8790940157
-57.3124488659
-57.9953801471
-58.805292911
-61.9641009587
-70.0
-70.0
-70.0
-70.0
-70.0
-70.0
-70.0
-66.3202716248
-64.2350922122
-63.1761481575
-62.7682434528
-62.7645591816
-63.0035299794
-63.3801281255
-63.826749409
-57.5736262949
-54.2359648833
0
-70.0
-70.0
-70.0
-70.0
-70.0
-70.0
-70.0
-70.0
-70.0
-70.0
-70.0
-70.0
-70.0
-63.845542651
-60.3580168199
-58.5869007606
-57.9046677663
-57.8985057109
-58.2981916206
-58.9280634457
-59.6750510926
0
-70.0
-70.0
-70.0
-70.0
-70.0
-70.0
-70.0
-70.0
-70.0
-70.0
-70.0
-70.0
-70.0
-70.0
-70.0
-63.3293421471
-59.5493026971
-57.6296356039
-56.8901808278
-56.8835019346
-57.3167112009
-57.9994130539
-69.4764261909
-70.0
-70.0
-70.0
-70.0
-70.0
-70.0
-70.0
-70.0
-64.2494717583
-60.9908390881
-59.3359648496
-58.6985081449
-58.6927505172
-59.0662042567
-59.6547363585
-60.352697741
-54.3661804086
0
-70.0
-70.0
-70.0
-70.0
-70.0
-70.0
-70.0
-70.0
-70.0
-70.0
-70.0
-70.0
-70.0
-70.0
-63.5762915545
-59.936190102
-58.0875895605
-57.3755095835
-57.3690779446
-57.7862496964
-58.4436777576
-59.2233453357
0
-70.0
-70.0
-70.0
-70.0
-70.0
-70.0
-70.0
-69.2095308642
-68.7615983539
-68.5341189026
-68.4464939351
-68.44570249
-68.49703754
-68.5779373187
-68.6738792753
-62.0487775695
-58.3387572938
-56.5014532185
-55.8490223328
-55.9292630569
-56.4464320561
-68.1871675098
-70.0
-70.0
-70.0
-70.0
-70.0
-70.0
-70.0
-70.0
-70.0
-63.8654779516
-60.3892487908
-58.623869668
-57.9438465387
-57.9377044432
-58.3360957044
-58.963927271
-59.7084953019
0
-70.0
-70.0
-70.0
-70.0
-70.0
-70.0
-70.0
-70.0
-70.0
-70.0
-70.0
-70.0
-70.0
-70.0
-70.0
-63.4113314554
-59.6777526135
-57.7816802212
-57.0513141118
-57.0447173091
-57.4726019839
-58.1469127226
-58.946602075
-64.1720845644
-70.0
-70.0
-70.0
-70.0
-70.0
-70.0
-70.0
-64.9804653305
-62.1360623511
-60.6915518184
-60.1351271048
-60.1301013732
-60.4560825551
-60.9698018458
-61.5790400253
-55.498410695
0
-70.0
-70.0
-70.0
-70.0
-70.0
-70.0
-70.0
-70.0
-70.0
-70.0
-70.0
-70.0
-70.0
-70.0
-63.2874952015
-59.4837424824
-57.5520327681
-56.8079391807
-58.6539875347
-70.0
-70.0
-70.0
-70.0
-70.0
-70.0
-70.0
-70.0
-70.0
-70.0
-70.0
-63.4972531438
-59.8123632586
-57.9410172188
-57.2201756877
-57.2136649127
-57.6359696173
-58.3014867862
-59.090747528
-63.9040796227
-70.0
-70.0
-70.0
-70.0
-70.0
-70.0
-70.0
-64.9700742126
-62.1197829331
-60.6722820676
-60.1147054794
-60.1096693438
-60.436325351
-60.9511081103
-61.5616074955
-55.482315973
0
-70.0
-70.0
-70.0
-70.0
-70.0
-70.0
-70.0
-70.0
-70.0
-70.0
-70.0
-70.0
-70.0
-70.0
-63.292595788
-59.4917334012
-57.5614915224
-56.8179633444
-58.6917115775
-70.0
-70.0
-70.0
-70.0
-70.0
-70.0
-70.0
-70.0
-70.0
-70.0
-70.0
-63.5036847314
-59.8224394125
-57.9529442407
-57.232815663
-57.2263113276
-57.6481983487
-58.3130572832
-59.101537401
-64.0608785157
-70.0
-70.0
-70.0
-70.0
-70.0
-70.0
-70.0
-66.9522825789
-65.2252427069
-64.3481773602
-64.0103322401
-64.0072807601
-64.20520718
-64.5171227927
-64.8870347339
-58.5525431703
-55.1334301264
0
-70.0
-70.0
-70.0
-70.0
-70.0
-70.0
-70.0
-70.0
-70.0
-70.0
-70.0
-70.0
-70.0
-63.892805365
-60.4320617386
-58.674546838
-57.9975530031
-57.9914382688
-58.3880548192
-59.0130895888
-59.7543407976
0
-70.0
-70.0
-70.0
-70.0
-70.0
-70.0
-70.0
-70.0
-70.0
-70.0
-70.0
-70.0
-70.0
-70.0
-70.0
-63.3652501933
-59.6055586362
-57.6962250808
-56.9607507781
-56.9541078373
-57.3849851448
-58.0640120246
-70.0
-70.0
-70.0
-70.0
-70.0
-70.0
-70.0
-70.0
-70.0
-65.1059299279
-62.3326235537
-60.924218944
-60.3817022135
-60.3768021013
-60.6946352973
-61.1955140384
-61.7895241484
-55.6927418389
0
-70.0
-70.0
-70.0
-70.0
-70.0
-70.0
-70.0
-70.0
-70.0
-70.0
-70.0
-70.0
-70.0
-70.0
-63.570921822
-59.9277775211
-58.0776316899
-57.3649564682
-57.3585194528
-57.7760399286
-58.4340175497
-59.2143368707
0
-70.0
-70.0
-70.0
-70.0
-70.0
-70.0
-70.0
-69.7134032922
-69.5509984911
-69.4685223274
-69.4367525516
-69.4364656011
-69.4550779107
-69.4844093661
-69.5191945939
-62.8292216735
-59.0542638656
-57.1541470519
-56.442272062
-56.4670713327
-56.9330485173
-69.624278331
-70.0
-70.0
-70.0
-70.0
-70.0
-70.0
-70.0
-70.0
-70.0
-64.4284064176
-61.2711700542
-59.6677892344
-59.050167768
-59.0445892959
-59.4064225694
-59.9766417812
-60.652885249
-54.6433309175
0
-70.0
-70.0
-70.0
-70.0
-70.0
-70.0
-70.0
-70.0
-70.0
-70.0
-70.0
-70.0
-70.0
-70.0
-63.4454988456
-59.7312815248
-57.8450417481
-57.1184631572
-57.111900564
-57.5375663227
-58.2083802338
-59.0039225727
-65.2043323039
-70.0
-70.0
-70.0
-70.0
-70.0
-70.0
-70.0
-65.1476623182
-62.3980042986
-61.0016093435
-60.4637187257
-60.4588603974
-60.7739833873
-61.2705910682
-61.8595359746
-55.7573808154
0
-70.0
-70.0
-70.0
-70.0
-70.0
-70.0
-70.0
-70.0
-70.0
-70.0
-70.0
-70.0
-70.0
-70.0
-63.3099227267
-59.5188789385
-57.5936233677
-56.8520159129
-56.8453175763
-70.0
-70.0
-70.0
-70.0
-70.0
-70.0
-70.0
-70.0
-70.0
-70.0
-70.0
-63.6303750693
-60.0209209419
-58.1878844341
-57.4817997149
-57.4754222262
-57.8890816588
-58.5409745964
-59.3140778724
-55.0598750888
-70.0
-70.0
-70.0
-70.0
-70.0
-70.0
-70.0
-66.6594349111
-64.7664480274
-63.8051076296
-63.4347998032
-63.431455114
-63.6483997966
-63.990286613
-64.3957424824
-58.0989536841
-54.717581949
0
-70.0
-70.0
-70.0
-70.0
-70.0
-70.0
-70.0
-70.0
-70.0
-70.0
-70.0
-70.0
-70.0
-63.9509536825
-60.5231607693
-58.7823796624
-58.1118316762
-58.1057751619
-58.4986154146
-59.1176990524
-59.8518926
0
-70.0
-70.0
-70.0
-70.0
-70.0
-70.0
-70.0
-70.0
-70.0
-70.0
-70.0
-70.0
-70.0
-70.0
-70.0
-63.3191366568
-59.5333140956
-57.610710089
-56.8701240154
-56.8634349041
-57.2973069405
-57.9810532644
-70.0
-70.0
-70.0
-70.0
-70.0
-70.0
-70.0
-70.0
-70.0
-64.4551748312
-61.3131072355
-59.7174297703
-59.1027756321
-59.0972239615
-59.4573188271
-60.0247984522
-60.6977929455
-54.6847923061
0
-70.0
-70.0
-70.0
-70.0
-70.0
-70.0
-70.0
-70.0
-70.0
-70.0
-70.0
-70.0
-70.0
-70.0
-63.6626317804
-60.0714564559
-58.2477027127
-57.5451937097
-57.5388485176
-57.9504131184
-58.5990047749
-59.368192943
0
-70.0
-70.0
-70.0
-70.0
-70.0
-70.0
-70.0
-70.0
-70.0
-70.0
-70.0
-70.0
-70.0
-70.0
-70.0
-63.2781024222
-59.469027128
-57.5346143806
-56.7894795862
-56.78274939
-57.2192862926
-70.0
-70.0
-70.0
-70.0
-70.0
-70.0
-70.0
-70.0
-70.0
-70.0
-63.9992379402
-60.5988061064
-58.8719201358
-58.206724549
-58.2007163786
-58.5904209304
-59.2045629638
-59.932896085
0
-70.0
-70.0
-70.0
-70.0
-70.0
-70.0
-70.0
-70.0
-70.0
-70.0
-70.0
-70.0
-70.0
-70.0
-70.0
-63.5793870176
-59.9410396608
-58.0933299248
-57.3815930857
-57.375164546
-57.7921352707
-58.4492465298
-59.2285384009
-66.2790193786
-70.0
-70.0
-70.0
-70.0
-70.0
-70.0
-70.0
-65.227836712
-62.5236108488
-61.1502883025
-60.6212851647
-60.6165071099
-60.9264233733
-61.4148256856
-61.9940395501
-55.8815623133
0
-70.0
-70.0
-70.0
-70.0
-70.0
-70.0
-70.0
-70.0
-70.0
-70.0
-70.0
-70.0
-70.0
-70.0
-63.3289324091
-59.5486607742
-57.6288757675
-56.8893755712
-56.8826962677
-70.0
-70.0
-70.0
-70.0
-70.0
-70.0
-70.0
-70.0
-70.0
-70.0
-70.0
-63.6667129769
-60.0778503305
-58.255271065
-57.5532144702
-57.5468733643
-57.958172922
-58.6063468925
-59.3750397117
0
-70.0
-70.0
-70.0
-70.0
-70.0
-70.0
-70.0
-70.0
-70.0
-70.0
-70.0
-70.0
-70.0
-70.0
-70.0
-63.2773055146
-59.4677786396
-57.5331365599
-56.7879134268
-56.7811824327
-57.2177710884
-70.0
-70.0
-70.0
-70.0
-70.0
-70.0
-70.0
-70.0
-70.0
-70.0
-64.3021719863
-61.0734027786
-59.4336944946
-58.8020797078
-58.7963748454
-59.1664060998
-59.7495446491
-60.4411096237
-54.4478073839
0
-70.0
-70.0
-70.0
-70.0
-70.0
-70.0
-70.0
-70.0
-70.0
-70.0
-70.0
-70.0
-70.0
-70.0
-63.4323568562
-59.710692408
-57.8206706588
-57.092635254
-57.0860595027
-57.5125787351
-58.1847376501
-70.0
-70.0
-70.0
-70.0
-70.0
-70.0
-70.0
-70.0
-70.0
-64.5592571959
-61.4761696069
-59.9104447333
-59.307328318
-59.3018808583
-59.6552163538
-60.2120437727
-60.8724054315
-54.8460046753
0
-70.0
-70.0
-70.0
-70.0
-70.0
-70.0
-70.0
-70.0
-70.0
-70.0
-70.0
-70.0
-70.0
-70.0
-63.8375731342
-60.3455312435
-58.5721217344
-57.8890053044
-57.8828352696
-58.2830387397
-58.9137261972
-59.6616811317
0
-70.0
-70.0
-70.0
-70.0
-70.0
-70.0
-70.0
-70.0
-70.0
-70.0
-70.0
-70.0
-70.0
-70.0
-70.0
-63.2935876055
-59.4932872487
-57.5633307929
-56.8199125597
-56.8131978678
-57.2487291237
-70.0
-70.0
-70.0
-70.0
-70.0
-70.0
-70.0
-70.0
-70.0
-70.0
-64.0590830194
-60.6925633971
-58.9828995104
-58.3243378614
-58.31838961
-58.7042076721
-59.3122249203
-60.0332944386
-54.0712887644
0
-70.0
-70.0
-70.0
-70.0
-70.0
-70.0
-70.0
-70.0
-70.0
-70.0
-70.0
-70.0
-70.0
-70.0
-63.5580460973
-59.9076055525
-58.0537543738
-57.3396518541
-57.3332019472
-57.7515586048
-58.4108539792
-59.1927360712
-67.1017945204
-70.0
-70.0
-70.0
-70.0
-70.0
-70.0
-70.0
-65.4082467075
-62.806253175
-61.4848486164
-60.9758442607
-60.9712468386
-61.269446824
-61.7393852545
-62.2967021376
-56.1609979591
0
-70.0
-70.0
-70.0
-70.0
-70.0
-70.0
-70.0
-70.0
-70.0
-70.0
-70.0
-70.0
-70.0
-70.0
-63.3471530374
-59.5772064252
-57.6626649104
-56.9251845045
-56.9185234442
-62.3954676054
-70.0
-70.0
-70.0
-70.0
-70.0
-70.0
-70.0
-70.0
-70.0
-70.0
-63.7549948954
-60.2161586694
-58.4189849782
-57.7267145976
-57.7204618826
-58.1260281908
-58.7651670361
-59.5231447754
0
-70.0
-70.0
-70.0
-70.0
-70.0
-70.0
-70.0
-70.0
-70.0
-70.0
-70.0
-70.0
-70.0
-70.0
-70.0
-63.3022667201
-59.5068845282
-57.5794257287
-56.8369695914
-56.8302635894
-57.2652312018
-70.0
-70.0
-70.0
-70.0
-70.0
-70.0
-70.0
-70.0
-70.0
-70.0
-64.6380944894
-61.5996813667
-60.0566441142
-59.4622669589
-59.4568984337
-59.8051140375
-60.3538729319
-61.0046658374
-54.968115149
0
-70.0
-70.0
-70.0
-70.0
-70.0
-70.0
-70.0
-70.0
-70.0
-70.0
-70.0
-70.0
-70.0
-70.0
-63.4664247734
-59.7640654783
-57.8838477187
-57.1595888056
-57.1530471642
-57.5773539406
-58.2460262084
-69.0953863176
-70.0
-70.0
-70.0
-70.0
-70.0
-70.0
-70.0
-70.0
-64.5717383331
-61.4957233886
-59.9335903089
-59.3318574508
-59.3264224876
-59.6789474267
-60.234497476
-60.8933442563
-54.8653366122
0
-70.0
-70.0
-70.0
-70.0
-70.0
-70.0
-70.0
-70.0
-70.0
-70.0
-70.0
-70.0
-70.0
-70.0
-63.6704690681
-60.0837348733
-58.2622365273
-57.5605963022
-57.554258957
-57.9653145847
-58.6131041418
-59.3813410713
0
-70.0
-70.0
-70.0
-70.0
-70.0
-70.0
-70.0
-70.0
-70.0
-70.0
-70.0
-70.0
-70.0
-70.0
-70.0
-63.3083081559
-59.5163494442
-57.5906292357
-56.8488428028
-56.8421428496
-57.276718116
-70.0
-70.0
-70.0
-70.0
-70.0
-70.0
-70.0
-70.0
-70.0
-70.0
-64.1144434547
-60.7792947457
-59.0855623621
-58.4331375199
-58.4272446972
-58.8094675137
-59.4118189532
-60.1261691851
-54.1570361142
0
-70.0
-70.0
-70.0
-70.0
-70.0
-70.0
-70.0
-70.0
-70.0
-70.0
-70.0
-70.0
-70.0
-70.0
-63.6385642658
-60.0337506831
-58.2030708441
-57.4978939125
-57.4915246232
-57.9046522288
-58.5557070512
-59.3278163763
-68.029207057
-70.0
-70.0
-70.0
-70.0
-70.0
-70.0
-70.0
-65.5046012097
-62.9572085619
-61.6635326879
-61.1652094071
-61.1607084585
-61.4526509407
-61.9127280653
-62.4583500712
-56.3102407019
0
-70.0
-70.0
-70.0
-70.0
-70.0
-70.0
-70.0
-70.0
-70.0
-70.0
-70.0
-70.0
-70.0
-70.0
-63.3794715273
-59.627838726
-57.7225977544
-56.988699913
-56.982071211
-57.6703821602
-69.8917146713
-70.0
-70.0
-70.0
-70.0
-70.0
-70.0
-70.0
-70.0
-70.0
-63.5709901631
-59.9278845888
-58.0777584247
-57.3650907787
-57.3586538318
-57.7761698693
-58.4341404961
-59.2144515223
-54.0436260471
-69.9274471721
-70.0
-70.0
-70.0
-70.0
-70.0
-70.0
-66.849418521
-65.0640890163
-64.1574216795
-63.8081738882
-63.8050194171
-64.0096260872
-64.3320692197
-64.7144661252
-58.3932178272
-54.9873615875
0
-70.0
-70.0
-70.0
-70.0
-70.0
-70.0
-70.0
-70.0
-70.0
-70.0
-70.0
-70.0
-70.0
-64.0525322359
-60.682300503
-58.9707514464
-58.311463631
-58.3055088206
-58.6917523071
-59.3004399887
-60.0223045981
-54.0611423066
0
-70.0
-70.0
-70.0
-70.0
-70.0
-70.0
-70.0
-70.0
-70.0
-70.0
-70.0
-70.0
-70.0
-70.0
-63.489709631
-59.8005450885
-57.9270281935
-57.20535045
-57.1988321222
-57.6216267215
-58.2879159236
-65.7487803372
-70.0
-70.0
-70.0
-70.0
-70.0
-70.0
-70.0
-70.0
-64.8336472318
-61.9060473297
-60.4192858109
-59.8465860392
-59.8414133082
-60.176929226
-60.7056744692
-61.3327324661
-55.2710052782
0
-70.0
-70.0
-70.0
-70.0
-70.0
-70.0
-70.0
-70.0
-70.0
-70.0
-70.0
-70.0
-70.0
-70.0
-63.7033608924
-60.135265398
-58.3232325882
-57.6252384827
-57.6189340699
-58.0278536199
-58.672276896
-59.4365216317
0
-70.0
-70.0
-70.0
-70.0
-70.0
-70.0
-70.0
-70.0
-70.0
-70.0
-70.0
-70.0
-70.0
-70.0
-70.0
-63.410472568
-59.6764070232
-57.7800874622
-57.0496261435
-57.0430284809
-57.4709689339
-58.1453675746
-70.0
-70.0
-70.0
-70.0
-70.0
-70.0
-70.0
-70.0
-70.0
-64.7534884859
-61.7804652946
-60.27063587
-59.6890503529
-59.6837973642
-60.0245189922
-60.5614680026
-61.198255142
-55.1468480172
0
-70.0
-70.0
-70.0
-70.0
-70.0
-70.0
-70.0
-70.0
-70.0
-70.0
-70.0
-70.0
-70.0
-70.0
-63.5548017861
-59.9025227982
-58.0477379789
-57.3332758213
-57.3268226661
-57.7453900174
-58.4050174276
-59.1872932928
-70.0
-70.0
-70.0
-70.0
-70.0
-70.0
-70.0
-70.0
-66.2470232722
-64.1203364598
-63.040313157
-62.6242887368
-62.6205311268
-62.8642588565
-63.2483535325
-63.7038652203
-57.4601724885
-54.1319510998
0
-70.0
-70.0
-70.0
-70.0
-70.0
-70.0
-70.0
-70.0
-70.0
-70.0
-70.0
-70.0
-70.0
-64.0398208945
-60.6623860681
-58.9471789699
-58.2864820787
-58.2805145414
-58.6675835342
-59.2775721455
-60.0009795741
-54.0414538082
0
-70.0
-70.0
-70.0
-70.0
-70.0
-70.0
-70.0
-70.0
-70.0
-70.0
-70.0
-70.0
-70.0
-70.0
-63.483665867
-59.7910765249
-57.9158203688
-57.1934726629
-57.1869482839
-57.6101353804
-58.2770431256
-70.0
-70.0
-70.0
-70.0
-70.0
-70.0
-70.0
-70.0
-70.0
-64.7072447941
-61.7080168441
-60.1848795126
-59.5981677967
-59.5928685072
-59.9365933166
-60.4782750917
-61.120674987
-55.0752215208
0
-70.0
-70.0
-70.0
-70.0
-70.0
-70.0
-70.0
-70.0
-70.0
-70.0
-70.0
-70.0
-70.0
-70.0
-63.7334997488
-60.1824829398
-58.379123423
-57.6844702656
-57.6781960289
-58.0851582859
-58.7264970306
-59.4870837097
0
-70.0
-70.0
-70.0
-70.0
-70.0
-70.0
-70.0
-70.0
-70.0
-70.0
-70.0
-70.0
-70.0
-70.0
-70.0
-63.3366785777
-59.5607964384
-57.6432406068
-56.9045990877
-56.8979275399
-57.33066036
-61.2369299173
-70.0
-70.0
-70.0
-70.0
-70.0
-70.0
-70.0
-70.0
-70.0
-64.5366166412
-61.4406994046
-59.8684590825
-59.2628329198
-59.2573627915
-59.6121686215
-60.1713131654
-60.8344227863
-54.8109368954
0
-70.0
-70.0
-70.0
-70.0
-70.0
-70.0
-70.0
-70.0
-70.0
-70.0
-70.0
-70.0
-70.0
-70.0
-63.7486056665
-60.2061488775
-58.4071365082
-57.7141578696
-57.7078987575
-58.1138799984
-58.7536727429
-59.5124259649
-54.725489548
-70.0
-70.0
-70.0
-70.0
-70.0
-70.0
-70.0
-68.3797392245
-67.4615914516
-66.9953164062
-66.8157074988
-66.8140852377
-66.9193090398
-67.0851330197
-67.2817896403
-60.7635197209
-57.1604404452
-55.4265781982
-54.8720415768
-55.0435848847
-58.1084654661
-70.0
-70.0
-70.0
-70.0
-70.0
-70.0
-70.0
-70.0
-70.0
-70.0
-64.0496735317
-60.6778218663
-58.9654501382
-58.3058454301
-58.2998877575
-58.6863168954
-59.2952971483
-60.0175087284
-54.0567144817
0
-70.0
-70.0
-70.0
-70.0
-70.0
-70.0
-70.0
-70.0
-70.0
-70.0
-70.0
-70.0
-70.0
-70.0
-63.501596768
-59.8191682699
-57.9490722287
-57.2287121964
-57.2222057704
-57.6442283892
-58.3093010141
-62.4017807834
-70.0
-70.0
-70.0
-70.0
-70.0
-70.0
-70.0
-70.0
-65.9888794133
-63.7159110808
-62.561599712
-62.1169595669
-62.1129434943
-62.3734357343
-62.7839498871
-63.2707933826
-57.0603354633
0
-70.0
-70.0
-70.0
-70.0
-70.0
-70.0
-70.0
-70.0
-70.0
-70.0
-70.0
-70.0
-70.0
-70.0
-63.8341579366
-60.3401807674
-58.5657884403
-57.8822934293
-57.8761199751
-58.2765452367
-58.9075822192
-59.655951668
0
-70.0
-70.0
-70.0
-70.0
-70.0
-70.0
-70.0
-70.0
-70.0
-70.0
-70.0
-70.0
-70.0
-70.0
-70.0
-63.3489082099
-59.5799561956
-57.6659197804
-56.9286339387
-56.9219746357
-57.3539132327
-58.9187143775
-70.0
-70.0
-70.0
-70.0
-70.0
-70.0
-70.0
-70.0
-70.0
-65.357379885
-62.7265618199
-61.3905189201
-60.8758758829
-60.8712275312
-61.1727309358
-61.6478752807
-62.2113660449
-56.0822107315
0
-70.0
-70.0
-70.0
-70.0
-70.0
-70.0
-70.0
-70.0
-70.0
-70.0
-70.0
-70.0
-70.0
-70.0
-63.6941207472
-60.1207891706
-58.3060972523
-57.6070788595
-57.6007651952
-58.0102848235
-58.655653773
-59.4210200169
-55.7728190432
-70.0
-70.0
-70.0
-70.0
-70.0
-70.0
-70.0
-67.9949841709
-66.8588085343
-66.2818095346
-66.059549817
-66.0575423258
-66.1877530869
-66.3929544407
-66.6363101049
-60.1675755961
-56.614082371
-54.9281836902
-54.4190383587
-54.6329165479
-70.0
-70.0
-70.0
-70.0
-70.0
-70.0
-70.0
-70.0
-70.0
-70.0
-70.0
-64.3841833616
-61.2018872665
-59.5857800339
-58.9632563598
-58.9576336101
-59.3223388399
-59.8970840165
-60.5786949885
-54.5748341683
0
-70.0
-70.0
-70.0
-70.0
-70.0
-70.0
-70.0
-70.0
-70.0
-70.0
-70.0
-70.0
-70.0
-70.0
-63.5824624897
-59.9458579006
-58.099033217
-57.3876372997
-57.3812118393
-57.7979828351
-58.4547793381
-59.2336979286
-70.0
-70.0
-70.0
-70.0
-70.0
-70.0
-70.0
-70.0
-65.9176571952
-63.6043296059
-62.4295220654
-61.9769868056
-61.9728994229
-62.2380170125
-62.6558203325
-63.1513083134
-56.950019921
0
-70.0
-70.0
-70.0
-70.0
-70.0
-70.0
-70.0
-70.0
-70.0
-70.0
-70.0
-70.0
-70.0
-70.0
-63.8801866924
-60.4122924848
-58.6511462107
-57.9727535726
-57.9666262039
-58.3640622426
-58.9903884577
-59.7331712382
0
-70.0
-70.0
-70.0
-70.0
-70.0
-70.0
-70.0
-70.0
-70.0
-70.0
-70.0
-70.0
-70.0
-70.0
-70.0
-63.3522698976
-59.5852228396
-57.6721538435
-56.935240651
-56.9285847139
-57.3603049944
-58.0406603296
-70.0
-70.0
-70.0
-70.0
-70.0
-70.0
-70.0
-70.0
-70.0
-64.9783946008
-62.132818208
-60.6877117653
-60.1310575076
-60.1260297027
-60.452145363
-60.9660765804
-61.5755660915
-55.4952033579
0
-70.0
-70.0
-70.0
-70.0
-70.0
-70.0
-70.0
-70.0
-70.0
-70.0
-70.0
-70.0
-70.0
-70.0
-63.7132372549
-60.1507383661
-58.3415477539
-57.6446484614
-57.6383539372
-58.0466320915
-58.690044581
-59.4530905887
-54.7353365889
-70.0
-70.0
-70.0
-70.0
-70.0
-70.0
-70.0
-67.6286973375
-66.2849591621
-65.6025509515
-65.33968766
-65.3373134298
-65.4913117774
-65.7340003933
-66.0218135498
-59.6002367549
-56.0939494527
-54.4537120897
0
-70.0
-70.0
-70.0
-70.0
-70.0
-70.0
-70.0
-70.0
-70.0
-70.0
-70.0
-70.0
-64.429237413
-61.272471947
-59.6693302692
-59.0518009202
-59.0462232801
-59.4080025868
-59.9781367512
-60.6542793581
-54.6446180399
0
-70.0
-70.0
-70.0
-70.0
-70.0
-70.0
-70.0
-70.0
-70.0
-70.0
-70.0
-70.0
-70.0
-70.0
-63.6149937547
-59.9968235491
-58.1593606407
-57.4515708743
-57.4451779853
-57.8598363191
-58.5133034421
-59.2882736011
-70.0
-70.0
-70.0
-70.0
-70.0
-70.0
-70.0
-70.0
-66.0330636494
-63.7851330507
-62.6435369231
-62.2037946825
-62.1998228487
-62.4574456535
-62.8634378145
-63.3449185174
-57.1287720847
0
-70.0
-70.0
-70.0
-70.0
-70.0
-70.0
-70.0
-70.0
-70.0
-70.0
-70.0
-70.0
-70.0
-70.0
-63.9151056693
-60.4669988819
-58.7159015134
-58.0413797085
-58.035287302
-58.4304556147
-59.0532080818
-59.791752626
0
-70.0
-70.0
-70.0
-70.0
-70.0
-70.0
-70.0
-70.0
-70.0
-70.0
-70.0
-70.0
-70.0
-70.0
-70.0
-63.3633328303
-59.6025547675
-57.6926694375
-56.9569825916
-56.950337731
-57.381339557
-58.0605626673
-70.0
-70.0
-70.0
-70.0
-70.0
-70.0
-70.0
-70.0
-70.0
-64.9852145572
-62.1435028063
-60.7003589955
-60.1444607425
-60.139439766
-60.4651125212
-60.9783457569
-61.5870075065
-55.5057667355
0
-70.0
-70.0
-70.0
-70.0
-70.0
-70.0
-70.0
-70.0
-70.0
-70.0
-70.0
-70.0
-70.0
-70.0
-63.7745532919
-60.2468001573
-58.455254938
-57.7651526418
-57.7589195093
-58.1632156462
-58.8003528068
-59.5559566763
0
-70.0
-70.0
-70.0
-70.0
-70.0
-70.0
-70.0
-70.0
-70.0
-70.0
-70.0
-70.0
-70.0
-70.0
-70.0
-63.4014360252
-59.6622497728
-57.7633296956
-57.0318666594
-57.0252599491
-57.4537872579
-70.0
-70.0
-70.0
-70.0
-70.0
-70.0
-70.0
-70.0
-70.0
-70.0
-64.3556027644
-61.1571109976
-59.5327789042
-58.907087018
-58.9014356524
-59.267996978
-59.8456672074
-60.5307471047
-54.5305659025
0
-70.0
-70.0
-70.0
-70.0
-70.0
-70.0
-70.0
-70.0
-70.0
-70.0
-70.0
-70.0
-70.0
-70.0
-63.6186537809
-60.0025575901
-58.166147956
-57.4587639103
-57.4523746859
-57.8667953284
-58.5198878696
-59.2944137987
-70.0
-70.0
-70.0
-70.0
-70.0
-70.0
-70.0
-70.0
-68.6544459874
-67.8919653803
-67.5047448367
-67.3555876826
-67.3542404674
-67.4416241227
-67.5793335118
-67.7426480282
-61.1890109
-57.5505282597
-55.7824210668
-55.1954760489
-55.3367931699
-70.0
-70.0
-70.0
-70.0
-70.0
-70.0
-70.0
-70.0
-70.0
-70.0
-70.0
-63.9568994791
-60.5324758506
-58.7934058118
-58.1235169281
-58.1174663669
-58.5099204847
-59.1283956059
-59.8618674917
0
-70.0
-70.0
-70.0
-70.0
-70.0
-70.0
-70.0
-70.0
-70.0
-70.0
-70.0
-70.0
-70.0
-70.0
-70.0
-63.4492665338
-59.7371842363
-57.8520287166
-57.1258677809
-57.1193089601
-57.5447300356
-58.2151583464
-70.0
-70.0
-70.0
-70.0
-70.0
-70.0
-70.0
-70.0
-70.0
-66.1516741835
-63.9709562208
-62.8634935692
-62.4368995259
-62.4330464491
-62.682966388
-63.0768194718
-63.5439040063
-57.312487023
0
-70.0
-70.0
-70.0
-70.0
-70.0
-70.0
-70.0
-70.0
-70.0
-70.0
-70.0
-70.0
-70.0
-70.0
-63.9238830124
-60.4807500528
-58.7321786086
-58.0586297884
-58.0525461701
-58.44714446
-59.0689986187
-59.8064778266
0
-70.0
-70.0
-70.0
-70.0
-70.0
-70.0
-70.0
-70.0
-70.0
-70.0
-70.0
-70.0
-70.0
-70.0
-70.0
-63.3640406216
-59.6036636406
-57.6939819972
-56.9583736113
-56.9517294594
-57.3826853196
-70.0
-70.0
-70.0
-70.0
-70.0
-70.0
-70.0
-70.0
-70.0
-70.0
-65.1381214705
-62.3830569704
-60.9839163713
-60.4449681328
-60.440100252
-60.7558428484
-61.253426978
-61.8435298898
-55.7426030701
0
-70.0
-70.0
-70.0
-70.0
-70.0
-70.0
-70.0
-70.0
-70.0
-70.0
-70.0
-70.0
-70.0
-70.0
-63.6636538468
-60.0730576933
-58.2495980781
-57.5472023731
-57.5408582043
-57.9523564295
-58.6008434837
-59.3699076001
-70.0
-70.0
-70.0
-70.0
-70.0
-70.0
-70.0
-70.0
-66.2331198902
-64.0985544947
-63.0145301075
-62.5969644717
-62.5931929411
-62.8378235914
-63.2233411952
-63.6805403843
-57.4386376478
-54.1122080843
0
-70.0
-70.0
-70.0
-70.0
-70.0
-70.0
-70.0
-70.0
-70.0
-70.0
-70.0
-70.0
-70.0
-64.2467454487
-60.9865678696
-59.3309090599
-58.6931501387
-58.6873897813
-59.0610205742
-59.6498316975
-60.3481239815
-54.3619576487
0
-70.0
-70.0
-70.0
-70.0
-70.0
-70.0
-70.0
-70.0
-70.0
-70.0
-70.0
-70.0
-70.0
-70.0
-63.6742516893
-60.0896609799
-58.2692511882
-57.5680302736
-57.5616967158
-57.9725066905
-58.619909119
-70.0
-70.0
-70.0
-70.0
-70.0
-70.0
-70.0
-70.0
-70.0
-65.1234051348
-62.3600013778
-60.9566257444
-60.4160461728
-60.4111635575
-60.7278618697
-61.226952128
-61.8188412121
-55.7198090516
0
-70.0
-70.0
-70.0
-70.0
-70.0
-70.0
-70.0
-70.0
-70.0
-70.0
-70.0
-70.0
-70.0
-70.0
-63.854744139
-60.3724324845
-58.603964409
-57.9227514167
-57.9165985741
-58.3156869161
-58.944617024
-59.6904878547
0
-70.0
-70.0
-70.0
-70.0
-70.0
-70.0
-70.0
-70.0
-70.0
-70.0
-70.0
-70.0
-70.0
-70.0
-70.0
-63.4030548891
-59.664785993
-57.7663317888
-57.0350482067
-57.0284431172
-57.456865293
-70.0
-70.0
-70.0
-70.0
-70.0
-70.0
-70.0
-70.0
-70.0
-70.0
-64.4560197674
-61.3144309689
-59.7189966575
-59.1044361821
-59.0988853574
-59.4589253507
-60.0263185016
-60.6992104422
-54.6861010212
0
-70.0
-70.0
-70.0
-70.0
-70.0
-70.0
-70.0
-70.0
-70.0
-70.0
-70.0
-70.0
-70.0
-70.0
-63.808738144
-60.3003564256
-58.5186488471
-57.8323360051
-57.8261370997
-58.2282131864
-58.8618517323
-59.6133064687
-70.0
-70.0
-70.0
-70.0
-70.0
-70.0
-70.0
-70.0
-66.2748354685
-64.1639089007
-63.09188933
-62.6789479432
-62.6752181797
-62.9171397156
-63.29838798
-63.7505240059
-57.5032505841
-54.1714448449
0
-70.0
-70.0
-70.0
-70.0
-70.0
-70.0
-70.0
-70.0
-70.0
-70.0
-70.0
-70.0
-70.0
-64.2898440278
-61.054088977
-59.4108329805
-58.7778516166
-58.7721344111
-59.1429662741
-59.727366516
-60.4204277774
-54.4287127044
0
-70.0
-70.0
-70.0
-70.0
-70.0
-70.0
-70.0
-70.0
-70.0
-70.0
-70.0
-70.0
-70.0
-70.0
-63.6914848346
-60.1166595743
-58.3012090989
-57.6018985104
-57.5955822069
-58.0052730179
-58.6509117373
-70.0
-70.0
-70.0
-70.0
-70.0
-70.0
-70.0
-70.0
-70.0
-65.2204144465
-62.5119826329
-61.1365241237
-60.606698214
-60.6019127277
-60.9123110117
-61.4014729483
-61.9815876787
-55.8700660238
0
-70.0
-70.0
-70.0
-70.0
-70.0
-70.0
-70.0
-70.0
-70.0
-70.0
-70.0
-70.0
-70.0
-70.0
-63.8883733397
-60.4251182321
-58.6663278932
-57.9888427601
-57.9827235882
-58.3796279655
-59.0051163263
-59.7469054653
0
-70.0
-70.0
-70.0
-70.0
-70.0
-70.0
-70.0
-70.0
-70.0
-70.0
-70.0
-70.0
-70.0
-70.0
-70.0
-63.4944445912
-59.8079631929
-57.9358089142
-57.2146560498
-57.2081424628
-57.6306295619
-69.6591322782
-70.0
-70.0
-70.0
-70.0
-70.0
-70.0
-70.0
-70.0
-70.0
-64.5695459754
-61.4922886948
-59.9295247032
-59.3275488182
-59.3221116599
-59.6747789763
-60.2305534002
-60.8896662746
-54.8619408862
0
-70.0
-70.0
-70.0
-70.0
-70.0
-70.0
-70.0
-70.0
-70.0
-70.0
-70.0
-70.0
-70.0
-70.0
-63.6979842955
-60.126842063
-58.313261988
-57.6146718768
-57.6083620808
-58.0176308006
-58.662604339
-59.4275016508
-70.0
-70.0
-70.0
-70.0
-70.0
-70.0
-70.0
-70.0
-68.1389230792
-67.084312824
-66.5487362435
-66.3424324204
-66.3405690458
-66.4614320529
-66.651902122
-66.8777874261
-60.3905214572
-56.8184778273
-55.1146357218
-54.5885092677
-54.786549753
-70.0
-70.0
-70.0
-70.0
-70.0
-70.0
-70.0
-70.0
-70.0
-70.0
-70.0
-64.1992271721
-60.9121225697
-59.2427890559
-58.5997626458
-58.5939547115
-58.9706714605
-59.5643457946
-60.2684055352
-54.288356958
0
-70.0
-70.0
-70.0
-70.0
-70.0
-70.0
-70.0
-70.0
-70.0
-70.0
-70.0
-70.0
-70.0
-70.0
-63.636094543
-60.0298814506
-58.1984908802
-57.4930401753
-57.4866684131
-57.8999564088
-58.5512639925
-70.0
-70.0
-70.0
-70.0
-70.0
-70.0
-70.0
-70.0
-70.0
-65.3786858497
-62.7599411646
-61.430029648
-60.9177484164
-60.913121397
-61.2132411387
-61.6862049458
-62.2471097319
-56.1152113753
0
-70.0
-70.0
-70.0
-70.0
-70.0
-70.0
-70.0
-70.0
-70.0
-70.0
-70.0
-70.0
-70.0
-70.0
-63.9153816887
-60.4674313122
-58.716413376
-58.0419221683
-58.0358300381
-58.4309804254
-59.0537046436
-59.7922156864
0
-70.0
-70.0
-70.0
-70.0
-70.0
-70.0
-70.0
-70.0
-70.0
-70.0
-70.0
-70.0
-70.0
-70.0
-70.0
-63.3927617277
-59.6486600401
-57.7472436928
-57.0148190947
-57.0082036994
-57.4372943388
-70.0
-70.0
-70.0
-70.0
-70.0
-70.0
-70.0
-70.0
-70.0
-70.0
-65.328010313
-62.6805494904
-61.3360546805
-60.8181559718
-60.8134782142
-61.1168889526
-61.5950390971
-62.1620945473
-56.0367204287
0
-70.0
-70.0
-70.0
-70.0
-70.0
-70.0
-70.0
-70.0
-70.0
-70.0
-70.0
-70.0
-70.0
-70.0
-63.7836341118
-60.2610267751
-58.472094814
-57.7829991435
-57.7767751031
-58.1804815087
-58.8166893018
-59.5711910009
-70.0
-70.0
-70.0
-70.0
-70.0
-70.0
-70.0
-70.0
-66.4995064925
-64.5158935049
-63.5085292622
-63.1204930745
-63.1169882593
-63.344319095
-63.7025736265
-64.1274405579
-57.8512417943
-54.490481143
0
-70.0
-70.0
-70.0
-70.0
-70.0
-70.0
-70.0
-70.0
-70.0
-70.0
-70.0
-70.0
-70.0
-64.4690427272
-61.334833606
-59.743147013
-59.1300301568
-59.1244923712
-59.4836866208
-60.0497469499
-60.721058249
-54.706272183
0
-70.0
-70.0
-70.0
-70.0
-70.0
-70.0
-70.0
-70.0
-70.0
-70.0
-70.0
-70.0
-70.0
-70.0
-63.6473617203
-60.0475333618
-58.2193852347
-57.5151835172
-57.5088230362
-57.921379313
-58.5715337687
-70.0
-70.0
-70.0
-70.0
-70.0
-70.0
-70.0
-70.0
-70.0
-65.375145531
-62.7543946652
-61.4234643236
-60.9107906411
-60.906160077
-61.2065097359
-61.6798358734
-62.2411703601
-56.109727803
0
-70.0
-70.0
-70.0
-70.0
-70.0
-70.0
-70.0
-70.0
-70.0
-70.0
-70.0
-70.0
-70.0
-70.0
-63.9561299486
-60.5312702528
-58.7919787602
-58.1220045726
-58.115953241
-58.508457334
-59.127011212
-59.8605764984
0
-70.0
-70.0
-70.0
-70.0
-70.0
-70.0
-70.0
-70.0
-70.0
-70.0
-70.0
-70.0
-70.0
-70.0
-70.0
-63.4120320211
-59.6788501664
-57.7829793814
-57.052690931
-57.0460948297
-57.473934008
-70.0
-70.0
-70.0
-70.0
-70.0
-70.0
-70.0
-70.0
-70.0
-70.0
-64.6071469086
-61.5511968235
-59.999253545
-59.4014457931
-59.3960462821
-59.7462716995
-60.2981978933
-60.9527470131
-54.9201806807
0
-70.0
-70.0
-70.0
-70.0
-70.0
-70.0
-70.0
-70.0
-70.0
-70.0
-70.0
-70.0
-70.0
-70.0
-63.9036732657
-60.4490881163
-58.6947007561
-58.0189116481
-58.012807795
-58.4087185567
-59.0326410618
-59.7725731961
-70.0
-70.0
-70.0
-70.0
-70.0
-70.0
-70.0
-70.0
-66.552609152
-64.5990876714
-63.6070051941
-63.2248555345
-63.2214038876
-63.4452861032
-63.7981058958
-64.2165275748
-57.9334920926
-54.5658877335
0
-70.0
-70.0
-70.0
-70.0
-70.0
-70.0
-70.0
-70.0
-70.0
-70.0
-70.0
-70.0
-70.0
-64.5268718522
-61.4254325684
-59.8503879126
-59.243681522
-59.2382016369
-59.5936403179
-60.1537821826
-60.818074562
-54.7958432671
0
-70.0
-70.0
-70.0
-70.0
-70.0
-70.0
-70.0
-70.0
-70.0
-70.0
-70.0
-70.0
-70.0
-70.0
-63.7508058731
-60.2095958678
-58.4112166691
-57.7184819275
-57.7122250184
-58.1180633722
-58.7576309388
-69.2615162285
-70.0
-70.0
-70.0
-70.0
-70.0
-70.0
-70.0
-70.0
-65.6244554755
-63.144980245
-61.8857957651
-61.4007585517
-61.3963776053
-61.6805364506
-62.1283472094
-62.6594220911
-56.4958820465
0
-70.0
-70.0
-70.0
-70.0
-70.0
-70.0
-70.0
-70.0
-70.0
-70.0
-70.0
-70.0
-70.0
-70.0
-64.0043036348
-60.6067423612
-58.881314185
-58.2166801398
-58.2106770414
-58.6000526142
-59.2136762042
-59.9413944846
0
-70.0
-70.0
-70.0
-70.0
-70.0
-70.0
-70.0
-70.0
-70.0
-70.0
-70.0
-70.0
-70.0
-70.0
-70.0
-63.4142690785
-59.6823548896
-57.78712788
-57.0570874115
-57.0504935501
-57.4781874482
-70.0
-70.0
-70.0
-70.0
-70.0
-70.0
-70.0
-70.0
-70.0
-70.0
-64.638404317
-61.6001667633
-60.0572186723
-59.4628758619
-59.457507647
-59.8057031298
-60.3544303151
-61.0051856159
-54.9685950386
0
-70.0
-70.0
-70.0
-70.0
-70.0
-70.0
-70.0
-70.0
-70.0
-70.0
-70.0
-70.0
-70.0
-70.0
-63.7624008535
-60.2277613372
-58.4327189162
-57.7412694997
-57.7350241998
-58.1401095465
-58.7784904363
-59.535569289
-70.0
-70.0
-70.0
-70.0
-70.0
-70.0
-70.0
-70.0
-68.557747141
-67.7404705208
-67.3254221981
-67.1655457978
-67.1641017644
-67.2577652855
-67.405371222
-67.5804224098
-61.0392348051
-57.4132144153
-55.657161701
-55.0816246824
-55.2335816484
-70.0
-70.0
-70.0
-70.0
-70.0
-70.0
-70.0
-70.0
-70.0
-70.0
-70.0
-64.152870751
-60.8394975099
-59.1568236483
-58.508658543
-58.5028041951
-58.8825314465
-59.4809500824
-60.1906362613
-54.216555856
0
-70.0
-70.0
-70.0
-70.0
-70.0
-70.0
-70.0
-70.0
-70.0
-70.0
-70.0
-70.0
-70.0
-70.0
-63.7748152213
-60.2472105133
-58.4557406714
-57.7656674106
-57.7594345404
-58.1637136669
-58.8008240206
-64.1090064002
-70.0
-70.0
-70.0
-70.0
-70.0
-70.0
-70.0
-70.0
-66.0772471367
-63.8543538475
-62.7254727457
-62.2906283265
-62.2867007307
-62.5414541489
-62.9429243948
-63.4190423959
-57.1972075462
0
-70.0
-70.0
-70.0
-70.0
-70.0
-70.0
-70.0
-70.0
-70.0
-70.0
-70.0
-70.0
-70.0
-70.0
-64.0851169707
-60.7333499207
-59.0311780267
-58.3755022894
-58.369580104
-58.753707456
-59.3590602854
-60.0769699734
-54.11161255
-70.0
-70.0
-70.0
-70.0
-70.0
-70.0
-70.0
-69.0451167659
-68.5040162665
-68.2292220914
-68.1233715166
-68.1224154545
-68.1844279687
-68.282154545
-68.3980520059
-61.7941178451
-58.1052867538
-56.2884785405
-55.6554443279
-55.7537756561
-56.2876485978
-70.0
-70.0
-70.0
-70.0
-70.0
-70.0
-70.0
-70.0
-70.0
-70.0
-65.6326429889
-63.1578073492
-61.9009790538
-61.4168494414
-61.4124766926
-61.6961038202
-62.1430766361
-62.6731577711
-56.5085636226
0
-70.0
-70.0
-70.0
-70.0
-70.0
-70.0
-70.0
-70.0
-70.0
-70.0
-70.0
-70.0
-70.0
-70.0
-63.7818370957
-60.25821145
-58.4687623476
-57.7794674745
-57.7732416349
-58.1770647432
-58.8134564502
-59.5681762593
-70.0
-70.0
-70.0
-70.0
-70.0
-70.0
-70.0
-70.0
-66.8244482123
-65.0249688659
-64.1111156292
-63.7590998329
-63.7559203606
-63.9621486653
-64.2871473592
-64.672574997
-58.3545415092
-54.9519033662
0
-70.0
-70.0
-70.0
-70.0
-70.0
-70.0
-70.0
-70.0
-70.0
-70.0
-70.0
-70.0
-70.0
-64.792603702
-61.8417457998
-60.3431728652
-59.7659233422
-59.760709517
-60.0988909047
-60.6318367071
-61.2638762983
-55.2074332726
0
-70.0
-70.0
-70.0
-70.0
-70.0
-70.0
-70.0
-70.0
-70.0
-70.0
-70.0
-70.0
-70.0
-70.0
-63.6957643388
-60.1233641309
-58.3091452017
-57.6103090042
-57.6039969855
-58.0134098748
-58.6586106125
-70.0
-70.0
-70.0
-70.0
-70.0
-70.0
-70.0
-70.0
-70.0
-65.5602778693
-63.0444353286
-61.7667819598
-61.27463054
-61.2701853367
-61.5585120368
-62.012890989
-62.5517553274
-56.396477849
0
-70.0
-70.0
-70.0
-70.0
-70.0
-70.0
-70.0
-70.0
-70.0
-70.0
-70.0
-70.0
-70.0
-70.0
-64.0603915618
-60.6946134468
-58.9853261296
-58.326909535
-58.3209625937
-58.7066956758
-59.3145790025
-60.0354896985
-54.0733155556
-70.0
-70.0
-70.0
-70.0
-70.0
-70.0
-70.0
-70.0
-70.0
-70.0
-70.0
-70.0
-70.0
-70.0
-70.0
-63.2846366937
-59.4792641534
-57.5467318242
-56.8023213658
-56.7955977119
-57.2317102625
-70.0
-70.0
-70.0
-70.0
-70.0
-70.0
-70.0
-70.0
-70.0
-70.0
-64.6353282409
-61.5953475775
-60.0515142602
-59.4568304611
-59.4514591663
-59.7998544172
-60.3488964205
-61.0000250751
-54.9638305282
0
-70.0
-70.0
-70.0
-70.0
-70.0
-70.0
-70.0
-70.0
-70.0
-70.0
-70.0
-70.0
-70.0
-70.0
-63.9670464417
-60.5483727586
-58.8122227901
-58.1434587161
-58.1374183144
-58.5292134629
-59.1466501033
-59.8788904174
-70.0
-70.0
-70.0
-70.0
-70.0
-70.0
-70.0
-70.0
-66.8188891009
-65.0162595914
-64.1008065659
-63.7481745318
-63.7449894936
-63.9515788209
-64.2771464566
-64.6632488228
-58.3459310446
-54.9440093428
0
-70.0
-70.0
-70.0
-70.0
-70.0
-70.0
-70.0
-70.0
-70.0
-70.0
-70.0
-70.0
-70.0
-64.6438377619
-61.6086791602
-60.0672946939
-59.473554191
-59.4681914162
-59.8160340375
-60.3642051423
-61.0143009672
-54.9770108593
0
-70.0
-70.0
-70.0
-70.0
-70.0
-70.0
-70.0
-70.0
-70.0
-70.0
-70.0
-70.0
-70.0
-70.0
-63.8037625701
-60.2925613598
-58.5094219216
-57.822557528
-57.8163536409
-58.2187528539
-58.8529006199
-62.7983364831
-70.0
-70.0
-70.0
-70.0
-70.0
-70.0
-70.0
-70.0
-66.5103234676
-64.5328400993
-63.5285887417
-63.1417516357
-63.1382576509
-63.364886005
-63.722033484
-64.1455875219
-57.8679961234
-54.5058414136
0
-70.0
-70.0
-70.0
-70.0
-70.0
-70.0
-70.0
-70.0
-70.0
-70.0
-70.0
-70.0
-70.0
-64.1836873105
-60.8877767865
-59.2139712459
-58.5692222133
-58.56339872
-58.9411246667
-59.5363894124
-60.2423352795
-54.2642873866
-70.0
-70.0
-70.0
-70.0
-70.0
-70.0
-70.0
-70.0
-70.0
-70.0
-70.0
-70.0
-70.0
-70.0
-70.0
-63.3454299152
-59.5745068672
-57.6594694761
-56.921798059
-56.9151352734
-57.3472997596
-70.0
-70.0
-70.0
-70.0
-70.0
-70.0
-70.0
-70.0
-70.0
-70.0
-64.7619552803
-61.7937299391
-60.2863370698
-59.7056901126
-59.7004456011
-60.0406173742
-60.5766998589
-61.2124593545
-55.1599621695
0
-70.0
-70.0
-70.0
-70.0
-70.0
-70.0
-70.0
-70.0
-70.0
-70.0
-70.0
-70.0
-70.0
-70.0
-64.0234082203
-60.6366728785
-58.9167425774
-58.2542263109
-58.2482423406
-58.6363772137
-59.2480455638
-59.9734450551
-70.0
-70.0
-70.0
-70.0
-70.0
-70.0
-70.0
-70.0
-66.732065311
-64.8802356539
-63.9397966712
-63.5775400592
-63.57426809
-63.7864959722
-64.1209495024
-64.5175899704
-58.2114503484
-54.8207182303
0
-70.0
-70.0
-70.0
-70.0
-70.0
-70.0
-70.0
-70.0
-70.0
-70.0
-70.0
-70.0
-70.0
-64.7033159579
-61.7018616674
-60.1775937042
-59.5904464695
-59.5851432463
-59.9291232042
-60.4712070721
-61.1140838238
-55.0691361769
0
-70.0
-70.0
-70.0
-70.0
-70.0
-70.0
-70.0
-70.0
-70.0
-70.0
-70.0
-70.0
-70.0
-70.0
