-70.0
-70.0
-67.0548293266
-65.3858992784
-64.5383446068
-63.1393394727
-62.5286250765
-62.4112422696
-61.5937711764
-62.1859652838
-62.8017495721
-63.411161826
-63.1939679817
-63.7502134257
-65.2300877177
-66.5458896587
-68.4765405149
-69.6857130114
-70.0
-70.0
-70.0
-70.0
-70.0
-70.0
-70.0
-70.0
-67.1209137583
-65.4894315547
-64.660894514
-64.3417424725
-63.3395364713
-62.9602283216
-62.6346444941
-64.2738875967
-67.7246720839
-70.0
-70.0
-70.0
-70.0
-70.0
-70.0
-66.49261624
-64.505098776
-62.9401961161
-62.2365813164
-62.0731930593
-62.2393870031
-62.5977904693
-63.0595728666
-63.5679898762
-64.0874404194
-64.5961960646
-65.6583092207
-69.6870144157
-70.0
-70.0
-70.0
-70.0
-70.0
-70.0
-70.0
-70.0
-70.0
-69.4400853299
-69.1228003501
-68.9616693506
-65.2847765724
-64.1772873562
-63.706884248
-63.6344129081
-63.8031163406
-64.9133703245
-66.4694294725
-66.2812783929
-66.292345132
-64.7863677415
-64.0565690491
-62.180598269
-61.3156625253
-63.0220722642
-65.6135539093
-67.9843189211
-70.0
-70.0
-70.0
-70.0
-70.0
-69.2861294871
-68.8816028631
-68.6761667933
-68.597032925
-68.5963181731
-68.6426787163
-67.8035305801
-67.3732573458
-67.2026514936
-67.1935329326
-67.2816106982
-67.835666574
-69.6867446233
-70.0
-70.0
-70.0
-70.0
-70.0
-70.0
-70.0
-70.0
-70.0
-70.0
-70.0
-70.0
-70.0
-70.0
-66.1129232075
-63.9102463583
-61.1554261073
-59.7973530864
-61.0200615628
-62.5208109202
-64.5153375722
-65.8948756443
-66.859435966
-67.5428576269
-68.0348153692
-68.3954961689
-64.7789985484
-63.3750361499
-62.7534908391
-63.0440536172
-63.4502561635
-64.1552503095
-62.0864620504
-60.1272501354
-58.7424780605
-58.2868655468
-59.0670937919
-61.8852217535
-64.5696150168
-63.8039345396
-64.9922920451
-66.2664167119
-67.1553442883
-67.7835226911
-68.2343123098
-68.5636423374
-68.8091189427
-68.9961009411
-66.2731934167
-64.7636757882
-64.0325093515
-63.7927258444
-61.4923563136
-60.395722718
-60.0578851367
-60.1865864167
-60.5909209708
-63.6577537478
-63.123652237
-63.8300785775
-65.0534774462
-65.2486971488
-65.5242057321
-65.8387040243
-66.1661128655
-63.9330251402
-62.7954050004
-61.4407775783
-58.8407810282
-57.6527570639
-57.3515174498
-55.5198622555
-54.903540397
-55.0369626021
0
-70.0
-70.0
-70.0
-70.0
-70.0
-70.0
-70.0
-70.0
-70.0
-70.0
-70.0
-70.0
-70.0
-70.0
-70.0
-70.0
-70.0
-69.4881475915
-70.0
-70.0
-70.0
-66.667262004
-64.7787104729
-63.8196225385
-63.4501823599
-63.4468455074
-63.663281879
-64.0043676393
-65.7537464638
-67.2599627036
-69.2294587822
-70.0
-70.0
-70.0
-70.0
-70.0
-67.4773579701
-66.0478608199
-64.7663449468
-64.1718905914
-64.0094882918
-63.408026932
-63.2668825516
-63.4066331717
-63.7102624381
-64.1020979166
-64.5337959398
-64.9750215558
-66.0834114291
-67.1262712412
-68.4824105802
-69.3466804976
-69.8870197648
-70.0
-67.2679365085
-65.9632053724
-65.7091130765
-64.3286139734
-63.940495137
-64.3508386371
-64.7853501159
-65.219878666
-65.6399331738
-67.0372838385
-68.307784776
-69.1264925126
-70.0
-70.0
-70.0
-69.906838453
-70.0
-69.774118364
-69.6461187702
-70.0
-70.0
-70.0
-67.6918797687
-66.3839449709
-65.7197192599
-65.463859858
-65.4615488882
-65.6114440101
-65.8476662829
-66.3331144151
-67.0484976042
-68.1771890463
-65.9460173456
-63.7607235226
-62.6575231113
-60.898920022
-59.1654039432
-58.4864474978
-58.462858714
-56.760749309
-56.1807920223
-56.4975628398
-57.1377065689
-56.1553476941
-57.4436301866
-57.4454658906
-57.9718086883
-59.0827406376
-60.9839571969
-62.4252218925
-63.5424733135
-64.4280750556
-62.372370217
-61.3932016399
-61.0925937723
-61.2091425927
-61.5721004652
-63.0697902139
-64.1994110561
-66.9189508592
-69.7416640184
-70.0
-70.0
-70.0
-70.0
-70.0
-70.0
-70.0
-70.0
-70.0
-70.0
-67.133864523
-65.9317341191
-65.7680607833
-65.8109214224
-66.3691786856
-65.2019868262
-65.6242423813
-67.20657851
-68.2490942368
-68.9329671984
-69.3788587353
-69.6670983663
-68.8511391713
-68.3998590152
-68.6116311019
-68.7849733172
-69.3505288354
-70.0
-70.0
-70.0
-67.9438737894
-67.0134245434
-66.5547075111
-66.3943203747
-66.4182774136
-66.5520423899
-66.747233296
-65.9750570547
-65.6459160748
-65.8016920313
-66.0351012042
-67.3072505979
-68.1602985475
-69.2177039876
-70.0
-70.0
-70.0
-70.0
-70.0
-70.0
-70.0
-67.1627593261
-65.5549896109
-64.7384947948
-62.351453901
-61.1741809014
-60.7620110716
-60.822642138
-61.1649327065
-62.8050774381
-66.5468559353
-70.0
-70.0
-70.0
-70.0
-70.0
-67.9638174551
-66.8099806796
-65.3556998345
-65.6379017308
-66.2859594776
-66.7985954764
-67.2128905598
-66.6860585006
-66.4804239818
-66.4743624711
-66.5882468156
-67.1571917833
-67.5933190378
-67.9352180893
-69.4097318773
-70.0
-70.0
-70.0
-70.0
-70.0
-69.5199313034
-69.2478923754
-66.1649622425
-63.4613151969
-62.0570831297
-61.479307785
-61.416665652
-61.6651915172
-62.0921339857
-63.034731018
-63.8324648701
-61.6864349843
-61.4328097897
-60.4142550388
-60.5583700503
-61.7599800316
-62.7556133527
-61.2310643352
-59.6269092224
-58.0106369402
-57.4405190063
-57.3732172686
-58.3994657107
-59.855822602
-61.0677759835
-63.7151085116
-66.3603927623
-70.0
-70.0
-70.0
-68.4478705788
-67.5683305735
-67.1216622178
-64.8770782863
-63.7010919845
-61.5692578743
-60.5711821456
-60.286630637
-60.4396787105
-60.850184931
-61.4014824989
-62.0188782896
-62.6553531545
-63.6735964691
-65.132251286
-67.1141571832
-69.4384196057
-70.0
-70.0
-70.0
-70.0
-70.0
-70.0
-70.0
-69.1836305575
-68.7210212067
-68.4860882227
-68.3955921582
-68.3947747809
-68.4477918618
-68.5313423816
-69.7214620457
-70.0
-70.0
-70.0
-70.0
-70.0
-70.0
-70.0
-67.7735460936
-65.5301653222
-64.3331313487
-63.8038065862
-63.6927515092
-63.8363600794
-65.0889614432
-63.3176138103
-62.3250549217
-61.9853510911
-60.4124778267
-59.9964623542
-60.0803043255
-60.4612660308
-61.4954100829
-62.3993828447
-63.6384810381
-64.5939905861
-65.3474966287
-66.138838323
-63.8482518207
-62.9383617338
-65.0961234905
-66.331921494
-68.424825176
-67.6784388077
-67.3079923598
-67.1754580791
-66.4863852043
-66.1900619726
-63.5819367
-61.249273422
-60.1413663411
-59.8052432145
-59.9433945648
-60.3615055561
-61.9302298116
-63.1404567046
-61.3224475681
-59.532454854
-59.0602565156
-61.2455590609
-64.8414441008
-66.4966938522
-69.2176935731
-70.0
-70.0
-70.0
-70.0
-69.3295284081
-68.949594506
-68.7566476812
-68.6823246636
-68.6816533643
-65.8140739761
-64.2330572106
-62.5352062411
-59.6927946071
-57.349197582
-57.8545719151
-59.1592314931
-60.9480330773
-62.3230462586
-63.4039526255
-61.585754955
-61.2431042202
-61.7521228557
-63.7876702564
-65.216076355
-66.2325841356
-64.2814595965
-63.3014028864
-62.9366554309
-62.9532517765
-62.1987778308
-63.2519188498
-64.1087394995
-62.046410524
-61.7778364916
-61.8907641891
-62.228828668
-63.3944101034
-64.3139452946
-64.081213861
-64.1388678721
-64.3688313497
-64.694515058
-64.4784945042
-64.7808420342
-67.0297664417
-68.1603492735
-70.0
-70.0
-70.0
-70.0
-70.0
-70.0
-69.4267379031
-69.1018893815
-68.9369172892
-68.8733701241
-68.8727961543
-68.9100252339
-69.9685615167
-66.7281768709
-63.9112832966
-62.4241043755
-61.7843268769
-62.5167893636
-63.2057072101
-63.8455343443
-64.4345794801
-64.9735205789
-65.4644345522
-65.9101684511
-67.3062291621
-67.2413652966
-67.2944014674
-66.8608542321
-63.9901322383
-62.3860644833
-62.6589014796
-64.3117010431
-63.1295821813
-62.6493247916
-62.6061928647
-62.8267739464
-63.1982301305
-63.6478295033
-64.1293281436
-64.6139163896
-65.0842054576
-65.5302387164
-65.9468507145
-63.4208013931
-63.1193401893
-63.1678187941
-63.6861997059
-65.1106329337
-66.6120379556
-68.0485423283
-68.9637492959
-69.9539100936
-67.680982877
-66.3945271179
-65.7428360918
-65.4937269397
-65.4944705505
-65.6451010319
-66.8772171324
-67.0799251831
-67.2988858407
-67.3866834776
-67.5264726104
-68.6789960128
-70.0
-70.0
-70.0
-70.0
-70.0
-70.0
-70.0
-70.0
-69.5510061043
-69.9598174094
-70.0
-70.0
-70.0
-70.0
-70.0
-69.3525081213
-68.9855960567
-68.7992622827
-68.0237829052
-68.679945806
-66.995025903
-66.0495095389
-65.6138827359
-63.4261830519
-62.3326904732
-61.9321719101
-61.9607883753
-62.2459319752
-62.6754870694
-63.1773705569
-63.7059216308
-64.2328548875
-64.7412530119
-67.1479486393
-69.1241205876
-70.0
-70.0
-70.0
-70.0
-70.0
-69.4908438717
-70.0
-70.0
-67.8463262853
-66.6259111803
-66.0061317446
-66.2861124656
-68.0776331069
-69.8205981536
-70.0
-70.0
-70.0
-67.419451739
-65.9571410577
-65.2145166137
-65.5213420304
-65.0133279455
-65.08286631
-65.288493785
-65.5689204772
-65.8848791433
-65.2193323848
-64.9793599169
-65.0027311055
-65.1833294486
-65.4522441394
-65.765184816
-66.094109728
-66.4216610177
-66.7374697575
-67.0357060095
-68.3111739021
-69.132748841
-66.712420731
-65.7633138536
-64.8002224713
-65.6520403818
-67.6106277322
-69.206702206
-70.0
-70.0
-70.0
-69.8471521505
-69.7605383691
-69.7165521546
-69.6996086874
-69.6994556509
-69.7532777215
-70.0
-70.0
-70.0
-70.0
-70.0
-70.0
-70.0
-70.0
-70.0
-70.0
-67.363854216
-65.8700382717
-65.1114140961
-64.8191924542
-64.8165530539
-65.5541654047
-66.1449273017
-66.9062474284
-67.4661645902
-65.0180160421
-64.1369569674
-63.8037562904
-64.2587834596
-65.723084541
-66.7442290385
-67.4654414358
-67.9826541596
-68.3602266552
-68.6414292641
-69.5906408835
-70.0
-70.0
-70.0
-70.0
-70.0
-70.0
-67.1224254036
-65.491799799
-64.6636977763
-64.3447133035
-61.9784236112
-60.8260356755
-60.4404017249
-60.5276746304
-60.8957825527
-62.4124138743
-63.5753122048
-63.9863776998
-65.3827571282
-70.0
-70.0
-70.0
-69.9691503698
-69.9516689128
-67.3651128086
-65.9010087191
-65.1591793081
-65.8677350046
-66.430610589
-66.8873155867
-66.3528862276
-65.8204657379
-65.6403312528
-65.6775728534
-65.8439987186
-66.0823876137
-66.8482190456
-67.5874465324
-69.3388295141
-70.0
-70.0
-70.0
-70.0
-70.0
-70.0
-70.0
-70.0
-70.0
-70.0
-70.0
-70.0
-70.0
-70.0
-70.0
-70.0
-70.0
-70.0
-70.0
-70.0
-70.0
-70.0
-70.0
-70.0
-70.0
-70.0
-70.0
-69.2917874392
-67.9087434302
-67.1486255772
-66.7876006795
-66.6780657182
-67.6352843889
-68.2884394451
-68.7373844973
-69.048838712
-69.2674166171
-69.4229828063
-69.8412338652
-67.5928501357
-66.5017813334
-66.6360119466
-66.8286832496
-67.0499965898
-67.2811180409
-68.5052820791
-69.2896044327
-70.0
-70.0
-70.0
-67.3788901371
-65.8935945481
-64.1393091103
-62.9487608774
-63.1285091863
-62.113473202
-63.8165067437
-66.0232207498
-67.7029202468
-69.1936819525
-70.0
-70.0
-70.0
-70.0
-70.0
-70.0
-70.0
-70.0
-69.7015527406
-70.0
-70.0
-68.803070141
-68.3860193414
-68.189588217
-68.1320766018
-68.1598337459
-65.6804976397
-64.336879388
-62.0832731944
-60.0065613916
-59.0936489303
-58.9094464891
-59.1686101415
-59.6851546615
-61.3378945922
-63.7945574776
-66.7514868268
-68.2222378989
-68.8306139456
-69.7695985326
-70.0
-70.0
-70.0
-70.0
-70.0
-70.0
-70.0
-70.0
-70.0
-70.0
-70.0
-70.0
-70.0
-70.0
-70.0
-70.0
-70.0
-70.0
-70.0
-70.0
-70.0
-70.0
-70.0
-68.0273140277
-66.9094586434
-66.341763458
-65.1490998597
-62.2317898071
-59.7586205574
-59.4209590396
-60.9785948684
-63.3372475955
-64.9745309786
-66.5208244921
-67.5645731171
-68.2720031883
-68.7540611247
-69.0848271824
-69.3137925776
-69.4740453954
-69.5877289063
-66.7396436767
-66.1390199901
-65.9073451118
-65.9047620144
-66.2590682097
-68.7105549343
-70.0
-70.0
-70.0
-70.0
-70.0
-70.0
-70.0
-67.5923706966
-66.2280474247
-64.5351904291
-63.7016365508
-63.4114496721
-63.4569558892
-64.7016844503
-65.6251321053
-66.3250296281
-66.8674671542
-67.2973474314
-67.6453640166
-67.9326618339
-68.7900551408
-69.854607627
-68.6670130516
-68.8627539859
-69.018106747
-69.1440481787
-69.2481447652
-69.3356645582
-69.4103209487
-69.4747707514
-66.7006935733
-64.1635656772
-62.8358367503
-62.2780048358
-63.2005050402
-63.178185859
-63.6268770959
-65.4145718378
-68.1916654072
-69.6188892787
-70.0
-70.0
-70.0
-70.0
-70.0
-70.0
-70.0
-67.3717935327
-66.4380320901
-65.9965074882
-65.8650424775
-65.9239953884
-67.3389309461
-68.2765945825
-69.1398307076
-70.0
-70.0
-70.0
-70.0
-70.0
-70.0
-69.443913656
-69.1287980611
-68.9687687687
-68.9071255677
-68.9065687949
-68.942682438
-68.0873860378
-67.3046286631
-67.3128540125
-67.407360755
-67.9724257679
-68.3790505834
-68.8085438769
-69.1059550571
-69.3142032634
-70.0
-67.576799916
-66.2036532017
-63.8701041367
-62.84905265
-61.9571920816
-61.6901693379
-62.3211949545
-63.7565218699
-65.533643617
-67.0946831268
-65.2978960271
-65.3688532197
-65.5657990947
-65.8317733165
-66.8340024427
-67.5408731703
-68.4826895312
-69.0983563634
-69.4978112506
-69.7542238079
-69.916263882
-70.0
-70.0
-70.0
-70.0
-70.0
-67.747059568
-66.0522284903
-65.5900945955
-66.9850044275
-67.9224501792
-69.5325608634
-70.0
-70.0
-70.0
-70.0
-70.0
-69.3633539958
-69.0025879268
-69.0787779944
-69.1551994351
-69.2292123184
-68.4310002139
-68.004372944
-67.814917484
-64.8302381643
-63.6663015184
-63.1790628137
-63.1140841637
-63.3046275015
-64.942950828
-67.4916455272
-69.2792222523
-70.0
-70.0
-70.0
-70.0
-69.2139302417
-68.768490712
-69.5371390727
-66.3716081729
-64.5932360273
-64.4101419094
-64.4866140417
-64.716276853
-65.2469141141
-66.1465683939
-67.6831214392
-65.8520278504
-64.8916374354
-64.4856819386
-65.0341749716
-67.0925862606
-68.6458861795
-70.0
-70.0
-70.0
-70.0
-70.0
-69.366792633
-66.0855039029
-64.247213868
-61.9781530527
-60.8841114617
-61.9904722983
-62.9408931829
-64.2406746979
-65.212521117
-67.3817489421
-69.2383537051
-70.0
-68.5439346371
-67.7188309314
-67.2998076769
-67.138400135
-67.1369422721
-67.2315028119
-67.3805223754
-68.016944051
-69.3699427153
-70.0
-70.0
-70.0
-70.0
-67.5337190087
-66.1361597802
-65.4264189172
-65.1530271021
-65.1505577763
-65.310724255
-65.5631333337
-67.1386007532
-70.0
-70.0
-70.0
-68.0886540289
-67.0055579787
-64.8193091529
-62.6802510975
-61.6408078944
-61.2957817094
-61.378906608
-60.9136821912
-61.9374224835
-64.2714601647
-66.3401101719
-67.7032965038
-68.9857991511
-69.7891074344
-70.0
-70.0
-70.0
-70.0
-70.0
-70.0
-70.0
-69.7635899373
-70.0
-70.0
-70.0
-67.7430853812
-66.828312431
-67.7703385155
-69.0273360369
-68.8750970198
-69.8685001332
-70.0
-70.0
-69.4276755386
-69.1033583438
-68.9386560822
-68.171509152
-67.7721706889
-67.6068285881
-67.587395708
-64.7450346265
-63.21478349
-62.5228066918
-60.2843328789
-59.2651041619
-59.8764099061
-61.0033756472
-60.9910035902
-60.950546903
-61.2279213273
-61.6867486042
-62.2391533503
-63.8292832636
-64.9890517695
-66.0266925551
-68.4574266994
-70.0
-70.0
-69.6229432869
-67.7730718865
-66.7373799834
-66.2247188421
-66.0429648626
-66.0658136461
-63.6533331935
-62.4174004822
-61.9285941726
-61.9043572478
-62.1596698513
-63.5664944051
-64.1142395833
-64.6390787041
-65.3920830948
-65.2937792558
-66.2599837343
-67.18174838
-67.9974685129
-65.7828748324
-64.5946894631
-64.0619552594
-63.9402495618
-62.6161474901
-61.1995019068
-61.1380061864
-63.3470204786
-62.5307864729
-61.487550718
-61.1453575744
-61.2351964357
-62.2263617545
-63.0801822207
-64.217321658
-62.3195645498
-61.4369247999
-61.1927767899
-59.2673345801
-58.4698247681
-58.3756580554
-58.7066360925
-59.2816683784
-59.9839654707
-61.7698288504
-60.8937386569
-61.406685827
-65.0663884581
-65.3541362439
-65.943201416
-66.4318671387
-67.8439449312
-68.763060109
-69.9113161009
-70.0
-70.0
-70.0
-67.8029583949
-64.5762524169
-62.8210204162
-62.0071805352
-59.6498651932
-58.4464823416
-59.0158192184
-59.7235607038
-57.6157569249
-56.7638827601
-55.0577562395
-54.5321551192
-55.7272510453
-56.9200668994
-57.1595456771
-58.3743854899
-60.7472163085
-63.34765368
-64.3271918443
-65.6595639037
-66.6036683426
-67.2833420611
-67.7817015569
-68.3775579447
-66.1199934819
-65.9146890956
-64.4614027271
-63.7740508152
-63.5691713075
-63.6606045593
-64.9152166718
-65.8374767169
-65.5330090075
-65.4992280816
-65.6289852566
-65.8525400531
-66.1249215959
-66.6682691343
-67.6219014383
-65.3433130669
-64.1313829418
-63.5998454353
-63.494261417
-63.6477689587
-63.9516145185
-64.3355347037
-64.7547023247
-65.1810461532
-66.5801427152
-67.5335958953
-65.276759777
-64.0800994468
-63.5594332671
-63.461719117
-63.6210333231
-63.9292540693
-63.3172213542
-60.6783248632
-59.6224249426
-59.8964274613
-60.8818680123
-60.9087573186
-61.4246637636
-62.5731786748
-60.737051617
-60.5329325314
-60.7260299956
-61.1510208076
-61.7009812679
-62.3075915018
-62.9279712588
-63.5359334043
-64.1161795782
-65.9198185686
-67.292880716
-68.2069553139
-70.0
-70.0
-70.0
-70.0
-70.0
-70.0
-70.0
-70.0
-69.301784427
-65.9615487271
-64.0920223496
-63.1672391114
-62.8401278648
-62.8825235214
-64.1417846439
-62.4060054262
-61.2122450459
-61.9329898217
-63.0278410394
-64.1682915084
-65.8494212086
-66.9964516552
-67.7847882013
-67.3901581857
-68.0428440393
-68.4996940834
-69.3793698627
-69.9278630015
-70.0
-70.0
-70.0
-70.0
-70.0
-70.0
-69.9356376824
-70.0
-70.0
-70.0
-70.0
-70.0
-70.0
-70.0
-70.0
-70.0
-70.0
-67.3332257205
-64.8297609754
-63.5000234291
-60.8463192762
-59.5592194752
-59.3517010815
-60.4524268876
-60.5189063035
-60.5414970763
-60.8703349707
-61.371959875
-61.9605361551
-63.5801416125
-64.6829299801
-65.7354950101
-66.6813168886
-68.1232954283
-69.4715319401
-67.9909413176
-67.1695555668
-66.7710722641
-66.639613207
-66.6727506659
-66.8035414523
-66.9885645424
-67.1999595784
-67.4201312807
-64.7696699007
-64.3522149705
-63.2915239522
-62.8787252095
-63.4038791047
-66.2939506696
-68.9773061064
-70.0
-70.0
-70.0
-70.0
-70.0
-70.0
-70.0
-70.0
-70.0
-70.0
-69.0684453935
-68.5405644499
-68.2724837353
-68.4650643854
-65.6871970874
-64.1642368057
-61.8087801468
-60.6685468132
-60.5566647066
-60.8043132857
-61.2594253237
-61.8238450356
-62.4350353616
-59.2984598597
-58.0824403527
-59.9943611233
-60.2300661276
-60.1219249619
-60.3863094305
-59.9970837067
-60.0969788155
-60.487016587
-61.038138697
-63.0932655499
-64.5565661433
-65.9216717336
-68.5105417938
-70.0
-70.0
-70.0
-70.0
-70.0
-70.0
-70.0
-70.0
-70.0
-70.0
-70.0
-70.0
-70.0
-70.0
-70.0
-68.1224171585
-67.2726424089
-67.8534889931
-68.2735473105
-68.583130724
-66.2587804801
-64.988877651
-64.3939733653
-64.2238983483
-64.3143900598
-64.5582054181
-64.8858877858
-65.7246886488
-67.0227354835
-68.4680237877
-66.4921657359
-65.4235787137
-65.4201335089
-65.9120045722
-66.3433937244
-66.7241140916
-64.3751327725
-62.1715159975
-61.1102953993
-60.769886527
-60.8733116528
-61.2395896731
-61.7513701629
-62.3333927847
-62.9381599316
-63.8434257706
-64.9895655476
-70.0
-70.0
-70.0
-70.0
-70.0
-70.0
-70.0
-70.0
-70.0
-70.0
-68.0993412741
-67.0223013295
-66.475333985
-66.2646424455
-67.1310521975
-65.5225337076
-64.7066714901
-62.7573925136
-61.8292453772
-61.5447155828
-61.6558405201
-62.0006541318
-62.4741871611
-63.0091674066
-63.563183307
-64.7800804174
-66.2557040988
-68.7473628889
-70.0
-70.0
-70.0
-70.0
-70.0
-70.0
-70.0
-70.0
-70.0
-67.2793736134
-64.7559617699
-63.4167159381
-62.8326112411
-62.7210613815
-61.9001882405
-61.8918469418
-63.1494065846
-64.5854888108
-65.6276218529
-66.3986476163
-66.9813081538
-66.4900552014
-66.3123015898
-66.3285727033
-66.4607162812
-66.6579785519
-66.8877366293
-67.1293335881
-68.7714203792
-70.0
-70.0
-70.0
-70.0
-70.0
-70.0
-70.0
-70.0
-70.0
-69.470468624
-69.1704008443
-69.0180134816
-69.9592743458
-70.0
-70.0
-70.0
-70.0
-68.0486957683
-65.4091850977
-63.9785058588
-63.3208147868
-63.1488396507
-63.2740265807
-63.5733378526
-63.9671466874
-63.4630547621
-63.3784977816
-63.9840296792
-64.5478811618
-65.067929346
-65.5443606116
-66.1474941414
-67.6368478567
-65.6707869139
-63.6537338933
-62.6550442845
-62.3006623764
-62.344677819
-62.6262644906
-63.0410076772
-63.5218199999
-65.0262389043
-66.0946822834
-66.4221577631
-66.4045711255
-64.7559720541
-62.9598899851
-61.4132073737
-60.7714242278
-60.6939735327
-61.2647148815
-61.8983358614
-62.5485639206
-64.1697404289
-65.3367883195
-66.7480129988
-67.7031473731
-68.5741291062
-67.5430015561
-68.5868646093
-69.2602869542
-68.6924229501
-68.3952904493
-69.1388140244
-69.6136343686
-69.1089362937
-66.005564871
-64.2766898549
-62.7264381465
-62.0387391831
-61.8914951657
-62.0734322497
-62.4468134252
-62.9226150163
-63.4440088037
-64.9676707694
-66.0496122565
-63.9193352437
-62.8438578613
-63.4537674996
-64.9632977146
-66.6636243591
-68.8977951144
-70.0
-70.0
-69.9855215497
-67.1087570691
-64.9027755895
-63.7490941821
-61.0734873797
-59.7656737189
-59.3221297318
-57.3394048376
-56.5717897398
-56.5588276898
-54.9265620259
-54.44965056
-54.6818486619
-55.3317725675
-56.2106678254
-57.1976493859
-57.2242906893
-57.6661324484
-58.5046542728
-59.3909455584
-61.6065988903
-66.2629831132
-70.0
-70.0
-70.0
-70.0
-70.0
-70.0
-70.0
-70.0
-70.0
-70.0
-70.0
-70.0
-70.0
-70.0
-70.0
-70.0
-70.0
-70.0
-70.0
-70.0
-70.0
-70.0
-69.243805774
-69.2751833734
-70.0
-70.0
-70.0
-70.0
-70.0
-69.5570152054
-69.3059904885
-69.4296437484
-69.9108816445
-70.0
-67.5498263704
-66.8159724197
-67.2546788501
-67.7753156385
-68.1618538569
-68.455048326
-68.6824633967
-66.0900336104
-63.6831843939
-62.4496353842
-61.9611847989
-61.9360749544
-62.1898065492
-62.6023852878
-63.096519688
-63.6231163386
-63.1518376034
-64.3056994114
-66.8635977155
-70.0
-70.0
-70.0
-70.0
-70.0
-70.0
-70.0
-70.0
-70.0
-70.0
-70.0
-70.0
-70.0
-70.0
-66.2742160624
-64.1629384978
-61.4545347461
-59.1326177791
-58.1017136729
-57.8797807534
-58.3587527236
-58.092705145
-58.7136136111
-60.2700320544
-62.5639847905
-68.3614740971
-70.0
-70.0
-70.0
-70.0
-70.0
-70.0
-70.0
-67.5018455374
-66.0862246753
-65.3673113355
-66.0318586237
-66.5628583758
-66.9960296145
-66.3575871428
-65.7626020883
-65.5468576527
-65.5658490696
-63.7724243792
-63.2372887523
-63.1416310844
-63.8684043365
-64.8957440646
-66.169898996
-67.5032932944
-69.11479547
-70.0
-70.0
-67.7180180786
-66.3893020349
-65.7124290075
-65.4492242242
-64.7392901763
-61.9313574739
-60.5155526033
-60.8944264323
-60.8309251139
-62.1810324811
-63.2517291521
-64.1190895163
-62.0627393689
-60.4686300534
-59.8298767957
-59.7856289478
-61.0410316107
-62.0929054881
-62.9875996316
-63.7581627967
-64.8809591089
-65.8940250499
-68.4453897335
-70.0
-70.0
-70.0
-70.0
-70.0
-69.462346911
-68.1759532694
-67.4649186422
-67.1228005777
-67.0134363865
-66.0476707209
-65.5999556308
-64.9224391668
-65.3128295406
-65.7033027801
-63.2122499392
-61.9438765699
-59.8151840664
-58.8774624287
-58.6855806985
-58.0061266339
-57.6649166407
-58.9746329488
-58.8471960706
-59.0873463887
-59.5951916999
-59.6911702744
-60.0923850767
-60.6633677888
-60.613474786
-61.236891399
-62.1197587609
-63.3189437164
-64.8349605179
-66.9051775616
-68.2504685357
-69.6898602677
-70.0
-70.0
-70.0
-70.0
-70.0
-70.0
-70.0
-70.0
-70.0
-67.2928939569
-65.7588671992
-64.9798222379
-64.6797345198
-62.3136155066
-61.1501569152
-61.3815186355
-59.735090869
-59.0893978468
-59.3231612553
-59.8193139252
-60.4563617296
-61.1567116879
-60.1846371107
-60.4697857426
-60.9585487304
-61.3070272481
-63.3518327862
-65.5477420384
-68.317871461
-70.0
-70.0
-70.0
-70.0
-70.0
-70.0
-70.0
-70.0
-70.0
-67.1259554585
-66.0528857739
-65.5406144373
-63.3093703099
-61.3253320659
-60.598810757
-58.4037434356
-57.6817497293
-57.6591618478
-58.0569703907
-57.0340516421
-56.8524986715
-57.1818169334
-55.7341531485
-55.341083106
-55.5938716436
-56.5745488372
-57.814569727
-60.8620937015
-63.2539140822
-66.1198477436
-68.39075873
-68.8092303558
-69.1000056527
-70.0
-70.0
-67.4774888234
-66.0480658233
-65.3221431624
-63.4296846326
-64.8461651492
-67.1146566251
-68.9827111636
-70.0
-68.1446797104
-67.0933315462
-66.5594115962
-66.3537459063
-66.3518882955
-66.4723774525
-66.662258365
-65.8878960599
-65.5603488082
-65.5118088303
-65.6322912158
-65.85017094
-66.9638953604
-66.5788142795
-68.9875018566
-70.0
-70.0
-70.0
-70.0
-70.0
-70.0
-70.0
-70.0
-70.0
-70.0
-70.0
-70.0
-70.0
-70.0
-70.0
-70.0
-70.0
-70.0
-70.0
-70.0
-70.0
-70.0
-70.0
-69.7940290741
-69.6773122162
-69.6180383608
-69.5952061023
-69.5949998771
-69.6325890401
-70.0
-70.0
-70.0
-70.0
-70.0
-70.0
-70.0
-70.0
-70.0
-69.4359465132
-69.116316204
-69.9533175056
-70.0
-70.0
-70.0
-70.0
-70.0
-70.0
-70.0
-70.0
-67.7149573618
-66.4200998668
-66.090467268
-67.1928390847
-70.0
-70.0
-70.0
-70.0
-70.0
-70.0
-70.0
-70.0
-69.170075332
-68.6997846868
-65.5258687818
-63.770656946
-63.9174672664
-64.2083045497
-64.5758634347
-64.9772033179
-65.8730430339
-66.5481120957
-67.251445421
-67.0360284639
-67.0055773408
-66.8385350502
-66.7405777479
-66.7904507749
-63.9922775369
-62.5136310096
-61.5472401914
-61.2491643607
-61.7408663973
-62.6062238705
-63.3718975588
-64.0522385198
-64.9191545645
-65.6086657059
-65.2077686428
-65.1269714502
-66.2408680164
-67.0345103556
-67.609545414
-68.0342482685
-68.9261950829
-70.0
-70.0
-70.0
-70.0
-70.0
-70.0
-66.7552702486
-64.9165900561
-63.9828289387
-63.623144637
-63.6198959014
-62.9623040395
-63.7763264928
-64.4721957484
-65.0739774434
-65.5992472123
-66.0611008333
-66.4695096447
-67.091536289
-67.5617010659
-68.6628888711
-70.0
-70.0
-70.0
-70.0
-70.0
-70.0
-68.0620934489
-66.9639464033
-66.4062599625
-66.1914394326
-66.1894991335
-66.3153516497
-66.513684771
-67.690367488
-68.4733648686
-68.9940511347
-69.3399945231
-69.5695607388
-69.1202905675
-69.7922606173
-69.6468117377
-69.6260160603
-70.0
-68.6720016107
-68.6017803476
-69.3384998145
-69.8025815009
-69.1754026245
-68.8265818779
