-70.0
-70.0
-70.0
-70.0
-70.0
-70.0
-70.0
-70.0
-70.0
-70.0
-70.0
-70.0
-70.0
-70.0
-70.0
-70.0
-70.0
-70.0
-63.7313168758
-60.1790631055
-57.4010877013
-56.1542662021
-57.9308219809
-68.2089290209
-70.0
-70.0
-70.0
-70.0
-70.0
-70.0
-70.0
-70.0
-70.0
-70.0
-70.0
-70.0
-70.0
-70.0
-70.0
-70.0
-70.0
-70.0
-70.0
-70.0
-70.0
-70.0
-70.0
-70.0
-70.0
-70.0
-70.0
-70.0
-70.0
-70.0
-70.0
-70.0
-70.0
-70.0
-65.1770465979
-62.4440396701
-61.0561008577
-59.817763838
-59.4141694983
-59.5248739111
0
-70.0
-70.0
-70.0
-70.0
-70.0
-70.0
-70.0
-70.0
-70.0
-70.0
-70.0
-70.0
-70.0
-69.4716213115
-70.0
-70.0
-70.0
-70.0
-70.0
-70.0
-70.0
-70.0
-70.0
-70.0
-70.0
-70.0
-70.0
-70.0
-70.0
-70.0
-70.0
-70.0
-70.0
-70.0
-70.0
-70.0
-70.0
-70.0
-70.0
-70.0
-70.0
-70.0
-70.0
-70.0
-70.0
-70.0
-70.0
-70.0
-70.0
-70.0
-70.0
-70.0
-70.0
-70.0
-70.0
-70.0
-70.0
-70.0
-70.0
-70.0
-70.0
-70.0
-70.0
-70.0
-70.0
-70.0
-65.8353434302
-63.4753713739
-63.2508634662
-63.3411299393
-63.6172521586
-57.9174944511
-54.9003900116
-57.3621570101
-70.0
-70.0
-70.0
-70.0
-70.0
-70.0
-70.0
-70.0
-70.0
-70.0
-70.0
-63.6624409285
-60.0711574546
-58.2473487885
-57.5448186292
-63.2096046228
-70.0
-70.0
-70.0
-70.0
-70.0
-70.0
-70.0
-70.0
-70.0
-70.0
-70.0
-70.0
-70.0
-70.0
-70.0
-70.0
-70.0
-70.0
-70.0
-70.0
-70.0
-64.7735567342
-61.0094364144
-59.0506496754
-58.2403559761
-58.1461678907
-58.4847827764
-59.8018526979
-66.7182320771
-70.0
-70.0
-70.0
-70.0
-70.0
-65.2712687013
-61.6501819622
-60.755857186
-60.527400414
-60.7060796704
-61.1230845685
-61.6691846885
-63.6293502888
-70.0
-70.0
-70.0
-70.0
-70.0
-70.0
-70.0
-70.0
-70.0
-70.0
-70.0
-70.0
-70.0
-70.0
-70.0
-70.0
-70.0
-70.0
-70.0
-70.0
-70.0
-70.0
-70.0
-70.0
-70.0
-70.0
-70.0
-70.0
-70.0
-70.0
-70.0
-70.0
-70.0
-70.0
-70.0
-70.0
-70.0
-70.0
-70.0
-70.0
-70.0
-69.8994779016
-69.8425153791
-69.813587353
-70.0
-70.0
-70.0
-70.0
-70.0
-70.0
-70.0
-70.0
-70.0
-70.0
-70.0
-70.0
-70.0
-70.0
-69.3150616157
-68.9269298647
-70.0
-70.0
-70.0
-70.0
-70.0
-70.0
-70.0
-70.0
-65.8636870298
-62.5587947891
-60.8238996183
-59.533276973
-59.1077941534
-59.2155779899
-59.6397290254
-60.2395620125
-70.0
-70.0
-70.0
-70.0
-70.0
-70.0
-70.0
-70.0
-70.0
-70.0
-70.0
-70.0
-70.0
-69.559961323
-69.3106060727
-69.836829103
-70.0
-70.0
-70.0
-70.0
-70.0
-70.0
-65.7493820125
-60.4518095974
-57.5915391618
-55.7334367061
-55.0941273425
-55.2074041463
-55.768456757
-57.0719690095
-68.3714313191
-70.0
-70.0
-70.0
-70.0
-70.0
-70.0
-70.0
-70.0
-70.0
-70.0
-70.0
-70.0
-70.0
-70.0
-70.0
-70.0
-70.0
-70.0
-70.0
-70.0
-70.0
-65.4328491481
-62.8447969987
-61.5304724758
-61.0241953461
-61.0196225568
-55.5775993386
-56.8359723513
-70.0
-70.0
-70.0
-70.0
-70.0
-70.0
-70.0
-70.0
-70.0
-70.0
-70.0
-69.5598269292
-69.3103955223
-70.0
-69.2368020456
-70.0
-70.0
-70.0
-70.0
-67.1282514339
-64.5269395414
-63.1485877544
-62.5499570905
-62.4391134557
-62.6246368264
-62.1134835307
-62.0696754356
-62.949014759
-70.0
-70.0
-70.0
-70.0
-70.0
-70.0
-70.0
-70.0
-70.0
-70.0
-69.7470681782
-69.6037401459
-69.5309519883
-69.5029140275
-69.5026607834
-66.100156185
-70.0
-70.0
-70.0
-70.0
-70.0
-70.0
-70.0
-70.0
-70.0
-70.0
-69.1935384607
-68.7365435884
-70.0
-70.0
-70.0
-70.0
-70.0
-70.0
-70.0
-70.0
-70.0
-70.0
-70.0
-70.0
-70.0
-65.7825410664
-70.0
-70.0
-70.0
-70.0
-70.0
-70.0
-65.08318429
-62.296988721
-60.8820384223
-59.6332965919
-59.2296082739
-59.3464083407
-61.0037780262
-66.2520493528
-70.0
-70.0
-70.0
-67.6064322011
-66.250077115
-61.672372604
-55.8815651639
0
-70.0
-70.0
-70.0
-70.0
-70.0
-70.0
-70.0
-70.0
-70.0
-70.0
-70.0
-70.0
-65.4509264526
-62.8731181091
-61.5639958327
-61.0597226058
-60.0558445556
-59.7849895736
0
-70.0
-70.0
-70.0
-70.0
-70.0
-70.0
-70.0
-70.0
-70.0
-70.0
-70.0
-70.0
-70.0
-70.0
-70.0
-70.0
-70.0
-70.0
-70.0
-70.0
-70.0
-70.0
-70.0
-70.0
-70.0
-70.0
-70.0
-70.0
-70.0
-70.0
-70.0
-63.4461341182
-70.0
-70.0
-70.0
-70.0
-70.0
-70.0
-70.0
-70.0
-70.0
-70.0
-70.0
-70.0
-63.6343321194
-60.0271203203
-58.1952225636
-58.5215996764
-69.958525675
-70.0
-70.0
-70.0
-70.0
-70.0
-70.0
-70.0
-70.0
-70.0
-70.0
-70.0
-70.0
-70.0
-70.0
-70.0
-70.0
-70.0
-70.0
-70.0
-70.0
-70.0
-70.0
-70.0
-70.0
-69.6161752381
-69.3986745398
-69.2882183027
-62.5216424209
-67.0244005439
-70.0
-70.0
-70.0
-70.0
-70.0
-70.0
-70.0
-70.0
-70.0
-70.0
-69.6699140228
-69.4828653024
-69.3878738934
-69.3512832515
-70.0
-70.0
-70.0
-70.0
-70.0
-70.0
-70.0
-70.0
-70.0
-70.0
-70.0
-70.0
-70.0
-70.0
-70.0
-70.0
-70.0
-70.0
-70.0
-69.2156921341
-68.77125101
-69.5282031054
-69.9981009257
-70.0
-70.0
-70.0
-69.0835592809
-68.5642428734
-68.5866933495
-70.0
-70.0
-70.0
-70.0
-70.0
-70.0
-70.0
-70.0
-70.0
-70.0
-63.7541316367
-60.2148062308
-54.5284952241
0
-70.0
-70.0
-70.0
-70.0
-70.0
-70.0
-70.0
-70.0
-70.0
-70.0
-70.0
-70.0
-70.0
-70.0
-70.0
-70.0
-70.0
-70.0
-70.0
-70.0
-70.0
-70.0
-70.0
-66.2890100519
-64.186115748
-63.1181753073
-62.7068051994
-62.703089628
-62.9440906308
-63.3238882115
-57.1839974638
-60.1051142661
-70.0
-70.0
-70.0
-70.0
-70.0
-70.0
-70.0
-70.0
-70.0
-70.0
-70.0
-70.0
-70.0
-70.0
-70.0
-70.0
-70.0
-70.0
-70.0
-70.0
-70.0
-70.0
-70.0
-70.0
-70.0
-70.0
-69.26151546
-70.0
-70.0
-70.0
-70.0
-70.0
-70.0
-70.0
-70.0
-70.0
-70.0
-70.0
-70.0
-70.0
-70.0
-64.9546370372
-70.0
-70.0
-70.0
-70.0
-70.0
-70.0
-70.0
-70.0
-70.0
-70.0
-70.0
-70.0
-70.0
-70.0
-70.0
-70.0
-70.0
-70.0
-70.0
-70.0
-70.0
-67.3547822835
-66.1891589108
-65.6168129235
-65.419511567
-65.4538137008
-64.6259345647
-64.3083425975
-65.3912223999
-70.0
-70.0
-70.0
-70.0
-70.0
-70.0
-70.0
-70.0
-64.883699094
-61.9844619139
-59.5172424398
-58.3863360074
-58.4265345221
-59.3769552439
-62.5364489581
-70.0
-70.0
-70.0
-70.0
-66.7409152177
-64.8941005078
-63.9562083316
-62.6339511904
-63.0851169068
-63.9196457731
-64.6230415671
-65.2243109913
-66.5101392251
-70.0
-70.0
-70.0
-70.0
-70.0
-70.0
-70.0
-70.0
-70.0
-70.0
-70.0
-70.0
-70.0
-70.0
-68.9432194471
-70.0
-70.0
-70.0
-70.0
-70.0
-70.0
-70.0
-70.0
-70.0
-70.0
-69.5676018553
-69.32257624
-69.1981416628
-69.1502095277
-70.0
-70.0
-70.0
-70.0
-70.0
-70.0
-70.0
-70.0
-70.0
-70.0
-70.0
-70.0
-70.0
-70.0
-67.9607942572
-66.469047915
-65.8495759594
-65.6162402541
-66.6189386684
-61.7159758107
-59.0503322357
-57.8159350162
-57.481432184
0
-70.0
-70.0
-70.0
-70.0
-70.0
-70.0
-70.0
-70.0
-70.0
-70.0
-70.0
-70.0
-69.4291151175
-69.1056136841
-70.0
-70.0
-70.0
-70.0
-70.0
-70.0
-70.0
-64.0322587759
-60.6505387489
-58.9331554411
-58.271620275
-60.525033142
-68.3215236806
-70.0
-70.0
-70.0
-70.0
-70.0
-70.0
-70.0
-70.0
-64.1809128233
-60.8834300898
-59.2088261134
-58.5637695237
-59.5545177651
-63.373325325
-70.0
-70.0
-70.0
-70.0
-70.0
-70.0
-70.0
-70.0
-70.0
-70.0
-70.0
-70.0
-63.3295749422
-59.5496674094
-58.4439622454
-68.7092986016
-70.0
-70.0
-70.0
-70.0
-70.0
-70.0
-70.0
-65.6869059783
-63.2428193661
-62.0016067532
-61.5234922936
-61.5191738748
-61.7992770277
-62.2406963518
-62.8914452833
-70.0
-70.0
-70.0
-70.0
-70.0
-70.0
-70.0
-70.0
-64.0194758682
-59.8280430577
0
-70.0
-70.0
-70.0
-70.0
-70.0
-70.0
-70.0
-70.0
-70.0
-70.0
-70.0
-70.0
-70.0
-64.468081396
-61.3333275204
-59.7413642777
-62.8900946858
-70.0
-70.0
-70.0
-70.0
-70.0
-70.0
-70.0
-70.0
-70.0
-70.0
-70.0
-70.0
-70.0
-69.7880008671
-70.0
-70.0
-70.0
-70.0
-70.0
-70.0
-70.0
-70.0
-70.0
-70.0
-70.0
-70.0
-70.0
-69.5374419487
-69.2753257196
-70.0
-70.0
-70.0
-70.0
-70.0
-70.0
-70.0
-70.0
-70.0
-70.0
-70.0
-70.0
-70.0
-70.0
-70.0
-70.0
-70.0
-70.0
-70.0
-70.0
-70.0
-70.0
-70.0
-70.0
-70.0
-70.0
-70.0
-70.0
-70.0
-70.0
-70.0
-70.0
-70.0
-70.0
-70.0
-70.0
-66.0952933288
-63.8826262151
-62.7589384064
-62.3260944409
-62.3221849136
-61.7074536096
-61.2816997069
-61.316857375
-65.6611831754
-70.0
-70.0
-70.0
-70.0
-70.0
-65.1592085256
-62.4160933567
-61.0230211435
-60.4864104442
-60.4815636764
-59.9276240693
-59.9310061695
-60.2686685572
-61.1932572984
-64.4097977358
-70.0
-70.0
-70.0
-70.0
-70.0
-70.0
-70.0
-70.0
-63.8350550001
-60.3415861668
-58.5674519946
-57.8840564248
-56.9656753639
-55.4603931652
-66.2499954992
-70.0
-70.0
-70.0
-70.0
-65.9999552387
-63.7332632073
-62.5821392149
-62.1387268456
-62.1347218625
-62.3944948106
-62.8038754191
-63.2893746035
-64.6118684876
-70.0
-70.0
-70.0
-70.0
-70.0
-70.0
-70.0
-70.0
-70.0
-70.0
-70.0
-70.0
-70.0
-70.0
-70.0
-70.0
-70.0
-70.0
-70.0
-70.0
-70.0
-70.0
-70.0
-70.0
-70.0
-70.0
-70.0
-70.0
-70.0
-70.0
-70.0
-70.0
-70.0
-70.0
-70.0
-70.0
-70.0
-70.0
-70.0
-70.0
-70.0
-70.0
-70.0
-70.0
-70.0
-70.0
-70.0
-70.0
-70.0
-70.0
-70.0
-70.0
-70.0
-63.5742376516
-59.9329723208
-58.0837807117
-57.7504924179
-61.201950229
-68.0319411935
-70.0
-70.0
-70.0
-70.0
-70.0
-70.0
-70.0
-70.0
-70.0
-70.0
-70.0
-70.0
-70.0
-70.0
-70.0
-70.0
-70.0
-70.0
-70.0
-70.0
-70.0
-70.0
-70.0
-70.0
-70.0
-70.0
-70.0
-70.0
-70.0
-70.0
-70.0
-70.0
-70.0
-70.0
-70.0
-70.0
-70.0
-70.0
-70.0
-70.0
-70.0
-70.0
-70.0
-70.0
-70.0
-70.0
-70.0
-70.0
-70.0
-69.6642057335
-69.1405889825
-61.8550659665
-61.6113650469
-70.0
-70.0
-70.0
-70.0
-70.0
-70.0
-70.0
-70.0
-70.0
-70.0
-70.0
-70.0
-70.0
-70.0
-70.0
-70.0
-70.0
-70.0
-70.0
-70.0
-70.0
-67.1270924479
-65.4991115017
-64.6723525506
-64.3538854282
-64.3510089739
-64.5375828021
-64.8316076724
-65.1803023387
-65.5668406177
-69.5208694444
-70.0
-70.0
-70.0
-70.0
-70.0
-70.0
-66.3626245565
-64.3014451386
-63.2546893165
-58.9139925668
-56.6791080981
-55.782207147
-55.7179930047
-56.1555314192
-57.6167275185
-67.1271603272
-70.0
-70.0
-70.0
-70.0
-70.0
-70.0
-70.0
-70.0
-65.1680575171
-62.4299567767
-61.0394311067
-59.5298136293
-58.9730493552
-58.4510002567
-63.1342540395
-70.0
-70.0
-70.0
-70.0
-70.0
-70.0
-70.0
-70.0
-70.0
-70.0
-70.0
-63.2909218746
-60.5522499484
-70.0
-70.0
-70.0
-70.0
-70.0
-70.0
-68.5035562246
-67.6555714185
-67.2249281542
-67.0590445905
-67.0575462993
-67.1547291146
-67.3078811666
-67.4895096923
-68.379209105
-70.0
-70.0
-70.0
-70.0
-70.0
-69.1058621596
-69.4016531859
-69.5990726955
-69.7308886447
-64.2016646421
-57.7441143546
-54.2781137036
0
-70.0
-70.0
-70.0
-70.0
-70.0
-70.0
-70.0
-70.0
-70.0
-70.0
-70.0
-70.0
-70.0
-70.0
-70.0
-70.0
-70.0
-70.0
-70.0
-70.0
-70.0
-70.0
-70.0
-70.0
-70.0
-70.0
-63.0877485724
-59.1708060968
-57.1816137415
-57.4988411592
-63.198396465
-70.0
-70.0
-70.0
-70.0
-70.0
-68.8814816249
-68.2476545457
-64.0368809245
-61.7091873876
-60.5889316858
-61.1719528785
-61.8160338314
-62.4752812755
-63.1216536994
-64.9343718107
-70.0
-70.0
-70.0
-70.0
-70.0
-70.0
-70.0
-70.0
-70.0
-70.0
-70.0
-70.0
-70.0
-70.0
-70.0
-70.0
-70.0
-70.0
-70.0
-70.0
-70.0
-70.0
-70.0
-70.0
-70.0
-69.757913564
-69.6207312503
-69.5510641537
-69.524228424
-70.0
-70.0
-70.0
-70.0
-70.0
-70.0
-70.0
-70.0
-70.0
-70.0
-70.0
-70.0
-69.4762624508
-69.1794778396
-69.0287578116
-70.0
-70.0
-70.0
-70.0
-70.0
-70.0
-70.0
-70.0
-70.0
-70.0
-70.0
-70.0
-70.0
-70.0
-70.0
-70.0
-70.0
-70.0
-70.0
-70.0
-70.0
-70.0
-70.0
-70.0
-64.5720319305
-61.4961833577
-59.9341347688
-59.3324344565
-59.3269997872
-59.6795056594
-54.8495661272
-54.1107661594
-70.0
-70.0
-70.0
-70.0
-70.0
-70.0
-70.0
-70.0
-70.0
-70.0
-70.0
-70.0
-69.9362764304
-69.5668330743
-70.0
-70.0
-70.0
-70.0
-70.0
-70.0
-70.0
-70.0
-69.395398991
-68.0701332825
-67.3393027479
-66.9894943356
-67.8722521304
-68.4728317363
-68.8840851086
-69.168034295
-69.366135997
-70.0
-70.0
-70.0
-70.0
-70.0
-70.0
-70.0
-70.0
-70.0
-70.0
-70.0
-70.0
-70.0
-70.0
-70.0
-70.0
-70.0
-70.0
-70.0
-70.0
-70.0
-70.0
-70.0
-70.0
-70.0
-70.0
-70.0
-70.0
-70.0
-70.0
-70.0
-70.0
-70.0
-70.0
-70.0
-70.0
-70.0
-70.0
-65.6311428594
-63.1554571463
-61.898197147
-56.4879753165
0
-70.0
-70.0
-70.0
-70.0
-70.0
-70.0
-70.0
-70.0
-70.0
-70.0
-70.0
-70.0
-70.0
-63.8593507525
-70.0
-70.0
-70.0
-70.0
-70.0
-70.0
-70.0
-70.0
-70.0
-70.0
-70.0
-70.0
-70.0
-70.0
-70.0
-70.0
-70.0
-70.0
-70.0
-70.0
-70.0
-70.0
-70.0
-70.0
-70.0
-70.0
-70.0
-70.0
-70.0
-70.0
-70.0
-70.0
-70.0
-70.0
-70.0
-70.0
-70.0
-70.0
-70.0
-70.0
-64.1720486218
-60.8695428408
-59.1923879442
-58.5463487414
-58.7662866231
-67.3974391806
-70.0
-70.0
-70.0
-70.0
-70.0
-68.8621110974
-69.2138818985
-69.4511483159
-64.6858772965
-62.0038521084
-59.6611768037
-58.6001990608
-59.2558142845
0
-70.0
-70.0
-70.0
-70.0
-70.0
-70.0
-70.0
-70.0
-70.0
-70.0
-64.6341358675
-59.2601461924
-56.3937475143
-55.1274500569
-54.8634232473
-57.3508618175
-65.956068929
-70.0
-70.0
-70.0
-68.2826833073
-66.6058334778
-65.7128624641
-65.3199844405
-65.2402581449
-65.3510804294
-59.1870782522
-55.8491076708
-59.037182401
-70.0
-70.0
-70.0
-70.0
-70.0
-65.2429480618
-62.5472852968
-61.1783114613
-60.6509834446
-60.6462205197
-60.9551554142
-61.4420111704
-62.7993659107
-70.0
-70.0
-70.0
-70.0
-70.0
-70.0
-70.0
-70.0
-70.0
-70.0
-70.0
-70.0
-70.0
-70.0
-70.0
-70.0
-70.0
-70.0
-70.0
-70.0
-70.0
-70.0
-70.0
-70.0
-70.0
-70.0
-70.0
-70.0
-70.0
-70.0
-70.0
-70.0
-70.0
-70.0
-70.0
-70.0
-70.0
-70.0
-70.0
-70.0
-70.0
-70.0
-70.0
-70.0
-70.0
-70.0
-70.0
-70.0
-70.0
-70.0
-70.0
-70.0
-70.0
-69.8707349177
-69.7974847045
-69.7602850864
-70.0
-70.0
-70.0
-70.0
-70.0
-70.0
-70.0
-70.0
-70.0
-70.0
-69.7051810836
-69.538117031
-69.4532746984
-70.0
-70.0
-70.0
-70.0
-70.0
-70.0
-70.0
-70.0
-70.0
-64.2154063623
-60.9374699675
-59.2727924651
-58.6315595482
-57.6272902519
-58.433726845
-60.7974034067
-70.0
-70.0
-70.0
-70.0
-70.0
-70.0
-70.0
-70.0
-70.0
-70.0
-69.6822580097
-62.1736073583
-58.6817725042
-64.6917003754
-70.0
-70.0
-70.0
-70.0
-70.0
-70.0
-70.0
-64.0840036746
-60.7316057568
-59.029113481
-58.3733143328
-58.690090027
-64.7147605258
-70.0
-70.0
-70.0
-70.0
-70.0
-70.0
-70.0
-70.0
-70.0
-70.0
-70.0
-70.0
-70.0
-70.0
-70.0
-70.0
-70.0
-70.0
-70.0
-70.0
-70.0
-70.0
-70.0
-70.0
-70.0
-70.0
-64.1112114925
-60.7742313382
-59.2616397323
-60.5567303072
-65.1273494165
-70.0
-70.0
-70.0
-70.0
-70.0
-70.0
-70.0
-70.0
-70.0
-70.0
-70.0
-70.0
-70.0
-70.0
-70.0
-70.0
-70.0
-70.0
-70.0
-70.0
-70.0
-70.0
-70.0
-70.0
-70.0
-70.0
-70.0
-70.0
-70.0
-70.0
-70.0
-70.0
-70.0
-70.0
-70.0
-70.0
-70.0
-70.0
-70.0
-70.0
-70.0
-70.0
-70.0
-70.0
-70.0
-70.0
-70.0
-70.0
-70.0
-70.0
-70.0
-70.0
-70.0
-70.0
-70.0
-70.0
-70.0
-70.0
-70.0
-70.0
-70.0
-70.0
-70.0
-70.0
-70.0
-70.0
-70.0
-70.0
-63.8107424143
-61.2157049539
-59.9514923125
-60.6090919135
-63.1632107862
-70.0
-70.0
-70.0
-70.0
-70.0
-66.057156773
-63.8228789444
-62.6882162824
-62.2511448091
-62.2471970982
-62.503255235
-61.9458000516
-62.8537879783
-59.0920417539
-65.3961807923
-70.0
-70.0
-70.0
-70.0
-67.3113618538
-66.5902693735
-62.7157160173
-60.6337934696
-59.6968468254
-59.478117278
-60.5000781094
-61.7167221251
-67.3203704876
-70.0
-70.0
-70.0
-70.0
-70.0
-70.0
-70.0
-70.0
-70.0
-70.0
-70.0
-70.0
-63.7721303914
-61.544548726
-70.0
-70.0
-70.0
-70.0
-70.0
-70.0
-70.0
-70.0
-70.0
-70.0
-70.0
-70.0
-70.0
-70.0
-70.0
-70.0
-70.0
-70.0
-70.0
-70.0
-65.6494317737
-63.1841097788
-61.9321129226
-61.4498443781
-61.4454884388
-61.7280252606
-62.173279845
-62.9172818258
-66.5180170382
-70.0
-70.0
-70.0
-70.0
-70.0
-70.0
-70.0
-70.0
-70.0
-70.0
-70.0
-63.2805426424
-60.1079160893
-63.4686032517
-70.0
-70.0
-70.0
-70.0
-70.0
-70.0
-70.0
-69.8957301262
-69.8366438644
-70.0
-70.0
-70.0
-70.0
-70.0
-70.0
-70.0
-70.0
-70.0
-70.0
-70.0
-70.0
-70.0
-70.0
-70.0
-70.0
-70.0
-70.0
-70.0
-70.0
-66.5006761694
-64.5177259987
-63.510698363
-62.2105833313
-61.6901615346
-61.6549030721
-61.9119178922
-62.3357295212
-62.8454921812
-64.5136793203
-70.0
-70.0
-70.0
-70.0
-70.0
-70.0
-70.0
-70.0
-70.0
-70.0
-70.0
-70.0
-70.0
-70.0
-70.0
-70.0
-70.0
-70.0
-70.0
-70.0
-70.0
-70.0
-70.0
-70.0
-70.0
-70.0
-70.0
-70.0
-70.0
-70.0
-70.0
-70.0
-70.0
-70.0
-70.0
-70.0
-70.0
-70.0
-70.0
-70.0
-70.0
-70.0
-70.0
-70.0
-70.0
-70.0
-70.0
-70.0
-70.0
-70.0
-70.0
-70.0
-70.0
-70.0
-70.0
-70.0
-70.0
-70.0
-70.0
-70.0
-70.0
-70.0
-70.0
-70.0
-70.0
-70.0
-70.0
-70.0
-70.0
-70.0
-70.0
-70.0
-70.0
-70.0
-70.0
-70.0
-70.0
-70.0
-70.0
-70.0
-70.0
-70.0
-70.0
-70.0
-69.9046302635
-69.8505874129
-69.823142122
-69.8125702101
-70.0
-70.0
-70.0
-69.4889220802
-69.6560859731
-69.7678481097
-69.842643788
-69.8927664021
-69.9264144238
-69.9490560894
-69.964339219
-69.9746977896
-63.163842403
-64.2471604748
-70.0
-70.0
-70.0
-70.0
-70.0
-70.0
-70.0
-69.5642390798
-69.3173078918
-68.636350027
-69.1415430644
-69.473274118
-69.6898702796
-70.0
-70.0
-70.0
-70.0
-70.0
-70.0
-70.0
-65.9748669828
-64.6823972531
-64.0841688402
-63.9224261644
-64.0279663535
-64.2903582552
-63.6966424511
-64.4627333918
-67.7229244849
-70.0
-70.0
-70.0
-70.0
-70.0
-70.0
-70.0
-70.0
-70.0
-70.0
-70.0
-70.0
-69.2977201031
-68.8997614948
-69.8927144055
-70.0
-70.0
-70.0
-70.0
-70.0
-70.0
-70.0
-70.0
