-62.0
-57.4666666667
-55.1644444444
-54.2776296296
-54.2696197531
-54.7891598354
-65.6579118903
-70.0
-70.0
-70.0
-70.0
-70.0
-70.0
-70.0
-65.1420246914
-62.3891720165
-60.9911546776
-60.4526391184
-60.4477751456
-60.7632642571
-61.2604489154
-55.0669126228
-70.0
-70.0
-70.0
-70.0
-70.0
-70.0
-67.6031934156
-66.2450030178
-65.5552553452
-65.2895648968
-65.2871651312
-65.4428197675
-65.688118557
-58.4472485198
-62.0780086585
-70.0
-70.0
-70.0
-70.0
-70.0
-68.0657434202
-66.9696646916
-66.4130286314
-66.1986127076
-66.1966760631
-66.3222915409
-66.5202511096
-59.2232397882
-70.0
-70.0
-70.0
-70.0
-70.0
-70.0
-66.7292708028
-64.8758575911
-63.934614411
-63.5720480226
-63.5687732555
-63.78118262
-64.1159221514
-58.3657613516
-70.0
-70.0
-70.0
-70.0
-70.0
-70.0
-67.1866385672
-65.5924004219
-64.7827775207
-64.4709111959
-64.4680943612
-64.650801115
-64.9387317968
-57.7484204537
-70.0
-70.0
-70.0
-70.0
-70.0
-70.0
-67.9566584362
-66.7987648834
-66.2107365889
-65.9842283926
-65.9821825284
-66.1148822589
-66.324006022
-59.0402347201
-55.0352974483
-69.3922427564
-70.0
-70.0
-70.0
-70.0
-70.0
-70.0
-70.0
-70.0
-70.0
-70.0
-70.0
-62.7592436112
-58.6561483243
-56.5724195413
-61.5193775857
-70.0
-70.0
-70.0
-70.0
-70.0
-70.0
-70.0
-70.0
-70.0
-70.0
-62.7923966458
-58.7080880784
-56.633900002
-66.4518598285
-70.0
-70.0
-70.0
-70.0
-70.0
-70.0
-70.0
-70.0
-70.0
-70.0
-63.1086358787
-59.2035295433
-57.2203480906
-56.4564276159
-56.449527744
-70.0
-70.0
-70.0
-70.0
-70.0
-70.0
-70.0
-70.0
-70.0
-63.8382844079
-60.3466455723
-58.5734407519
-57.8904031679
-57.8842338453
-58.2843911235
-70.0
-70.0
-70.0
-70.0
-70.0
-70.0
-70.0
-70.0
-66.0193415638
-63.7636351166
-62.6180900777
-62.1768267185
-62.1728411457
-62.4313550971
-62.8387516314
-56.9399131595
-66.9439644899
-70.0
-70.0
-70.0
-70.0
-70.0
-69.6735034208
-69.4884886926
-69.3945302326
-69.3583374822
-69.3580105825
-69.37921409
-69.4126290581
-61.9204783781
-57.8586614031
-69.9129837309
-70.0
-70.0
-70.0
-70.0
-66.9526725146
-65.2258536062
-64.3489004743
-64.0110985794
-64.0080474897
-64.2059485863
-64.5178242914
-57.3559102124
-57.6359456785
-70.0
-70.0
-70.0
-70.0
-70.0
-70.0
-70.0
-70.0
-70.0
-70.0
-70.0
-70.0
-62.5453918384
-58.3211138802
-56.1758433092
-70.0
-70.0
-70.0
-70.0
-70.0
-70.0
-70.0
-70.0
-70.0
-70.0
-70.0
-63.1917793019
-59.333787573
-57.3745329499
-56.6198290777
-57.1232556091
-68.2333340341
-70.0
-70.0
-70.0
-70.0
-70.0
-70.0
-70.0
-70.0
-64.4024098766
-61.23044214
-59.6195800933
-58.9990768622
-58.9934723615
-59.3569939157
-66.0899154238
-67.2860805946
-69.0446154519
-70.0
-70.0
-70.0
-70.0
-70.0
-62.6819677366
-58.5350827874
-56.4291157249
-70.0
-70.0
-70.0
-70.0
-70.0
-70.0
-70.0
-70.0
-70.0
-70.0
-70.0
-62.6321272459
-58.456999352
-56.3366893038
-55.5199469648
-70.0
-70.0
-70.0
-70.0
-70.0
-70.0
-70.0
-70.0
-70.0
-70.0
-63.116039105
-59.2151279312
-57.2340769625
-56.4709771493
-56.6389820503
-62.5882979011
-70.0
-70.0
-70.0
-70.0
-70.0
-70.0
-70.0
-70.0
-64.4534692836
-61.3104352109
-59.714266927
-59.0994237257
-59.0938703474
-59.4540759755
-61.9642909281
-61.8738657065
-70.0
-70.0
-70.0
-70.0
-70.0
-70.0
-68.1890864198
-67.1629020576
-66.6417613717
-66.4410182478
-66.4392050986
-66.5568103724
-66.7421465242
-59.430164639
-55.5761544697
-70.0
-70.0
-70.0
-70.0
-70.0
-70.0
-70.0
-70.0
-70.0
-70.0
-70.0
-70.0
-62.7152454402
-58.5872178564
-56.4908273775
-56.9374017183
-70.0
-70.0
-70.0
-70.0
-70.0
-70.0
-70.0
-70.0
-70.0
-70.0
-63.6091339735
-59.9876432251
-58.1484940019
-57.440054668
-57.433655912
-68.1841406673
-70.0
-70.0
-70.0
-70.0
-70.0
-70.0
-70.0
-70.0
-63.5748558541
-59.9339408381
-58.0849271339
-57.3726880069
-57.3662549305
-70.0
-70.0
-70.0
-70.0
-70.0
-70.0
-70.0
-70.0
-70.0
-64.6838884316
-61.6714252096
-60.141566436
-59.552265624
-59.5469429493
-59.8921845796
-60.4362567384
-70.0
-70.0
-70.0
-70.0
-70.0
-70.0
-70.0
-66.6455034294
-64.7446220393
-63.7792724707
-63.4074203138
-63.4040616758
-63.6219111039
-63.9652237239
-56.8405918129
-65.8921254955
-70.0
-70.0
-70.0
-70.0
-70.0
-70.0
-70.0
-70.0
-70.0
-70.0
-70.0
-70.0
-62.5660434329
-58.3534680448
-56.2141405438
-59.634309007
-70.0
-70.0
-70.0
-70.0
-70.0
-70.0
-70.0
-70.0
-70.0
-70.0
-63.1482712082
-59.2656248928
-57.2938496071
-56.5343227822
-57.0918194351
-58.9818770093
-70.0
-70.0
-70.0
-70.0
-70.0
-70.0
-70.0
-70.0
-65.5171915866
-62.9769334857
-61.6868808424
-61.1899532282
-61.1854648855
-61.476589717
-61.935378292
-55.3255659336
-70.0
-70.0
-70.0
-70.0
-70.0
-70.0
-68.7545555556
-68.0488037037
-67.6903924691
-67.5523326461
-67.5510856641
-67.6319679527
-67.7594317275
-60.3788169091
-56.2711541212
-61.3942758218
-70.0
-70.0
-70.0
-70.0
-70.0
-70.0
-70.0
-70.0
-70.0
-70.0
-70.0
-62.916928517
-58.90318801
-56.8648374387
-56.079665848
-60.8412803626
-70.0
-70.0
-70.0
-70.0
-70.0
-70.0
-70.0
-70.0
-70.0
-64.0226258192
-60.6354471168
-58.9152916581
-58.252688661
-58.2467039073
-58.6348895915
-59.8263937115
-70.0
-70.0
-70.0
-70.0
-70.0
-70.0
-70.0
-65.552357295
-63.0320264289
-61.7520936949
-61.2590642647
-61.2546111311
-61.5434522132
-61.9986417887
-55.1999406807
0
-70.0
-70.0
-70.0
-70.0
-70.0
-70.0
-70.0
-70.0
-70.0
-70.0
-70.0
-70.0
-63.0960101611
-59.1837492523
-57.1969343987
-56.4316143398
-70.0
-70.0
-70.0
-70.0
-70.0
-70.0
-70.0
-70.0
-70.0
-70.0
-63.5816674287
-59.944612305
-58.0975588206
-57.3860747693
-57.3796485129
-58.1904441098
-70.0
-70.0
-70.0
-70.0
-70.0
-70.0
-70.0
-70.0
-65.2235720165
-62.5169294925
-61.1423796616
-60.6129037744
-60.6081214496
-60.9183146731
-61.4071534514
-61.0670159839
-70.0
-70.0
-70.0
-70.0
-70.0
-70.0
-68.9158068219
-68.3014306876
-67.9894239841
-67.8692391626
-67.8681536309
-67.9385638575
-68.0495245316
-60.6493380927
-56.5209149596
-55.0968078537
-70.0
-70.0
-70.0
-70.0
-70.0
-70.0
-70.0
-70.0
-70.0
-70.0
-70.0
-62.6695413371
-58.5156147614
-56.4060716573
-55.5934767396
-64.2177954305
-70.0
-70.0
-70.0
-70.0
-70.0
-70.0
-70.0
-70.0
-70.0
-63.9818942384
-60.5716343069
-58.8397572044
-58.1726390361
-58.1666135005
-58.5574443959
-59.7837091485
-70.0
-70.0
-70.0
-70.0
-70.0
-70.0
-70.0
-67.9146021948
-66.7328767718
-66.1327456257
-65.9015754171
-65.8994874447
-66.0349184132
-66.2483463804
-58.9696795892
-54.9701568615
-70.0
-70.0
-70.0
-70.0
-70.0
-70.0
-70.0
-70.0
-70.0
-70.0
-70.0
-70.0
-62.6624869064
-58.50456282
-56.3929896075
-58.6056919164
-70.0
-70.0
-70.0
-70.0
-70.0
-70.0
-70.0
-70.0
-70.0
-70.0
-63.3622849011
-59.6009130117
-57.6907261111
-56.9549231003
-56.9482771905
-58.0049850769
-70.0
-70.0
-70.0
-70.0
-70.0
-70.0
-70.0
-70.0
-65.4096399599
-62.8084359372
-61.4874323257
-60.9785824146
-60.9739863874
-61.2720958916
-61.741891731
-54.767260818
-70.0
-70.0
-70.0
-70.0
-70.0
-70.0
-70.0
-70.0
-70.0
-70.0
-70.0
-70.0
-70.0
-62.5194333745
-58.2804456201
-56.1277047801
-70.0
-70.0
-70.0
-70.0
-70.0
-70.0
-70.0
-70.0
-70.0
-70.0
-70.0
-63.0386863791
-59.0939419939
-57.0906306297
-56.3189561235
-56.9514451787
-70.0
-70.0
-70.0
-70.0
-70.0
-70.0
-70.0
-70.0
-70.0
-64.855714068
-61.9406187065
-60.4602075327
-59.8899539107
-59.8848032738
-60.2188861159
-60.7453729506
-70.0
-70.0
-70.0
-70.0
-70.0
-70.0
-70.0
-66.2352010672
-64.1018150053
-63.0183895346
-62.6010546011
-62.5972851542
-62.8417806477
-63.2270852555
-56.1522531527
-55.8997873597
-70.0
-70.0
-70.0
-70.0
-70.0
-70.0
-70.0
-70.0
-70.0
-70.0
-70.0
-70.0
-62.6076454094
-58.4186444747
-56.2912890981
-56.1262098352
-70.0
-70.0
-70.0
-70.0
-70.0
-70.0
-70.0
-70.0
-70.0
-70.0
-64.1876518823
-60.893987949
-59.221323324
-58.5770137716
-58.5711942477
-59.1659805967
-70.0
-70.0
-70.0
-70.0
-70.0
-70.0
-70.0
-70.0
-65.8589885688
-63.5124154245
-62.3207243571
-61.8616855714
-61.8575394476
-62.1264671251
-62.5502748274
-55.5211049289
-70.0
-70.0
-70.0
-70.0
-70.0
-70.0
-69.9281339547
-69.8874098623
-69.8667284115
-69.8587619273
-69.8586899725
-69.8633571339
-69.8707121929
-62.3476561297
-58.0889006207
-56.5970041921
-70.0
-70.0
-70.0
-70.0
-70.0
-70.0
-70.0
-70.0
-70.0
-70.0
-70.0
-63.205646473
-59.3555128077
-57.4002488483
-56.6470821777
-56.6402794361
-70.0
-70.0
-70.0
-70.0
-70.0
-70.0
-70.0
-70.0
-70.0
-63.9749537044
-60.5607608036
-58.8268863696
-58.1589988303
-58.1529663456
-58.5442479767
-59.6100554447
-70.0
-70.0
-70.0
-70.0
-70.0
-70.0
-70.0
-68.7466145405
-68.0363627801
-67.6756662978
-67.5367261985
-67.5354712657
-67.6168692638
-67.7451457539
-60.3654947638
-56.2588543444
-70.0
-70.0
-70.0
-70.0
-70.0
-70.0
-70.0
-70.0
-70.0
-70.0
-70.0
-70.0
-63.0583340615
-59.1247233631
-57.1270661652
-56.357569641
-70.0
-70.0
-70.0
-70.0
-70.0
-70.0
-70.0
-70.0
-70.0
-70.0
-63.3510763653
-59.5833529723
-57.6699405041
-56.9328950064
-56.9262378742
-63.7744818492
-70.0
-70.0
-70.0
-70.0
-70.0
-70.0
-70.0
-70.0
-65.5440256059
-63.0189734492
-61.7366430402
-61.2426900268
-61.2382285512
-61.5276107141
-61.9836529881
-55.6814042868
-70.0
-70.0
-70.0
-70.0
-70.0
-70.0
-70.0
-70.0
-70.0
-70.0
-70.0
-70.0
-70.0
-62.5274243521
-58.2929648184
-56.1425236041
-70.0
-70.0
-70.0
-70.0
-70.0
-70.0
-70.0
-70.0
-70.0
-70.0
-70.0
-63.2512623753
-59.4269777213
-57.4848410049
-56.7367309415
-56.7299738721
-70.0
-70.0
-70.0
-70.0
-70.0
-70.0
-70.0
-70.0
-70.0
-64.7849205914
-61.8297089265
-60.3289249633
-59.7508237533
-59.7456022356
-60.0842825837
-60.6180147065
-70.0
-70.0
-70.0
-70.0
-70.0
-70.0
-70.0
-69.8071440329
-69.6978589849
-69.6423593233
-69.6209808822
-69.6207877881
-69.6333123387
-69.6530499912
-62.1446788906
-57.9015002673
-70.0
-70.0
-70.0
-70.0
-70.0
-70.0
-70.0
-70.0
-70.0
-70.0
-70.0
-70.0
-62.6257123319
-58.44694932
-56.3247932022
-55.5073397581
-70.0
-70.0
-70.0
-70.0
-70.0
-70.0
-70.0
-70.0
-70.0
-70.0
-63.3833283239
-59.6338810407
-57.7297499695
-56.9962796611
-56.9896548207
-57.4193580891
-70.0
-70.0
-70.0
-70.0
-70.0
-70.0
-70.0
-70.0
-67.3644060357
-65.8709027892
-65.112437415
-64.8202769434
-64.8176380956
-64.9888001837
-65.2585374305
-58.0466498386
-70.0
-70.0
-70.0
-70.0
-70.0
-70.0
-70.0
-70.0
-70.0
-70.0
-70.0
-70.0
-70.0
-62.6211233834
-58.4397599673
-56.3162832521
-70.0
-70.0
-70.0
-70.0
-70.0
-70.0
-70.0
-70.0
-70.0
-70.0
-70.0
-63.1740623863
-59.3060310718
-57.3416779141
-56.585010089
-56.5781757243
-70.0
-70.0
-70.0
-70.0
-70.0
-70.0
-70.0
-70.0
-70.0
-64.9489608901
-62.0867053945
-60.633128584
-60.0732115449
-60.06815427
-60.3961814293
-60.9131250106
-70.0
-70.0
-70.0
-70.0
-70.0
-70.0
-70.0
-66.8885164534
-65.1253424436
-64.229926623
-63.8850129098
-63.8818975849
-64.0839651372
-64.4024068306
-57.2482795934
0
-70.0
-70.0
-70.0
-70.0
-70.0
-70.0
-70.0
-70.0
-70.0
-70.0
-70.0
-70.0
-63.0341583431
-59.0868480708
-57.0822336384
-56.3100571911
-70.0
-70.0
-70.0
-70.0
-70.0
-70.0
-70.0
-70.0
-70.0
-70.0
-64.438894071
-61.2876007113
-59.687238005
-59.0707791145
-59.065211143
-59.426363322
-70.0
-70.0
-70.0
-70.0
-70.0
-70.0
-70.0
-70.0
-65.5127371758
-62.9699549088
-61.678620385
-61.1811989912
-61.1767061885
-61.4681203006
-61.9273647579
-55.6524192679
-70.0
-70.0
-70.0
-70.0
-70.0
-70.0
-70.0
-70.0
-70.0
-70.0
-70.0
-70.0
-70.0
-62.525545424
-58.2900211643
-56.1390392364
-70.0
-70.0
-70.0
-70.0
-70.0
-70.0
-70.0
-70.0
-70.0
-70.0
-70.0
-63.3313093996
-59.5523847261
-57.6332837644
-56.8940470619
-56.8873701384
-70.0
-70.0
-70.0
-70.0
-70.0
-70.0
-70.0
-70.0
-70.0
-65.0642700808
-62.2673564599
-60.846963072
-60.2998282702
-60.2948864468
-60.6154251379
-61.1205675146
-70.0
-70.0
-70.0
-70.0
-70.0
-70.0
-70.0
-68.9902208505
-68.4180126658
-68.1274206661
-68.0154847774
-68.0144737516
-68.0800513444
-68.1833961886
-60.7741778632
-56.6361742726
-70.0
-70.0
-70.0
-70.0
-70.0
-70.0
-70.0
-70.0
-70.0
-70.0
-70.0
-70.0
-63.0769474843
-59.1538843921
-57.1615837236
-56.3941505318
-70.0
-70.0
-70.0
-70.0
-70.0
-70.0
-70.0
-70.0
-70.0
-70.0
-63.4801865836
-59.7856256476
-57.9093682311
-57.1866348402
-57.1801069776
-57.6035200275
-70.0
-70.0
-70.0
-70.0
-70.0
-70.0
-70.0
-70.0
-65.3560462897
-62.7244725205
-61.3880458416
-60.8732549729
-60.8686052859
-61.1701952975
-61.6454761279
-54.677350063
-70.0
-70.0
-70.0
-70.0
-70.0
-70.0
-70.0
-70.0
-70.0
-70.0
-70.0
-70.0
-70.0
-62.784702061
-58.6960332289
-56.619630822
-56.0854336298
-70.0
-70.0
-70.0
-70.0
-70.0
-70.0
-70.0
-70.0
-70.0
-70.0
-63.8169368975
-60.3132011395
-58.53385298
-57.848448985
-57.8422582885
-58.2438019276
-70.0
-70.0
-70.0
-70.0
-70.0
-70.0
-70.0
-70.0
-65.5578412976
-63.0406180329
-61.762263473
-61.2698419546
-61.2653943118
-61.553879249
-62.0085075697
-67.00379279
-70.0
-70.0
-70.0
-70.0
-70.0
-70.0
-69.2782854842
-68.8693139252
-68.6616205256
-68.5816171351
-68.5808945295
-68.6277644819
-68.7016276373
-61.257445917
-57.0823553542
-70.0
-70.0
-70.0
-70.0
-70.0
-70.0
-70.0
-70.0
-70.0
-70.0
-70.0
-70.0
-62.6863177906
-58.541897872
-56.4371826584
-55.6264474417
-70.0
-70.0
-70.0
-70.0
-70.0
-70.0
-70.0
-70.0
-70.0
-70.0
-64.1885086623
-60.8953302376
-59.2229121749
-58.5786975981
-58.572878932
-58.950291768
-70.0
-70.0
-70.0
-70.0
-70.0
-70.0
-70.0
-70.0
-67.9198573388
-66.7411098308
-66.1424909983
-65.9119033322
-65.9098206215
-66.0449103077
-66.2578004424
-58.9784958163
-57.6381491617
-70.0
-70.0
-70.0
-70.0
-70.0
-70.0
-70.0
-70.0
-70.0
-70.0
-70.0
-70.0
-62.5733360651
-58.3648931687
-56.2276643252
-70.0
-70.0
-70.0
-70.0
-70.0
-70.0
-70.0
-70.0
-70.0
-70.0
-70.0
-63.1108487695
-59.2069964055
-57.2244517736
-56.460776602
-56.4538789456
-70.0
-70.0
-70.0
-70.0
-70.0
-70.0
-70.0
-70.0
-70.0
-65.3344612102
-62.690655896
-61.3480175109
-60.8308338962
-60.8261625975
-61.1291543983
-61.6066443322
-70.0
-70.0
-70.0
-70.0
-70.0
-70.0
-70.0
-69.4125528121
-69.0796660722
-68.9106118259
-68.8454922173
-68.8449040449
-68.8830543399
-68.9431760389
-61.4826978315
-57.2903209792
-70.0
-70.0
-70.0
-70.0
-70.0
-70.0
-70.0
-70.0
-70.0
-70.0
-70.0
-70.0
-63.007052448
-59.0443821685
-57.0319672618
-56.2567860758
-70.0
-70.0
-70.0
-70.0
-70.0
-70.0
-70.0
-70.0
-70.0
-70.0
-63.872957521
-60.400966783
-58.637740114
-57.9585461089
-57.9524115021
-58.3503170214
-70.0
-70.0
-70.0
-70.0
-70.0
-70.0
-70.0
-70.0
-65.6937296165
-63.2535097325
-62.014260811
-61.5369027644
-61.5325911776
-61.8122511863
-62.252972152
-55.2438603007
-70.0
-70.0
-70.0
-70.0
-70.0
-70.0
-70.0
-70.0
-70.0
-70.0
-70.0
-70.0
-70.0
-62.4809994046
-58.2202324006
-56.0564311181
-70.0
-70.0
-70.0
-70.0
-70.0
-70.0
-70.0
-70.0
-70.0
-70.0
-70.0
-63.901851547
-60.4462340903
-58.69132248
-58.0153314311
-58.0092257541
-58.4052548227
-70.0
-70.0
-70.0
-70.0
-70.0
-70.0
-70.0
-70.0
-66.2931035253
-64.1925288564
-63.1257664265
-62.7148500876
-62.7111386147
-62.9518737772
-63.3312524154
-56.2493924922
-70.0
-70.0
-70.0
-70.0
-70.0
-70.0
-70.0
-70.0
-70.0
-70.0
-70.0
-70.0
-70.0
-62.4886879865
-58.2322778455
-58.9344165699
-70.0
-70.0
-70.0
-70.0
-70.0
-70.0
-70.0
-70.0
-70.0
-70.0
-70.0
-62.9797472154
-59.0016039708
-56.9813312251
-56.2031232034
-60.7598544803
-70.0
-70.0
-70.0
-70.0
-70.0
-70.0
-70.0
-70.0
-70.0
-64.0020704884
-60.6032437652
-58.8771729391
-58.2122913455
-58.2062860111
-58.5958066101
-70.0
-70.0
-70.0
-70.0
-70.0
-70.0
-70.0
-70.0
-67.7992894376
-66.5522201189
-65.9189045237
-65.6749516825
-65.672748255
-65.8156679233
-66.0408974602
-58.7762265747
-66.3020544524
-70.0
-70.0
-70.0
-70.0
-70.0
-70.0
-70.0
-70.0
-70.0
-70.0
-70.0
-70.0
-62.7879559288
-58.7011309552
-56.6256649391
-57.2754337903
-70.0
-70.0
-70.0
-70.0
-70.0
-70.0
-70.0
-70.0
-70.0
-70.0
-63.5695452256
-59.9256208535
-58.0750788684
-57.3622510484
-57.3558126548
-61.2274390807
-70.0
-70.0
-70.0
-70.0
-70.0
-70.0
-70.0
-70.0
-65.1212035366
-62.3565522074
-60.9525430029
-60.4117193802
-60.4068345605
-60.72367585
-61.2229914287
-63.5591731306
-70.0
-70.0
-70.0
-70.0
-70.0
-70.0
-69.8765267492
-69.8065585737
-69.771025716
-69.7573384775
-69.7572148518
-69.7652335147
-69.7778702619
-62.2610779426
-58.0089666196
-68.5999192402
-70.0
-70.0
-70.0
-70.0
-70.0
-70.0
-70.0
-70.0
-70.0
-70.0
-70.0
-63.2452161425
-59.41750529
-57.4736286021
-56.7248483026
-56.7180851795
-70.0
-70.0
-70.0
-70.0
-70.0
-70.0
-70.0
-70.0
-70.0
-65.0838390489
-62.29801451
-60.8832526363
-60.3382870909
-60.3333648606
-60.6526326937
-61.1557723038
-70.0
-70.0
-70.0
-70.0
-70.0
-70.0
-70.0
-67.8863243629
-66.6885748351
-66.0803059573
-65.8460010987
-65.8438848136
-65.9811522154
-66.1974742493
-58.9222396358
-55.2270583698
-70.0
-70.0
-70.0
-70.0
-70.0
-70.0
-70.0
-70.0
-70.0
-70.0
-70.0
-70.0
-62.895266791
-58.8692513058
-56.8246669712
-56.0370941381
-70.0
-70.0
-70.0
-70.0
-70.0
-70.0
-70.0
-70.0
-70.0
-70.0
-64.6504008535
-61.6189613372
-60.0794655828
-59.4864526108
-59.4810964072
-59.8285128048
-70.0
-70.0
-70.0
-70.0
-70.0
-70.0
-70.0
-70.0
-67.8779852803
-66.6755102724
-66.0648415919
-65.8296123306
-65.8274876961
-65.9652966589
-66.1824721479
-58.9082496775
-63.9988726459
-70.0
-70.0
-70.0
-70.0
-70.0
-70.0
-70.0
-70.0
-70.0
-70.0
-70.0
-70.0
-62.5332214322
-58.3020469105
-56.1532739671
-70.0
-70.0
-70.0
-70.0
-70.0
-70.0
-70.0
-70.0
-70.0
-70.0
-70.0
-63.1990845308
-59.3452324316
-57.388080091
-56.634186017
-56.6273767053
-70.0
-70.0
-70.0
-70.0
-70.0
-70.0
-70.0
-70.0
-70.0
-64.9002610953
-62.0104090494
-60.5428175201
-59.9775020186
-59.9723959837
-60.30358583
-60.8255135434
-70.0
-70.0
-70.0
-70.0
-70.0
-70.0
-70.0
-70.0
-70.0
-70.0
-70.0
-70.0
-70.0
-70.0
-62.5112226017
-58.267582076
-70.0
-70.0
-70.0
-70.0
-70.0
-70.0
-70.0
-70.0
-70.0
-70.0
-70.0
-70.0
-63.1991373715
-59.3453152153
-57.3881780811
-56.6342898645
-59.7561624361
-70.0
-70.0
-70.0
-70.0
-70.0
-70.0
-70.0
-70.0
-70.0
-63.9203341044
-60.4751900969
-58.7255973558
-58.0516551327
-58.045567961
-58.440396726
-70.0
-70.0
-70.0
-70.0
-70.0
-70.0
-70.0
-70.0
-66.6953589775
-64.8227290647
-63.8717268149
-63.5054012379
-63.5020925171
-63.7167042007
-64.0549144041
-56.9242313538
-70.0
-70.0
-70.0
-70.0
-70.0
-70.0
-70.0
-70.0
-70.0
-70.0
-70.0
-70.0
-70.0
-62.50117716
-58.2518442174
-57.0310209919
-70.0
-70.0
-70.0
-70.0
-70.0
-70.0
-70.0
-70.0
-70.0
-70.0
-70.0
-63.7301728395
-60.1772707819
-58.3729538546
-57.6779319031
-57.6716543354
-59.6120416821
-70.0
-70.0
-70.0
-70.0
-70.0
-70.0
-70.0
-70.0
-66.7442052936
-64.8992549599
-63.9623095944
-63.6013987219
-63.5981389077
-63.8095783889
-64.1427894647
-57.0061777691
-54.4025706767
-65.786883968
-70.0
-70.0
-70.0
-70.0
-70.0
-70.0
-70.0
-70.0
-70.0
-70.0
-70.0
-63.0314437368
-59.0825951877
-57.0771995519
-56.3047221854
-56.297745026
-70.0
-70.0
-70.0
-70.0
-70.0
-70.0
-70.0
-70.0
-70.0
-65.2697198598
-62.5892277803
-61.2279582733
-60.70359796
-60.69886184
-61.0060581067
-61.4901739298
-70.0
-70.0
-70.0
-70.0
-70.0
-70.0
-70.0
-69.0154626545
-68.4575581587
-68.1742301893
-68.0650924013
-68.0641066485
-68.1280449752
-68.228806472
-60.8165244621
-56.6752711074
-70.0
-70.0
-70.0
-70.0
-70.0
-70.0
-70.0
-70.0
-70.0
-70.0
-70.0
-70.0
-62.9868199553
-59.0126845966
-56.9944472282
-56.2170232329
-70.0
-70.0
-70.0
-70.0
-70.0
-70.0
-70.0
-70.0
-70.0
-70.0
-63.7697468349
-60.2392700414
-58.4463416306
-57.7557065297
-57.7494685849
-58.1540768651
-70.0
-70.0
-70.0
-70.0
-70.0
-70.0
-70.0
-70.0
-67.6917640604
-66.3837636946
-65.7195046853
-65.4636324568
-65.4613213712
-65.6112240075
-65.8474581223
-58.5958379615
-59.0329530164
-70.0
-70.0
-70.0
-70.0
-70.0
-70.0
-70.0
-70.0
-70.0
-70.0
-70.0
-70.0
-62.8958164952
-58.8701125092
-56.8256863673
-56.0381744699
-70.0
