-70.0
-70.0
-70.0
-70.0
-70.0
-70.0
-70.0
-70.0
-70.0
-70.0
-70.0
-70.0
-70.0
-70.0
-70.0
-70.0
-70.0
-70.0
-70.0
-70.0
-70.0
-70.0
-70.0
-70.0
-70.0
-70.0
-70.0
-70.0
-70.0
-64.2313767694
-60.962490272
-59.3024086979
-58.6629461302
-59.950862258
-63.8777506444
-68.8839289876
-70.0
-70.0
-70.0
-70.0
-64.480655229
-61.3530265254
-59.7646817524
-59.1528521636
-59.1473260048
-61.5662104137
-68.6600020761
-70.0
-70.0
-70.0
-70.0
-70.0
-70.0
-70.0
-64.721660076
-59.5756799523
-56.8355692131
-55.6303171291
-55.3861553077
-56.6639550901
-64.7660523324
-70.0
-70.0
-69.0266371453
-68.6239141666
-68.4281499071
-68.3630863545
-68.3786120112
-68.4419736714
-68.5319248785
-68.6348314402
-68.7420809958
-69.3884676616
-70.0
-70.0
-70.0
-70.0
-70.0
-70.0
-70.0
-64.6056350573
-61.5488282564
-59.9964499007
-59.3984745572
-59.3930735325
-60.4896590073
-64.240550871
-70.0
-70.0
-70.0
-70.0
-70.0
-70.0
-70.0
-70.0
-70.0
-70.0
-70.0
-63.8061677302
-61.0540708773
-64.8006163565
-70.0
-70.0
-70.0
-70.0
-70.0
-70.0
-70.0
-70.0
-70.0
-70.0
-70.0
-70.0
-70.0
-70.0
-70.0
-70.0
-70.0
-70.0
-70.0
-70.0
-70.0
-70.0
-70.0
-70.0
-63.9720205753
-60.556165568
-55.2355269058
-54.2098466418
-58.8415461005
-65.6071093
-70.0
-68.2000537093
-67.1800841446
-66.662099601
-66.4625722214
-66.460770053
-66.5776630835
-60.8776558842
-57.7617297018
-57.0614148436
-58.2018607674
-65.2970854653
-70.0
-70.0
-70.0
-70.0
-66.1952982773
-61.8904829261
-59.5779109511
-58.5377707345
-58.2957609133
-58.5406963235
-59.632910183
-63.986102813
-70.0
-70.0
-70.0
-70.0
-70.0
-70.0
-64.4089782572
-61.4279920375
-56.3439168905
0
-70.0
-70.0
-70.0
-70.0
-70.0
-70.0
-70.0
-70.0
-70.0
-70.0
-64.3567954052
-61.1589794682
-59.5349905904
-58.9094309106
-57.9403839341
-63.248039834
-69.9716984143
-70.0
-70.0
-70.0
-70.0
-70.0
-70.0
-70.0
-70.0
-70.0
-70.0
-70.0
-70.0
-70.0
-70.0
-70.0
-70.0
-70.0
-70.0
-70.0
-70.0
-70.0
-70.0
-63.7889341491
-60.6407947535
-56.6178606279
-62.5919033368
-66.6713846716
-69.7873021877
-70.0
-70.0
-70.0
-70.0
-70.0
-70.0
-70.0
-63.9084351801
-60.4565484489
-59.8556967505
-64.1736474054
-70.0
-70.0
-70.0
-70.0
-70.0
-70.0
-70.0
-70.0
-70.0
-70.0
-70.0
-70.0
-67.3239400135
-70.0
-70.0
-70.0
-70.0
-70.0
-70.0
-70.0
-70.0
-70.0
-70.0
-70.0
-70.0
-68.0407616547
-66.9305265924
-66.3667013352
-66.1495161364
-66.1475544793
-66.2747923357
-60.6180862446
-57.5367930485
0
-70.0
-70.0
-70.0
-70.0
-70.0
-70.0
-70.0
-70.0
-70.0
-70.0
-70.0
-70.0
-64.2690410952
-61.0214977159
-55.8112360005
0
-70.0
-70.0
-70.0
-70.0
-70.0
-70.0
-70.0
-70.0
-70.0
-70.0
-70.0
-70.0
-70.0
-70.0
-70.0
-70.0
-70.0
-70.0
-70.0
-70.0
-70.0
-65.4347449913
-62.847767153
-61.5339882117
-56.5230696194
0
-70.0
-70.0
-70.0
-70.0
-70.0
-70.0
-70.0
-69.7297760804
-69.5766491926
-69.4988847535
-69.4689299316
-69.4686593741
-69.4862083938
-63.6839396383
-60.4131137303
-58.7701810613
-59.9027135002
-64.2481275831
-66.6293703922
-70.0
-70.0
-70.0
-70.0
-70.0
-70.0
-70.0
-70.0
-70.0
-70.0
-70.0
-70.0
-70.0
-70.0
-70.0
-70.0
-70.0
-70.0
-65.7215786692
-63.2971399151
-62.0659053322
-61.5916344046
-61.7802327391
-62.1673839818
-62.8527619165
-66.9848134437
-70.0
-70.0
-70.0
-70.0
-70.0
-70.0
-70.0
-70.0
-70.0
-70.0
-70.0
-70.0
-70.0
-70.0
-70.0
-70.0
-70.0
-70.0
-70.0
-70.0
-70.0
-70.0
-70.0
-70.0
-70.0
-70.0
-63.86744469
-60.3923300144
-63.6158005173
-70.0
-70.0
-70.0
-70.0
-70.0
-70.0
-70.0
-70.0
-64.4486323314
-59.1778833608
-56.3761711998
0
-70.0
-70.0
-70.0
-70.0
-70.0
-70.0
-70.0
-70.0
-65.3134665554
-62.6577642702
-61.30908409
-60.7895731789
-60.9813547406
-61.586101454
-65.3309501399
-70.0
-70.0
-70.0
-70.0
-70.0
-70.0
-70.0
-65.0508900193
-62.2463943635
-60.8221504913
-55.7929718367
0
-70.0
-70.0
-70.0
-70.0
-70.0
-70.0
-70.0
-70.0
-70.0
-70.0
-70.0
-70.0
-70.0
-70.0
-70.0
-70.0
-70.0
-70.0
-70.0
-70.0
-70.0
-70.0
-70.0
-70.0
-70.0
-70.0
-70.0
-70.0
-70.0
-70.0
-70.0
-70.0
-70.0
-70.0
-70.0
-70.0
-68.7958950074
-65.9948511367
-62.329012068
-60.3852082245
-56.008222797
0
-70.0
-70.0
-70.0
-70.0
-70.0
-70.0
-70.0
-70.0
-70.0
-70.0
-70.0
-70.0
-70.0
-70.0
-70.0
-70.0
-70.0
-63.9077132371
-60.4554174048
-59.6686253565
-66.0098143528
-70.0
-70.0
-70.0
-70.0
-70.0
-70.0
-65.485375842
-62.9270888192
-61.6278803115
-56.6665381317
-54.1341815527
0
-70.0
-70.0
-70.0
-70.0
-70.0
-70.0
-70.0
-70.0
-70.0
-70.0
-65.2694540528
-62.5888113493
-61.2274653489
-56.2478680473
0
-70.0
-70.0
-70.0
-70.0
-70.0
-70.0
-70.0
-70.0
-70.0
-70.0
-70.0
-70.0
-70.0
-70.0
-63.9858330342
-60.7837890768
-60.7692779275
-68.6048566877
-70.0
-70.0
-70.0
-70.0
-70.0
-70.0
-70.0
-70.0
-64.2919440783
-61.057379056
-59.4147274074
-54.3365154121
0
-70.0
-70.0
-70.0
-70.0
-70.0
-70.0
-70.0
-70.0
-70.0
-70.0
-70.0
-70.0
-70.0
-70.0
-66.0910337849
-67.6433466836
-70.0
-70.0
-70.0
-70.0
-70.0
-70.0
-70.0
-70.0
-70.0
-70.0
-70.0
-70.0
-70.0
-70.0
-70.0
-70.0
-70.0
-70.0
-70.0
-70.0
-64.5530386641
-61.4664272405
-59.8989128116
-59.2951070606
-54.228427873
0
-70.0
-70.0
-70.0
-70.0
-70.0
-70.0
-70.0
-70.0
-70.0
-70.0
-70.0
-70.0
-64.4027838206
-61.2310279856
-56.1222179962
0
-70.0
-70.0
-70.0
-70.0
-70.0
-70.0
-70.0
-70.0
-70.0
-70.0
-64.8915206107
-61.9967156234
-60.5266087769
-59.9603243765
-60.1537013299
-64.1906500065
-70.0
-70.0
-70.0
-70.0
-70.0
-70.0
-70.0
-70.0
-70.0
-70.0
-70.0
-70.0
-70.0
-70.0
-70.0
-70.0
-70.0
-70.0
-68.6120398373
-67.8255290784
-63.9358150566
-61.8041261416
-60.7983085879
-60.5015411028
-60.6400959083
-55.5800317031
0
-70.0
-70.0
-70.0
-70.0
-70.0
-70.0
-70.0
-70.0
-70.0
-70.0
-70.0
-64.6717427024
-59.561482317
-56.8432766753
-55.6509107344
-57.4089800829
-68.1367792668
-70.0
-70.0
-70.0
-70.0
-70.0
-65.3475649284
-62.7111850545
-61.3723176283
-60.856586585
-60.8519284062
-61.1540692187
-61.6302180656
-62.8050828085
-65.7964871158
-70.0
-70.0
-70.0
-70.0
-70.0
-70.0
-70.0
-70.0
-70.0
-70.0
-64.1680942351
-60.863347635
-59.1850547537
-54.1280724545
0
-70.0
-70.0
-70.0
-70.0
-70.0
-70.0
-70.0
-70.0
-70.0
-70.0
-64.7932311165
-61.8427287492
-60.3443363705
-56.3652699616
-56.0695825859
-59.6062680065
-64.8728380365
-68.5353323122
-70.0
-70.0
-70.0
-70.0
-70.0
-70.0
-70.0
-70.0
-64.8383747495
-69.3269847362
-70.0
-70.0
-70.0
-70.0
-67.1693699564
-65.5653462651
-61.2781462025
-58.9965546249
-57.9943811909
-57.7932644241
-58.0794855499
-58.648568707
-61.6027301154
-67.323798271
-70.0
-70.0
-70.0
-70.0
-70.0
-70.0
-70.0
-64.2669268291
-61.0181853656
-59.3683343086
-58.9360819478
-60.256537644
-67.2859928825
-70.0
-70.0
-70.0
-70.0
-70.0
-70.0
-70.0
-70.0
-70.0
-70.0
-70.0
-70.0
-70.0
-64.86496342
-68.4425490416
-70.0
-70.0
-68.1338345681
-64.994766865
-63.2781673476
-62.4722687256
-62.2396539282
-62.3587632522
-62.6849367381
-57.4279878673
-54.6928856159
0
-70.0
-70.0
-70.0
-70.0
-70.0
-70.0
-70.0
-70.0
-70.0
-70.0
-70.0
-70.0
-70.0
-70.0
-70.0
-70.0
-70.0
-70.0
-70.0
-70.0
-70.0
-65.486461044
-62.9287889689
-61.6298927582
-56.7398351112
-54.2478060193
-54.0884923651
-56.782542295
-57.7514934259
-60.5871740223
-59.3299686492
-58.931313137
-59.0610760585
-59.5035646094
-60.1189389196
-60.8175322085
-61.5427704415
-56.3896086204
0
-70.0
-70.0
-70.0
-70.0
-70.0
-70.0
-70.0
-70.0
-70.0
-70.0
-64.9216381414
-62.0438997549
-60.5824600645
-60.0195142481
-60.0144296166
-62.5935515957
-70.0
-70.0
-70.0
-70.0
-68.4719513166
-65.5310456044
-63.9154673236
-63.148938111
-58.5368095676
-56.1516387894
-55.1821483628
-55.0943824948
-55.5385768908
-58.3385805961
-70.0
-70.0
-70.0
-70.0
-70.0
-70.0
-70.0
-70.0
-70.0
-70.0
-70.0
-70.0
-70.0
-70.0
-63.9127177635
-62.1317112459
-70.0
-70.0
-70.0
-70.0
-70.0
-70.0
-70.0
-70.0
-70.0
-70.0
-70.0
-70.0
-70.0
-70.0
-70.0
-70.0
-65.7124144326
-70.0
-70.0
-70.0
-70.0
-70.0
-70.0
-67.0519998508
-65.3814664328
-64.533097501
-64.2063062252
-64.2033545855
-64.3948051156
-64.6965152631
-65.0543241761
-65.4338653848
-65.8137945971
-67.5957919908
-70.0
-70.0
-70.0
-70.0
-70.0
-70.0
-70.0
-70.0
-64.778730858
-61.8200116775
-60.3174464466
-59.7386590932
-60.1362072971
-62.9169926765
-68.5220590657
-70.0
-70.0
-70.0
-70.0
-66.4014838344
-64.3623246739
-63.3267516884
-58.5622322622
-56.084779531
-55.0621485746
-54.9464983816
-55.3788916531
-56.3297029588
-58.4118841031
-65.4653121491
-70.0
-70.0
-70.0
-70.0
-70.0
-70.0
-70.0
-70.0
-70.0
-70.0
-64.0020229163
-60.6031692356
-59.5008866714
-63.6839138736
-70.0
-70.0
-70.0
-70.0
-70.0
-70.0
-70.0
-70.0
-70.0
-70.0
-70.0
-70.0
-70.0
-70.0
-70.0
-70.0
-70.0
-70.0
-70.0
-70.0
-70.0
-70.0
-70.0
-70.0
-64.8063242156
-61.8632412711
-60.3686167954
-55.4310115964
0
-70.0
-70.0
-70.0
-70.0
-70.0
-70.0
-70.0
-70.0
-70.0
-70.0
-70.0
-65.4368678814
-62.8510930143
-61.5379249935
-61.0320933479
-61.0275245823
-61.3238658368
-56.9914305501
-61.4342089323
-70.0
-70.0
-70.0
-70.0
-70.0
-70.0
-70.0
-70.0
-70.0
-70.0
-70.0
-70.0
-70.0
-66.2009154374
-70.0
-70.0
-70.0
-70.0
-70.0
-70.0
-70.0
-70.0
-70.0
-70.0
-70.0
-70.0
-70.0
-70.0
-64.5809083574
-65.2518761301
-70.0
-70.0
-70.0
-70.0
-67.9518223191
-64.7347705917
-62.9800472021
-62.161211595
-61.9312031775
-62.0621580212
-62.40532566
-62.8643820546
-63.3776698228
-65.577922346
-67.8732499862
-70.0
-70.0
-70.0
-70.0
-70.0
-70.0
-70.0
-70.0
-64.581148937
-63.5942043922
-66.5554944885
-70.0
-70.0
-70.0
-70.0
-70.0
-70.0
-70.0
-70.0
-70.0
-70.0
-70.0
-70.0
-70.0
-70.0
-67.2955994778
-65.7631058486
-64.9848394761
-64.68505167
-64.6823439307
-64.8579744895
-59.5093833261
-56.6499158506
-55.5870171947
-58.439703718
-63.4648532307
-65.7918646355
-69.6661138633
-70.0
-67.7701615088
-66.5065863637
-65.8648883979
-65.6177066718
-65.6154740805
-65.7602853896
-65.9884959955
-66.2591391591
-66.5462204187
-62.7250971504
-66.7084742964
-70.0
-70.0
-70.0
-66.3587373815
-64.295355231
-59.8255866691
-57.482872643
-56.4944818059
-56.3516312435
-56.7208665312
-57.5920541281
-61.4515488341
-70.0
-70.0
-70.0
-70.0
-70.0
-70.0
-70.0
-70.0
-70.0
-70.0
-64.1560323555
-60.8444506903
-63.7836308211
-70.0
-70.0
-70.0
-70.0
-70.0
-70.0
-70.0
-70.0
-70.0
-70.0
-70.0
-70.0
-70.0
-64.5286371207
-66.7046823239
-70.0
-70.0
-70.0
-70.0
-70.0
-70.0
-70.0
-70.0
-70.0
-70.0
-70.0
-70.0
-70.0
-70.0
-70.0
-70.0
-70.0
-70.0
-70.0
-70.0
-70.0
-70.0
-70.0
-70.0
-70.0
-64.405361543
-59.186370584
-54.3667344891
0
-70.0
-70.0
-70.0
-70.0
-70.0
-70.0
-70.0
-70.0
-70.0
-65.6931819873
-63.2526517802
-62.0132452632
-61.5358265109
-56.6062622539
-54.311411663
0
-70.0
-70.0
-70.0
-70.0
-70.0
-70.0
-70.0
-70.0
-66.1944575388
-64.0379834774
-62.9428329247
-62.5209814955
-62.5171712549
-57.443199901
-55.2498637341
-56.9974145172
-64.8557789237
-70.0
-70.0
-70.0
-68.4538914534
-67.5777632769
-67.1328275952
-62.6528081598
-60.2097028933
-59.0701829702
-58.7507982507
-58.9341408107
-59.4130083196
-61.12197352
-65.183310613
-70.0
-70.0
-70.0
-70.0
-70.0
-70.0
-70.0
-70.0
-70.0
-70.0
-70.0
-70.0
-70.0
-70.0
-70.0
-70.0
-70.0
-70.0
-70.0
-70.0
-70.0
-70.0
-70.0
-70.0
-70.0
-70.0
-70.0
-70.0
-70.0
-70.0
-70.0
-70.0
-70.0
-70.0
-70.0
-70.0
-70.0
-70.0
-70.0
-70.0
-70.0
-70.0
-70.0
-70.0
-70.0
-70.0
-70.0
-66.6426539336
-69.2522340014
-70.0
-70.0
-70.0
-70.0
-70.0
-70.0
-70.0
-70.0
-70.0
-70.0
-70.0
-64.0262091371
-62.3202354996
-67.9164915926
-70.0
-70.0
-70.0
-70.0
-70.0
-70.0
-70.0
-70.0
-70.0
-70.0
-70.0
-70.0
-70.0
-70.0
-70.0
-70.0
-70.0
-70.0
-70.0
-70.0
-70.0
-70.0
-70.0
-70.0
-70.0
-70.0
-70.0
-70.0
-70.0
-70.0
-70.0
-70.0
-70.0
-70.0
-70.0
-70.0
-70.0
-70.0
-70.0
-70.0
-70.0
-70.0
-70.0
-69.3180897651
-70.0
-70.0
-70.0
-70.0
-70.0
-70.0
-70.0
-70.0
-65.2067622232
-62.4905941497
-57.719755445
-55.2665937074
-54.2858102079
-54.4397906064
-57.6280000289
-65.4978644481
-70.0
-70.0
-70.0
-67.8119219511
-66.5720110567
-65.9423308182
-65.6997783145
-65.6975875351
-65.8396868163
-66.0636234912
-66.3291980464
-66.6109028446
-70.0
-70.0
-70.0
-70.0
-70.0
-70.0
-70.0
-70.0
-65.1104973914
-62.3397792466
-60.9326890514
-60.3906786326
-60.3857830936
-60.7033196671
-63.3249199487
-67.4709083378
-70.0
-70.0
-67.5035475774
-66.0888912045
-65.370467674
-65.0937312999
-65.0912317655
-65.2533576526
-65.7107909121
-67.1916946909
-69.2182983141
-70.0
-70.0
-70.0
-70.0
-70.0
-70.0
-70.0
-70.0
-64.9315560058
-62.0594377425
-60.600852193
-60.0390057903
-60.0339310889
-60.3630885652
-61.4909509267
-58.8386257663
-61.2205030576
-64.2392715942
-66.4561823166
-67.9044560062
-68.8432716864
-69.4451187049
-69.8247229592
-64.1961333663
-59.6097197428
-58.2411154485
-60.1252546095
-63.5028920633
-66.3954321778
-63.1728030827
-61.8876338569
-61.6052236929
-61.7156034713
-62.0579778893
-62.5281366105
-63.2730439537
-66.0728208412
-70.0
-70.0
-70.0
-70.0
-70.0
-70.0
-70.0
-70.0
-70.0
-70.0
-70.0
-64.1878932512
-60.8943660935
-59.2217709291
-58.5774881328
-60.5494552502
-66.1589498221
-66.8424143022
-68.2248571033
-69.4869963136
-70.0
-70.0
-70.0
-70.0
-70.0
-64.238197412
-60.9731759454
-59.9668890072
-56.5018088233
-57.0252448646
-63.983078133
-70.0
-70.0
-70.0
-70.0
-70.0
-70.0
-64.8354510678
-61.9088733395
-60.4226309245
-59.8501311114
-59.8449601865
-61.027885116
-63.315271186
-66.6109209639
-70.0
-70.0
-70.0
-68.3802077007
-67.4623253978
-66.9961851695
-66.8166281935
-66.8150064015
-66.9201997795
-67.0859758137
-61.5490914231
-56.478686908
-54.1035846737
-55.3800163838
-64.9835467235
-70.0
-70.0
-70.0
-70.0
-70.0
-70.0
-70.0
-70.0
-70.0
-70.0
-70.0
-70.0
-70.0
-70.0
-70.0
-70.0
-70.0
-70.0
-70.0
-70.0
-70.0
-70.0
-70.0
-70.0
-70.0
-70.0
-70.0
-70.0
-70.0
-70.0
-70.0
-70.0
-70.0
-70.0
-70.0
-70.0
-70.0
-66.2041488565
-64.0531665418
-62.960804935
-62.5400278063
-62.536227269
-57.4994062819
-54.8940001469
-54.0600663209
0
-70.0
-70.0
-70.0
-70.0
-70.0
-70.0
-70.0
-70.0
-70.0
-70.0
-70.0
-70.0
-70.0
-70.0
-70.0
-70.0
-70.0
-70.0
-70.0
-70.0
-67.6323728039
-66.2907173927
-65.6093668996
-61.0711611562
-58.6458656716
-57.5691595251
-57.3374971864
-57.6205832103
-58.2030820509
-58.9458119536
-60.3861656576
-68.9158697849
-70.0
-70.0
-70.0
-70.0
-70.0
-70.0
-70.0
-70.0
-70.0
-70.0
-70.0
-70.0
-64.1124583744
-61.4338332651
-64.0001236177
-68.2542626828
-70.0
-69.773182078
-69.8199827092
-69.8540636642
-65.6069980781
-63.2051921238
-61.9906021471
-61.5288280896
-61.534136052
-61.8195162944
-62.2634272301
-59.2240875586
-62.1164259068
-69.3443721135
-70.0
-70.0
-70.0
-70.0
-70.0
-70.0
-70.0
-70.0
-70.0
-70.0
-70.0
-70.0
-70.0
-70.0
-70.0
-70.0
-70.0
-70.0
-67.5873042872
-66.22011005
-65.5257898393
-65.2583380516
-60.3889144683
-57.787629836
-56.6339380621
-56.3872583957
-58.406249724
-65.7466931888
-70.0
-70.0
-70.0
-70.0
-70.0
-70.0
-70.0
-70.0
-70.0
-70.0
-70.0
-70.0
-70.0
-70.0
-70.0
-70.0
-70.0
-70.0
-70.0
-70.0
-70.0
-70.0
-70.0
-70.0
-70.0
-70.0
-70.0
-70.0
-70.0
-70.0
-70.0
-65.7673973565
-63.3689225252
-62.1508735423
-61.6816817011
-56.8122791353
0
-70.0
-70.0
-70.0
-70.0
-70.0
-69.7242481529
-69.5679887728
-66.1226665051
-64.4015792456
-63.555540915
-63.8949838079
-60.9296434129
-62.6918899561
-66.0008459682
-69.4145847368
-70.0
-70.0
-70.0
-65.0126766199
-62.1865267046
-60.7512858652
-60.1984318327
-55.5603157425
-54.533153081
-57.2242031663
-64.2567537065
-70.0
-70.0
-70.0
-70.0
-66.0861560839
-63.8683111981
-62.7419938933
-62.3081370474
-62.3042183715
-62.5583932203
-62.9589516889
-63.4339883805
-66.148036101
-70.0
-70.0
-70.0
-70.0
-70.0
-70.0
-70.0
-70.0
-70.0
-70.0
-70.0
-70.0
-64.1345707253
-61.0276212196
-60.0991895057
-63.5924716725
-70.0
-70.0
-70.0
-70.0
-67.4714851644
-66.0386600909
-65.3110097105
-65.0307191585
-65.0281875221
-65.1923956228
-65.4511739625
-65.7580685008
-66.0836029405
-67.2925589667
-70.0
-70.0
-70.0
-70.0
-70.0
-70.0
-65.0401752373
-62.2296078717
-60.8022805233
-60.2524747635
-60.2475088155
-61.6533959914
-66.626464057
-70.0
-70.0
-70.0
-70.0
-70.0
-70.0
-70.0
-70.0
-70.0
-70.0
-70.0
-70.0
-70.0
-70.0
-70.0
-70.0
-70.0
-70.0
-70.0
-70.0
-70.0
-70.0
-70.0
-70.0
-70.0
-70.0
-65.0233499618
-62.2032482735
-60.7710789847
-55.9644856582
0
-70.0
-70.0
-70.0
-70.0
-70.0
-70.0
-70.0
-70.0
-70.0
-66.8465322397
-63.0456963422
-60.9970049257
-60.0678899115
-59.8414912393
-60.0442689947
-60.4977933481
-61.0866481819
-62.4115228011
-59.6341676406
-61.1829215007
-69.0444897951
-70.0
-70.0
-70.0
-70.0
-70.0
-70.0
-70.0
-64.5343797275
-59.4245928231
-56.711234253
-55.5261779692
-55.509871896
-56.4196184438
-60.0666494377
-68.0339664767
-70.0
-70.0
-70.0
-70.0
-66.340679767
-64.2670649684
-63.2139939235
-58.5602175872
-56.1492778658
-55.1644047707
-55.0680007547
-55.5078916532
-57.1425287849
-60.9463735162
-67.9231252143
-70.0
-70.0
-70.0
-70.0
-70.0
-70.0
-70.0
-70.0
-70.0
-70.0
-70.0
-70.0
-70.0
-70.0
-70.0
-70.0
-70.0
-70.0
-70.0
-70.0
-70.0
-70.0
-70.0
-64.1755698426
-60.8750594201
-59.1989178526
-54.7305921263
-55.2098698292
-64.2876417536
-70.0
-70.0
-70.0
-70.0
-66.6648126606
-64.7748731683
-63.8150803673
-63.4453686745
-63.4420293696
-63.6586248077
-63.9999612437
-64.6204006855
-70.0
-70.0
-70.0
-70.0
-70.0
-68.023417933
-66.9033547617
-66.3345383669
-66.1154305844
-66.1134515621
-66.2418157633
-66.444107092
-66.6840116527
-67.1526313299
-68.1983837711
-64.9758691653
-67.6263658269
-70.0
-70.0
-67.8740140167
-66.6692886262
-66.0574771043
-65.821807621
-65.8196790104
-65.957745877
-66.175327801
-66.4333660288
-66.7070767645
-68.0733771505
-70.0
-70.0
-70.0
-70.0
-70.0
-67.5145600235
-66.1061440368
-65.3908896435
-65.1153740195
-65.112885511
-65.2742962223
-65.5286661083
-65.830332503
-66.1503212563
-66.4706371331
-67.2149788121
-70.0
-70.0
-70.0
-70.0
-70.0
-70.0
-66.22935885
-64.0926621984
-63.0075554675
-62.5895729133
-62.585797617
-57.5969716442
-55.0171103391
-54.4201815306
-60.5706839026
-69.2402323008
-70.0
-70.0
-70.0
-70.0
-66.6988010328
-64.828121618
-60.532887693
-56.2641844149
-54.1608229676
0
-70.0
-70.0
-70.0
-70.0
-70.0
-70.0
-70.0
-70.0
-69.240195813
-66.8044755237
-65.4495608326
-64.7882933236
-60.3321311426
-57.9806961292
-56.9704785835
-56.7986654367
-57.135622034
-59.3249971809
-68.8744476112
-70.0
-70.0
-70.0
-70.0
-70.0
-66.7998554602
-64.986440221
-64.0655097368
-63.7107677883
-58.8807369183
-56.353360499
-55.2918226308
-55.1451724888
0
-70.0
-70.0
-70.0
-70.0
-70.0
-70.0
-70.0
-70.0
-70.0
-70.0
-70.0
-64.9886230997
-62.1488428563
-60.7066799483
-60.1511595386
-60.1461419748
-55.4875939626
-56.5105781376
-70.0
-70.0
-70.0
-70.0
-70.0
-70.0
-70.0
-70.0
-70.0
-70.0
-70.0
-70.0
-64.3710424106
-61.1812997767
-59.5614108704
-59.8274179742
-65.9907291202
-70.0
-70.0
-70.0
-69.9389226596
-69.9043121667
-69.8867354654
-69.8799649291
-69.8799037764
-69.8838702922
-69.8901211919
-64.2584563466
-61.0708422279
-59.455912349
-59.5029511505
-66.8905602882
-70.0
-70.0
-70.0
-70.0
-70.0
-70.0
-70.0
-70.0
-70.0
-70.0
-70.0
-70.0
-70.0
-70.0
-70.0
-70.0
-70.0
-70.0
-70.0
-70.0
-70.0
-70.0
-66.422552995
-64.3953330255
-63.3658232763
-62.9692566509
-62.9656747873
