-67.85
-65.915
-64.1735
-62.60615
-61.195535
-59.9259815
-58.78338335
-57.755045015
-56.8295405135
-55.1765864621
0
-70.0
-70.0
-70.0
-70.0
-67.7780109739
-65.8022171925
-64.0400003506
-62.4646702337
-61.0539831558
-58.9691048039
-57.3692076326
-56.1136290754
-55.1064943052
-54.2819969663
0
-70.0
-70.0
-70.0
-70.0
-67.1809653414
-64.8668457015
-62.9328123942
-60.4712986633
-58.595347136
-57.1332646484
-56.7882396676
-56.3049500235
-56.5748112363
-56.4675675894
-56.137635815
-55.6850888898
-55.1740577717
-55.4649705085
-55.4073524669
-55.1425365597
-54.7622291301
-55.1453037013
-55.1536383207
-54.1168511483
0
-70.0
-70.0
-70.0
-70.0
-67.4664456875
-65.3140982438
-63.4622198361
-62.6723521303
-62.5460197691
-62.0020196935
-61.2255523249
-61.1554868263
-60.6915979663
-60.0068780514
-59.2124835007
-57.558763987
-56.2645734792
-55.2292400585
-54.3837320042
0
-70.0
-70.0
-70.0
-70.0
-67.2881819217
-64.2148183439
-61.8469729192
-59.981366567
-58.4792905368
-57.2454019008
-57.0335553225
-57.4419955314
-57.3889931391
-57.0608919324
-56.5786681439
-56.0200449327
-55.4342028416
-54.8515574922
-54.2902516995
0
-70.0
-70.0
-70.0
-70.0
-68.6461130277
-67.1622437434
-65.6498473814
-64.1707479848
-62.7609300807
-61.4396750022
-60.2155994551
-59.0906341449
-58.0626338207
-57.1270791654
-56.2781770668
-55.5095632387
-54.8147428339
-54.1873591632
-54.441350322
-54.3957000066
-54.1717864838
0
-70.0
-70.0
-70.0
-70.0
-67.0621015289
-63.8606257286
-61.4277193909
-59.5370516085
-58.0347492188
-56.815542811
-55.806834206
-54.1380479027
0
-70.0
-70.0
-70.0
-70.0
-68.857601393
-67.4935755157
-66.0420408055
-64.5863852858
-63.1767791312
-61.8417894674
-60.5960693535
-60.2654349734
-59.6748731795
-59.7680403306
-59.4483392768
-58.891574002
-58.2111290371
-57.4791577569
-56.7406697302
-56.0228879232
-55.3414559082
-54.7045481689
-54.1155852531
0
-70.0
-70.0
-70.0
-70.0
-67.1036289186
-64.7456853058
-63.6093962946
-62.4239763447
-61.24859183
-60.9384080601
-60.3376841962
-58.7626604047
-57.4755574496
-56.4041104282
-55.4977718678
-54.7207096693
-54.0471153612
0
-70.0
-70.0
-70.0
-70.0
-68.0074519975
-66.1616747961
-64.465485982
-62.9155898275
-61.5051324739
-60.2253536459
-59.0666412276
-58.0191924024
-57.0734166938
-56.2201707122
-55.4508840995
-54.7576159952
-54.1330679328
0
-70.0
-70.0
-70.0
-70.0
-67.8501065382
-65.0951669099
-62.8890309026
-60.2657149348
-58.2995348562
-56.7931756473
-55.6129209336
-54.667670741
0
-70.0
-70.0
-70.0
-70.0
-67.424522197
-65.2484181087
-63.3844750521
-61.7699600497
-60.3589190466
-58.2969971432
-56.7332774297
-55.5206030206
-54.5589782745
0
-70.0
-70.0
-70.0
-70.0
-67.4627680049
-66.128336541
-64.7400664447
-63.3657688387
-62.0456646471
-60.8020799773
-59.6458598428
-58.5805991007
-57.6054226854
-56.7168027467
-55.9097373586
-55.1785068805
-54.5171516976
0
-70.0
-70.0
-70.0
-70.0
-68.2352616081
-66.5185765194
-64.8879462489
-64.1833032116
-63.2377406155
-62.1791450373
-61.0880161892
-60.0137383406
-59.8053803535
-59.3035195494
-58.6422857487
-57.9074692766
-57.1529970841
-56.4118805325
-56.5234812505
-56.3229923062
-55.9419325295
-56.2852322458
-56.231704334
-55.9418641092
-55.5198978373
-54.2127214796
0
-70.0
-70.0
-70.0
-70.0
-67.7968697658
-65.8317626331
-64.0749729323
-62.5017333475
-61.9110651517
-60.2896287291
-58.1037792513
-56.4721435895
-55.2274240728
-54.2563448937
0
-70.0
-70.0
-70.0
-70.0
-68.6438085687
-67.9786334243
-66.9302405569
-65.6868634845
-64.3679417916
-63.0476573828
-61.7705648248
-60.5619571291
-59.4347272741
-58.393898452
-57.4396045436
-56.5690413805
-54.9577354366
0
-70.0
-70.0
-70.0
-70.0
-67.7793803627
-65.8043625683
-64.042539806
-62.4673614884
-61.8766757816
-61.0763751648
-60.1769822892
-59.2481138209
-58.3325222792
-57.4554166115
-56.6306393239
-55.8647516405
-55.1597273091
-54.5147218
0
-70.0
-70.0
-70.0
-70.0
-67.0318407438
-64.6332171652
-63.4762691126
-62.2828913106
-61.107434919
-59.9819132535
-58.9238698123
-57.9415814206
-57.0374890049
-56.2104505886
-55.4572125192
-54.7733625936
-54.1539405518
0
-70.0
-70.0
-70.0
-70.0
-67.850694801
-65.9160885216
-64.1747884698
-62.6075154898
-61.1969011855
-59.9273025634
-58.7846333046
-57.7562106393
-56.8306166854
-55.9975730902
-55.2478278301
-55.3930530797
-55.2504197935
-54.9398258286
-54.5388085887
-54.0969046252
0
-70.0
-70.0
-70.0
-70.0
-68.4108868605
-67.6137227481
-66.4983001891
-66.049103314
-65.1946150785
-64.1254349679
-63.7830790693
-63.0682295612
-62.1537122042
-61.1498780499
-60.1259149557
-59.1240066006
-58.1687280342
-57.2732699599
-56.4435527833
-55.6809373846
-54.9840035659
0
-70.0
-70.0
-70.0
-70.0
-67.7438741219
-65.7487361243
-63.1566954549
-61.1129145382
-59.4662155035
-58.1126555659
-56.9800977511
-56.0178931373
-54.369973931
0
-70.0
-70.0
-70.0
-70.0
-67.4068829724
-65.2207833234
-63.3517640899
-62.5552937468
-61.6089017494
-60.6041031593
-60.4177538999
-59.908685881
-59.2229555403
-58.4540854845
-57.6609606015
-56.8797203184
-56.1316521379
-55.428422825
-54.7755378097
-54.1746222069
0
-70.0
-70.0
-70.0
-70.0
-67.8523386055
-65.9186638153
-64.177836814
-62.6107460527
-61.2001333942
-59.9304280193
-58.787590527
-57.7589683474
-56.8331627614
-55.9999073178
-55.249957141
0
-70.0
-70.0
-70.0
-70.0
-66.9220200213
-63.6411647
-61.1679460173
-59.2617499404
-57.7593072962
-56.5491981332
-56.3748260309
-56.0077085685
-55.5371811388
-55.0202919764
-55.312815413
-55.2612356279
-55.0049132359
0
-70.0
-70.0
-70.0
-70.0
-67.7788714334
-65.8035652456
-64.0415960248
-62.4663612915
-61.0556750751
-59.7907408427
-58.6554222753
-57.6357170589
-56.7193700272
-55.8955828072
-55.1547910483
-54.4884896247
0
-70.0
-70.0
-70.0
-70.0
-67.8499278074
-65.9148868983
-64.9933661228
-64.7106747868
-64.000704159
-63.0580316437
-62.007160413
-60.9263989942
-59.8637288431
-58.847335791
-57.8925887667
-57.0066542599
-56.1915384138
-55.4460842924
-54.7672756764
-54.1510813177
0
-70.0
-70.0
-70.0
-70.0
-68.0129000348
-66.1702100545
-64.4755890645
-62.9262968351
-61.5158449362
-60.235712299
-59.0764423067
-58.0283322345
-57.0818551166
-56.2279070087
-55.4579412437
-54.7640304099
-54.1388828959
0
-70.0
-70.0
-70.0
-70.0
-67.8501102246
-65.9151726852
-64.1737044054
-62.606366624
-60.3757517344
-58.6415244094
-57.2629372008
-56.143686969
-55.2173472642
-54.4376318659
0
-70.0
-70.0
-70.0
-70.0
-67.8405202154
-65.0801483374
-62.8712535994
-61.0668749699
-60.3853519599
-59.5802597552
-59.5478624406
-59.1601619705
-58.572202956
-57.8836874488
-56.3377885629
-55.1489896126
-54.2140772553
0
-70.0
-70.0
-70.0
-70.0
-67.8262951202
-65.877862355
-64.1295406174
-62.5595628876
-61.1489241535
-59.8809101079
-58.7407380102
-58.535276818
-58.0774908754
-57.483569614
-56.8277645366
-56.156689339
-55.4988212425
-54.0508063432
0
-70.0
-70.0
-70.0
-70.0
-67.7843203051
-66.6321018113
-65.3363673213
-63.9977143833
-62.677932141
-62.2334650576
-61.509002639
-60.6406917665
-59.7150155175
-58.7857759175
-57.8853729602
-57.0322854205
-56.2360233827
-55.5003987139
-54.8256772888
-54.2099885242
0
-70.0
-70.0
-70.0
-70.0
-68.215926274
-66.4882844959
-64.0320899458
-62.0406368842
-60.3944104845
-59.0101942952
-57.8293247717
-56.8098255653
-55.9211318559
-55.1405445684
-54.4508407103
-54.6586570384
-54.5780582674
-54.3270970625
0
-70.0
-70.0
-70.0
-70.0
-68.0433032315
-67.0378417294
-66.6366367705
-65.7913592361
-64.7078140743
-63.5174265081
-62.3026130847
-61.1136379279
-60.7997982362
-60.2015011466
-59.4524728547
-58.637973451
-57.8113413605
-57.0049840608
-56.2376702123
-55.5193595628
-54.854394521
-54.2436023452
0
-70.0
-70.0
-70.0
-70.0
-67.8521638212
-65.9183899866
-64.1775126863
-62.6104025499
-61.1997897164
-59.9300956924
-58.7872760882
-58.5786751228
-58.1175587061
-57.5203035659
-56.8612736963
-56.1871466513
-55.5264322026
-54.0757891266
0
-70.0
-70.0
-70.0
-70.0
-67.6223566656
-65.5583587761
-63.7513480832
-62.1587633981
-60.7479204737
-59.4931507033
-57.5538504842
-56.0884753367
-54.9563010703
-54.0617864747
0
-70.0
-70.0
-70.0
-70.0
-67.9901253673
-66.134529742
-64.4333547088
-62.8815378653
-61.4710631637
-60.1924095706
-59.035470429
-57.9901245964
-57.0465796104
-56.1955666317
-55.4284399568
-54.7372159533
-54.1145743527
0
-70.0
-70.0
-70.0
-70.0
-67.8500948144
-65.9151485425
-64.173675828
-62.6063363383
-61.1957214332
-59.9261617758
-58.7835539221
-57.7552040791
-56.0096873707
0
-70.0
-70.0
-70.0
-70.0
-67.6700277596
-65.6330434901
-63.8397514787
-62.2524512226
-60.8416560281
-58.7637903772
-57.1749446407
-55.9324723775
-54.9392399403
0
-70.0
-70.0
-70.0
-70.0
-66.7380945778
-64.1730148386
-62.1115331671
-60.420926392
-59.0091981138
-57.8118545431
-56.7830532493
-55.889670698
-55.1073188106
-54.4176637179
0
-70.0
-70.0
-70.0
-70.0
-67.847460788
-65.9110219012
-64.1687911724
-62.6011596961
-61.1905421537
-59.9211535565
-58.7788152796
-57.7507851375
-57.6456075477
-57.2776474088
-56.7642830786
-56.1807883778
-55.5746652781
-54.9751692423
-54.3996326461
0
-70.0
-70.0
-70.0
-70.0
-68.4029859273
-66.7813446194
-65.1989816807
-63.6929311948
-62.2828698634
-60.9774040692
-59.7782111236
-58.6827549855
-58.5060561365
-58.0665016225
-57.4838855267
-56.8348530183
-55.3476050793
-54.2270028133
0
-70.0
-70.0
-70.0
-70.0
-67.9332182819
-66.0453753083
-64.3278236805
-62.7696985811
-60.5391669022
-58.7995423314
-57.4124495112
-56.2831121687
-54.5260726909
0
-70.0
-70.0
-70.0
-70.0
-67.7640759826
-66.600385706
-65.2988253499
-63.1379282912
-61.353459113
-59.854328969
-58.5763732502
-57.4737207107
-56.5130051632
-55.6694756627
-54.9243754402
-54.2631694588
0
-70.0
-70.0
-70.0
-70.0
-67.8483522908
-65.9124185889
-64.1704444149
-62.6029117632
-61.1922951135
-59.9228486199
-58.780419103
-57.7522807562
-57.6469883895
-57.2789133565
-56.7654378915
-56.1818380161
-55.5756168237
-54.9760302141
-54.4004105745
0
-70.0
-70.0
-70.0
-70.0
-67.937307183
-66.0517812534
-64.3354063206
-62.7777344835
-61.3672068984
-60.0919834508
-58.9404499339
-57.9015148259
-56.9647699336
-56.1205640004
-55.3600216405
-55.4950288366
-55.3428655263
-55.0234720226
-55.4343868529
-55.4497895227
-55.2273714738
-54.8696749287
-54.442734504
0
-70.0
-70.0
-70.0
-70.0
-67.6254756274
-65.5632451496
-63.7571320246
-62.1648930821
-60.7540532805
-59.4990809569
-58.3794615308
-57.3783744908
-55.6617764505
-54.3930917446
0
-70.0
-70.0
-70.0
-70.0
-67.801494579
-65.8390081738
-64.0835493915
-62.5108224758
-61.1001589105
-60.6537554743
-59.9807882301
-59.1943149426
-58.3659538053
-57.5400719961
-56.7432071774
-55.9903147136
-54.4689020782
0
-70.0
-70.0
-70.0
-70.0
-68.3288581694
-66.6652111321
-65.0615158719
-63.5472481868
-62.1371126361
-60.8364608846
-59.6448544708
-58.5583954735
-57.571240226
-56.6765724033
-55.0472192962
0
-70.0
-70.0
-70.0
-70.0
-68.3254066729
-66.6598037875
-65.0551152634
-63.5404649734
-62.950325967
-62.114565031
-61.1592896349
-60.1641480762
-58.358258205
-56.9461156755
-55.8172929686
-54.8960895789
-54.1301645591
0
-70.0
-70.0
-70.0
-70.0
-66.8569352154
-64.3591985041
-62.3319165273
-60.6544834569
-59.2428741661
-58.0378127861
-56.9968488652
-56.0890422172
-56.1113901544
-55.8710859117
-55.4812005023
-55.0145625732
-54.51742773
-54.0185658998
0
-70.0
-70.0
-70.0
-70.0
-67.8590320718
-65.1091502458
-62.9055828087
-60.2832562528
-58.3170851108
-57.6301462553
-56.9136447335
-57.0232889959
-56.8049659202
-57.2171398774
-57.1738729225
-56.8587836521
-56.3911039682
-55.8474593589
-55.2763572813
-54.7078174587
-54.9797663166
-54.9269434207
-54.6810182358
-54.3274291837
0
-70.0
-70.0
-70.0
-70.0
-67.7652384326
-65.7822068778
-64.0163143823
-62.4395684055
-61.0288685393
-59.7648196683
-58.6308963567
-57.6128458246
-56.6982539778
-55.8762237371
-55.1371314681
-54.4724383912
0
-70.0
-70.0
-70.0
-70.0
-67.8499139705
-65.9148652204
-64.173340463
-62.6059809265
-62.0153658403
-61.210484594
-60.3038730264
-59.3664436516
-59.2617712383
-58.0202420824
-56.9579831861
-55.2186950755
0
-70.0
-70.0
-70.0
-70.0
-67.9335345039
-66.0458707227
-64.3284100966
-62.770320051
-61.3597886887
-60.0848102483
-58.9336628425
-57.8951856375
-56.95892646
-55.2952067382
-54.0704680138
0
-70.0
-70.0
-70.0
-70.0
-67.0934925168
-64.729804943
-61.9505989006
-59.8347219785
-58.1873717593
-56.8760492358
-54.9900540805
0
-70.0
-70.0
-70.0
-70.0
-67.2112935873
-64.0943599535
-62.5243877747
-61.114924875
-60.6687496393
-59.9954195099
-59.208240782
-58.3789921858
-57.5521432886
-56.7542958406
-56.0004441771
-56.1181183732
-55.9347856117
-56.3969597677
-55.5910322691
-54.8711080276
-54.2267832151
0
-70.0
-70.0
-70.0
-70.0
-68.0923296343
-66.2946497603
-64.622886844
-63.0823995327
-61.6720271615
-59.5667361667
-57.9346703643
-55.8209418707
-54.3086733789
0
-70.0
-70.0
-70.0
-70.0
-66.9615073313
-64.5230281523
-62.5258397065
-60.8599986489
-59.4484940593
-58.2366415036
-57.1849752533
-55.4444763281
0
-70.0
-70.0
-70.0
-70.0
-67.0884251172
-64.7218660169
-62.7612016895
-61.1094297034
-59.6980521883
-58.477957273
-57.413301748
-56.4773983747
-55.6499430716
-54.9151384541
-54.260417735
0
-70.0
-70.0
-70.0
-70.0
-68.3955072155
-66.7696279709
-66.0051128252
-64.9628999769
-63.7888089353
-62.5747273459
-61.377120814
-60.2293195344
-59.1496614489
-58.1468778826
-57.2236451467
-56.3789173336
-55.609450068
-54.9107880397
-54.277897888
0
-70.0
-70.0
-70.0
-70.0
-67.6077559311
-65.535484292
-63.7242718322
-62.9500686285
-62.0038777521
-60.9860339678
-59.9591265649
-58.9610112378
-58.0134416668
-57.1277852021
-56.3087984831
-55.557113169
-54.8708648749
-54.2467537359
0
-70.0
-70.0
-70.0
-70.0
-68.1244724586
-66.3450068518
-64.682493926
-63.1455697063
-61.7352295176
-60.4478510871
-59.2771623259
-58.215510325
-57.2546687803
-56.3863415608
-54.7824671771
-54.4307269743
0
-70.0
-70.0
-70.0
-70.0
-67.7662913813
-65.7838564973
-64.0182670171
-62.4416377617
-61.0309389497
-59.7668216975
-58.632790623
-56.7946122908
-55.4152182152
0
-70.0
-70.0
-70.0
-70.0
-67.936699997
-65.2308299953
-63.0496136611
-62.0758967386
-61.0391366937
-59.9991094437
-58.9917894456
-58.0376711319
-57.1472777726
-57.1447991646
-56.8551520276
-56.4028586779
-55.8680540454
-55.3015694644
-54.7349597337
-54.1871619041
0
-70.0
-70.0
-70.0
-70.0
-67.0366456532
-64.6407448567
-62.6651795503
-61.0076677147
-59.5962383562
-58.3795061293
-57.3201499221
-56.3905312004
-55.5697422607
-54.8416108215
-54.1933449306
0
-70.0
-70.0
-70.0
-70.0
-67.0287617178
-64.6283933578
-62.6505592299
-60.9921734455
-59.5807361934
-58.364515969
-57.3059666353
-57.197304814
-56.8421975607
-57.1710599567
-57.0793420625
-56.7383332571
-56.2591168654
-55.7129498015
-55.1448179031
-54.5824448339
-54.8622728313
-54.8180938687
-54.5809833622
-54.2360176129
0
-70.0
-70.0
-70.0
-70.0
-67.5997674699
-65.5229690362
-63.7094576747
-62.1143689354
-59.8835033939
-57.3455339559
-55.5279011613
-54.2030581124
0
-70.0
-70.0
-70.0
-70.0
-67.3229610594
-65.0893056597
-63.1961355646
-61.570362322
-60.1592196324
-59.7438933643
-59.1199011579
-57.5715091288
-56.3400902737
-55.3399026182
-54.511793271
0
-70.0
-70.0
-70.0
-70.0
-67.83734757
-65.8951778597
-64.1500367715
-62.5812842262
-61.1706565581
-59.9019247387
-58.7606214891
-57.733818823
-56.8099432626
-55.9786198176
-54.4105384233
0
-70.0
-70.0
-70.0
-70.0
-68.3550287484
-67.5262117059
-66.3947144235
-65.1193255732
-63.800114744
-62.4985844217
-61.2510467475
-60.0774892515
-58.9874384454
-57.9838266803
-57.0655320652
-57.0490375607
-57.5741729393
-57.5867817351
-56.4714542881
-55.5365426769
-54.7410442877
-54.0557104446
0
-70.0
-70.0
-70.0
-70.0
-67.8446245782
-65.9065785058
-64.1635315788
-63.4155857034
-62.469631988
-61.4364053591
-60.3852558699
-59.3583909806
-58.3803256811
-57.464142312
-56.6156275468
-55.8359977694
-55.1236866441
-54.475510414
0
-70.0
-70.0
-70.0
-70.0
-68.671245975
-68.0216186942
-66.9811217026
-66.5607861175
-64.8865585626
-63.3358034108
-61.9108235394
-61.4288081653
-60.7086386686
-59.8695823483
-58.9871624779
-58.108138473
-57.2604527877
-56.4598262835
-55.7141228383
-55.0262300098
-54.3959533124
0
-70.0
-70.0
-70.0
-70.0
-67.6494926796
-65.6008718647
-63.8016703136
-62.2120937058
-60.801277951
-60.3647458997
-59.7073351389
-58.9393108445
-58.1305192397
-56.5042269688
-55.2616440407
0
-70.0
-70.0
-70.0
-70.0
-68.2498652198
-67.3614555109
-65.379694502
-63.6279814132
-62.0726875128
-60.6870882555
-60.2694924259
-59.626618514
-59.690006883
-59.355039675
-58.7922246943
-58.1114615495
-56.5626216109
-54.5445635941
0
-70.0
-70.0
-70.0
-70.0
-68.9280590744
-67.6039592165
-66.1727006613
-64.7248555061
-62.4953198961
-59.8710878669
-57.9175123872
-56.4314500197
-55.275430932
-54.3559717816
0
-70.0
-70.0
-70.0
-70.0
-68.4057988647
-67.6057515546
-66.4888647835
-65.2191038947
-63.8999438982
-62.5951164371
-61.3423827458
-60.1626631062
-59.0660758856
-58.0559210237
-57.1312974057
-56.2888133214
-55.5236957602
-54.8305020314
-54.2035690597
0
-70.0
-70.0
-70.0
-70.0
-68.0530061767
-66.2330430102
-64.5499636766
-63.8251172872
-62.8793722107
-61.8326127577
-60.7601366607
-58.8879797805
-57.4184196596
-57.0594029318
-56.5586794641
-55.9896227346
-56.2185346058
-56.0985972416
-55.7733482484
-55.3357539109
-54.8453388447
-55.1595785101
-54.306136359
0
-70.0
-70.0
-70.0
-70.0
-67.7255569339
-65.7200391964
-63.9427272474
-62.361582503
-60.9508429063
-58.8693710515
-57.2748422368
-56.0256302068
-55.8452486485
-55.492178092
-55.047263155
-55.3820720876
-54.5335550443
0
-70.0
-70.0
-70.0
-70.0
-66.9248150488
-63.6455435765
-61.1731292405
-59.2672429976
-57.7648031519
-56.5545124728
-55.5598543162
-54.7277309451
-54.0208658909
0
-70.0
-70.0
-70.0
-70.0
-67.8426174411
-65.9034339911
-64.1598094547
-62.5916410844
-61.1810186927
-60.7319446346
-60.0547687119
-59.2633042013
-58.4296486882
-58.4184670907
-58.0811425625
-57.5593764269
-56.9443375312
-56.2938362762
-55.6437409806
-55.8355591039
-55.706131341
-56.2082703053
-56.2526113404
-56.0207955834
-56.4510129431
-56.4441095941
-56.1751639316
-54.9379577364
0
-70.0
-70.0
-70.0
-70.0
-67.80876523
-66.6703988603
-65.3816990765
-64.0457559037
-62.7259981365
-61.4599435383
-60.2683126615
-59.1610570467
-58.1413351095
-57.2081241103
-55.5379267071
-54.3012107082
0
-70.0
-70.0
-70.0
-70.0
-67.8032138642
-65.8417017206
-64.0867377104
-62.5142013806
-61.1035395367
-59.8370244458
-59.5192145764
-58.1412215022
-56.9930516076
-56.0210479506
-56.0071441581
-55.7485637439
-55.351796704
-54.8853432566
-54.3926264129
0
-70.0
-70.0
-70.0
-70.0
-68.0652706706
-66.2522573839
-64.5727074991
-63.0292206516
-61.618821188
-60.3352874703
-59.1706576573
-57.2961911809
-55.8783049224
-54.7816296699
0
-70.0
-70.0
-70.0
-70.0
-68.2234347536
-65.6800477806
-63.5813473374
-61.8194154936
-60.3182758709
-59.8436495682
-59.1807521343
-57.6069886029
-56.3591641972
-55.3484974139
-54.5138140968
0
-70.0
-70.0
-70.0
-70.0
-67.998821195
-66.1481532055
-64.4494806383
-62.8986277433
-61.4881617483
-60.2089434263
-59.0511143189
-58.0047130438
-57.0600485106
-56.2079148404
-55.4397041435
-54.747454254
-54.1238558451
0
-70.0
-70.0
-70.0
-70.0
-67.8501006983
-65.0951577607
-62.8890200727
-61.0857034575
-60.4041900398
-59.5984756546
-58.7450978349
-58.711567882
-58.3510643141
-58.6263933629
-58.4540443468
-57.1988334589
-55.3357458109
0
-70.0
-70.0
-70.0
-70.0
-68.5828051093
-67.0630613379
-64.7124463638
-62.7616625005
-61.1158034325
-59.7077612107
-58.4893438372
-57.4253152852
-57.3093876445
-56.9461848053
-56.4467236082
-55.882156103
-55.2973437298
-54.7198781816
-54.1660695799
0
-70.0
-70.0
-70.0
-70.0
-67.8559855554
-65.9243773701
-64.1845998799
-62.6179133898
-61.2073043827
-59.9373621657
-57.97415143
-56.4804199409
-55.3181670494
-54.3935430795
0
-70.0
-70.0
-70.0
-70.0
-67.8286835872
-65.8816042866
-64.1339698966
-62.5642569328
-61.1536205901
-59.8854514314
-58.7450348885
-57.7192837998
-56.7965236866
-55.9663168292
-55.219315487
-54.5471374989
0
-70.0
-70.0
-70.0
-70.0
-67.6070154017
-65.5343241294
-64.5428985617
-63.4132799357
-62.2383994289
-61.0755244772
-59.9586153569
-58.0865160395
-56.6437059144
-56.3265629756
-55.8753917797
-55.3588426696
-55.6402851145
-55.5711410776
-55.2939499529
-54.9011702797
-54.452130133
0
-70.0
-70.0
-70.0
-70.0
-67.7047996165
-64.8675193991
-62.6195672888
-60.8001437796
-59.2984848814
-58.0375400465
-56.963055144
-56.8562623643
-56.5136446177
-56.0409524825
-55.5059721186
-54.9514514963
-54.4036907398
0
-70.0
-70.0
-70.0
-70.0
-67.494105077
-65.3574312873
-63.5135126373
-61.906711026
-60.4957396917
-59.2492989014
-58.1431244639
-57.1579823192
-56.2782976217
-55.4912102159
-54.7859174318
-54.9732111804
-55.6898137235
-55.8801147919
-55.7482916065
-55.4275879751
-55.0042461971
-55.3534329237
-55.3344971955
-55.0953191854
0
-70.0
-70.0
-70.0
-70.0
-67.2343530719
-64.9504864793
-63.0318169744
-61.3962213724
-60.8049899654
-60.040084789
-60.0164721902
-59.6184222246
-59.0089781711
-58.2930124666
-57.536999295
-56.7821580822
-56.0531814185
-55.3640227063
-54.7217267221
-54.1289582409
0
-70.0
-70.0
-70.0
-70.0
-67.8525814379
-65.9190442527
-64.1782871332
-62.6112232903
-60.3806108749
-58.6462230632
-57.2673829407
-56.1478327692
-55.2211749074
-54.4411410267
0
-70.0
-70.0
-70.0
-70.0
-67.8405258588
-65.9001571787
-64.1559307314
-62.5875305053
-61.1769060195
-59.907967794
-58.7663392656
-57.7391508397
-56.8148660895
-55.9831330364
-55.2346554366
-54.5610803622
0
-70.0
-70.0
-70.0
-70.0
-67.3033237175
-65.0585404907
-63.1597192049
-61.5317691267
-60.1206067755
-58.8865558056
-57.7999066968
-56.8379203416
-55.9827978505
-55.2202977608
-54.5387877816
0
-70.0
-70.0
-70.0
-70.0
-68.0921306818
-66.2943380681
-64.6225178976
-63.0820085321
-61.6716359617
-60.3863578874
-59.2189791132
-58.161252545
-58.0245748525
-57.6250824086
-57.0812175287
-56.4688580164
-55.8358137085
-56.0314600001
-55.8977991085
-55.5710092698
-55.1392350577
-54.6588626951
0
-70.0
-70.0
-70.0
-70.0
-67.3936862458
-65.2001084517
-63.3272914935
-61.7093582689
-59.4782863918
-57.7737003858
-57.261825436
-56.6626396182
-56.0310401403
-54.5810457822
0
-70.0
-70.0
-70.0
-70.0
-68.1532633991
-66.3901126587
-64.7358851258
-64.0221524352
-63.0765077396
-62.843237331
-62.2251671748
-61.3968195085
-60.4699169252
-60.3347781443
-59.859202271
-59.1952166713
-58.4403180891
-57.6560350035
-56.8802639854
-56.9554592416
-56.718727754
-56.3027312696
-55.7930423367
-55.2441275657
0
-70.0
-70.0
-70.0
-70.0
-67.7578531216
-65.7706365571
-64.0026187332
-62.4250540811
-61.0143468204
-59.75077757
-58.6176101008
-56.7804559492
-55.40214826
-54.3450920378
0
-70.0
-70.0
-70.0
-70.0
-68.6377944453
-67.1492112977
-65.6344210325
-64.1543995056
-62.7445732727
-61.4238584238
-59.3806342337
-57.7920119118
-56.5291047883
-55.5037236879
-54.6550375714
0
-70.0
-70.0
-70.0
-70.0
-68.3633990674
-66.7193252056
-65.9455700484
-64.8997979524
-63.7256747631
-62.5136783574
-61.319357902
-60.1754536988
-59.0999293868
-58.1012838201
-57.1820536861
-57.1611138161
-56.8598461003
-56.4004239341
-55.8614231699
-56.1126419391
-56.0096184693
-56.5174837718
-56.5549534942
-56.3089368778
-55.9010290121
-54.5895833256
0
-70.0
-70.0
-70.0
-70.0
-67.7998409626
-65.0164175081
-61.9758161851
-59.7022615185
-57.9647200012
-56.6067044242
-54.7016715971
0
-70.0
-70.0
-70.0
-70.0
-67.75392429
-65.7644813876
-63.9953329333
-62.4173327629
-60.1866215686
-59.2786407997
-58.3745643117
-58.3229662752
-57.9645752441
-57.434054784
-56.8179406818
-56.1710075311
-55.5271473896
-54.9065930584
-54.3207073577
0
-70.0
-70.0
-70.0
-70.0
-68.0167839653
-66.996294879
-65.7674582646
-64.4545743538
-63.1350248622
-61.8554610052
-60.6425406574
-59.5100370935
-58.4635337188
-57.5035139033
-56.6273848839
-55.0107946428
0
-70.0
-70.0
-70.0
-70.0
-67.7794286527
-65.8044382226
-64.0426293571
-62.4674563925
-61.0567707341
-59.7918003145
-58.656424719
-56.816651871
-56.2555664332
-56.4803962894
-56.3492809935
-56.8289691161
-56.8391496859
-56.5672863715
-56.1352588372
-54.8015336887
0
-70.0
-70.0
-70.0
-70.0
-67.6919578149
-65.6674005767
-64.7004195478
-63.5802169456
-62.4054214861
-61.2370301608
-59.2914276937
-56.9443519569
-55.2546281163
-54.0156395414
0
-70.0
-70.0
-70.0
-70.0
-67.638551922
-65.5837313445
-64.6013812865
-63.4752585421
-62.3004096108
-61.1354865983
-60.0153499042
-58.9594228909
-58.7972192533
-58.3566564289
-57.76376352
-57.9192356573
-57.6985444178
-57.2595115268
-56.7041080746
-56.0973957342
-55.4801218055
-54.8770867214
-54.3026961135
0
-70.0
-70.0
-70.0
-70.0
-67.8555587875
-65.9237087671
-64.1838084627
-63.4370746646
-62.4911318969
-60.637195173
-59.1202599663
-57.8560901767
-56.7857186304
-55.8673050816
-55.0706801163
-54.3736824665
0
-70.0
-70.0
-70.0
-70.0
-67.765506863
-65.7826274188
-64.0168121716
-62.4400959509
-61.0293963534
-59.7653300498
-58.631379266
-57.6132961535
-56.6986697476
-55.8766049124
-55.1374791809
-54.472754436
0
-70.0
-70.0
-70.0
-70.0
-68.4573216503
-66.8664705855
-64.4797442604
-61.6950503234
-59.5843989504
-57.9485281615
-56.6520547495
-55.602435544
-54.7359161692
-54.008140672
0
-70.0
-70.0
-70.0
-70.0
-68.387520208
-66.7571149926
-65.1703013636
-63.6625364741
-61.4324596579
-59.6633315796
-58.2297436799
-57.0452661508
-56.0497374283
-55.2007622805
0
-70.0
-70.0
-70.0
-70.0
-67.733763937
-66.5528968347
-65.2426133454
-63.8983561404
-62.5785232793
-61.3173394534
-59.3133845094
-57.7505653927
-56.5045217429
-55.4900781616
-54.6484094074
0
-70.0
-70.0
-70.0
-70.0
-67.5540187928
-65.4512961088
-63.6246192947
-62.0244592298
-59.7935478831
-58.0785494791
-56.730265454
-55.6469528571
-54.7587335371
-54.0171774939
0
-70.0
-70.0
-70.0
-70.0
-67.8398440437
-65.8990890018
-64.9746663433
-63.8708572034
-61.8762098127
-60.2335477178
-58.8568322037
-57.685575155
-56.6766350874
-55.7987165438
-55.8486748663
-55.6336940308
-55.2669157286
-54.8212848896
-54.3431968899
0
-70.0
-70.0
-70.0
-70.0
-68.5721654202
-67.0463924916
-65.5127156514
-64.0254190256
-62.6155270826
-61.2990743473
-60.0825668946
-58.9665768598
-57.9480969436
-57.0220724291
-56.1823886395
-55.4224987443
-54.7358148491
0
-70.0
-70.0
-70.0
-70.0
-67.7425051065
-66.5665913336
-65.2588233587
-63.9155351285
-62.5957110194
-61.3339595199
-60.1491099696
-59.0498965738
-58.0387053171
-57.1140337193
-56.2720963032
-55.5078639768
-54.8157291151
-54.1899238942
0
-70.0
-70.0
-70.0
-70.0
-67.9854857781
-66.1272610523
-64.4247508484
-62.8724196978
-61.4619403509
-60.1835880643
-59.0271237569
-57.9823410472
-57.0393933865
-56.1889783439
-55.4224300402
-54.7317533899
-54.1096222868
0
-70.0
-70.0
-70.0
-70.0
-68.3967583417
-66.7715880687
-65.1874329692
-63.6806921439
-62.2706245773
-60.965563218
-59.7670076285
-58.6723073539
-58.4964102773
-58.0576583555
-58.2958185905
-58.1121874452
-57.6816025098
-57.1171981316
-56.4913155669
-55.8494088426
-55.2192845132
-55.4372337652
-56.1567621908
-56.3332538399
-56.178040368
-56.6489776059
-56.6599073618
-56.3944683032
-55.9720559247
-55.4695399667
-54.9357123931
-55.2208921024
-55.1679701913
-54.9139513716
-54.5477417007
-54.1264245081
0
-70.0
-70.0
-70.0
-70.0
-68.028081271
-66.1939939912
-64.5037418237
-62.9561324623
-61.5456957635
-60.2645772187
-59.1037535179
-58.0538008468
-57.9253692159
-57.5341312635
-56.9982507833
-56.3934474691
-54.9474505649
0
-70.0
-70.0
-70.0
-70.0
-67.7923515253
-65.8246840563
-64.0665941063
-62.4928536662
-60.2621809465
-58.5317046165
-56.3390286646
-55.582122138
-54.8919074841
-55.084715109
-54.9809091802
-54.702595317
-54.3288538218
0
-70.0
-70.0
-70.0
-70.0
-67.871642187
-65.948906093
-64.2136342335
-62.64868331
-61.2380899789
-59.9671309809
-58.8223178828
-56.9713527612
-55.5783952628
-54.506674255
0
-70.0
-70.0
-70.0
-70.0
-67.3624987451
-65.151248034
-63.2694560062
-61.6480655893
-60.2369624862
-58.9990685415
-57.9063632232
-56.9371945915
-56.0744535928
-54.4843272071
0
-70.0
-70.0
-70.0
-70.0
-67.230231021
-64.9440285996
-63.0241728601
-62.208120321
-61.2615514536
-60.2682250846
-58.4599550938
-56.2229945962
-54.6233851444
0
-70.0
-70.0
-70.0
-70.0
-67.6693856797
-65.6320375649
-63.8385607771
-62.2511893453
-60.840393508
-59.5825695553
-58.4584561985
-57.4520396445
-56.5497883906
-55.7401113586
-55.0129680941
-54.3595831989
0
-70.0
-70.0
-70.0
-70.0
-68.3964833505
-66.7711572491
-65.1869230133
-63.6801517047
-62.2700838627
-61.7850403621
-61.051179583
-60.1924904628
-58.4675273086
-57.1002985057
-55.9932846072
-55.8993001145
-54.7762660817
0
-70.0
-70.0
-70.0
-70.0
-67.8163667252
-65.8623078694
-64.1111289603
-62.5400506495
-61.1294019747
-59.862032704
-58.7228767181
-57.6986205693
-56.7774461944
-55.9488266963
-55.2033607742
-54.5326358618
-54.7491130523
-54.6706955982
-54.4179552725
-54.0690459013
0
-70.0
-70.0
-70.0
-70.0
-67.5068788944
-66.1974436012
-64.8218676385
-63.4524598063
-62.1323997802
-60.8859504384
-59.7252158188
-58.6546011864
-57.6737457007
-56.779440886
-56.7868766342
-57.3351088621
-57.36954457
-57.0945545091
-56.6430753223
-56.1007519661
-56.3419995535
-56.2253481209
-55.0778456572
-54.1700826572
-54.2564221019
-54.116345032
-54.665087289
-54.7888297335
-54.6534475425
-54.3671033098
0
-70.0
-70.0
-70.0
-70.0
-68.1218464107
-65.52089271
-63.3929573993
-61.6197642996
-60.9385229631
-60.1151607291
-59.2339713644
-59.1674587001
-58.7719691449
-58.1922764402
-57.5213849361
-56.8181372024
-56.1189173221
-55.4454214832
-54.8098099304
-54.2181160011
0
-70.0
-70.0
-70.0
-70.0
-68.6430786997
-67.9774899629
-67.7488870553
-67.7900957423
-67.1718177631
-66.1784570501
-64.9931587206
-63.7322077656
-61.6478969337
-60.7790472035
-59.0284357919
-57.6271210852
-56.4820948917
-55.5290093459
-54.7228577068
-54.0317381332
0
-70.0
-70.0
-70.0
-70.0
-67.2972903109
-65.0490881537
-63.1485305876
-61.519911695
-60.1087433029
-58.8750841576
