-70.0
-70.0
-70.0
-70.0
-70.0
-70.0
-70.0
-69.0
-68.4333333333
-68.1455555556
-69.0347037037
-69.6003691358
-69.9530894239
-70.0
-70.0
-65.2319573753
-63.4422750595
-62.5870565014
-62.3210234831
-62.417369556
-63.5304006837
-64.4138726709
-65.1301601075
-66.4259642696
-67.3225812912
-67.9497987944
-68.3944693366
-68.7147893506
-68.949821714
-69.1258470749
-69.2606007223
-69.3660995534
-64.5947508656
-62.8947750942
-62.1116304616
-61.9046893333
-61.0503761678
-56.6154913234
-54.400710706
0
-70.0
-70.0
-70.0
-70.0
-70.0
-69.106638908
-68.6004009558
-64.4352049906
-62.1215805785
-60.996019912
-60.6208161816
-60.708333404
-56.8499482178
-54.9732521655
-54.3481261286
-54.4947796355
-56.0736001236
-57.4851057457
-58.7491722607
-59.882639761
-60.8999656025
-57.9477351783
-56.5781390845
-56.2037767921
-56.4390335235
-57.0322197783
-57.8203908719
-59.6114890038
-61.0324315828
-62.739471633
-64.0057132753
-64.9652678182
-65.70882495
-66.2979983974
-61.9391665527
-59.5925618941
-58.5315137025
-58.2771676641
-58.5153211189
-59.0410358212
-59.7217634485
-60.47280791
-62.2358694254
-63.5525106872
-64.5574117546
-65.3417720033
-65.9676624191
-66.4776079212
-66.9009882918
-67.2583169044
-62.7107922192
-60.2252510008
-59.0597512364
-58.7251263366
-58.9001805188
-59.3752070108
-60.0143826723
-60.7307419801
-61.4695328322
-62.197156249
-63.8931484513
-65.4476388243
-66.865411754
-62.98482582
-59.2700762573
-56.3988906444
-54.7962162552
-54.3414044132
-54.5904704942
-55.2535611264
-56.1429634681
-57.1385060909
-54.4761525614
0
-70.0
-70.0
-70.0
-70.0
-69.1199436201
-68.6212450049
-68.3679843356
-68.2704284561
-68.2695473133
-67.327715343
-66.8516923161
-66.1154665338
-65.8032155133
-65.7557577173
-65.1650540787
-65.9707818004
-66.5885257067
-67.0728878603
-67.4610755571
-67.7786189899
-68.0431910833
-68.2671613032
-63.5992429689
-61.9728320937
-60.281899362
-59.591276411
-58.9683045378
-58.9622445959
-59.3265338109
-55.3246642036
0
-70.0
-70.0
-70.0
-70.0
-69.5732708763
-64.7552323635
-60.418997702
-58.1366236484
-57.1626450946
0
-70.0
-70.0
-70.0
-70.0
-68.9231692166
-68.312965106
-67.2006080003
-67.6242231452
-68.2909181274
-68.0442008087
-67.9613637239
-67.9796160155
-63.2221775567
-58.1709356187
-55.534492602
-54.4348103718
0
-70.0
-70.0
-70.0
-70.0
-69.6837936
-69.5046099733
-69.4136127981
-69.3785607331
-69.3782441364
-69.3987793737
-70.0
-70.0
-70.0
-70.0
-70.0
-70.0
-70.0
-70.0
-70.0
-70.0
-70.0
-65.2269464129
-62.5222160468
-61.1486372923
-60.6195354632
-60.614756517
-60.9247305986
-60.4132357617
-61.4207594363
-62.3112483266
-63.1018333832
-63.8061233044
-64.4351598136
-64.998076392
-65.502557126
-65.9551603289
-61.5119390183
-59.128941598
-58.0615117592
-57.819003464
-58.0795317047
-58.6331975923
-59.3442905385
-61.1238529633
-62.4874619861
-63.5560453335
-63.4124449239
-63.5458698473
-63.8410624731
-64.2234759661
-64.6454748631
-60.2275471512
-57.9643181526
-57.0075701484
-56.8666023409
-57.2198015784
-58.6601968708
-59.9024274838
-60.9843516022
-57.2629736497
-55.4547144231
-54.8546017398
-54.9993807385
-55.5862687797
0
-70.0
-70.0
-70.0
-70.0
-69.2333573027
-68.7989264409
-68.5783037091
-68.4933199464
-68.4925523572
-68.5423400584
-68.6208013439
-68.7138514037
-69.8123525737
-70.0
-70.0
-70.0
-70.0
-70.0
-70.0
-70.0
-70.0
-70.0
-70.0
-70.0
-70.0
-65.1444004045
-62.3928939671
-60.9955603057
-60.4573080987
-60.4524465046
-60.7677813312
-61.2647228495
-61.8540636655
-62.4791993663
-63.1049741412
-63.7101845545
-64.2829713173
-64.8172109978
-65.3105144394
-65.7628126898
-66.175431217
-61.6971766702
-60.2284570563
-59.672943386
-60.2394259599
-60.9046679723
-61.6069909139
-61.3158589951
-61.4306512106
-61.7851714996
-63.1839197944
-64.2503714449
-60.8329356324
-59.0880429572
-58.9603948091
-58.2908112022
-58.2793673314
-58.1076332089
-58.0676716285
-58.4414389593
-59.0509847258
-59.0779756578
-59.458237695
-60.0377869942
-60.0138866369
-60.3324168679
-60.8457877776
-60.7552470272
-61.0090810093
-60.9055231427
-61.1465376514
-61.5862617682
-63.1298775398
-64.2850510848
-65.168653509
-66.5635635502
-67.5150574566
-68.1687852186
-68.6220623685
-64.0793340408
-59.9308154344
-58.6895522609
-58.3218092814
-57.4938620051
-57.4139649058
0
-70.0
-70.0
-70.0
-70.0
-68.3859186093
-67.4712724878
-67.0067757321
-66.1241481172
-65.723766611
-65.6260788202
-65.0095598147
-64.8059964176
-64.8569918321
-65.0590226864
-64.5424713069
-64.4144581024
-59.6680569083
-57.1646142949
-56.0903949171
-55.9095167931
-56.2706726923
-56.9450104754
-57.7847794628
-58.6958148731
-58.6365838201
-58.9798257276
-59.5531100146
-60.2453102529
-60.9857867208
-61.7305463775
-57.6089895062
-54.60761673
0
-70.0
-70.0
-70.0
-70.0
-66.0928590901
-63.8788125745
-62.754424246
-62.3213104407
-61.4490857189
-61.2107813619
-60.8052171468
-60.8683713794
-61.2106515397
-62.7089979169
-63.8510391459
-64.7412292452
-64.5384271584
-64.5987983344
-65.1278182972
-65.9409696649
-66.5641614967
-67.0526045459
-62.5853980983
-60.1522276264
-55.4079806815
0
-70.0
-70.0
-70.0
-70.0
-64.8545532985
-61.9388001677
-60.4580549502
-59.8876726548
-59.8825208557
-55.9960613415
0
-70.0
-70.0
-70.0
-70.0
-69.4417172906
-69.1253570887
-68.9646957312
-68.902809059
-68.9022500871
-68.9385063677
-68.9956432571
-69.0634039489
-69.1352802323
-68.210655482
-67.7155254491
-67.494596581
-67.4455527075
-68.5012739397
-69.5179975477
-70.0
-70.0
-69.2958631836
-68.896852321
-68.6942173928
-68.6161625227
-68.6154575166
-68.661185929
-68.7332501122
-68.8187136184
-68.9093679348
-69.0001149268
-69.0878926244
-69.1709628222
-70.0
-70.0
-70.0
-65.4333012129
-62.8455052335
-61.5313108048
-61.0250837874
-61.0205114507
-61.3170843337
-57.3504762843
-55.3921622452
-54.7041017468
0
-70.0
-70.0
-70.0
-70.0
-66.628853433
-64.718537045
-63.7483959774
-63.3746981376
-59.1765168987
-57.0183909254
-56.1562356439
-56.1004012869
-57.3326897656
-58.4943065273
-59.5747997001
-60.5706022804
-60.5214155282
-60.8078562926
-61.2861255415
-61.8635495728
-62.4812190058
-58.2667107322
-56.1291154103
-55.3089210368
-55.3065070448
-54.820854043
-55.0354337738
-56.6607168282
-57.3768257296
-58.227263546
-59.1299507844
-60.8363672371
-57.694488224
-56.2195445421
-55.7939268482
-55.070619667
-55.1342813694
-55.6680023452
-56.4659681858
-57.395882084
0
-70.0
-70.0
-70.0
-70.0
-69.3477030156
-67.9896290776
-67.241797079
-66.8850379771
-66.7748145835
-66.8161867278
-66.9471371235
-67.1274694568
-68.3312193891
-69.1090953689
-68.6315300726
-68.3906065591
-68.299698899
-69.1701437636
-70.0
-64.8059552415
-61.8626632117
-60.3679325535
-59.7921630734
-55.8863917195
-54.0133825165
0
-70.0
-70.0
-70.0
-70.0
-70.0
-70.0
-70.0
-69.5823744941
-69.0123867074
-68.7033144785
-68.5610939918
-63.679664114
-59.3412469085
-56.2251755977
-54.8146936246
-54.4745813199
-54.0843241894
-54.3806924381
-55.0791569728
-55.9955971278
-57.0122746499
-58.0552053415
-54.3027043258
0
-70.0
-70.0
-70.0
-70.0
-69.5656971868
-69.3195922593
-69.1946095609
-69.1464662898
-70.0
-70.0
-70.0
-70.0
-69.650016361
-69.4516922989
-69.350974785
-69.3121784504
-69.3118280347
-69.3345568508
-69.3703755788
-69.4128542962
-70.0
-65.7799429467
-61.7683401414
-59.6357671202
-58.7016977368
-58.5178661822
-54.8897341466
0
-70.0
-70.0
-70.0
-70.0
-69.326357296
-68.9446264304
-68.75076703
-63.9418193226
-61.258390054
-59.9397194911
-59.4838598369
-59.5608820499
-59.955065976
-60.5328302546
-61.1950611467
-61.8858976437
-62.5708696204
-63.2294904858
-63.8503466555
-64.4278488021
-64.9600884634
-65.4474293113
-65.8915861764
-66.2950274229
-66.6605912567
-66.9912431818
-67.2899262307
-67.5594718524
-66.804833822
-66.4585565429
-66.3688382908
-65.7323423594
-65.4927000553
-65.4991580043
-65.6530608402
-65.8903005138
-61.3089608992
-58.8498584339
-57.7460683402
-57.4922586727
-58.7568799821
-59.890423435
-61.4630909478
-62.6912550906
-63.6717784066
-64.4710331159
-64.1371684959
-64.1322774407
-64.3249335596
-64.6296961123
-64.9915637735
-61.5000087282
-59.6884087434
-58.9451684611
-55.4472180438
0
-70.0
-70.0
-70.0
-70.0
-69.5958576837
-69.3668437045
-69.2505405268
-69.2057406027
-69.2053359614
-64.4270653345
-60.1256303055
-56.8741154304
-55.360735991
-54.9406837943
-55.1906296831
-56.833942165
-58.2587982486
-54.9288599479
-54.1369720062
-54.190606841
-54.7497675138
0
-70.0
-70.0
-70.0
-70.0
-69.5551535203
-69.3030738485
-69.1750569171
-69.1257448611
-69.1252994654
-70.0
-70.0
-69.6292034788
-69.4190854502
-70.0
-70.0
-70.0
-65.3038976284
-61.7305644463
-57.1618171527
-54.8485082047
0
-70.0
-70.0
-70.0
-70.0
-69.3285952187
-64.5141502079
-61.8083448612
-60.4579168244
-59.9657294415
-61.0038777379
-61.9266374578
-62.7494053744
-62.4862750508
-62.5788543549
-62.8817734589
-63.3007991393
-63.7755212429
-64.2678371303
-59.9185627918
-58.6277045657
-58.2322661446
-58.3872608871
-58.8673490363
-59.5264902913
-59.2787993812
-59.4875581892
-59.9632282009
-60.583189268
-61.2690595993
-61.9716131447
-61.7485496624
-61.8897599175
-62.2448274067
-62.7163736534
-58.3887776569
-56.1792608039
-55.3142419986
-55.2847559821
-55.7575725061
-56.5160100037
-57.4205388354
-58.3825715066
-54.675984689
0
-70.0
-70.0
-70.0
-70.0
-66.7588568997
-64.9222091429
-63.9894801841
-59.7296225726
-57.5160539199
-56.6040442643
-56.5033703288
-56.8928536232
-57.5634484791
-58.38035711
-58.2578354521
0
-70.0
-70.0
-70.0
-70.0
-66.6278384857
-64.7169469609
-63.746513814
-63.3727034654
-63.3693271407
-63.5883237746
-63.9334442957
-63.3504424785
-63.2222933056
-63.3713273583
-62.9779998409
-62.9760700025
-62.6534875438
-62.7048218171
-62.4232394316
-62.506848686
-62.806785949
-63.2265221086
-63.7041464007
-63.3322700054
-62.9980685014
-63.0309453156
-58.4226949144
-56.0436548433
-55.0814423058
-55.1330872826
-55.6596380259
-57.0091360932
-58.2518637306
-58.5866357194
-59.1679443888
-59.3222425552
-59.7707467032
-60.3808243019
-61.0675100511
-56.941535199
-54.9012324477
-54.1803430487
0
-70.0
-70.0
-70.0
-70.0
-69.8103426117
-70.0
-70.0
-70.0
-70.0
-70.0
-70.0
-70.0
-70.0
-65.8008170104
-63.9768355386
-63.4165521375
-63.299830359
-63.4531362799
-63.7633486231
-58.7238331998
-56.0759961725
-54.9514274171
0
-70.0
-70.0
-70.0
-70.0
-66.7282146209
-64.8742029061
-63.9326557803
-63.5699723122
-63.5666964875
-63.7791744432
-64.1140220685
-64.511129908
-64.9323569481
-65.3540146073
-60.9573587391
-58.6207865936
-57.5981504198
-57.3979637015
-57.6979195472
-58.287962403
-58.0324487729
-58.2780589691
-58.8161564545
-59.5118097306
-60.2788080386
-61.0630467554
-61.831488427
-62.5648371491
-64.2526846861
-65.4569703855
-66.3309761256
-66.9776803655
-66.4741542439
-66.2895667628
-66.302495382
-66.4335027075
-65.8285212101
-65.6045816046
-65.6167317878
-65.0664271345
-64.9006967713
-64.9712353277
-65.1811839506
-65.467780326
-65.7908121404
-66.124937491
-65.5131091151
-65.2955751191
-65.3218688842
-65.4935828471
-60.8861159302
-57.5571191586
-55.9744837903
-55.4924197763
-55.6867673754
-56.280483689
-57.0940306875
-58.0123578637
-58.9629422406
-59.9011947921
-60.8007731632
-61.6471610805
-62.4334217948
-64.1573968102
-65.386535259
-66.2778004864
-66.9366329399
-67.4340446474
-67.8180235169
-68.1211433881
-68.3656438645
-68.5668226882
-68.7353025595
-68.8785470636
-65.1298918274
-63.0430356247
-62.0228207156
-61.6765977463
-60.7463283074
-60.4966223672
-60.6635780575
-60.3712618327
-60.5168300367
-60.9202766246
-62.4476604933
-58.8113188213
-57.0024698574
-57.0541151875
-57.5166318793
-58.2102541651
-59.0194190644
-58.8882788984
-59.1799855022
-59.7156766144
-60.3799020612
-61.0991072606
-60.9590140477
-60.842990985
-61.0786107813
-61.5173622996
-62.0633678007
-62.6555255079
-63.2556359487
-58.9830918723
-56.7867956974
-55.9094581359
-55.8527403278
-56.2902849653
-58.0096017632
-59.4408717832
-61.2071602913
-61.5634535405
-62.0584477054
-62.6201626141
-63.2031861388
-63.7795607157
-64.332733438
-60.0094848373
-58.7095344067
-57.3449314438
-56.9480052845
-57.1449160795
0
-70.0
-70.0
-70.0
-70.0
-69.3469001669
-68.9768102616
-69.777301623
-70.0
-70.0
-70.0
-70.0
-70.0
-70.0
-70.0
-70.0
-70.0
-70.0
-70.0
-70.0
-70.0
-70.0
-70.0
-70.0
-70.0
-70.0
-70.0
-70.0
-70.0
-69.9999619764
-69.9999404297
-69.9999294873
-70.0
-70.0
-70.0
-70.0
-70.0
-69.4444429608
-69.1296273053
-68.9697503351
-68.9081658085
-68.9076095656
-68.9436888343
-69.0005467678
-69.0679766356
-69.1395020017
-69.211100488
-68.2976977601
-67.8063995314
-67.5847406098
-67.5322539031
-67.5830200824
-67.6940457872
-67.8375263505
-67.9956971435
-69.1571089858
-69.8820524583
-70.0
-70.0
-70.0
-70.0
-70.0
-65.1955325801
-62.4730010421
-61.0903820846
-57.1372973414
-56.1826422309
-56.0704277568
-56.4674181472
-57.1566984432
-57.9983766726
-58.9034377212
-58.8163993618
-58.8036297008
-59.1691802475
-59.7495379005
-60.4394345624
-61.1720580741
-61.9058969119
-57.7719425315
-54.7576994823
0
-70.0
-70.0
-70.0
-70.0
-67.94942318
-66.7874296487
-66.1973192083
-65.9700089705
-65.9679558621
-66.1011254683
-66.3109897164
-66.5598752748
-66.8238774339
-67.0881494816
-67.3437743942
-67.5856901953
-62.96725555
-61.4296046185
-60.7926939057
-60.7174576812
-60.9817340238
-62.243377831
-63.2589181876
-64.6485006842
-65.9939668261
-66.9347809503
-68.1569989487
-68.9517631161
-69.4635628461
-68.7885273992
-68.4238885511
-67.702086735
-67.0122694208
-67.6394423882
-68.0944314223
-63.5724250031
-58.6507673739
-56.8785496864
-56.0303785289
-55.65379655
-55.9060541444
-56.5272068962
-57.3489916507
-58.2637627817
-59.2038333676
-61.0692202768
-57.7097258272
-56.1037049632
-55.6033022793
-55.782950593
-56.3646412282
-57.1681675683
-58.0780111201
-59.0213168805
-59.9532564407
-60.8473116289
-62.6772733342
-64.0193412462
-65.0239372852
-65.7925636658
-67.1964565077
-68.1322436626
-67.756063605
-62.749375449
-58.3668128987
-56.1250482719
-55.2424878867
-55.2048687261
0
-70.0
-70.0
-70.0
-70.0
-66.8796519394
-65.1114547051
-63.2186261054
-62.3089747421
-61.4639958772
-61.2415420289
-61.4000183191
-61.7817701491
-62.2847622422
-62.84373209
-63.4176562623
-63.9814222237
-64.5203010597
-65.0262849926
-65.4956658526
-61.0741275509
-58.7187336516
-56.6866777546
-55.9112216247
-55.9155738925
-56.3876661235
-57.1246659246
-58.9960260069
-60.4856411893
-61.6965555925
-62.6998857146
-63.3737023614
-63.9988689375
-64.5740065852
-65.099955621
-66.3813289909
-67.2707753798
-68.4509729227
-69.2107256844
-69.6928864852
-69.9924200829
-70.0
-65.2594147977
-62.5730831831
-61.2088481082
-60.6833454597
-61.652586727
-62.5123785965
-63.8333966539
-64.8315609332
-65.602740803
-66.2120240315
-67.5063289699
-63.5615176573
-61.4092469478
-60.4042429572
-60.1210991309
-59.2805359322
-54.9128957424
0
-70.0
-70.0
-70.0
-70.0
-69.5224505594
-69.2518392098
-69.114411093
-69.0614738531
-69.0609957141
-69.0920089736
-68.1460215279
-67.6402283429
-67.4154114871
-66.6629706204
-66.322740413
-66.2411776081
-66.3175340049
-66.4860967095
-66.704364442
-66.9451796
-67.1914960415
-67.432902705
-67.663316613
-67.879454404
-69.079819614
-69.8307114195
-70.0
-70.0
-69.1975055151
-63.8820641146
-60.8967304705
-58.7052688979
-57.7668829912
0
-70.0
-70.0
-70.0
-70.0
-68.6966651351
-68.9558250534
-69.1461268359
-69.2887703443
-69.3980641045
-69.4837048904
-69.552299199
-69.6083791441
-69.6550811398
-69.6945996325
-70.0
-69.6592665308
-70.0
-70.0
-70.0
-70.0
-70.0
-70.0
-70.0
-70.0
-70.0
-69.0258839652
-68.4738848788
-68.193555931
-68.0855733646
-68.084598046
-68.1478595866
-69.2452708665
-69.9288752722
-70.0
-70.0
-70.0
-70.0
-70.0
-70.0
-70.0
-70.0
-69.2962961009
-63.7034859299
-60.5576836296
-58.9849461284
-58.4084720901
-58.4489719308
-58.8583061042
-58.5630878999
-58.7671873807
-59.2640741565
-54.4820935468
0
-70.0
-70.0
-70.0
-70.0
-65.1392885749
-62.3848854339
-58.9893891691
-56.5166426354
0
-70.0
-70.0
-70.0
-70.0
-69.403802062
-69.0659565638
-64.3181587034
-61.6588746971
-60.3413418034
-59.8727773404
-60.9176517313
-61.8473213081
-62.6768790106
-63.4187176651
-64.0831969356
-59.9448381005
-57.7969948627
-56.915055758
-56.8220571032
-57.2055226736
-57.8620845933
-58.6606189254
-59.5177188938
-54.7103738104
0
-70.0
-70.0
-70.0
-70.0
-68.5737219692
-67.7654977518
-67.3550466296
-67.1969410687
-67.1955130298
-66.4198263483
-62.2504656217
-60.0071669983
-58.9942822577
-58.7534086714
-58.9837708972
-59.4891958695
-60.1428109905
-60.8635530301
-62.5615280439
-63.8282621174
-65.3495827131
-66.7507223134
-68.0330486632
-68.8680095176
-69.4067190463
-69.7497207953
-65.1105531956
-62.490034196
-62.0802634944
-62.0983922904
-62.9282120471
-63.6618301663
-64.8688289211
-65.76406721
-66.442407943
-65.9680251861
-61.0413754399
-57.8284508553
-56.3064144093
-55.8496453948
0
-70.0
-70.0
-70.0
-70.0
-69.3260261032
-69.9406820742
-70.0
-70.0
-69.1698580374
-68.6994442586
-68.4605478494
-67.6648213718
-67.2652247729
-67.1166259878
-67.1235791838
-66.4211626594
-66.1190073229
-66.0670805435
-66.1670217911
-65.5522833441
-65.3316974978
-61.4933718785
-59.4739307776
-58.6131350911
-58.4762198429
-58.7781966991
-59.3334429229
-59.0611610021
-59.2624198162
-59.7410944441
-60.3702627394
-60.2662858228
-60.5283568121
-61.9936134986
-58.303911094
-56.4799592814
-55.8362562178
-55.9221591724
-56.442962306
-57.2073454427
-58.0923971433
-59.0203482589
-59.9431073196
-60.8223583287
-61.6558303233
-62.4340525092
-63.1531840705
-63.8128902049
-64.4149508787
-64.0501470822
-59.1762819457
-56.6127534655
-55.5208779286
0
-70.0
-70.0
-70.0
-70.0
-68.9177455282
-68.3044679942
-67.9930192073
-67.8730492949
-67.8719657043
-68.9419492978
-69.6192078107
-70.0
-70.0
-70.0
-70.0
-70.0
-70.0
-70.0
-70.0
-70.0
-70.0
-69.0070576776
-69.4392521305
-69.7172603979
-69.8934900118
-65.1421950176
-62.4533448538
-61.9599026842
-61.9318406264
-62.1839420375
-58.37512041
-56.4773234199
0
-70.0
-70.0
-70.0
-70.0
-69.2455606015
-68.8180449424
-68.6009340488
-68.5173030444
-68.5165476735
-68.5655428619
-68.6427552129
-68.7343241164
-68.8314546546
-68.9286844891
-69.0227329068
-69.1117375271
-68.1957640077
-67.3729877624
-67.9668296867
-68.390907185
-68.6989901112
-69.6309105669
-70.0
-70.0
-70.0
-70.0
-70.0
-70.0
-64.8059552415
-61.8626632117
-60.3679325535
-59.7921630734
-59.7869626162
-60.1242769214
-60.6558562738
-61.2862753427
-57.2839302359
-55.3063921639
0
-70.0
-70.0
-70.0
-70.0
-69.0651324569
-68.5353741825
-68.2663400785
-68.1627082801
-68.1617722584
-69.2222844176
-69.8845155659
-70.0
-70.0
-70.0
-69.6555664629
-69.4603874585
-69.3612671406
-69.3230860452
-69.3227411864
-63.6175471378
-60.4071791374
-58.8007190326
-58.2101523353
-57.4463381032
-57.0731716272
-57.2801660207
-57.8283571228
-58.5629932133
-59.3850084271
-60.2320506079
-62.0648592702
-63.4290491585
-63.5056132286
-63.7680312296
-64.1332143226
-64.547883701
-64.978422538
-65.4041317556
-65.8127528943
-66.197500481
-61.6953620954
-59.2709003275
-57.1912014524
-56.370342079
-55.77659283
-55.894456853
-56.4353600384
-57.212056615
-58.1043393404
-59.0362309977
-59.048616454
-54.6165772026
0
-70.0
-70.0
-70.0
-70.0
-69.9813318081
-69.970753166
-69.9653808753
-69.9633114716
-69.9632927804
-70.0
-70.0
-70.0
-65.4333012129
-61.2252680918
-58.9929392828
-58.0204440213
-57.836265397
-58.1312160425
-54.4831948222
0
-70.0
-70.0
-70.0
-70.0
-68.9088878679
-67.7350354374
-66.7728894646
-66.303172232
-66.1445694848
-66.1779221869
-61.5020881647
-58.9798514792
-57.8338477519
-54.1312832913
0
-70.0
-70.0
-70.0
-70.0
-69.699819888
-69.5297178245
-69.4433326589
-69.4100571376
-70.0
-70.0
-70.0
-70.0
-70.0
-70.0
-70.0
-65.1977568351
-59.8562881688
-56.9895306967
-55.7031585235
0
-70.0
-70.0
-70.0
-70.0
-69.3224103109
-68.9384428204
-68.7434475655
-68.6683354936
-68.6676570674
-68.7116614428
-68.7810086866
-68.8632500766
-68.9504865748
-69.0378122545
-69.1222805872
-68.2026699935
-68.7108029036
-68.5031003306
-68.4283754425
-68.4359279949
-68.4925952598
-68.5768424434
-68.6748293388
-68.7777938314
-68.8803127326
-69.9531346874
-70.0
-70.0
-70.0
-70.0
-70.0
-70.0
-65.1955325801
-63.4339825998
-62.5959198583
-61.3405615243
-60.5426611397
-60.3791655377
-60.6017626585
-61.0485955091
-60.8126062333
-61.9382406844
-62.8823466656
-63.6860653655
-64.3787610732
-64.9817531287
-65.5108232578
-65.9779045599
-66.3922231892
-66.7610735938
-67.0903480501
-63.5090408
-59.9563846149
-58.1595780834
-56.4796003824
-56.7247628848
-57.6477016235
0
-70.0
-70.0
-70.0
-70.0
-68.8043507588
-68.1268161888
-67.7827349072
-67.6501949747
-67.6489978493
-68.668118649
-69.3239871738
-68.7985697131
-68.5233669128
-63.0078496606
-59.9316109873
-58.4214807503
-57.9013532498
-57.9925649745
-58.4475398436
-59.1056067702
-60.8520323472
-62.2048199485
-63.2763318443
-64.1433612537
-64.8588001908
-65.4594368801
-65.9711709977
-66.4125057683
-66.7968897717
-62.2809792254
-59.8287335901
-58.6964284226
-58.3938310414
-57.5994456399
-57.2028328777
-57.0581041244
-57.4026634017
-58.029310188
-58.8043212535
-60.6420660913
-62.0566441243
-63.1701694733
-64.0659457003
-64.8012132464
-65.4156666659
-66.8493583336
-67.814594723
-67.4742907459
-67.3542986681
-67.3704934658
-68.3361733194
-68.971042121
-69.3862619978
-68.7436433526
-68.3999507203
-67.6915145614
-67.3434023807
-67.2230883262
-67.243463616
-67.347573336
-66.630140633
-66.3120096567
-65.6885085268
-65.124790898
-64.9490672908
-64.4564419945
-64.3456520836
-64.467656401
-64.021566741
-63.9531940536
-64.1137306394
-64.4062615696
-64.7682380753
-65.159816043
-64.643893784
-64.5128773024
-64.6171715034
-64.8591756406
-65.1757389349
-60.7974536162
-58.4772339712
-57.4691943851
0
-70.0
-70.0
-70.0
-70.0
-68.5597892074
-67.7436697582
-67.3292090968
-67.1695590634
-67.1681170745
-62.5905939419
-60.0910602643
-58.9216380489
-58.5892634514
-59.7667710904
-60.8143833042
-61.7491378556
-62.5850193246
-63.1368600039
-59.2957959117
-57.3479642593
-56.6009997926
-56.5994544528
-57.0452121005
-57.7444929524
-59.48478687
-60.8794703248
-57.9047995723
-54.9029333267
0
-70.0
-70.0
-70.0
-70.0
-70.0
-69.1599583619
-68.6839347671
-68.4421894512
-68.34906928
-68.3482282013
-68.402782614
-68.4887558412
-68.5907145828
-68.6988660083
-68.8071279967
-64.0560695886
-59.7833284157
-57.5602394315
-56.6410447266
-56.5348264127
-57.9189195848
-59.1520781685
-60.8091262687
-62.1097175865
-63.153081791
-64.0073309206
-64.7196360344
-65.3230312348
-65.840967314
-67.2318357208
-63.3145677881
-61.1870547689
-60.9080155021
-61.3769914253
-61.9458105984
-62.5555750823
-62.1695847466
-62.199004387
-62.4766893583
-58.1598041962
-55.9643462925
-55.1149266738
-55.1014440134
-54.6485006136
-54.8884512199
-55.5361398763
-56.406881741
-57.3824308018
-58.3883458782
-59.3789500614
-60.3273475693
-61.2188078217
-62.0463903791
-62.8080602343
-63.5047934729
-64.1393403003
-63.7205619511
-63.6786095433
-63.8641511138
-59.3207546824
-56.1482225317
-54.7064291568
-54.3511388267
-54.6595933344
-55.3560129279
-56.2619975864
-57.2635217953
-58.2889855941
-59.2946310202
-60.2548639086
-61.1558415113
-61.0027943759
-60.8775396154
-61.1064687719
-61.5402773068
-62.0825531841
-61.8693644686
-62.0124724237
-63.364588104
-64.7303712421
-65.7254954168
-67.0206089634
-67.8969901258
-68.4929191525
-68.9007125967
-65.123917617
-61.7334729002
-59.9747569735
-59.253702185
-58.1844174702
-57.9366993923
0
-70.0
-70.0
-70.0
-70.0
-68.3375669851
-67.3955216101
-66.9171103313
-66.7328265531
-66.7311620677
-62.168070604
-59.691280039
-58.5488296987
-59.2277236414
-59.9941358856
-60.7875120359
-61.5706206582
-62.321465143
-63.0279229958
-63.5986924373
-59.3781117685
-57.1998263082
-56.3195274884
-57.0498330827
-57.9196886699
-58.8442790666
-59.770890669
-60.6678279415
-61.5170627069
-63.2215766474
-63.4817934768
-63.8551971251
-64.4322142248
-64.9640173438
-66.0065208593
-66.7651389399
-67.3281384903
-67.7550002709
-68.0859506635
-63.4898037513
-60.9491221457
-58.7524214056
-57.8093202481
-57.6498155453
-57.9657855387
-58.5565080169
-59.2923912365
-60.0908414604
-60.9002168794
-56.9127489823
-55.9549875058
0
-70.0
-70.0
-70.0
-70.0
-66.6497863476
-62.0509367083
-59.5565957012
-58.4081045735
-58.1054064112
-58.3202739667
-58.8385187011
-59.5215149184
-59.2883028315
-59.5054321516
-56.2497330668
-54.7546558471
-54.3657876537
-54.6536071492
-55.3378452748
-57.1054393983
-58.5958145591
-58.8961914651
-59.4465445599
-60.1285382648
-60.8667832122
-56.8096540968
-54.8150548244
-54.1244601001
-54.2392879289
-54.8335416952
-55.6956425651
-55.7070565315
-56.1903363603
-56.9406263789
-57.826112844
-58.7632009617
-59.7000138002
-60.6054343767
-61.46183891
-63.259986271
-64.5635418119
-65.5268904093
-66.2540032209
-66.8151374671
-67.2579800992
-67.6150863419
-67.9088472094
-68.1548088229
-68.3638921636
-68.5438790959
-68.7004086188
-68.8376460452
-68.9587336329
-69.0660950644
-64.3009686863
-61.6318605699
-60.309333681
-60.8381631189
-61.4608553443
-57.8984910952
-56.1644561759
-55.5852200185
-55.7181709901
-57.1862110448
-58.4941613762
-58.6624605592
-59.1413580505
-60.0375648571
-60.9073701125
-61.7323409286
-62.5029120541
-63.2151576608
-63.8686664362
-64.4651494869
-65.0075343344
-65.4993807651
-64.9705215595
-64.8208553176
-64.9036937285
-65.1232736507
-65.417579149
-65.7469098097
-67.0839942209
-67.9834450602
-68.5903340618
-68.0274686223
-67.7555004045
-67.667136127
-66.9881759858
-66.3478607017
-66.0854095078
-66.0584251412
-66.1736203498
-66.3702834634
-67.6015645361
-63.8929051621
-61.8712793657
-60.9292612423
-60.6664083269
-59.83715783
-59.6783689375
-59.9271499707
-60.4121802583
-61.0227924223
-61.6883999732
-62.364817838
-63.025174629
-63.6538828826
-64.242645072
-64.7878142166
-65.2886552294
-65.7462046628
-61.3067494996
-58.9328514183
-57.8774175222
-56.649765706
0
-70.0
-70.0
-70.0
-70.0
-69.4719977122
-69.1727964157
-69.0208490907
-68.9623190593
-68.9617904051
-68.9960801992
-64.3158449027
-62.6386478979
-60.8811335858
-60.1305872124
-60.0092398146
-60.2694567154
-60.7499382987
-61.3465626387
-61.9929851548
-62.6477391593
-63.2856669233
-63.8922346843
-64.4597675181
-64.9849616344
-65.4672460497
-65.9077084973
-66.3083956825
-65.6741451292
-65.4377899596
-65.4480505258
-60.7466888448
-56.6140783996
-55.5805090334
-55.4410171126
-55.8426213897
-56.5554965763
-56.4573840972
-56.8499371399
-57.5238043942
-57.6402942299
-59.0831598814
-60.3127739428
-61.373449915
-62.2974071678
-63.1085346138
-63.8249265944
-64.4605975629
-65.0266468919
-60.676276925
-58.376845714
-57.3846254636
-57.2098057979
-57.5312538053
-58.1397474828
-58.9001854399
-59.7264420329
-60.5646479209
-56.6478100234
0
