-70.0
-63.0
-59.0333333333
-57.0188888889
-56.2429259259
-56.235917284
-56.690514856
-57.406922904
0
-70.0
-70.0
-70.0
-70.0
-70.0
-70.0
-70.0
-70.0
-70.0
-70.0
-70.0
-70.0
-70.0
-64.606564955
-61.5502850962
-59.9981743443
-59.4003020817
-59.3949019881
-59.745165199
-60.2971509523
-54.3614643501
0
-70.0
-70.0
-70.0
-70.0
-70.0
-70.0
-70.0
-70.0
-70.0
-70.0
-70.0
-70.0
-64.6413189582
-61.6047330346
-60.0626237125
-59.4686039956
-59.4632386989
-59.8112448976
-60.3596737869
-54.4197689718
0
-70.0
-70.0
-70.0
-70.0
-70.0
-70.0
-70.0
-70.0
-70.0
-70.0
-70.0
-70.0
-64.5884923848
-61.5219714028
-59.9646597669
-59.3647841264
-59.3593659379
-59.7108028269
-60.2646381994
-54.3311451272
0
-70.0
-70.0
-70.0
-70.0
-70.0
-70.0
-70.0
-70.0
-70.0
-70.0
-70.0
-70.0
-64.8902002867
-61.9946471159
-60.5241603095
-59.9577295487
-59.9526134406
-60.2844566611
-60.807414038
-54.8373016404
0
-70.0
-70.0
-70.0
-70.0
-70.0
-70.0
-70.0
-70.0
-70.0
-70.0
-70.0
-70.0
-64.2982323496
-61.067230681
-59.4263886571
-58.7943371542
-58.7886283474
-59.1589154517
-59.7424571992
0
-70.0
-70.0
-70.0
-70.0
-70.0
-70.0
-70.0
-70.0
-70.0
-70.0
-70.0
-70.0
-70.0
-64.5737159141
-61.4988215987
-59.9372576229
-59.3357439833
-59.330311
-59.6827075101
-60.2380551658
-54.3063555647
0
-70.0
-70.0
-70.0
-70.0
-70.0
-70.0
-70.0
-70.0
-70.0
-70.0
-70.0
-70.0
-64.4025009715
-61.2305848553
-59.6197490237
-58.9992558907
-58.9936514812
-59.3571671194
-59.9300375984
-54.0191189434
0
-70.0
-70.0
-70.0
-70.0
-70.0
-70.0
-70.0
-70.0
-70.0
-70.0
-70.0
-70.0
-64.164284668
-60.8573793132
-59.1779901233
-58.5310902718
-58.5252473519
-58.9042333549
-59.5014838449
0
-70.0
-70.0
-70.0
-70.0
-70.0
-70.0
-70.0
-70.0
-70.0
-70.0
-70.0
-70.0
-70.0
-64.0107097725
-60.6167786436
-58.8931940115
-58.2292700985
-58.2232734141
-58.6122329563
-59.2252009164
0
-70.0
-70.0
-70.0
-70.0
-70.0
-70.0
-70.0
-70.0
-70.0
-70.0
-70.0
-70.0
-70.0
-63.9070961279
-60.4544506003
-58.7010482638
-58.0256385864
-58.0195381605
-58.4152266329
-59.0387988285
0
-70.0
-70.0
-70.0
-70.0
-70.0
-70.0
-70.0
-70.0
-70.0
-70.0
-70.0
-70.0
-70.0
-64.2975620928
-61.0661806121
-59.4251457033
-58.7930199012
-58.7873104232
-59.1576410557
-59.7412514
0
-70.0
-70.0
-70.0
-70.0
-70.0
-70.0
-70.0
-70.0
-70.0
-70.0
-70.0
-70.0
-70.0
-63.8905075458
-60.4284618217
-58.6702856599
-57.9930371075
-57.9869200724
-58.383685849
-59.0089557866
-55.366469247
-70.0
-70.0
-70.0
-70.0
-70.0
-70.0
-68.9206284512
-68.3089845735
-67.9983654278
-67.8787150927
-67.8776343886
-67.9477314865
-68.0581986957
-61.5988993757
-58.0033564711
-56.245918846
-55.6499256427
-55.7706655327
-56.3174206155
-57.1015596448
0
-70.0
-70.0
-70.0
-70.0
-70.0
-70.0
-70.0
-70.0
-70.0
-70.0
-70.0
-70.0
-70.0
-64.7729242248
-61.8109146189
-60.306678368
-59.7272473386
-59.7220138096
-60.0614732319
-60.5964331109
-54.6405549122
0
-70.0
-70.0
-70.0
-70.0
-70.0
-70.0
-70.0
-70.0
-70.0
-70.0
-70.0
-70.0
-64.3570511125
-61.1593800762
-59.5354647853
-58.9099334512
-58.9042835357
-59.2707508019
-59.8482728015
0
-70.0
-70.0
-70.0
-70.0
-70.0
-70.0
-70.0
-70.0
-70.0
-70.0
-70.0
-70.0
-70.0
-64.1201258035
-60.7881970921
-59.0960999622
-58.4443050189
-58.4384178856
-58.8202716761
-59.4220415612
0
-70.0
-70.0
-70.0
-70.0
-70.0
-70.0
-70.0
-70.0
-70.0
-70.0
-70.0
-70.0
-70.0
-64.6657988971
-61.6430849388
-60.1080203992
-59.5167143288
-59.5113735422
-59.8577899523
-60.4037134665
-54.4608374371
0
-70.0
-70.0
-70.0
-70.0
-70.0
-70.0
-70.0
-70.0
-70.0
-70.0
-70.0
-70.0
-64.4509314876
-61.3064593306
-59.7095607254
-59.0944362047
-59.0888802855
-59.4492507245
-60.0171646304
-54.1003677972
0
-70.0
-70.0
-70.0
-70.0
-70.0
-70.0
-70.0
-70.0
-70.0
-70.0
-70.0
-70.0
-64.0466123055
-60.6730259453
-58.9597732643
-58.2998292136
-58.2938684761
-58.6804964177
-59.2897899687
0
-70.0
-70.0
-70.0
-70.0
-70.0
-70.0
-70.0
-70.0
-70.0
-70.0
-70.0
-70.0
-70.0
-64.2283149302
-60.9576933907
-59.2967306872
-58.6569287089
-58.6511498983
-59.0259776154
-59.6166749917
0
-70.0
-70.0
-70.0
-70.0
-70.0
-70.0
-70.0
-70.0
-70.0
-70.0
-70.0
-70.0
-70.0
-64.1330409121
-60.8084307623
-59.1200503137
-58.4696870341
-58.4638128318
-58.8448278828
-59.4452759839
0
-70.0
-70.0
-70.0
-70.0
-70.0
-70.0
-70.0
-70.0
-70.0
-70.0
-70.0
-70.0
-70.0
-64.5909529979
-61.5258263633
-59.9692228371
-59.3696199602
-59.3642042354
-59.7154813259
-60.2690648694
-54.3352731441
0
-70.0
-70.0
-70.0
-70.0
-70.0
-70.0
-70.0
-70.0
-70.0
-70.0
-70.0
-70.0
-64.4134507417
-61.2477394954
-59.6400547644
-59.0207754336
-59.0151819874
-59.3779865201
-59.9497363557
-54.0374886895
0
-70.0
-70.0
-70.0
-70.0
-70.0
-70.0
-70.0
-70.0
-70.0
-70.0
-70.0
-70.0
-64.1225700743
-60.7920264498
-59.1006327267
-58.4491087353
-58.4432240493
-58.8249191027
-59.4264388314
0
-70.0
-70.0
-70.0
-70.0
-70.0
-70.0
-70.0
-70.0
-70.0
-70.0
-70.0
-70.0
-70.0
-64.2259993923
-60.9540657146
-59.2924366509
-58.6523779909
-58.6465968619
-59.0215749558
-59.6125093136
0
-70.0
-70.0
-70.0
-70.0
-70.0
-70.0
-70.0
-70.0
-70.0
-70.0
-70.0
-70.0
-70.0
-64.3724096014
-61.1834417089
-59.5639462498
-58.9401174326
-58.9344828946
-59.2999527419
-59.8759028923
0
-70.0
-70.0
-70.0
-70.0
-70.0
-70.0
-70.0
-70.0
-70.0
-70.0
-70.0
-70.0
-70.0
-64.1069953218
-60.7676260042
-59.0717502135
-58.418499732
-58.412599452
-58.7953059689
-59.3984196801
0
-70.0
-70.0
-70.0
-70.0
-70.0
-70.0
-70.0
-70.0
-70.0
-70.0
-70.0
-70.0
-70.0
-63.8956955865
-60.4365897522
-58.6799065932
-58.0032331447
-57.9971213041
-58.3935501563
-59.0182891291
0
-70.0
-70.0
-70.0
-70.0
-70.0
-70.0
-70.0
-70.0
-70.0
-70.0
-70.0
-70.0
-70.0
-63.9909809694
-60.5858701853
-58.8566080421
-58.1904971547
-58.1844807171
-58.5747214974
-59.1897085822
0
-70.0
-70.0
-70.0
-70.0
-70.0
-70.0
-70.0
-70.0
-70.0
-70.0
-70.0
-70.0
-70.0
-64.4972897975
-61.3790873494
-59.7955296356
-59.1855440194
-59.1800345158
-59.5373943297
-60.1005637404
-54.1781402397
0
-70.0
-70.0
-70.0
-70.0
-70.0
-70.0
-70.0
-70.0
-70.0
-70.0
-70.0
-70.0
-64.3429390955
-61.1372712496
-59.5092948338
-58.8821991565
-58.8765351116
-59.2439188475
-59.8228851276
0
-70.0
-70.0
-70.0
-70.0
-70.0
-70.0
-70.0
-70.0
-70.0
-70.0
-70.0
-70.0
-70.0
-64.1662989107
-60.8605349601
-59.1817254244
-58.5350488555
-58.5292079523
-58.9080631453
-59.5051074896
0
-70.0
-70.0
-70.0
-70.0
-70.0
-70.0
-70.0
-70.0
-70.0
-70.0
-70.0
-70.0
-70.0
-64.1569238597
-60.8458473802
-59.1643399132
-58.5166241025
-58.5107738127
-58.890237845
-59.4882416696
0
-70.0
-70.0
-70.0
-70.0
-70.0
-70.0
-70.0
-70.0
-70.0
-70.0
-70.0
-70.0
-70.0
-63.9047507786
-60.4507762198
-58.6966989439
-58.0210292802
-58.014926506
-58.4107672912
-59.0345795194
0
-70.0
-70.0
-70.0
-70.0
-70.0
-70.0
-70.0
-70.0
-70.0
-70.0
-70.0
-70.0
-70.0
-64.8216183242
-61.8872020412
-60.3969788701
-59.8229456717
-59.817760897
-60.1540580023
-60.684034332
-54.722245963
0
-70.0
-70.0
-70.0
-70.0
-70.0
-70.0
-70.0
-70.0
-70.0
-70.0
-70.0
-70.0
-64.4135027243
-61.2478209347
-59.6401511631
-59.0208775947
-59.0152842005
-59.3780853573
-59.9498298728
-54.0375758973
0
-70.0
-70.0
-70.0
-70.0
-70.0
-70.0
-70.0
-70.0
-70.0
-70.0
-70.0
-70.0
-63.8198062413
-60.3176964447
-58.5391740185
-57.8540880956
-57.847900272
-58.2492575687
-58.8817633611
0
-70.0
-70.0
-70.0
-70.0
-70.0
-70.0
-70.0
-70.0
-70.0
-70.0
-70.0
-70.0
-70.0
-64.3131530347
-61.0906064211
-59.4540582388
-58.8236607216
-58.8179668538
-59.1872849713
-59.7692996762
0
-70.0
-70.0
-70.0
-70.0
-70.0
-70.0
-70.0
-70.0
-70.0
-70.0
-70.0
-70.0
-70.0
-63.8905087023
-60.4284636336
-58.6702878046
-57.9930393803
-57.9869223464
-58.3836880479
-59.0089578672
0
-70.0
-70.0
-70.0
-70.0
-70.0
-70.0
-70.0
-70.0
-70.0
-70.0
-70.0
-70.0
-70.0
-64.0829369598
-60.7299345703
-59.0271353176
-58.3712179221
-58.365293554
-58.7495624814
-59.3551384218
0
-70.0
-70.0
-70.0
-70.0
-70.0
-70.0
-70.0
-70.0
-70.0
-70.0
-70.0
-70.0
-70.0
-64.6336572723
-61.5927297266
-60.0484155416
-59.4535465126
-59.4481735447
-59.7966773125
-60.3458903295
-54.4069154396
0
-70.0
-70.0
-70.0
-70.0
-70.0
-70.0
-70.0
-70.0
-70.0
-70.0
-70.0
-70.0
-64.450960059
-61.3065040924
-59.7096137093
-59.0944923559
-59.0889364653
-59.4493050487
-60.0172160305
-54.1004157295
0
-70.0
-70.0
-70.0
-70.0
-70.0
-70.0
-70.0
-70.0
-70.0
-70.0
-70.0
-70.0
-64.0443890189
-60.6695427963
-58.9556503029
-58.2954597967
-58.2894968331
-58.6762691605
-59.2857902516
0
-70.0
-70.0
-70.0
-70.0
-70.0
-70.0
-70.0
-70.0
-70.0
-70.0
-70.0
-70.0
-70.0
-64.2283153332
-60.9576940221
-59.2967314346
-58.656929501
-58.6511506908
-59.0259783817
-59.6166757168
0
-70.0
-70.0
-70.0
-70.0
-70.0
-70.0
-70.0
-70.0
-70.0
-70.0
-70.0
-70.0
-70.0
-64.1330409121
-60.8084307623
-59.1200503137
-58.4696870341
-58.4638128318
-58.8448278828
-59.4452759839
0
-70.0
-70.0
-70.0
-70.0
-70.0
-70.0
-70.0
-70.0
-70.0
-70.0
-70.0
-70.0
-70.0
-64.5909529979
-61.5258263633
-59.9692228371
-59.3696199602
-59.3642042354
-59.7154813259
-60.2690648694
-54.3352731441
0
-70.0
-70.0
-70.0
-70.0
-70.0
-70.0
-70.0
-70.0
-70.0
-70.0
-70.0
-70.0
-64.4134507417
-61.2477394954
-59.6400547644
-59.0207754336
-59.0151819874
-59.3779865201
-59.9497363557
-54.0374886895
0
-70.0
-70.0
-70.0
-70.0
-70.0
-70.0
-70.0
-70.0
-70.0
-70.0
-70.0
-70.0
-64.1225700743
-60.7920264498
-59.1006327267
-58.4491087353
-58.4432240493
-58.8249191027
-59.4264388314
0
-70.0
-70.0
-70.0
-70.0
-70.0
-70.0
-70.0
-70.0
-70.0
-70.0
-70.0
-70.0
-70.0
-64.2259993923
-60.9540657146
-59.2924366509
-58.6523779909
-58.6465968619
-59.0215749558
-59.6125093136
0
-70.0
-70.0
-70.0
-70.0
-70.0
-70.0
-70.0
-70.0
-70.0
-70.0
-70.0
-70.0
-70.0
-64.3724096014
-61.1834417089
-59.5639462498
-58.9401174326
-58.9344828946
-59.2999527419
-59.8759028923
0
-70.0
-70.0
-70.0
-70.0
-70.0
-70.0
-70.0
-70.0
-70.0
-70.0
-70.0
-70.0
-70.0
-64.1069953218
-60.7676260042
-59.0717502135
-58.418499732
-58.412599452
-58.7953059689
-59.3984196801
0
-70.0
-70.0
-70.0
-70.0
-70.0
-70.0
-70.0
-70.0
-70.0
-70.0
-70.0
-70.0
-70.0
-63.8956955865
-60.4365897522
-58.6799065932
-58.0032331447
-57.9971213041
-58.3935501563
-59.0182891291
0
-70.0
-70.0
-70.0
-70.0
-70.0
-70.0
-70.0
-70.0
-70.0
-70.0
-70.0
-70.0
-70.0
-63.9909809694
-60.5858701853
-58.8566080421
-58.1904971547
-58.1844807171
-58.5747214974
-59.1897085822
0
-70.0
-70.0
-70.0
-70.0
-70.0
-70.0
-70.0
-70.0
-70.0
-70.0
-70.0
-70.0
-70.0
-64.7087060936
-61.7103062133
-60.1875894114
-59.6010396832
-59.5957418568
-59.9393717658
-60.4809039856
-54.5328201623
0
-70.0
-70.0
-70.0
-70.0
-70.0
-70.0
-70.0
-70.0
-70.0
-70.0
-70.0
-70.0
-64.3583136622
-61.1613580708
-59.5378061136
-58.9124147355
-58.9067660841
-59.2731513571
-59.8505441424
0
-70.0
-70.0
-70.0
-70.0
-70.0
-70.0
-70.0
-70.0
-70.0
-70.0
-70.0
-70.0
-70.0
-64.3522315416
-61.1518294152
-59.5265271589
-58.9004615664
-58.8948068254
-59.2615870866
-59.8396023405
0
-70.0
-70.0
-70.0
-70.0
-70.0
-70.0
-70.0
-70.0
-70.0
-70.0
-70.0
-70.0
-70.0
-63.9033185908
-60.448532459
-58.6940430312
-58.0182146069
-58.0121103987
-58.4080441938
-59.0320029978
0
-70.0
-70.0
-70.0
-70.0
-70.0
-70.0
-70.0
-70.0
-70.0
-70.0
-70.0
-70.0
-70.0
-64.0459136775
-60.6719314281
-58.9584776976
-58.2984562026
-58.2924947656
-58.6791680778
-59.2885331293
0
-70.0
-70.0
-70.0
-70.0
-70.0
-70.0
-70.0
-70.0
-70.0
-70.0
-70.0
-70.0
-70.0
-64.3073845464
-61.0815691227
-59.4433608978
-58.8123239328
-58.8066242895
-59.1763170271
-59.7589221022
0
-70.0
-70.0
-70.0
-70.0
-70.0
-70.0
-70.0
-70.0
-70.0
-70.0
-70.0
-70.0
-70.0
-63.8905075458
-60.4284618217
-58.6702856599
-57.9930371075
-57.9869200724
-58.383685849
-59.0089557866
-55.366469247
-70.0
-70.0
-70.0
-70.0
-70.0
-70.0
-67.5904233556
-66.2249965904
-65.5315739783
-65.264467945
-65.2620553936
-65.4185393496
-65.6651450783
-59.3672973238
-55.9430120936
-54.357007219
0
-70.0
-70.0
-70.0
-70.0
-70.0
-70.0
-70.0
-70.0
-70.0
-70.0
-65.3046291188
-62.6439189527
-61.2926955547
-60.7722049974
-60.7675038297
-61.0724330015
-61.5529760712
-55.5325630215
0
-70.0
-70.0
-70.0
-70.0
-70.0
-70.0
-70.0
-70.0
-70.0
-70.0
-70.0
-70.0
-65.2768346577
-62.6003742971
-61.2411522708
-60.717580646
-60.7128516496
-61.0195858634
-61.5029735296
-55.4859339893
0
-70.0
-70.0
-70.0
-70.0
-70.0
-70.0
-70.0
-70.0
-70.0
-70.0
-70.0
-70.0
-64.3849332704
-61.2030621236
-59.587170698
-58.9647301528
-58.9591081539
-59.3237646827
-59.8984331106
0
-70.0
-70.0
-70.0
-70.0
-70.0
-70.0
-70.0
-70.0
-70.0
-70.0
-70.0
-70.0
-70.0
-64.6181873217
-61.5684934707
-60.0197273777
-59.423143476
-59.4177550191
-59.7672634443
-60.318059718
-54.3809624692
0
-70.0
-70.0
-70.0
-70.0
-70.0
-70.0
-70.0
-70.0
-70.0
-70.0
-70.0
-70.0
-64.477300772
-61.3477712095
-59.7584610983
-59.1462596617
-59.1407301443
-59.4993880957
-60.0646032634
-54.1446058995
0
-70.0
-70.0
-70.0
-70.0
-70.0
-70.0
-70.0
-70.0
-70.0
-70.0
-70.0
-70.0
-64.4693789193
-61.3353603069
-59.7437704625
-59.1306908739
-59.1251534248
-59.4843258413
-60.0503517631
-54.1313159017
0
-70.0
-70.0
-70.0
-70.0
-70.0
-70.0
-70.0
-70.0
-70.0
-70.0
-70.0
-70.0
-64.0380745872
-60.6596501866
-58.94394054
-58.2830500674
-58.2770807816
-58.664263184
-59.2744305194
0
-70.0
-70.0
-70.0
-70.0
-70.0
-70.0
-70.0
-70.0
-70.0
-70.0
-70.0
-70.0
-70.0
-63.9050409155
-60.4512307676
-58.6972369866
-58.0215994851
-58.0154970014
-58.4113189445
-59.0351014788
0
-70.0
-70.0
-70.0
-70.0
-70.0
-70.0
-70.0
-70.0
-70.0
-70.0
-70.0
-70.0
-70.0
-64.5079299055
-61.395756852
-59.8152611248
-59.2064549843
-59.2009561339
-59.5576249525
-60.1197054119
-54.1959904848
0
-70.0
-70.0
-70.0
-70.0
-70.0
-70.0
-70.0
-70.0
-70.0
-70.0
-70.0
-70.0
-63.9131557986
-60.4639440845
-58.7122855865
-58.0375476349
-58.031453276
-58.4267482182
-59.0497002429
-55.8328181826
-70.0
-70.0
-70.0
-70.0
-70.0
-70.0
-67.3482381311
-65.8455730721
-65.0824549343
-64.7885022204
-64.7858471848
-64.9580592572
-65.2294511921
-58.9609982909
-55.5678932738
-54.0131004878
0
-70.0
-70.0
-70.0
-70.0
-70.0
-70.0
-70.0
-70.0
-70.0
-70.0
-65.0391709438
-62.2280344786
-60.8004181168
-60.2505010292
-60.2455340757
-60.5677027677
-61.0754138907
-55.0872204123
0
-70.0
-70.0
-70.0
-70.0
-70.0
-70.0
-70.0
-70.0
-70.0
-70.0
-70.0
-70.0
-65.273931271
-62.5958256578
-61.2357681014
-60.7118746308
-60.7071427274
-61.0140654945
-61.4977503049
-55.4810631586
0
-70.0
-70.0
-70.0
-70.0
-70.0
-70.0
-70.0
-70.0
-70.0
-70.0
-70.0
-70.0
-64.3853014451
-61.2036389307
-59.5878534577
-58.9654537253
-58.959832095
-59.3244647137
-59.8990954611
0
-70.0
-70.0
-70.0
-70.0
-70.0
-70.0
-70.0
-70.0
-70.0
-70.0
-70.0
-70.0
-70.0
-64.6984330977
-61.6942118531
-60.1685387112
-59.5808502024
-59.5755420903
-59.9198391534
-60.4624227528
-54.5155857983
0
-70.0
-70.0
-70.0
-70.0
-70.0
-70.0
-70.0
-70.0
-70.0
-70.0
-70.0
-70.0
-64.3543878908
-61.1552076956
-59.5305259886
-58.9046994314
-58.8990468494
-59.2656870719
-59.8434816364
0
-70.0
-70.0
-70.0
-70.0
-70.0
-70.0
-70.0
-70.0
-70.0
-70.0
-70.0
-70.0
-70.0
-64.1127955331
-60.7767130019
-59.0825063831
-58.4298988657
-58.4240043931
-58.8063342298
-59.4088543241
0
-70.0
-70.0
-70.0
-70.0
-70.0
-70.0
-70.0
-70.0
-70.0
-70.0
-70.0
-70.0
-70.0
-64.2859245151
-61.047948407
-59.4035644619
-58.7701486127
-58.7644274828
-59.1355138888
-59.7203152694
0
-70.0
-70.0
-70.0
-70.0
-70.0
-70.0
-70.0
-70.0
-70.0
-70.0
-70.0
-70.0
-70.0
-63.9022103573
-60.4467962265
-58.6919878738
-58.0160365997
-58.0099312819
-58.4059370485
-59.0300092735
0
-70.0
-70.0
-70.0
-70.0
-70.0
-70.0
-70.0
-70.0
-70.0
-70.0
-70.0
-70.0
-70.0
-64.0730927338
-60.7145119496
-59.0088797474
-58.3518711012
-58.3459368767
-58.7308451128
-59.3374285507
0
-70.0
-70.0
-70.0
-70.0
-70.0
-70.0
-70.0
-70.0
-70.0
-70.0
-70.0
-70.0
-70.0
-63.9032695352
-60.4484556052
-58.6939520603
-58.0181181981
-58.0120139408
-58.4079509217
-59.0319147462
0
-70.0
-70.0
-70.0
-70.0
-70.0
-70.0
-70.0
-70.0
-70.0
-70.0
-70.0
-70.0
-70.0
-64.067694085
-60.7060540665
-58.9988682531
-58.3412611567
-58.335321527
-58.7205803649
-59.3277163221
0
-70.0
-70.0
-70.0
-70.0
-70.0
-70.0
-70.0
-70.0
-70.0
-70.0
-70.0
-70.0
-70.0
-64.5651870279
-61.4854596771
-59.9214412774
-59.318982195
-59.3135406723
-59.6664910697
-60.2227116058
-54.2920471848
0
-70.0
-70.0
-70.0
-70.0
-70.0
-70.0
-70.0
-70.0
-70.0
-70.0
-70.0
-70.0
-64.4872305827
-61.3633279129
-59.7768753806
-59.1657746818
-59.1602551065
-59.5182681911
-60.0824671022
-54.161264523
0
-70.0
-70.0
-70.0
-70.0
-70.0
-70.0
-70.0
-70.0
-70.0
-70.0
-70.0
-70.0
-64.0170327544
-60.6266846486
-58.9049196301
-58.2416966314
-58.2357062778
-58.6242551897
-59.2365760305
0
-70.0
-70.0
-70.0
-70.0
-70.0
-70.0
-70.0
-70.0
-70.0
-70.0
-70.0
-70.0
-70.0
-64.2284548985
-60.9579126744
-59.2969902507
-58.6572037882
-58.6514251177
-59.0262437449
-59.6169267963
0
-70.0
-70.0
-70.0
-70.0
-70.0
-70.0
-70.0
-70.0
-70.0
-70.0
-70.0
-70.0
-70.0
-63.9330161234
-60.4950585934
-58.7491154556
-58.0765790577
-58.0705045837
-58.4645097465
-59.085429186
0
-70.0
-70.0
-70.0
-70.0
-70.0
-70.0
-70.0
-70.0
-70.0
-70.0
-70.0
-70.0
-70.0
-64.6275076383
-61.5830953
-60.0370113871
-59.4414606597
-59.4360815347
-59.7849846751
-60.3348270702
-54.3965985826
0
-70.0
-70.0
-70.0
-70.0
-70.0
-70.0
-70.0
-70.0
-70.0
-70.0
-70.0
-70.0
-65.442558804
-62.860008793
-61.5484784932
-61.043277697
-61.0387146293
-61.3346863011
-61.8011130941
-55.7639590443
0
-70.0
-70.0
-70.0
-70.0
-70.0
-70.0
-70.0
-70.0
-70.0
-70.0
-70.0
-70.0
-64.3462446782
-61.1424499958
-59.5154248532
-58.8886956058
-58.8830348705
-59.2502039337
-59.8288319071
0
-70.0
-70.0
-70.0
-70.0
-70.0
-70.0
-70.0
-70.0
-70.0
-70.0
-70.0
-70.0
-70.0
-64.5973152879
-61.535793951
-59.9810213505
-59.3821237452
-59.3767143905
-59.727578298
-60.2805106993
-54.345946761
0
-70.0
-70.0
-70.0
-70.0
-70.0
-70.0
-70.0
-70.0
-70.0
-70.0
-70.0
-70.0
-64.8382928921
-61.913325531
-60.4279009299
-59.8557161383
-59.8505480587
-60.1857622757
-60.7140320633
-54.7502198447
0
-70.0
-70.0
-70.0
-70.0
-70.0
-70.0
-70.0
-70.0
-70.0
-70.0
-70.0
-70.0
-64.5141651843
-61.4055254554
-59.8268241028
-59.2187091546
-59.2132165471
-59.5694804311
-60.1309227471
-54.2064510227
0
-70.0
-70.0
-70.0
-70.0
-70.0
-70.0
-70.0
-70.0
-70.0
-70.0
-70.0
-70.0
-65.0398287588
-62.2290650554
-60.8016379982
-60.2517938306
-60.2468275357
-60.5689535076
-61.0765973071
-55.0883239875
0
-70.0
-70.0
-70.0
-70.0
-70.0
-70.0
-70.0
-70.0
-70.0
