-63.62225625
-57.882286875
-54.8422290208
0
-70.0
-70.0
-70.0
-70.0
-70.0
-70.0
-70.0
-70.0
-70.0
-70.0
-70.0
-70.0
-70.0
-70.0
-70.0
-70.0
-70.0
-70.0
-70.0
-70.0
-70.0
-70.0
-70.0
-70.0
-70.0
-70.0
-70.0
-70.0
-70.0
-70.0
-67.4461741116
-68.5688028751
-70.0
-70.0
-70.0
-70.0
-64.8129808331
-59.7505116386
-57.0546797339
-55.8686912666
-55.6281418107
-57.880052511
-64.462837302
-70.0
-70.0
-70.0
-70.0
-70.0
-70.0
-70.0
-70.0
-70.0
-70.0
-70.0
-70.0
-70.0
-70.0
-70.0
-70.0
-70.0
-70.0
-70.0
-66.1240068105
-63.9276106698
-59.2751929075
-56.8412358199
-55.8194870399
-55.6791215373
-56.2590112407
-60.2995245367
-68.7071364688
-70.0
-70.0
-70.0
-70.0
-70.0
-70.0
-70.0
-70.0
-70.0
-70.0
-70.0
-70.0
-70.0
-70.0
-70.0
-70.0
-70.0
-70.0
-70.0
-70.0
-70.0
-70.0
-70.0
-70.0
-70.0
-70.0
-70.0
-70.0
-70.0
-70.0
-70.0
-70.0
-70.0
-64.5567028826
-61.4721678494
-59.9057079012
-59.3023083355
-59.4948634698
-61.8365332523
-69.924909802
-70.0
-70.0
-70.0
-70.0
-70.0
-70.0
-70.0
-70.0
-70.0
-70.0
-70.0
-70.0
-70.0
-70.0
-69.0613814042
-70.0
-70.0
-67.5526282893
-66.3224576996
-62.1722803669
-59.943097955
-58.9408185761
-58.7080903295
-58.9448503706
0
-70.0
-70.0
-70.0
-70.0
-70.0
-70.0
-69.6157069676
-69.3979409159
-69.2873499211
-69.2447503268
-69.2443655593
-69.2693225135
-69.3086526022
-70.0
-69.7482147482
-70.0
-70.0
-70.0
-70.0
-70.0
-70.0
-70.0
-70.0
-70.0
-70.0
-70.0
-70.0
-70.0
-70.0
-70.0
-68.6781855794
-65.8115990743
-62.1137022022
-60.1578406721
-59.3123957317
-59.1613822431
-59.4320614085
-54.4306247825
0
-70.0
-70.0
-70.0
-70.0
-70.0
-70.0
-70.0
-70.0
-65.358028748
-62.7275783719
-61.3917222004
-60.8771510909
-60.8725033888
-64.0256009591
-70.0
-70.0
-70.0
-70.0
-70.0
-70.0
-70.0
-70.0
-70.0
-70.0
-70.0
-70.0
-70.0
-70.0
-70.0
-70.0
-70.0
-70.0
-70.0
-66.635496379
-64.728944327
-63.7607149517
-58.9263115966
-56.3947925303
-55.3293880062
-55.1791656915
-55.583060113
-63.05893525
-65.4583887299
-69.5158397621
-70.0
-70.0
-70.0
-70.0
-70.0
-70.0
-64.2242978402
-60.9513999496
-55.7690589948
-54.0879789402
-54.5098101214
-59.0965032033
-63.0015200961
-66.0629267789
-68.0310065625
-69.2774875473
-64.2726344193
-61.4606347286
-60.0580804232
-59.5479451592
-57.2055162307
-61.3564586477
-66.2595198574
-65.5387895993
-65.2550584578
-65.2429844909
-65.3943072945
-65.6386240668
-65.9305933279
-66.2414217737
-66.553204782
-66.855167761
-67.1411732896
-70.0
-70.0
-70.0
-70.0
-70.0
-70.0
-70.0
-70.0
-70.0
-70.0
-70.0
-70.0
-70.0
-70.0
-70.0
-70.0
-70.0
-70.0
-70.0
-70.0
-70.0
-70.0
-70.0
-64.8122973444
-61.8725991729
-56.8635182837
-54.2959524741
0
-70.0
-70.0
-70.0
-70.0
-70.0
-70.0
-70.0
-70.0
-70.0
-65.6457467716
-63.1783366088
-61.9252792909
-56.9946912617
-54.4698487355
0
-70.0
-70.0
-70.0
-70.0
-70.0
-70.0
-70.0
-70.0
-65.9498536427
-63.6547707069
-62.4892285885
-62.0402623645
-62.036207218
-62.2992338894
-63.6801367016
-69.0295656266
-70.0
-70.0
-70.0
-70.0
-70.0
-70.0
-70.0
-70.0
-70.0
-70.0
-70.0
-70.0
-70.0
-70.0
-68.1749612532
-69.3047843983
-70.0
-70.0
-70.0
-70.0
-70.0
-70.0
-70.0
-70.0
-70.0
-70.0
-66.2074573399
-70.0
-70.0
-70.0
-70.0
-70.0
-66.22886254
-64.091884646
-63.0066350881
-62.588597517
-62.5848217238
-62.8297288571
-63.2156821752
-63.6733980935
-64.9267547088
-70.0
-70.0
-70.0
-70.0
-70.0
-70.0
-70.0
-70.0
-70.0
-64.6364578004
-59.4956370122
-56.7612899723
-55.5619720826
0
-70.0
-70.0
-70.0
-70.0
-70.0
-70.0
-68.5909018544
-67.7924129052
-67.3869057722
-62.8012658602
-60.2898397176
-59.1066560415
-54.3304185279
0
-70.0
-70.0
-70.0
-70.0
-70.0
-70.0
-70.0
-70.0
-70.0
-70.0
-70.0
-70.0
-70.0
-70.0
-70.0
-70.0
-70.0
-70.0
-70.0
-70.0
-70.0
-70.0
-70.0
-70.0
-70.0
-70.0
-70.0
-70.0
-70.0
-70.0
-70.0
-70.0
-70.0
-70.0
-70.0
-70.0
-70.0
-70.0
-70.0
-70.0
-70.0
-70.0
-63.8597731163
-61.936537321
-68.6177823423
-70.0
-70.0
-70.0
-70.0
-70.0
-70.0
-70.0
-64.8526048243
-61.9357475581
-60.4544416132
-59.8838433257
-54.8393714816
0
-70.0
-70.0
-70.0
-70.0
-70.0
-70.0
-68.0038832751
-66.8727504643
-66.298312429
-66.0770391935
-66.0750406124
-66.2046734434
-66.4089640272
-66.8462250829
-70.0
-70.0
-70.0
-70.0
-70.0
-70.0
-70.0
-66.226618712
-64.0883693155
-63.0024740338
-62.5841877302
-62.5804096905
-62.8254625436
-57.4918701268
-54.7086523391
-55.3365732353
-64.2625923473
-70.0
-70.0
-70.0
-70.0
-70.0
-70.0
-70.0
-70.0
-70.0
-70.0
-70.0
-70.0
-70.0
-70.0
-70.0
-70.0
-70.0
-70.0
-70.0
-70.0
-70.0
-70.0
-70.0
-70.0
-70.0
-70.0
-70.0
-70.0
-65.421047036
-65.8018766676
-70.0
-70.0
-70.0
-70.0
-70.0
-70.0
-65.8568819528
-63.5091150593
-62.3168177546
-61.8575454467
-61.8533972137
-56.688921358
-54.033938466
-54.763439521
-65.2459159646
-70.0
-70.0
-70.0
-70.0
-70.0
-65.9862829361
-63.7118432665
-62.5567846892
-57.7128509328
-55.2160623146
-54.2107870665
-54.1339290154
-54.6166832175
-57.0086038997
-57.3198748007
-62.9568651407
-69.5171380408
-70.0
-70.0
-70.0
-65.5734336326
-63.0650460243
-61.7911785919
-56.9037887535
-54.4078952253
0
-70.0
-70.0
-70.0
-70.0
-70.0
-70.0
-70.0
-70.0
-70.0
-70.0
-70.0
-70.0
-70.0
-70.0
-70.0
-70.0
-70.0
-70.0
-70.0
-70.0
-70.0
-70.0
-70.0
-70.0
-70.0
-70.0
-70.0
-63.9478820352
-60.7043890112
-59.650226047
-70.0
-70.0
-70.0
-70.0
-70.0
-70.0
-70.0
-70.0
-70.0
-65.1157022787
-62.3479335699
-60.9423412256
-60.4009077782
-60.3960174505
-60.9172758481
-63.3502832433
-68.2021431202
-70.0
-70.0
-70.0
-70.0
-70.0
-66.949265748
-65.2205163385
-64.3425828148
-59.619159292
-57.1311332019
-56.0672797744
-55.8933917255
-56.4587905801
-59.6258779589
-64.6000296622
-70.0
-70.0
-70.0
-70.0
-65.8564772929
-63.5084810922
-62.3160673354
-61.8567501701
-56.853464572
-54.2897110608
0
-70.0
-70.0
-70.0
-70.0
-70.0
-70.0
-70.0
-68.7901728357
-68.1046041093
-64.2991840559
-60.1316040136
-57.9600025212
-57.058374875
-56.9487857914
-57.3180728149
-57.9623759352
-56.6931234981
-66.2380943459
-70.0
-70.0
-70.0
-70.0
-70.0
-65.9855832566
-63.710747102
-62.5554871725
-62.1104816424
-62.1064622696
-62.3671685703
-62.778020065
-65.4352832817
-70.0
-70.0
-70.0
-70.0
-70.0
-70.0
-70.0
-70.0
-70.0
-70.0
-70.0
-70.0
-70.0
-70.0
-70.0
-70.0
-70.0
-70.0
-70.0
-70.0
-70.0
-70.0
-70.0
-64.7049826959
-61.7044728902
-60.1806845771
-59.5937221033
-59.588420549
-60.1307796833
-60.9861638677
-62.7946605854
-70.0
-70.0
-70.0
-70.0
-70.0
-70.0
-70.0
-70.0
-64.8860088321
-59.9164596702
-57.2708481841
-56.107786353
-55.8730230426
-57.6312348097
-62.5133837535
-68.0933881128
-70.0
-66.4377106173
-64.4190799671
-63.3939322447
-62.9990458698
-58.2060732673
-55.7234205969
-55.1050117524
0
-70.0
-70.0
-70.0
-70.0
-70.0
-70.0
-69.5706628351
-69.327371775
-69.2038180798
-69.15622526
-69.1557953928
-69.183677626
-63.568963155
-60.4145023673
-61.473150088
-68.9117216503
-70.0
-70.0
-67.7156450293
-66.4211772125
-65.7637906154
-65.5105656366
-65.5082784614
-65.6566302076
-65.8904202484
-66.1676802646
-66.4617802655
-68.3420934755
-70.0
-70.0
-70.0
-70.0
-70.0
-70.0
-70.0
-70.0
-70.0
-70.0
-70.0
-64.1827351251
-60.8862850293
-59.2122054709
-55.7916224943
-57.34817788
-63.1610521173
-67.0845591107
-69.6791141142
-70.0
-70.0
-70.0
-64.6684953373
-61.6473093617
-60.1130207976
-59.5220136326
-59.5166755459
-60.0676754719
-63.7652391258
-70.0
-70.0
-70.0
-70.0
-70.0
-70.0
-70.0
-70.0
-70.0
-70.0
-70.0
-70.0
-70.0
-70.0
-70.0
-70.0
-70.0
-70.0
-70.0
-65.9543243588
-63.8582302774
-62.8052994859
-62.4133643615
-57.459549089
-55.1108004617
-54.8091632846
-56.7669387131
-61.0428356356
-66.9392454147
-65.874853434
-65.3737231311
-65.2272541783
-65.298464334
-65.497908283
-65.7676443763
-66.070564553
-66.3832978406
-66.6914945519
-67.1896478944
-70.0
-70.0
-70.0
-70.0
-70.0
-68.1784186311
-67.1461891888
-66.6219785504
-62.0637179287
-59.5933042913
-58.4579459659
-58.1614661051
-58.3781959851
-58.8956273803
-61.3820793313
-70.0
-70.0
-70.0
-70.0
-69.3051985334
-68.9114777023
-68.7115292802
-68.634509251
-68.6338135917
-68.6789357431
-68.7500445092
-68.8343749518
-68.9238273857
-69.5991990436
-70.0
-70.0
-70.0
-70.0
-70.0
-69.2865164451
-68.8822090973
-68.6768843854
-68.597793412
-68.5970790476
-68.6434144608
-68.7164352266
-62.9747721846
-59.7639486199
-58.1786561938
-59.653194684
-65.805871965
-70.0
-70.0
-70.0
-70.0
-70.0
-70.0
-70.0
-70.0
-70.0
-70.0
-70.0
-70.0
-70.0
-70.0
-70.0
-70.0
-70.0
-70.0
-70.0
-70.0
-70.0
-70.0
-70.0
-70.0
-70.0
-70.0
-70.0
-70.0
-70.0
-70.0
-70.0
-70.0
-70.0
-70.0
-70.0
-70.0
-70.0
-70.0
-70.0
-70.0
-70.0
-70.0
-64.6420021314
-61.6058033391
-60.0638906191
-59.4699466332
-61.8591799909
-67.3939766192
-70.0
-70.0
-70.0
-70.0
-70.0
-70.0
-70.0
-70.0
-70.0
-70.0
-70.0
-70.0
-70.0
-70.0
-70.0
-70.0
-70.0
-69.2665221921
-69.008159999
-68.8862040166
-64.5034737423
-62.0570531197
-60.8539656421
-60.4369809675
-60.5055574638
-60.8631847794
-55.7477323201
0
-70.0
-70.0
-70.0
-70.0
-70.0
-70.0
-70.0
-66.6530390763
-64.7564278862
-63.7932469093
-63.4222300928
-63.4188789998
-58.2805375137
-55.5881813716
-54.861599476
-55.3293002991
-58.1545716389
-67.6389390003
-70.0
-70.0
-70.0
-70.0
-70.0
-65.9956578272
-63.7265305959
-62.5741699039
-62.1302811586
-62.1262718728
-62.3863239056
-62.7961443284
-63.4873553443
-64.7341674918
-70.0
-70.0
-70.0
-70.0
-70.0
-69.9426738515
-69.910189034
-69.8936918423
-69.8873371326
-69.8872797357
-69.8910026397
-69.8968696274
-64.1000330176
-60.8185966177
-59.1557815572
-60.3693743763
-64.1624746279
-70.0
-70.0
-70.0
-70.0
-70.0
-66.5796900318
-64.6415143832
-63.6572251812
-58.9450175336
-54.4336902773
0
-70.0
-70.0
-70.0
-70.0
-70.0
-70.0
-70.0
-70.0
-68.6540854116
-67.8914004782
-67.5040761689
-67.3548790443
-67.3535314681
-67.4409385401
-67.578684832
-67.7420431127
-67.9153233107
-69.1085105994
-70.0
-70.0
-70.0
-70.0
-70.0
-70.0
-66.6963407116
-64.8242671148
-63.8735473862
-63.5073306362
-58.5702395264
-55.9889768763
-54.9072533904
-55.176839073
-58.0893509693
-62.9067559202
-66.449417359
-70.0
-70.0
-70.0
-70.0
-70.0
-70.0
-70.0
-70.0
-70.0
-70.0
-70.0
-70.0
-67.1373658392
-65.5152064814
-61.2766557202
-59.0243034061
-58.0387485707
-57.8461240505
-58.3419411821
-61.4878368193
-69.9934058127
-70.0
-70.0
-70.0
-70.0
-70.0
-70.0
-65.1525087109
-62.4055969804
-61.0105967094
-56.1484958694
0
-70.0
-70.0
-70.0
-70.0
-70.0
-70.0
-70.0
-68.6567571389
-67.8955861842
-67.5090307387
-63.0411087152
-60.5923185439
-56.0268803508
0
-70.0
-70.0
-70.0
-70.0
-70.0
-70.0
-70.0
-70.0
-70.0
-65.2868073266
-62.615998145
-61.2596460312
-60.7371798953
-61.1628150169
-66.045629902
-70.0
-70.0
-70.0
-70.0
-70.0
-70.0
-70.0
-70.0
-70.0
-70.0
-64.1984916766
-61.129244663
-63.8759534009
-70.0
-70.0
-70.0
-70.0
-70.0
-70.0
-70.0
-70.0
-70.0
-70.0
-70.0
-64.1498269274
-58.9969752757
-58.1158627954
-64.777543076
-70.0
-70.0
-70.0
-70.0
-70.0
-70.0
-70.0
-70.0
-70.0
-70.0
-70.0
-70.0
-70.0
-70.0
-70.0
-70.0
-70.0
-70.0
-70.0
-70.0
-70.0
-70.0
-65.8634314918
-63.5193760038
-62.3289635109
-61.8704172315
-61.8662755561
-62.134914699
-62.5582676948
-63.4638663638
-67.9462012408
-70.0
-70.0
-70.0
-69.912504055
-69.8629230196
-69.837743631
-69.8280445434
-69.8279569395
-69.8336391458
-69.8425938314
-69.853213515
-69.864478208
-70.0
-70.0
-67.1490577767
-70.0
-70.0
-70.0
-70.0
-69.5866936233
-69.3524866765
-69.2335462859
-69.1877305087
-69.187316692
-63.9095131054
-60.9458471833
-59.4694527239
-54.6356094065
0
-70.0
-70.0
-70.0
-70.0
-70.0
-70.0
-70.0
-70.0
-70.0
-70.0
-64.9012197426
-62.01191093
-57.1555501393
-54.6698819935
0
-70.0
-70.0
-70.0
-70.0
-70.0
-70.0
-66.8770590851
-63.0761092334
-61.0263356812
-60.0955936939
-59.8672953784
-60.8891162756
-68.5249053233
-70.0
-70.0
-70.0
-70.0
-68.1056616948
-65.0017074885
-63.3059447152
-59.1274625051
-56.9827910955
-56.1298952133
0
-70.0
-70.0
-70.0
-70.0
-70.0
-70.0
-67.3891035477
-65.9095955581
-65.1582375791
-65.4973312504
-66.2696788947
-68.7504039271
-70.0
-70.0
-70.0
-67.1962584016
-65.6074714958
-64.8006169692
-64.4898170209
-64.4870098179
-64.6690918355
-64.9560379848
-65.2963377416
-65.8657122848
-70.0
-70.0
-70.0
-70.0
-70.0
-68.8832860771
-68.2504815208
-64.5479823891
-60.4795366221
-56.3271377328
-54.2914604749
0
-70.0
-70.0
-70.0
-70.0
-70.0
-70.0
-70.0
-70.0
-70.0
-70.0
-70.0
-70.0
-70.0
-70.0
-70.0
-70.0
-70.0
-66.5160510159
-69.9403263122
-70.0
-70.0
-70.0
-70.0
-70.0
-70.0
-70.0
-65.030001334
-62.2136687565
-60.7834135849
-55.9593624364
0
-70.0
-70.0
-70.0
-70.0
-70.0
-70.0
-70.0
-70.0
-70.0
-66.4920903088
-62.4836008587
-60.3290538268
-59.35869048
-59.1311827893
-59.3569720819
-59.8472132547
-64.4649993519
-70.0
-70.0
-70.0
-70.0
-70.0
-70.0
-70.0
-70.0
-70.0
-70.0
-64.4109498284
-61.2438213978
-59.6354169595
-59.2309650554
-62.5260308922
-70.0
-70.0
-70.0
-70.0
-70.0
-70.0
-70.0
-70.0
-70.0
-70.0
-70.0
-70.0
-70.0
-70.0
-70.0
-70.0
-70.0
-70.0
-70.0
-70.0
-70.0
-70.0
-70.0
-70.0
-70.0
-70.0
-64.6969581724
-62.3112257226
-61.5390810628
-65.1236149276
-68.4727083732
-70.0
-70.0
-70.0
-70.0
-64.7171803938
-61.723582617
-60.2033045304
-60.0482329862
-61.1359589261
-64.444056861
-66.746330602
-70.0
-70.0
-69.1919829604
-68.734106638
-68.5015772899
-68.4120071048
-68.4111980902
-68.4636727451
-68.5463684465
-68.6444402525
-68.748468661
-68.8526034174
-63.8495837565
-62.0179453263
-64.2729269168
-67.6068011241
-69.8931683887
-70.0
-70.0
-70.0
-70.0
-70.0
-70.0
-70.0
-70.0
-70.0
-70.0
-70.0
-70.0
-70.0
-65.0490582107
-62.2435245301
-60.8187535041
-60.2699324383
-61.951380217
-70.0
-70.0
-70.0
-70.0
-70.0
-68.130293881
-67.0707937469
-66.5327338749
-62.071012841
-59.6582797926
-58.5553639705
-58.2751023449
-58.4977752914
-59.0147865496
-59.9105341062
-62.6983217621
-69.2584684075
-70.0
-70.0
-70.0
-70.0
-70.0
-70.0
-70.0
-64.5200471068
-59.3994696339
-56.6804741624
-55.7080843897
-57.1116761766
-62.3770504084
-70.0
-70.0
-70.0
-70.0
-70.0
-70.0
-70.0
-70.0
-70.0
-70.0
-70.0
-70.0
-70.0
-70.0
-70.0
-70.0
-70.0
-70.0
-70.0
-70.0
-70.0
-65.3221883755
-62.671428455
-61.3252582209
-60.8067141397
-55.9537703292
0
-70.0
-70.0
-70.0
-70.0
-70.0
-70.0
-70.0
-70.0
-70.0
-70.0
-70.0
-70.0
-70.0
-70.0
-64.2394474819
-59.6001679535
-59.0764301087
-65.2759006156
-70.0
-70.0
-70.0
-70.0
-70.0
-66.272001322
-62.1506291544
-59.9394515487
-58.9480966004
-58.7216804113
-54.125679391
0
-70.0
-70.0
-70.0
-70.0
-70.0
-70.0
-70.0
-70.0
-70.0
-70.0
-67.0207464862
-63.3274476201
-61.333886713
-60.4266206117
-60.2013735972
-60.3928462686
-60.8279683291
-62.0106590033
-60.7125720233
-67.2912213239
-70.0
-70.0
-70.0
-70.0
-67.7600352589
-66.4907219056
-65.84610983
-65.5978055904
-65.5955628603
-65.7410317935
-60.4882819325
-57.6536892848
-56.3644773867
-57.5291318327
-67.8596233237
-70.0
-70.0
-70.0
-70.0
-70.0
-67.0586884309
-65.3919452084
-64.5455011013
-64.219451267
-64.2165063242
-59.1946773936
-54.5406178721
0
-70.0
-70.0
-70.0
-70.0
-70.0
-70.0
-70.0
-70.0
-70.0
-70.0
-70.0
-65.5111304896
-62.9674377671
-61.6756408746
-61.1780413767
-61.5918358057
-63.4144873325
-69.2755290058
-70.0
-70.0
-70.0
-70.0
-70.0
-70.0
-70.0
-70.0
-70.0
-70.0
-70.0
-70.0
-65.6164240037
-69.551412604
-70.0
-70.0
-70.0
-70.0
-70.0
-70.0
-70.0
-70.0
-70.0
-70.0
-70.0
-70.0
-70.0
-70.0
-70.0
-70.0
-70.0
-70.0
-70.0
-70.0
-70.0
-70.0
-70.0
-70.0
-70.0
-70.0
-70.0
-70.0
-70.0
-70.0
-70.0
-70.0
-70.0
-70.0
-70.0
-70.0
-70.0
-70.0
-70.0
-70.0
-70.0
-70.0
-70.0
-70.0
-70.0
-70.0
-70.0
-70.0
-70.0
-64.9040132624
-62.0162874444
-60.5497757055
-59.9848761386
-60.4085352359
-64.8917454249
-70.0
-70.0
-70.0
-70.0
-70.0
-70.0
-70.0
-70.0
-64.5300826113
-61.4304627577
-59.8563420869
-59.2499916149
-60.09243242
-56.3742001209
-58.2154495166
-61.4072849063
-64.0351045041
-61.009393088
-59.4936531353
-59.3649550513
-59.853007142
-61.1208311956
-63.6923015849
-63.0321372484
-62.6491370124
-63.955934539
-65.55319899
-66.6597843609
-62.6354229412
-58.472589908
-56.3591370911
-55.5457608313
-55.5395430477
0
-70.0
-70.0
-70.0
-70.0
-70.0
-70.0
-70.0
-70.0
-70.0
-70.0
-65.1879159555
-62.4610683303
-61.0762574775
-60.5428290499
-60.7573948617
-63.8256823643
-70.0
-70.0
-70.0
-70.0
-70.0
-70.0
-70.0
-70.0
-70.0
-64.6218490598
-61.5742301937
-60.0265178676
-59.4303398763
-59.8607267786
-61.7402476151
-62.4138927026
-67.8077294142
-70.0
-70.0
-70.0
-70.0
-70.0
-70.0
-70.0
-70.0
-70.0
-70.0
-70.0
-64.1761785241
-61.976088441
-63.5016303207
-68.5751417013
-70.0
-70.0
-70.0
-70.0
-70.0
-70.0
-70.0
-70.0
-70.0
-70.0
-70.0
-70.0
-70.0
-70.0
-70.0
-70.0
-68.1631300248
-67.1222370388
-66.5936266792
-66.3900062409
-66.3881671032
-66.5074580504
-66.6954506838
-66.9183979076
-61.4254421912
-59.2949139135
-59.2342999633
-60.3896589438
-63.994638731
-70.0
-70.0
-70.0
-70.0
-70.0
-70.0
-70.0
-70.0
-70.0
-64.8481812057
-59.9427495139
-57.3347321817
-56.1920973763
-55.9667799138
-56.2993634393
-58.5313971959
-65.7530171291
-70.0
-70.0
-70.0
-70.0
-70.0
-70.0
-70.0
-70.0
-70.0
-70.0
-64.3209623121
-61.1028409557
-59.4685401099
-55.0846494346
-54.2437532881
-60.1643484217
-68.9829326213
-70.0
-70.0
-70.0
-70.0
-70.0
-70.0
-70.0
-70.0
-70.0
-70.0
-70.0
-70.0
-70.0
-70.0
-70.0
-70.0
-70.0
-70.0
-70.0
-70.0
-70.0
-70.0
-70.0
-70.0
-70.0
-70.0
-70.0
-64.3790545133
-63.1736578937
-68.4206495393
-70.0
-70.0
-70.0
-70.0
-70.0
-70.0
-70.0
-70.0
-70.0
-64.3495426154
-61.3696566199
-60.3157001468
-60.8522075176
-67.7935259984
-70.0
-70.0
-70.0
-70.0
-70.0
-70.0
-70.0
-70.0
-70.0
-64.3150236729
-61.0935370876
-59.4575272335
-60.1386119047
-67.0244691447
-70.0
-70.0
-70.0
-70.0
-70.0
-70.0
-70.0
-70.0
-64.9647372415
-60.131982095
-57.5612629373
-56.4334560114
-56.6350861376
-63.3059295918
-70.0
-70.0
-70.0
-70.0
-70.0
-70.0
-65.8337140871
-63.4728187365
-62.2738542349
-61.8120137261
-61.8078422966
-62.0784113624
-57.0918916189
-54.7371926009
-55.8188175633
-62.0701901759
-64.3857031796
-67.0685323721
-68.7759454752
-69.8411951546
-70.0
-70.0
-70.0
-70.0
-70.0
-70.0
-64.2275816873
-62.0367533799
-60.5506916476
-69.8468760412
-70.0
-70.0
-70.0
-70.0
-67.1743293453
-65.5731159743
-64.7599507526
-64.4467199278
-64.4438907686
-64.6273969142
-64.916587371
-65.2595487328
-65.6233405921
-66.4235100463
-65.8033670544
-70.0
-70.0
-70.0
-70.0
-70.0
-70.0
-70.0
-70.0
-64.7468693597
-61.7700953302
-60.2583610682
-59.6760418087
-55.1504857282
-60.8808000457
-70.0
-70.0
-70.0
-70.0
-70.0
-70.0
-70.0
-70.0
-70.0
-70.0
-64.5106269236
-61.3999821802
-59.8202625949
-59.8909204182
-58.4497608186
-64.9602791038
-70.0
-70.0
-70.0
-70.0
-70.0
-70.0
-70.0
-70.0
-70.0
-64.4187623627
-61.256061035
-59.6499048705
-60.572889762
-65.1422628521
-70.0
-70.0
-70.0
-70.0
-70.0
-70.0
-70.0
-70.0
-65.0920342354
-62.3108536354
-60.8984501542
-60.3543930604
-60.3494790354
-55.5438642025
0
-70.0
-70.0
-70.0
-70.0
-70.0
-70.0
-70.0
-70.0
-70.0
-65.8404764725
-63.4834131403
-62.2863947029
-61.8253038171
-61.8211391584
-62.0912690578
-57.3565954797
-57.8060128301
-70.0
-70.0
-70.0
-70.0
-70.0
-70.0
-70.0
-70.0
-70.0
-65.3948298358
-62.7852334095
-58.1934226345
-55.8318887483
-54.8872387917
-54.8242075246
-55.9685131168
-62.4091916053
-70.0
-70.0
-70.0
-70.0
-70.0
-70.0
-70.0
-70.0
-70.0
-64.7702678527
-61.8067529693
-60.3017522736
-59.7220267804
-60.8267157901
-68.5433890714
-70.0
-70.0
-70.0
-70.0
-70.0
-66.934728013
-65.1977405536
-64.3156233929
-63.9758323167
-63.9727632605
-64.171829718
-64.4855419353
-64.8575845345
-65.2522239428
-68.769857958
-70.0
-70.0
-70.0
-70.0
-70.0
-70.0
-70.0
-66.6304109408
-64.7209771406
-63.7512842891
-63.3777591019
-63.3743853529
