-67.85
-65.915
-64.1735
-62.60615
-62.015535
-61.2106481667
-60.3040277944
-59.366587978
-58.4419044888
-56.735697579
-55.4374501805
0
-70.0
-70.0
-70.0
-70.0
-70.0
-70.0
-70.0
-70.0
-70.0
-70.0
-70.0
-70.0
-70.0
-70.0
-70.0
-70.0
-70.0
-70.0
-69.372489529
-68.3002335954
-66.9968722488
-65.5982930325
-64.1892024016
-62.8207746097
-61.5223587809
-60.3092306576
-59.1877127617
-58.1585449321
-57.2190927366
-56.3647849948
-56.4100408498
-56.1735263345
-55.7758334142
-55.2946898815
-59.8595140992
-70.0
-70.0
-70.0
-70.0
-70.0
-70.0
-70.0
-70.0
-70.0
-70.0
-70.0
-69.3673819346
-68.2922316975
-66.9874004987
-65.5882550961
-64.1791593514
-63.6310632595
-62.797836829
-62.6413064098
-62.0760112779
-61.2843004895
-60.3831306668
-59.4463244177
-59.3393631876
-58.9138743433
-58.3114518919
-57.6229500247
-56.9057505702
-56.1952392118
-70.0
-70.0
-70.0
-70.0
-70.0
-70.0
-70.0
-70.0
-70.0
-70.0
-70.0
-70.0
-70.0
-70.0
-69.6898408543
-67.9774173384
-67.1207159842
-65.9860046389
-64.7223110104
-64.243351133
-63.4311968354
-62.4461976957
-61.3903249554
-60.3271238126
-59.2949656666
-58.3158385901
-57.4011677245
-56.5556596143
-55.7798327611
-55.0716755571
-55.3277253828
-68.573764432
-70.0
-70.0
-70.0
-70.0
-70.0
-70.0
-70.0
-70.0
-70.0
-70.0
-70.0
-70.0
-69.8589131074
-68.2422972016
-66.6142510847
-65.0336150451
-63.5341129198
-62.1332745473
-60.8383290389
-58.8300840992
-57.2808009988
-55.2385377719
0
-70.0
-70.0
-70.0
-70.0
-67.1403872152
-64.8032733038
-70.0
-70.0
-70.0
-70.0
-70.0
-70.0
-70.0
-70.0
-70.0
-70.0
-70.0
-70.0
-70.0
-70.0
-69.5326451361
-68.5511440466
-68.1138719246
-67.1977129206
-66.0247604209
-65.5568302404
-64.707511124
-63.6576692834
-62.5225085363
-61.3739951368
-60.2557539259
-59.1929507351
-58.1988371295
-57.2790743951
-55.6145809413
-54.378732171
0
-70.0
-70.0
-70.0
-70.0
-70.0
-70.0
-70.0
-70.0
-70.0
-70.0
-70.0
-70.0
-70.0
-69.8306184237
-69.0179688638
-67.8464468324
-66.4986520524
-65.0900201161
-63.6918402837
-62.3465377082
-61.0778049059
-59.897305061
-58.8090949854
-57.8125324405
-57.7241771656
-57.3636914284
-56.0319436052
-54.9818301244
-54.1357010318
-58.5201668749
-70.0
-70.0
-70.0
-70.0
-70.0
-70.0
-70.0
-70.0
-70.0
-70.0
-69.4825995353
-68.472739272
-68.0210651383
-67.0993584868
-66.7463558797
-65.9263424527
-64.8534563148
-64.4846094216
-63.7304809716
-62.7703212025
-60.8985479677
-59.3621990945
-58.8983164675
-58.2733763423
-57.5726330558
-56.8497659821
-56.1377202051
-57.1759020654
-70.0
-70.0
-70.0
-70.0
-70.0
-70.0
-70.0
-70.0
-70.0
-70.0
-70.0
-69.9914073851
-69.2698715699
-68.1446210285
-66.8146500027
-65.4061790538
-63.9975571827
-61.8157988206
-60.0628838427
-57.8057053945
-56.1412081457
-54.8878028583
0
-70.0
-70.0
-70.0
-70.0
-67.8070449846
-70.0
-70.0
-70.0
-70.0
-70.0
-70.0
-70.0
-70.0
-70.0
-70.0
-70.0
-70.0
-70.0
-70.0
-69.9923044461
-69.2712769656
-68.1462845784
-66.8164129935
-65.4079429428
-63.9992628142
-62.6374126433
-61.3490554526
-60.1477392898
-59.0386916158
-58.0219732909
-57.0945431862
-56.2516003505
-55.4874479708
-54.7960416106
-54.1713297408
-56.1474582938
-70.0
-70.0
-70.0
-70.0
-70.0
-70.0
-70.0
-70.0
-70.0
-70.0
-69.8004278699
-68.9706703296
-67.7904601277
-66.439318669
-65.0306565048
-63.6344373228
-63.1122245695
-62.3118227652
-61.3711875904
-60.3777668992
-59.3857889212
-58.4277425037
-57.5219899031
-56.6778053459
-55.8987011001
-55.1846151826
-54.533343126
0
-70.0
-70.0
-70.0
-70.0
-70.0
-70.0
-70.0
-70.0
-70.0
-70.0
-70.0
-70.0
-70.0
-70.0
-70.0
-69.0328298586
-68.5881001118
-67.6516589266
-66.4514055846
-65.1328733933
-63.7873249654
-62.4704184098
-62.0345938628
-62.1419460058
-61.7516257581
-61.0757127509
-60.2509745215
-59.3644324332
-58.4703594324
-57.6015703175
-56.7769111713
-70.0
-70.0
-70.0
-70.0
-70.0
-70.0
-70.0
-70.0
-70.0
-70.0
-70.0
-70.0
-69.362037765
-69.1038591652
-68.2621566998
-67.0983966639
-65.7801940869
-64.4132660712
-63.0626670593
-60.9468854169
-59.2625202509
-57.8931504763
-56.7584235956
-55.8023066807
-54.9852263091
-54.2788038758
0
-70.0
-70.0
-70.0
-70.0
-70.0
-70.0
-70.0
-70.0
-70.0
-70.0
-70.0
-70.0
-70.0
-70.0
-70.0
-70.0
-70.0
-69.3848620943
-68.3196172811
-67.0198164838
-65.6226087893
-64.2135305463
-62.8442992489
-61.5446171622
-60.3299873381
-59.2068765324
-58.9961141645
-58.5197862717
-57.8999966602
-57.2147896714
-56.513172489
-55.8250964299
-55.1680809135
-59.6315823703
-70.0
-70.0
-70.0
-70.0
-70.0
-70.0
-70.0
-70.0
-70.0
-70.0
-70.0
-69.6720238504
-68.7695040323
-66.732342007
-64.9023000583
-62.4375315538
-60.4940860659
-58.9282159044
-56.8210866106
-55.2794394807
-54.1284698867
0
-70.0
-70.0
-70.0
-70.0
-70.0
-70.0
-70.0
-70.0
-70.0
-70.0
-70.0
-70.0
-70.0
-70.0
-70.0
-70.0
-70.0
-70.0
-70.0
-69.6537664756
-68.7409008117
-67.5184847197
-66.1510855738
-64.7422765672
-63.3555819443
-62.0283791057
-59.9611114324
-57.5187137807
-56.572651397
-55.7359255868
-54.9926925812
-55.1503296917
-55.0232343017
-54.7295359243
-54.3456657004
-60.7204880418
-70.0
-70.0
-70.0
-70.0
-70.0
-70.0
-70.0
-70.0
-70.0
-69.4018749071
-68.3462706878
-67.8713658
-66.940710674
-65.7676272425
-64.4881896089
-63.1875873751
-61.917639789
-60.7084165777
-59.5759354317
-59.3472488963
-59.6684620119
-59.4889078142
-59.0148783684
-57.5599647554
-56.3850177623
-55.4172156411
-70.0
-70.0
-70.0
-70.0
-70.0
-70.0
-70.0
-70.0
-70.0
-70.0
-70.0
-70.0
-70.0
-69.575391201
-68.6181128816
-67.3731421272
-65.997054937
-64.5881674584
-63.2065627225
-61.8873811236
-61.4696261268
-60.7866522578
-59.9673128612
-59.0934654612
-58.2160415058
-57.3657190824
-56.5600016589
-55.8079044828
-55.1130493611
-54.4757013094
-57.2541024347
-70.0
-70.0
-70.0
-70.0
-70.0
-70.0
-70.0
-70.0
-70.0
-70.0
-70.0
-70.0
-69.934815561
-69.1812110456
-68.0396746348
-66.7034303006
-65.29490269
-63.0699560339
-61.2493228392
-59.7319654944
-57.6271522377
-56.0600258757
-54.867749196
0
-70.0
-70.0
-70.0
-70.0
-67.8116988451
-70.0
-70.0
-70.0
-70.0
-70.0
-70.0
-70.0
-70.0
-70.0
-70.0
-70.0
-70.0
-70.0
-70.0
-68.6671196167
-67.1951540662
-65.6888029337
-65.0320321564
-64.0869019514
-63.0002604301
-61.864933503
-60.7382395632
-59.6542818806
-58.632097875
-58.5010508759
-58.0890543138
-57.5222212328
-56.8813806764
-55.3974969867
-54.2772502067
-55.9525271316
-70.0
-70.0
-70.0
-70.0
-70.0
-70.0
-70.0
-70.0
-70.0
-70.0
-68.7131672553
-67.2672953666
-66.5941957211
-66.4071960765
-64.8780897538
-63.4146896351
-62.0394932427
-60.7630589658
-59.5884297675
-58.514037923
-57.5356015521
-56.6473530112
-55.842825453
-55.1153480696
-55.2783500372
-55.1502062166
-54.8516463836
-54.4607889377
-54.0275815056
-70.0
-70.0
-70.0
-70.0
-70.0
-70.0
-70.0
-70.0
-70.0
-70.0
-70.0
-70.0
-70.0
-69.308916474
-68.2006358093
-66.8789795501
-65.473353143
-63.2441988606
-61.4152329958
-59.8873457104
-58.5910351488
-57.4768809736
-55.6891591026
-54.3768873433
0
-70.0
-70.0
-70.0
-70.0
-70.0
-70.0
-70.0
-70.0
-70.0
-70.0
-70.0
-70.0
-70.0
-70.0
-70.0
-70.0
-69.7379443914
-68.8727795466
-67.6745879881
-66.3165201201
-64.9077953953
-62.6956340472
-61.7151494368
-60.6863536893
-59.6628644512
-58.6766754266
-57.7457394976
-56.8789866237
-56.0796353452
-55.3473700666
-55.4997652305
-55.3578768212
-55.0441478816
-55.4577722551
-55.4740211373
-66.2312942642
-70.0
-70.0
-70.0
-70.0
-70.0
-70.0
-70.0
-70.0
-70.0
-69.9572247364
-69.2163187538
-68.0812312057
-66.74747097
-65.3389657962
-64.7525638321
-63.8589705259
-62.810848858
-60.884947562
-59.3165751989
-58.8349992745
-58.201553744
-57.4981013009
-56.7760931251
-56.0670184487
-55.3893396946
-54.7530877856
-54.1629003807
-56.1600245918
-70.0
-70.0
-70.0
-70.0
-70.0
-70.0
-70.0
-70.0
-70.0
-70.0
-70.0
-70.0
-69.4089394577
-68.3573384837
-67.0644666165
-65.6699279423
-64.2608738064
-62.8900788646
-60.7679326041
-59.0857137609
-57.7235253297
-56.5987614266
-55.6539443706
-54.8485893246
0
-70.0
-70.0
-70.0
-70.0
-67.9770816475
-70.0
-70.0
-70.0
-70.0
-70.0
-70.0
-70.0
-70.0
-70.0
-70.0
-70.0
-70.0
-69.9424245801
-68.3731318421
-66.7691184713
-65.1977398331
-63.6983213224
-62.2920595052
-60.9885670981
-59.7901860839
-58.6948179392
-57.6977697878
-56.7929485707
-55.9736242214
-54.4129088044
0
-70.0
-70.0
-70.0
-70.0
-70.0
-70.0
-70.0
-70.0
-70.0
-70.0
-70.0
-70.0
-70.0
-70.0
-70.0
-70.0
-69.4037947887
-68.3492785023
-67.0549261137
-66.4798171434
-65.5354245231
-64.4009414668
-63.1902202508
-61.9741135129
-60.795312353
-59.678187912
-59.4553069836
-58.1364015272
-57.0238448691
-56.0721827119
-55.2487793272
-54.5297779855
0
-70.0
-70.0
-70.0
-70.0
-70.0
-70.0
-70.0
-70.0
-70.0
-70.0
-70.0
-70.0
-69.5962750536
-68.6508309173
-67.4118700716
-66.0380978951
-64.6292313261
-63.2462703404
-61.1049514044
-59.3999949959
-58.0136879843
-56.0447808446
-55.4319438659
-54.8331768831
-54.2628107974
0
-70.0
-70.0
-70.0
-70.0
-70.0
-70.0
-70.0
-70.0
-70.0
-70.0
-70.0
-70.0
-70.0
-70.0
-70.0
-70.0
-69.8762216292
-69.0894138858
-67.1110154435
-65.3036091967
-63.6590451421
-62.1670052045
-60.8162144019
-59.5951994402
-58.4927504819
-58.3181894242
-57.8861798087
-57.3141013792
-55.8570509421
0
-70.0
-70.0
-70.0
-70.0
-70.0
-70.0
-70.0
-70.0
-70.0
-70.0
-70.0
-70.0
-70.0
-70.0
-70.0
-69.6707242256
-68.7674679534
-67.549931925
-66.1844125771
-64.7756205491
-62.5678246474
-59.9542196181
-58.0042492799
-57.3374587677
-56.6428025014
-55.9545819916
-55.2931636193
-54.6698738086
-54.090237462
0
-70.0
-70.0
-70.0
-70.0
-70.0
-70.0
-70.0
-70.0
-70.0
-70.0
-70.0
-70.0
-70.0
-70.0
-70.0
-70.0
-70.0
-69.7419547617
-68.87906246
-66.862024997
-65.0397350193
-63.3950365321
-61.911716222
-60.5746668285
-59.3699482981
-57.46478557
-56.0228617474
-54.9069453957
-54.0238307381
0
-70.0
-70.0
-70.0
-70.0
-70.0
-70.0
-70.0
-70.0
-70.0
-70.0
-70.0
-70.0
-70.0
-70.0
-69.9232567294
-69.1631022095
-68.8382394238
-67.9653804383
-66.7928190324
-65.4795215544
-64.9455590158
-64.0769961922
-62.2166252915
-59.8231819081
-58.0096764811
-56.6045840089
-55.4913757253
-54.5904048976
0
-70.0
-70.0
-70.0
-70.0
-70.0
-70.0
-70.0
-70.0
-70.0
-70.0
-70.0
-70.0
-70.0
-69.7308735715
-68.8617019287
-67.6614755454
-66.3026238639
-64.0738920596
-63.0375232416
-61.9311178428
-60.8195706754
-59.7419900192
-58.7207086247
-57.7672495006
-56.0662657094
-54.7934665778
0
-70.0
-70.0
-70.0
-70.0
-70.0
-70.0
-70.0
-70.0
-70.0
-70.0
-70.0
-70.0
-70.0
-70.0
-70.0
-69.6312424855
-69.5256132272
-68.761381898
-67.6274637039
-67.129530664
-66.2097864846
-65.0676137608
-63.8300563344
-62.5765200008
-61.3551808673
-60.1938713583
-59.1072899409
-58.1017647592
-57.1783908248
-56.33508677
-56.3879347781
-58.6967124234
-70.0
-70.0
-70.0
-70.0
-70.0
-70.0
-70.0
-70.0
-70.0
-70.0
-70.0
-69.4879537142
-68.4811274856
-66.3909941656
-65.3605477014
-64.1802615662
-62.1294144995
-60.4445924429
-59.8555461274
-59.1236001339
-59.1503125334
-58.8113295553
-57.4442287832
-56.3258273605
-55.3939255949
-54.6049870157
0
-70.0
-70.0
-70.0
-70.0
-70.0
-70.0
-70.0
-70.0
-70.0
-70.0
-70.0
-70.0
-70.0
-69.7962310306
-68.9640952812
-67.7826773222
-66.4310706361
-64.2024042699
-62.3417909745
-60.7640299648
-59.4085723601
-58.2316787186
-57.2011532431
-56.2927995164
-56.3080272965
-56.056896388
-55.6543212966
-55.1742988652
-54.6638087776
-69.392054431
-70.0
-70.0
-70.0
-70.0
-70.0
-70.0
-70.0
-70.0
-70.0
-70.0
-68.6279277692
-67.133753505
-64.7961238297
-62.8503418968
-62.0245280072
-61.0782220732
-60.9111644437
-61.2172243846
-60.9769528696
-60.4168915316
-59.6836250111
-58.8708775984
-58.0375332309
-57.219608836
-57.2582005712
-56.9894155933
-56.5451640867
-61.0904410461
-70.0
-70.0
-70.0
-70.0
-70.0
-70.0
-70.0
-70.0
-70.0
-70.0
-70.0
-69.6010403067
-67.8382964805
-66.1360403021
-65.346818585
-63.4917249352
-61.8789445808
-60.4653115489
-59.2182880114
-58.1127976218
-57.1290768007
-56.2512084147
-55.4661137693
-54.7628531897
-54.132135069
0
-70.0
-70.0
-70.0
-70.0
-70.0
-70.0
-70.0
-70.0
-70.0
-70.0
-70.0
-70.0
-70.0
-70.0
-70.0
-70.0
-69.8303304075
-69.0175176384
-67.8459127223
-66.4980860152
-65.9094537905
-64.9759593293
-63.8666640083
-62.688864682
-60.6892229302
-59.0831304482
-57.766703944
-56.66795791
-54.9164450259
0
-70.0
-70.0
-70.0
-70.0
-70.0
-70.0
-70.0
-70.0
-70.0
-70.0
-70.0
-70.0
-70.0
-70.0
-70.0
-69.241888875
-68.0956259041
-66.7546805915
-65.3416240508
-63.9324026581
-62.5724564005
-62.1074067659
-61.3747967597
-60.5060708639
-59.5846329643
-58.6622824591
-56.9501294073
-55.641166596
-54.6177500227
0
-70.0
-70.0
-70.0
-70.0
-70.0
-70.0
-70.0
-70.0
-70.0
-70.0
-70.0
-70.0
-70.0
-70.0
-70.0
-70.0
-69.6806559708
-68.7830276876
-67.5683497948
-65.3839313993
-63.5104826487
-61.8860639767
-60.4652106409
-59.2138582847
-58.1059182616
-56.3009569723
-54.9579482996
0
-70.0
-70.0
-70.0
-70.0
-66.9805810282
-70.0
-70.0
-70.0
-70.0
-70.0
-70.0
-70.0
-70.0
-70.0
-70.0
-70.0
-70.0
-70.0
-69.4119972374
-68.3621290053
-67.0701370992
-65.6759373856
-64.2668863112
-62.8958927895
-61.5934335835
-60.3755102738
-60.0689059456
-59.4993131504
-58.7909137016
-57.2028435756
-55.9599067142
-54.9654810402
-54.1533096011
0
-70.0
-70.0
-70.0
-70.0
-70.0
-70.0
-70.0
-70.0
-70.0
-70.0
-70.0
-70.0
-70.0
-70.0
-70.0
-69.6225441134
-67.8719857777
-66.175917917
-63.7490799367
-61.784674484
-60.1632087295
-58.8015556525
-56.8211786179
-55.3555797766
-55.0677011459
-54.6760505959
-54.2351919127
0
-70.0
-70.0
-70.0
-70.0
-70.0
-70.0
-70.0
-70.0
-70.0
-70.0
-70.0
-70.0
-70.0
-70.0
-70.0
-70.0
-70.0
-70.0
-69.3659792514
-69.1100341605
-68.2694659673
-67.1061428525
-65.7879442218
-65.240760236
-64.3544245034
-63.294142247
-62.1648348183
-61.8517558671
-61.2188499675
-60.4151447621
-59.5357501468
-58.6402550394
-56.9449494737
-55.6462678185
-67.3288498976
-70.0
-70.0
-70.0
-70.0
-70.0
-70.0
-70.0
-70.0
-70.0
-70.0
-70.0
-70.0
-69.5726173665
-68.6137672076
-67.3679982053
-65.9916035304
-64.5827132745
-63.2012886784
-61.8823909648
-60.6449726379
-59.4976892204
-57.6227295293
-56.1936627303
-55.0797672265
0
-70.0
-70.0
-70.0
-70.0
-70.0
-70.0
-70.0
-70.0
-70.0
-70.0
-70.0
-70.0
-70.0
-70.0
-70.0
-70.0
-70.0
-69.5208864334
-68.5327220789
-68.0920660636
-67.1746035857
-66.0016393127
-63.8944727718
-62.1170237549
-60.596653553
-59.2812096467
-58.132569648
-57.1222999939
-56.2287282016
-54.6149608528
0
-70.0
-70.0
-70.0
-70.0
-70.0
-70.0
-70.0
-70.0
-70.0
-70.0
-70.0
-70.0
-70.0
-70.0
-70.0
-70.0
-70.0
-69.5889839125
-68.6394081296
-67.3983490555
-66.0237686426
-64.6148947734
-63.2324072927
-61.9118345613
-60.6724297703
-59.5230392368
-58.4659702754
-57.4995298894
-56.6196813282
-56.6411161471
-56.3826065003
-55.9647471622
-55.4652066539
-70.0
-70.0
-70.0
-70.0
-70.0
-70.0
-70.0
-70.0
-70.0
-70.0
-70.0
-70.0
-70.0
-69.5132263253
-68.5207212429
-67.2578608187
-65.874882537
-64.4659328166
-63.0883652239
-60.9555458275
-60.0806693287
-59.1697211185
-58.2674948217
-57.4005758829
-56.5837386569
-55.0041783661
0
-70.0
-70.0
-70.0
-70.0
-70.0
-70.0
-70.0
-70.0
-70.0
-70.0
-70.0
-70.0
-70.0
-70.0
-70.0
-70.0
-70.0
-69.8602192543
-69.0643434983
-67.9013399282
-66.5568264551
-65.9682241562
-65.0327886382
-63.9204343729
-62.7390073345
-60.7355175337
-59.1255730688
-56.9854206209
-55.4184817981
-54.2477024445
0
-70.0
-70.0
-70.0
-70.0
-70.0
-70.0
-70.0
-70.0
-70.0
-70.0
-70.0
-70.0
-70.0
-70.0
-70.0
-69.4346297205
-68.3975865621
-67.1121077817
-65.7204169207
-64.3113885068
-63.7589251749
-62.9188163365
-61.9341238223
-60.8955041864
-60.6791489319
-60.1433641482
-59.4337811397
-58.6435719633
-57.831327392
-56.2129364028
-70.0
-70.0
-70.0
-70.0
-70.0
-70.0
-70.0
-70.0
-70.0
-70.0
-70.0
-69.56085736
-68.5953431974
-67.3461899266
-65.9684916332
-64.5595896027
-63.178928731
-61.8612345836
-61.445243609
-60.764140904
-59.9466745842
-58.2546389728
-56.9142629736
-55.8295619416
-54.934422591
-54.1828582276
0
-70.0
-70.0
-70.0
-70.0
-70.0
-70.0
-70.0
-70.0
-70.0
-70.0
-70.0
-70.0
-70.0
-70.0
-70.0
-69.9533845618
-70.0
-69.3315042497
-68.2360233245
-66.9208673253
-65.5177448149
-64.1086131481
-62.7428470432
-61.4486258121
-60.240472213
-59.1242309798
-58.1003452072
-57.1660022368
-56.3165297133
-55.5462952087
-54.849277999
-55.939425073
-69.045532481
-70.0
-70.0
-70.0
-70.0
-70.0
-70.0
-70.0
-70.0
-70.0
-70.0
-69.4636835294
-68.4431041961
-67.1659864563
-66.5975162638
-65.6531836062
-64.5148112248
-63.2979607551
-62.0745851148
-60.8880735601
-59.763230842
-58.712884183
-57.7422467149
-56.8517893435
-55.2191219425
-54.0155507706
0
-70.0
-70.0
-70.0
-70.0
-70.0
-70.0
-70.0
-70.0
-70.0
-70.0
-70.0
-70.0
-70.0
-70.0
-69.3002402658
-67.3670430831
-65.5782233374
-63.9356573787
-62.4355958908
-60.2510391351
-58.5486037772
-56.3721891032
-54.8039339953
0
-70.0
-70.0
-70.0
-70.0
-67.6734481253
-70.0
-70.0
-70.0
-70.0
-70.0
-70.0
-70.0
-70.0
-70.0
-70.0
-70.0
-70.0
-70.0
-69.8827457209
-69.0996349627
-67.943114009
-66.6010976365
-65.1925178918
-63.7909527819
-62.4403152899
-61.1652556184
-59.9780446282
-58.0631165465
-56.5953891459
-54.6249064007
0
-70.0
-70.0
-70.0
-70.0
-70.0
-70.0
-70.0
-70.0
-70.0
-70.0
-70.0
-70.0
-70.0
-70.0
-70.0
-70.0
-70.0
-70.0
-69.6747860242
-68.773831438
-67.557464305
-65.372395215
-63.4989405872
-61.8749031242
-60.4546505423
-59.2040106418
-58.0968263467
-57.1126215581
-56.2350112997
-55.4506114347
0
-70.0
-70.0
-70.0
-70.0
-70.0
-70.0
-70.0
-70.0
-70.0
-70.0
-70.0
-70.0
-70.0
-70.0
-70.0
-70.0
-70.0
-69.4532230307
-68.4267160814
-67.1465880425
-66.5769582844
-65.6326151534
-64.494922103
-64.0991422027
-63.3417028557
-62.392515819
-61.3599197364
-60.3116980956
-59.2890418412
-58.3158133606
-57.4046824935
-56.5611812235
-56.6063744207
-64.8032480539
-70.0
-70.0
-70.0
-70.0
-70.0
-70.0
-70.0
-70.0
-70.0
-70.0
-70.0
-70.0
-70.0
-69.5696993726
-68.6091956837
-67.3625869476
-65.9858688077
-65.3969756302
-65.3004072026
-64.6824525727
-63.772264709
-62.7170765004
-61.6100610253
-60.508849706
-58.6278279243
-57.1616205911
-56.8131755048
-56.3270026029
-55.774398775
-60.2803565189
-70.0
-70.0
-70.0
-70.0
-70.0
-70.0
-70.0
-70.0
-70.0
-69.3356987852
-68.2425947635
-66.9286458584
-64.70598832
-62.0121941863
-59.9455112332
-58.3239844203
-57.0236021851
-55.9592527712
-55.8920013638
-54.785250474
0
-70.0
-70.0
-70.0
-70.0
-67.7097486307
-65.6952728548
-63.9134116274
-70.0
-70.0
-70.0
-70.0
-70.0
-70.0
-70.0
-70.0
-70.0
-70.0
-70.0
-70.0
-69.9044456942
-69.1336315876
-67.9833554041
-66.6437445138
-66.0551864959
-65.1168788019
-63.9999982255
-62.8132032721
-61.6240195243
-60.4730419582
-60.2033540199
-59.6514294563
-58.1285604029
-56.8938869574
-55.0532866582
0
-70.0
-70.0
-70.0
-70.0
-70.0
-70.0
-70.0
-70.0
-70.0
-70.0
-70.0
-70.0
-70.0
-70.0
-69.7435114826
-68.8815013228
-67.6849118494
-65.5074611038
-63.6340752863
-62.0055746196
-60.5782883989
-58.4993070532
-56.9186080106
-55.6895683181
-54.7124922253
0
-70.0
-70.0
-70.0
-70.0
-67.719355785
-70.0
-70.0
-70.0
-70.0
-70.0
-70.0
-70.0
-70.0
-70.0
-70.0
-70.0
-70.0
-70.0
-69.3097629606
-68.2019619715
-66.8805493124
-65.4750167399
-64.885863305
-63.9861758006
-63.7501574379
-63.100207839
-62.2235644851
-61.2401263232
-60.2253925487
-59.2257058656
-58.268370327
-57.3683566595
-59.8927365701
-70.0
-70.0
-70.0
-70.0
-70.0
-70.0
-70.0
-70.0
-70.0
-70.0
-70.0
-70.0
-69.9566348166
-69.2153945459
-68.080137232
-66.7463116026
-65.3378058382
-63.931442185
-62.5732425869
-61.2892147418
-60.0924908767
-58.988040195
-57.9757684462
-57.0525464487
-57.0335283686
-56.7376665749
-56.2855606129
-55.7547783485
-56.014483045
-58.4597560351
-70.0
-70.0
-70.0
-70.0
-70.0
-70.0
-70.0
-70.0
-70.0
-70.0
-70.0
-70.0
-68.4834969244
-66.0874785149
-64.0636181853
-62.3305147148
-60.8296354753
-58.6981200824
-57.0792735106
-55.8219897838
-54.8235532216
-54.0137061769
0
-70.0
-70.0
-70.0
-70.0
-67.0144177363
-69.68592112
-70.0
-70.0
-70.0
-70.0
-70.0
-70.0
-70.0
-70.0
-70.0
-70.0
-70.0
-70.0
-70.0
-70.0
-69.7129173782
-68.8335705592
-67.6281767825
-66.2673346237
-64.858584841
-63.46804881
-62.1347922311
-60.8803452093
-59.7149988227
-59.4619576966
-58.944734431
-57.4662426573
-57.1002728379
-57.4140151849
-57.3051267537
-56.9462894698
-64.0694441168
-70.0
-70.0
-70.0
-70.0
-70.0
-70.0
-70.0
-70.0
-70.0
-70.0
-70.0
-70.0
-69.4463258869
-68.4159105561
-67.1337976725
-65.7434033532
-63.5143866498
-61.6764970728
-60.1345467575
-58.8215583431
-58.5097133497
-57.168949242
-56.0755258026
-54.3469542122
0
-70.0
-70.0
-70.0
-70.0
-70.0
-70.0
-70.0
-70.0
-70.0
-70.0
-70.0
-70.0
-70.0
-70.0
-70.0
-70.0
-69.5685141134
-68.6073387777
-67.3603889503
-65.9835394222
-64.574645058
-62.3734869375
-60.5903425006
-59.9374444218
-59.9844574271
-59.6298499827
-59.0460905167
-58.3442984865
-57.5950799855
-56.8423795521
-56.9326799736
-56.705770894
-56.2960997499
-61.6904270715
-70.0
-70.0
-70.0
-70.0
-70.0
-70.0
-70.0
-70.0
-70.0
-70.0
-69.4444045307
-68.4129004315
-67.1302346242
-65.739627319
-64.3306086919
-62.9575105593
-61.6517346611
-60.4298779668
-59.2991013513
-58.260665337
-57.3122482171
-56.449456338
-56.4867993326
-56.2429784849
-55.8385866935
-55.3513320622
-54.830601548
-54.3071431879
0
-70.0
-70.0
-70.0
-70.0
-70.0
-70.0
-70.0
-70.0
-70.0
-70.0
-70.0
-70.0
-69.801935959
-68.9730330024
-66.9732567951
-65.1576158442
-64.3329774121
-63.3104284392
-62.2032181074
-60.2621179715
-58.7053872909
-57.4311693061
-56.3689328717
-55.4692932487
-54.6971996999
-54.0273702474
0
-70.0
-70.0
-70.0
-70.0
-70.0
-70.0
-70.0
-70.0
-70.0
-70.0
-70.0
-70.0
-70.0
-70.0
-69.5463767918
-68.5726569738
-67.3193365172
-65.940033026
-63.7111164971
-62.6867293631
-61.599206104
-60.5100519451
-59.4562243849
-58.4587203693
-58.3482606143
-57.9537094074
-58.2218550364
-58.0586805793
-57.642153219
-57.0874983622
-56.4684555027
-70.0
-70.0
-70.0
-70.0
-70.0
-70.0
-70.0
-70.0
-70.0
-70.0
-70.0
-70.0
-70.0
-70.0
-69.5488420048
-68.5765191408
-67.3239081178
-65.9448779
-64.5359638394
-63.156083275
-61.8396188272
-59.7850861976
-58.9961970799
-58.1729903733
-57.3566333369
-56.5715980039
-55.8315235372
-55.1430947393
-54.5086009693
0
-70.0
-70.0
-70.0
-70.0
-70.0
-70.0
-70.0
-70.0
-70.0
-70.0
-70.0
-70.0
-70.0
-70.0
-69.7905487274
-68.9551930062
-67.7721398067
-66.4199032267
-65.0112311712
-63.6156535655
-62.2744518832
-61.0105824778
-59.8352414186
-58.7521954024
-57.760627946
-56.8569998739
-56.0362563682
-55.2926017192
-54.6199888725
-54.8324215354
0
-70.0
-70.0
-70.0
-70.0
-70.0
-70.0
-70.0
-70.0
-70.0
-70.0
-70.0
-70.0
-70.0
-70.0
-69.4301939523
-69.2106371919
-68.3885485626
-67.2323437663
-65.9142094296
-64.5428551799
-63.1852807908
-61.8812267977
-60.6527535085
-59.5105777514
-57.6382530387
-56.2102497765
-55.9164394933
-55.4929386736
-55.005740226
-54.4965631499
0
-70.0
-70.0
-70.0
-70.0
-70.0
-70.0
-70.0
-70.0
-70.0
-70.0
-70.0
-70.0
-70.0
-70.0
-69.3058327725
-69.015804677
-68.1579276638
-66.9879372004
-65.669678349
-64.3064004265
-62.1415536588
-60.3879271429
-58.9394869953
-57.7224400068
-56.6847971469
-55.7893848593
-55.0091579915
-54.3240499378
0
-70.0
-70.0
-70.0
-70.0
-70.0
-70.0
-70.0
-70.0
-70.0
-70.0
-70.0
-70.0
-70.0
-70.0
-70.0
-69.745381232
-68.8844305968
-67.6883791958
-67.1511357153
-66.2070851032
-64.2304185658
-62.5200713578
-61.0265273211
-59.7128499884
-58.5508819225
-57.5186716855
-55.7787231538
0
-70.0
-70.0
-70.0
-70.0
-70.0
-70.0
-70.0
-70.0
-70.0
-70.0
-70.0
-70.0
-70.0
-70.0
-70.0
-70.0
-69.954965872
-70.0
-69.3322070542
-69.057124385
-68.2068373039
-67.0397704785
-65.7215380339
-65.1765472994
-64.2936679487
-63.23748474
-62.9325253235
-62.2684654961
-61.4110807498
-60.4662805437
-59.5005244019
-58.5543865701
-57.651557652
-64.4247885096
-70.0
-70.0
-70.0
-70.0
-70.0
-70.0
-70.0
-70.0
-70.0
-70.0
-70.0
-69.902125357
-69.1299963926
-67.9790524675
-66.6391843636
-65.2306240224
-63.8278003503
-62.4751794687
-61.1977676241
-60.0080615965
-58.0906359268
-56.6204926607
-55.4677236124
-54.5438047296
0
-70.0
-70.0
-70.0
-70.0
-70.0
-70.0
-70.0
-70.0
-70.0
-70.0
-70.0
-70.0
-70.0
-70.0
-70.0
-70.0
-69.8690525328
-69.0781823013
-68.7377207524
-67.8588531314
-66.6862374543
-65.376460133
-64.028045069
-62.7013945284
-62.2520243864
-61.5240014883
-60.6530543665
-59.7253842812
-58.794602754
-57.8929804125
-57.0389076606
-56.241833754
-55.505528285
-70.0
-70.0
-70.0
-70.0
-70.0
-70.0
-70.0
-70.0
-70.0
-70.0
-70.0
-70.0
-69.5665634734
-68.604282775
-67.3567715968
-65.1597058367
-63.2861428527
-61.6691336339
-60.2599569815
-59.022452424
-57.9292012754
-56.958943877
-56.0948246421
-55.3231922797
-54.6327731197
0
-70.0
-70.0
-70.0
-70.0
-70.0
-70.0
-70.0
-70.0
-70.0
-70.0
-70.0
-70.0
-70.0
-70.0
-70.0
-70.0
-70.0
-70.0
-69.5333177129
-68.5521977502
-67.2951191809
-65.9143680666
-64.5054384625
-63.1265660846
-61.8116904551
-60.5790420622
-59.436818291
-58.3869234186
-58.2474223812
-57.8388076794
-57.282345269
-56.6557229805
-56.0078921747
-55.3689306187
-70.0
-70.0
-70.0
-70.0
-70.0
-70.0
-70.0
-70.0
-70.0
-70.0
-70.0
-70.0
-70.0
-69.4402980106
-69.2264668832
-68.4072859774
-67.2522012346
-65.9340770145
-63.7420665819
-62.7387914363
-61.6621999677
-60.5775050877
-59.5241046567
-58.5245942429
-58.4107348532
-57.1920613909
-56.1711219339
-55.3028541952
-54.5551317454
0
-70.0
-70.0
-70.0
-70.0
-70.0
-70.0
-70.0
-70.0
-70.0
-70.0
-70.0
-70.0
-69.4417666136
-68.4087676946
-67.1253427534
-65.7344430302
-65.145421762
-64.237161609
