-67.85
-65.915
-64.1735
-62.60615
-62.015535
-61.2106481667
-60.3040277944
-58.546587978
-57.9772378221
-57.3197198012
-56.6312183287
-55.9470768342
-55.288356043
-54.6668450335
0
-70.0
-70.0
-70.0
-70.0
-68.5366787024
-66.9907966338
-65.4469075048
-63.9556771106
-62.5457496371
-61.2316014984
-60.0187258986
-58.9070430087
-57.8931318412
-56.9716807459
-56.1364207306
-56.2007173637
-55.9826047648
-55.6023170466
-55.1374005142
-54.6372039109
-54.1325124852
0
-70.0
-70.0
-70.0
-70.0
-67.8595718159
-65.9299958449
-64.1912504008
-62.6249614543
-61.214356038
-59.9441809202
-58.8006031522
-57.771103053
-56.0243662251
-55.5455119208
-55.0233489409
-54.4926061882
0
-70.0
-70.0
-70.0
-70.0
-68.2251192003
-66.5026867472
-64.8691377171
-63.3433703751
-61.9331309574
-61.4592162749
-60.7428935895
-59.9050035254
-59.0221027027
-58.1416254523
-57.291951587
-56.4890822149
-55.7410578512
-55.0508746379
-54.418402222
0
-70.0
-70.0
-70.0
-70.0
-67.8519854089
-65.9181104739
-64.1771818304
-62.6100519167
-61.1994389046
-59.1097564671
-57.5022884558
-56.2377313671
-55.221072735
-54.3870417979
0
-70.0
-70.0
-70.0
-70.0
-67.6738091708
-65.638967701
-63.8467638957
-62.259882816
-60.8490914076
-59.5909801824
-58.4664141078
-57.4594606595
-56.5566399018
-54.9263927838
0
-70.0
-70.0
-70.0
-70.0
-68.3040283674
-66.6263111089
-65.0154703835
-63.4984502688
-62.0882898577
-60.7892506158
-59.6001853835
-58.5167400646
-57.5327815378
-56.6413137038
-55.8350558799
-55.1067993229
-54.4496187447
-54.6769897729
-54.6075127307
-54.3622427477
-54.0196726663
0
-70.0
-70.0
-70.0
-70.0
-67.8713907659
-65.9485122
-64.2131679871
-62.6481891931
-61.2375956103
-59.9666529402
-58.8218655735
-57.7909309677
-56.8626725053
-56.8469616777
-56.5593031252
-56.1180645562
-55.5993859296
-55.871532556
-55.7891027799
-54.6766748217
0
-70.0
-70.0
-70.0
-70.0
-67.5429970761
-65.4340287525
-64.4241801333
-64.1074649573
-64.2171870198
-63.7591140233
-62.9756330913
-62.0230234291
-61.0006901841
-59.9706005643
-58.9701934403
-58.0209427179
-57.1340275272
-56.3140774952
-55.5616382261
-55.6947867238
-55.5348495983
-55.2043923364
-54.7826382347
-54.3201644992
0
-70.0
-70.0
-70.0
-70.0
-67.8645549597
-65.9378027702
-63.3804913642
-61.3500881417
-59.7035099369
-58.3421126828
-57.1972039075
-56.2203518455
-55.3768955467
-54.6415919159
0
-70.0
-70.0
-70.0
-70.0
-67.8458198891
-65.9084511595
-64.1657482165
-62.5979348435
-61.1873156582
-59.9180336251
-58.7758632844
-57.7480323038
-56.823065972
-55.9906506405
-56.061513087
-55.0319801186
-54.1965276669
0
-70.0
-70.0
-70.0
-70.0
-67.0139996102
-64.605266056
-62.6231837216
-60.9631615303
-59.5517094978
-58.3364479617
-57.2794094413
-56.3525393477
-56.35466598
-56.91411976
-56.9693213693
-56.7201316226
-56.2966133872
-55.782615333
-55.2314626561
-55.4963889614
-55.4221317792
-55.1468397439
0
-70.0
-70.0
-70.0
-70.0
-68.3252852581
-66.659613571
-65.0548901063
-63.5402263574
-62.1300872294
-60.0096675116
-58.3537600972
-57.0317569787
-55.9541632083
-55.0591348391
-54.3034799896
0
-70.0
-70.0
-70.0
-70.0
-68.7152353259
-67.270535344
-65.7780308433
-64.3065937815
-62.076845085
-60.2864343643
-58.8193067864
-57.5950533467
-56.5573328381
-56.4861227716
-56.1771926393
-55.7359281387
-55.2299718336
-54.7020656562
-54.1785864278
0
-70.0
-70.0
-70.0
-70.0
-67.8584918376
-65.9283038789
-64.189247641
-62.6228389769
-60.3922324792
-58.6574608313
-57.2780158149
-56.1577482778
-55.2303294797
-54.4495338848
0
-70.0
-70.0
-70.0
-70.0
-67.8405393561
-65.9001783246
-64.1559557615
-62.5875570316
-61.1769325593
-59.9079934572
-58.7663635474
-57.7391734833
-56.8148869954
-55.9831522028
-55.2346729205
-55.3810962537
-55.2395803786
-55.7500181742
-55.8146135791
-56.4295503694
-57.3541940979
-57.6138405318
-57.4658337077
-56.2581684897
-55.2749637425
-54.4592087695
0
-70.0
-70.0
-70.0
-70.0
-68.2023065153
-66.466946874
-64.8268328601
-63.2985366897
-61.8882744312
-60.5958412617
-58.5971866513
-57.8814209967
-57.1392475707
-57.225968596
-56.9871355914
-56.5609312689
-56.0365109664
-55.4706417527
-54.8987654994
-54.3423475641
0
-70.0
-70.0
-70.0
-70.0
-67.8573269566
-65.9264788986
-64.1870874339
-62.6205496406
-61.2099419766
-59.9399126457
-58.7965646256
-58.5873369927
-58.1255558465
-57.5276352972
-56.8679617911
-56.1932256277
-55.5319430754
-54.0807754416
0
-70.0
-70.0
-70.0
-70.0
-67.5413713403
-65.4314817665
-63.6011652967
-61.9996032383
-60.5886792286
-59.3391688485
-58.2281569921
-57.2372779786
-56.3515079712
-55.5583290344
-54.8471440378
-54.2088615719
0
-70.0
-70.0
-70.0
-70.0
-66.6956126804
-64.106459866
-62.0327528485
-60.3374368763
-58.9256660638
-57.7310813742
-56.706627848
-55.8184014706
-55.0415189285
-55.1773387723
-55.8562527195
-55.1983926639
-55.400396875
-55.2915861725
-54.9999135453
-54.6082461841
0
-70.0
-70.0
-70.0
-70.0
-67.3293864686
-65.0993721341
-63.2080511289
-61.5829901548
-60.1718538986
-58.9361103482
-57.846793873
-56.8816441922
-56.8431662439
-56.5419739335
-55.2731927495
-54.2861509474
0
-70.0
-70.0
-70.0
-70.0
-68.3694756629
-66.7288452052
-65.9568387571
-64.911740263
-63.7376231578
-61.7052321227
-60.0456230976
-58.6650035793
-57.4977984156
-57.3175487036
-56.9154805862
-57.2137236963
-57.1022121058
-57.5685647479
-57.5460908416
-57.2310701365
-56.7510220422
-56.1879591175
-55.5938560588
-55.0009323549
0
-70.0
-70.0
-70.0
-70.0
-67.1144630476
-64.7626587746
-62.809487585
-61.1606019517
-59.7492505067
-58.5274646228
-57.4601442717
-56.5210805853
-55.6902730206
-54.9521127145
-54.294146107
0
-70.0
-70.0
-70.0
-70.0
-68.0918431529
-66.2938876063
-64.6219846914
-63.0814434528
-60.8510705945
-59.1011445264
-57.6978174013
-56.5492272129
-55.591765526
-54.7808963298
-54.085011601
0
-70.0
-70.0
-70.0
-70.0
-67.8440481672
-65.9056754619
-64.1624626567
-63.414452885
-62.4684985925
-61.4353093972
-60.3842189002
-59.3574239719
-58.3794328826
-57.4633237995
-56.6148808897
-55.8353191142
-55.1230714117
-54.4749537432
0
-70.0
-70.0
-70.0
-70.0
-69.2179123817
-67.2380627313
-65.42555085
-63.7738586929
-62.2737147756
-60.9145045993
-59.6851616736
-58.5747171957
-57.5726266024
-56.6689513597
-56.6744478354
-56.4052641264
-55.9802450967
-55.4758921757
-54.9407506839
-54.4049740993
0
-70.0
-70.0
-70.0
-70.0
-68.4061743525
-66.7863398189
-65.2048944381
-63.699197395
-62.289139256
-60.9834663974
-60.6039471357
-60.7927706741
-60.4963057747
-59.0985499759
-57.9066114974
-56.8778946937
-55.9814014551
-55.1941254634
-54.4986223529
0
-70.0
-70.0
-70.0
-70.0
-67.5372567955
-65.4250356462
-63.5935351018
-61.9915169384
-60.5805888091
-59.3313456379
-58.2207548806
-58.0503752635
-57.6298016511
-57.073130762
-56.4533572031
-54.996381161
0
-70.0
-70.0
-70.0
-70.0
-67.3667284217
-65.1578745273
-63.2772997064
-61.656378157
-60.2452792888
-59.0071106583
-57.913972458
-56.9442904559
-56.0810049061
-54.4903334127
0
-70.0
-70.0
-70.0
-70.0
-67.7769073468
-65.8004881767
-64.0379537354
-62.4625012794
-61.0518130965
-59.7870064169
-58.6518888619
-57.6324220335
-56.7163278687
-55.8927937741
-55.1522468583
-54.4861771469
0
-70.0
-70.0
-70.0
-70.0
-67.8499258139
-65.9148837752
-64.1733624261
-62.6060042024
-61.1953891281
-59.925840446
-58.7832498885
-58.5749205577
-57.2940922739
-55.4124588946
-54.0530635705
0
-70.0
-70.0
-70.0
-70.0
-68.0343051251
-66.203744696
-64.5152836153
-62.9683641797
-61.5579337124
-60.2764109749
-58.2949502999
-56.7795755516
-55.5943648509
-54.6467596021
0
-70.0
-70.0
-70.0
-70.0
-67.8830825777
-65.9668293717
-64.2348498024
-62.6711670674
-61.2605851908
-59.9888832252
-59.6628992716
-59.0952122571
-58.4014263065
-57.6551071925
-57.7221454844
-57.4549636101
-56.9961556985
-56.4376657616
-56.6579829407
-56.5182404835
-55.3471203264
-54.4162108879
0
-70.0
-70.0
-70.0
-70.0
-66.8261637394
-64.3109898584
-61.4548525345
-59.3093417224
-57.6617238443
-56.3677623227
-56.1491266656
-55.7629743825
-55.2891838666
-54.7786034281
0
-70.0
-70.0
-70.0
-70.0
-67.5138321381
-65.3883370164
-64.3700953761
-62.4101472128
-60.770506741
-60.1977055666
-59.464101343
-58.6584687641
-57.0164735913
-55.7473940346
-54.7443664994
0
-70.0
-70.0
-70.0
-70.0
-67.4408773108
-65.2740411202
-63.4148047019
-61.8021026942
-60.3910780664
-59.1480940208
-58.0473671262
-57.0686854185
-56.1958535466
-55.4156259719
-54.7169685613
-54.0905418296
0
-70.0
-70.0
-70.0
-70.0
-68.1060456625
-66.3161382046
-64.6483224563
-62.2893555922
-61.2343302873
-60.1768374281
-59.1531137983
-58.1837758272
-57.2793805169
-57.2640973135
-56.9627908144
-56.4999138878
-55.9555239355
-55.3803724997
-54.8059358881
0
-70.0
-70.0
-70.0
-70.0
-67.9139649395
-66.0152117385
-64.2921194266
-62.7318600586
-61.3213091025
-60.0476015588
-58.8984569806
-57.862355001
-56.9286153132
-56.0874176567
-55.329785141
-54.6475461268
-54.0332845141
0
-70.0
-70.0
-70.0
-70.0
-67.8500432812
-65.9150678072
-64.1735802626
-62.6062350604
-61.1956201037
-59.9260637929
-58.7834612134
-56.9351176252
-55.5449408848
-54.4760034777
0
-70.0
-70.0
-70.0
-70.0
-67.4535605317
-65.2939114997
-63.4383250305
-61.8270289812
-61.2360170523
-60.4568759933
-59.5908288247
-58.7015062294
-57.8278624646
-56.9927474569
-56.2085868703
-56.3011376228
-56.0966301534
-54.9007046667
0
-70.0
-70.0
-70.0
-70.0
-67.8116998653
-65.8549964557
-64.9224745281
-63.8155455539
-62.6408699842
-61.4647023096
-60.3268449612
-59.2499023868
-58.2454067626
-57.317862496
-55.6474071861
-54.406887094
0
-70.0
-70.0
-70.0
-70.0
-67.8038410427
-65.8426843002
-64.087900778
-62.5154339721
-61.1047727561
-59.8382169347
-58.7003428774
-57.6776070137
-56.7580452617
-55.9310400351
-55.1871355647
0
-70.0
-70.0
-70.0
-70.0
-67.7419461867
-65.7457156925
-63.9731202063
-63.213792241
-62.2677357204
-60.4211772841
-58.9158696461
-57.6654894085
-56.6097449523
-54.8859734468
0
-70.0
-70.0
-70.0
-70.0
-67.6618806466
-65.6202796796
-63.8246431101
-62.2364397314
-60.8256363798
-59.5682998229
-58.4449545613
-58.2594489189
-57.8228305696
-57.250098541
-56.6147893724
-55.9631108922
-55.323333441
-54.7120225223
0
-70.0
-70.0
-70.0
-70.0
-67.7482516258
-65.7555942138
-63.9848132928
-62.4061842971
-60.9954674231
-59.7325217179
-58.6003369042
-57.5843481192
-56.6719432442
-55.8521022111
-55.1151275175
-54.4524384508
0
-70.0
-70.0
-70.0
-70.0
-66.9387856184
-63.6674308022
-61.1990368857
-59.2946993063
-57.7922734485
-56.5810754855
-54.7649875248
0
-70.0
-70.0
-70.0
-70.0
-68.0044708555
-66.1570043402
-64.4599576197
-62.9097310001
-61.4992706617
-60.2196854365
-59.0612781203
-58.0141911265
-57.068799226
-56.2159374448
-54.6270224613
0
-70.0
-70.0
-70.0
-70.0
-67.4138017019
-65.2316226663
-63.3645944895
-60.9288911003
-59.0531726969
-57.5759692315
-56.3871148446
-56.2308983843
-55.8794718953
-55.4226336054
-54.917776178
-54.4009358489
0
-70.0
-70.0
-70.0
-70.0
-68.02294374
-66.1859451927
-64.4942145579
-62.9460356917
-61.535593849
-60.2548089484
-59.9145110431
-59.3298485984
-58.6180561784
-58.6737121871
-57.5479820527
-56.5709445703
-55.7156905952
-55.7820151903
-55.5790761077
-55.2213434546
-54.7826590808
-54.3100264872
0
-70.0
-70.0
-70.0
-70.0
-66.4969966147
-63.7952946964
-61.6644303888
-59.947097458
-58.5351277843
-56.5334417205
-55.0646486916
0
-70.0
-70.0
-70.0
-70.0
-67.5891101141
-65.5062725121
-63.6896942004
-62.0934240734
-60.6825478615
-59.4299372056
-58.3140395719
-57.3173663392
-56.4254501883
-55.6261188249
-54.9089827126
-54.2650682882
-54.5065506906
-54.4512217757
-54.2196503675
0
-70.0
-70.0
-70.0
-70.0
-67.8819166656
-65.9650027762
-64.2326876833
-62.6688757048
-61.2582926608
-59.9866664124
-58.840801783
-57.8085896126
-56.8789759899
-56.0419086166
-55.2882712388
-54.6098131041
0
-70.0
-70.0
-70.0
-70.0
-68.0120077028
-66.1688120677
-64.4739342843
-62.9245431382
-61.5140903459
-60.234015659
-59.0748369916
-58.0268352247
-57.0804729904
-56.2266398835
-55.4567853566
0
-70.0
-70.0
-70.0
-70.0
-67.9042384164
-65.999973519
-64.2740821299
-62.7127445588
-61.3021838642
-60.0291079853
-58.8809588584
-58.6660374203
-58.1982166435
-57.5942502893
-56.9287288004
-56.2484582804
-55.5820140258
-54.9460803388
-54.3496507819
0
-70.0
-70.0
-70.0
-70.0
-67.8542296605
-65.9216264682
-65.0013436705
-63.8991292029
-61.9044962155
-60.2608998826
-58.8827120868
-57.7097090064
-56.6989168579
-55.8191443402
-55.0473093516
-54.3659647134
0
-70.0
-70.0
-70.0
-70.0
-67.8476635432
-65.911339551
-64.1691671707
-62.6015581701
-61.1909408308
-59.9215390662
-58.7791800385
-57.7511252873
-56.8259215937
-56.8132686577
-56.5285679409
-56.0901285794
-55.5740606765
-55.8486179123
-55.7683983233
-55.4779866258
-55.0711400531
-55.4279941077
-55.4111734036
-55.1707085343
-55.6240726616
-55.6586220492
-55.4407309469
-55.0786385872
-54.6420952185
-54.17543269
0
-70.0
-70.0
-70.0
-70.0
-66.6785089267
-64.0796639852
-62.0010348874
-60.3038229325
-58.8920349952
-57.6985610662
-56.6758580067
-55.7897075707
-54.1950270568
0
-70.0
-70.0
-70.0
-70.0
-67.773998046
-65.7959302721
-64.0325585987
-62.4567836414
-61.0460925456
-59.7814748033
-58.6466549978
-58.4475412812
-57.9964883419
-57.4093069669
-56.760021243
-56.0951157673
-55.4430019562
-54.8203002711
0
-70.0
-70.0
-70.0
-70.0
-67.7483022012
-65.7556734485
-63.984907082
-62.4062836927
-60.9955668693
-60.5526178797
-59.8850945565
-59.1050774108
-58.283564543
-57.4645380042
-56.6743041474
-55.9276870285
-55.2321271895
-54.5903870464
0
-70.0
-70.0
-70.0
-70.0
-68.5647794854
-67.0348211938
-66.3190188457
-65.295570142
-64.1216485817
-62.8965740261
-61.6816434919
-60.513297055
-58.5918459577
-57.102580434
-55.9222684387
-54.9666722936
-54.1777588633
0
-70.0
-70.0
-70.0
-70.0
-67.8375119933
-65.8954354562
-64.1503416854
-62.5816073668
-61.1709798633
-60.7222373658
-60.0455839551
-59.2547391102
-58.4217408996
-57.5912172766
-56.7898625269
-56.0327209261
-55.3273452682
-54.6765416978
-54.0801748323
0
-70.0
-70.0
-70.0
-70.0
-67.8518688443
-65.917927856
-64.1769656679
-62.6098228327
-61.1992097039
-60.7495348364
-59.2514120881
-58.8141580362
-58.2080003371
-57.5207057065
-56.8076387378
-56.1028772654
-55.4265911398
-55.6099330931
-55.4829404953
-55.1739802534
-54.7661380999
-54.3125615377
0
-70.0
-70.0
-70.0
-70.0
-68.2296356432
-66.5097625076
-64.8775132094
-62.5322465234
-60.6573449611
-59.1271591917
-57.8548090903
-56.7795720598
-55.8584441061
-55.0604858638
-54.3630280562
0
-70.0
-70.0
-70.0
-70.0
-67.6034016596
-65.5286626
-63.7161970776
-62.1215111949
-60.7106492921
-59.4571105074
-58.3397502196
-57.341342373
-56.4475862526
-55.6464130386
-54.9274953422
-54.2818948797
0
-70.0
-70.0
-70.0
-70.0
-68.3964163794
-66.7710523277
-65.1867988191
-64.5000200867
-63.5546188443
-62.4855574708
-61.3779353976
-60.2840976404
-59.2349917315
-57.4276951284
-56.0457273289
-54.9650224049
-54.1010987037
0
-70.0
-70.0
-70.0
-70.0
-67.4664678004
-66.1341328873
-64.7469275099
-64.1930400331
-63.3376062126
-62.3297590465
-61.2640587787
-60.199169992
-58.350264387
-57.7325788777
-57.8742149429
-57.6467227505
-57.2053366768
-56.6503271433
-56.0456438518
-55.4313124152
-54.831669806
-54.2608285803
0
-70.0
-70.0
-70.0
-70.0
-66.3808214655
-63.6132869625
-61.4489900287
-59.7187788675
-59.1266928751
-58.4172181839
-57.6609594297
-56.9018388628
-56.1663052273
-55.4694415384
-54.8190086071
-54.2181152281
0
-70.0
-70.0
-70.0
-70.0
-67.5017756911
-66.1894485828
-64.8124040317
-63.4424304999
-62.9423653642
-62.160914104
-60.4166795444
-58.9729161572
-57.7575609196
-55.899762413
-54.538424562
0
-70.0
-70.0
-70.0
-70.0
-67.5221164019
-65.4013156963
-63.5654580831
-61.961761579
-60.5508182906
-59.3025583746
-57.3735171458
-55.9203085037
-54.8010397016
0
-70.0
-70.0
-70.0
-70.0
-67.8168817162
-65.8631146887
-64.1120839825
-62.5410627595
-61.1304146003
-59.8630118848
-58.7238031926
-58.5194845376
-58.0629105267
-57.4702024359
-56.8155708335
-56.1456061777
-55.4887738449
-54.8617153171
-54.2734230232
0
-70.0
-70.0
-70.0
-70.0
-67.3075367232
-65.0651408664
-63.16753199
-61.5400489312
-60.1288907983
-58.8945662252
-57.8074859405
-56.8449882384
-55.9893233424
-55.2262802935
-54.544245121
0
-70.0
-70.0
-70.0
-70.0
-67.6871988242
-65.6599448246
-63.871594264
-62.2861974522
-60.87541945
-59.616438667
-59.3105022417
-58.7665903118
-58.9180234767
-58.6616159265
-58.1690508655
-58.3712101333
-58.1634653563
-57.7167029782
-57.9614221187
-57.7928728657
-57.3819808851
-56.8393796672
-56.2358396142
-55.615854262
-54.1866679086
0
-70.0
-70.0
-70.0
-70.0
-67.6047785194
-65.5308196804
-64.5387503877
-63.4088837991
-62.2340010527
-61.0712713697
-59.9545911809
-58.9027633617
-57.9249078914
-57.0240310128
-56.1993705186
-55.4479285381
-54.7654657319
-54.1471391904
0
-70.0
-70.0
-70.0
-70.0
-67.8507216489
-65.9161305832
-64.1748382577
-61.7875682539
-59.9122873097
-58.4067091663
-57.1731386413
-56.143891705
-55.271547153
-54.5224221834
0
-70.0
-70.0
-70.0
-70.0
-67.7356980847
-64.9159269993
-62.6768667815
-60.8608684247
-59.3592404631
-58.0962890041
-57.0186418286
-56.0880987956
-55.2768363493
-54.5641843366
0
-70.0
-70.0
-70.0
-70.0
-67.6849547652
-65.6564291321
-63.8674327812
-62.2817872113
-60.0510069623
-58.3275052475
-56.9658207104
-55.8666159644
-54.9615392513
-54.2031085818
0
-70.0
-70.0
-70.0
-70.0
-68.1438467604
-65.5553599247
-64.2537558257
-63.7676681722
-62.9670933076
-62.0045119453
-60.9768127298
-59.9442994428
-58.9433148225
-57.9946135562
-56.2889056779
-55.0058507617
-54.0191561199
0
-70.0
-70.0
-70.0
-70.0
-67.9824677473
-66.1225328041
-64.4191540781
-62.8664883732
-61.4560060045
-60.1778497164
-59.0216942864
-57.9772778855
-56.2147187821
-54.9000260273
0
-70.0
-70.0
-70.0
-70.0
-68.0047789628
-66.1574870418
-63.6405289877
-61.6256698557
-59.979232048
-58.6087282951
-57.4494684335
-56.4555969021
-55.5940874199
-55.6607121499
-55.4619965829
-55.1107006899
-54.6795664645
-54.2149003804
0
-70.0
-70.0
-70.0
-70.0
-67.8634576077
-65.9360835853
-63.3784563858
-61.3479315198
-59.7013522163
-58.3400262269
-57.1952297591
-56.2185108864
-56.1951958666
-55.9247003258
-55.5149129905
-55.0352101563
0
-70.0
-70.0
-70.0
-70.0
-67.7614876019
-65.7763305762
-64.009358675
-62.4321969117
-61.0214932901
-59.7576880074
-58.6241485709
-57.6065532899
-56.692444345
-55.8708974999
-55.1322728095
-54.468022235
0
-70.0
-70.0
-70.0
-70.0
-67.6069472006
-65.5342172809
-63.7227720864
-62.1284792335
-60.7176208806
-59.4638518395
-58.3461286869
-57.3472905058
-56.4530779135
-55.6514477611
-54.1120880776
0
-70.0
-70.0
-70.0
-70.0
-66.822661517
-64.3055030434
-61.4483578577
-59.3024588177
-57.6548374332
-56.3611033546
-55.322826129
-55.292432256
-55.0477815237
-54.6827317002
-54.2576107494
0
-70.0
-70.0
-70.0
-70.0
-67.8669571221
-65.941566158
-64.2049460409
-62.6394757693
-60.4088777474
-59.4935563426
-58.5779116217
-57.6925944017
-56.8549842564
-56.8939186939
-56.6374820667
-56.2123706881
-55.700224838
-55.1529298334
-54.6027885028
0
-70.0
-70.0
-70.0
-70.0
-68.2076813522
-66.4753674518
-64.8368001965
-63.3090998368
-61.8988429597
-60.6060607348
-59.4268560421
-57.5351046917
-56.918883725
-56.2685216876
-55.6193537422
-54.9925411835
-54.4000356089
0
-70.0
-70.0
-70.0
-70.0
-67.8549820395
-65.9228051952
-64.1827389155
-62.6159411838
-61.205331172
-59.9354541258
-58.7923460939
-56.9434030717
-55.5525904893
0
-70.0
-70.0
-70.0
-70.0
-67.5320655341
-65.4169026701
-62.7639081961
-59.8766479051
-57.7650701337
-56.1892877997
-54.987508806
-54.0501911162
0
-70.0
-70.0
-70.0
-70.0
-67.6626909797
-65.6215492016
-64.6461458279
-63.5226989428
-62.3478741804
-61.1813835168
-60.0587763349
-58.9999194812
-58.0146080529
-57.1062675942
-56.2743877325
-56.3361135577
-56.9319452676
-56.1883794513
-55.4859606464
-55.6516440086
-55.5126658924
-54.3755234928
0
-70.0
-70.0
-70.0
-70.0
-67.9737091195
-66.1088109539
-64.4029116895
-62.8492750744
-61.4387839363
-60.1611964555
-59.0059374185
-57.9625840824
-56.2011526113
-54.8875886416
0
-70.0
-70.0
-70.0
-70.0
-67.1645120475
-64.8410688745
-62.9023006748
-61.2589630659
-60.6676617316
-59.9072922067
-59.0708274182
-58.2165876311
-57.3801575045
-56.5822941784
-55.8341663768
-55.1408174833
-54.5034475644
0
-70.0
-70.0
-70.0
-70.0
-67.6903697628
-65.6649126284
-63.0574745935
-61.0077626194
-59.3610100143
-58.0109247841
-56.8838428199
-55.928132214
-55.1071014433
-54.3942462661
0
-70.0
-70.0
-70.0
-70.0
-67.4809776652
-65.3368650087
-63.4891685813
-61.8809117721
-59.6499272942
-57.9396723643
-56.5988636609
-55.5244163168
-54.6456006998
0
-70.0
-70.0
-70.0
-70.0
-68.1989603086
-66.4617044834
-64.8206275055
-63.291960402
-61.8816947931
-60.5894789347
-59.4111667884
-57.5204739411
-56.085375768
-54.9714710052
-54.0874124473
-54.1907302311
-54.0630298936
0
-70.0
-70.0
-70.0
-70.0
-67.888748768
-66.7957064032
-66.3500241042
-65.4876139214
-64.4039140143
-63.2235636029
-62.0245679026
-60.8543515524
-59.7404100238
-57.8773647725
-56.446958796
-55.3238165836
-54.4224707033
0
-70.0
-70.0
-70.0
-70.0
-67.1761265978
-64.8592650032
-62.923839213
-61.2817890985
-59.0504993931
-56.5400422568
-54.7657665665
0
-70.0
-70.0
-70.0
-70.0
-67.7648184174
-66.6015488539
-65.300202154
-63.9593873956
-63.4595856274
-63.4810517122
-62.9945629727
-62.2195176299
-61.2971731699
-60.3171940549
-59.3353001174
-58.3849870843
-57.485299695
-57.4659772715
-56.3355179084
-54.5760583603
0
-70.0
-70.0
-70.0
-70.0
-66.9443235988
-64.4961069715
-62.4939734293
-60.8262275231
-59.4147057286
-58.2039691276
-56.3340615294
-54.9509815862
0
-70.0
-70.0
-70.0
-70.0
-68.2124154697
-66.4827842359
-64.8455793544
-63.3184037804
-61.9081516432
-60.6150619729
-58.6153727716
-57.0783801584
-55.8702385852
-54.8996790218
-54.1040206497
0
-70.0
-70.0
-70.0
-70.0
-67.8363317009
-65.8935863313
-64.9681528986
-63.863954409
-63.5093035016
-62.7962028404
-61.8918023491
-60.9027686426
-60.7159227973
-60.1966178635
-59.4951476412
-58.7077605864
-57.8950696673
-57.0942861269
-56.3273397985
-55.6062606748
-54.9367378448
-54.3204662186
0
-70.0
-70.0
-70.0
-70.0
-67.0324056764
-64.6341022264
-62.6573167489
-60.9993349041
-58.7679013004
-57.0867777615
-55.7918777127
-54.7718750931
0
-70.0
-70.0
-70.0
-70.0
-68.2935224276
-66.6098518032
-64.9959877018
-63.4778029842
-62.0676320542
-59.9492750944
-58.2966184154
-57.7984704608
-57.1896326727
-56.5346755774
-55.8738788009
-56.0516047751
-55.9065202004
-55.5725854489
-55.1364717497
-54.6535878052
-54.9787378449
-55.7778699407
-56.0147535334
-55.9063919046
-55.5944951972
-55.1708739995
0
-70.0
-70.0
-70.0
-70.0
-68.5871097567
-67.0698052854
-65.5404290932
-64.0547890747
-62.6449120945
-61.3274888366
-60.1094519206
-59.8116480403
-59.2559107774
-58.5639380605
-56.9932898283
-55.767791228
-54.7902323603
0
-70.0
-70.0
-70.0
-70.0
-67.2509466342
-64.9764830602
-63.0625888138
-61.4288326389
-60.0176178459
-58.7869683753
-57.7056797471
-56.7500505786
-55.9016713915
-55.1459214996
-54.4709408478
0
-70.0
-70.0
-70.0
-70.0
-67.0290879779
-64.6289044987
-62.6511642612
-60.9928146434
-59.5813777179
-58.3651363053
-57.3065535809
-56.3778521603
-55.5580362359
-54.8308788067
-54.1835550556
0
-70.0
-70.0
-70.0
-70.0
-67.8487502117
-65.9130419983
-64.1711823369
-62.6036937956
-61.1930775443
-59.9236052087
-58.781134967
-57.7529483231
-56.007604726
-54.7101450769
-54.5446644515
-54.2438872612
0
-70.0
-70.0
-70.0
-70.0
-68.4233280004
-67.6332138673
-66.5213715919
-65.2535538402
-63.1144113946
-61.3437788807
-60.6732734097
-59.8651943467
-58.1815070974
-56.8485778446
-55.7705343647
-54.8813571313
-54.1351388869
0
-70.0
-70.0
-70.0
-70.0
-67.9214989273
-66.0270149861
-64.3060907885
-62.746666577
-61.3361231642
-60.0619263444
-58.0920107077
-57.4103276354
-55.8843068708
-54.7225508498
0
-70.0
-70.0
-70.0
-70.0
-67.2661689693
-65.0003313852
-63.0908177886
-62.2787490377
-61.3322161526
-60.3365558831
-59.3446078586
-58.3879521153
-56.6643602655
-55.3580598134
-54.3456775484
0
-70.0
-70.0
-70.0
-70.0
-67.4703828777
-65.3202665084
-63.4695211365
-61.8600898755
-60.4490947897
-58.3841945786
-56.8157812993
-55.5975406218
-54.6300115278
0
-70.0
-70.0
-70.0
-70.0
-68.191813989
-66.4505085827
-63.9873750529
-61.9932490999
-60.3469985581
-58.9643482811
-57.7859465055
-56.76937389
-55.8837845243
-54.2863047541
0
-70.0
-70.0
-70.0
-70.0
-67.6126029021
-65.54307788
-63.7332602708
-62.9595943628
-62.0134083393
-60.9952497806
-59.9678463193
-58.9691426986
-57.2009491028
-55.0300013086
0
-70.0
-70.0
-70.0
-70.0
-67.7357961803
-65.7360806825
-63.141715361
-61.0970389894
-58.6303318668
-56.8126298644
-55.4449210008
-54.3927983159
0
-70.0
-70.0
-70.0
-70.0
-67.7106195371
-65.6966372748
-63.915026675
-61.5122260926
-59.6368048734
-58.1403253127
-56.9210933993
-55.9088511379
-55.8745440764
-54.7881417037
-54.7466955566
-54.5136046831
-54.1732966696
0
-70.0
-70.0
-70.0
-70.0
-69.0573626298
-67.8065347866
-66.4124869212
-64.9789753046
-64.3895691578
-63.5062731644
-62.476086463
-61.3921048933
-60.3119791217
-58.4501710214
-57.0014137938
-55.8487789975
-54.9122388198
-54.1365734191
0
-70.0
-70.0
-70.0
-70.0
-68.2026416225
-66.4674718753
-64.8274542977
-63.2991952746
-62.7089333516
-61.8811450861
-60.9384339572
-59.1381928147
-57.703441702
-56.5358096443
-55.5673700882
-54.7507273516
-54.0523841313
0
-70.0
-70.0
-70.0
-70.0
-68.0460366104
-66.2221240229
-64.537039003
-63.8114200243
-62.8656679696
-61.8193611378
-60.7475983341
-58.8762873741
-57.4076245523
-56.2295060408
-55.2649847325
-54.4607724565
0
-70.0
-70.0
-70.0
-70.0
-67.5958248513
-65.5167922671
-63.7021463076
-62.1066205217
-60.6957510328
-59.442704305
-58.3261194581
-57.3286312348
-56.4358505929
-55.6356538547
-54.9176806833
-54.272974091
0
-70.0
-70.0
-70.0
-70.0
-67.829495109
-65.8828756708
-64.1354748188
-61.7458518137
-59.8705496168
-58.3663499781
-57.1349518623
-56.1082812641
-55.2386695297
-54.4922801714
0
-70.0
-70.0
-70.0
-70.0
-67.8436331496
-65.9050252677
-64.9816930296
-63.8783039192
-62.7036603222
-61.52541882
-59.5642932913
-58.0188081977
-56.774223535
-55.7516652862
-54.8964081607
-54.17004028
0
-70.0
-70.0
-70.0
-70.0
-67.4779416569
-65.3321085958
-63.4835384726
-61.8749451163
-61.2839575986
-60.503233168
-59.6346907374
-58.7424089212
-57.8656262007
-57.0273690284
-56.2401690907
-55.5098434918
-54.8379866827
-54.2236063744
0
-70.0
-70.0
-70.0
-70.0
-67.8517047669
-65.9176708014
-64.1766613954
-61.789500372
-59.9142204122
-58.4085784226
-57.1749072814
-56.1455410206
-55.2730698968
0
-70.0
-70.0
-70.0
-70.0
-67.4895793012
-65.3503409053
-63.5051198375
-61.8978165356
-60.48684067
-59.2406937949
-58.1349825434
-56.3303897077
-55.806621016
-56.0688057671
-55.9738230922
-55.6677060509
-54.425112291
0
-70.0
-70.0
-70.0
-70.0
-67.5608742361
-65.4620363032
-63.6373323333
-61.217932207
-59.3423610576
-57.8556063327
-56.6516999534
-55.657632794
-54.8226047386
-54.110834414
0
-70.0
-70.0
-70.0
-70.0
-67.6810444027
-65.6503028975
-63.8601812312
-62.2741021904
-60.8633180262
-59.6047369268
-58.4794303696
-57.4715987563
-57.3878464964
-57.0413335906
-56.5487147275
-55.1648529187
-54.9323740694
0
-70.0
-70.0
-70.0
-70.0
-68.8025876712
-67.4073873516
-65.9400209148
-64.4782670222
-63.0686057859
-61.7371888512
-59.6770990621
-58.8884752198
-58.0690184072
-57.2583770393
-56.4800463173
-55.7470463402
-55.8856781426
-56.5426679526
-55.8487729069
-55.1874767825
-54.5677832152
0
-70.0
-70.0
-70.0
-70.0
-67.6113435708
-65.5411049276
-63.7309249107
-62.1371194036
-60.7262654525
-59.4722109001
-58.3540378053
-57.3546660216
-56.4598874173
-55.6576906742
-54.9377829392
-54.2912455335
0
-70.0
-70.0
-70.0
-70.0
-68.2142022179
-65.6655834747
-63.564226113
-62.6212708255
-61.5847886255
-60.5267396846
-59.4910189973
-58.503219285
-57.5770988148
-56.7188565722
-55.9299493408
-55.208940024
-54.5527030998
-54.7772041753
-54.7026646814
-54.4511854957
0
-70.0
-70.0
-70.0
-70.0
-68.6753805022
-67.2080961201
-65.7041222868
-64.2282672439
-63.6384786434
-62.7799895283
-62.6088964083
-62.0359439894
-61.2409744051
-60.3392935076
-59.4036418522
-58.4787961306
-57.5912621599
-57.5756997055
-57.2638389094
-56.784594468
-56.2208946543
-55.6253116109
-55.0304513978
-54.4558535567
0
-70.0
-70.0
-70.0
-70.0
-68.4035536723
-65.9622340866
-63.0953678657
-60.8887358709
-59.1517988117
-57.7545766157
-56.607757411
-55.6494073078
-54.8360836689
-54.1368866966
0
-70.0
-70.0
-70.0
-70.0
-67.8442418783
-65.9059789426
-64.1628218831
-63.4148335847
-62.4688794861
-61.4356777108
-60.3845673885
-59.3577489489
-58.3797329202
-57.4635988723
-57.4351318144
-57.1202138526
-56.6439226137
-55.2666837833
-54.2147843589
0
-70.0
-70.0
-70.0
-70.0
-67.7360702511
-64.9165100601
-62.6775569434
-61.681599842
-60.6446389198
-59.6176410691
-58.630854323
-57.7010871313
-56.0165239119
0
-70.0
-70.0
-70.0
-70.0
-66.6119408938
-63.975374067
-61.8775881687
-60.172997024
-58.7611424365
-57.5719916027
-56.5561013824
-56.4980305374
-56.1965870125
-56.5791679972
-57.3594109881
-57.532243083
-57.3348675705
-56.9219466773
-56.3934625855
-55.8132567109
-55.2213579625
-54.642173448
-54.9099236243
-54.8569096094
-54.6132042134
-54.263207502
0
-70.0
-70.0
-70.0
-70.0
-67.0529419992
-64.6662757988
-62.6954002186
-61.0396948632
-59.6282818211
-58.4104912685
-57.349467228
-56.4178705628
-55.5949835449
-54.0447518827
0
-70.0
-70.0
-70.0
-70.0
-67.7761907658
-65.7993655332
-64.0366248758
-62.4610929855
-61.0504040851
-59.7856439421
-58.6505997248
-57.6312198703
-56.715217962
-55.8917762182
-55.9713186313
-55.7700001248
-55.4068756835
-55.7787718292
-55.759283789
-55.5056148385
-55.9398929737
-55.9524634223
-55.711590244
-55.3266799956
-54.8681778467
-54.3808039625
0
-70.0
-70.0
-70.0
-70.0
