-70.0
-70.0
-63.0
-59.0333333333
0
-70.0
-70.0
-70.0
-70.0
-67.9259259259
-61.1333333333
-57.3533333333
-55.5068888889
-54.8821259259
-54.011197284
-54.0216001893
-54.5604552595
-55.398419793
-57.3879178533
-59.0020194278
-60.3370797248
-62.1639169493
-56.5751734787
0
-70.0
-70.0
-70.0
-70.0
-66.3299078459
-64.2501889586
-58.2680920684
-55.0698975319
0
-70.0
-70.0
-70.0
-70.0
-67.6432962455
-67.2904892547
-67.169122085
-67.1906643804
-60.5703633745
-54.5791706584
0
-70.0
-70.0
-70.0
-70.0
-69.2052701993
-68.7549233123
-68.5262177363
-68.4381204662
-68.4373247552
-62.5675799848
-59.2934804564
-57.6859047242
-57.1318291274
-57.2283227983
-56.7153670617
-56.8504147177
-57.3697628207
-58.1023795885
-58.9385369962
-59.8089468743
0
-70.0
-70.0
-70.0
-70.0
-64.3348557722
-57.2357184875
0
-70.0
-70.0
-70.0
-70.0
-68.3855486384
-67.4706928668
-67.0060896416
-66.8271247185
-66.0230391382
-65.673153152
-65.6074497886
-66.0107371922
-66.3856850612
-66.7311309473
-67.0473607807
-67.335519988
-67.5972315128
-67.8343507106
-67.2463414031
-66.9853244385
-66.9292034452
-66.9978907343
-67.1391734166
-60.319581127
-56.5505063824
-54.7373779895
-54.1582550208
0
-70.0
-70.0
-70.0
-70.0
-69.0754404525
-68.5515233756
-68.2854556836
-68.1829665456
-68.1820408446
-68.2420840625
-68.3367071912
-61.5028755885
-57.6858141072
-55.8060500815
-54.1513827332
0
-70.0
-70.0
-70.0
-70.0
-70.0
-63.2377686328
-59.4058375248
0
-70.0
-70.0
-70.0
-70.0
-69.3710601093
-69.0146608379
-67.8351883527
-67.1996652498
-66.9116958797
-66.8418577283
-66.1027571108
-65.7892048365
-65.1858777552
-64.9843522479
-65.0306252019
-65.224034801
-65.4992794003
-65.81445018
-67.1420560158
-61.3693227508
-58.1933720334
-56.6813558685
-56.218100974
-57.2020138072
-58.218961047
-59.7773862448
-61.0531951553
-62.1169073298
-63.0179043902
-63.7912391467
-64.4621986957
-65.049367802
-65.566690339
-59.0488392616
-55.5031673065
0
-70.0
-70.0
-70.0
-70.0
-70.0
-70.0
-63.9999947849
-60.5999918297
-58.8733236622
-58.208211973
-57.2022055905
-57.8935076652
-58.7118386545
-59.579109293
-60.4468346996
-61.2859087869
-62.0798229464
-62.8201773439
-63.5037174043
-64.1303841937
-64.7020381275
-65.2216292169
-65.6926628967
-66.1188610079
-66.5039511745
-66.8515402352
-67.1650423305
-67.4476421766
-67.7022806784
-67.9316544236
-68.1382235232
-68.3242241989
-69.4914833119
-69.5422117741
-69.5879084589
-69.6290628545
-69.6661200634
-62.6995080571
-57.8945778275
-55.4151337622
-54.4136295309
0
-70.0
-70.0
-70.0
-70.0
-70.0
-70.0
-69.5857395271
-69.3509919257
-69.9354806711
-70.0
-70.0
-69.2856392244
-68.5475014516
-68.1530354062
-67.9779212654
-68.8817277419
-69.4612873698
-69.8269802342
-63.0527870119
-59.2198448447
-57.2794180496
-56.5391813709
-57.4852056545
-58.4699800362
-59.445178664
-60.3821252186
-61.2648889773
-62.9540303572
-57.3237715493
-54.368157213
0
-70.0
-70.0
-70.0
-70.0
-63.0389293375
-58.094382032
-55.5245075809
-54.4650993243
0
-70.0
-70.0
-70.0
-70.0
-69.1522622284
-68.6718774912
-68.4279173992
-68.3339440973
-68.333095313
-68.3881495319
-68.4749104122
-60.6274787742
-56.2314371656
-54.0527642949
0
-70.0
-70.0
-70.0
-70.0
-68.7268732216
-67.6721013806
-68.1168338664
-68.4464455624
-68.6959977279
-69.5928994733
-70.0
-70.0
-70.0
-70.0
-70.0
-70.0
-70.0
-70.0
-70.0
-70.0
-70.0
-70.0
-63.086776536
-60.1107555762
-58.6547844812
-58.1593756748
-58.2568178684
-58.706722589
-59.3531080017
-61.0080441541
-62.3007377071
-63.3329959153
-64.1745843097
-63.8737296033
-63.8974257927
-65.0272711514
-65.8709359949
-66.5147703678
-60.0279023845
-54.1348515151
0
-70.0
-70.0
-70.0
-70.0
-68.4028010635
-67.4977216662
-67.0380833056
-66.8610308457
-66.8594316749
-67.960874125
-69.0230437909
-62.728878415
-59.194749909
-56.4604601033
-55.2712042164
-55.0486105437
-55.4134339887
-56.1185469227
-57.0043297857
-57.9689885106
-58.9488174619
-60.893526564
-62.6972344731
-63.040226266
-63.4780137996
-63.9580858598
-65.2499953697
-66.1834745633
-66.870779594
-67.3874699593
-67.7845685132
-67.1356938041
-66.8418458518
-66.7708088853
-66.8358264093
-66.9803093767
-67.1676555113
-67.3744746749
-60.5862068906
-54.4937059903
0
-70.0
-70.0
-70.0
-70.0
-66.2226733152
-65.0818874652
-64.5613530396
-64.4303206163
-64.5373571418
-58.1933607966
-54.7805176296
0
-70.0
-70.0
-70.0
-70.0
-68.4230836537
-68.5217903775
-68.6302880658
-68.7410437433
-68.8494623584
-68.0406562773
-67.6206840861
-67.4480113019
-67.4294739212
-67.5040356955
-67.6319715702
-67.787667376
-67.9548292803
-68.1232987802
-68.2869371875
-68.4422223256
-69.5850356727
-63.6188247588
-60.2518040518
-58.5565314926
-57.9208169073
-57.9420275925
-58.3566864172
-58.9935921648
-59.7426158746
-61.4949244623
-61.8300126186
-62.3033984251
-55.9249104345
0
-70.0
-70.0
-70.0
-70.0
-68.807905299
-68.1323849684
-66.9210138473
-66.2968240463
-66.0457493642
-66.0269129095
-66.148047273
-66.3491263153
-66.5914695302
-66.8504931415
-67.1108908702
-67.3634331451
-67.6028440718
-60.8311323019
-58.0736450584
-56.816697877
-57.0575285279
-56.6357262924
-56.8281207413
-57.3826200526
-58.135898971
-58.1808672205
-58.6018192629
-60.1758021828
-54.5285923349
0
-70.0
-70.0
-70.0
-70.0
-66.5185185185
-64.5456790123
-63.5437860082
-63.1578573388
-63.1543715592
-63.3804677061
-63.7367764708
-64.1593358472
-64.6075602781
-65.0562429274
-65.4902444194
-66.8975450132
-67.8453405358
-68.4858398314
-67.9228950727
-67.6543650484
-67.5714348655
-67.6026289269
-67.7012577329
-60.8384631591
-57.0261709762
-55.1712566339
-54.5525994741
-54.696318529
-55.2926726777
-56.140729411
-56.1192464839
-56.2357151782
-56.7644058888
-57.5228067856
-58.3937537641
-59.3031968257
-60.2054227685
-60.1610357371
-54.4782654967
0
-70.0
-70.0
-70.0
-70.0
-67.3470507545
-65.8437128487
-65.0802530102
-64.7861686735
-64.783512449
-64.9558016327
-64.2858427519
-64.0743393317
-57.2258864415
0
-70.0
-70.0
-70.0
-70.0
-65.2946156197
-62.6282311375
-61.2741260769
-60.7525255047
-60.7478143112
-54.6679342511
0
-70.0
-70.0
-70.0
-70.0
-69.3850119173
-68.0368193992
-67.2933432416
-66.937479439
-59.9474358856
-56.088495224
-54.2368476529
0
-70.0
-70.0
-70.0
-70.0
-65.3217723402
-62.6707766663
-61.3244867064
-55.1886125563
0
-70.0
-70.0
-70.0
-70.0
-65.3330326054
-61.6886182342
-59.7790156703
-58.9739536097
0
-70.0
-70.0
-70.0
-70.0
-65.4918457552
-62.9372250165
-61.6398784061
-61.0931745161
-61.0620463649
-54.9558417284
0
-70.0
-70.0
-70.0
-70.0
-69.4781283341
-69.1824010567
-69.0322179885
-68.9743675479
-68.9738450319
-69.0077366879
-69.0611471253
-69.1244884835
-70.0
-70.0
-69.4337873726
-62.1200382649
-57.9944541915
-55.9192886078
-55.1435463039
-55.1733160448
-55.6854006879
-55.5283324475
-55.9164804218
-56.6188198589
-57.4862628593
-57.621384095
-58.1150773666
-58.8074574174
-59.5959702006
-60.4158788638
-60.3589820091
-61.6457600696
-62.6963015703
-63.570083085
-64.3086825577
-64.9415528227
-65.4898898876
-65.9692291303
-58.4308338808
0
-70.0
-70.0
-70.0
-70.0
-68.7870312352
-68.0996822685
-66.8823040556
-66.2558003261
-66.0047047441
-65.9872239035
-66.1104946023
-66.3141072016
-66.5591378544
-66.8208516509
-67.0838515405
-67.3388564229
-67.5805641382
-67.8062366295
-69.014747969
-69.772696507
-70.0
-70.0
-70.0
-70.0
-70.0
-63.999548907
-58.2659599543
-55.2169412509
0
-70.0
-70.0
-70.0
-70.0
-68.656284792
-67.8948461741
-66.5081626202
-65.7925470672
-65.5034261665
-65.4798394205
-59.7343246143
-56.62920491
-55.7673818127
-55.7247085606
-56.1749476573
-56.9059261934
-57.7809824419
-59.5816295335
-61.009296804
-62.1655872729
-63.1205086451
-64.7252469827
-65.8639150859
-66.6849854449
-66.288804785
-59.190788504
-55.2922857853
0
-70.0
-70.0
-70.0
-70.0
-67.8498704466
-61.7055377737
-58.2954202442
0
-70.0
-70.0
-70.0
-70.0
-63.0374960035
-59.0920770721
-57.0884231442
-56.3166166827
-55.3099463117
-55.1956125453
0
-70.0
-70.0
-70.0
-70.0
-68.5592073801
-67.7427582289
-66.3541424254
-59.0521951734
-55.0359536497
0
-70.0
-70.0
-70.0
-70.0
-69.3927833142
-61.4535101979
-56.6414959881
-54.1995709294
0
-70.0
-70.0
-70.0
-70.0
-70.0
-63.257277854
-59.4364019712
-57.4959963759
-56.7485531395
-56.741802093
-57.1796913953
-57.8697685969
-58.6881559646
-58.5577722919
-58.8609496786
0
-70.0
-70.0
-70.0
-70.0
-66.8888888889
-65.1259259259
-64.230617284
-63.885744856
-63.882629904
-64.0846732693
-64.4030768462
-64.7806830975
-57.3103221344
0
-70.0
-70.0
-70.0
-70.0
-69.1886053089
-68.7288149839
-68.4953136228
-68.4053690187
-68.4045566223
-68.4572506304
-68.5402920142
-68.6387737774
-68.7432370427
-68.8478071005
-69.9489438311
-70.0
-70.0
-63.2952813371
-60.2984098972
-59.1570067034
-59.1669312303
-59.5339882388
-59.1032231598
0
-70.0
-70.0
-70.0
-70.0
-69.0781893004
-68.555829904
-68.2905532693
-68.1883688462
-61.3695319616
-57.5659120988
-55.6982097778
-54.0933331682
0
-70.0
-70.0
-70.0
-70.0
-70.0
-70.0
-63.9609815577
-60.538871107
-58.8009757998
0
-70.0
-70.0
-70.0
-70.0
-63.3127572016
-59.5233196159
0
-70.0
-70.0
-70.0
-70.0
-69.7371486204
-69.5881995054
-70.0
-70.0
-63.6651442278
-59.0764075828
-56.6872853431
-55.1420135989
0
-70.0
-70.0
-70.0
-70.0
-64.9062304188
-62.0197609895
-55.6279613729
0
-70.0
-70.0
-70.0
-70.0
-69.3687946432
-62.4208052519
-56.1713181087
0
-70.0
-70.0
-70.0
-70.0
-70.0
-70.0
-70.0
-63.2960958105
-59.4972167698
-57.5679821197
-56.8248419257
-56.8181297451
-57.2534981119
-57.9396025282
-58.7532784271
-60.6048136656
-62.0289076865
-63.1490671761
-64.0495272974
-64.7881524602
-65.4050558093
-65.928362625
-66.3780679603
-66.7686222295
-67.1106673833
-67.4122055629
-67.6793882852
-60.919156743
-57.1657125929
-55.3414556831
-54.7355196811
-54.8807740906
-55.4719009332
-56.3108470077
0
-70.0
-70.0
-70.0
-70.0
-69.0782487031
-68.5559229683
-68.2906634284
-68.1884855902
-68.1875627009
-68.247423544
-68.341759265
-68.4536353888
-69.5723042323
-70.0
-70.0
-70.0
-70.0
-70.0
-70.0
-70.0
-70.0
-70.0
-70.0
-70.0
-70.0
-70.0
-69.4443212378
-69.1294366059
-69.7719937424
-70.0
-70.0
-70.0
-69.1975200477
-68.4094480747
-67.9896232885
-67.8047409738
-60.7669890224
-56.0496357484
0
-70.0
-70.0
-70.0
-70.0
-69.2962937177
-68.8975268244
-68.6950157943
-68.6170086497
-68.6163040747
-69.6617037985
-70.0
-70.0
-70.0
-70.0
-70.0
-70.0
-70.0
-70.0
-70.0
-70.0
-70.0
-70.0
-63.0388179565
-59.0941481319
-57.0908746327
-56.3192147121
-56.312244936
0
-70.0
-70.0
-70.0
-70.0
-68.7825696436
-68.0926924416
-67.7423430391
-67.6073886296
-67.6061696962
-67.6852326797
-67.8098293804
-67.9575930882
-67.1258925632
-66.3893424961
-66.0677677059
-67.005889419
-60.6756708475
-57.7439062319
-56.3933839214
-56.59217996
-57.1583849178
-57.9261617286
-58.7892890908
-59.6808558717
0
-70.0
-70.0
-70.0
-70.0
-65.9062304188
-63.5864276561
-56.7910477927
-54.1489800505
0
-70.0
-70.0
-70.0
-70.0
-70.0
-63.4271029145
-59.7024612328
-58.6133966517
-58.3395113481
-58.5638631209
0
-70.0
-70.0
-70.0
-70.0
-69.7445552384
-69.5998032069
-61.9361191825
-55.2733714618
0
-70.0
-70.0
-70.0
-70.0
-68.8550525834
-68.2062490474
-68.7450713814
-69.1101957357
-69.3589304905
-69.529540327
-69.647588218
-69.730164012
-69.7887040213
-62.8668388438
-58.9514917759
-56.9705671426
-56.2163267911
-56.2232383539
-56.6866106798
-58.4032754883
-59.819831857
-61.0091046164
-61.022404387
-61.3296374364
-61.8029893515
-62.3602341888
-62.9492399516
-62.669355987
-62.7457804087
-63.0334423814
-63.4382581523
-63.8998723432
-64.3801784462
-64.8556894931
-65.3124731382
-65.7427942207
-67.1418787702
-68.0766002076
-68.7015463964
-62.8236844102
-59.5361777381
-57.9124678102
-57.3411595931
0
-70.0
-70.0
-70.0
-70.0
-69.3742851109
-69.0197133405
-69.7079592574
-70.0
-69.2623583803
-68.8443614625
-68.6320845964
-68.5503156569
-68.5495771046
-68.5974814031
-62.6499417675
-58.3849475908
-56.2131194984
-55.3695853263
0
-70.0
-70.0
-70.0
-70.0
-62.9869938526
-57.6622821724
-54.8787124253
0
-70.0
-70.0
-70.0
-70.0
-69.5171467764
-62.5166590459
-58.565811106
-56.5764419719
-55.8302724257
0
-70.0
-70.0
-70.0
-70.0
-68.7448559671
-61.6481481481
-57.6685185185
-55.6917901235
-54.9826934156
-55.0578122771
-55.6009565181
-56.4068111787
-57.3434302691
-57.353299676
-57.7807779975
-58.4445723906
-59.2280299467
-60.0571701488
-60.8860819318
-60.7750177657
-61.0158786739
-60.9043103741
-61.1405590484
-61.5776229514
-61.4169034911
-54.6086801325
0
-70.0
-70.0
-70.0
-70.0
-69.2537840248
-67.9187198007
-66.8537239395
-66.3196022915
-66.1218092263
-67.1324048678
-67.8343487571
-68.3277034654
-68.6794595082
-68.9345311503
-69.1230897639
-69.2654552732
-69.3753594031
-69.4621232342
-69.5321107584
-69.589699581
-69.6379295552
-69.6789365545
-69.714242869
-69.7449518953
-69.7718789146
-62.795762369
-58.850233696
0
-70.0
-70.0
-70.0
-70.0
-68.8559670782
-61.8222222222
-54.8375308642
0
-70.0
-70.0
-70.0
-70.0
-69.2052701993
-68.7549233123
-69.5185103897
-63.1747983539
-59.596077854
-57.5253589575
-56.6987489877
-56.6461580395
-57.7634352397
-58.8416870518
-59.860581904
-60.8098994185
-61.6858266133
-62.488522043
-63.2205218994
-56.939655843
0
-70.0
-70.0
-70.0
-70.0
-70.0
-69.2569730224
-68.8359244018
-68.6220977493
-68.5397318329
-68.5389878886
-67.7189291685
-66.9695962975
-66.6210100317
-66.5244912711
-59.5930873776
-55.7811421289
0
-70.0
-70.0
-70.0
-70.0
-63.4271029145
-59.7024612328
-57.8109275159
-57.9506224592
-58.4360853432
-59.1128268954
-58.8833000358
-59.1161405855
-59.6186402291
-60.266185341
-60.9791728968
-61.707659667
-62.4211630736
-63.101893015
-63.7402678794
-64.3319505354
-64.8758951112
-58.3801700675
-54.8700627057
0
-70.0
-70.0
-70.0
-70.0
-69.9465020576
-69.9161865569
-69.900791038
-68.9338791343
-68.3892693543
-68.1161945078
-68.9273516211
-69.4498008351
-69.7816103356
-69.9879756914
-70.0
-70.0
-70.0
-70.0
-70.0
-70.0
-63.0122032988
-59.0524518348
-57.0415192286
-55.2684314628
-54.6956310878
-54.8620964933
-55.4665725201
-56.3137057189
-57.2781954475
-58.2809494364
-59.2732368485
-61.2259675818
-62.690073769
-63.812201689
-64.6917383847
-65.396402456
-65.9726541502
-66.4526500284
-66.8588925544
-67.2073416515
-60.511604822
-56.8104425636
-55.029397123
-54.4597899546
-54.6360326551
-55.2539105202
-56.1161735553
-57.0963255911
-58.1145392929
-59.1216495376
0
-70.0
-70.0
-70.0
-70.0
-65.5802469136
-63.0757201646
-61.8038134431
-61.3138756287
-61.3094504191
-61.5964802794
-62.0488155196
-62.5708048715
-62.7983049869
-63.1748615566
-63.6283001132
-64.1127532433
-64.59966668
-65.0718258527
-66.4608661644
-67.4122614793
-68.0693566189
-68.527968482
-60.872702498
-56.5837861577
-54.4576434816
0
-70.0
-70.0
-70.0
-70.0
-63.9609815577
-58.2055377737
-55.1454202442
0
-70.0
-70.0
-70.0
-70.0
-70.0
-70.0
-70.0
-70.0
-70.0
-70.0
-69.0518238776
-68.5145240749
-68.2416600575
-68.1365529784
-68.1356036317
-68.1971805693
-61.2973783638
-56.5061120918
-54.0811485923
-54.1545152145
-55.0600513474
-56.1013713155
-57.1894509192
-58.2693169841
0
-70.0
-70.0
-70.0
-70.0
-68.9794238683
-67.5986282579
-66.8501966164
-59.7792601738
-56.8383711934
-55.5125587654
-55.1999860165
-55.5057761665
0
-70.0
-70.0
-70.0
-70.0
-69.7371486204
-70.0
-70.0
-70.0
-70.0
-70.0
-70.0
-63.0873404022
-56.8368332968
0
-70.0
-70.0
-70.0
-70.0
-70.0
-70.0
-70.0
-70.0
-70.0
-63.0877880185
-59.1708678956
-57.181686892
0
-70.0
-70.0
-70.0
-70.0
-68.6207093024
-67.8391112404
-61.0567224949
-58.2843835385
-57.0115007134
-56.6807209946
-56.9262291301
-58.3117955096
-58.8660754922
-59.5697742988
-60.3396677727
-61.1236149313
-61.8898627288
-62.6199493163
-63.3040029583
-63.9376350448
-57.5438715403
-54.1228177196
0
-70.0
-70.0
-70.0
-70.0
-68.592590014
-67.7950576886
-68.3890214112
-68.799098931
-69.0851754786
-69.2873155578
-69.4323557534
-69.5383013457
-69.6172586562
-69.6773910873
-69.7242241763
-69.7615165572
-69.7918414339
-63.8075190594
-60.4233416661
-58.7120571745
0
-70.0
-70.0
-70.0
-70.0
-69.2096760574
-62.3763662897
-56.1971682194
0
-70.0
-70.0
-70.0
-70.0
-68.1234489675
-67.0600700491
-66.520040363
-67.2534935425
-67.7851156655
-68.177918417
-69.1780398245
-69.8055113414
-70.0
-70.0
-70.0
-70.0
-63.296296236
-57.1641974364
0
-70.0
-70.0
-70.0
-70.0
-70.0
-70.0
-69.0231672001
-68.1362952802
-67.6662956189
-67.4620859682
-67.4241573121
-68.4482430991
-69.1144198013
-69.5436451626
-69.8163922073
-69.9861606939
-70.0
-70.0
-70.0
-63.0313110957
-59.0823873832
-57.0769535763
-57.2929004864
-57.8460386162
-58.139624055
-58.7111211831
-59.4303154205
-59.5104510786
-59.9081841041
-60.4832177827
-62.0576725685
-56.3210411141
0
-70.0
-70.0
-70.0
-70.0
-68.6584700842
-67.8982697985
-67.5122073005
-68.3461546951
-68.9016513087
-69.2715608999
-69.517787958
-69.6815979275
-69.7904973117
-69.8628203651
-70.0
-70.0
-70.0
-69.2891915817
-68.8864001447
-68.1262897221
-67.7326804778
-60.573495649
-55.8884978598
0
-70.0
-70.0
-70.0
-70.0
-69.5059403479
-69.2259732118
-68.1228122653
-67.5234886219
-67.6902126201
-67.8672399317
-61.6360714941
-58.1761680484
-56.4943537127
-55.9354533208
-56.0689313084
-56.6133870573
-57.386280938
-58.2704745686
0
-70.0
-70.0
-70.0
-70.0
-68.6172839506
-67.833744856
-68.1395336077
-68.3850224051
-61.8592773663
-57.3029792593
-54.9924344198
0
-70.0
-70.0
-70.0
-70.0
-69.4641060814
-69.1604328608
-69.8086836356
-70.0
-70.0
-70.0
-63.1923926331
-59.3347484585
-57.3756703385
-55.6225568941
-55.0499369309
-55.2047003887
-56.7733935871
-58.1554963866
-59.3795748534
-60.4680361051
-61.4388449859
-62.3067021482
-63.0838597073
-63.7806922525
-64.4061020379
-64.9678111745
-65.472576284
-64.929774961
-64.7731016684
-65.8481894062
-66.6316357353
-60.2153857421
-56.6917895547
-55.0212388571
-54.5182004767
-54.7324374325
-54.3959106531
-54.7141308971
0
-70.0
-70.0
-70.0
-70.0
-62.0034254874
-58.4697496053
-56.7338857559
-56.1345712544
-56.2371635117
0
-70.0
-70.0
-70.0
-70.0
-69.3251028807
-68.9426611797
-68.7484407865
-68.673627191
-68.6729514607
-68.7167809738
-68.7858526492
-69.8417549379
-69.4882784932
-69.2932500099
-69.1997912529
-61.4773429918
-57.1279626021
-55.8596107864
-55.569946004
-55.0746797987
-55.2750307489
-55.3305180718
0
-70.0
-70.0
-70.0
-70.0
-69.2866941015
-68.8824874257
-62.0869074836
-58.2733292689
-56.3760713645
-54.7034085963
-54.2096973154
-54.4398139698
-55.0965568301
-55.9873839852
-56.9889674788
-58.023618659
-59.0436220785
-59.0598551699
0
-70.0
-70.0
-70.0
-70.0
-68.9466357148
-68.3497292865
-68.0465944533
-67.9298270716
-67.9287724069
-67.9971805278
-68.1049860495
-68.2328364941
-68.3684522111
-68.5042065676
-68.6355189626
-68.7597891008
-68.8756915471
-68.9827099632
-62.0839883318
-58.2086224085
-56.2764487742
-54.5747299584
-54.0678743369
0
-70.0
-70.0
-70.0
-70.0
-69.323053735
-62.0203779912
-57.9047599451
-55.1348600823
0
-70.0
-70.0
-70.0
-70.0
-69.0717652571
-68.5457655695
-68.2786402379
-68.1757436977
-68.174814317
-68.2350962113
-67.3886231377
-59.9837707967
0
-70.0
-70.0
-70.0
-70.0
-69.0197210401
-68.4642296295
-62.5917943717
-59.3152734046
-57.7055183776
-57.1494814154
-57.2442098576
-57.7262399276
-58.4245833054
0
-70.0
-70.0
-70.0
-70.0
-68.6414522026
-67.167904747
-66.3781794488
-67.0227879633
-67.5087934732
-67.8834369967
-68.8824789147
-69.5191547683
-68.9757161183
-68.6837957243
-67.9969614083
-67.6516287717
-67.5227082307
-59.8289650711
-55.551753673
0
-70.0
-70.0
-70.0
-70.0
-69.4915409236
-69.2034141137
-69.0570908906
-62.1221179698
-59.1847118427
-57.7827777717
-57.34885807
-57.51021098
-58.0233490267
0
-70.0
-70.0
-70.0
-70.0
-65.349659904
-62.714467183
-61.3762026442
-55.2434198822
0
-70.0
-70.0
-70.0
-70.0
-69.3854595336
-69.7409236397
-69.962837982
-70.0
-70.0
-70.0
-70.0
-70.0
-70.0
-70.0
-70.0
-70.0
-70.0
-70.0
-70.0
-69.0863880948
-68.5686746818
-68.305757478
-68.2044819064
-61.2038443815
-54.9633337205
0
-70.0
-70.0
-70.0
-70.0
-62.5565705148
-58.3386271398
-56.1965735435
-55.371455601
-55.3640029821
-55.847397978
0
-70.0
-70.0
-70.0
-70.0
-69.0730628033
-68.5477983918
-68.2810464652
-68.1782937604
-68.1773656788
-68.2375633073
-68.3324297741
-68.4449353284
-68.56427415
-68.6837349713
-68.7992869651
-68.9086419291
-69.0106335099
-69.1048073414
-69.1911513956
-69.2699194483
-69.3415162982
-69.406423865
-69.4651542762
-70.0
-70.0
-69.9998151901
-69.9997104644
-69.9996572803
-69.9996367937
-62.1972039786
-57.7758374902
-55.88714263
-55.224354293
-55.3192028143
-55.1617681296
-55.5619150477
-56.2832726971
-57.3818163312
-58.7948819673
0
-70.0
-70.0
-70.0
-70.0
-69.1074531321
-69.5431489102
-69.8197947467
-69.9917890904
-70.0
-70.0
-70.0
-63.0843660078
-59.1655067456
-57.1753409634
-57.3827178337
-56.9283966676
-57.0915240791
-57.0641275011
0
-70.0
-70.0
-70.0
-70.0
-69.0164101001
-68.4590424901
-69.1644261545
-69.6155088147
-69.8989747837
-63.8975162853
-60.8333906435
-59.3004689036
0
-70.0
-70.0
-70.0
-70.0
-68.2217711292
-68.0165772383
-61.8813856953
-58.4708912464
-56.8088982022
-56.2514057689
-55.3752363854
-55.3370268758
-55.8028669409
-56.5556087485
-57.4554002082
-58.4134284104
-58.4622558799
-58.8761438322
-59.4952718092
-60.2169062018
0
-70.0
-70.0
-70.0
-70.0
-68.6172839506
-61.7555555556
-57.9133333333
-55.0986803841
0
-70.0
-70.0
-70.0
-70.0
-67.9583246306
-66.8013752546
-66.2138264538
-65.9875029582
-59.2585878585
-55.57928587
0
-70.0
-70.0
-70.0
-70.0
-69.2940991642
-68.8940886906
-69.6909065147
-70.0
-70.0
-63.257277854
-59.4364019712
-56.5133379058
-56.1212633745
-55.7930876543
-56.0697459671
-56.7000827558
-57.5216154039
0
-70.0
-70.0
-70.0
-70.0
-69.0695185355
-68.5422457055
-68.2744738174
-68.171328224
-68.1703965937
-67.2342498832
-66.7647535275
-66.5908972631
-66.6002202624
-67.7186889602
-68.4658138802
-68.9652283696
-68.3578971143
-68.048235124
-67.927496759
-67.9241371814
-67.9913168621
-69.0595623329
-68.8196490327
-68.7150460849
-68.6951161133
-68.72665426
-68.788022006
-68.86524192
-68.9493991378
-69.0349134972
-69.1183916629
-69.1978655069
-69.2722876298
-69.3411979825
-68.412211608
-67.5744127297
-67.1525863117
-66.438848695
-59.1293121181
0
-70.0
-70.0
-70.0
-70.0
-68.5588453919
-67.742191114
-67.3274588435
-67.1677041864
-67.1662612526
-67.2598534505
-67.4073469876
-67.582264877
-67.7678067813
-67.9535383646
-69.1331911572
-69.8698764608
-70.0
-63.2959955676
-59.4970597226
0
-70.0
-70.0
-70.0
-70.0
-65.9062304188
-64.5748666362
-63.9568861454
-63.7875349794
-57.5075469136
-54.155969177
0
-70.0
-70.0
-70.0
-70.0
-68.940981219
-68.3408705764
-62.2104872225
-58.791907636
-56.2460502058
-55.1770007407
-55.029671037
-56.3085969374
-57.5323325798
-58.6821628792
-59.7493222962
-60.7313072032
-61.6294545739
-62.4473611773
-63.1898597667
-63.8623635948
-64.4704537718
-65.0196260856
-65.5151419377
-64.964230376
-65.7964041954
-66.4358283471
-66.9382885599
-67.3418217356
-67.6725475832
-67.9485648389
-68.1825563644
-60.4228283915
0
-70.0
-70.0
-70.0
-70.0
-65.2067843216
-62.4906287705
-61.1112478142
-60.5799109799
-59.6011241416
-59.3604812338
-59.5707461147
-60.0445468395
-59.8582065772
-60.0844622006
-60.9950888409
-61.8416285304
-62.6214980598
-63.335369842
-56.199363722
0
-70.0
-70.0
-70.0
-70.0
-69.3196159122
-68.9340649291
-67.8260570035
-67.2337170147
-66.9705224542
-66.9135883028
-66.9823082019
-67.1241298679
-66.3928767005
-66.0743622433
-66.0141081609
-66.1108187728
-59.3032209905
-55.5752216215
0
-70.0
-70.0
-70.0
-70.0
-69.1459213145
-68.6619433927
-68.4161585265
-68.3214823226
-68.3206271895
-68.3760932033
-69.4634978231
-70.0
-70.0
-70.0
-70.0
-63.1265490117
-58.2350189391
-55.6922669309
-54.6435401616
-54.5261860946
-54.9715674513
-55.7397440169
0
-70.0
-70.0
-70.0
-70.0
-68.9475170168
-67.4389014882
-61.0283446728
-57.481065761
-55.769996222
-55.2176879578
-55.379046734
-55.9632271086
-56.7816277631
-57.7132805637
-58.6818295586
-59.6402313036
-60.5605979738
-54.5083918497
0
-70.0
-70.0
-70.0
-70.0
-69.3857978533
-69.0377499702
-68.8609962414
-68.792910796
-68.7922958356
-68.8321836648
-68.8950435735
-68.9695913996
-62.0726454604
