-70.0
-70.0
-70.0
-70.0
-63.6666666667
-60.0777777778
-58.2551851852
-57.7833734568
-58.1994733539
-70.0
-70.0
-70.0
-70.0
-70.0
-70.0
-70.0
-70.0
-70.0
-70.0
-70.0
-70.0
-69.2329688814
-70.0
-70.0
-70.0
-70.0
-70.0
-70.0
-70.0
-70.0
-70.0
-70.0
-70.0
-70.0
-70.0
-65.0628392319
-66.3067559657
-70.0
-70.0
-70.0
-70.0
-70.0
-70.0
-70.0
-70.0
-70.0
-70.0
-69.3731118615
-70.0
-70.0
-70.0
-70.0
-70.0
-70.0
-70.0
-70.0
-70.0
-70.0
-70.0
-69.6129547702
-69.39362914
-70.0
-70.0
-70.0
-70.0
-70.0
-70.0
-70.0
-70.0
-70.0
-70.0
-70.0
-70.0
-63.1607849874
-64.1621124472
-69.0911890454
-70.0
-70.0
-70.0
-70.0
-70.0
-70.0
-70.0
-70.0
-70.0
-70.0
-70.0
-70.0
-70.0
-70.0
-70.0
-70.0
-68.7316198097
-69.0128593012
-69.2145076861
-69.3616797941
-68.5102788415
-68.0490956418
-68.7057286245
-69.1428507933
-62.9333158611
-63.5835634432
-69.6024431277
-70.0
-70.0
-70.0
-70.0
-66.6916918395
-64.8169838819
-63.8649263113
-63.4981942252
-63.4948818327
-63.7097316695
-64.0483171826
-64.4498579176
-69.8797524895
-70.0
-70.0
-70.0
-70.0
-70.0
-70.0
-70.0
-70.0
-70.0
-63.4726544483
-59.7738253024
-58.5679287867
-65.9080344163
-70.0
-70.0
-70.0
-67.6019667383
-66.2430812233
-65.5529805402
-65.2871541124
-65.2847531186
-65.4404874184
-65.6859117509
-65.9769692921
-68.9671822593
-70.0
-70.0
-70.0
-70.0
-70.0
-70.0
-70.0
-63.671120941
-59.7514228075
-57.7412231672
-56.3881737219
-56.0300715973
-58.4886303171
-60.2992823872
-65.6289479312
-70.0
-70.0
-70.0
-70.0
-69.958593939
-69.9351305044
-69.9232147601
-69.9186248216
-69.9185833644
-70.0
-70.0
-70.0
-70.0
-70.0
-70.0
-70.0
-70.0
-70.0
-70.0
-69.9191248228
-69.8732955557
-69.2944659213
-68.9706859434
-63.1728558647
-67.2630344312
-70.0
-70.0
-70.0
-67.893092613
-66.6991784271
-62.2039684124
-59.7667101232
-55.717557481
0
-70.0
-70.0
-70.0
-70.0
-70.0
-70.0
-70.0
-70.0
-70.0
-65.8054211679
-63.4284931631
-62.221386588
-57.5341875346
0
-70.0
-70.0
-70.0
-70.0
-70.0
-70.0
-70.0
-70.0
-70.0
-70.0
-70.0
-70.0
-70.0
-70.0
-70.0
-70.0
-70.0
-70.0
-70.0
-70.0
-70.0
-70.0
-70.0
-70.0
-70.0
-70.0
-70.0
-69.6744936167
-69.4900399996
-69.3963664959
-70.0
-70.0
-70.0
-70.0
-70.0
-70.0
-70.0
-70.0
-70.0
-70.0
-70.0
-70.0
-70.0
-69.4632022125
-63.3254835005
-62.6640741858
-64.0275852818
-65.9484416081
-70.0
-70.0
-70.0
-68.6666283175
-68.1103288085
-67.8395381429
-62.8231532128
-60.052550481
-58.7217704925
-58.299243483
-58.4357524946
-59.5668665295
-67.2656822976
-70.0
-70.0
-70.0
-70.0
-68.6786913516
-67.9299497841
-63.6608176286
-61.3106444144
-60.190185672
-55.8799598693
-54.0978257254
0
-70.0
-70.0
-70.0
-70.0
-70.0
-70.0
-69.9291110131
-68.8889408923
-68.3018741235
-68.0062382581
-67.8953154636
-68.893779707
-69.5297322628
-62.424464527
-59.3363259684
-62.1798274975
-69.9483290222
-70.0
-70.0
-70.0
-70.0
-70.0
-70.0
-70.0
-70.0
-70.0
-70.0
-70.0
-70.0
-70.0
-70.0
-70.0
-70.0
-70.0
-70.0
-70.0
-70.0
-70.0
-70.0
-70.0
-70.0
-70.0
-70.0
-66.3522433462
-70.0
-70.0
-70.0
-69.1540237287
-68.6746371749
-68.4311840035
-63.4114800413
-60.6192749959
-55.3677539133
0
-70.0
-70.0
-70.0
-70.0
-70.0
-70.0
-70.0
-70.0
-64.5700411099
-59.1597310722
-56.2748873472
-55.962466425
-56.2429316575
-57.9879541419
-70.0
-70.0
-70.0
-70.0
-70.0
-70.0
-70.0
-70.0
-70.0
-70.0
-70.0
-70.0
-70.0
-70.0
-70.0
-70.0
-70.0
-70.0
-70.0
-70.0
-70.0
-70.0
-64.237321832
-61.527359759
-55.5274605597
-58.8544753498
-70.0
-70.0
-70.0
-70.0
-70.0
-70.0
-70.0
-70.0
-63.7678215275
-60.2362537264
-58.6287410991
-58.685918503
-60.6634394451
-65.9225965086
-70.0
-70.0
-70.0
-70.0
-70.0
-70.0
-64.582492501
-61.5125715849
-58.9612406624
-58.0278871204
-59.6615417374
-69.5186150317
-70.0
-70.0
-70.0
-70.0
-70.0
-70.0
-70.0
-69.7965535799
-69.6812672752
-62.6387055243
-59.5660447998
-62.1323253138
-70.0
-70.0
-68.9829154944
-68.8103546449
-67.7724852752
-67.2240141443
-67.9864493683
-67.8073251535
-67.7729397861
-67.8265439061
-68.1599049146
-67.851288727
-65.1811470284
-69.0075037102
-70.0
-70.0
-70.0
-70.0
-70.0
-70.0
-70.0
-70.0
-70.0
-70.0
-70.0
-70.0
-70.0
-70.0
-70.0
-70.0
-70.0
-69.0279659431
-68.4771466442
-68.1974168433
-68.0896650681
-68.088691834
-68.1518181657
-68.2513000259
-68.3692791411
-68.4944239723
-69.3102420005
-70.0
-70.0
-70.0
-70.0
-70.0
-69.9745976444
-69.9602029763
-69.9528927428
-69.9500768447
-69.950051411
-69.9517011037
-69.9543008826
-63.3670776981
-59.6358411974
-58.6668712984
-66.8907571397
-70.0
-70.0
-70.0
-70.0
-70.0
-65.5605330332
-63.0448350853
-57.8783662582
-55.18253942
-54.0589586697
0
-70.0
-70.0
-70.0
-70.0
-70.0
-70.0
-70.0
-70.0
-70.0
-70.0
-70.0
-70.0
-70.0
-70.0
-63.5377483348
-60.5659910768
-62.9529600102
-70.0
-70.0
-70.0
-70.0
-70.0
-70.0
-65.6721378668
-63.219682658
-61.9742201108
-61.4944685787
-61.3591247702
-61.5659476595
-63.1359803903
-67.9830255408
-70.0
-70.0
-70.0
-68.1886021675
-67.5659859883
-67.2735500812
-68.171628671
-62.1656986051
-58.8232839455
-57.8940960552
-57.7401134525
-57.7136584027
-61.7016050142
-70.0
-70.0
-70.0
-70.0
-70.0
-70.0
-70.0
-70.0
-70.0
-70.0
-62.3481342201
-58.2340769448
-65.7741117515
-70.0
-70.0
-70.0
-70.0
-70.0
-70.0
-70.0
-70.0
-70.0
-70.0
-70.0
-63.2296252223
-59.393079515
-59.022988573
-67.737473418
-70.0
-70.0
-70.0
-70.0
-70.0
-70.0
-70.0
-70.0
-70.0
-70.0
-70.0
-70.0
-70.0
-70.0
-70.0
-70.0
-70.0
-70.0
-70.0
-70.0
-70.0
-70.0
-69.5900837849
-63.2701296411
-59.7024861668
-59.0128730709
-65.2973935263
-70.0
-70.0
-70.0
-68.9053919052
-65.9517806515
-64.3145545442
-63.5217337284
-63.2619834479
-63.3307338314
-57.5161036333
-54.4434553934
0
-70.0
-70.0
-70.0
-70.0
-70.0
-70.0
-70.0
-70.0
-70.0
-70.0
-70.0
-70.0
-70.0
-70.0
-63.1483856252
-64.0464622542
-69.0119548144
-70.0
-70.0
-68.2406443606
-67.2436761649
-65.7633850036
-66.0048697867
-65.7273761081
-65.7033006974
-65.832078761
-66.0482763072
-66.7634509885
-70.0
-70.0
-70.0
-70.0
-70.0
-70.0
-70.0
-70.0
-70.0
-63.8077472011
-60.2988039483
-55.3316260132
0
-70.0
-70.0
-70.0
-70.0
-70.0
-70.0
-70.0
-70.0
-70.0
-64.8599292795
-61.9472225379
-60.4680244083
-59.0957689145
-58.873296005
-68.9419561328
-70.0
-70.0
-70.0
-70.0
-70.0
-70.0
-70.0
-70.0
-70.0
-70.0
-69.1366956632
-69.1208134679
-70.0
-70.0
-70.0
-70.0
-70.0
-70.0
-68.3970507731
-66.5147251728
-65.5015056401
-65.0435237326
-65.8754228001
-66.5120481473
-67.565843973
-61.6889536468
-56.6620765518
-58.4258407606
-70.0
-70.0
-70.0
-70.0
-70.0
-70.0
-70.0
-70.0
-70.0
-70.0
-70.0
-70.0
-63.37935292
-59.627652908
-60.6952690082
-70.0
-70.0
-70.0
-70.0
-70.0
-70.0
-70.0
-70.0
-70.0
-70.0
-70.0
-70.0
-70.0
-70.0
-70.0
-70.0
-70.0
-70.0
-70.0
-70.0
-70.0
-70.0
-70.0
-70.0
-70.0
-70.0
-70.0
-70.0
-65.3318179546
-70.0
-70.0
-70.0
-70.0
-70.0
-70.0
-70.0
-70.0
-70.0
-70.0
-70.0
-70.0
-70.0
-70.0
-70.0
-70.0
-70.0
-70.0
-70.0
-70.0
-70.0
-70.0
-70.0
-70.0
-64.1594061421
-60.8497362892
-59.1689431679
-58.5215025228
-58.5156547184
-64.3560210082
-70.0
-70.0
-70.0
-70.0
-70.0
-70.0
-70.0
-70.0
-70.0
-63.947807832
-58.1848989369
-55.4543236352
-55.3968145068
-63.3880399438
-70.0
-70.0
-70.0
-70.0
-70.0
-70.0
-70.0
-64.1796666869
-60.8814778094
-59.2065152226
-58.5613204965
-59.5162049675
-63.2102985385
-70.0
-70.0
-68.017234897
-67.2595939313
-66.8963562208
-67.0777135904
-67.2839375592
-67.4982073551
-67.7101623209
-61.5438567663
-58.7953821978
-60.2175543659
-61.4571380509
-65.0028201221
-68.7233487657
-70.0
-70.0
-70.0
-70.0
-70.0
-64.1347640509
-61.0278795928
-61.4474149554
-60.9467693929
-62.8781146511
-60.7796117657
-60.2514585096
-60.259517939
-55.663110406
0
-70.0
-70.0
-70.0
-70.0
-70.0
-70.0
-70.0
-70.0
-70.0
-70.0
-70.0
-70.0
-70.0
-70.0
-70.0
-70.0
-70.0
-70.0
-70.0
-70.0
-70.0
-70.0
-70.0
-70.0
-70.0
-69.9281930748
-69.8875024839
-69.8668380466
-70.0
-65.1676442538
-67.6169140637
-70.0
-70.0
-70.0
-70.0
-70.0
-64.6179188539
-61.5680728711
-60.019229519
-59.4226158572
-59.4172271315
-59.7667529917
-67.3864797735
-70.0
-70.0
-70.0
-70.0
-70.0
-70.0
-70.0
-70.0
-63.9744549169
-60.5599793698
-58.8259613959
-58.158018565
-59.2913619416
-67.5740767655
-70.0
-70.0
-70.0
-70.0
-70.0
-70.0
-70.0
-70.0
-70.0
-63.454158022
-58.832639063
-58.1111933015
-61.1766592687
-68.8975251363
-70.0
-70.0
-70.0
-70.0
-70.0
-70.0
-70.0
-70.0
-70.0
-69.0813111021
-62.4071187826
-66.8763546362
-70.0
-70.0
-70.0
-70.0
-70.0
-70.0
-65.0385609565
-62.9307825355
-57.2103980404
-54.2044874087
0
-70.0
-70.0
-70.0
-70.0
-70.0
-70.0
-68.4610630104
-67.5889987164
-67.1461268494
-66.9755328342
-66.975704741
-67.076617727
-67.2346115944
-69.1783331486
-70.0
-70.0
-70.0
-70.0
-70.0
-70.0
-70.0
-70.0
-64.0771484928
-60.720865972
-59.928609432
-60.6727576497
-70.0
-70.0
-70.0
-70.0
-70.0
-70.0
-70.0
-69.3746614112
-69.0203028775
-63.7505940077
-60.0933785152
-58.2292699359
0
-70.0
-70.0
-70.0
-70.0
-70.0
-70.0
-70.0
-70.0
-70.0
-70.0
-70.0
-69.866573355
-69.7909649229
-69.7525676995
-69.7377771088
-70.0
-70.0
-70.0
-70.0
-70.0
-70.0
-67.0451062283
-63.0373330909
-58.5314247722
-56.2101656218
-55.2770712776
0
-70.0
-70.0
-70.0
-70.0
-70.0
-70.0
-70.0
-70.0
-68.1316610395
-64.7396022953
-62.8797136389
-62.0011233238
-56.8146724313
-54.1423128148
0
-70.0
-70.0
-70.0
-70.0
-70.0
-70.0
-70.0
-70.0
-70.0
-70.0
-70.0
-64.357513644
-61.160104709
-59.5363225243
-58.9108424627
-61.0924417831
-69.056962566
-70.0
-70.0
-70.0
-70.0
-70.0
-70.0
-70.0
-70.0
-70.0
-70.0
-70.0
-70.0
-70.0
-70.0
-70.0
-70.0
-70.0
-70.0
-70.0
-70.0
-70.0
-63.3594641578
-59.5964938472
-59.2776844123
-68.1234364643
-70.0
-70.0
-70.0
-70.0
-70.0
-66.2888546514
-64.1858722871
-63.1178871257
-62.7064997913
-62.7027840643
-62.9437951593
-63.3236086443
-63.7740431138
-66.6279867441
-70.0
-70.0
-70.0
-70.0
-70.0
-70.0
-70.0
-65.386203275
-62.7717184641
-61.4439702954
-60.9325223844
-61.8888844493
-63.4187669342
-70.0
-70.0
-70.0
-70.0
-70.0
-70.0
-70.0
-70.0
-70.0
-70.0
-70.0
-63.3102406923
-66.92439163
-70.0
-70.0
-70.0
-70.0
-70.0
-70.0
-70.0
-70.0
-70.0
-70.0
-70.0
-70.0
-70.0
-70.0
-70.0
-70.0
-70.0
-69.3276630285
-68.6580831282
-68.3010657505
-68.1434864655
-68.8145263827
-69.2566661203
-69.5467277588
-63.1455674609
-59.7581066528
-60.9953858721
-70.0
-70.0
-70.0
-69.6133102824
-70.0
-70.0
-69.4099538619
-69.0755943836
-68.9057922172
-68.1366808064
-67.7373245997
-67.573133389
-68.4460265703
-70.0
-70.0
-70.0
-70.0
-70.0
-66.198394817
-64.0441518799
-62.9501343884
-61.5364267605
-60.9703212917
-60.9316473007
-62.2104206008
-63.6648161096
-70.0
-70.0
-70.0
-70.0
-70.0
-70.0
-70.0
-64.560091076
-61.477476019
-59.9119911176
-59.3089671394
-59.3035205146
-59.6568018558
-63.28635104
-70.0
-70.0
-70.0
-70.0
-70.0
-70.0
-70.0
-65.2744889033
-62.5966992818
-60.4343330637
-59.4557688974
-59.2201047677
0
-70.0
-70.0
-70.0
-70.0
-70.0
-70.0
-70.0
-70.0
-70.0
-70.0
-70.0
-70.0
-70.0
-70.0
-70.0
-64.9750894339
-68.0963590423
-70.0
-70.0
-70.0
-70.0
-70.0
-70.0
-70.0
-70.0
-70.0
-70.0
-63.6814806471
-60.1009863471
-58.2826568889
-59.3826006433
-63.9914530676
-70.0
-70.0
-70.0
-70.0
-70.0
-70.0
-66.2262643793
-64.0874382835
-59.1123391276
-54.7124238854
0
-70.0
-70.0
-70.0
-70.0
-70.0
-70.0
-70.0
-70.0
-68.6265939033
-65.5149971151
-63.7975391384
-62.9738130478
-62.7137836251
-62.8006398507
-57.0145429573
0
-70.0
-70.0
-70.0
-70.0
-70.0
-70.0
-70.0
-68.7681987528
-67.1579695412
-67.0890354987
-62.2187812973
-59.5560027332
-58.306468837
-57.9465328714
-60.3826306432
-70.0
-70.0
-70.0
-70.0
-70.0
-70.0
-70.0
-70.0
-70.0
-70.0
-70.0
-63.3385140793
-60.2291271009
-66.6816183579
-70.0
-70.0
-70.0
-70.0
-70.0
-70.0
-70.0
-70.0
-70.0
-63.7976717125
-59.2834701093
-56.9321668103
-56.4149950699
-62.3128041529
-70.0
-70.0
-70.0
-70.0
-66.1231489636
-63.9262667097
-62.8105951337
-62.3808390169
-62.3769573797
-62.628729818
-63.025502287
-63.7157859717
-70.0
-70.0
-70.0
-70.0
-70.0
-70.0
-68.882973451
-65.9166584065
-63.2734318593
-62.9112637759
-62.9302541334
-63.1773065435
-63.5529611047
-63.993255138
-64.4576563867
-66.7896708571
-70.0
-70.0
-70.0
-70.0
-70.0
-70.0
-70.0
-70.0
-70.0
-70.0
-62.5398239405
-58.3123908401
-57.1264995096
-58.9074049775
-68.2933127381
-70.0
-70.0
-70.0
-70.0
-70.0
-70.0
-64.3406151065
-61.1336303335
-55.6160962364
0
-70.0
-70.0
-70.0
-70.0
-70.0
-70.0
-70.0
-70.0
-70.0
-70.0
-70.0
-64.7019348479
-60.7582255919
-58.7000591852
-57.841824035
-57.7321554771
-59.4752590625
-69.0871539416
-70.0
-70.0
-70.0
-70.0
-70.0
-69.0195805299
-68.4640094969
-67.626311005
-67.2028148763
-67.0419567032
-67.0440432426
-66.3413579224
-66.2614514529
-68.6568627348
-70.0
-70.0
-70.0
-70.0
-70.0
-70.0
-70.0
-70.0
-70.0
-70.0
-69.6005759364
-69.0409023004
-69.7370086389
-70.0
-70.0
-70.0
-70.0
-70.0
-70.0
-69.5131674221
-69.2372956279
-69.0971960305
-69.0432297377
-69.0427423041
-62.4840520781
-58.7993695398
-56.9619143656
-59.9246425051
-70.0
-70.0
-70.0
-70.0
-70.0
-70.0
-70.0
-70.0
-70.0
-70.0
-70.0
-70.0
-69.6421117624
-70.0
-70.0
-70.0
-70.0
-70.0
-70.0
-70.0
-70.0
-70.0
-70.0
-70.0
-70.0
-63.0578042899
-59.1238933875
-57.1260837332
-59.6142818657
-70.0
-70.0
-70.0
-70.0
-70.0
-70.0
-70.0
-70.0
-70.0
-70.0
-70.0
-70.0
-70.0
-70.0
-70.0
-70.0
-70.0
-70.0
-70.0
-68.1264343473
-67.976955649
-67.9547032416
-63.0836024299
-60.3914885286
-55.2076150146
0
-70.0
-70.0
-70.0
-70.0
-70.0
-70.0
-70.0
-70.0
-70.0
-65.0252523208
-59.8728953026
-56.1190527935
-54.3294455282
0
-70.0
-70.0
-70.0
-70.0
-70.0
-70.0
-69.9460964044
-69.9155510335
-70.0
-70.0
-70.0
-70.0
-70.0
-69.2931414448
-70.0
-70.0
-70.0
-70.0
-70.0
-65.6696206678
-63.2157390463
-61.9695521051
-61.4895215369
-62.3973943162
-63.5288715066
-64.6416926568
-64.7782526052
-62.1527117705
-70.0
-70.0
-70.0
-70.0
-70.0
-70.0
-70.0
-70.0
-70.0
-64.497940651
-61.38010702
-55.9078477184
0
-70.0
-70.0
-70.0
-70.0
-70.0
-70.0
-70.0
-70.0
-70.0
-70.0
-70.0
-70.0
-70.0
-70.0
-70.0
-70.0
-70.0
-70.0
-69.0318645216
-68.4832544172
-62.58736259
-59.5338084984
-57.2480799576
-56.3017068346
-59.250645249
-59.7300718268
-64.7357786702
-69.6395321979
-68.3466000425
-67.8245651923
-67.5838587758
-67.5199729667
-67.564309049
-66.6836614167
-66.2658174567
-66.1395838322
-67.8026339363
-70.0
-70.0
-70.0
-70.0
-70.0
-70.0
-70.0
-70.0
-70.0
-70.0
-70.0
-64.4947236432
-61.375067041
-60.2411401889
-67.7374459994
-70.0
-70.0
-70.0
-70.0
-70.0
-70.0
-70.0
-70.0
-70.0
-63.8357793935
-60.3427210499
-55.7954493081
-56.2510075077
-67.4922242943
-70.0
-70.0
-70.0
-70.0
-70.0
-70.0
-70.0
-70.0
-70.0
-70.0
-63.9258825234
-64.7307012924
-70.0
-70.0
-70.0
-70.0
-70.0
-67.3990317273
-66.7934624633
-66.5370054895
-66.4985644555
-60.9749304027
-57.9615856242
-57.4231719935
-59.3384069156
-69.405064669
-70.0
-70.0
-70.0
-70.0
-70.0
-70.0
-70.0
-70.0
-70.0
-64.611795438
-61.5584795195
-60.0078739844
-64.2093572417
-70.0
-70.0
-70.0
-70.0
-70.0
-70.0
-70.0
-70.0
-70.0
-64.9088383076
-62.0238466819
-60.5587234838
-59.9943587821
-60.8575740922
-64.557105679
-70.0
-70.0
-70.0
-70.0
-70.0
-70.0
-70.0
-66.7221258439
-64.8646638221
-62.9213644817
-61.9913393947
-61.1447241404
-54.8537415495
0
-70.0
-70.0
-70.0
-70.0
-70.0
-70.0
-70.0
-70.0
-70.0
-70.0
-70.0
-70.0
-70.0
-70.0
-70.0
-70.0
-70.0
-67.2090220655
-64.6289903414
-59.0377827401
0
-70.0
-70.0
-70.0
-70.0
-70.0
-70.0
-70.0
-70.0
-70.0
-70.0
-70.0
-70.0
-70.0
-63.3353393315
-59.558698286
-57.6407570491
-56.901967072
-59.6800257002
-64.0851640347
-70.0
-70.0
-70.0
-70.0
-70.0
-70.0
-70.0
-70.0
-70.0
-70.0
-70.0
-70.0
-70.0
-70.0
-70.0
-70.0
-70.0
-67.9225546297
-67.7063171442
-67.6530307482
-67.6992912189
-67.803737794
-68.7420836151
-69.347021654
-69.7317504221
-65.9440706444
-70.0
-70.0
-70.0
-70.0
-70.0
-70.0
-66.0173759637
-63.7605556765
-62.6144449816
-63.1339452897
-63.6745139648
-64.2097047044
-65.2083158794
-62.5996335691
-70.0
-70.0
-70.0
-70.0
-70.0
-70.0
-70.0
-70.0
-70.0
-70.0
-70.0
-70.0
-70.0
-70.0
-70.0
-70.0
-70.0
-70.0
-70.0
-70.0
-66.6976861149
-64.8263749134
-64.8760247611
-65.0766138443
-60.2993517711
-57.7563494681
-56.6386697707
-56.4134396265
-57.6662302327
-59.9704247285
-63.9358841989
-69.1453371565
-70.0
-70.0
-65.108486603
-62.3366290113
-60.928960156
-60.3867268375
-55.6129806827
-56.6228425892
-63.6741383387
-70.0
-70.0
-70.0
-70.0
-70.0
-70.0
-70.0
-70.0
-70.0
-70.0
-70.0
-70.0
-70.0
-70.0
-70.0
-70.0
-70.0
-70.0
-70.0
-70.0
-70.0
-70.0
-70.0
-70.0
-70.0
-70.0
-70.0
-70.0
-70.0
-70.0
-70.0
-70.0
-70.0
-70.0
-70.0
-70.0
-70.0
-70.0
-70.0
-70.0
-70.0
-70.0
-70.0
-70.0
-70.0
-70.0
-70.0
-70.0
-70.0
-70.0
-70.0
-70.0
-63.0930728183
-60.7379445483
-68.6266297073
-70.0
-70.0
-70.0
-70.0
-70.0
-70.0
-64.1558680341
-60.8441932534
-55.2734930544
0
-70.0
-70.0
-70.0
-70.0
-70.0
-70.0
-70.0
-70.0
-70.0
-70.0
-70.0
-70.0
-70.0
-70.0
-70.0
-70.0
-70.0
-70.0
-70.0
-70.0
-70.0
-70.0
-70.0
-70.0
-70.0
-70.0
-70.0
-70.0
-70.0
-70.0
-70.0
-70.0
-70.0
-70.0
-65.5916641373
-67.4815094008
-70.0
-70.0
-70.0
-70.0
-70.0
-70.0
-70.0
-70.0
-70.0
-70.0
-65.3515787178
-67.9612780239
-70.0
-70.0
-70.0
-70.0
-70.0
-70.0
-70.0
-70.0
-69.3889054041
-69.0426184664
-68.8667590216
-68.5682350579
-70.0
-70.0
-70.0
-70.0
-70.0
-70.0
-70.0
-65.2124684072
-62.499533838
-57.2328997463
-54.4984892997
0
-70.0
-70.0
-70.0
-70.0
-70.0
-70.0
-70.0
-70.0
-70.0
-70.0
-70.0
-70.0
-70.0
-70.0
-70.0
-63.4145452068
-60.1448355768
-62.5854686757
-70.0
-70.0
-70.0
-70.0
-70.0
-70.0
-70.0
-70.0
-70.0
-70.0
-70.0
-70.0
-70.0
-70.0
-70.0
-70.0
-70.0
-70.0
-70.0
-70.0
-64.9839427668
-62.1415103347
-56.809111642
-54.049368705
0
-70.0
-70.0
-70.0
-70.0
-70.0
-70.0
-70.0
-70.0
-70.0
-66.3389641475
-64.2643771644
-63.2108124024
-58.8787531439
-56.6502258173
0
-70.0
-70.0
-70.0
-70.0
-70.0
-70.0
-70.0
-70.0
-70.0
-70.0
-64.1926471492
-59.919155397
-57.6910884991
-56.9856435662
-65.3901912516
-70.0
-70.0
-70.0
-70.0
-70.0
-70.0
-70.0
-70.0
-70.0
-70.0
-70.0
-70.0
-70.0
-70.0
-70.0
-70.0
-70.0
-70.0
-70.0
-70.0
-70.0
-70.0
-70.0
-63.9755887427
-60.5617556969
-59.69637677
-60.1905416356
-68.3782644758
-70.0
-70.0
-70.0
-70.0
-70.0
-70.0
-70.0
-70.0
-70.0
-70.0
-70.0
-70.0
-70.0
-70.0
-70.0
-70.0
-70.0
-70.0
-70.0
-70.0
-70.0
-70.0
-70.0
-67.1347842166
-70.0
-70.0
-70.0
-70.0
-70.0
-70.0
-70.0
-70.0
-69.6358634177
-69.4295193544
-69.324728938
-70.0
-70.0
-70.0
-70.0
-70.0
-70.0
-70.0
