-70.0
-70.0
-70.0
-70.0
-70.0
-70.0
-70.0
-70.0
-70.0
-70.0
-70.0
-67.9820987654
-66.8386213992
-66.2579142661
-61.1083002515
-58.3149218343
-57.0283973895
-56.6888694764
-56.9288570792
-57.808337536
-62.0787913349
-70.0
-70.0
-70.0
-70.0
-70.0
-70.0
-70.0
-70.0
-70.0
-70.0
-70.0
-70.0
-63.5181698821
-61.4967631887
-61.9215407122
-64.9534030044
-68.1430474014
-64.0432213614
-61.7818850253
-60.6990203894
-60.3593342616
-60.4768781095
-60.8648418146
-61.4021253106
-57.8203811513
-60.8965463301
-68.5847135201
-70.0
-70.0
-70.0
-70.0
-70.0
-70.0
-70.0
-70.0
-70.0
-63.276189697
-59.7662349537
-58.4537861804
-63.6383850829
-70.0
-70.0
-70.0
-70.0
-70.0
-70.0
-70.0
-70.0
-70.0
-70.0
-70.0
-70.0
-70.0
-70.0
-70.0
-70.0
-70.0
-70.0
-70.0
-70.0
-70.0
-70.0
-63.4621350932
-59.7573449793
-54.602003096
-55.0515566625
-60.2130836229
-65.9694335029
-64.3866094978
-63.9935389911
-63.957912054
-59.2259594252
-56.7459225337
-55.699702981
-55.5486478167
-55.9397264576
-57.400221603
-61.8634318859
-62.1656717314
-64.6246325314
-66.5381056025
-67.9245312955
-68.8255690014
-69.405339325
-69.7730235416
-70.0
-70.0
-63.2941193737
-60.5604252777
-66.0649119228
-70.0
-70.0
-70.0
-70.0
-70.0
-70.0
-70.0
-70.0
-70.0
-70.0
-70.0
-70.0
-70.0
-70.0
-70.0
-70.0
-70.0
-70.0
-64.5210734918
-61.4163484704
-59.8396351753
-59.2322860257
-59.2268003351
-60.0364732542
-64.1778083749
-70.0
-70.0
-70.0
-70.0
-67.427019495
-65.9689972089
-65.2285505969
-64.9433309431
-64.9407547861
-65.107850599
-65.3711797335
-65.683471223
-66.3191996887
-61.7068545301
-67.7573415583
-70.0
-70.0
-70.0
-70.0
-70.0
-70.0
-70.0
-70.0
-70.0
-70.0
-70.0
-70.0
-70.0
-70.0
-70.0
-70.0
-70.0
-70.0
-70.0
-70.0
-70.0
-70.0
-63.6635943851
-60.0729645366
-58.2494878096
-57.5470855131
0
-70.0
-70.0
-70.0
-70.0
-68.7439729596
-68.0322243033
-67.6707676328
-67.5315347094
-67.5302771317
-67.6118466807
-67.7403935207
-68.3488317908
-70.0
-70.0
-70.0
-70.0
-70.0
-70.0
-64.4234448987
-61.263397008
-59.6585883733
-59.0404169134
-59.0348334736
-61.0837250703
-67.4986306165
-70.0
-70.0
-70.0
-70.0
-70.0
-70.0
-70.0
-70.0
-63.3575018897
-59.5934196271
-64.5951305004
-70.0
-70.0
-70.0
-70.0
-70.0
-70.0
-70.0
-70.0
-70.0
-70.0
-70.0
-70.0
-70.0
-70.0
-70.0
-70.0
-70.0
-70.0
-70.0
-70.0
-70.0
-70.0
-70.0
-70.0
-70.0
-70.0
-70.0
-70.0
-70.0
-70.0
-70.0
-70.0
-70.0
-70.0
-70.0
-70.0
-70.0
-70.0
-70.0
-70.0
-70.0
-70.0
-70.0
-70.0
-70.0
-70.0
-70.0
-70.0
-70.0
-70.0
-70.0
-70.0
-70.0
-70.0
-70.0
-70.0
-70.0
-70.0
-70.0
-70.0
-70.0
-63.9046797788
-60.4506649868
-58.6965672787
-58.1753954892
-59.4868186773
-65.8534461285
-70.0
-70.0
-70.0
-70.0
-70.0
-70.0
-70.0
-63.4897793085
-59.80065425
-59.0084756656
-63.8464408809
-70.0
-70.0
-70.0
-70.0
-70.0
-70.0
-70.0
-70.0
-70.0
-70.0
-70.0
-70.0
-70.0
-70.0
-70.0
-70.0
-70.0
-70.0
-70.0
-70.0
-70.0
-70.0
-70.0
-70.0
-70.0
-70.0
-70.0
-70.0
-70.0
-70.0
-70.0
-64.5015096006
-61.3856983743
-59.803355026
-59.1938371828
-59.1883319042
-59.5454176735
-62.4189030759
-70.0
-70.0
-70.0
-70.0
-70.0
-70.0
-70.0
-70.0
-70.0
-70.0
-70.0
-70.0
-70.0
-70.0
-70.0
-70.0
-70.0
-70.0
-70.0
-70.0
-70.0
-70.0
-70.0
-70.0
-70.0
-70.0
-70.0
-70.0
-70.0
-70.0
-70.0
-64.4339885173
-61.2799153437
-59.6781409281
-59.0611382479
0
-70.0
-70.0
-70.0
-70.0
-70.0
-70.0
-70.0
-70.0
-70.0
-70.0
-70.0
-70.0
-70.0
-70.0
-63.8554275806
-65.6597302608
-70.0
-70.0
-70.0
-70.0
-70.0
-70.0
-70.0
-70.0
-70.0
-70.0
-63.3498084152
-59.5813665171
-57.9829242313
-62.5784971728
-70.0
-70.0
-70.0
-70.0
-70.0
-65.8118708291
-63.4385976323
-62.2333471264
-61.769085252
-61.7648919523
-62.0368795741
-62.9361578674
-65.8718339526
-70.0
-70.0
-70.0
-70.0
-70.0
-70.0
-70.0
-70.0
-70.0
-63.4688142862
-59.7678090484
-58.6749982695
-61.9941614107
-67.5455432494
-65.4299506744
-64.3129301069
-63.8322867629
-63.7494911977
-63.908164152
-64.2064291195
-64.5785071294
-64.9824703643
-65.3920992931
-59.0578032538
0
-70.0
-70.0
-70.0
-70.0
-70.0
-70.0
-68.8693174639
-68.2285973602
-67.9032120526
-67.7778737996
-62.2380295298
-59.1728553169
-57.694655612
-57.2179139353
-57.3579384647
-61.7947827289
-70.0
-70.0
-70.0
-70.0
-70.0
-70.0
-70.0
-70.0
-70.0
-70.0
-70.0
-70.0
-70.0
-70.0
-70.0
-70.0
-70.0
-70.0
-70.0
-70.0
-70.0
-64.5997704918
-61.5396404372
-59.9855743899
-54.5310789253
0
-70.0
-70.0
-70.0
-70.0
-70.0
-70.0
-70.0
-70.0
-70.0
-70.0
-70.0
-70.0
-70.0
-63.3567488365
-60.2290111778
-63.4101079423
-70.0
-70.0
-70.0
-70.0
-70.0
-70.0
-70.0
-70.0
-70.0
-70.0
-70.0
-70.0
-70.0
-70.0
-70.0
-70.0
-70.0
-70.0
-70.0
-70.0
-70.0
-70.0
-70.0
-70.0
-70.0
-70.0
-70.0
-70.0
-70.0
-70.0
-70.0
-66.8483006424
-65.0623376731
-64.1553486358
-63.8059769255
-63.8028213352
-64.0075006031
-64.3300581438
-64.7125907301
-66.393959456
-70.0
-70.0
-70.0
-70.0
-70.0
-70.0
-70.0
-70.0
-70.0
-70.0
-70.0
-70.0
-70.0
-70.0
-70.0
-70.0
-70.0
-70.0
-70.0
-70.0
-66.4180164007
-64.3882256945
-63.3574104143
-62.960340899
-62.9567544932
-63.1893774999
-63.555972054
-64.7873740941
-70.0
-70.0
-70.0
-70.0
-68.1716766071
-67.1356266845
-66.6094758414
-61.5609539649
-58.8131423736
-57.5373506729
-57.1872972968
-57.4043553612
-58.2731312933
-54.3318244305
0
-70.0
-70.0
-70.0
-70.0
-70.0
-70.0
-70.0
-70.0
-70.0
-70.0
-70.0
-70.0
-70.0
-70.0
-70.0
-70.0
-70.0
-70.0
-70.0
-70.0
-70.0
-63.9456048701
-60.5147809632
-58.7724605869
-58.1013196749
-58.0952578052
0
-70.0
-70.0
-70.0
-70.0
-70.0
-70.0
-70.0
-70.0
-70.0
-70.0
-63.6735413104
-62.1777423716
-66.9546840637
-70.0
-70.0
-70.0
-70.0
-70.0
-70.0
-70.0
-70.0
-70.0
-70.0
-70.0
-70.0
-70.0
-70.0
-70.0
-70.0
-70.0
-70.0
-70.0
-64.2655108951
-61.0159670689
-55.5519238154
0
-70.0
-70.0
-70.0
-70.0
-70.0
-70.0
-70.0
-67.0608355013
-65.395308952
-64.5494827241
-64.2236708965
-58.7185633658
-55.7915467351
-54.5089518656
-54.9001067507
-56.9298490288
-61.3313570218
-65.8243255751
-68.6592958545
-70.0
-64.4859359394
-61.3612996384
-59.7744745366
-54.5068348469
0
-70.0
-70.0
-70.0
-70.0
-70.0
-69.2160623318
-66.4893132782
-64.9702867367
-64.2265279206
-59.1540732049
-56.6329024992
-56.5357525792
-57.7226959023
0
-70.0
-70.0
-70.0
-70.0
-70.0
-70.0
-70.0
-70.0
-70.0
-70.0
-70.0
-70.0
-70.0
-70.0
-70.0
-70.0
-70.0
-70.0
-70.0
-70.0
-70.0
-63.7621958288
-60.2274401317
-58.4323387091
-57.9006041325
-54.4306899184
-58.5456654954
-65.3607306398
-70.0
-70.0
-70.0
-70.0
-70.0
-70.0
-70.0
-63.6507287346
-60.0528083509
-58.2256291756
-58.6561717625
-61.0908354015
-67.7082543848
-70.0
-70.0
-70.0
-70.0
-70.0
-70.0
-70.0
-70.0
-70.0
-70.0
-70.0
-70.0
-70.0
-70.0
-70.0
-70.0
-70.0
-70.0
-70.0
-70.0
-70.0
-70.0
-70.0
-70.0
-70.0
-70.0
-70.0
-70.0
-70.0
-70.0
-70.0
-70.0
-70.0
-70.0
-70.0
-70.0
-70.0
-70.0
-70.0
-70.0
-70.0
-70.0
-70.0
-70.0
-70.0
-70.0
-70.0
-63.4855090468
-59.9612430874
-56.0168691289
-59.0583829588
-66.3136113485
-68.033794463
-69.1314445162
-69.9533766754
-70.0
-70.0
-70.0
-70.0
-70.0
-70.0
-70.0
-70.0
-70.0
-70.0
-70.0
-70.0
-67.0127916766
-65.3200402933
-64.4603881202
-64.1292505457
-64.1262596495
-64.3202564568
-58.4012537815
-55.2364770503
-55.8016854802
-64.169607919
-70.0
-70.0
-70.0
-70.0
-67.4564151691
-66.0150504315
-65.2830632413
-60.2044356015
-57.4837778309
-56.2685905742
-55.9971918677
-56.3011129149
-57.6086757835
-59.9472934125
-64.4846862557
-68.9910022499
-70.0
-70.0
-70.0
-70.0
-70.0
-63.8962288592
-60.4374252128
-59.5142602112
-62.0922417178
-65.466403825
-70.0
-70.0
-70.0
-70.0
-70.0
-70.0
-70.0
-70.0
-70.0
-70.0
-70.0
-70.0
-70.0
-70.0
-70.0
-69.2620488028
-66.845066504
-65.5000415746
-64.8430252312
-64.620714584
-59.2017576942
-54.0402978872
0
-70.0
-70.0
-70.0
-70.0
-70.0
-70.0
-70.0
-70.0
-70.0
-70.0
-70.0
-70.0
-70.0
-70.0
-70.0
-70.0
-70.0
-70.0
-70.0
-70.0
-70.0
-70.0
-70.0
-70.0
-70.0
-70.0
-70.0
-70.0
-70.0
-70.0
-70.0
-70.0
-70.0
-70.0
-70.0
-70.0
-70.0
-70.0
-63.5990551253
-59.9718530297
-58.9752772764
-65.3831665869
-70.0
-70.0
-70.0
-70.0
-70.0
-66.0299477596
-63.78025149
-62.6377586786
-62.1976710358
-62.1936960823
-62.4515212408
-62.8578322945
-63.6688356678
-70.0
-70.0
-70.0
-70.0
-70.0
-70.0
-67.1006857601
-65.4577410241
-64.623382815
-64.3019884624
-64.2990855688
-64.4873743137
-64.7841017501
-65.136001487
-65.6756652437
-68.9709551227
-70.0
-70.0
-70.0
-70.0
-70.0
-70.0
-70.0
-70.0
-70.0
-70.0
-70.0
-63.4442581193
-59.7293377203
-60.9811092879
-70.0
-70.0
-70.0
-70.0
-70.0
-70.0
-65.4837895883
-62.9246036883
-61.624938692
-61.1243084045
-61.1197866186
-61.4130806597
-61.875287729
-63.76433621
-70.0
-70.0
-70.0
-70.0
-70.0
-70.0
-70.0
-70.0
-70.0
-70.0
-63.5597320178
-59.9102468278
-58.0568808196
-57.8445432065
-58.9621697863
-62.3457085245
-70.0
-70.0
-70.0
-70.0
-70.0
-70.0
-70.0
-70.0
-64.104977939
-60.7644654377
-55.2988129085
0
-70.0
-70.0
-70.0
-70.0
-70.0
-70.0
-70.0
-70.0
-70.0
-70.0
-70.0
-70.0
-70.0
-70.0
-70.0
-70.0
-70.0
-70.0
-70.0
-70.0
-67.5797100069
-66.2082123442
-65.5117066684
-65.2434130406
-65.2409897626
-65.3981694704
-65.6458716461
-65.9396305633
-68.089533803
-70.0
-70.0
-70.0
-68.3182894555
-67.5009287117
-67.0938146418
-62.1777840914
-59.4889062914
-58.2259494017
-57.8606436212
0
-70.0
-70.0
-70.0
-70.0
-70.0
-70.0
-67.5408398649
-66.1473157883
-65.4396241494
-65.1670216944
-65.1645594983
-59.4469963753
-56.368225289
-56.3078801958
-60.90337105
-69.7635343108
-70.0
-70.0
-70.0
-70.0
-70.0
-70.0
-70.0
-70.0
-70.0
-70.0
-63.4615444577
-60.7739741681
-66.3639069599
-69.1420324503
-69.9342388663
-70.0
-70.0
-70.0
-70.0
-70.0
-63.9779863931
-60.5655120159
-58.8325103223
-58.1649589621
0
-70.0
-70.0
-70.0
-70.0
-70.0
-70.0
-70.0
-70.0
-65.1681695619
-62.4301323136
-61.0396388875
-60.5040215356
-60.4991837399
-60.8129749379
-56.4923695693
-57.9044483034
-63.6496779421
-69.2548266829
-70.0
-70.0
-70.0
-70.0
-70.0
-70.0
-70.0
-70.0
-70.0
-70.0
-70.0
-70.0
-70.0
-70.0
-70.0
-70.0
-70.0
-70.0
-70.0
-70.0
-70.0
-70.0
-70.0
-70.0
-70.0
-70.0
-70.0
-70.0
-70.0
-70.0
-70.0
-70.0
-70.0
-70.0
-70.0
-70.0
-70.0
-70.0
-70.0
-70.0
-70.0
-70.0
-70.0
-70.0
-70.0
-70.0
-70.0
-70.0
-70.0
-70.0
-70.0
-70.0
-64.2317888191
-65.1711688638
-70.0
-70.0
-70.0
-70.0
-70.0
-70.0
-70.0
-70.0
-70.0
-70.0
-70.0
-70.0
-70.0
-70.0
-70.0
-70.0
-70.0
-70.0
-70.0
-70.0
-70.0
-70.0
-70.0
-70.0
-70.0
-70.0
-70.0
-70.0
-70.0
-70.0
-70.0
-70.0
-70.0
-70.0
-70.0
-70.0
-70.0
-70.0
-70.0
-70.0
-70.0
-70.0
-70.0
-70.0
-67.4411249377
-65.9910957357
-65.2547083567
-64.9710523174
-64.9684902832
-65.1346700533
-65.3965555802
-65.7071350437
-66.0365782203
-68.0583033265
-70.0
-70.0
-70.0
-70.0
-70.0
-70.0
-70.0
-70.0
-70.0
-70.0
-63.917244764
-60.4703501303
-58.7198683458
-58.0455836635
-58.2126161631
-55.9150066106
-60.4497768972
-65.1845149922
-68.1858740161
-70.0
-70.0
-70.0
-70.0
-70.0
-70.0
-70.0
-70.0
-70.0
-70.0
-70.0
-70.0
-70.0
-70.0
-70.0
-70.0
-70.0
-70.0
-70.0
-70.0
-70.0
-70.0
-70.0
-70.0
-70.0
-70.0
-70.0
-70.0
-70.0
-70.0
-70.0
-70.0
-70.0
-70.0
-70.0
-70.0
-70.0
-70.0
-70.0
-70.0
-70.0
-70.0
-70.0
-70.0
-70.0
-70.0
-70.0
-63.84760907
-58.1173021264
-55.0752078893
0
-70.0
-70.0
-70.0
-70.0
-70.0
-70.0
-70.0
-70.0
-70.0
-70.0
-70.0
-70.0
-70.0
-70.0
-70.0
-70.0
-70.0
-70.0
-69.8840294569
-70.0
-70.0
-70.0
-70.0
-70.0
-70.0
-70.0
-70.0
-70.0
-70.0
-70.0
-70.0
-70.0
-70.0
-67.2275548015
-65.6565025223
-64.858654404
-64.5513237196
-64.5485478516
-58.897258565
0
-70.0
-70.0
-70.0
-70.0
-70.0
-70.0
-70.0
-70.0
-70.0
-65.3377418201
-62.6957955182
-61.3541012197
-60.8372812667
-60.8326132526
-61.1353920024
-61.6125461856
-59.1074881251
-70.0
-70.0
-70.0
-70.0
-70.0
-70.0
-70.0
-70.0
-70.0
-70.0
-64.0536024064
-60.6839771034
-58.9727360182
-58.4852037863
-59.277810828
-66.9060896413
-70.0
-70.0
-70.0
-70.0
-70.0
-70.0
-64.7650123161
-61.7985192952
-60.2920061729
-59.7116980937
-59.7064566431
-60.0464298846
-60.5821995
-61.741085242
-66.525902918
-70.0
-70.0
-70.0
-70.0
-70.0
-70.0
-70.0
-70.0
-70.0
-70.0
-70.0
-70.0
-70.0
-70.0
-70.0
-70.0
-70.0
-70.0
-70.0
-70.0
-70.0
-70.0
-70.0
-70.0
-63.8488665381
-60.363224243
-58.5930647245
-57.9112001892
-59.1171868363
-70.0
-70.0
-70.0
-70.0
-70.0
-70.0
-70.0
-70.0
-64.6447091753
-61.6100443747
-60.0689106818
-59.4752667767
-59.4699048744
-59.8176909039
-60.3657728248
-65.4075316827
-70.0
-70.0
-70.0
-70.0
-70.0
-70.0
-70.0
-70.0
-70.0
-70.0
-70.0
-70.0
-70.0
-70.0
-70.0
-70.0
-70.0
-70.0
-70.0
-70.0
-70.0
-70.0
-70.0
-70.0
-70.0
-70.0
-66.8201123375
-70.0
-70.0
-70.0
-66.8978634307
-65.1399860415
-64.2472600732
-63.9033824898
-63.9002765234
-64.1017370595
-64.4192221458
-58.5019347722
-56.3862294207
-58.9173418809
-66.5929309667
-70.0
-70.0
-70.0
-70.0
-70.0
-70.0
-70.0
-70.0
-63.8733330741
-60.4015551494
-58.6384365563
-57.9592841819
0
-70.0
-70.0
-70.0
-70.0
-70.0
-69.6286333383
-69.4181922301
-69.3113211574
-64.5771632716
-61.9174297643
-56.8860156123
-54.304299934
0
-70.0
-70.0
-70.0
-70.0
-70.0
-70.0
-70.0
-70.0
-70.0
-70.0
-70.0
-64.4299190353
-61.2735398219
-59.6705942999
-59.05314051
-59.4060407622
-64.379084711
-70.0
-70.0
-70.0
-70.0
-70.0
-70.0
-70.0
-70.0
-70.0
-70.0
-70.0
-70.0
-70.0
-70.0
-70.0
-70.0
-70.0
-70.0
-70.0
-70.0
-70.0
-70.0
-70.0
-70.0
-70.0
-70.0
-64.7251443955
-64.5840630837
-67.6247448205
-69.850144241
-70.0
-70.0
-64.5830832611
-59.2954669007
-56.4797148544
0
-70.0
-70.0
-70.0
-70.0
-70.0
-70.0
-70.0
-70.0
-70.0
-70.0
-70.0
-70.0
-70.0
-70.0
-70.0
-70.0
-70.0
-70.0
-70.0
-70.0
-70.0
-70.0
-70.0
-70.0
-70.0
-70.0
-70.0
-70.0
-70.0
-64.1677723424
-63.6635596578
-67.1025689712
-70.0
-70.0
-70.0
-70.0
-70.0
-70.0
-70.0
-70.0
-63.6651480654
-57.8599934275
-54.7815675305
-57.0236521895
-68.9187449575
-70.0
-70.0
-70.0
-70.0
-70.0
-70.0
-70.0
-64.5467351041
-61.4565516631
-59.8872232097
-59.2827186973
-59.2772587
-59.6314074116
-62.8719813154
-70.0
-70.0
-70.0
-70.0
-70.0
-70.0
-70.0
-70.0
-70.0
-70.0
-70.0
-70.0
-70.0
-70.0
-70.0
-70.0
-70.0
-70.0
-70.0
-70.0
-70.0
-70.0
-70.0
-70.0
-70.0
-70.0
-70.0
-70.0
-70.0
-70.0
-70.0
-70.0
-70.0
-70.0
-70.0
-70.0
-70.0
-70.0
-70.0
-70.0
-70.0
-70.0
-70.0
-70.0
-70.0
-70.0
-70.0
-70.0
-70.0
-70.0
-70.0
-70.0
-70.0
-70.0
-70.0
-70.0
-70.0
-70.0
-70.0
-70.0
-70.0
-70.0
-70.0
-70.0
-70.0
-70.0
-63.9987256817
-60.5980035679
-58.8709701808
-58.914854439
-61.6161072267
-69.2829133074
-70.0
-70.0
-70.0
-70.0
-70.0
-64.4027575918
-61.2309868938
-59.6202249119
-54.3310138137
0
-70.0
-70.0
-70.0
-70.0
-70.0
-70.0
-70.0
-70.0
-70.0
-70.0
-70.0
-70.0
-70.0
-70.0
-70.0
-70.0
-70.0
-70.0
-70.0
-70.0
-70.0
-70.0
-70.0
-70.0
-70.0
-64.1553624944
-60.8434012413
-59.161444448
-58.5135555571
-58.507703704
-60.4989228988
-69.125723318
-70.0
-70.0
-70.0
-70.0
-70.0
-70.0
-64.8288189066
-61.8984829536
-60.4103319501
-59.8370969496
-59.8319193844
-54.4177817875
0
-70.0
-70.0
-70.0
-70.0
-70.0
-70.0
-70.0
-70.0
-70.0
-70.0
-64.3223424398
-61.1050031557
-59.4710994801
-59.0194900627
-63.0579435312
-70.0
-70.0
-70.0
-70.0
-70.0
-65.6611358876
-63.2024462239
-58.2815640794
-55.7196493233
-54.6585121589
-54.5332127883
-54.9735927397
0
-70.0
-70.0
-70.0
-70.0
-70.0
-70.0
-70.0
-70.0
-70.0
-70.0
-70.0
-70.0
-70.0
-70.0
-63.6858596048
-60.1078467142
-60.4441243126
-64.2060673269
-68.3906229583
-70.0
-70.0
-64.9911624386
-62.1528211539
-60.7113890112
-55.5142807632
0
-70.0
-70.0
-70.0
-70.0
-70.0
-70.0
-70.0
-70.0
-70.0
-70.0
-70.0
-70.0
-70.0
-63.8625565073
-60.3846718614
-58.7978438561
-60.0111012862
-64.5014371192
-70.0
-70.0
-70.0
-70.0
-70.0
-70.0
-70.0
-64.0537332023
-60.684182017
-55.3143605163
0
-70.0
-70.0
-70.0
-70.0
-70.0
-70.0
-70.0
-67.690039603
-66.3810620447
-65.7163067749
-65.4602433871
-65.4579305749
-59.8986640032
-56.8998152601
0
-70.0
-70.0
-70.0
-70.0
-70.0
-70.0
-70.0
-70.0
-70.0
-70.0
-70.0
-70.0
-70.0
-70.0
-70.0
-70.0
-67.2175920189
-65.6408941629
-61.19100363
-58.8147025226
-57.7617651074
-57.5379438214
0
-70.0
-70.0
-70.0
-70.0
-70.0
-70.0
-70.0
-70.0
-70.0
-70.0
-70.0
-70.0
-70.0
-70.0
-70.0
-70.0
-70.0
-70.0
-70.0
-70.0
-70.0
-70.0
-70.0
-70.0
-70.0
-70.0
-70.0
-70.0
-70.0
-70.0
-70.0
-63.5647233256
-62.4888162414
-65.3677503982
-70.0
-70.0
-70.0
-66.5885890464
-64.6554561727
-63.6737279094
-63.2955666878
-63.2921510652
-57.8225360595
-55.1289690829
-55.4916481342
-55.4604514489
-59.761416474
-65.1027402925
-68.6627950209
-70.0
-70.0
-70.0
-70.0
-70.0
-63.9090267775
-60.4574752848
-58.7046285463
0
-70.0
-70.0
-70.0
-70.0
-70.0
-70.0
-70.0
-70.0
-70.0
-70.0
-70.0
-70.0
-70.0
-70.0
-70.0
-70.0
-70.0
-70.0
-70.0
-70.0
-70.0
-66.6135115376
-64.6945014089
-63.7199452847
-63.3445467673
-63.341156098
-57.8806353718
-55.008301757
0
-70.0
-70.0
-70.0
-70.0
-70.0
-70.0
-68.2757625997
-67.2986947395
-66.8024975321
-66.6113626233
-66.6096362572
-66.7216125623
-66.8980779266
-67.1073545476
-67.5168405686
-70.0
-70.0
-70.0
-70.0
-70.0
-70.0
-70.0
-70.0
-70.0
-70.0
-70.0
-70.0
-70.0
-63.6458261565
-61.9344149502
-67.9012439233
-70.0
-70.0
-70.0
-70.0
-70.0
-70.0
-70.0
-64.0851935643
-60.7334699174
-59.0313200654
-58.5691678642
0
-70.0
-70.0
-70.0
-70.0
-70.0
-70.0
-70.0
-70.0
-70.0
-70.0
-70.0
-70.0
-70.0
-70.0
-70.0
-70.0
-70.0
-70.0
-70.0
-70.0
-70.0
-70.0
-70.0
-70.0
-64.2149751901
-60.9367944645
-59.2719928803
-59.0079927924
-60.8934794185
-67.3996246074
-70.0
-70.0
-70.0
-70.0
-70.0
-70.0
-70.0
-70.0
-70.0
-70.0
-63.680292346
-60.0991246754
-59.229444434
-61.9388997405
-69.9405081869
-70.0
-70.0
-70.0
-70.0
-65.4044546286
-62.8003122515
-61.4778164168
-56.3845713317
0
-70.0
-70.0
-70.0
-70.0
-70.0
-70.0
-70.0
-70.0
