-70.0
-70.0
-70.0
-70.0
-70.0
-70.0
-70.0
-70.0
-70.0
-70.0
-70.0
-70.0
-70.0
-70.0
-70.0
-63.0
-59.0333333333
-57.0188888889
-56.2429259259
-57.235917284
-57.2571815226
-57.6947006818
-58.3673888212
-59.1587554108
0
-70.0
-70.0
-70.0
-70.0
-68.6086131857
-67.8201606575
-66.431311472
-65.716958245
-65.4311143672
-64.7082005247
-64.450845535
-64.4814043566
-64.6836928378
-64.9822761652
-65.3286836228
-64.7800301385
-64.6248370432
-64.7108932847
-64.9388305867
-65.244298615
-65.5861028115
-59.9397010352
-56.8872032682
-55.4927978324
-55.8434316802
-56.5256975996
-56.95131714
-57.6416449596
-58.4677868194
-59.3478790413
-60.231005073
-61.0865138563
-61.8969353311
-56.6487141345
0
-70.0
-70.0
-70.0
-70.0
-64.7544581619
-61.7819844536
-60.2724340802
-60.6649437586
-55.1334288066
0
-70.0
-70.0
-70.0
-70.0
-66.0205761317
-63.765569273
-62.6203795153
-62.1792530102
-62.1752686735
-62.433702449
-56.1141017288
0
-70.0
-70.0
-70.0
-70.0
-69.8221966314
-69.7214413892
-69.6702735309
-69.6505636983
-69.6503856754
-68.6629476317
-68.1150532178
-67.8491481288
-67.7613001378
-67.783214672
-67.8702562367
-67.9934726343
-68.1342867184
-68.2809656116
-68.4262740938
-68.5659167133
-61.6984406615
-56.8623810217
-54.3986658704
0
-70.0
-70.0
-70.0
-70.0
-65.2748320713
-62.5972369117
-61.2374385855
-60.7136449703
-60.7089139689
-61.0157782357
-61.4993708546
-62.0728807308
-62.6812239655
-63.2901891074
-63.8792285557
-64.4366779395
-64.9565916384
-65.4366534698
-65.8768021197
-66.2783312389
-66.6433043359
-66.9741780495
-67.2735630093
-67.5440752183
-67.788246703
-68.0084747038
-68.2069956808
-68.3858750776
-68.5470068798
-61.692303875
-57.8564052764
-55.9596526079
-55.2896125866
-54.3779352788
-54.3516643848
-54.8575130356
-55.6657717915
-56.628534652
-57.6519078799
-57.7653263825
-58.241199938
-58.9186840734
-59.6945517522
-60.503587301
-54.3215413281
0
-70.0
-70.0
-70.0
-70.0
-69.3738985137
-62.4288013157
-58.5141162863
-56.5481680592
-55.816993521
-56.8510556806
-58.2431244538
-59.4702615692
0
-70.0
-70.0
-70.0
-70.0
-69.1366575607
-68.6474301784
-68.3989794098
-68.3032763016
-68.3024118933
-67.3584873412
-66.8801830319
-66.1416387897
-65.8271242847
-65.7775114389
-65.8884933501
-59.1027897904
-55.3946079949
0
-70.0
-70.0
-70.0
-70.0
-67.9144045081
-66.7325670627
-66.1323790267
-65.9011869042
-64.9013823922
-64.4714536052
-64.3977812129
-57.6617091131
-54.0313422161
0
-70.0
-70.0
-70.0
-70.0
-68.886602652
-61.5288065844
-57.3965020576
0
-70.0
-70.0
-70.0
-70.0
-69.7058375248
-69.5391454555
-69.454492032
-69.2359137327
-69.1302362953
-69.0958219563
-69.1053126211
-69.1408299326
-69.1907793217
-68.335514473
-67.8778384147
-60.6846285711
-56.6792150459
-54.7199930959
-54.0537934894
0
-70.0
-70.0
-70.0
-70.0
-69.3744844507
-69.0200256394
-69.8395650716
-70.0
-70.0
-70.0
-70.0
-70.0
-70.0
-70.0
-70.0
-70.0
-70.0
-70.0
-70.0
-70.0
-70.0
-70.0
-70.0
-70.0
-70.0
-70.0
-70.0
-70.0
-70.0
-70.0
-63.4444327105
-59.7296112464
-57.8430646598
-57.1163678858
0
-70.0
-70.0
-70.0
-70.0
-68.6453058759
-60.7884826349
-57.3763010381
-55.7497820454
-55.248877915
-55.4400395062
-56.0400684774
-56.8654169108
-57.7984454072
-58.7649809915
-59.7194029757
-60.6347427336
-61.4961218306
-63.2848508745
-57.6178942227
-54.6304570908
0
-70.0
-70.0
-70.0
-70.0
-67.9646436396
-66.8112750353
-60.1473554045
-56.4774251126
-54.7262194336
-54.1846220452
-54.3868428772
-55.0286139472
-55.912722791
-56.9127640042
-57.949029932
-58.972488491
-59.9541473433
-60.8780044099
-61.7363851696
-62.526867453
-63.2502612413
-64.9092492042
-66.074333675
-66.9042399017
-67.505375641
-67.9492112299
-68.2838722089
-61.5432764564
-55.4474764564
0
-70.0
-70.0
-70.0
-70.0
-65.9999999984
-63.7333333309
-62.5822222193
-56.5215308611
0
-70.0
-70.0
-70.0
-70.0
-67.8148148148
-66.5765432099
-60.4744444444
-57.1307037037
-55.5534358025
-55.0886272016
-56.1092569369
0
-70.0
-70.0
-70.0
-70.0
-66.3100137174
-63.6634659351
-62.2867550678
-55.6396474115
0
-70.0
-70.0
-70.0
-70.0
-65.4918457552
-62.9372250165
-61.6398784061
-60.1517021795
-59.5870730376
-59.0398375624
-59.0768350251
-59.4631390019
-60.046150088
-59.9252826008
0
-70.0
-70.0
-70.0
-70.0
-68.9300411523
-67.6200274348
-66.9133516232
-66.5922344155
-66.513156277
-66.7404499399
-66.9854778063
-60.2869300257
-56.5915703564
-54.8213022097
-54.2650979146
0
-70.0
-70.0
-70.0
-70.0
-70.0
-70.0
-70.0
-70.0
-70.0
-70.0
-70.0
-70.0
-70.0
-70.0
-70.0
-70.0
-70.0
-70.0
-70.0
-70.0
-70.0
-70.0
-70.0
-70.0
-70.0
-70.0
-70.0
-70.0
-70.0
-70.0
-70.0
-69.9999967951
-62.9999971156
-58.4777751818
-56.1485161822
-55.2126769096
-55.1440841158
-55.5981256356
-56.3506130263
-57.2570850265
-59.1997197642
0
-70.0
-70.0
-70.0
-70.0
-66.971542153
-66.1968883762
-65.8588664976
-65.7940911539
-65.8954229092
-66.8955103345
-67.5990457786
-68.6567544079
-69.669487772
-70.0
-69.390493018
-62.0810733459
-57.9593857644
-55.8877270233
-54.3126717421
0
-70.0
-70.0
-70.0
-70.0
-69.7378297873
-69.5892666668
-70.0
-70.0
-70.0
-70.0
-70.0
-70.0
-70.0
-70.0
-69.6635090157
-69.4728307913
-69.3759961636
-69.3386955149
-70.0
-70.0
-70.0
-70.0
-70.0
-70.0
-70.0
-70.0
-70.0
-69.6666504419
-69.477752359
-70.0
-70.0
-70.0
-62.2962962963
-56.4
0
-70.0
-70.0
-70.0
-70.0
-65.3625971651
-62.7347355586
-61.4001940761
-60.8861293841
-61.8641447261
-62.7221491072
-63.4795467655
-64.1513338017
-64.7493615634
-65.2831995016
-65.7607289478
-66.1885556506
-66.5722998172
-66.91680299
-60.2422637351
-57.5512370378
-56.3515797848
-56.0867327735
0
-70.0
-70.0
-70.0
-70.0
-68.4505410761
-67.5725143525
-67.1266145066
-60.2279832117
-56.4145383277
-54.5793201197
-54.9887863702
-56.0681732415
-57.1801995895
0
-70.0
-70.0
-70.0
-70.0
-65.3895773385
-62.777004497
-61.4502273089
-60.9391534191
-60.9345373045
-61.2339497257
-61.7057988541
-62.2653817028
-62.8589520218
-63.4531291459
-64.0278644488
-63.571803217
-63.512439704
-63.6930736061
-64.0116848271
-64.4024620655
-64.8235130064
-65.2486931373
-65.6621781113
-66.0548631587
-66.4219787485
-66.7615154774
-67.0847401962
-67.7091836875
-68.1602103261
-61.4923374416
-55.4418691296
0
-70.0
-70.0
-70.0
-70.0
-69.6644143
-69.47424907
-69.377674963
-69.3404746667
-68.3435641541
-67.4672990414
-67.025963339
-66.860296473
-66.8655531376
-66.9731886985
-67.138663745
-67.3333266481
-66.5975411652
-66.2694851699
-66.1970020671
-66.2802788031
-66.4542355513
-59.6774254821
-55.9554252578
-54.1903776146
0
-70.0
-70.0
-70.0
-70.0
-69.9192635369
-69.7452511191
-69.6493352978
-70.0
-70.0
-70.0
-70.0
-63.109739369
-59.2052583448
-57.2223944521
-56.4585963014
-56.4516975343
-56.8991683562
-56.6120525841
-56.8860480347
-57.4875770372
0
-70.0
-70.0
-70.0
-70.0
-69.4836153025
-69.1909973073
-69.0423932666
-68.9851510666
-67.992341391
-67.4635775393
-68.1918482013
-62.0763670849
-58.6711995122
0
-70.0
-70.0
-70.0
-70.0
-69.5052922149
-69.2249578034
-69.0825918964
-69.0277526223
-68.0306827911
-67.4980847994
-67.2619231777
-59.5617431548
-55.2895770359
0
-70.0
-70.0
-70.0
-70.0
-68.560278726
-67.7444366707
-67.3301168819
-67.1705211125
-66.1806406337
-65.7140243253
-65.5769203961
-65.6420940254
-65.8264617355
-67.0761607015
-67.9234413911
-68.5010284251
-69.6012500684
-70.0
-69.4397079681
-69.1222091499
-68.9609695541
-68.8988601448
-69.8105076658
-70.0
-63.9122085048
-60.4624599909
-58.7105288828
-58.0356859219
-58.0295906146
-58.4249470764
-59.0479960509
-59.7868922339
-60.5706668693
-61.3552427549
-62.114146861
-62.832351096
-63.5021952672
-64.120695261
-57.7117504936
-54.2759919501
0
-70.0
-70.0
-70.0
-70.0
-69.5903063557
-61.9275720165
-57.5990123457
-55.4152427984
-54.5911396433
-54.6103064289
-54.2664835287
-54.5846403377
-55.2893797451
-56.2025773981
-57.2104100766
-58.2414293478
-59.2519932656
-60.2165985074
-61.1214750356
-61.9603517847
-62.731666108
-63.4367324983
-64.0785479159
-64.6610189026
-64.1918930186
-64.1040210543
-64.2478305072
-63.8221514583
-63.7726723137
-63.9505624165
-64.2589443976
-65.6353342837
-66.6066570726
-67.3025621768
-60.810074592
-57.220912888
-55.493385436
-54.9404227836
-55.1106310994
-55.7090683856
-56.5444951444
0
-70.0
-70.0
-70.0
-70.0
-68.8829420945
-68.2499426147
-67.928478173
-67.8046502355
-67.8035317985
-67.8760763431
-67.990400525
-67.1375427033
-66.7212432535
-66.5807554751
-66.6104376256
-66.7412323284
-67.9283171382
-69.0429574528
-70.0
-70.0
-70.0
-70.0
-70.0
-70.0
-70.0
-70.0
-70.0
-70.0
-70.0
-69.0259757892
-68.4740287364
-68.1937262135
-68.085753826
-68.0847785993
-68.1480341766
-68.2477197172
-67.4244680477
-66.6830347778
-66.3487403232
-65.7143167508
-65.1431853823
-58.9622001774
-55.6215357153
-54.0964191808
0
-70.0
-70.0
-70.0
-70.0
-65.1748209114
-62.4405527613
-60.139764941
-59.0879667508
-58.8206222783
-59.0328615189
-59.5257763459
-60.1706660306
-60.8852443071
-61.6178164627
-62.336765874
-63.0235766583
-63.6682105736
-57.2900289821
0
-70.0
-70.0
-70.0
-70.0
-69.3844621753
-69.035657408
-68.8585193007
-68.7902857929
-68.7896694952
-68.8296440667
-67.8927297788
-68.4008225167
-68.7589840755
-69.0152482083
-69.2018317477
-62.3474921943
-58.4899720558
-56.5591275708
0
-70.0
-70.0
-70.0
-70.0
-63.8024691358
-59.4222222222
-57.1466666667
-56.2097777778
-56.1073185185
-57.3772451029
-58.5599595501
-59.6509229
-61.3541738504
-62.6643186256
-63.6949282032
-64.5234630097
-65.2031351265
-65.7708338924
-66.2524253556
-66.6662993883
-67.0257471616
-60.3476623015
-56.6462294047
0
-70.0
-70.0
-70.0
-70.0
-68.4993141289
-67.6489254687
-67.2170614236
-60.3238367119
-56.5104406611
-54.6720550087
-54.0799551169
-54.2553633446
-55.8820040157
-57.3285882845
-58.6189192363
-58.7801945128
-59.2509531949
-59.8917099643
-59.9094033235
-60.2563725615
-60.7893416857
-62.3901328091
-63.9376030561
-65.0681651025
-65.9108968269
-66.5528393007
-67.0529101416
-67.4511889747
-60.7765200425
-57.0791680151
-54.2991585448
0
-70.0
-70.0
-70.0
-70.0
-69.7268709038
-69.5720977493
-69.493497265
-69.4632203989
-69.4629469326
-69.4806846217
-69.5086377478
-69.5417883652
-69.5769524568
-69.6121524965
-69.6462007705
-69.6784230425
-62.7105807383
-58.7728559978
-56.7844592869
-57.0304168453
-57.6103108188
-58.3712368423
-59.215417895
0
-70.0
-70.0
-70.0
-70.0
-63.0259726927
-56.740690552
0
-70.0
-70.0
-70.0
-70.0
-68.2592592593
-67.2728395062
-66.7718930041
-66.5789286694
-66.5771857796
-66.6902338531
-65.9269158988
-65.6046945964
-65.557871995
-65.6778493676
-65.893907479
-66.1604120965
-66.4483011305
-66.7394245132
-67.0227843923
-67.2920408401
-60.547017665
-56.8151031711
-54.0231583824
0
-70.0
-70.0
-70.0
-70.0
-68.5295518586
-67.6962979118
-67.2731356134
-60.5198273581
-56.7838481597
-54.9827990353
-54.4027429261
-54.5746178298
-55.1919221777
-56.0559073805
-57.0391015894
-57.0620630211
-58.5071039882
-59.2016695466
-59.9783532301
0
-70.0
-70.0
-70.0
-70.0
-69.0586800793
-68.5252654575
-68.2543745025
-67.167368976
-66.6095866943
-66.3879311021
-59.456267183
-55.6487265921
0
-70.0
-70.0
-70.0
-70.0
-63.4271029145
-59.7024612328
-57.8109275159
-57.082309702
-57.987937195
-58.9317157843
-60.4224813007
-61.6361912338
-62.6432108192
-63.4926488765
-64.2192234149
-64.8478606909
-64.3969146906
-65.2545889372
-65.3718182984
-58.279080913
-54.4141357847
0
-70.0
-70.0
-70.0
-70.0
-69.0553269319
-68.5200121933
-68.248156277
-68.143437518
-67.2741789215
-66.8434844662
-66.6902849774
-66.7086891183
-66.0269728297
-65.7503772956
-66.723790407
-66.7133415566
-66.8166275278
-59.9868166268
-56.3214682975
-54.5782103566
-54.0463152469
-54.2589676728
-54.911260206
-55.805593719
-56.8153407028
-57.8606775364
0
-70.0
-70.0
-70.0
-70.0
-68.9207876948
-68.3092340552
-67.0009443946
-66.3159391184
-66.8302071178
-60.5175567764
-57.0460480123
-55.3949411535
-54.8911123331
-54.1509722932
-55.1473976976
-56.2403396837
-57.3547602192
-57.6424513974
-59.0294535269
0
-70.0
-70.0
-70.0
-70.0
-68.9684499314
-68.3839048925
-68.0870477061
-67.9726984708
-67.9716656472
-68.0386570981
-68.1442300654
-68.2694328436
-68.4022400824
-68.5351830896
-69.6622536854
-70.0
-70.0
-70.0
-70.0
-70.0
-70.0
-70.0
-70.0
-70.0
-63.9999405968
-60.599906935
-54.9843342845
0
-70.0
-70.0
-70.0
-70.0
-69.0781893004
-62.1703703704
-58.2866666667
-56.3468888889
-55.6381259259
-55.691597284
-56.200626856
-56.966023704
-57.8597276893
-58.8006258242
-60.730769831
-61.5363021385
-62.3017447851
-63.0176188802
-63.6798893745
-64.2879220253
-65.7114569722
-66.7085293746
-67.4164885035
-66.966399473
-66.7974660723
-66.8028571628
-66.9126632451
-67.0814581195
-67.2800197736
-67.4898227736
-67.6993771478
-67.9017972007
-68.0931893257
-68.2715849566
-68.4362361699
-68.5871523589
-69.7232745548
-70.0
-70.0
-70.0
-70.0
-70.0
-70.0
-70.0
-70.0
-70.0
-70.0
-70.0
-70.0
-70.0
-70.0
-70.0
-70.0
-70.0
-70.0
-70.0
-70.0
-70.0
-70.0
-70.0
-69.000676638
-68.4343933996
-68.1468103432
-68.0360334979
-67.232563805
-66.8427298625
-59.1585162794
-54.9093709203
0
-70.0
-70.0
-70.0
-70.0
-64.3333368101
-61.1222276691
-54.565562003
0
-70.0
-70.0
-70.0
-70.0
-68.7187930026
-67.9927757041
-67.6240728015
-67.4820486332
-66.6124530873
-66.2036139901
-66.0848567322
-66.144107153
-66.3081871671
-66.6613828425
-66.9845874864
-67.2790240232
-67.5463851445
-67.7885889791
-67.1393122234
-66.8451024291
-67.7152121415
-68.3134375642
-68.7285915657
-69.0200642477
-69.227612382
-69.3778875165
-62.4888718178
-56.2725000046
0
-70.0
-70.0
-70.0
-70.0
-69.6323731139
-69.4240512117
-69.3182563634
-69.2775042422
-69.2771361615
-62.3819379139
-59.459735926
-58.057756869
-57.6146442058
-57.7616218011
-58.2577542982
-57.9491256448
0
-70.0
-70.0
-70.0
-70.0
-69.4348422497
-69.1145861911
-68.9519463496
-68.7836226185
-68.7231742925
-68.7294661539
-68.7755923989
-68.8440817326
-61.9596735593
-57.1848310319
-54.7470978144
0
-70.0
-70.0
-70.0
-70.0
-66.4495826755
-64.437679525
-64.4136646589
-64.5854669173
-64.8690327084
-65.2102044262
-65.5745673093
-65.9406994621
-66.2956887718
-66.6321593985
-60.0002545544
-56.354436496
-54.6217977779
-54.085543926
-54.294273484
0
-70.0
-70.0
-70.0
-70.0
-66.2807498857
-63.6176192654
-62.2324869176
-61.6603246118
-55.2095568742
0
-70.0
-70.0
-70.0
-70.0
-68.9420300484
-68.3425137425
-68.0380535008
-67.9207755725
-67.9197162964
-67.9884235209
-61.1506518313
-57.3429670898
-54.4975988718
0
-70.0
-70.0
-70.0
-70.0
-63.5788751715
-58.9987654321
-56.6174074074
-55.0791234568
-54.6535156379
-54.9097004252
-55.5664212835
-55.6391039532
-56.1614100899
-56.9360801023
-57.8363461063
-59.7742534918
-61.2778561401
-63.0263114133
-64.3078408634
-65.822052727
-66.8698447542
-67.6028584787
-68.1225714308
-68.4969801544
-68.77172605
-68.9775160524
-69.1350728521
-69.2584378368
-70.0
-70.0
-70.0
-70.0
-70.0
-70.0
-70.0
-70.0
-70.0
-70.0
-70.0
-70.0
-70.0
-70.0
-70.0
-70.0
-70.0
-70.0
-63.9999993132
-60.5999989241
-58.8733320598
-58.2082208725
-58.2022134644
-58.5918685708
-58.2059327425
-58.0341734875
-58.3299788182
-58.8964627227
-59.6064709746
-60.3789268933
-61.1631028814
-61.9281717115
-62.6562739526
-63.3379261654
-63.968986621
-64.5486566736
-65.0781701494
-58.5630968808
-55.0352830236
0
-70.0
-70.0
-70.0
-70.0
-67.4815078829
-66.0543623499
-65.3295962851
-65.05041677
-65.0478951686
-65.2114523689
-66.4692026256
-67.6748793587
-68.47578942
-69.0071424761
-69.3590495605
-69.5915588259
-69.7446790909
-69.8450619468
-69.9104562622
-69.9526776427
-69.9795878829
-61.9989706245
-57.4773012486
-55.1817229149
-54.5894765493
-55.0811461783
-55.8734430831
0
-70.0
-70.0
-70.0
-70.0
-67.6758116141
-66.3587715287
-66.663909465
-66.9581952446
-67.2361602042
-67.4950671732
-60.8552998249
-57.1762627551
0
-70.0
-70.0
-70.0
-70.0
-69.0846120893
-68.5658922732
-68.3024639744
-68.2009915294
-68.2000750113
-67.2601992396
-67.7865855094
-68.1761977543
-68.4707585094
-61.7224480906
-58.751849372
-57.3444284952
-56.9218283526
-57.1042073219
-57.6434944595
-58.37895026
-59.207592065
-60.0645240792
-60.9098658184
-61.7200753346
-62.4821985332
-63.1900658346
-63.8417840209
-57.4620672104
-54.0521682171
0
-70.0
-70.0
-70.0
-70.0
-67.7286957904
-66.4416234049
-66.7878588697
-67.1026715195
-67.3881367254
-67.6464779581
-67.8799334325
-68.0906756027
-67.288472398
-59.951486155
-56.8452264284
-55.4199630448
-55.0508062465
-55.327618626
-55.9827854328
-56.8431260024
-57.7978928108
-58.7774898022
-60.7003132279
-62.4973301758
-63.8256293386
-64.8284211917
-65.6024822638
-66.2135028317
-67.5746445018
-68.4721746872
-69.0616203089
-69.4465670049
-69.695982789
-69.8557661665
-69.9564439875
-70.0
-70.0
-69.0255964725
-68.4734344736
-67.6374672363
-67.214637986
-67.0537858363
-60.0555364438
-55.385599791
0
-70.0
-70.0
-70.0
-70.0
-69.5903063557
-62.6312757202
-58.7014814815
-56.7202222222
-55.9741259259
-55.993997284
-55.5118052983
-55.7054299303
-56.2980903784
-57.1104169681
-58.0274656896
-58.9767793995
-59.9138083121
-60.8122320493
-61.6575452233
-62.4428149536
-63.16588296
-64.8270765722
-65.9962235204
-67.3867264609
-68.3081373431
-68.9173792944
-69.319011822
-69.5826909445
-69.7548087198
-69.8662524277
-69.9375769049
-69.982452361
-63.0100857626
-56.7263296114
-54.3869705804
0
-70.0
-70.0
-70.0
-70.0
-70.0
-70.0
-70.0
-70.0
-70.0
-69.0102965334
-68.449464569
-68.1646499047
-68.0549394426
-69.0279362224
-68.775823659
-68.665361999
-68.6435729364
-68.6757137343
-69.6074538457
-70.0
-70.0
-70.0
-70.0
-70.0
-70.0
-70.0
-70.0
-70.0
-70.0
-70.0
-70.0
-63.1306722836
-59.2380532443
-56.2616644722
-54.9337757265
-54.6392499549
-54.2708557898
-54.5741240977
-55.2702809458
-56.1789656899
-57.18487768
-58.215595618
-59.2268398602
-60.1926917436
-61.0991131488
-61.9396622203
-62.7126695892
-63.4193850242
-63.0704754644
-63.0921138797
-62.779804244
-62.8330916544
-56.1053644459
0
-70.0
-70.0
-70.0
-70.0
-69.2373113855
-68.1014174668
-60.7562962963
-56.6573470508
0
-70.0
-70.0
-70.0
-70.0
-69.6561499771
-62.734430727
-58.8235848194
-56.8496244475
-56.1035940761
-56.1191893841
0
-70.0
-70.0
-70.0
-70.0
-64.8911725471
-61.9961703239
-55.6000373865
0
-70.0
-70.0
-70.0
-70.0
-69.3682071085
-62.4198847809
-56.1702285583
0
-70.0
-70.0
-70.0
-70.0
-68.2215455827
-67.2137547463
-66.7019550862
-60.119350587
-56.4991428679
0
-70.0
-70.0
-70.0
-70.0
-67.2222222222
-65.6481481481
-64.8487654321
-64.5408436214
-64.5380624143
-64.7184582762
-65.9149556889
-66.7690222803
-67.3891614924
-67.8482729699
-68.1954640908
-68.4639299603
-68.6762118166
-68.8477072032
-69.9499957528
-70.0
-70.0
-70.0
-63.2958452033
-59.4968241518
0
-70.0
-70.0
-70.0
-70.0
-69.7448295657
-69.6002329862
-69.5268006057
-69.4985144905
-70.0
-70.0
-69.3635173048
-62.056795204
-57.9375354367
-55.8680617284
-55.0974421125
-55.1318222725
0
-70.0
-70.0
-70.0
-70.0
-69.5110727249
-69.2340139357
-69.8957806668
-70.0
-63.4421607862
-59.7260518984
-57.8388515024
-56.1125795209
-55.5397303479
-55.6780298326
-56.2384085289
-57.0333554625
-57.9425451072
0
-70.0
-70.0
-70.0
-70.0
-69.7332949471
-69.5821620838
-69.5054102964
-69.4758455474
-69.4755785131
-69.4928990087
-69.5201946725
-69.5525655817
-69.5869026078
-69.6212747365
-69.6545221892
-69.6859865879
-69.7153323408
-69.7424287145
-69.7672722483
-69.7899359602
-62.8119397225
-58.8647439891
-56.8676017494
-56.107063014
-56.1136406632
-56.5804658973
-57.3078788412
-58.1673973128
-59.0775284853
-59.9876895727
-60.867529906
-61.6998497758
-62.4759133718
-64.1663421222
-65.7083879683
-66.7766692104
-67.5250823153
-68.0566274344
-69.2428027271
-69.9797478119
-70.0
-70.0
-70.0
-70.0
-70.0
-62.0585276635
-55.2250266728
0
-70.0
-70.0
-70.0
-70.0
-62.6666666667
-58.5111111111
-56.4007407407
-55.5878271605
-55.5804847737
-56.0567298491
-56.8072525661
0
-70.0
-70.0
-70.0
-70.0
-68.9300411523
-62.2455418381
-58.4933241884
0
-70.0
-70.0
-70.0
-70.0
-69.5473251029
-69.2908093278
-69.1605395519
-69.1103597013
-69.1099064675
-69.1393043117
-69.1856328744
-68.2521366029
-67.4169676199
-67.0019673094
-66.8529015461
-66.86836537
-66.9820314853
-67.150830105
-68.3447979483
-69.1163520561
-69.6087394522
-69.9172139081
-70.0
-70.0
-70.0
-69.0583428535
-69.4857186949
-69.7592869099
-69.9314516085
-70.0
-69.1975065271
-68.7427602258
-69.4240289423
-70.0
-63.4691358025
-59.7683127572
-57.8888751715
-57.0259135802
-56.9406061728
-57.324734856
-58.6814246077
-59.8727243051
-60.9250799801
-61.8589907191
-62.6907041385
-64.3016881427
-65.4582222738
-66.3035353434
-66.9339386736
-67.414382716
-67.7888363843
-68.087214039
-61.3347366403
-57.5720923131
0
-70.0
-70.0
-70.0
-70.0
-69.0814811306
-68.5609871046
-68.2966577856
-68.1948382679
-68.193268377
-68.2525508299
-68.3463686073
-68.4577803202
-67.7735655348
-67.4372511457
-60.3368730819
-56.3987504742
-54.4892518938
0
-70.0
-70.0
-70.0
-70.0
-69.2858519468
-68.8811680499
-69.6741296713
-70.0
-70.0
-70.0
-69.4204660327
-68.7587301179
-68.4030642318
-68.2428958924
-68.2053650256
-69.1841400079
-69.7986003304
-70.0
-70.0
-70.0
-70.0
-69.0875142803
-68.5704390391
-68.3078459265
-68.2066951947
-68.2057815824
-69.2534796757
-70.0
-63.6081390032
-59.9860844383
-58.1466488848
-57.4380992565
-57.4316995044
-57.8468030029
0
-70.0
-70.0
-70.0
-70.0
-70.0
-70.0
-70.0
-70.0
-70.0
-70.0
-70.0
-63.1974912621
-59.3427363106
-57.3851254627
-56.6310547718
-56.6242438649
-57.0400087788
-57.7214674346
-58.5396270468
-59.412535246
-60.2891956573
-61.1388853821
-61.9440697043
-55.7496627339
0
-70.0
-70.0
-70.0
-70.0
-69.3854595336
-62.4469135802
-58.5355555556
-57.56936645
-57.4040074384
-57.7246584501
-58.3262271088
-59.0762940671
-59.8904577732
-60.7159407377
-62.462171495
-63.7611708996
-64.7485315123
-65.2197269347
-65.995119957
-66.5938517717
-67.0666291349
-66.6456054458
-66.5048043842
-66.8495874694
-67.1614710715
-67.4432188637
-59.9951932737
-55.8598714772
0
-70.0
-70.0
-70.0
-70.0
-69.5491202222
-69.2936216814
-69.1638685009
-68.1312291725
-68.570512449
-68.8817319999
-69.1057393305
-69.2699524178
-69.3928151896
-69.4867723463
-69.5602542288
-69.6190015507
-69.6669498922
-69.7068205673
-69.7405156201
-69.7693821311
-69.7943893001
-69.8162472914
-69.8354871765
-69.8525148683
-69.8676476545
-62.8812212088
-59.9259813283
-58.4886380223
-58.0099441047
-57.1225299411
-57.019330445
-57.3900997324
-58.0328913138
-58.8174698855
0
-70.0
-70.0
-70.0
-70.0
-69.0659860016
-68.5367114025
-69.2656392713
-69.7274746836
-70.0
-70.0
-70.0
-70.0
-70.0
-70.0
-70.0
-70.0
-69.0514229489
-68.5138959532
-69.2149042625
-62.6637842067
-56.6443193662
0
-70.0
-70.0
-70.0
-70.0
-68.5829903978
-67.7800182899
-67.3722344155
-66.5114525733
-67.0722499399
-67.8396533618
-68.3721069696
-68.7458422353
-69.0118886535
-69.2044535494
-69.3465107019
-69.45352797
-69.5359540652
-70.0
-70.0
-70.0
-70.0
-70.0
-70.0
-70.0
-70.0
-70.0
-70.0
-63.0170408013
-59.0600305886
-57.0504901081
-56.2764161495
-56.2694245694
-56.722915469
0
-70.0
-70.0
-70.0
-70.0
-69.0781893004
-61.6148148148
-58.12
-56.4191111111
0
-70.0
-70.0
-70.0
-70.0
-69.3004115226
-62.3703703704
-58.4666666667
-56.5088888889
-55.7839259259
-55.822817284
-57.1870376132
-57.8537933855
-58.6587204027
-59.5197192662
-60.3856612755
-61.2257044385
-62.0222068551
-62.7660347431
-62.5119913147
-62.6091655471
-62.913831235
-63.3328362733
-63.8064780871
-64.2971139058
-65.7764533691
-66.8048419348
-67.528380343
-68.0448907099
-68.4199672396
-68.6976809162
-68.9077197582
-69.0701524049
-69.1986069127
-69.3023927203
-69.3879177808
-69.4596355578
-62.5207027092
-58.6066529097
-56.6380012663
-55.9022102381
0
-70.0
-70.0
-70.0
-70.0
-69.0783721852
-68.5561164235
-61.7005860633
-57.8639149784
-55.9664484949
-54.2957559727
0
-70.0
-70.0
-70.0
-70.0
-66.8010997115
-64.988389548
-64.0678171317
-56.6610361053
0
-70.0
-70.0
-70.0
-70.0
-69.6570644719
-69.4627343393
-69.3640451151
-69.3260300767
-68.3430282477
-67.8084595421
-67.5607696673
-67.4934634202
-67.5366308912
-60.6686220892
-56.8588627384
-55.0110450366
-54.4019862476
0
-70.0
-70.0
-70.0
-70.0
-67.0829942657
-65.4300243496
-64.5905749216
-64.2672194341
-64.2642988271
