-70.0
-63.49035
-59.8015483333
-57.9282157222
-57.2066089648
-57.2000912782
-57.8088529323
-60.6092314936
-67.8652342473
-70.0
-70.0
-70.0
-70.0
-70.0
-70.0
-70.0
-70.0
-63.7471418016
-58.4010269557
0
-70.0
-70.0
-70.0
-70.0
-70.0
-70.0
-70.0
-70.0
-70.0
-64.6191144688
-61.5699460011
-60.0214467204
-59.4249655947
-60.3385111654
-63.2811946339
-69.17401634
-70.0
-70.0
-70.0
-70.0
-70.0
-70.0
-70.0
-70.0
-70.0
-70.0
-70.0
-70.0
-70.0
-70.0
-70.0
-70.0
-70.0
-70.0
-70.0
-70.0
-70.0
-70.0
-70.0
-70.0
-70.0
-70.0
-70.0
-70.0
-70.0
-70.0
-70.0
-70.0
-70.0
-64.0111755659
-60.6175083867
-58.8940577995
-58.7739714144
-62.0626657878
-69.9215117901
-70.0
-70.0
-70.0
-70.0
-70.0
-70.0
-70.0
-70.0
-70.0
-70.0
-70.0
-70.0
-70.0
-70.0
-70.0
-70.0
-70.0
-70.0
-65.3790926796
-62.7605785313
-61.4307840913
-60.9185479576
-55.7013451495
0
-70.0
-70.0
-70.0
-70.0
-70.0
-70.0
-70.0
-70.0
-65.7804878619
-63.3894309836
-62.1751491572
-61.7074084227
-61.7031837013
-61.9772094118
-63.5234995647
-70.0
-70.0
-70.0
-70.0
-70.0
-70.0
-70.0
-70.0
-70.0
-70.0
-70.0
-70.0
-63.7680633837
-60.2366326345
-60.1158210546
-63.5791859809
-68.6343124921
-70.0
-70.0
-70.0
-70.0
-70.0
-70.0
-70.0
-63.9066656037
-60.4537761124
-59.6252234747
-60.620167231
-67.0370260449
-70.0
-70.0
-70.0
-70.0
-70.0
-70.0
-70.0
-70.0
-70.0
-63.77361833
-61.7728569017
-63.1224389883
-66.7682825515
-69.5556751321
-70.0
-70.0
-70.0
-70.0
-70.0
-70.0
-70.0
-70.0
-68.1711559124
-70.0
-70.0
-70.0
-70.0
-70.0
-70.0
-70.0
-70.0
-64.3450375819
-61.1405588783
-59.5131863602
-58.886323304
-58.8806613601
-63.0483503803
-69.3584523983
-70.0
-70.0
-70.0
-70.0
-70.0
-70.0
-70.0
-70.0
-70.0
-70.0
-70.0
-70.0
-70.0
-70.0
-70.0
-70.0
-70.0
-70.0
-70.0
-70.0
-70.0
-70.0
-70.0
-70.0
-70.0
-64.8027418003
-65.5809337009
-69.06729703
-70.0
-70.0
-66.4321243811
-64.410328197
-63.38357288
-62.9880672605
-62.9844949801
-63.2162017792
-63.581352466
-57.9259020797
-55.7040296263
-59.4201917492
-65.6301862135
-70.0
-70.0
-70.0
-70.0
-70.0
-70.0
-70.0
-70.0
-70.0
-70.0
-70.0
-70.0
-70.0
-70.0
-65.9637423465
-63.6765296761
-62.514984418
-62.0675577826
-62.0635165419
-62.3256412461
-62.7387280271
-65.9119261845
-70.0
-70.0
-70.0
-70.0
-70.0
-70.0
-70.0
-70.0
-70.0
-70.0
-70.0
-70.0
-70.0
-70.0
-70.0
-70.0
-70.0
-70.0
-70.0
-70.0
-70.0
-64.6219447373
-61.5743800884
-60.0266952961
-59.4305279108
-59.425143216
-60.3414268452
-57.2043597747
-61.650343964
-67.3624860778
-70.0
-70.0
-70.0
-70.0
-64.7331784553
-61.7486462466
-60.2329720466
-59.649135125
-59.6438618012
-60.1794059666
-55.8924109093
-56.4978747942
-64.2538594591
-70.0
-70.0
-70.0
-66.756399218
-64.9183587749
-63.9849225498
-63.6253633965
-58.4426640165
-55.7182889214
-54.5597209002
-54.3792560575
-54.7916686167
-59.3670303432
-69.7281806314
-70.0
-70.0
-70.0
-67.9452879448
-64.6299240302
-60.6686811304
-58.6029793528
-57.7434589745
0
-70.0
-70.0
-70.0
-70.0
-70.0
-70.0
-70.0
-70.0
-70.0
-70.0
-70.0
-70.0
-70.0
-70.0
-70.0
-70.0
-70.0
-70.0
-70.0
-70.0
-70.0
-70.0
-70.0
-70.0
-70.0
-70.0
-70.0
-70.0
-64.2038887972
-61.3064888081
-59.8578325211
-62.2130440226
-69.9453957148
-70.0
-70.0
-67.9329923405
-66.7616880001
-66.1668491292
-61.4044648404
-58.8335521057
-57.6632193947
-57.3722457883
-57.6185867648
-58.1791051252
-58.9094459707
-60.8732206738
-69.0530828891
-70.0
-70.0
-70.0
-70.0
-70.0
-70.0
-70.0
-70.0
-64.3167679397
-58.9489395639
0
-70.0
-70.0
-70.0
-70.0
-70.0
-70.0
-70.0
-70.0
-70.0
-70.0
-70.0
-70.0
-70.0
-70.0
-63.81856455
-61.4875217791
-64.2176317254
-69.5245419442
-70.0
-70.0
-70.0
-70.0
-70.0
-70.0
-70.0
-70.0
-70.0
-63.7369366462
-60.7603049155
-63.603324011
-70.0
-70.0
-70.0
-69.982133727
-70.0
-70.0
-70.0
-70.0
-70.0
-70.0
-70.0
-63.852413275
-60.3687807974
-55.0301645204
-56.5712165355
-65.6902870729
-70.0
-70.0
-70.0
-70.0
-70.0
-70.0
-70.0
-70.0
-70.0
-70.0
-70.0
-70.0
-70.0
-70.0
-70.0
-70.0
-70.0
-70.0
-70.0
-70.0
-70.0
-70.0
-70.0
-64.2023450613
-58.7774208043
-55.8965522233
-54.6381460006
-54.7782443123
-59.879520071
-69.7325954577
-70.0
-70.0
-70.0
-70.0
-70.0
-70.0
-64.4862042997
-61.3617200695
-59.7749721958
-54.6495314585
0
-70.0
-70.0
-70.0
-70.0
-70.0
-70.0
-70.0
-70.0
-70.0
-70.0
-70.0
-70.0
-70.0
-63.9698683063
-60.5527936798
-58.8174557813
-59.3086254123
-66.792045333
-70.0
-70.0
-70.0
-70.0
-70.0
-70.0
-70.0
-70.0
-64.2400975179
-60.976152778
-59.3185808415
-58.6800849848
0
-70.0
-70.0
-70.0
-70.0
-70.0
-70.0
-68.6465347031
-67.8795710348
-67.4900737993
-67.3400396648
-67.3386845285
-61.8781638426
-58.872579303
-57.4401426025
-56.9993424954
-59.1475049969
-61.9543182706
-67.991067886
-70.0
-70.0
-70.0
-70.0
-70.0
-70.0
-70.0
-64.2741817834
-61.0295514607
-59.3817882184
-54.2512242536
0
-70.0
-70.0
-70.0
-70.0
-70.0
-70.0
-68.4059469393
-67.5026502049
-63.4992678519
-61.3139295117
-60.2922621905
-60.0028530581
-60.1624458101
-60.5861199343
-61.3428954316
-64.4546971479
-70.0
-70.0
-70.0
-70.0
-70.0
-70.0
-70.0
-70.0
-70.0
-70.0
-70.0
-70.0
-70.0
-70.0
-70.0
-70.0
-68.5769561593
-68.1471515133
-67.951030342
-67.9016566278
-67.9419771783
-62.4947286541
-57.3498094178
-54.6845308954
0
-70.0
-70.0
-70.0
-70.0
-70.0
-70.0
-70.0
-70.0
-66.5086974404
-64.5302926566
-63.5255733645
-63.1385560104
-63.1350603976
-57.8239750727
-55.0431913754
0
-70.0
-70.0
-70.0
-70.0
-70.0
-70.0
-70.0
-70.0
-70.0
-65.6066836259
-60.9938043472
-58.5262833017
-57.4282278978
-57.1884537254
-57.4716407645
0
-70.0
-70.0
-70.0
-70.0
-70.0
-70.0
-70.0
-70.0
-66.1352259457
-63.9451873149
-59.2993158787
-54.7482772794
0
-70.0
-70.0
-70.0
-70.0
-70.0
-70.0
-70.0
-70.0
-70.0
-70.0
-70.0
-70.0
-70.0
-70.0
-63.9102884756
-60.4594519451
-60.4676087106
-70.0
-70.0
-70.0
-70.0
-70.0
-66.7309793171
-64.8785342634
-60.4120553252
-58.0517661181
-57.0338670566
-56.8553320511
-57.1863666461
-57.8121085149
0
-70.0
-70.0
-70.0
-70.0
-70.0
-70.0
-70.0
-70.0
-70.0
-70.0
-64.5965585849
-59.4223657414
-56.6704378439
-55.4635998439
-57.8596810571
-66.3131084188
-70.0
-70.0
-70.0
-70.0
-70.0
-65.0512003954
-62.2468806194
-57.3046913443
0
-70.0
-70.0
-70.0
-70.0
-70.0
-70.0
-70.0
-70.0
-70.0
-70.0
-70.0
-70.0
-70.0
-70.0
-70.0
-64.1400412323
-60.8193979305
-59.1330320185
-58.4834447373
-58.477577544
-60.4467164653
-67.563284669
-70.0
-70.0
-70.0
-68.4787770368
-67.6167506909
-63.6657907632
-61.5063551144
-56.9806294574
-54.6991730814
0
-70.0
-70.0
-70.0
-70.0
-70.0
-70.0
-70.0
-70.0
-70.0
-70.0
-70.0
-70.0
-70.0
-70.0
-70.0
-70.0
-70.0
-70.0
-70.0
-70.0
-70.0
-70.0
-70.0
-70.0
-70.0
-64.049120617
-60.6769556333
-59.1669539552
-61.235392051
-66.1663570342
-70.0
-70.0
-70.0
-65.4439895213
-62.8622502501
-61.551131679
-61.0460894804
-61.0415278452
-61.3374066026
-61.8036869703
-62.958915598
-65.465929124
-70.0
-70.0
-70.0
-70.0
-69.0416621077
-68.4986039687
-68.2228156197
-68.1165820896
-68.1156225686
-68.177859437
-68.2759395768
-68.3922563415
-68.5156378556
-68.6391455022
-69.572889388
-70.0
-70.0
-70.0
-70.0
-70.0
-70.0
-70.0
-70.0
-70.0
-70.0
-70.0
-70.0
-70.0
-70.0
-70.0
-70.0
-70.0
-70.0
-70.0
-70.0
-70.0
-70.0
-70.0
-70.0
-70.0
-70.0
-70.0
-70.0
-70.0
-70.0
-70.0
-70.0
-70.0
-70.0
-70.0
-70.0
-70.0
-70.0
-70.0
-70.0
-70.0
-70.0
-70.0
-70.0
-70.0
-66.0518926926
-63.814631885
-62.6784543377
-62.2407993314
-57.1675108946
0
-70.0
-70.0
-70.0
-70.0
-70.0
-70.0
-70.0
-70.0
-70.0
-70.0
-70.0
-70.0
-64.4444385201
-61.2962870148
-56.193193489
0
-70.0
-70.0
-70.0
-70.0
-70.0
-70.0
-70.0
-70.0
-70.0
-70.0
-70.0
-70.0
-70.0
-70.0
-70.0
-70.0
-70.0
-70.0
-70.0
-70.0
-68.5738251869
-67.7656594596
-67.3552380411
-62.7635488989
-60.2497504502
-59.0664796994
-58.7209679256
-58.8896285971
-59.3611707134
-59.9987236261
-63.3523784045
-70.0
-70.0
-70.0
-70.0
-70.0
-70.0
-70.0
-70.0
-70.0
-64.6747839149
-61.6571614667
-60.1246826155
-59.534372551
-59.5290407606
-59.874873661
-60.4198776125
-64.3072922929
-70.0
-70.0
-70.0
-70.0
-70.0
-70.0
-70.0
-70.0
-64.8984968807
-59.9075211547
-57.2493516806
-56.0794716069
-55.8415611757
-56.1707628778
-56.8292584698
-57.8706561127
-60.5207858199
-65.4251973966
-68.083334445
-70.0
-70.0
-67.4335696843
-65.979259172
-61.7409649201
-59.4732895382
-58.4635746578
0
-70.0
-70.0
-70.0
-70.0
-70.0
-70.0
-70.0
-70.0
-68.935534731
-68.3323377453
-68.0260082957
-67.9080103494
-67.90694457
-67.9760736166
-68.0850152574
-68.2142130667
-68.3512579833
-68.4884430005
-69.4474855865
-69.749821778
-70.0
-70.0
-70.0
-70.0
-70.0
-70.0
-70.0
-70.0
-64.1438761459
-60.8254059619
-55.6442026805
0
-70.0
-70.0
-70.0
-70.0
-70.0
-70.0
-70.0
-70.0
-65.8318198167
-63.4698510461
-62.2703414156
-61.8082909234
-61.8041175973
-62.0748096818
-62.501397943
-63.4182064696
-65.2185176141
-68.6920568814
-70.0
-70.0
-70.0
-70.0
-69.8870398004
-67.7292050624
-66.5101973841
-65.895119531
-65.6629021681
-65.6681416781
-65.8156806615
-66.0436813628
-66.3123590715
-66.9941830532
-61.9782613091
-66.4879106766
-70.0
-70.0
-70.0
-70.0
-70.0
-68.0552282015
-66.9531908491
-66.3935287426
-66.1779471873
-66.1760000146
-66.3022983771
-66.5013341154
-66.7373777545
-66.9877580128
-67.4387057111
-70.0
-70.0
-70.0
-70.0
-70.0
-70.0
-70.0
-70.0
-70.0
-70.0
-70.0
-70.0
-70.0
-70.0
-70.0
-70.0
-70.0
-70.0
-70.0
-68.5393183812
-67.7115987972
-67.2912470869
-67.1293278245
-67.1278653396
-67.2227256707
-67.3722176803
-67.54950563
-67.7375615456
-67.92580971
-68.5163385194
-66.7929707227
-70.0
-70.0
-70.0
-70.0
-70.0
-70.0
-70.0
-70.0
-70.0
-70.0
-70.0
-70.0
-70.0
-70.0
-70.0
-70.0
-70.0
-66.8236408871
-65.0237040564
-64.1096184895
-63.7575131997
-63.7543329191
-64.3768628956
-65.1522996719
-67.8408508974
-70.0
-70.0
-70.0
-70.0
-70.0
-70.0
-64.2634734347
-61.0127750476
-59.3619301805
-59.1249296872
-60.5825564505
-62.9412182232
-69.2644114621
-70.0
-70.0
-70.0
-70.0
-70.0
-70.0
-70.0
-64.2182214713
-60.941880305
-59.2780129285
-58.8469871927
-60.8278902197
-64.4227386097
-70.0
-70.0
-70.0
-67.0625986487
-63.3110066329
-59.1959532857
-57.0870561678
-56.2521493582
-56.2094669605
-56.6435419565
-57.3492022222
-58.1942916409
-61.5609560531
-61.3578977971
-61.5873305144
-62.005412461
-62.5227478803
-63.0823908692
-63.6487636335
-64.200295171
-64.7245375878
-65.214931785
-65.6686705771
-66.0852914998
-66.4657543368
-69.864420413
-70.0
-70.0
-70.0
-70.0
-70.0
-70.0
-70.0
-70.0
-70.0
-70.0
-70.0
-70.0
-68.5558729315
-70.0
-70.0
-70.0
-70.0
-70.0
-70.0
-65.8035032525
-63.4254884289
-62.2178299205
-61.7526404847
-61.7484388071
-56.5886831248
0
-70.0
-70.0
-70.0
-70.0
-70.0
-70.0
-70.0
-70.0
-70.0
-70.0
-70.0
-70.0
-70.0
-70.0
-70.0
-63.9267448102
-62.5859408189
-70.0
-70.0
-70.0
-70.0
-68.8531008483
-68.203191329
-64.4063284759
-62.3146664815
-61.3158470688
-61.0060271856
-61.1199343495
-61.4842808361
-61.9867460336
-56.6803020433
-54.9925118787
-58.0341635756
-65.4078913983
-70.0
-70.0
-70.0
-70.0
-70.0
-70.0
-70.0
-64.4855292066
-59.2822822153
-56.51759128
-55.3081903429
0
-70.0
-70.0
-70.0
-70.0
-70.0
-70.0
-70.0
-70.0
-70.0
-70.0
-70.0
-70.0
-70.0
-64.1654594389
-60.8592197876
-55.9263103335
0
-70.0
-70.0
-70.0
-70.0
-70.0
-70.0
-70.0
-70.0
-70.0
-70.0
-70.0
-70.0
-70.0
-70.0
-70.0
-70.0
-70.0
-70.0
-70.0
-70.0
-70.0
-70.0
-70.0
-70.0
-70.0
-70.0
-70.0
-70.0
-70.0
-69.8149012409
-69.7100119441
-69.6567446345
-69.6362260943
-69.636040767
-69.6480615451
-69.6670052938
-69.6894713665
-69.7133019646
-69.7371569247
-70.0
-70.0
-70.0
-70.0
-70.0
-70.0
-70.0
-64.1004182067
-61.1811171047
-60.3362019582
-60.9764197756
-65.4678756044
-70.0
-70.0
-70.0
-70.0
-65.3015906016
-62.6391586092
-61.2870607934
-60.7662334109
-60.761529201
-61.0666557016
-61.5475097453
-64.8378595147
-70.0
-70.0
-70.0
-69.3130274064
-68.9237429367
-68.7260474903
-68.6498953062
-68.6492074855
-63.2966360379
-60.3085386347
-58.838728905
-58.328885437
-58.4120165083
-61.744519018
-67.5686575908
-70.0
-70.0
-70.0
-70.0
-70.0
-70.0
-70.0
-64.3912011847
-61.2128818561
-59.598794197
-58.9770484617
-58.9714327384
-60.186816739
-62.6770833266
-67.9270883986
-70.0
-70.0
-70.0
-70.0
-70.0
-70.0
-70.0
-70.0
-70.0
-70.0
-70.0
-63.9726676782
-60.7678430087
-63.3595401428
-70.0
-70.0
-70.0
-70.0
-70.0
-70.0
-70.0
-70.0
-70.0
-70.0
-70.0
-70.0
-70.0
-63.9080828324
-64.8925000842
-70.0
-70.0
-70.0
-70.0
-70.0
-70.0
-70.0
-70.0
-70.0
-70.0
-64.2810843444
-58.9730321396
-56.155766412
-55.1418045908
-57.7596209246
-66.674769822
-70.0
-70.0
-70.0
-70.0
-70.0
-70.0
-64.8394014722
-59.8491508482
-55.1274506538
0
-70.0
-70.0
-70.0
-70.0
-70.0
-70.0
-70.0
-70.0
-70.0
-65.9115561075
-63.5947712351
-62.4182079371
-61.9649963604
-61.9609028691
-62.65084143
-63.9350471406
-65.7250807884
-70.0
-70.0
-70.0
-70.0
-70.0
-70.0
-70.0
-70.0
-70.0
-70.0
-64.4465093404
-60.9332653445
-61.0251540224
-67.3506483216
-70.0
-70.0
-70.0
-70.0
-70.0
-70.0
-70.0
-70.0
-70.0
-70.0
-70.0
-70.0
-64.7230463018
-64.0418989254
-67.0503610423
-70.0
-70.0
-70.0
-70.0
-70.0
-70.0
-70.0
-70.0
-70.0
-66.7097785634
-65.8952041615
-66.6142709464
-67.3678713137
-68.5532173135
-69.312651003
-69.9896381448
-70.0
-64.3290568402
-61.115522383
-61.8043667152
-64.5389532724
-70.0
-70.0
-70.0
-70.0
-70.0
-70.0
-70.0
-70.0
-70.0
-70.0
-70.0
-70.0
-70.0
-70.0
-70.0
-70.0
-68.8223717253
-68.9898684257
-69.2993537022
-69.5083997446
-69.6502140453
-69.7469621575
-64.1784372176
-61.0313743465
-59.4420908122
-58.8404509979
-59.493481603
-61.3140549174
-66.5577608256
-70.0
-70.0
-69.7761511245
-67.7555569006
-66.6180151362
-66.0482229064
-65.8380734716
-65.8507146951
-60.6334426327
-57.8152979742
-56.5305679133
-56.4187303907
-57.2221093754
-59.1782520058
-62.8171604895
-69.2695624026
-70.0
-68.8713229583
-68.2317393013
-67.9069311304
-63.4357323198
-60.9718219561
-59.7944150061
-59.4281570025
-59.5607969669
-59.98835438
-60.5786103485
-55.6400153325
-54.8636173627
-63.1997154771
-68.9652403129
-70.0
-70.0
-67.7236216932
-66.433673986
-65.7785828955
-65.5262421446
-65.523962956
-65.6717966776
-65.9047703546
-66.1810622157
-66.4741352585
-61.1773804345
-59.3761766176
-63.8507847507
-68.3995268229
-70.0
-70.0
-70.0
-66.9079199821
-65.1557413053
-64.2659093891
-63.923146593
-63.9200506956
-64.120858134
-64.4373139925
-64.8126103746
-59.285126741
-56.3257990028
-56.7427896752
-68.7993345156
-70.0
-70.0
-70.0
-70.0
-70.0
-70.0
-70.0
-70.0
-70.0
-70.0
-70.0
-70.0
-70.0
-70.0
-70.0
-70.0
-70.0
-70.0
-69.892262793
-69.9981165702
-70.0
-70.0
-65.0856465985
-62.3008463377
-60.8866046366
-60.3418394614
-60.3369190409
-60.6560694872
-61.3570241054
-63.7867459769
-70.0
-70.0
-70.0
-70.0
-70.0
-70.0
-70.0
-65.7028542005
-61.2147559558
-58.8147384771
-57.7475700407
-57.5156833108
-57.7926951625
-58.3658124347
-59.0974890503
-60.3146949214
-68.8506050478
-70.0
-70.0
-70.0
-70.0
-70.0
-70.0
-65.8465508288
-63.4929296318
-62.2976592592
-61.837241727
-61.8330831501
-62.1028185656
-62.5278991961
-63.8958723182
-63.8766427977
-68.7720622263
-70.0
-70.0
-70.0
-70.0
-65.5840832511
-63.0817304268
-61.810927718
-56.9894173678
-54.5301972454
0
-70.0
-70.0
-70.0
-70.0
-70.0
-70.0
-70.0
-70.0
-70.0
-70.0
-70.0
-70.0
-64.4917610521
-61.3704256483
-59.7852768844
-59.831709209
-61.7099973889
-70.0
-70.0
-70.0
-70.0
-70.0
-70.0
-70.0
-65.4213350001
-62.8267581669
-61.509120128
-61.0015666338
-60.9969823161
-61.7165940546
-60.0315990313
-62.7821391791
-69.0893743667
-70.0
-70.0
-70.0
-70.0
-65.4438339213
-60.8136825184
-58.3418022594
-57.2472806953
-57.0156584004
-57.3094964101
-57.9088160022
-62.5343656977
-70.0
-70.0
-70.0
-70.0
-70.0
-65.4233971608
-62.8299888852
-61.5129442904
-61.0056193905
-61.0010371375
-61.2982532145
-63.2643895898
-66.8213901939
-70.0
-70.0
-70.0
-70.0
-70.0
-70.0
-70.0
-70.0
-70.0
-70.0
-70.0
-70.0
-70.0
-66.3483939891
-67.220292888
-69.3306079724
-70.0
-70.0
-65.2083560231
-62.6993611903
-61.4373189177
-56.6422927614
-55.0724585749
-55.9139639362
-57.759643095
-54.9977460318
-54.2907704261
-54.3902260485
-54.9702252203
-55.819217216
-56.801305173
-57.8305144413
-58.853689521
-59.8391382514
-55.6445956895
-55.3478653605
-60.1784884272
-60.4066193826
-62.5124990521
-64.2087504965
-65.4195430132
-66.2987004228
-66.9495715212
-67.4417751295
-67.8223714568
-68.1233168713
-68.3664402243
-68.5667662286
-68.9597362894
-70.0
-70.0
-70.0
-70.0
-70.0
-70.0
-70.0
-70.0
-70.0
-70.0
-70.0
-70.0
-70.0
-70.0
-70.0
-70.0
-70.0
-70.0
-70.0
-70.0
-70.0
-70.0
-70.0
-70.0
-70.0
-70.0
-70.0
-70.0
-70.0
-70.0
-70.0
-70.0
-70.0
-70.0
-70.0
-70.0
-70.0
-64.7891340547
-61.8363100191
-56.9259642915
-54.4155580452
0
-70.0
-70.0
-70.0
-70.0
-70.0
-70.0
-70.0
-70.0
-67.4282031662
-65.9708516271
-65.2307456494
-64.9456572077
-64.9430822359
-65.1101011782
-65.373309171
-65.6854569943
-66.0165637885
-66.993032687
-67.6791462698
-70.0
-70.0
-70.0
-70.0
-70.0
-70.0
-70.0
-65.9363621475
-63.6336340311
-62.4642093602
-62.013747579
-62.0096789243
-62.2735817673
-62.6894707476
-63.1826884441
-63.7058627806
-66.217516943
-70.0
-70.0
-70.0
-70.0
-70.0
-70.0
-70.0
-70.0
-70.0
-70.0
-70.0
-70.0
-70.0
-70.0
-70.0
-70.0
-70.0
-70.0
-70.0
-70.0
-70.0
-70.0
-70.0
-64.9510185611
-62.0899290791
-60.6369444205
-60.0772554781
-60.0722002633
-60.4000937924
-61.1440741168
-63.3929451428
-68.6929797895
-70.0
-70.0
-70.0
-70.0
-67.9408353464
-64.7305732926
-62.9800636173
-62.1637556915
-61.9351790797
-62.0668604766
-62.4103072989
-62.8693651489
-63.3824876873
-63.9109449541
-59.7778660552
-63.3382573744
-67.6345257886
-70.0
-67.6987179751
-66.3946581609
-65.7324003338
-65.4772989597
-65.4749948365
-65.6244458681
-65.8599682915
-66.1392828024
-60.7691917292
-58.2913665314
-56.8616716638
-60.9172801063
-66.6668319414
-66.5663095441
-66.7963850931
-67.0412175861
-62.9773738336
-60.773155121
-59.7581853894
-59.4905973708
-59.6803579806
-60.1382024138
-60.74163566
-61.4123077523
-62.318467416
-67.4807577157
-70.0
-70.0
-70.0
-70.0
-67.6235026111
-66.2768207575
-65.59291762
-65.3294784835
-65.3270990522
-60.1640258206
-57.3940476876
-56.1522592182
-56.2982411488
-62.7166453417
-68.4786281393
-70.0
-70.0
-70.0
-67.1193473834
-65.4869775674
-61.2586633699
-59.0130527391
-54.6325915471
0
-70.0
-70.0
-70.0
-70.0
-70.0
-70.0
-70.0
-70.0
-70.0
-70.0
-70.0
-70.0
-65.0927393821
-62.3119583653
-60.8997578097
-60.3557788827
-60.3508655638
-62.2147482342
-67.3099041697
-70.0
-70.0
-70.0
-69.5512526488
-69.2969624832
-69.1678229677
-69.1180784928
-69.1176291914
-69.1467719709
-69.1926985729
-69.2471645816
-69.3049387008
-69.3627718823
-69.4187127285
-64.089947373
-64.361622712
-70.0
-70.0
-70.0
-70.0
-70.0
-70.0
-70.0
-70.0
-70.0
-70.0
-70.0
-70.0
-70.0
-70.0
-70.0
-70.0
-70.0
-70.0
-70.0
-70.0
-70.0
-70.0
-70.0
-70.0
-70.0
-70.0
-70.0
-70.0
-70.0
-70.0
-70.0
-70.0
-70.0
-70.0
-70.0
-70.0
-70.0
-64.6080247911
-61.5525721728
-60.0008815293
-59.4031710923
-54.4959022829
0
-70.0
-70.0
-70.0
-70.0
-70.0
-70.0
-68.8219859566
-68.1544446653
-67.8154384017
-63.3932635487
-60.9601831853
-59.8016621943
-59.4464941933
-59.5851769196
-60.0155473247
-62.3348191658
-69.7181569279
-70.0
-70.0
-70.0
-70.0
-70.0
-66.9594193306
-63.2035652847
-61.1766006809
-60.2545352293
-60.026144784
-60.2215723574
-60.6647764895
-61.2418730858
-61.8800686074
-56.8927768769
-54.4743150189
-66.1563271577
-70.0
-70.0
-70.0
-70.0
-70.0
-70.0
-70.0
-70.0
-70.0
-70.0
-70.0
-70.0
-64.1070107213
-60.7676501301
-60.4171936231
-64.9048929012
-70.0
-70.0
-70.0
-70.0
-68.0005050129
-66.8674578535
-66.2920476295
-66.0703999074
-66.0683979439
-66.1982501677
-66.4028864963
-66.645572077
-66.9029976895
-67.7963288086
-70.0
-70.0
-70.0
-70.0
-70.0
-70.0
-70.0
-70.0
-70.0
-70.0
-70.0
-70.0
-70.0
-70.0
-64.0063289799
-61.1931611088
-68.8592817726
-70.0
-70.0
-70.0
-70.0
-70.0
-67.2495196517
-65.690914121
-64.8993869985
-64.5944911584
-64.5917372824
-64.7703603807
