-67.85
-65.915
-64.1735
-62.60615
-62.015535
-61.2106481667
-60.3040277944
-59.366587978
-58.4419044888
-57.555697579
-56.7221168472
-55.9478978465
-55.2351031846
-54.5829229479
-54.8088507076
-54.7341123399
-54.4814655746
-54.1304953296
0
-70.0
-70.0
-70.0
-70.0
-67.051699978
-63.8443299656
-61.4084302926
-59.5166094791
-58.014296675
-56.79576577
-55.7881217014
-55.7605978702
-54.6820636424
0
-70.0
-70.0
-70.0
-70.0
-67.4546112974
-65.2955576992
-64.260273617
-63.1137607138
-61.9387276148
-60.7857501682
-59.6844386946
-58.6508371873
-57.6923150434
-55.9907912555
-55.540183941
-55.0351467542
-54.514286217
-54.0012936875
0
-70.0
-70.0
-70.0
-70.0
-68.6777639368
-67.2118301676
-65.7085422338
-64.2329513991
-63.643165185
-62.7845212837
-62.6131842334
-62.0399425288
-61.2446660885
-60.3426780213
-60.2267292469
-59.7662690074
-59.1144505635
-58.3695444783
-57.5936160113
-56.8249383973
-56.0862338824
-55.3901367107
-54.742807184
-54.1463158952
0
-70.0
-70.0
-70.0
-70.0
-67.8524396756
-65.9188221584
-64.1780242428
-62.6109446854
-61.2003321281
-59.9306201894
-58.7877723532
-57.7591379064
-56.8333193081
-56.0000508389
-55.2500880627
-54.5751074616
0
-70.0
-70.0
-70.0
-70.0
-68.0929654391
-65.4756458546
-63.3393992421
-61.5630046332
-60.0617343801
-58.7755810822
-57.6613697341
-56.6874639341
-55.8302049896
-55.0715094566
-54.3972418216
0
-70.0
-70.0
-70.0
-70.0
-66.5560693167
-63.8878419295
-61.7739774329
-60.0631928205
-59.4712822923
-58.7504265657
-57.9762322442
-57.1958412432
-56.4377452678
-55.7182961736
-54.2260168447
0
-70.0
-70.0
-70.0
-70.0
-67.0703446069
-64.6935398842
-62.7276723878
-60.2538961436
-58.377833859
-56.9229353596
-56.589231748
-56.1193685228
-55.5834716369
-55.0258177841
-54.473698213
0
-70.0
-70.0
-70.0
-70.0
-67.4943752829
-65.3578546099
-63.5140137191
-61.0872420607
-59.2116043303
-57.7291682143
-56.5320676043
-55.5460716515
0
-70.0
-70.0
-70.0
-70.0
-66.9363394948
-64.4835985418
-62.479167352
-60.810536393
-60.2190066045
-59.4734551779
-58.6603424827
-57.8337967829
-57.0267428035
-56.2582856558
-55.5386018453
-54.8721714975
-54.2599075722
0
-70.0
-70.0
-70.0
-70.0
-68.2908738085
-66.6057022999
-64.9910759848
-62.6525976629
-60.7777574143
-58.4235946847
-56.6803105574
-55.3616630625
-54.3417524635
0
-70.0
-70.0
-70.0
-70.0
-67.0007000895
-64.5844301403
-63.4185204993
-62.2216906982
-61.0462031275
-59.9227038142
-58.8678474324
-57.8893386889
-56.9892554865
-56.1662303822
-55.4168743069
-54.7366981848
-54.120702572
0
-70.0
-70.0
-70.0
-70.0
-68.427710767
-66.8200802017
-65.2448325224
-62.9215228308
-61.0468195881
-59.5037703229
-58.2111484197
-57.1118703304
-56.9852411325
-57.4464222427
-57.424916834
-57.114516361
-56.6411255319
-56.0857201833
-55.4996196347
-55.7346386511
-55.6344954392
-55.3365929974
-54.9299650991
-54.4716561902
0
-70.0
-70.0
-70.0
-70.0
-67.8662140006
-65.9404019343
-64.2035679634
-61.8180153154
-60.7627498827
-59.7208322937
-57.9016539972
-56.4967585527
-55.3872626676
0
-70.0
-70.0
-70.0
-70.0
-67.7148168972
-65.703213139
-64.7428104461
-63.6251418155
-62.4503692433
-61.2804933918
-60.1525514346
-59.0873678791
-58.0953454831
-58.0002871961
-57.6265759841
-57.0981300573
-56.4944581661
-55.8657730924
-55.2430362785
-54.6446263142
-54.0807594585
0
-70.0
-70.0
-70.0
-70.0
-67.8544418788
-65.9219589435
-64.1817372175
-62.614879608
-60.3842690553
-58.6497604219
-57.2707298944
-56.1509539148
-55.2240565299
-54.4437828813
0
-70.0
-70.0
-70.0
-70.0
-67.5975671444
-65.5195218596
-62.8853772934
-60.8253779772
-59.9985324549
-59.1191407264
-58.2375343317
-57.3839860172
-56.5757241612
-55.8215762423
-55.1250349495
0
-70.0
-70.0
-70.0
-70.0
-67.8666247534
-65.941045447
-64.2043296815
-62.6388225662
-60.4082242115
-58.6729243916
-57.29264702
-56.171392363
-55.24292649
-54.4610827499
0
-70.0
-70.0
-70.0
-70.0
-67.7325743898
-65.7310332107
-63.9557407295
-62.3753738832
-60.9646413126
-59.7027137265
-58.572133384
-57.558047399
-56.6476608947
-55.8298402956
-55.0948199263
-54.4339803739
0
-70.0
-70.0
-70.0
-70.0
-69.1085639454
-67.8867501811
-66.5074369165
-65.0796010605
-63.6702461782
-62.3189583762
-61.0475537492
-59.8664591813
-58.7789204679
-56.9637665575
-55.5925486594
-54.5333996319
0
-70.0
-70.0
-70.0
-70.0
-67.7112987293
-65.6977013426
-64.7362861991
-63.6182275731
-62.4434514783
-61.2738041056
-60.1462222117
-58.2614656683
-56.8052295534
-55.6546468993
-54.7258090768
-54.7809794142
0
-70.0
-70.0
-70.0
-70.0
-67.8015172561
-65.8390437012
-64.0835914449
-61.6908670429
-59.8155368337
-58.313154147
-56.2646193967
-54.7766779
0
-70.0
-70.0
-70.0
-70.0
-69.1542048126
-67.9582542063
-66.5920753691
-65.1692988877
-64.5799897027
-63.6904045349
-62.6503066164
-61.5545709781
-60.4619772291
-58.5876884055
-57.1268588311
-55.9627991254
-55.0156033312
-54.2300990769
-54.3877932218
-54.2861499347
-54.0322922979
-54.5155679726
0
-70.0
-70.0
-70.0
-70.0
-67.9949880849
-66.1421479997
-64.4423723485
-62.8910945462
-61.4806247133
-60.2016553231
-59.0442185116
-58.8182824743
-58.3387781027
-57.7231162097
-57.0462818669
-56.355305199
-55.6788756916
-55.0337221308
-55.2488392566
-55.1529482236
-54.8736486629
-54.4936139711
0
-70.0
-70.0
-70.0
-70.0
-67.602632553
-65.5274576664
-63.7147708123
-62.1199996727
-60.7091369998
-59.4556481628
-58.3383665885
-57.3400520909
-55.6263949894
-54.3606542288
0
-70.0
-70.0
-70.0
-70.0
-67.4369979688
-65.2679634845
-63.4076106777
-61.7944786377
-60.3834501258
-59.1407180145
-57.2203881472
-55.7775106219
-54.6692004193
-54.6185742838
-54.3842461264
-54.8675076944
-54.9452143787
0
-70.0
-70.0
-70.0
-70.0
-67.804739749
-65.8440922735
-64.909567379
-63.8018668631
-62.6271843247
-61.4514686575
-61.1343236353
-61.3428925008
-61.0399374034
-60.4401664315
-59.6822983007
-58.8548341455
-58.0131945142
-58.0111042516
-57.6928132857
-57.1954115966
-56.6071235299
-55.9839132389
-54.5405232897
0
-70.0
-70.0
-70.0
-70.0
-67.4380385295
-65.2695936962
-63.4095403396
-61.7965236477
-60.3854961777
-59.1426964897
-58.0422601273
-56.2439229722
-54.9067899135
0
-70.0
-70.0
-70.0
-70.0
-67.5576331842
-65.4569586552
-63.6313219826
-62.0315625797
-60.6206548519
-59.3700883869
-58.2574122283
-58.0845594588
-58.4813624819
-58.386732213
-58.0003963112
-57.4519148931
-56.8244288791
-56.1704563081
-55.5223908886
-54.8994719406
-54.3124048404
0
-70.0
-70.0
-70.0
-70.0
-67.4901979781
-65.3513101656
-63.5062671393
-61.0790324189
-59.203390506
-56.9012256747
-55.2398859202
-54.8384192034
-54.3862585332
-54.7387535134
-54.742292051
-54.5363387719
-54.211555512
0
-70.0
-70.0
-70.0
-70.0
-67.8744807126
-65.9533531165
-64.2188981215
-62.6542618539
-61.2436713648
-60.7925280259
-60.1120910883
-59.3167592228
-58.4790014628
-57.6437134247
-56.8377501543
-56.0762471869
-55.3668038336
-55.5322443605
-55.3971005313
-55.0861108827
-54.6799800642
-54.2303022376
0
-70.0
-70.0
-70.0
-70.0
-67.6218141173
-65.5575087838
-64.5703419575
-64.2623637965
-63.5521647734
-63.4443065337
-62.8814480388
-62.0643513405
-61.1219482769
-60.1357748295
-59.1562116001
-58.2132666091
-57.3237240608
-57.3158743965
-57.0173021181
-56.5542486804
-56.0079416618
-55.4298927285
-54.8520669443
-54.293635909
0
-70.0
-70.0
-70.0
-70.0
-67.4011846944
-65.2118560211
-63.3411969499
-61.7240949421
-60.3130305727
-59.0726242653
-57.975959672
-57.0020955936
-56.1343739602
-56.1792618481
-55.9502191859
-55.564452949
-55.097511442
-54.5974294897
-54.0941326686
0
-70.0
-70.0
-70.0
-70.0
-67.4544067931
-65.2952373092
-63.4398943752
-62.6486921357
-61.7023477208
-60.6944628144
-59.6832497768
-58.7037469617
-57.7759203739
-56.9100270754
-56.1101568605
-54.5565628362
0
-70.0
-70.0
-70.0
-70.0
-68.6915294737
-67.2333961755
-65.7340696574
-64.260004758
-62.0302323264
-60.2413611232
-58.7766596972
-57.5552835183
-56.5206150271
-55.6324600981
-55.6818184708
-55.4720395453
-55.1137708719
-54.6783506388
-54.2111534776
0
-70.0
-70.0
-70.0
-70.0
-67.8632247267
-65.9357187385
-64.198024521
-62.6321405064
-61.2215387475
-59.9511264005
-58.807174779
-57.7772313135
-56.8500241904
-56.0153657768
-55.2640585361
-54.5878055738
0
-70.0
-70.0
-70.0
-70.0
-68.0929763855
-66.295663004
-64.6240862083
-63.0836705906
-60.8532988669
-59.1032992038
-57.6998560992
-56.5511283664
-56.4135207812
-56.0671722041
-55.6071239843
-55.0941909196
-54.5666247168
-54.0478641713
0
-70.0
-70.0
-70.0
-70.0
-67.5877581938
-65.5041545036
-63.6871871394
-62.0907671495
-60.679889584
-60.2473667252
-60.416274119
-60.1204094181
-59.5555436169
-58.8481060156
-58.0787065877
-57.2977767113
-56.5359595618
-55.8110039533
-55.9523304565
-54.9687153432
-54.1629224304
0
-70.0
-70.0
-70.0
-70.0
-67.4851015525
-65.3433257656
-63.4968161013
-61.8890164326
-59.6580360837
-57.9475133382
-56.6062825796
-55.5313347052
-54.651988157
0
-70.0
-70.0
-70.0
-70.0
-67.8345299904
-65.8907636517
-64.1448117267
-61.7557468475
-59.8804496917
-57.5559230752
-55.8593430028
-54.5960835259
0
-70.0
-70.0
-70.0
-70.0
-67.8037053343
-65.8424716904
-63.2676491144
-61.2305005983
-59.5838614687
-58.226415942
-57.0877347612
-56.9382682274
-55.7473126995
-54.7911622928
-54.007766639
0
-70.0
-70.0
-70.0
-70.0
-67.8364555786
-65.8937804065
-64.9683826231
-64.6841978655
-63.9742137488
-63.0324161539
-61.9829237251
-60.903797477
-59.8428618122
-58.8282050196
-57.8751374434
-56.9907923162
-56.1771588294
-55.433073443
-54.755519763
-54.1404702296
0
-70.0
-70.0
-70.0
-70.0
-68.3975886918
-66.7728889505
-65.1889728074
-63.682324028
-61.4522572927
-59.6824753418
-58.2478569931
-57.0621574175
-56.0653324249
-55.2150596819
-54.4810607133
-54.6612926417
-54.5640553774
-54.3035778395
0
-70.0
-70.0
-70.0
-70.0
-67.8803695363
-65.1425789403
-62.9451519513
-61.1451906928
-59.6437075814
-58.3713607951
-56.4589073635
-55.0461383924
0
-70.0
-70.0
-70.0
-70.0
-68.1602877819
-67.2211175249
-65.2135781199
-63.4519352063
-61.8965516179
-60.5167697442
-60.1083416286
-59.4763400382
-59.5512610827
-59.22783834
-58.6761900831
-57.1859947928
-56.0023444588
-55.0420761099
-54.2478458968
0
-70.0
-70.0
-70.0
-70.0
-68.2021516508
-67.286704253
-66.9312123392
-66.1035434463
-65.020157329
-63.8194537476
-62.5883831406
-60.560128005
-58.9411706568
-57.621757226
-56.5260505933
-54.7810915939
0
-70.0
-70.0
-70.0
-70.0
-67.0889977337
-64.7227631161
-63.582263575
-62.3952217312
-61.2198225672
-60.0905889832
-59.0266958667
-58.0374701346
-57.1260190242
-56.2916143904
-55.5312511305
-54.8406581369
-55.0349470695
-54.93368886
-54.6584776391
-55.1080683185
-55.1575537822
-54.145326601
0
-70.0
-70.0
-70.0
-70.0
-68.366249389
-65.9037907095
-63.0261891448
-60.8154219011
-59.0784474916
-57.6836479295
-55.7206465945
-54.3021575738
0
-70.0
-70.0
-70.0
-70.0
-67.788859864
-65.819213787
-64.0601190145
-62.4859915172
-61.0753153016
-59.8097323955
-58.673391572
-57.6524740255
-56.7348410301
-55.9097665318
-55.1677296151
0
-70.0
-70.0
-70.0
-70.0
-67.7419233788
-65.7456799601
-63.9730779102
-62.3937474166
-60.9830242066
-59.7204894737
-57.7689523181
-56.2890649475
-55.1414970269
-55.0515730403
0
-70.0
-70.0
-70.0
-70.0
-67.9544039037
-65.2585661159
-63.0824445726
-61.2906901609
-60.6092811752
-59.7967930779
-58.9327404503
-57.2465508587
-55.9432854085
-54.9132166247
0
-70.0
-70.0
-70.0
-70.0
-67.5549555891
-66.2727637563
-64.091023198
-62.2622780898
-61.5262884219
-60.6504850071
-58.8999867913
-57.5030216354
-56.3647418207
-56.2396158712
-55.9065531058
-55.459830343
-54.9598023406
-54.4444587945
0
-70.0
-70.0
-70.0
-70.0
-67.4565305186
-65.2985644791
-63.4438327061
-61.8328658854
-60.4218569302
-59.177856326
-58.0755274193
-57.094945828
-56.2200986789
-55.4378537669
-54.7372450274
-54.1089716161
0
-70.0
-70.0
-70.0
-70.0
-67.8496006445
-65.9143743431
-64.1727594174
-62.6053651482
-61.1947497483
-59.9252221835
-58.7826649051
-57.7543750412
-56.0089219549
-54.7113527046
0
-70.0
-70.0
-70.0
-70.0
-67.802006404
-65.8398100329
-64.0844985425
-62.5118283635
-61.1011653106
-59.8347286352
-58.6970423421
-57.6745291549
-56.755203604
-55.1084348201
0
-70.0
-70.0
-70.0
-70.0
-67.777901373
-65.8020454843
-64.0397971016
-62.4644548353
-61.0537676477
-59.7888964135
-57.8336771259
-56.3494229825
-55.1972230636
-54.2826623436
0
-70.0
-70.0
-70.0
-70.0
-67.0085052696
-64.5966582557
-62.6129947721
-61.7723635229
-60.825572656
-59.846645714
-58.8810680249
-57.9556858107
-57.0852669551
-55.4568400766
-54.2478892803
0
-70.0
-70.0
-70.0
-70.0
-68.8679025042
-67.5097139232
-66.0611436438
-64.6066300214
-63.1970341806
-61.8613755367
-60.6146011659
-59.4627165045
-58.4061618242
-57.4420236218
-56.5654732464
-55.7706939129
-55.051469849
-54.4015530824
0
-70.0
-70.0
-70.0
-70.0
-67.7424756296
-65.746545153
-63.9741020286
-62.3948327531
-60.984110096
-58.9015394985
-57.3052791567
-56.0540136464
-55.0514538854
-54.2315362326
0
-70.0
-70.0
-70.0
-70.0
-67.2281269891
-64.940732283
-63.0202710499
-61.383985275
-59.1527476342
-57.458913462
-56.1439825099
-55.1002245216
-54.2539622446
0
-70.0
-70.0
-70.0
-70.0
-67.8336497273
-65.8893845728
-64.1431793276
-62.5740168696
-61.1633854992
-59.8948938269
-58.7539690294
-57.7276151832
-56.8042157027
-55.9733688243
-55.2257484031
-54.552984537
0
-70.0
-70.0
-70.0
-70.0
-68.4506418414
-66.8560055515
-65.2873569258
-63.7865891862
-62.3765755696
-61.0680148806
-59.8639446379
-59.5827043377
-59.0445366796
-58.3701515288
-57.6365153873
-56.8917831895
-56.1652177645
-55.4737712507
-55.6464443008
-55.5118333207
-55.1973389554
-54.7853977043
-54.3287196969
0
-70.0
-70.0
-70.0
-70.0
-67.5208904703
-65.3993950701
-63.563184661
-61.1393522602
-59.2637410777
-57.7795829989
-56.5797687183
-54.7705545261
0
-70.0
-70.0
-70.0
-70.0
-67.6001245699
-65.5235284929
-63.7101198969
-62.1150707428
-59.8842055589
-58.1662129299
-56.8132102548
-55.7243016413
-54.8301464185
-54.0826484042
-54.2680613154
0
-70.0
-70.0
-70.0
-70.0
-67.8073050427
-65.8481112335
-64.0943245736
-62.5222417585
-61.1115840108
-59.8448032285
-58.7065746515
-57.6834183503
-56.7634106245
-55.9359589683
-55.1916226756
-54.5219668107
0
-70.0
-70.0
-70.0
-70.0
-67.8499566664
-65.9149321106
-63.3534196402
-62.1413981699
-60.9594720154
-59.8350005888
-58.78248438
-57.8082251753
-56.91339548
-55.2760511468
-54.0677761753
0
-70.0
-70.0
-70.0
-70.0
-67.0913952389
-64.7265192076
-62.7667096153
-61.1152668727
-59.7038923314
-58.4836045289
-57.4186450297
-57.3023811626
-56.1192101369
-55.1553338503
-54.3551636166
0
-70.0
-70.0
-70.0
-70.0
-68.4152170668
-66.800506738
-64.4016636494
-62.4323023413
-61.6062754784
-60.6737835114
-60.5284955474
-60.0403729175
-59.3628202423
-58.5941946291
-57.7965461068
-57.0080721233
-56.251385329
-55.5389937415
-54.0569256643
0
-70.0
-70.0
-70.0
-70.0
-67.781683406
-65.8079706695
-64.0468106719
-62.4718876509
-61.06120425
-59.7960874011
-58.660481045
-58.4604345299
-58.0083921365
-57.4202202959
-55.949976515
-54.819497696
0
-70.0
-70.0
-70.0
-70.0
-67.2694913653
-65.0055364722
-62.2769789874
-60.1806118635
-58.5334378604
-57.2106855299
-56.1266779472
-55.2220507994
-54.4552061507
0
-70.0
-70.0
-70.0
-70.0
-67.8416914508
-65.9019832729
-64.158092257
-61.7698212389
-59.8945312535
-58.3895395537
-57.1568932154
-56.1287423053
-55.257560349
-54.5095991636
0
-70.0
-70.0
-70.0
-70.0
-67.2969943352
-65.0486244585
-63.1479817172
-61.5193300152
-60.1081613268
-59.6945214028
-59.0731867351
-58.3479463766
-57.5845372822
-56.8236739162
-56.0897000994
-55.396325806
-54.7504237031
-54.1545349846
0
-70.0
-70.0
-70.0
-70.0
-67.5623536814
-65.4643541008
-64.4600758824
-62.505506422
-60.0459145317
-58.1852955798
-55.9260810226
-54.3230162542
0
-70.0
-70.0
-70.0
-70.0
-66.7587390581
-64.2053578577
-62.1498172089
-61.2814989126
-60.3344579711
-59.3717514738
-57.6117358597
-56.2520019625
-55.1777615588
-54.3106252646
0
-70.0
-70.0
-70.0
-70.0
-67.8324978754
-65.8875800048
-63.3210432822
-62.1070864726
-60.9251428378
-59.801805229
-58.7510758227
-57.7789356515
-56.8863536937
-56.071259396
-55.3298275041
-54.6573074522
-54.0485518393
0
-70.0
-70.0
-70.0
-70.0
-67.4861679129
-65.3449963968
-63.4987936073
-61.8911121467
-59.6601328654
-57.9495408678
-57.4282009736
-56.817790338
-56.1742842787
-55.5323711672
-54.912810928
-54.3273144202
0
-70.0
-70.0
-70.0
-70.0
-67.8548974121
-65.9226726123
-64.1825819787
-62.6157748659
-61.2051647694
-59.9352932191
-58.7921938484
-57.7632610976
-56.8371260772
-56.0035408624
-55.2532717048
-54.5780011534
0
-70.0
-70.0
-70.0
-70.0
-68.3966716373
-66.7714522318
-65.1872721808
-64.5005217442
-63.5551207574
-62.4860428067
-61.3783946094
-60.2845258707
-59.2353870985
-58.2480575985
-57.3307246453
-56.4859673852
-55.7129141162
-55.0086516843
-54.3691391691
0
-70.0
-70.0
-70.0
-70.0
-67.8509966664
-65.096561444
-62.8906815958
-61.0874643003
-59.5859517797
-58.3155125413
-57.2260652469
-55.4615280287
0
-70.0
-70.0
-70.0
-70.0
-67.6637125317
-65.623149633
-63.8280402394
-62.2400399285
-60.8292384111
-59.5717828869
-58.4482501428
-57.4425221583
-56.5410012956
-55.7320554015
-55.0056193517
-54.3529037434
0
-70.0
-70.0
-70.0
-70.0
-67.2424035184
-64.9630988455
-63.0467460802
-60.5920428851
-58.7161528718
-57.2500804348
-56.0787676248
-54.3033543512
0
-70.0
-70.0
-70.0
-70.0
-67.9226442569
-66.0288093358
-65.1282147387
-64.0335841557
-63.6790196675
-62.9603136522
-62.047079588
-61.8675698299
-62.134278314
-61.8398274607
-61.2184960334
-60.4217473092
-58.7263064977
-57.3681651275
-56.2576748012
-55.3327914454
-54.550101717
-54.6988178228
-54.5814202255
-54.3082676596
-54.770767198
-54.8392413478
-54.6690177928
-54.3612497334
0
-70.0
-70.0
-70.0
-70.0
-67.8771393115
-65.1375182547
-62.9391616787
-60.3188423439
-58.3526893315
-56.8445745464
-55.6615531904
-55.5330219372
-56.0414691206
-56.0951551267
-55.8741948928
-55.495812256
-55.0355889321
-55.3616019733
-55.3284897323
-55.0810060632
-54.7131489931
-54.2853297845
0
-70.0
-70.0
-70.0
-70.0
-68.109950239
-66.3222553744
-64.6555632765
-63.1170292419
-62.526674513
-61.7049058586
-60.7716811374
-59.8026902667
-58.8445394021
-57.9248309032
-57.0588447738
-56.2539582704
-55.5125610926
-54.8339707496
-54.2156841854
0
-70.0
-70.0
-70.0
-70.0
-67.6083636114
-66.3564363245
-65.0100654082
-64.4719073448
-63.6166155953
-62.5995533591
-61.5193309054
-60.4372197363
-59.3900457103
-58.3987397711
-58.2939982151
-57.9046866744
-57.3576101942
-56.7341106329
-56.0855405417
-55.4435471356
-55.6468995207
-56.3506809678
-57.3312604704
-58.445232823
-58.7821084738
-58.6414969151
-58.2190800827
-57.6416606472
-56.9904869644
-56.3167665225
-55.6519753733
-55.8347015046
-55.6998471333
-55.3789396061
-54.9570971028
-54.4887550308
-54.0081246199
0
-70.0
-70.0
-70.0
-70.0
-67.738899432
-65.7409424434
-64.7874701688
-63.6724711318
-62.4977226718
-61.3262828401
-60.1958761798
-59.1277696442
-58.1326467348
-58.0344847646
-57.6577714237
-56.3064843717
-55.2354959947
-54.3683864354
0
-70.0
-70.0
-70.0
-70.0
-67.8330070817
-65.8883777614
-64.1419875771
-62.5727538806
-61.1621218667
-59.8936719295
-58.7528129028
-58.5465370568
-58.0878869806
-57.4931007021
-56.8364589117
-56.1645918737
-55.5059852551
-54.8772884421
-55.1074940729
-55.025367649
0
-70.0
-70.0
-70.0
-70.0
-67.2461479711
-64.9689651547
-63.0536899597
-61.4194018441
-60.0081822466
-58.7778444132
-57.6970468994
-56.7420001611
-55.8942387794
-55.1391073245
-54.464724874
0
-70.0
-70.0
-70.0
-70.0
-68.2135251167
-66.4845226828
-64.847637133
-63.3205845654
-61.9103335393
-59.7971718057
-58.152702372
-56.024263966
-54.4963921236
0
-70.0
-70.0
-70.0
-70.0
-67.2048854478
-64.9043205349
-62.9771709027
-62.1583087599
-61.2117145156
-60.2200341518
-59.2343581285
-58.2851405769
-57.3894386934
-57.3757029401
-56.2516047235
-55.3187589694
-54.5317595513
0
-70.0
-70.0
-70.0
-70.0
-68.0027463575
-66.1543026268
-64.4567596341
-62.9063418507
-61.4958797857
-60.2164065538
-59.0581757295
-58.011298044
-57.0661281645
-56.2134886314
-54.6247886238
0
-70.0
-70.0
-70.0
-70.0
-69.124663274
-67.9119724626
-66.537292227
-65.1112410114
-63.7019022484
-62.3495689156
-61.0765166187
-60.71346802
-60.0885232601
-59.3272722955
-58.5096126402
-57.6853630923
-56.0646345939
-54.8400430084
0
-70.0
-70.0
-70.0
-70.0
-68.3555689985
-66.7070580977
-65.1110496206
-63.5997428803
-62.1896340735
-60.8872476536
-59.6929075465
-58.6032065641
-57.6126124225
-56.7145021901
-55.901819311
-55.1674822732
-54.5046306414
0
-70.0
-70.0
-70.0
-70.0
-68.6703420879
-66.3802026044
-64.4101121609
-62.6977208227
-61.197028659
-59.0533790722
-57.4154100177
-56.1354482511
-55.1129562494
-55.0990291734
-54.8707052887
-54.5213541149
-54.1110316068
0
-70.0
-70.0
-70.0
-70.0
-68.6564691712
-67.1784683682
-65.6690522742
-64.1911008753
-62.7812933401
-61.4593657076
-59.4142302712
-57.8233413337
-56.5580299267
-56.350242085
-55.9638946438
-55.4832896909
-54.9621503962
-54.4340618061
0
-70.0
-70.0
-70.0
-70.0
-68.2248149421
-66.5022100759
-64.868573487
-63.3427724175
-61.9325326951
-60.6386377719
-59.4576795589
-58.3838486458
-57.4100884764
-56.5288294256
-55.7324463475
-55.0135349558
0
-70.0
-70.0
-70.0
-70.0
-67.1349894754
-64.7948168448
-62.8475527049
-61.2009424642
-60.6096115709
-59.0311593159
-57.7330493191
-56.6464150103
-55.7228872581
-55.7480076981
-54.7014797055
0
-70.0
-70.0
-70.0
-70.0
-67.8217550861
-65.8707496348
-64.1211213763
-62.5506403753
-61.9599970955
-61.1569445578
-60.2532148832
-60.139203249
-59.6828228269
-59.0362338127
-58.2970726104
-57.5270068021
-56.7640670903
-56.0308343602
-56.1598669102
-55.9819575432
-55.6258133382
-54.3545997039
0
-70.0
-70.0
-70.0
-70.0
-67.5579938721
-66.277523733
-65.7366575251
-64.8375825495
-63.7535514791
-62.594681121
-61.429536202
-60.2994647106
-59.2281063254
-58.2276877501
-57.3031803466
-56.4550365596
-55.6809824021
-54.9771838275
-54.3389985551
0
-70.0
-70.0
-70.0
-70.0
-67.850836926
-65.0963111841
-62.8903853661
-61.9071503632
-60.0503043493
-58.551186596
-57.3166763908
-56.2820810546
-55.4019211511
-54.6437611707
0
-70.0
-70.0
-70.0
-70.0
-67.479588555
-65.3346887362
-63.4865925537
-61.8781817591
-60.4671958904
-58.4016978394
-56.8323424142
-55.612984412
-54.6442701302
0
-70.0
-70.0
-70.0
-70.0
-68.1007344118
-66.3078172452
-64.638473037
-63.0989174109
-61.6885534548
-60.4027166327
-60.0544573184
-59.4603531525
-58.7385455478
-57.1441761335
-55.8994152804
-54.0859115925
0
-70.0
-70.0
-70.0
-70.0
-67.4048038707
-65.2175260642
-63.3479085114
-61.731207696
-60.3201469503
-59.0795056045
-57.9824706102
-57.00816726
-56.1399796745
-55.364401134
-54.6702406386
-54.0480696534
0
-70.0
-70.0
-70.0
-70.0
-67.8495481441
-65.9142920924
-64.1726620583
-61.7852619692
-60.7299798502
-59.6891445837
-57.8716719377
-56.4687992855
-55.3614490514
0
-70.0
-70.0
-70.0
-70.0
-67.7147598086
-65.7031237001
-63.9227045783
-62.3403629527
-60.9296125455
-58.848841883
-58.0754180894
-58.1121832103
-57.8138361758
-56.5043667493
-55.4518728684
-54.5886474442
0
-70.0
-70.0
-70.0
-70.0
-67.288581014
-65.0354435886
-63.1323796804
-62.3227953462
-61.3762849007
-61.1991691368
-60.6695940405
-59.9461958481
-59.130617071
-58.2869159024
-57.4544646712
-56.6565117767
-55.9058563141
-55.2086011595
-54.566628028
0
-70.0
-70.0
-70.0
-70.0
-67.8525360316
-65.9189731161
-64.1782029296
-62.6111340534
-61.2005215926
-59.9308033963
-58.7879456987
-58.5792995568
-58.1181352198
-57.5208321103
-56.8617558409
-56.1875848846
-55.5268294813
-54.0761485899
0
-70.0
-70.0
-70.0
-70.0
-67.7843321422
-64.992120356
-62.7670559392
-60.9564487578
-59.4548694903
-58.1887596135
-57.1061350336
-56.1696891179
-55.3521652646
-54.6332454437
0
-70.0
-70.0
-70.0
-70.0
-67.8470411374
-65.9103644486
-64.1680129537
-62.6003349583
-61.1897169958
-59.9203556517
-58.7780603236
-57.7500811159
-56.8249575541
-55.9923848319
-55.2430950375
-55.3887513263
-55.2465200553
-54.9362972909
-54.5356203893
-54.0940269019
0
-70.0
-70.0
-70.0
-70.0
-68.0666885971
-66.2544788022
-64.5753369651
-63.0320072974
-61.6216092535
-60.337983452
-59.1732085228
-58.1185699478
-57.1651678045
-56.3042875918
-55.5276165444
-54.0073600311
0
-70.0
-70.0
-70.0
-70.0
-67.8862144431
-65.9717359609
-64.2406576729
-62.6773221109
-61.2667433701
-59.9948380132
-58.848533532
-57.8157997256
-56.8856327842
-56.0480115265
-55.2938383877
-54.6148732249
-54.0036650196
0
-70.0
-70.0
-70.0
-70.0
-67.8500245041
-65.9150383898
-64.1735454415
-61.7861981579
-59.0909165157
-57.1207169799
-54.8312400258
-54.0665125191
0
-70.0
-70.0
-70.0
-70.0
-67.676471023
-66.463137936
-65.9563668192
-65.0704252552
-64.8065128083
-64.1046149132
-63.1633223457
-62.1097693937
-61.0239786427
-59.9550382373
-58.9318393862
-58.790192096
-58.3621973187
-57.7766605417
-57.1161164574
-57.2525861249
-57.0427150546
-56.6320352439
-56.9345595161
-57.6549220955
-57.7819755733
-57.5488084742
-57.1072812656
-56.5554555649
-55.955844959
-55.3475504301
-54.7543220318
-54.1899075918
-54.4815953414
-54.4572214797
-54.2440231134
0
-70.0
-70.0
-70.0
-70.0
-68.7035823347
-67.2522789911
-65.7564210185
-64.2836922011
-62.8739318372
-61.5489445576
-60.3189873713
-59.1870468138
-57.3316475855
-55.9240197957
-54.0119757953
0
-70.0
-70.0
-70.0
-70.0
-67.2006487115
-64.8976829813
-63.7893141105
-62.6146489843
-61.4393616092
-60.3028771304
-59.2275572055
-58.2247800103
-57.2989543596
-56.4501604905
-55.6758788193
-54.972113856
-54.3341177495
-54.5768494939
-54.5199268908
-54.2851090992
0
-70.0
-70.0
-70.0
-70.0
-67.8822348333
-65.9655012388
-64.2332777074
-62.6695009984
-60.438918273
-59.5226046954
-58.6053963923
-58.538224864
-58.9833144516
-58.9009243891
-58.5047928719
-57.9336208659
-57.2764636334
-57.4096205062
-57.1925272796
-56.7725204343
-57.064765646
-56.9546205849
-56.606712862
-56.1277444662
-55.5861052799
-54.2049182587
0
-70.0
-70.0
-70.0
-70.0
-67.790953504
-66.642493823
-64.5286682203
-62.7260839179
-60.3503305393
-58.5298674941
-57.9232607505
-57.2451880127
-56.5468381029
-55.8596002203
-55.2019374834
0
-70.0
-70.0
-70.0
-70.0
-67.3844458522
-65.1856318351
-63.310155697
-61.6911981576
-60.2801170287
-59.0407977837
-57.9458463106
-56.9740138831
-56.1084472971
-55.3354924356
-54.6438697709
-54.024100513
0
-70.0
-70.0
-70.0
-70.0
-68.6695274815
-67.1989263877
-65.6932681852
-64.2167643241
-62.8069698634
-61.4841941915
-60.2577223153
-59.1299151124
-58.0989002869
-57.1603280487
-56.3085071042
-56.3571309673
-56.9444009196
-56.1952828604
-55.4893025961
-54.8327376844
-54.2277074812
0
-70.0
-70.0
-70.0
-70.0
-68.2911626724
-66.6061548534
-64.9916116669
-63.4731653661
-62.0629920734
-60.764788362
-58.7570398565
-57.2104894246
-55.992209518
-55.0115012567
-54.2060262581
-54.3525403836
-54.2453641795
0
-70.0
-70.0
-70.0
-70.0
-67.8919711679
-65.9807548297
-63.4313331991
-61.4039691141
-59.7574183593
-58.3942406278
-57.246525968
-56.2663463065
-55.4193602994
-54.6805233518
-54.0312037382
0
-70.0
-70.0
-70.0
-70.0
-67.6852796902
-66.4769381814
-65.9727020033
-65.0877368964
-64.823833269
-64.121363317
-63.1791692352
-62.1245471449
-61.8576223193
-61.2522133466
-60.4638941847
-59.5921062148
-58.699296559
-57.0036342136
-55.7027823325
-54.6821784595
0
-70.0
-70.0
-70.0
-70.0
-67.7156504239
-65.7045189975
-63.9243561751
-62.3421132758
-60.9313637603
-59.670535259
-58.541686983
-57.5296551179
-56.6214474949
-55.8058080047
-55.072897377
-54.4140544212
0
-70.0
-70.0
-70.0
-70.0
-68.2143080851
-66.4857493333
-64.8490891045
-63.3221233304
-61.9118730882
-61.4386605066
-61.5434442742
-61.9915330589
-60.990668561
-59.9737942437
-58.9812098451
-58.0362855445
-57.1514547793
-56.3321744942
-55.57953384
-54.8919649861
-54.2663581743
0
-70.0
-70.0
-70.0
-70.0
-67.5812342112
-65.4939335975
-63.6750887761
-62.0779455907
-60.6670614931
-59.4149623181
-58.2998707358
-57.3041534286
-55.5932512633
-54.3302682554
0
-70.0
-70.0
-70.0
-70.0
-68.6213935467
-67.1235165566
-65.6040064772
-64.1221668804
-62.7123242263
-61.3926744929
-59.3511288365
-57.7644971481
-55.6837015634
-54.1957674939
0
-70.0
-70.0
-70.0
-70.0
-67.6002166112
-66.3436726909
-64.994957249
-64.4558960755
-63.600596169
-61.7640630194
-60.2200076956
-58.9029075782
-57.7658839218
-56.7748069306
-55.9043338382
-55.1352388548
-54.4526072362
-54.6646080239
-54.5863215624
-54.3364723001
0
-70.0
-70.0
-70.0
-70.0
-67.8814980867
-65.1443470025
-62.9472447852
-61.1474086287
-59.6459266472
-58.37350657
-58.100937638
-57.6173650242
-57.0233092885
-56.3827655374
-55.7356804356
-55.1062400266
-54.5083677803
0
-70.0
-70.0
-70.0
-70.0
-67.8555090705
-65.9236308771
-64.1837162652
-62.6169769559
-62.0263674718
-61.2211228656
-60.313938673
-59.3758302017
-58.4504374455
-57.5635205436
-56.729253051
-55.9543841204
-55.2409832914
0
-70.0
-70.0
-70.0
-70.0
-66.9248290882
-63.6455655715
-61.1731552758
-60.0872705892
-59.0494974242
-58.0751836111
-56.3514225362
-55.0554518067
-54.0593543088
0
-70.0
-70.0
-70.0
-70.0
-67.6581270942
-65.6143991143
-63.8176823559
-62.2290628889
-60.8182557792
-59.5611629873
-58.4382018793
-57.4331518185
-56.5323500548
-55.7241239947
-54.9983842255
-54.3463275564
0
-70.0
-70.0
-70.0
-70.0
-67.9307929111
-66.0415755608
-64.3233259652
-62.764932009
-61.3543979017
-60.0795975072
-58.928730687
-57.8905862386
-57.7746800283
-57.3959803011
-56.8722277882
-56.2789020208
-55.6636098263
-54.2356475154
0
-70.0
-70.0
-70.0
-70.0
-67.7875274554
-66.6371263468
-65.3423148034
-64.8240173839
-63.9689050194
-62.9402074334
-61.8416486341
-60.7377917333
-59.6675512017
-58.6531551761
-57.7060790548
-56.8309640802
-56.0281962928
-54.4755957439
0
-70.0
-70.0
-70.0
-70.0
-67.1420082595
-63.9858129398
-62.3959019834
-60.9787586767
-59.7125140702
-59.3990168372
-59.6676179362
