-70.0
-70.0
-70.0
-70.0
-63.4444444444
-59.7296296296
-57.8430864198
-57.9847037037
-61.5341412374
-68.4672154625
-70.0
-70.0
-70.0
-70.0
-65.4877712412
-62.9308416112
-61.6323224462
-60.1321335323
-60.5024214027
-61.0411800782
-61.6630626143
-64.6774301322
-69.7523722949
-70.0
-70.0
-70.0
-70.0
-70.0
-70.0
-70.0
-70.0
-70.0
-69.5702257532
-62.407614153
-59.0957829856
-57.403923231
-70.0
-70.0
-70.0
-70.0
-70.0
-70.0
-70.0
-70.0
-64.3234613577
-58.7734227938
-55.8176188956
-54.5168825935
0
-70.0
-70.0
-70.0
-70.0
-70.0
-70.0
-70.0
-70.0
-70.0
-70.0
-70.0
-70.0
-70.0
-62.8699159343
-70.0
-70.0
-70.0
-70.0
-70.0
-70.0
-70.0
-66.0866625403
-63.8691046465
-62.7429330886
-62.3091323843
-62.3052142155
-62.5593561738
-56.574403276
0
-70.0
-70.0
-70.0
-70.0
-70.0
-70.0
-70.0
-70.0
-66.847439703
-65.060988868
-64.9562212072
-65.0614865705
-65.2892629028
-65.5829532721
-66.2818776746
-70.0
-70.0
-70.0
-70.0
-70.0
-70.0
-70.0
-70.0
-64.4347824659
-62.2226315331
-60.3521174532
-59.2180717569
-58.8970419471
-59.0745226631
-61.9463912224
-70.0
-70.0
-70.0
-70.0
-70.0
-70.0
-65.7905579311
-63.4052074253
-62.193823541
-61.7271990924
-61.7229844535
-61.9963561884
-62.4271673564
-62.9380818119
-69.357590882
-70.0
-70.0
-70.0
-70.0
-70.0
-70.0
-70.0
-70.0
-70.0
-70.0
-70.0
-69.7067038055
-69.5405026286
-70.0
-70.0
-70.0
-70.0
-70.0
-70.0
-70.0
-70.0
-70.0
-64.4464324179
-61.299410788
-59.7012174505
-59.0855941996
-60.0540214809
-61.2999438003
-68.198726657
-70.0
-70.0
-70.0
-70.0
-70.0
-70.0
-70.0
-70.0
-70.0
-70.0
-70.0
-63.4709910617
-59.7712193301
-59.848733162
-67.8953449601
-70.0
-70.0
-70.0
-70.0
-70.0
-70.0
-70.0
-70.0
-70.0
-70.0
-70.0
-70.0
-70.0
-70.0
-70.0
-70.0
-70.0
-70.0
-70.0
-70.0
-70.0
-70.0
-70.0
-70.0
-70.0
-70.0
-70.0
-70.0
-70.0
-70.0
-70.0
-70.0
-70.0
-70.0
-70.0
-70.0
-70.0
-69.5493563413
-69.2939916014
-70.0
-70.0
-63.6939031136
-61.1434109533
-65.6141117759
-70.0
-70.0
-70.0
-70.0
-65.9712375284
-63.6882721279
-62.5288838166
-62.082288036
-57.4532630025
-55.094072549
-54.1754225252
-54.1517184268
-54.6657720202
-67.0608350845
-70.0
-70.0
-70.0
-70.0
-70.0
-70.0
-70.0
-70.0
-70.0
-70.0
-70.0
-70.0
-63.3696680758
-59.6124799854
-58.1822335244
-65.3372274719
-70.0
-70.0
-70.0
-70.0
-70.0
-70.0
-70.0
-70.0
-70.0
-70.0
-69.4362653532
-62.2382064294
-58.1780975275
-57.6424745676
-64.1109537107
-70.0
-70.0
-70.0
-70.0
-70.0
-70.0
-70.0
-70.0
-70.0
-70.0
-64.0570800017
-60.689425336
-58.9791850254
-58.952719745
-58.3491320146
-70.0
-70.0
-70.0
-70.0
-70.0
-69.1452398071
-68.6608756977
-68.4148947089
-68.3201429586
-68.3192871432
-68.3747974158
-69.3744855036
-69.9951488395
-70.0
-70.0
-70.0
-70.0
-70.0
-70.0
-70.0
-70.0
-70.0
-70.0
-70.0
-70.0
-70.0
-70.0
-63.2438603783
-59.4153812593
-58.2061640531
-69.1880105997
-70.0
-70.0
-70.0
-70.0
-70.0
-70.0
-65.7944679509
-62.5430203659
-56.9518289138
-54.0320530788
0
-70.0
-70.0
-70.0
-70.0
-70.0
-70.0
-70.0
-70.0
-70.0
-70.0
-65.8214717419
-64.4536367444
-63.8178145212
-63.6423940365
-63.7490619445
-57.8334986217
-54.689710674
-55.4574889522
-60.6455872703
-66.462302845
-70.0
-70.0
-70.0
-70.0
-70.0
-70.0
-70.0
-70.0
-70.0
-70.0
-70.0
-70.0
-69.1279849374
-70.0
-70.0
-70.0
-70.0
-70.0
-70.0
-70.0
-69.7578907991
-70.0
-70.0
-70.0
-70.0
-70.0
-63.5027842284
-60.7332371293
-59.3804009655
-57.5621749193
-63.8487011449
-70.0
-70.0
-70.0
-70.0
-70.0
-70.0
-70.0
-70.0
-63.4032430195
-60.6599424994
-59.3252974374
-61.4249867311
-70.0
-70.0
-70.0
-70.0
-70.0
-70.0
-64.5644624924
-61.4843245715
-59.9200976665
-59.317558268
-59.3121160199
-59.6651134704
0
-70.0
-70.0
-70.0
-70.0
-70.0
-70.0
-70.0
-70.0
-70.0
-70.0
-63.7684536417
-58.3821248397
-65.2926157151
-70.0
-70.0
-70.0
-70.0
-68.9946311557
-69.2273912797
-68.5903318423
-68.2550851185
-68.1121009136
-67.3855366565
-67.0367468803
-66.9262481186
-67.9038795942
-68.5603291597
-70.0
-70.0
-70.0
-70.0
-70.0
-70.0
-70.0
-70.0
-65.3716272308
-62.7488826615
-61.4169398313
-60.9038761387
-60.8992420519
-61.1998201981
-61.6735064125
-56.4742387652
-61.579492093
-70.0
-70.0
-70.0
-70.0
-70.0
-70.0
-70.0
-70.0
-70.0
-70.0
-63.9221084647
-60.477969928
-60.6433327606
-64.4977484285
-70.0
-70.0
-69.2403621834
-68.8099007539
-68.5912938712
-67.7046174766
-67.2491243907
-67.0675243928
-67.056313581
-66.3452408387
-66.0404224987
-68.8083207368
-70.0
-70.0
-70.0
-70.0
-70.0
-68.8193359913
-68.150293053
-67.8105241883
-67.6796453965
-66.6861706215
-66.8412011076
-67.0395126957
-66.7016270031
-60.0807069684
-63.9234812456
-70.0
-70.0
-70.0
-70.0
-70.0
-70.0
-70.0
-70.0
-70.0
-70.0
-69.5655435026
-69.3193514874
-62.2183029737
-57.1966614903
-66.1357026118
-70.0
-70.0
-70.0
-70.0
-68.9438324587
-68.3453375186
-68.0413959706
-68.9236412033
-69.4888669694
-69.8450401968
-69.0661931183
-62.0397054115
-58.0891559404
-56.115854393
-59.2790027716
-70.0
-70.0
-70.0
-70.0
-70.0
-70.0
-70.0
-65.2484296047
-62.5558730474
-61.188476678
-60.6617563005
-60.656998864
-61.9578704266
-64.3342276095
-70.0
-70.0
-70.0
-70.0
-70.0
-70.0
-70.0
-70.0
-64.2396597728
-60.9754669774
-59.3177690675
-58.9756613229
-61.2812222023
-70.0
-70.0
-70.0
-70.0
-70.0
-70.0
-65.6370772697
-59.8314233736
-56.6869835902
-55.2440869339
-54.8702127089
-56.138653397
-57.516549651
-62.6733423645
-66.9812720378
-70.0
-70.0
-70.0
-70.0
-70.0
-70.0
-63.5797040991
-60.8830087584
-59.5688912621
-58.2598116317
-69.461815541
-70.0
-70.0
-70.0
-70.0
-69.6367733506
-69.4309449159
-69.3264163579
-69.2861520112
-70.0
-70.0
-70.0
-70.0
-70.0
-70.0
-70.0
-70.0
-70.0
-70.0
-70.0
-70.0
-70.0
-70.0
-70.0
-70.0
-70.0
-70.0
-70.0
-70.0
-70.0
-70.0
-70.0
-70.0
-70.0
-70.0
-66.8366409226
-65.0440707788
-65.1077140383
-65.3089761927
-65.5861009456
-65.8995057658
-66.2242317991
-70.0
-70.0
-70.0
-70.0
-70.0
-70.0
-70.0
-70.0
-70.0
-64.7019847006
-60.6997760313
-58.6084582954
-57.7333857107
-57.6172293028
-58.3688093842
-67.7004395061
-70.0
-70.0
-70.0
-70.0
-70.0
-70.0
-70.0
-70.0
-70.0
-70.0
-70.0
-70.0
-63.3842003282
-59.6352471809
-59.7523748264
-60.2360495302
-70.0
-70.0
-70.0
-70.0
-70.0
-70.0
-64.9763270849
-62.1295790997
-60.6838776719
-60.1269942262
-60.1219643512
-60.4482142812
-61.828086035
-70.0
-70.0
-70.0
-70.0
-70.0
-70.0
-70.0
-70.0
-64.9079024235
-62.0223804634
-60.5569879386
-59.9925194924
-60.948402666
-61.8236524813
-70.0
-70.0
-70.0
-70.0
-70.0
-70.0
-70.0
-70.0
-70.0
-70.0
-70.0
-70.0
-70.0
-70.0
-70.0
-70.0
-70.0
-70.0
-70.0
-70.0
-70.0
-70.0
-64.7599411583
-61.7905744814
-60.2826019925
-59.7017317661
-59.696485238
-61.1084943843
-64.949429727
-70.0
-70.0
-70.0
-68.5844155562
-67.782251038
-67.3748772925
-67.2179571354
-67.2165398033
-67.3084714106
-61.0678884611
-57.6212757426
-56.5867178691
-63.361588969
-70.0
-70.0
-70.0
-70.0
-70.0
-70.0
-70.0
-65.6728557656
-63.220807366
-61.9755514141
-60.5132209924
-59.9520487063
0
-70.0
-70.0
-70.0
-70.0
-70.0
-70.0
-70.0
-70.0
-66.1972614421
-61.709042926
-59.2924770521
-58.1994549594
-57.9369932051
-58.1816163791
-59.8838110899
-70.0
-70.0
-70.0
-70.0
-70.0
-70.0
-70.0
-64.7315897542
-61.5083886487
-59.5241883639
-58.6828619141
-57.9997484249
-58.2693932045
-70.0
-70.0
-70.0
-70.0
-70.0
-70.0
-70.0
-70.0
-70.0
-70.0
-70.0
-70.0
-69.785381956
-69.6637650644
-69.6020027607
-70.0
-70.0
-70.0
-70.0
-70.0
-70.0
-70.0
-70.0
-70.0
-70.0
-70.0
-70.0
-70.0
-69.2332968832
-68.7988317837
-68.5781916646
-62.7776345846
-66.2221258794
-70.0
-70.0
-70.0
-70.0
-70.0
-70.0
-70.0
-70.0
-70.0
-70.0
-70.0
-70.0
-70.0
-70.0
-70.0
-70.0
-70.0
-70.0
-70.0
-70.0
-70.0
-70.0
-70.0
-63.5878245652
-59.9542584854
-58.1089768881
-57.3981753667
-57.391755275
-62.369479797
-70.0
-70.0
-70.0
-70.0
-70.0
-70.0
-70.0
-70.0
-70.0
-70.0
-70.0
-70.0
-70.0
-70.0
-70.0
-70.0
-70.0
-70.0
-68.0356258626
-65.9276187491
-64.7985605228
-65.268494608
-65.7081719055
-66.1150392205
-66.4886583022
-66.8298744744
-68.1690218288
-70.0
-70.0
-70.0
-70.0
-70.0
-70.0
-70.0
-70.0
-70.0
-70.0
-70.0
-64.3102153335
-61.0860040225
-58.4876288775
0
-70.0
-70.0
-70.0
-70.0
-70.0
-70.0
-70.0
-70.0
-70.0
-70.0
-70.0
-69.5573675349
-69.9721941788
-70.0
-70.0
-70.0
-70.0
-70.0
-70.0
-70.0
-70.0
-70.0
-70.0
-70.0
-70.0
-70.0
-70.0
-70.0
-69.3171980853
-70.0
-70.0
-70.0
-70.0
-70.0
-70.0
-70.0
-70.0
-70.0
-70.0
-70.0
-70.0
-70.0
-70.0
-70.0
-70.0
-70.0
-70.0
-70.0
-70.0
-70.0
-70.0
-70.0
-70.0
-70.0
-70.0
-64.8007815046
-61.8545576905
-60.3583381457
-59.7819951473
-63.912799257
-70.0
-70.0
-70.0
-69.8723949918
-70.0
-70.0
-70.0
-70.0
-64.0147461169
-59.710893745
-58.3837610352
-57.9746893747
-58.130090066
-64.7241485545
-70.0
-70.0
-70.0
-70.0
-70.0
-70.0
-70.0
-70.0
-69.9974952675
-69.9960759191
-69.9953551127
-70.0
-70.0
-70.0
-70.0
-70.0
-70.0
-70.0
-70.0
-70.0
-69.2105003739
-69.7457757226
-70.0
-64.6801775378
-60.8631423401
-58.8774831435
-58.0568381874
-57.9625566075
-59.0812481806
-70.0
-70.0
-70.0
-70.0
-70.0
-70.0
-70.0
-70.0
-70.0
-70.0
-70.0
-70.0
-70.0
-70.0
-70.0
-70.0
-70.0
-70.0
-70.0
-70.0
-70.0
-70.0
-70.0
-70.0
-70.0
-70.0
-70.0
-70.0
-69.2770582318
-68.8673912298
-70.0
-70.0
-70.0
-70.0
-70.0
-70.0
-70.0
-70.0
-70.0
-69.3566420512
-69.9910575877
-70.0
-70.0
-70.0
-70.0
-64.1449698297
-67.6794369561
-70.0
-70.0
-70.0
-70.0
-69.5376437669
-69.2756419014
-69.1425860521
-69.0913330074
-68.0923925192
-67.5566151423
-67.3165948781
-60.6717232013
-56.9957427551
-55.679245371
-63.2285597639
-70.0
-70.0
-70.0
-70.0
-70.0
-70.0
-70.0
-70.0
-70.0
-70.0
-70.0
-70.0
-70.0
-70.0
-70.0
-70.0
-70.0
-70.0
-70.0
-70.0
-64.0334832734
-60.6524571283
-55.0465373147
0
-70.0
-70.0
-70.0
-70.0
-70.0
-70.0
-70.0
-70.0
-70.0
-70.0
-70.0
-64.5166557071
-60.5411145172
-59.1375521669
0
-70.0
-70.0
-70.0
-70.0
-70.0
-70.0
-70.0
-66.78823451
-64.9682340657
-60.1550704414
-55.2620032521
0
-70.0
-70.0
-70.0
-70.0
-70.0
-70.0
-70.0
-70.0
-70.0
-70.0
-70.0
-70.0
-70.0
-70.0
-70.0
-70.0
-63.8134011953
-60.3076618726
-58.9332689129
-64.1161583439
-70.0
-70.0
-70.0
-70.0
-70.0
-70.0
-70.0
-70.0
-70.0
-70.0
-70.0
-70.0
-70.0
-70.0
-70.0
-70.0
-70.0
-70.0
-70.0
-70.0
-70.0
-70.0
-70.0
-70.0
-70.0
-70.0
-63.5713368944
-59.9284278012
-54.535993274
-56.0468602861
-70.0
-70.0
-70.0
-70.0
-70.0
-70.0
-70.0
-70.0
-69.8315607819
-69.7361118917
-69.6876388278
-69.6689670286
-69.6687983814
-70.0
-70.0
-70.0
-70.0
-70.0
-70.0
-70.0
-70.0
-70.0
-65.1881256377
-62.4613968324
-61.0766463215
-60.5432411376
-54.921139372
0
-70.0
-70.0
-70.0
-70.0
-70.0
-70.0
-70.0
-70.0
-70.0
-70.0
-70.0
-70.0
-70.0
-70.0
-70.0
-70.0
-70.0
-70.0
-70.0
-70.0
-70.0
-70.0
-70.0
-70.0
-70.0
-70.0
-63.4930836264
-57.4724976814
-54.277729525
0
-70.0
-70.0
-70.0
-70.0
-70.0
-70.0
-70.0
-70.0
-70.0
-70.0
-70.0
-70.0
-70.0
-70.0
-70.0
-66.7444247866
-70.0
-70.0
-70.0
-70.0
-70.0
-70.0
-70.0
-70.0
-70.0
-70.0
-70.0
-70.0
-70.0
-70.0
-70.0
-70.0
-70.0
-70.0
-70.0
-70.0
-70.0
-70.0
-70.0
-70.0
-70.0
-70.0
-63.2519413135
-59.4280413912
-57.4861000581
0
-70.0
-70.0
-70.0
-70.0
-70.0
-70.0
-70.0
-70.0
-66.7443055846
-64.8994120826
-62.9640180175
-62.0373143111
-61.7467149436
-62.1568999902
-70.0
-70.0
-70.0
-70.0
-70.0
-70.0
-70.0
-70.0
-70.0
-70.0
-64.5147206207
-62.4053806798
-61.3929306927
-61.0723630106
-61.177610301
-62.758396457
-68.7691320142
-70.0
-70.0
-70.0
-67.2133915156
-64.6377388618
-63.2710893074
-62.6753965979
-62.562134419
-63.7386804769
-64.9866520957
-66.9064779411
-70.0
-70.0
-70.0
-70.0
-70.0
-70.0
-70.0
-70.0
-70.0
-70.0
-69.8737769185
-69.8022505056
-69.7659263077
-70.0
-70.0
-70.0
-70.0
-70.0
-70.0
-70.0
-70.0
-70.0
-70.0
-70.0
-70.0
-70.0
-70.0
-70.0
-70.0
-70.0
-70.0
-70.0
-70.0
-70.0
-70.0
-70.0
-70.0
-70.0
-70.0
-70.0
-63.5515641606
-60.0117962311
0
-70.0
-70.0
-70.0
-70.0
-70.0
-70.0
-70.0
-70.0
-70.0
-70.0
-70.0
-70.0
-70.0
-70.0
-70.0
-63.4051391606
-60.4008692954
-65.938635566
-70.0
-70.0
-70.0
-70.0
-70.0
-70.0
-70.0
-70.0
-70.0
-69.5504706838
-69.2957374046
-69.6107909
-62.8287822417
-66.485991287
-70.0
-70.0
-70.0
-70.0
-70.0
-67.0769522527
-63.0872251959
-60.9238147886
-59.9283080513
-54.740801148
0
-70.0
-70.0
-70.0
-70.0
-70.0
-70.0
-70.0
-70.0
-70.0
-70.0
-70.0
-70.0
-70.0
-70.0
-69.5386640101
-69.2772402825
-70.0
-70.0
-70.0
-70.0
-68.4213286004
-67.5267481406
-68.0673033623
-68.4560597166
-68.7407782053
-68.9535833583
-68.2039385
-67.8140203018
-60.9260644689
-59.3093699653
-68.170915563
-70.0
-70.0
-70.0
-70.0
-70.0
-70.0
-70.0
-70.0
-70.0
-70.0
-70.0
-70.0
-70.0
-66.1330907213
-70.0
-70.0
-70.0
-70.0
-70.0
-70.0
-67.6407319391
-66.3038133713
-65.6248684515
-64.4950264607
-63.6672870509
-63.3817338367
-64.3724831168
-58.3376044733
-56.3036663275
-59.6173519403
-67.7964453637
-70.0
-70.0
-70.0
-70.0
-70.0
-70.0
-70.0
-70.0
-70.0
-70.0
-70.0
-70.0
-70.0
-70.0
-70.0
-70.0
-66.9206729283
-65.1757209209
-60.4006701303
-57.8556173182
0
-70.0
-70.0
-70.0
-70.0
-70.0
-70.0
-70.0
-70.0
-70.0
-70.0
-70.0
-70.0
-70.0
-70.0
-70.0
-70.0
-70.0
-70.0
-70.0
-70.0
-70.0
-70.0
-70.0
-70.0
-67.4533794259
-66.8127635698
-66.5346352704
-67.038826004
-67.7733795774
-68.2883324021
-69.2099152392
-70.0
-70.0
-70.0
-70.0
-70.0
-67.920810913
-66.7426037636
-66.1442593486
-65.0015688831
-64.4825689744
-64.3550833967
-64.4667559369
-64.7182009297
-65.5180586681
-70.0
-70.0
-70.0
-70.0
-70.0
-70.0
-70.0
-70.0
-70.0
-70.0
-70.0
-70.0
-70.0
-70.0
-70.0
-70.0
-70.0
-70.0
-70.0
-70.0
-70.0
-67.6693260053
-66.3486107417
-65.6778945588
-65.3870196618
-59.7489767843
-56.7078518317
-55.3262484657
-54.9864114972
-55.2829622663
0
-70.0
-70.0
-70.0
-70.0
-70.0
-70.0
-70.0
-70.0
-70.0
-70.0
-70.0
-70.0
-70.0
-70.0
-70.0
-70.0
-70.0
-70.0
-70.0
-70.0
-70.0
-70.0
-70.0
-70.0
-70.0
-70.0
-70.0
-70.0
-70.0
-70.0
-70.0
-70.0
-70.0
-70.0
-70.0
-70.0
-70.0
-70.0
-70.0
-70.0
-70.0
-70.0
-70.0
-70.0
-70.0
-70.0
-70.0
-70.0
-70.0
-70.0
-70.0
-70.0
-70.0
-69.585338821
-62.4717548624
-58.4545459918
0
-70.0
-70.0
-70.0
-70.0
-70.0
-70.0
-70.0
-70.0
-70.0
-65.8392334622
-63.4814657574
-62.2840896093
-61.8228609334
-61.8186950301
-62.5282083899
-70.0
-70.0
-70.0
-70.0
-70.0
-70.0
-70.0
-70.0
-70.0
-70.0
-70.0
-70.0
-70.0
-70.0
-70.0
-70.0
-70.0
-70.0
-70.0
-70.0
-70.0
-70.0
-65.8986785695
-63.5745964255
-62.3943272583
-61.9396881827
-61.9355817979
-62.2019319071
-62.6216775757
-56.529162702
-61.904511105
-70.0
-70.0
-70.0
-70.0
-70.0
-70.0
-70.0
-70.0
-70.0
-70.0
-70.0
-70.0
-70.0
-70.0
-70.0
-70.0
-70.0
-70.0
-70.0
-70.0
-70.0
-70.0
-70.0
-70.0
-70.0
-70.0
-69.5098184109
-69.2320488438
-63.2124010978
-70.0
-70.0
-70.0
-70.0
-70.0
-70.0
-70.0
-70.0
-66.326488894
-64.2448326006
-63.1876777379
-62.780462229
-62.7767841827
-63.0153512154
-63.6185307647
-65.137353668
-67.9839790004
-63.5604226601
-61.1209414339
-60.1951501355
-60.2374504753
-60.5882489967
-61.112453143
-61.7232271927
-62.8463448799
-67.0661590313
-70.0
-70.0
-70.0
-70.0
-70.0
-70.0
-70.0
-70.0
-70.0
-70.0
-69.6027781873
-69.0443524934
-68.741151994
-70.0
-70.0
-70.0
-70.0
-70.0
-70.0
-70.0
-70.0
-70.0
-70.0
-70.0
-70.0
-69.5212976175
-70.0
-70.0
-70.0
-70.0
-70.0
-70.0
-70.0
-70.0
-70.0
-70.0
-70.0
-70.0
-70.0
-70.0
-70.0
-70.0
-70.0
-70.0
-70.0
-70.0
-70.0
-70.0
-70.0
-70.0
-70.0
-70.0
-70.0
-63.2248878037
-59.3856575592
-63.2323227889
-70.0
-70.0
-70.0
-70.0
-70.0
-70.0
-70.0
-70.0
-70.0
-63.8721695436
-58.0663989516
0
-70.0
-70.0
-70.0
-70.0
-70.0
-70.0
-70.0
-70.0
-70.0
-70.0
-70.0
-64.8370681828
-60.9699344832
-59.8189692046
-58.912202175
-58.7377352181
-62.2009371733
-68.1272363227
-68.5121454538
-68.792686084
-65.438203781
-63.5775742733
-61.8069646689
-56.0917741581
0
-70.0
-70.0
-70.0
-70.0
-70.0
-70.0
-70.0
-70.0
-70.0
-70.0
-70.0
-70.0
-70.0
-70.0
-70.0
-69.8433562118
-69.7545913985
-70.0
-70.0
-70.0
-70.0
-70.0
-70.0
-70.0
-70.0
-70.0
-70.0
-70.0
-70.0
-70.0
-70.0
-70.0
-70.0
-70.0
-70.0
-70.0
-70.0
-70.0
-70.0
-70.0
-70.0
-70.0
-65.0190264663
-62.1964747972
-60.7630613025
-60.2109111622
-60.2059240393
-62.4395226491
-70.0
-70.0
-70.0
-70.0
-70.0
-70.0
-70.0
-64.6481192141
-61.6153867687
-60.0752344092
-59.4819685132
-59.4766100252
0
-70.0
-70.0
-70.0
-70.0
-70.0
-70.0
-70.0
-70.0
-70.0
-70.0
-70.0
-70.0
-70.0
-70.0
-70.0
-70.0
-70.0
-70.0
-70.0
-70.0
-70.0
-70.0
-70.0
-70.0
-70.0
-70.0
-63.3045493178
-59.5104605978
-58.1185553692
-64.2682937219
-70.0
-70.0
-70.0
-70.0
-70.0
-70.0
-70.0
-70.0
-70.0
-69.8303998302
-69.7342930673
-69.6854859073
-70.0
-70.0
-70.0
-70.0
-70.0
-70.0
-70.0
-70.0
-67.7807306094
-64.1898112881
-61.5252289487
-59.8756385801
-59.2233630729
-58.635663444
0
-70.0
-70.0
-70.0
-70.0
-70.0
-70.0
-70.0
-70.0
-70.0
-70.0
-70.0
-70.0
-70.0
-70.0
-70.0
-70.0
-70.0
-70.0
-70.0
-70.0
-70.0
-70.0
-70.0
-70.0
-70.0
-70.0
-70.0
-70.0
-70.0
-70.0
-70.0
-70.0
-70.0
-70.0
-70.0
-70.0
-70.0
-70.0
-70.0
-70.0
-70.0
-70.0
-65.637506696
-60.8320938237
-55.9211096396
0
-70.0
-70.0
-70.0
-70.0
-70.0
-70.0
-70.0
-70.0
-70.0
-70.0
-70.0
-70.0
-70.0
-70.0
-70.0
-70.0
-70.0
-70.0
-70.0
-70.0
-70.0
-70.0
-70.0
-70.0
-70.0
-70.0
-70.0
-67.3596335096
-65.8634258317
-65.1035870305
-59.8849715896
-57.0909699387
-54.845070436
-54.0026950531
0
-70.0
-70.0
-70.0
-70.0
-70.0
-70.0
-70.0
-70.0
-70.0
-70.0
-70.0
-70.0
-70.0
-70.0
-70.0
-70.0
-70.0
-70.0
-70.0
-69.3755944993
-69.1652518151
-69.0668711441
-69.0389470366
-69.9664361757
-70.0
-70.0
-70.0
-70.0
-70.0
-70.0
-70.0
-70.0
-70.0
-70.0
-70.0
-70.0
-70.0
-70.0
-64.0698591354
-59.1785817812
-56.6045293093
-55.8955923669
-60.240869108
-70.0
-70.0
-70.0
-70.0
-69.4076681866
-69.0720134923
