-62.0
-57.4666666667
-55.1644444444
-54.2776296296
-54.2696197531
0
-70.0
-70.0
-70.0
-70.0
-70.0
-70.0
-70.0
-70.0
-70.0
-64.3677695473
-61.1761722908
-59.5553415272
-58.9309983515
-58.9253591676
0
-70.0
-70.0
-70.0
-70.0
-70.0
-70.0
-70.0
-70.0
-70.0
-64.8818033836
-61.9814919677
-60.5085887192
-59.9412271461
-59.9361026308
0
-70.0
-70.0
-70.0
-70.0
-70.0
-70.0
-70.0
-70.0
-70.0
-64.3211906158
-61.1031986314
-59.4689634864
-58.8394569499
-58.8337711296
-70.0
-70.0
-70.0
-70.0
-70.0
-69.8907535051
-69.828847158
-69.7974084445
-69.7852982682
-69.7851888868
-62.8457815708
-58.9206111289
-56.9348218261
-58.3782007126
-70.0
-70.0
-70.0
-70.0
-70.0
-70.0
-67.4167763838
-65.9529496679
-65.2095553161
-64.9232001945
-64.9206137817
-58.1418727504
-54.4698990399
0
-70.0
-70.0
-70.0
-70.0
-70.0
-70.0
-70.0
-66.8933415638
-65.1329017833
-64.2388745222
-63.8944956815
-63.8913851876
-57.1466373275
0
-70.0
-70.0
-70.0
-70.0
-70.0
-70.0
-70.0
-70.0
-68.5101234568
-67.6658600823
-67.2371067215
-67.0719511477
-67.0704594318
-60.2207136969
-56.4368424661
-55.1158357698
-60.9832952846
-70.0
-70.0
-70.0
-70.0
-70.0
-70.0
-66.5099257546
-64.5322170155
-63.5278512049
-63.1409700117
-63.1374756287
-56.4176277537
0
-70.0
-70.0
-70.0
-70.0
-70.0
-70.0
-70.0
-70.0
-66.203218107
-64.0517083676
-62.9590789118
-62.5381986078
-62.5343971386
-55.8344676281
0
-70.0
-70.0
-70.0
-70.0
-70.0
-70.0
-70.0
-70.0
-66.8664279835
-65.0907371742
-64.1889647828
-63.8416025219
-63.8384650812
-57.0954650566
0
-70.0
-70.0
-70.0
-70.0
-70.0
-70.0
-70.0
-70.0
-68.6630576132
-67.9054569273
-67.5207146182
-67.3725120788
-67.3711734859
-60.511495823
-56.7119726978
-55.2199285019
-56.2060339598
-70.0
-70.0
-70.0
-70.0
-70.0
-70.0
-70.0
-70.0
-70.0
-70.0
-70.0
-63.1008519801
-59.1913347688
-57.205913283
-57.1574143355
-70.0
-70.0
-70.0
-70.0
-70.0
-70.0
-65.9640613608
-63.6770294652
-62.5155760124
-62.0681847402
-62.064143819
-55.3797457479
0
-70.0
-70.0
-70.0
-70.0
-70.0
-70.0
-70.0
-70.0
-66.9386721536
-65.2039197074
-64.3229375827
-63.9835837218
-63.9805186145
-57.2328268721
0
-70.0
-70.0
-70.0
-70.0
-70.0
-70.0
-70.0
-70.0
-68.8900329218
-68.2610515775
-67.9416277183
-67.8185858122
-67.8174744748
-60.9430564656
-57.1203037779
-55.2559753727
-55.7407833732
-67.4513026448
-70.0
-70.0
-70.0
-70.0
-70.0
-70.0
-70.0
-70.0
-70.0
-70.0
-63.2340427536
-59.4000003139
-57.452908173
-57.0879946147
-64.5564982642
-66.3346810272
-68.979285917
-70.0
-70.0
-70.0
-63.6362942537
-60.0301943307
-58.1988612326
-57.493432666
-57.4870611038
-68.4673144192
-70.0
-70.0
-70.0
-70.0
-70.0
-70.0
-70.0
-70.0
-70.0
-63.1607629044
-59.2851952169
-57.3170147638
-56.5588726665
-57.3222791307
-70.0
-70.0
-70.0
-70.0
-70.0
-70.0
-70.0
-70.0
-70.0
-70.0
-63.3041257291
-59.5097969756
-57.5828731576
-56.840623095
-57.6135835152
-58.0717176289
-70.0
-70.0
-70.0
-70.0
-70.0
-70.0
-70.0
-70.0
-70.0
-63.8724506912
-60.4001727495
-58.6368002262
-57.957550038
-57.9514149238
0
-70.0
-70.0
-70.0
-70.0
-70.0
-70.0
-70.0
-70.0
-70.0
-65.0557475995
-62.2540045725
-60.8311586039
-60.2830790692
-60.2781287128
0
-70.0
-70.0
-70.0
-70.0
-70.0
-70.0
-70.0
-70.0
-70.0
-66.4047791495
-64.3674873342
-63.3328626673
-62.9343257782
-62.9307261188
-56.2177067282
0
-70.0
-70.0
-70.0
-70.0
-70.0
-70.0
-70.0
-70.0
-68.5349794239
-67.7048010974
-67.2832007316
-67.1208004877
-67.1193336585
-60.2679737147
-56.4815586246
-55.4528399184
-66.7290385367
-70.0
-70.0
-70.0
-70.0
-70.0
-70.0
-66.1427873507
-63.9570335162
-62.8470134315
-62.4194342664
-62.4155722917
-55.7195673063
0
-70.0
-70.0
-70.0
-70.0
-70.0
-70.0
-70.0
-70.0
-66.8443566529
-65.0561587563
-64.1480347264
-63.7982258176
-63.7950662784
-57.0534996213
0
-70.0
-70.0
-70.0
-70.0
-70.0
-70.0
-70.0
-70.0
-67.7182770919
-66.4253007773
-65.7686716293
-65.5157384195
-65.5134538797
-58.7151326355
-55.0123021345
0
-70.0
-70.0
-70.0
-70.0
-70.0
-70.0
-70.0
-69.7354156379
-69.5854844993
-69.5093429995
-69.480013333
-69.479748422
-62.5504291371
-58.6411565949
-56.674221183
-56.8005861407
-61.8455602137
-70.0
-70.0
-70.0
-70.0
-70.0
-70.0
-70.0
-70.0
-70.0
-70.0
-63.4436871115
-59.7284431414
-57.8416819879
-57.1149025629
-58.188819108
0
-70.0
-70.0
-70.0
-70.0
-70.0
-70.0
-70.0
-70.0
-70.0
-64.9520121933
-62.0914857694
-60.6387870562
-60.0792082597
-60.0741540398
0
-70.0
-70.0
-70.0
-70.0
-70.0
-70.0
-70.0
-70.0
-70.0
-65.7209510745
-63.2961566834
-62.0647414927
-61.5904009951
-61.5861166634
-54.9175067847
0
-70.0
-70.0
-70.0
-70.0
-70.0
-70.0
-70.0
-70.0
-67.7718984911
-66.509307636
-65.8681095351
-65.6211203568
-65.6188895045
-58.8170859521
-55.1087676222
0
-70.0
-70.0
-70.0
-70.0
-70.0
-70.0
-70.0
-70.0
-70.0
-70.0
-70.0
-70.0
-63.0995061051
-59.1892262313
-57.2034174327
-57.3469991312
-58.3027591763
-70.0
-70.0
-70.0
-70.0
-70.0
-70.0
-70.0
-70.0
-70.0
-70.0
-63.2957942048
-59.4967442541
-57.5674228086
-56.824249181
-57.7424121916
0
-70.0
-70.0
-70.0
-70.0
-70.0
-70.0
-70.0
-70.0
-70.0
-66.3430781893
-64.2708224966
-63.2184416644
-62.8130651096
-62.8094036731
-56.1003912978
0
-70.0
-70.0
-70.0
-70.0
-70.0
-70.0
-70.0
-70.0
-66.7771742112
-64.9509062643
-64.0234486206
-63.6661924138
-63.6629656092
-56.9257619485
0
-70.0
-70.0
-70.0
-70.0
-70.0
-70.0
-70.0
-70.0
-68.1180493827
-67.0516106996
-66.5100271331
-66.301409422
-66.299525148
-59.4752416877
-55.7314968886
-54.4466036393
-64.1308812648
-70.0
-70.0
-70.0
-70.0
-70.0
-70.0
-69.9746554607
-69.9602935551
-69.9529999599
-69.9501904708
-69.9501650949
-63.0053089753
-59.071551671
-57.0755788994
-57.0304579308
-58.1537475947
-70.0
-70.0
-70.0
-70.0
-70.0
-70.0
-70.0
-70.0
-70.0
-70.0
-63.3227404143
-59.5389599824
-57.6173930572
-56.8772064668
-57.8560968621
-61.7613882087
-70.0
-70.0
-70.0
-70.0
-70.0
-70.0
-70.0
-70.0
-70.0
-64.4011071483
-61.228401199
-59.6171642561
-58.9965166152
-58.9909108101
0
-70.0
-70.0
-70.0
-70.0
-70.0
-70.0
-70.0
-70.0
-70.0
-67.2179753086
-65.6414946502
-64.8408897668
-64.5324971779
-64.5297117186
-57.7638813281
-54.1122537162
0
-70.0
-70.0
-70.0
-70.0
-70.0
-70.0
-70.0
-68.61981893
-67.8377163237
-67.4405308825
-67.287535255
-67.28615337
-60.4292837357
-56.6341858306
-54.8026542266
-58.5773405207
-70.0
-70.0
-70.0
-70.0
-70.0
-70.0
-70.0
-70.0
-70.0
-70.0
-70.0
-63.0689847394
-59.1414094251
-57.1468172556
-56.8969116398
-58.1829188355
-70.0
-70.0
-70.0
-70.0
-70.0
-70.0
-70.0
-70.0
-70.0
-70.0
-63.8062352284
-60.2964351911
-58.5140073291
-57.8274170342
-57.8212156228
0
-70.0
-70.0
-70.0
-70.0
-70.0
-70.0
-70.0
-70.0
-70.0
-65.3741746685
-62.7528736473
-61.421663913
-60.9088826087
-60.9042510725
-54.258161724
0
-70.0
-70.0
-70.0
-70.0
-70.0
-70.0
-70.0
-70.0
-66.7738024691
-64.9456238683
-64.0171959122
-63.6595659415
-63.656335761
-56.9193510697
0
-70.0
-70.0
-70.0
-70.0
-70.0
-70.0
-70.0
-70.0
-70.0
-70.0
-70.0
-70.0
-70.0
-63.1107174042
-59.2067905999
-57.224208164
-57.0038102191
-70.0
-70.0
-70.0
-70.0
-70.0
-70.0
-69.8880219085
-69.8245676567
-69.7923428504
-69.7799298716
-69.7798177552
-62.840587836
-58.9156969566
-56.930239197
-56.7219111557
-62.5142899105
-70.0
-70.0
-70.0
-70.0
-70.0
-70.0
-70.0
-70.0
-70.0
-70.0
-63.6232005389
-60.0096808442
-58.174579666
-57.4676996368
-58.0131399561
0
-70.0
-70.0
-70.0
-70.0
-70.0
-70.0
-70.0
-70.0
-70.0
-66.4305624143
-64.4078811157
-63.3806762993
-62.9849975329
-62.9814236886
-56.2667298681
0
-70.0
-70.0
-70.0
-70.0
-70.0
-70.0
-70.0
-70.0
-67.3672866941
-65.8754158208
-65.1177794361
-64.8259382907
-64.8233023271
-58.0477752805
-54.3808665431
-54.0811433988
-70.0
-70.0
-70.0
-70.0
-70.0
-70.0
-70.0
-68.5531052945
-67.7331982947
-67.3168141516
-67.1564231941
-67.1549745131
-60.3024374298
-56.5141672655
-55.5327717244
-56.2432272257
-70.0
-70.0
-70.0
-70.0
-70.0
-70.0
-70.0
-70.0
-70.0
-70.0
-70.0
-63.4824108791
-59.7891103773
-57.9134930636
-57.1910062399
-57.7612622702
-70.0
-70.0
-70.0
-70.0
-70.0
-70.0
-70.0
-70.0
-70.0
-70.0
-63.6554242737
-60.0601646955
-58.2343367921
-57.5310288236
-58.1054204934
0
-70.0
-70.0
-70.0
-70.0
-70.0
-70.0
-70.0
-70.0
-70.0
-65.7570187471
-63.3526627039
-62.1316269878
-61.6612846585
-61.657036439
-54.9860842351
0
-70.0
-70.0
-70.0
-70.0
-70.0
-70.0
-70.0
-70.0
-69.1671111111
-68.6951407407
-68.4554538272
-68.3631265514
-68.3622926343
-61.4698804719
-57.6187704921
-55.7208121545
-70.0
-70.0
-70.0
-70.0
-70.0
-70.0
-70.0
-68.0340981416
-66.9200870885
-66.3543442204
-66.1364203588
-66.1344520299
-59.315620574
-55.5804676813
0
-70.0
-70.0
-70.0
-70.0
-70.0
-70.0
-70.0
-70.0
-70.0
-70.0
-70.0
-70.0
-63.3400206608
-59.5660323686
-57.6494383143
-57.23291283
-58.8367079774
-70.0
-70.0
-70.0
-70.0
-70.0
-70.0
-70.0
-70.0
-70.0
-70.0
-64.1813560941
-60.8841245474
-59.2096481345
-58.5646406823
-58.5588148548
0
-70.0
-70.0
-70.0
-70.0
-70.0
-70.0
-70.0
-70.0
-70.0
-65.7989318701
-63.4183265966
-62.2093525459
-61.7436563639
-61.7394501093
-55.0657759619
0
-70.0
-70.0
-70.0
-70.0
-70.0
-70.0
-70.0
-70.0
-67.66078738
-66.335233562
-65.6620601524
-65.4027541016
-65.4004120011
-58.6058242831
-54.9088775095
0
-70.0
-70.0
-70.0
-70.0
-70.0
-70.0
-70.0
-70.0
-70.0
-70.0
-70.0
-70.0
-63.3756797236
-59.6218982337
-57.7155660652
-56.9812478953
-70.0
-70.0
-70.0
-70.0
-70.0
-70.0
-70.0
-70.0
-70.0
-70.0
-70.0
-63.20450811
-59.3537293723
-57.3981378172
-56.644844957
-58.4667402068
-70.0
-70.0
-70.0
-70.0
-70.0
-70.0
-70.0
-70.0
-70.0
-70.0
-63.793138144
-60.2759164256
-58.4897195137
-57.8016773828
-57.7954628582
0
-70.0
-70.0
-70.0
-70.0
-70.0
-70.0
-70.0
-70.0
-70.0
-66.914776406
-65.1664830361
-64.2786242463
-63.9366214975
-63.933532465
-57.1873925724
0
-70.0
-70.0
-70.0
-70.0
-70.0
-70.0
-70.0
-70.0
-68.3708806584
-67.4477130316
-66.9788886877
-66.7982977918
-66.7966666612
-59.9559637032
-56.1863431383
-55.0319030158
-70.0
-70.0
-70.0
-70.0
-70.0
-70.0
-70.0
-69.1190494857
-68.6198441942
-68.3663262129
-68.268671217
-68.2677891789
-61.3784982591
-57.5323070986
-55.6401821657
-55.9428840646
-70.0
-70.0
-70.0
-70.0
-70.0
-70.0
-70.0
-70.0
-70.0
-70.0
-70.0
-63.6253069823
-60.012980939
-58.1784859484
-57.4718394224
-58.124102669
-70.0
-70.0
-70.0
-70.0
-70.0
-70.0
-70.0
-70.0
-70.0
-70.0
-63.8838019991
-60.4179564653
-58.6578505962
-57.9798587215
-57.9737349726
0
-70.0
-70.0
-70.0
-70.0
-70.0
-70.0
-70.0
-70.0
-70.0
-66.3820015242
-64.3318023878
-63.2906228265
-62.8895609954
-62.8859385303
-56.1743983759
0
-70.0
-70.0
-70.0
-70.0
-70.0
-70.0
-70.0
-70.0
-69.4984060357
-69.2141694559
-69.0698218595
-69.0142192396
-69.0137170264
-62.09978974
-58.2147737102
-56.2766049686
-70.0
-70.0
-70.0
-70.0
-70.0
-70.0
-70.0
-68.6532611076
-67.8901090686
-67.5025475429
-67.3532590427
-67.3519106412
-60.4928691879
-56.6943486764
-54.8587580803
-56.4868257026
-70.0
-70.0
-70.0
-70.0
-70.0
-70.0
-70.0
-70.0
-70.0
-70.0
-70.0
-63.441499508
-59.7250158958
-57.8376251986
-57.1106032737
-57.7850664153
-70.0
-70.0
-70.0
-70.0
-70.0
-70.0
-70.0
-70.0
-70.0
-70.0
-64.4416176396
-61.2918676354
-59.6922887116
-59.0761317337
-59.0705664891
0
-70.0
-70.0
-70.0
-70.0
-70.0
-70.0
-70.0
-70.0
-70.0
-66.2842853224
-64.1787136717
-63.1094135589
-62.6975197059
-62.693799404
-55.988605185
0
-70.0
-70.0
-70.0
-70.0
-70.0
-70.0
-70.0
-70.0
-68.3513552812
-67.4171232739
-66.9426799604
-66.7599246402
-66.7582739602
-59.9188390292
-56.1512167696
-54.3522695215
-70.0
-70.0
-70.0
-70.0
-70.0
-70.0
-70.0
-70.0
-70.0
-70.0
-70.0
-70.0
-63.3848544768
-59.6362720136
-57.7325801353
-56.9992790038
-70.0
-70.0
-70.0
-70.0
-70.0
-70.0
-70.0
-70.0
-70.0
-70.0
-70.0
-63.3027924838
-59.5077082246
-57.5804007283
-56.8380028729
-58.2202219966
-70.0
-70.0
-70.0
-70.0
-70.0
-70.0
-70.0
-70.0
-70.0
-70.0
-63.9972687942
-60.595721111
-58.868268464
-58.2028545936
-58.1968444517
0
-70.0
-70.0
-70.0
-70.0
-70.0
-70.0
-70.0
-70.0
-70.0
-67.6096241427
-66.2550778235
-65.5671807712
-65.3022031808
-65.2998098539
-58.508544805
-54.8168342821
-54.1892817529
-70.0
-70.0
-70.0
-70.0
-70.0
-70.0
-70.0
-70.0
-70.0
-70.0
-70.0
-70.0
-63.0726444532
-59.1471429767
-57.1536039916
-56.3856938008
-70.0
-70.0
-70.0
-70.0
-70.0
-70.0
-70.0
-70.0
-70.0
-70.0
-70.0
-63.3916830544
-59.6469701185
-57.7452433531
-57.012699182
-70.0
-70.0
-70.0
-70.0
-70.0
-70.0
-70.0
-70.0
-70.0
-70.0
-70.0
-63.9080485082
-60.4559426628
-58.7028144002
-58.0275102959
-58.0214108235
-70.0
-70.0
-70.0
-70.0
-70.0
-70.0
-70.0
-70.0
-70.0
-70.0
-64.037093103
-60.658112528
-58.9421204321
-58.2811211601
-58.2751508916
0
-70.0
-70.0
-70.0
-70.0
-70.0
-70.0
-70.0
-70.0
-70.0
-66.4649657064
-64.4617796068
-63.4444752934
-63.0526101956
-63.0490707971
-56.3321427404
0
-70.0
-70.0
-70.0
-70.0
-70.0
-70.0
-70.0
-70.0
-70.0
-70.0
-70.0
-70.0
-70.0
-63.0961895375
-59.1840302754
-57.1972670423
-60.7122917128
-70.0
-70.0
-70.0
-70.0
-70.0
-70.0
-70.0
-70.0
-70.0
-70.0
-70.0
-63.2213323279
-59.3800873138
-57.4293373948
-56.6779095302
-70.0
-70.0
-70.0
-70.0
-70.0
-70.0
-70.0
-70.0
-70.0
-70.0
-70.0
-63.364389401
-59.6042100616
-57.6946287893
-56.9590590662
-57.3662070805
-70.0
-70.0
-70.0
-70.0
-70.0
-70.0
-70.0
-70.0
-70.0
-70.0
-64.6356112381
-61.5957909397
-60.0520390627
-59.4573866344
-59.4520156229
0
-70.0
-70.0
-70.0
-70.0
-70.0
-70.0
-70.0
-70.0
-70.0
-66.6935784179
-64.8199395214
-63.8684248661
-63.5019019108
-63.4985914072
-56.7668166672
0
-70.0
-70.0
-70.0
-70.0
-70.0
-70.0
-70.0
-70.0
-69.0555747599
-68.5204004572
-68.2486158604
-68.1439245736
-68.1429789824
-61.2578102706
-57.4181153679
-55.5336945807
-70.0
-70.0
-70.0
-70.0
-70.0
-70.0
-70.0
-69.7332971326
-69.5821655078
-69.5054143492
-69.4758498425
-69.4755828104
-62.5464011065
-58.6373453806
-56.670667099
-56.7140186973
-70.0
-70.0
-70.0
-70.0
-70.0
-70.0
-70.0
-70.0
-70.0
-70.0
-70.0
-63.4312773583
-59.7090011947
-57.81866879
-57.0905137209
-58.2616195871
-70.0
-70.0
-70.0
-70.0
-70.0
-70.0
-70.0
-70.0
-70.0
-70.0
-64.1731769228
-60.8713105123
-59.1944803157
-58.5485661871
-58.5427321704
0
-70.0
-70.0
-70.0
-70.0
-70.0
-70.0
-70.0
-70.0
-70.0
-68.1675665295
-67.1291875629
-66.6018539308
-66.3987252872
-66.3968905915
-59.5693913634
-55.8205787811
-54.840265021
-70.0
-70.0
-70.0
-70.0
-70.0
-70.0
-70.0
-70.0
-70.0
-70.0
-70.0
-70.0
-63.1919991859
-59.3341320579
-57.3749407125
-56.6202612149
-70.0
-70.0
-70.0
-70.0
-70.0
-70.0
-70.0
-70.0
-70.0
-70.0
-70.0
-63.4751923902
-59.7778014114
-57.900106777
-57.1768197705
-62.5861407199
-70.0
-70.0
-70.0
-70.0
-70.0
-70.0
-70.0
-70.0
-70.0
-70.0
-64.0785791188
-60.7231072861
-59.0190539436
-58.3626534733
-58.356724742
-59.88231566
-70.0
-70.0
-70.0
-70.0
-70.0
-70.0
-70.0
-70.0
-70.0
-64.7352231642
-61.7518496239
-60.2367638456
-59.6531535838
-59.6478823072
0
-70.0
-70.0
-70.0
-70.0
-70.0
-70.0
-70.0
-70.0
-70.0
-67.3973772291
-65.9225576589
-65.1735806615
-64.8850751077
-64.8824692718
-58.1049880702
-54.434999747
-66.0227722555
-70.0
-70.0
-70.0
-70.0
-70.0
-70.0
-70.0
-69.9732774929
-69.9581347389
-69.9504445952
-69.9474823558
-69.9474556003
-63.0026889694
-59.0690726919
-57.073267169
-58.171362338
-70.0
-70.0
-70.0
-70.0
-70.0
-70.0
-70.0
-70.0
-70.0
-70.0
-70.0
-63.490264751
-59.8014147766
-57.9280576327
-57.2064414253
-62.9171582616
-70.0
-70.0
-70.0
-70.0
-70.0
-70.0
-70.0
-70.0
-70.0
-70.0
-64.1178442192
-60.7846226101
-59.091868891
-58.4398210298
-58.4339316121
-64.8518113271
-70.0
-70.0
-70.0
-70.0
-70.0
-70.0
-70.0
-70.0
-70.0
-65.1711007469
-62.4347245035
-61.0450746074
-60.5097821828
-60.5049473219
0
-70.0
-70.0
-70.0
-70.0
-70.0
-70.0
-70.0
-70.0
-70.0
-67.7411358025
-66.4611127572
-65.8110618381
-65.5606625588
-65.5584009058
-58.7585951596
-55.0534252066
0
-70.0
-70.0
-70.0
-70.0
-70.0
-70.0
-70.0
-70.0
-70.0
-70.0
-70.0
-70.0
-63.4247194025
-59.698727064
-57.8065074254
-57.0776253947
-70.0
-70.0
-70.0
-70.0
-70.0
-70.0
-70.0
-70.0
-70.0
-70.0
-70.0
-63.5749349991
-59.9340648319
-58.0850739039
-57.3728435503
-58.6455953036
-70.0
-70.0
-70.0
-70.0
-70.0
-70.0
-70.0
-70.0
-70.0
-70.0
-64.5600471654
-61.4774072258
-59.9119096878
-59.3088808421
-59.3034341733
0
-70.0
-70.0
-70.0
-70.0
-70.0
-70.0
-70.0
-70.0
-70.0
-67.5079652492
-66.0958122237
-65.378660001
-65.102413334
-65.0999182227
-58.3152551575
-54.6339488131
-70.0
-70.0
-70.0
-70.0
-70.0
-70.0
-70.0
-70.0
-69.1927099927
-68.7352456552
-68.5029255308
-68.4134359385
-68.4126276519
-61.5185530339
-57.6648231619
-55.7637578001
-67.1851772374
-70.0
-70.0
-70.0
-70.0
-70.0
-70.0
-70.0
-70.0
-70.0
-70.0
-70.0
-63.0608540752
-59.1286713845
-57.1317393906
-56.3625222146
-70.0
-70.0
-70.0
-70.0
-70.0
-70.0
-70.0
-70.0
-70.0
-70.0
-70.0
-63.5624512948
-59.9145070285
-58.0619235678
-57.3483093724
-58.2195814393
-70.0
-70.0
-70.0
-70.0
-70.0
-70.0
-70.0
-70.0
-70.0
-70.0
-64.3563009063
-61.1582047533
-59.5340735697
-58.9084590738
-58.9028084072
0
-70.0
-70.0
-70.0
-70.0
-70.0
-70.0
-70.0
-70.0
-70.0
-67.4279048925
-65.9703843317
-65.2301925174
-64.9450710116
-64.9424957411
-58.1630319964
-54.4899193498
-70.0
-70.0
-70.0
-70.0
-70.0
-70.0
-70.0
-70.0
-69.8394206553
-69.7484256933
-69.7022145264
-69.6844140086
-69.6842532311
-62.7481795992
-58.8282627668
-56.8487039084
-60.5301045189
-70.0
-70.0
-70.0
-70.0
-70.0
-70.0
-70.0
-70.0
-70.0
-70.0
-70.0
-63.1815745562
-59.3178001381
-57.3556088159
-56.5997737287
-70.0
-70.0
-70.0
-70.0
-70.0
-70.0
-70.0
-70.0
-70.0
-70.0
-70.0
-63.8923944521
-60.4314179749
-58.6737848228
-57.9967454374
-57.9906302916
-70.0
-70.0
-70.0
-70.0
-70.0
-70.0
-70.0
-70.0
-70.0
-70.0
-64.3017016166
-61.072665866
-59.4328222201
-58.8011552919
-58.7954499585
0
-70.0
-70.0
-70.0
-70.0
-70.0
-70.0
-70.0
-70.0
-70.0
-67.6258856882
-66.2805542448
-65.5973369039
-65.334161936
-65.3317848906
-58.5394637761
-54.8460889816
-56.2788400966
-70.0
-70.0
-70.0
-70.0
-70.0
-70.0
-70.0
-70.0
-70.0
-70.0
-70.0
-70.0
-63.2278053917
-59.390228447
-57.441341332
-56.6906310185
-59.6115684387
-70.0
-70.0
-70.0
-70.0
-70.0
-70.0
-70.0
-70.0
-70.0
-70.0
-65.130556887
-62.3712057897
-60.9698882717
-60.4301014851
-60.4252260303
0
-70.0
-70.0
-70.0
-70.0
-70.0
-70.0
-70.0
-70.0
-70.0
-68.9419533608
-68.3423935985
-68.0379112879
-67.9206248586
-67.9195655057
-61.0417756529
-57.2137092194
-55.343079052
-70.0
-70.0
-70.0
-70.0
-70.0
-70.0
-70.0
-70.0
-70.0
-70.0
-70.0
-70.0
-63.2979437267
-59.5001118385
-57.5714089777
-56.8284736286
-70.0
-70.0
-70.0
-70.0
-70.0
-70.0
-70.0
-70.0
-70.0
-70.0
-70.0
-63.867060504
-60.391728123
-58.6268044236
-57.9469567232
-57.9408162122
-70.0
-70.0
-70.0
-70.0
-70.0
-70.0
-70.0
-70.0
-70.0
-70.0
-64.5253302436
-61.4230173817
-59.8475290852
-59.2406518044
-59.2351703758
0
-70.0
-70.0
-70.0
-70.0
-70.0
-70.0
-70.0
-70.0
-70.0
-67.4052784636
-65.9349362597
-65.188233062
-64.9006033747
-64.8980054498
-58.1200111222
-54.449214155
-59.255219424
-70.0
-70.0
-70.0
-70.0
-70.0
-70.0
-70.0
-70.0
-70.0
-70.0
-70.0
-70.0
-63.1847415352
-59.3227617385
-57.3614818025
-57.1021441076
-70.0
