-70.0
-70.0
-70.0
-70.0
-70.0
-70.0
-70.0
-70.0
-70.0
-69.0
-68.4333333333
-68.1455555556
-68.0347037037
-60.2312333333
-55.8747766667
-54.7317434444
-54.5548653963
-54.9635763875
0
-70.0
-70.0
-70.0
-70.0
-69.0998662128
-68.5897904001
-68.3211177158
-68.215876848
-68.7677586547
-69.1399624502
-69.3919526458
-70.0
-70.0
-70.0
-70.0
-70.0
-63.1143457129
-58.2240359701
-55.6823822588
-54.6346439567
0
-70.0
-70.0
-70.0
-70.0
-62.8717382446
-58.8323899165
-57.7795121503
-57.5551350856
-57.8353376772
-57.4262895062
-57.5999842867
-58.1175350121
-58.8241476136
-59.6206435874
-60.4445197188
-61.257361407
-62.0364877063
-62.7694138957
-63.4501891462
-64.0769813249
-64.650490588
-65.1729131262
-65.647269545
-59.0801320623
-55.5038451706
0
-70.0
-70.0
-70.0
-70.0
-70.0
-70.0
-69.8179139359
-69.7147318329
-69.66233151
-69.6421469326
-68.8394954859
-62.2888792707
-58.0599913436
-55.9206588759
-55.1063707661
-55.114252208
-55.6151726662
-56.3952191856
-57.316739791
-59.2534090523
-60.7736303073
-55.1146994261
0
-70.0
-70.0
-70.0
-70.0
-66.3310496751
-64.2519778243
-63.196135453
-62.7894255151
-62.7857520352
-63.0240228795
-62.3997184424
-63.2199508354
-63.9380919099
-64.5710401577
-65.1317744344
-65.630489186
-66.0753683974
-66.4731169776
-66.8293288932
-67.1487450794
-67.4354366218
-66.7044980132
-66.3757849142
-66.2993642244
-66.3768663363
-66.5441387256
-66.759697535
-66.9970429028
-67.2395486934
-67.4770672113
-67.7036760816
-67.9161855345
-68.1131516884
-67.301933671
-59.9051627421
-55.8035947599
0
-70.0
-70.0
-70.0
-70.0
-69.5512931285
-69.2970259014
-69.167898035
-69.1181580474
-70.0
-70.0
-62.6666666667
-59.0666666667
-57.2711111111
-56.6180740741
-56.6723160494
-57.1491173663
-57.8635609108
-58.6967750072
-60.514949968
-61.9220232789
-63.0355331561
-63.9357879773
-63.6857886173
-63.7462627141
-63.9910050817
-64.3381503329
-65.6961473635
-66.6544073365
-67.3408830757
-67.84140575
-67.2526909386
-66.9910390204
-66.9343465689
-66.2988158419
-66.040870211
-66.0180738255
-66.1371268666
-66.5232909733
-67.2042130716
-67.7059592281
-68.6390305034
-69.2442389184
-70.0
-70.0
-70.0
-63.257277854
-59.4364019712
-57.4959963759
-56.7485531395
-56.741802093
-57.1796913953
-57.8697685969
-58.6881559646
-59.5562498531
-60.425231191
-61.2657789541
-63.0578228261
-64.6977883884
-65.8585081129
-66.6929896771
-67.3039122931
-66.7603948561
-66.542271232
-59.5313911596
-55.6738167441
0
-70.0
-70.0
-70.0
-70.0
-63.2702840014
-59.4567782689
-57.5201155537
-56.7741140729
-57.7088483851
-58.6793940263
-59.6390749435
-60.5602476623
-61.4276097049
-61.2344499131
-61.4107390409
-61.8028212162
-61.6076061105
-61.77022351
-62.1421198328
-62.6271869653
-63.1639876793
-63.7139351851
-65.250013695
-66.3299936778
-66.1393336538
-66.8573302214
-67.3928838212
-67.8011198537
-68.1193574781
-61.3732653517
-57.6131678974
0
-70.0
-70.0
-70.0
-70.0
-68.0897503204
-67.0072755019
-66.4575480941
-66.2457933796
-65.4414116358
-65.110735535
-65.0753053566
-65.2182037378
-65.4633359752
-66.7613367231
-67.6480926145
-68.2585430621
-68.6828618953
-68.9813577987
-62.1975677317
-58.3873747671
-56.4883464961
-55.7993179837
-55.8592569434
-56.3665784211
-57.1254186937
-58.0098755675
-58.9402205062
0
-70.0
-70.0
-70.0
-70.0
-69.6131687243
-69.3939643347
-69.2826428898
-69.2397619265
-69.2393746177
-68.2818379417
-67.7645880047
-67.5287517757
-67.4696249791
-66.7160255994
-66.3733317849
-66.2886044367
-66.3614812132
-66.5264912387
-66.7412808794
-66.9787786345
-66.2805123298
-65.9855354694
-65.9423648375
-66.0517169638
-66.2489376741
-66.4923055111
-66.755249363
-67.0211740286
-67.2800230271
-67.5259983253
-60.7560745638
-57.0022511547
-55.1832154042
-54.5856867737
-54.7444020469
0
-70.0
-70.0
-70.0
-70.0
-66.5322359396
-64.5671696388
-57.951940253
-54.3844046131
0
-70.0
-70.0
-70.0
-70.0
-69.6890717878
-69.5128791343
-68.5111923995
-67.9598072787
-67.6969826302
-68.5770366445
-69.1525011649
-69.5260298384
-69.7659460478
-69.9176975719
-70.0
-70.0
-70.0
-70.0
-70.0
-70.0
-70.0
-70.0
-70.0
-70.0
-70.0
-70.0
-70.0
-70.0
-70.0
-70.0
-70.0
-70.0
-70.0
-70.0
-70.0
-69.0173401055
-68.4604994987
-69.1700044713
-69.6233739725
-69.9079498741
-70.0
-69.1975307391
-68.742798158
-67.9563097818
-67.5525397634
-61.3528413426
-57.921260912
-56.26493729
-55.7289785404
-54.9708955012
-54.6836824943
-55.021898607
-55.724098321
-56.6212815388
-57.6055487515
-58.609257454
-59.667404569
-60.6467126857
-61.5460737995
-63.0711917115
-63.4147535992
-63.8403989452
-56.752655347
0
-70.0
-70.0
-70.0
-70.0
-68.7448051618
-68.0335280868
-67.6723109056
-67.5331702334
-67.5319134889
-67.6134289926
-67.7418906617
-67.8942379745
-68.0558384297
-68.2176040884
-68.3740766808
-68.5221576801
-67.6654059215
-59.8989989865
-56.5757657545
-54.4737447346
0
-70.0
-70.0
-70.0
-70.0
-70.0
-62.2962962963
-57.9308641975
-55.713909465
-54.8599396433
0
-70.0
-70.0
-70.0
-70.0
-66.8705839406
-65.0972481737
-58.5793878238
-55.0493586863
0
-70.0
-70.0
-70.0
-70.0
-68.5919159531
-67.7940016599
-67.3887863619
-67.2326976378
-67.2312878153
-67.322732328
-67.4668412914
-67.637745293
-67.8190295176
-68.0004990684
-61.2119984475
-57.4318314601
-55.582670219
-54.9537511337
-55.0779413113
-55.6498573743
-57.4703301403
-58.9802694619
-60.2535574061
-61.3424115925
-62.2843103845
-62.9749522065
-63.6235055594
-63.6696318303
-56.9322982769
0
-70.0
-70.0
-70.0
-70.0
-68.2098765432
-67.195473251
-60.0900091449
-56.1570637098
-55.2327153635
-55.170349177
-55.6272511591
-57.0841876802
0
-70.0
-70.0
-70.0
-70.0
-69.5174955138
-69.2440763049
-69.1052222361
-69.9200484775
-63.5936953372
-60.0114269417
-58.1950183398
-57.4986725672
-57.4975760182
-57.9136655548
0
-70.0
-70.0
-70.0
-70.0
-69.0858849131
-62.1824268302
-59.2975122654
-57.9233131177
-57.5013498585
-56.6647951196
-56.6073691055
-57.019334527
-57.6992026289
0
-70.0
-70.0
-70.0
-70.0
-67.1591728903
-65.5493708615
-64.7318439488
-64.4169330029
-64.4140886686
-64.5985791124
-63.8916043999
-64.3203578958
-64.7669313968
-65.2093111175
-65.6344285793
-66.0350181038
-65.5392251245
-65.3904418327
-66.3962961331
-67.1199321756
-67.6501160619
-68.0465558583
-68.3495345408
-69.4546500229
-70.0
-70.0
-70.0
-70.0
-70.0
-70.0
-70.0
-70.0
-70.0
-63.4434294852
-59.7280395268
-57.8412042343
-57.1143962509
-57.1078315858
-57.533631734
0
-70.0
-70.0
-70.0
-70.0
-69.0833157975
-67.5638692388
-66.7334056622
-66.3440139942
-66.2322451936
-66.2907757401
-67.4490837837
-68.2290991504
-61.7921060163
-58.203506602
-56.4435634
0
-70.0
-70.0
-70.0
-70.0
-67.8866052306
-66.6890148613
-66.080826811
-65.8465530871
-66.646906219
-67.2388878909
-67.6861139643
-68.0315791429
-68.3044722786
-68.5247257507
-68.7060536423
-68.8579819225
-62.0111845716
-58.1694000087
-56.258682604
-54.5703012895
0
-70.0
-70.0
-70.0
-70.0
-68.9914127644
-68.4198799976
-68.1296310043
-68.0178272415
-67.034158939
-66.2094859928
-65.8410326921
-65.7585929552
-65.1468056442
-64.9415064028
-64.9869433112
-65.1813073459
-64.6560797193
-65.5190686043
-66.1862263152
-59.7157518318
-55.3738062783
0
-70.0
-70.0
-70.0
-70.0
-63.8683127572
-60.3936899863
-58.6291266575
-57.9494177717
-57.9432785145
-58.3414856763
-59.8812356223
-61.1423777359
-62.1943170795
-63.0856701163
-63.8509596012
-64.5151013054
-65.0964162845
-65.6086580624
-66.0623811937
-66.4658690328
-66.8257661017
-67.1475121397
-67.4356426912
-67.6939995991
-67.9258804238
-61.1355496383
-57.3568328457
-55.5110416752
-54.8865322505
-55.015608854
-55.5925345209
-57.4187382846
-58.9338359333
-60.2117666581
-61.3047995377
-63.0529284167
-64.6667081302
-65.812752354
-66.6399538097
-67.2482762229
-67.7049937967
-68.0555245477
-68.3306588468
-68.5513841313
-68.7321064977
-68.8828030342
-69.010460855
-62.1209757859
-58.2499188849
-56.3189541148
-55.6164101156
-55.6743367122
0
-70.0
-70.0
-70.0
-70.0
-69.8806584362
-69.8130315501
-69.7786877
-70.0
-69.4845806026
-69.1925096107
-69.0441833618
-68.9870481672
-68.9865321114
-69.020004741
-70.0
-70.0
-70.0
-70.0
-70.0
-70.0
-70.0
-63.0533894324
-59.1169767774
-57.1178966252
-55.3493744185
-54.4432819472
-54.0848503995
-54.0669631243
-54.5873319883
-55.4133089071
-55.6914143911
-56.3352305352
-57.1770125371
-57.40581095
-57.9628962993
-58.698384299
-59.5163976222
-60.3566590287
-61.1822605716
-61.971546145
-62.7127326175
-63.4003534138
-64.0329141111
-64.6113533924
-66.1380332997
-67.1827734674
-67.9035251192
-68.4058586062
-69.5628658807
-70.0
-70.0
-69.2962597906
-68.5641403387
-68.1727306562
-67.9987938248
-67.9611385985
-68.0065075094
-68.1001786057
-61.2197107798
-57.3841063917
-55.5032735457
-54.8579980533
0
-70.0
-70.0
-70.0
-70.0
-66.9263770189
-65.1846573296
-63.7445813829
-63.0890497687
-62.3705402524
-62.1937498675
-62.3478839743
-62.6954349726
-63.1474510725
-62.7787662728
-62.7982631839
-63.0500192244
-64.4327353978
-65.4479405886
-66.2087990168
-66.7916874399
-67.2483642457
-67.614091521
-67.9130581688
-68.1620028852
-68.3726362855
-68.5532617829
-68.7098616885
-68.8468262423
-60.9698509647
-56.544670766
-54.3380736212
0
-70.0
-70.0
-70.0
-70.0
-69.6881531902
-69.5114399979
-70.0
-63.6551056467
-60.0596655132
-58.233745916
-57.5304026271
-57.5240498996
-57.9361032664
-59.5269375141
-54.2402337899
0
-70.0
-70.0
-70.0
-70.0
-69.3122999543
-68.9226032617
-68.7246984708
-69.6311241173
-69.2132876628
-68.9888095347
-68.8878290067
-68.8643130563
-68.8880597175
-68.9393723904
-69.0055142477
-69.0783488872
-69.1527713746
-69.2256658213
-69.2952136286
-69.360435192
-62.4218225572
-58.5112608912
-56.5478818618
-55.8182583821
-55.8532090149
-55.3467540533
-55.5313226079
-55.5687974315
-56.0723224113
-56.2831377632
-56.8668557156
-57.6548579632
-57.8354603426
-59.3492800241
-60.6125958322
-61.6834987893
-62.6032572706
-63.4016704503
-64.1006626765
-64.7167025896
-64.3014548935
-63.9089244461
-56.8773776297
0
-70.0
-70.0
-70.0
-70.0
-67.8696819207
-66.6625016758
-65.0754557679
-64.2873796975
-64.004954732
-64.035334595
-64.252384693
-64.5742019286
-64.9481522058
-65.3409172985
-65.7318791109
-65.1347391895
-64.938630597
-64.9896777549
-65.1873167912
-65.4663229866
-65.7848492709
-66.1164700658
-66.4448935406
-65.7994696164
-65.5522329413
-66.5521493804
-67.2670275978
-67.7870536084
-68.1728340944
-68.4652079162
-68.6917919454
-61.8713858038
-58.9915682619
-57.6306254613
-57.7819278212
-57.2876856563
-57.4148841689
-57.9107071375
-58.6111773474
-60.2793996522
-54.7864391109
0
-70.0
-70.0
-70.0
-70.0
-66.7498856882
-64.9081542448
-63.9728435706
-63.6125623804
-63.6093082536
-63.8203788357
-63.1703500871
-63.007987835
-63.1436375559
-63.4535728032
-63.8577481915
-64.3049951515
-64.7631768224
-58.2286322053
-54.7002843616
0
-70.0
-70.0
-70.0
-70.0
-69.5868984693
-62.6259366981
-58.6951617454
0
-70.0
-70.0
-70.0
-70.0
-69.5225000877
-69.251916804
-62.5241965846
-58.7367579002
0
-70.0
-70.0
-70.0
-70.0
-68.9580630776
-68.3676321548
-68.0677858627
-67.9522852253
-67.9512420021
-68.0189080014
-68.1255440009
-68.2590381744
-68.3971667394
-68.5334716537
-68.6641388805
-68.7870679206
-68.9012564139
-69.0063942961
-69.1025972156
-69.1902323934
-69.2698057537
-69.341889578
-70.0
-70.0
-69.4441672295
-69.1291953263
-68.9692390068
-68.9076239149
-68.9070673959
-68.9431645713
-69.0000507242
-69.0675140584
-69.1390749237
-69.2107089454
-69.2799990602
-69.3455731605
-69.4067318486
-68.4683408976
-67.9563616304
-67.7172953491
-67.6499457353
-67.6878711092
-67.7876972966
-67.9213364325
-61.0708087829
-57.2581319004
-55.3952547076
-55.7643136329
-56.4602718669
-57.3291710784
-58.2728715694
0
-70.0
-70.0
-70.0
-70.0
-69.5473251029
-69.2908093278
-69.1605395519
-69.1103597013
-69.1099064675
-69.1393043117
-69.1856328744
-68.2521366029
-67.7503009532
-67.5241895316
-67.4710496943
-67.5234641354
-67.6374639956
-67.7846151118
-67.9467519445
-68.112475646
-68.2748273453
-68.4297441201
-68.5750360476
-69.7094092739
-70.0
-70.0
-70.0
-70.0
-70.0
-70.0
-70.0
-70.0
-70.0
-70.0
-70.0
-69.1975276593
-68.7427933329
-68.511859626
-68.422904081
-67.6196314821
-67.2170135401
-68.0508674603
-68.616150897
-69.0014492625
-69.2659133064
-69.4490612892
-69.5773147025
-69.6683562605
-69.7340359866
-69.7823092893
-70.0
-70.0
-70.0
-70.0
-70.0
-70.0
-63.6656517074
-60.076187675
-58.2533029997
-57.5511287612
-57.5447865927
-57.9561550719
0
-70.0
-70.0
-70.0
-70.0
-64.34104068
-61.1342970653
-59.5057743276
-58.8784682074
-59.8712798229
-60.8045907981
-61.6710910233
-61.5271491211
-54.9052984065
0
-70.0
-70.0
-70.0
-70.0
-69.3442734001
-68.0117134357
-67.2784536759
-66.9292160309
-66.8220329095
-66.863655273
-66.9931735153
-67.1711120102
-68.371494734
-69.1460078771
-69.6391821671
-69.9471140022
-70.0
-70.0
-70.0
-70.0
-70.0
-70.0
-70.0
-70.0
-70.0
-70.0
-70.0
-70.0
-70.0
-70.0
-63.0006370374
-59.0343313585
-57.0200702393
-56.2441778931
0
-70.0
-70.0
-70.0
-70.0
-68.0782069014
-66.9891908121
-66.4361414649
-66.5193982222
-66.6853723359
-66.8954443929
-67.124972814
-67.3585241062
-68.4550168351
-69.1644119114
-68.6764295568
-68.4277591589
-68.3309649482
-68.3285229235
-68.3827736112
-67.6009188129
-66.8784419735
-67.5229955092
-67.992294447
-68.8963528837
-69.4755761829
-69.8405909563
-70.0
-70.0
-70.0
-70.0
-69.0585033264
-68.5249885446
-68.2540467241
-68.1496800743
-68.1487374153
-68.2098805727
-61.3062392513
-57.4538464835
-55.5606159399
0
-70.0
-70.0
-70.0
-70.0
-69.5953841468
-69.36610183
-69.2496623789
-69.2048099623
-68.2304171418
-67.3714342114
-66.9436633128
-67.7888669293
-68.7030268682
-69.2947552692
-69.6733004676
-69.911317571
-69.9180807133
-62.9262726419
-58.9669787111
-56.9591697289
-56.1891786819
-56.1875447643
0
-70.0
-70.0
-70.0
-70.0
-68.8922194562
-68.264477148
-68.9405442937
-69.3814997714
-69.6666897323
-69.848914051
-69.9632848406
-70.0
-70.0
-70.0
-70.0
-70.0
-69.0102368153
-68.1160376773
-67.6423169386
-59.8832234759
-55.5649932823
0
-70.0
-70.0
-70.0
-70.0
-68.9239404177
-68.3141733211
-68.0045072858
-67.8852240884
-67.8841467003
-67.9540287108
-68.0641569601
-68.194762011
-68.3332996411
-68.4719788979
-68.6061204886
-68.7330680935
-68.8514677199
-67.9642173925
-67.4997266164
-67.3043745968
-66.5733138614
-65.9155669582
-65.6570665843
-65.6467308071
-65.7856383139
-66.0094615409
-66.2767734257
-59.5613046147
-54.9385075044
0
-70.0
-70.0
-70.0
-70.0
-68.9903978068
-68.4182898973
-68.1277488217
-67.0418448438
-66.488907629
-65.7186261569
-65.0658364017
-64.5053013352
-64.3521369175
-63.892944814
-64.8209980581
-65.5504634027
-66.136460496
-66.6168434021
-60.0210026833
-57.2644442531
-56.3683610532
-56.2850990982
-57.2478608441
-57.2679307268
-57.3710416321
0
-70.0
-70.0
-70.0
-70.0
-68.6090534979
-67.8208504801
-67.4205669867
-67.2663779912
-67.2649853274
-67.355316885
-68.4803303934
-69.205994152
-69.6678592688
-69.9560496965
-70.0
-70.0
-70.0
-69.6619301903
-69.4703572981
-62.3751734201
-59.1746931152
-57.615248495
-57.0924067731
-57.2089548475
0
-70.0
-70.0
-70.0
-70.0
-67.5478482089
-65.1634337584
-63.5606706295
-62.8136570645
-62.60499369
-62.7262958756
-63.0415339912
-63.4626257274
-64.9071809501
-65.9436747187
-67.2563373781
-68.1353903945
-68.7249758578
-68.1327889605
-67.8397171901
-67.7358835549
-67.7490539219
-67.831987678
-67.9540150091
-68.0954309075
-68.2437660829
-68.3913083187
-68.5334567163
-68.6676305309
-62.7893064579
-59.5026684655
0
-70.0
-70.0
-70.0
-70.0
-68.4782807499
-67.6159731748
-66.2658476858
-65.5802441362
-65.3162072019
-65.313911468
-65.4687369786
-65.7126743858
-59.0558991102
-55.4266373079
-54.7338440237
-54.8270399191
-55.3887227923
-56.2127750898
-57.166780632
-58.1669579363
-59.1614990543
-61.0609794265
-62.4986350022
-55.6932159465
0
-70.0
-70.0
-70.0
-70.0
-69.3366864807
-62.3705024641
-57.4841270809
-54.969497615
0
-70.0
-70.0
-70.0
-70.0
-69.6693581996
-69.4819945127
-70.0
-70.0
-69.390493018
-62.0810733459
-57.9593857644
-55.8877270233
-55.1151408779
-55.1477511614
-55.6623922928
-56.4490972285
-57.372816949
-58.347954883
-59.3214391473
-60.2614817343
-60.1578319087
-60.423714283
-60.9024532315
-61.4929481595
-62.130813511
-62.9070750881
-63.6092628647
-64.2436001018
-64.8160824407
-65.332369096
-65.797728786
-66.2170203071
-66.5946945429
-66.9348092663
-67.2410511247
-68.4994196724
-69.3044601453
-62.8107512286
-59.1541675042
-57.3217450195
-56.644900028
-55.685485471
-55.5869872212
-55.452766475
-55.8571418114
-56.5711956196
0
-70.0
-70.0
-70.0
-70.0
-68.7757963725
-68.0820809836
-67.7297823841
-67.594077145
-67.59285143
-67.6723542867
-67.7976441911
-67.9462299941
-68.103840476
-69.2564738516
-69.9728380819
-70.0
-70.0
-70.0
-70.0
-63.6665775619
-59.0776975835
-56.6884463436
-55.698614055
-55.5814275466
-55.9917347233
0
-70.0
-70.0
-70.0
-70.0
-68.4192299804
-67.5234603026
-67.0685498192
-66.8933185351
-66.8917358135
-66.9943949868
-67.1561773245
-67.3480408164
-60.5875251685
-56.8449649408
-55.0379299729
-54.4524446597
-54.6194053164
-55.2322681999
-57.0922172553
-58.6384461133
-59.944901891
-61.0639452946
-61.03369092
-61.3144152645
-61.7723693624
-62.3213961757
-62.9067657245
-62.6261158391
-62.7035220466
-62.9931817028
-63.4005381065
-63.8649340118
-65.3446482672
-66.3876552115
-67.1338708711
-67.6771379044
-68.080526861
-68.3865426729
-68.6239340709
-68.812237774
-68.9648120701
-70.0
-70.0
-70.0
-70.0
-70.0
-70.0
-70.0
-70.0
-70.0
-70.0
-70.0
-70.0
-70.0
-70.0
-70.0
-70.0
-70.0
-70.0
-70.0
-70.0
-70.0
-69.1316872318
-61.3063100038
-56.9008733336
-54.694248887
0
-70.0
-70.0
-70.0
-70.0
-70.0
-70.0
-69.0761401548
-68.5526195758
-61.340704669
-57.3021989026
-55.3023554793
0
-70.0
-70.0
-70.0
-70.0
-69.532765527
-69.2679993257
-69.1335396273
-69.139258525
-69.1713812461
-69.2182755039
-69.2724695417
-70.0
-70.0
-70.0
-70.0
-70.0
-70.0
-70.0
-69.0575920632
-68.523560899
-68.6707889868
-68.8034328732
-69.4784603315
-69.9008614621
-70.0
-70.0
-70.0
-70.0
-70.0
-69.058516847
-69.4859912846
-62.7596143784
-58.965134422
-57.0562753008
-56.342417318
-56.3693552845
-56.8398728882
-57.5608543541
-58.4080814219
-59.3028149485
-60.1962278995
-54.1804587828
0
-70.0
-70.0
-70.0
-70.0
-65.6289529901
-63.1520263512
-61.8941361562
-61.4095975006
-61.4052210572
-61.6890878226
-63.1104259929
-64.192881362
-65.0359252047
-65.7072206702
-59.3340177334
-55.8656287135
-54.2557410112
0
-70.0
-70.0
-70.0
-70.0
-70.0
-70.0
-70.0
-70.0
-70.0
-70.0
-63.0585276233
-59.1250266098
-57.1274251147
-56.3579500472
-56.3510000051
-56.8017966463
-57.5122147428
-58.3547251093
-58.2484071605
-58.5763361525
-59.1538823426
-59.8619473119
-60.6247213831
-61.3948951131
-61.2316276758
-54.4419318987
0
-70.0
-70.0
-70.0
-70.0
-68.5587680211
-66.7810883421
-65.8217775899
-65.3854652189
-65.2774956224
-66.3701291318
-67.1467049331
-66.7955517446
-66.6916747734
-66.7396260982
-66.8770760231
-67.063643444
-67.2734624484
-67.4902384361
-67.7039627475
-67.9087319094
-69.089741323
-69.828688927
-70.0
-70.0
-70.0
-70.0
-63.0855078369
-59.1672956112
-57.1774584221
-56.4109741612
-56.4040511326
0
-70.0
-70.0
-70.0
-70.0
-68.6187667873
-67.8360679668
-67.4385797423
-66.2854792168
-65.7174362609
-66.5191621263
-67.1162255746
-67.5705894578
-67.9241881391
-68.2055410766
-68.4341681365
-68.6235387679
-68.7830431878
-68.9193110669
-69.0370947587
-69.1398618152
-70.0
-70.0
-70.0
-70.0
-70.0
-70.0
-63.999548907
-60.5992932876
-58.8724968064
-58.2073356908
-58.2013278318
-57.5910715918
-57.3052154614
-57.5568612678
-58.1226200427
-58.8579879729
-59.6706091319
-60.5024948563
-61.3182097957
-62.0970317661
-62.8277572229
-63.5052672561
-57.1389214395
0
-70.0
-70.0
-70.0
-70.0
-62.5308641975
-58.2983539095
-56.1489026063
-55.3209350709
-56.2744382716
0
-70.0
-70.0
-70.0
-70.0
-69.1544197757
-68.6752576485
-68.4319184507
-68.3381843169
-68.3373376927
-68.3922517952
-68.4787918634
-68.5814228423
-67.6907384279
-67.2333031649
-67.051065235
-67.0400203026
-67.132059333
-67.2828807735
-67.4639442787
-67.6571175725
-67.8511176297
-68.0391470764
-68.2173265085
-68.3836566175
-68.5373327956
-68.678294076
-68.8069277084
-68.9238769642
-69.0299172855
-68.126892528
-67.6475145893
-67.4383040064
-67.3981675231
-67.4608133823
-67.5830404518
-67.7369420118
-67.904718214
-68.0752266616
-68.2416908414
-68.4001796546
-68.5486002873
-68.6860326574
-68.8122909908
-68.9276362912
-69.0325889284
-68.1293299853
-67.6497302866
-67.4403127911
-67.3999852008
-67.4624558066
-66.7162102193
-66.3779225263
-66.2956858263
-66.3698209454
-66.5353079854
-66.7500899432
-66.0750809483
-65.8009061864
-65.776371123
-65.9024377143
-67.1146630785
-67.9381761944
-67.5888030194
-67.459552347
-66.9111279765
-66.685035755
-66.6598792302
-66.7561226744
-66.921997985
-67.1241232386
-68.3239194195
-69.0996664808
-69.5951258348
-69.9058972528
-70.0
-70.0
-70.0
-70.0
-69.0390184423
-68.4944622263
-68.2179130891
-68.1113865039
-68.1104243359
-68.1728328906
-68.2711835937
-68.3878212292
-68.5115431028
-68.6353914568
-68.7551874207
-68.8685587517
-68.9742962586
-69.0719288874
-68.1648696558
-67.6818051284
-66.9136840187
-66.5556885523
-66.4557016541
-67.5138351924
-68.2315874756
-68.7211859297
-69.0575721378
-69.2908181248
-69.4544051128
-69.5707438018
-69.6548555552
-69.716827422
-69.7634496281
-69.7993079641
-69.8275127002
-69.8501851186
-69.868782399
-68.8853296465
-68.3324136734
-68.0562503005
-67.9553439334
-67.9629553153
-68.035423634
-68.144390504
-68.2716242759
-68.4055770632
-68.5390961668
-68.6679044234
-68.7895925632
-67.9106597083
-67.4529446718
-67.2632174941
-68.2405994484
-68.885675306
-69.3098649771
-69.5873832805
-69.7676481532
-69.8835521383
-70.0
-69.6666666667
-62.4777777778
-58.4151851852
-56.3637901235
-55.5874934156
-56.5143407819
-57.5199711756
-58.5393503726
-59.5329995451
-60.4780890637
-61.3625398061
-62.1811255913
-63.874378546
-64.0996559316
-64.4315004986
-64.8162238889
-64.5161467564
-64.518895585
-57.7103530772
-54.03488247
0
-70.0
-70.0
-70.0
-70.0
-69.569432292
-69.3254439241
-69.2015361059
-69.1538068781
-69.1533757788
-69.1813379266
-69.2254039511
-69.277663434
-69.3339114828
-69.723196596
-70.0
-70.0
-70.0
-70.0
-70.0
-70.0
-70.0
-70.0
-70.0
-70.0
-70.0
-70.0
-70.0
-70.0
-70.0
-69.2962800716
-68.8975054454
-61.6949976992
-57.6503264616
-55.6351795036
-54.9049186786
-54.9699315611
-55.5099415718
-55.3559679682
-56.7440108604
-57.4631473449
-58.3125243241
-59.2117330341
-59.4071634553
-59.8775162595
-60.4971440667
-61.1856826154
-61.8926163242
-62.587022672
-63.2507657249
-63.8739860325
-64.4521186826
-64.98392765
-65.470215442
-65.9129809359
-67.3133517621
-68.2431291992
-68.8595580214
-69.2674300474
-69.5365722614
-70.0
-70.0
-70.0
-70.0
-70.0
-70.0
-70.0
-70.0
-70.0
-70.0
-69.1316858184
-68.6396411155
-68.3897595899
-68.2935053549
-62.2666239552
-58.9082743169
-57.8185442789
-57.9040881135
-58.3586114771
-59.0193717794
-59.7818489014
0
-70.0
-70.0
-70.0
-70.0
-69.1026791564
-68.5941973451
-68.3359683468
-68.2364986696
-68.2356002409
-67.2940749948
-66.8193573473
-66.6405481806
-67.6442294486
-68.3249638945
-68.7892390989
-69.1081629182
-69.3292451125
-69.4842529254
-69.5944491822
-69.6740852969
-68.7442918091
-68.2282726562
-60.978342476
-56.9291062854
-54.1327918924
0
-70.0
-70.0
-70.0
-70.0
-63.109739369
-58.2637860082
-55.4140877915
-54.1904659351
0
-70.0
-70.0
-70.0
-70.0
-68.4526748971
-67.5758573388
-67.1305715592
-66.9590477061
-66.0160261342
-65.5830123199
-65.470436954
-65.5538771694
-65.7521453929
-66.0127014806
-65.3897365791
-65.1696330855
-64.6430276643
-64.5056301561
-64.6063373126
-64.8465503628
-65.1624598475
-65.5132568767
-66.8732040936
-60.7940226874
-57.4533797541
-55.867214669
-55.3866084623
-55.5853577896
-56.1850954596
-56.0105731107
-56.372173931
-57.0433952922
-57.8780149325
-58.7828528856
-59.6996605612
-60.5930898146
0
-70.0
-70.0
-70.0
-70.0
-69.4485596708
-69.1360768176
-68.1090717878
-67.5558997104
-67.3054664736
-67.2450243157
-67.3005915438
-67.4239121626
-67.5837741284
-60.784210582
-57.0116654347
-55.1810828319
0
-70.0
-70.0
-70.0
-70.0
-69.5958603005
-70.0
-70.0
-70.0
-70.0
-70.0
-70.0
-70.0
-70.0
-70.0
-70.0
-70.0
-70.0
-70.0
-70.0
-70.0
-70.0
-70.0
-70.0
-63.087732092
-60.112252614
-58.6565565067
-58.1612536255
-58.2586967759
-59.5110085761
-60.945362037
-61.1077988557
-61.5016676517
-62.0212666743
-55.7203745748
0
-70.0
-70.0
-70.0
-70.0
-69.3767887686
-69.0236357376
-68.8442893943
-68.7752052752
-68.7745812946
-68.8150541964
-61.9327875573
-58.0723346553
0
-70.0
-70.0
-70.0
-70.0
-69.8806584362
-69.8130315501
-69.7786877
-69.7654584667
-69.7653389778
-69.7730893185
-69.7853032124
-69.7997881082
-69.8151527755
-69.83053315
-69.8454102697
-69.8594895325
-69.8726207725
-70.0
-70.0
-70.0
-69.2948928959
-69.6978013394
-69.7273974719
-70.0
-70.0
-70.0
-70.0
-70.0
-69.4443896859
-69.4999142117
-69.2165651201
-68.7393368278
-68.4950219581
-69.2010681069
-69.6513268592
-69.1306354129
-68.8471993646
-69.5180335593
-69.9365996242
-70.0
-70.0
-70.0
-70.0
-70.0
-70.0
-70.0
-70.0
-70.0
