-70.0
-70.0
-70.0
-70.0
-69.0
-68.4333333333
-69.2075555556
-70.0
-70.0
-70.0
-70.0
-70.0
-70.0
-70.0
-70.0
-69.7664551135
-69.6341130112
-70.0
-70.0
-70.0
-70.0
-70.0
-70.0
-70.0
-70.0
-70.0
-70.0
-70.0
-70.0
-64.4352195305
-61.6151772644
-60.202645996
-60.2959374617
-62.8361052643
-67.8060862056
-70.0
-70.0
-70.0
-70.0
-70.0
-70.0
-70.0
-70.0
-70.0
-70.0
-70.0
-70.0
-70.0
-70.0
-70.0
-70.0
-70.0
-70.0
-70.0
-70.0
-70.0
-70.0
-70.0
-70.0
-70.0
-70.0
-70.0
-70.0
-70.0
-70.0
-70.0
-70.0
-70.0
-69.2741720726
-70.0
-70.0
-70.0
-70.0
-70.0
-70.0
-70.0
-70.0
-70.0
-70.0
-70.0
-70.0
-70.0
-70.0
-70.0
-70.0
-70.0
-70.0
-70.0
-70.0
-70.0
-70.0
-70.0
-63.999202225
-60.5987501525
-58.8718539039
-58.206654358
-59.1786453243
-66.337538469
-70.0
-70.0
-70.0
-70.0
-70.0
-70.0
-70.0
-70.0
-70.0
-70.0
-70.0
-70.0
-70.0
-70.0
-70.0
-70.0
-70.0
-70.0
-70.0
-70.0
-70.0
-64.4214717847
-61.260305796
-59.654929343
-59.0365391597
-59.0309537444
-60.5908254224
-68.638013788
-70.0
-70.0
-70.0
-70.0
-70.0
-70.0
-70.0
-70.0
-70.0
-63.6017415981
-59.976061837
-58.1347852524
-59.2023948778
-64.5091203004
-70.0
-70.0
-70.0
-70.0
-70.0
-70.0
-70.0
-70.0
-63.9771888212
-60.5642624865
-62.6820014649
-70.0
-70.0
-70.0
-70.0
-70.0
-70.0
-70.0
-70.0
-70.0
-70.0
-70.0
-70.0
-66.9708094419
-70.0
-70.0
-70.0
-70.0
-70.0
-70.0
-70.0
-70.0
-70.0
-70.0
-70.0
-70.0
-69.582242456
-70.0
-70.0
-70.0
-70.0
-70.0
-70.0
-70.0
-70.0
-70.0
-70.0
-70.0
-70.0
-70.0
-70.0
-70.0
-70.0
-70.0
-70.0
-70.0
-70.0
-63.4601656243
-59.7542594781
0
-70.0
-70.0
-70.0
-70.0
-70.0
-70.0
-70.0
-70.0
-70.0
-70.0
-70.0
-70.0
-70.0
-70.0
-63.7847282863
-60.2627409819
-58.8728414577
-58.8056509866
-61.994831005
-68.1205432461
-70.0
-70.0
-70.0
-64.9865291425
-62.1455623232
-60.7027968208
-60.1470442921
-60.1420246318
-60.4676120145
-57.7978242693
-62.4561352794
-68.7590376741
-70.0
-70.0
-70.0
-70.0
-70.0
-70.0
-70.0
-70.0
-70.0
-70.0
-70.0
-70.0
-70.0
-70.0
-70.0
-70.0
-70.0
-70.0
-70.0
-70.0
-63.3759708406
-59.8285767501
-63.3507569448
-70.0
-70.0
-70.0
-70.0
-70.0
-70.0
-70.0
-70.0
-69.7338393698
-69.5830150128
-69.5064198981
-69.4769154993
-69.4766490101
-70.0
-70.0
-70.0
-70.0
-70.0
-70.0
-70.0
-70.0
-70.0
-70.0
-69.9186240812
-69.8725110605
-69.8490928795
-69.8400722082
-70.0
-70.0
-70.0
-70.0
-70.0
-70.0
-70.0
-70.0
-70.0
-70.0
-70.0
-70.0
-70.0
-70.0
-70.0
-70.0
-70.0
-70.0
-70.0
-70.0
-70.0
-70.0
-70.0
-70.0
-69.9720626161
-69.956231432
-69.9481916737
-69.945094763
-70.0
-70.0
-70.0
-70.0
-70.0
-70.0
-70.0
-67.1206416615
-64.6206925124
-63.3000332726
-62.7309699529
-62.6318329627
-62.0154872007
-61.9118301701
-62.1192416128
-62.7208930884
-64.5212691521
-70.0
-70.0
-70.0
-70.0
-70.0
-70.0
-70.0
-70.0
-64.0401461711
-60.6628956681
-58.9477821773
-58.2871213436
-58.281154132
-58.8681692161
-63.0173808978
-70.0
-70.0
-70.0
-70.0
-70.0
-70.0
-70.0
-70.0
-63.3910148402
-59.6459232496
-58.2409557116
-69.1391253093
-70.0
-70.0
-70.0
-70.0
-70.0
-70.0
-70.0
-70.0
-70.0
-64.3588887078
-61.7178145311
-60.409242874
-59.943791784
-64.4436442503
-70.0
-70.0
-70.0
-70.0
-70.0
-70.0
-70.0
-70.0
-70.0
-70.0
-64.0173126105
-60.6271230898
-58.9054386077
-58.2422466315
-58.4297565581
-70.0
-70.0
-70.0
-70.0
-70.0
-69.8971008032
-69.8387912583
-69.8091791562
-69.7977725896
-69.7976695634
-69.8043520955
-69.8148832117
-69.8273724409
-70.0
-70.0
-70.0
-70.0
-70.0
-70.0
-70.0
-70.0
-70.0
-70.0
-70.0
-70.0
-70.0
-70.0
-70.0
-70.0
-70.0
-70.0
-70.0
-70.0
-70.0
-70.0
-70.0
-70.0
-63.4165811921
-59.685977201
-57.7914155663
-65.5411915098
-70.0
-70.0
-70.0
-70.0
-70.0
-67.4261919413
-65.9677007081
-65.7825715001
-65.8120749253
-65.9693744829
-66.1981084014
-66.4620784724
-67.1343651171
-70.0
-70.0
-70.0
-70.0
-70.0
-70.0
-66.7437598686
-64.8985571275
-63.9614835786
-63.60052333
-64.5957406309
-65.3730129905
-65.9936093065
-67.5084237114
-70.0
-70.0
-70.0
-70.0
-70.0
-70.0
-70.0
-70.0
-70.0
-70.0
-70.0
-70.0
-70.0
-70.0
-70.0
-70.0
-70.0
-70.0
-70.0
-70.0
-70.0
-69.5032770383
-69.2218006933
-69.3023349483
-70.0
-70.0
-70.0
-70.0
-70.0
-70.0
-70.0
-70.0
-70.0
-70.0
-69.8467146073
-70.0
-70.0
-70.0
-70.0
-70.0
-70.0
-70.0
-70.0
-70.0
-70.0
-70.0
-70.0
-70.0
-70.0
-70.0
-70.0
-70.0
-70.0
-70.0
-70.0
-70.0
-70.0
-70.0
-70.0
-70.0
-70.0
-70.0
-70.0
-70.0
-70.0
-70.0
-70.0
-70.0
-70.0
-70.0
-70.0
-70.0
-70.0
-70.0
-70.0
-70.0
-70.0
-69.4526065335
-68.8090835692
-61.4626670049
-63.0638712422
-70.0
-70.0
-70.0
-70.0
-70.0
-70.0
-70.0
-70.0
-70.0
-70.0
-64.003598225
-58.2723038859
-55.2244504862
-55.1130566073
-70.0
-70.0
-70.0
-70.0
-70.0
-70.0
-70.0
-70.0
-70.0
-70.0
-70.0
-63.1367501261
-59.2475751975
-57.2724844004
-56.5116804422
-61.6336683256
-70.0
-70.0
-70.0
-70.0
-70.0
-70.0
-70.0
-70.0
-63.477422668
-59.2257399576
-57.0338723328
-56.1509560135
-55.9977354735
-64.8292387232
-70.0
-70.0
-70.0
-70.0
-70.0
-70.0
-70.0
-70.0
-70.0
-64.0269647523
-60.6422447786
-58.9233379684
-58.4486908893
-60.9224109798
-70.0
-70.0
-70.0
-70.0
-70.0
-70.0
-70.0
-70.0
-70.0
-70.0
-70.0
-70.0
-70.0
-70.0
-70.0
-70.0
-70.0
-70.0
-70.0
-70.0
-69.6250699058
-69.4126095191
-69.3047129698
-69.2631512745
-70.0
-70.0
-70.0
-70.0
-70.0
-70.0
-70.0
-70.0
-70.0
-70.0
-70.0
-70.0
-70.0
-63.5268861994
-62.4295950624
-70.0
-70.0
-70.0
-70.0
-70.0
-70.0
-70.0
-70.0
-70.0
-69.4612909504
-68.8226891556
-69.3436635822
-70.0
-70.0
-70.0
-70.0
-70.0
-70.0
-70.0
-70.0
-63.82976693
-60.3333015237
-58.5576455624
-64.7186979326
-70.0
-70.0
-70.0
-70.0
-70.0
-70.0
-70.0
-70.0
-70.0
-70.0
-70.0
-70.0
-70.0
-69.9974453644
-70.0
-70.0
-70.0
-70.0
-70.0
-70.0
-70.0
-70.0
-70.0
-70.0
-70.0
-70.0
-70.0
-70.0
-70.0
-70.0
-70.0
-70.0
-70.0
-70.0
-70.0
-70.0
-65.0361294659
-62.2232694966
-60.7947778651
-60.244523624
-59.2655659201
-59.4529920945
-64.2487959889
-70.0
-70.0
-70.0
-70.0
-70.0
-70.0
-70.0
-70.0
-70.0
-70.0
-70.0
-70.0
-70.0
-70.0
-70.0
-70.0
-70.0
-70.0
-70.0
-70.0
-70.0
-70.0
-70.0
-63.3998579194
-59.659777407
-60.3611262296
-67.4041590189
-70.0
-70.0
-70.0
-70.0
-70.0
-70.0
-70.0
-70.0
-70.0
-70.0
-70.0
-70.0
-70.0
-70.0
-70.0
-70.0
-70.0
-70.0
-70.0
-70.0
-70.0
-70.0
-70.0
-70.0
-70.0
-70.0
-70.0
-70.0
-70.0
-70.0
-70.0
-70.0
-70.0
-70.0
-65.251951716
-62.5613910218
-61.1950082378
-60.6686782929
-60.8611425476
-63.8642010499
-70.0
-70.0
-70.0
-70.0
-70.0
-70.0
-70.0
-70.0
-70.0
-70.0
-70.0
-70.0
-70.0
-70.0
-70.0
-70.0
-70.0
-70.0
-67.0635984209
-63.0663041927
-60.8990508494
-59.9020638151
-59.6404694674
-59.8288305431
-54.2026968701
0
-70.0
-70.0
-70.0
-70.0
-70.0
-70.0
-70.0
-70.0
-70.0
-70.0
-70.0
-70.0
-70.0
-70.0
-70.0
-70.0
-70.0
-70.0
-70.0
-70.0
-66.1691668072
-63.9983613314
-62.8959326681
-62.4712777146
-62.4674421519
-63.6772076337
-64.9471600016
-66.4103435789
-69.0114722413
-70.0
-70.0
-70.0
-70.0
-70.0
-70.0
-70.0
-70.0
-64.8644763269
-61.9543462455
-60.4764566552
-59.9071743458
-64.3101604703
-70.0
-70.0
-70.0
-70.0
-70.0
-70.0
-70.0
-70.0
-70.0
-70.0
-70.0
-70.0
-70.0
-70.0
-70.0
-70.0
-70.0
-70.0
-70.0
-70.0
-70.0
-63.9560137476
-60.5310882046
-58.791763272
-58.1217762034
-58.1157247554
-60.5484577385
-63.8322145989
-70.0
-70.0
-70.0
-70.0
-70.0
-70.0
-70.0
-70.0
-70.0
-70.0
-70.0
-70.0
-70.0
-70.0
-70.0
-70.0
-70.0
-70.0
-70.0
-70.0
-70.0
-70.0
-70.0
-70.0
-69.6419327502
-69.4390279752
-69.3359841778
-64.0911712695
-70.0
-70.0
-70.0
-70.0
-70.0
-68.2818790139
-67.3082771217
-66.8138400824
-66.6233831893
-66.6216629472
-67.6015547942
-68.269438076
-68.7278534425
-68.6875088888
-70.0
-70.0
-70.0
-70.0
-70.0
-70.0
-70.0
-70.0
-70.0
-70.0
-70.0
-69.5806787416
-69.3430633619
-69.2223920219
-70.0
-70.0
-70.0
-70.0
-70.0
-66.5402846477
-63.6057915763
-62.7619397179
-62.4968972789
-62.5879752396
-62.889689508
-63.3077284188
-63.9691024239
-70.0
-70.0
-70.0
-70.0
-70.0
-70.0
-70.0
-70.0
-70.0
-70.0
-70.0
-70.0
-70.0
-70.0
-70.0
-70.0
-70.0
-70.0
-70.0
-70.0
-70.0
-70.0
-70.0
-70.0
-70.0
-70.0
-70.0
-70.0
-70.0
-70.0
-70.0
-70.0
-70.0
-70.0
-70.0
-70.0
-70.0
-64.050154732
-60.6785757468
-59.9653275383
-54.9459417693
-55.3090318579
-66.1750812146
-70.0
-70.0
-70.0
-70.0
-70.0
-70.0
-70.0
-69.9386478595
-69.9038816465
-69.8862258638
-69.8794248654
-69.8793634376
-70.0
-70.0
-70.0
-70.0
-70.0
-70.0
-70.0
-70.0
-70.0
-70.0
-70.0
-70.0
-70.0
-70.0
-70.0
-70.0
-70.0
-70.0
-70.0
-70.0
-70.0
-70.0
-63.5977599935
-59.9698239898
-59.7676945098
-67.5814606363
-70.0
-70.0
-70.0
-68.4629559229
-67.5919642792
-67.1496371504
-62.0533270421
-59.2604300758
-57.9426775601
-57.5539367987
-56.9320566141
-58.2302481136
-67.1173118643
-70.0
-70.0
-70.0
-70.0
-68.0846737652
-66.4437666765
-65.5777635341
-65.2055695309
-65.1420674779
-65.2658973302
-64.6296859067
-64.093636189
-65.2131298196
-70.0
-70.0
-70.0
-70.0
-70.0
-70.0
-70.0
-70.0
-70.0
-70.0
-70.0
-70.0
-70.0
-70.0
-70.0
-70.0
-70.0
-70.0
-70.0
-70.0
-69.4393048347
-69.1215775744
-69.9602219604
-70.0
-70.0
-70.0
-70.0
-70.0
-70.0
-70.0
-70.0
-70.0
-63.9179875156
-61.1752174782
-59.8237148731
-59.3520228143
-59.4239401519
-60.6036001139
-68.8839019227
-70.0
-70.0
-70.0
-70.0
-70.0
-66.8516938641
-65.0676537205
-64.161641177
-63.8126456116
-64.8072097604
-65.5770412577
-59.8009125805
-56.6752049549
-55.2439402143
-58.9621093593
-70.0
-70.0
-70.0
-70.0
-70.0
-70.0
-70.0
-70.0
-70.0
-70.0
-70.0
-70.0
-70.0
-70.0
-70.0
-70.0
-70.0
-70.0
-70.0
-70.0
-70.0
-70.0
-70.0
-70.0
-70.0
-70.0
-70.0
-70.0
-70.0
-70.0
-70.0
-70.0
-70.0
-70.0
-70.0
-70.0
-70.0
-70.0
-70.0
-70.0
-70.0
-70.0
-70.0
-70.0
-70.0
-70.0
-70.0
-70.0
-70.0
-70.0
-70.0
-63.3323925504
-59.5540816623
-60.6738598005
-67.1191643292
-70.0
-70.0
-70.0
-70.0
-70.0
-70.0
-70.0
-70.0
-70.0
-63.0751887979
-59.1511291167
-60.1340704686
-70.0
-70.0
-70.0
-70.0
-70.0
-70.0
-70.0
-70.0
-70.0
-70.0
-70.0
-70.0
-70.0
-70.0
-70.0
-70.0
-70.0
-70.0
-70.0
-70.0
-70.0
-70.0
-70.0
-70.0
-70.0
-70.0
-70.0
-70.0
-70.0
-70.0
-70.0
-70.0
-70.0
-70.0
-70.0
-70.0
-70.0
-70.0
-70.0
-70.0
-70.0
-70.0
-70.0
-70.0
-70.0
-70.0
-70.0
-70.0
-70.0
-70.0
-70.0
-70.0
-70.0
-70.0
-70.0
-70.0
-70.0
-70.0
-70.0
-70.0
-70.0
-70.0
-70.0
-70.0
-70.0
-70.0
-70.0
-70.0
-70.0
-70.0
-70.0
-70.0
-70.0
-70.0
-70.0
-70.0
-70.0
-70.0
-69.7027615947
-69.9280170284
-65.2767031842
-64.066986635
-61.0750071452
-60.1023602382
-60.0579423282
-60.5574376958
-61.9869375451
-64.3456635456
-59.8221041888
-59.0340468557
-60.3616435348
-62.0951612744
-63.5735006193
-64.3413875389
-65.564411704
-67.0651062215
-68.0633527246
-68.7268555357
-70.0
-70.0
-70.0
-70.0
-70.0
-70.0
-70.0
-70.0
-70.0
-70.0
-70.0
-70.0
-63.4415347565
-57.3917377851
-54.1821350095
-54.378357559
-59.9521835104
-69.8061740302
-70.0
-70.0
-70.0
-70.0
-70.0
-70.0
-70.0
-70.0
-70.0
-70.0
-70.0
-70.0
-70.0
-70.0
-70.0
-70.0
-70.0
-70.0
-70.0
-65.7356279783
-63.3191504993
-62.0919589953
-61.6192454597
-61.614975823
-60.8922155756
-60.7621522413
-60.9920424993
-64.9312904085
-70.0
-70.0
-70.0
-70.0
-70.0
-70.0
-70.0
-70.0
-64.1127002843
-60.7765637788
-59.0823297495
-58.4297116736
-58.4238171056
-58.806153128
-65.9541277726
-70.0
-70.0
-70.0
-70.0
-68.4064316028
-67.503409511
-67.0448159389
-67.7803744359
-68.6290303861
-69.1839229435
-69.5440610464
-69.7753418733
-70.0
-70.0
-70.0
-70.0
-70.0
-70.0
-66.1647700764
-63.9914731197
-63.7999876798
-63.8917634932
-64.1504368649
-64.5006263257
-66.6853121382
-70.0
-70.0
-70.0
-70.0
-70.0
-70.0
-70.0
-70.0
-70.0
-70.0
-70.0
-70.0
-70.0
-69.6928802733
-69.5188457615
-70.0
-70.0
-70.0
-70.0
-70.0
-70.0
-70.0
-70.0
-70.0
-64.2211484917
-60.9464659704
-59.2834409253
-58.642844534
-58.6370585481
-60.8426946196
-67.9548299105
-70.0
-70.0
-70.0
-70.0
-70.0
-70.0
-70.0
-70.0
-70.0
-70.0
-70.0
-63.2543017064
-60.2783466884
-65.7504259814
-70.0
-70.0
-70.0
-70.0
-70.0
-70.0
-64.742324524
-61.7629750876
-56.3610440339
-54.5485049724
0
-70.0
-70.0
-70.0
-70.0
-70.0
-70.0
-70.0
-70.0
-70.0
-70.0
-70.0
-70.0
-70.0
-70.0
-70.0
-70.0
-70.0
-70.0
-70.0
-70.0
-70.0
-70.0
-65.7583473734
-63.3547442184
-62.1340908514
-61.6638958028
-61.6596489136
-61.9351124829
-62.3692202085
-65.9674971787
-70.0
-70.0
-70.0
-70.0
-70.0
-70.0
-70.0
-65.2129555161
-62.5002969752
-60.1617103938
-59.0865014318
-58.8051593402
-58.9078946497
-61.3991118878
-69.0947451626
-70.0
-69.3051990594
-69.0793951931
-69.1352941447
-68.3951879083
-68.0046179029
-67.8367886362
-67.8081981216
-67.8641038755
-67.9688438653
-69.7533281878
-70.0
-70.0
-70.0
-70.0
-70.0
-70.0
-70.0
-70.0
-70.0
-70.0
-70.0
-69.3265544296
-68.944935273
-70.0
-70.0
-70.0
-70.0
-70.0
-70.0
-70.0
-70.0
-70.0
-70.0
-70.0
-63.3792566256
-57.2941687134
-55.7019019375
-59.6948497234
-66.8364434708
-70.0
-70.0
-67.5450681492
-66.1539401004
-65.4474652678
-65.175331526
-65.1728735633
-65.3323030003
-66.525022899
-67.3564874083
-69.38354515
-70.0
-70.0
-70.0
-70.0
-70.0
-70.0
-64.7008038018
-60.6979853594
-58.6063614486
-58.6921566115
-56.7351270853
-63.9515335753
-70.0
-70.0
-69.1907409005
-68.7321607441
-68.4992739588
-68.409566089
-68.4087558308
-68.4613111482
-68.544133967
-68.6423565261
-68.746544844
-70.0
-70.0
-70.0
-70.0
-70.0
-70.0
-70.0
-70.0
-70.0
-70.0
-70.0
-70.0
-70.0
-70.0
-70.0
-70.0
-70.0
-70.0
-70.0
-70.0
-70.0
-63.8237727298
-60.32391061
-58.5465296511
-57.8618834207
0
-70.0
-70.0
-70.0
-70.0
-70.0
-70.0
-70.0
-70.0
-70.0
-70.0
-70.0
-70.0
-70.0
-70.0
-70.0
-70.0
-70.0
-70.0
-70.0
-70.0
-70.0
-70.0
-70.0
-70.0
-70.0
-63.335308344
-59.6171598014
-57.7323653492
-59.3097906869
-65.694760753
-70.0
-70.0
-70.0
-70.0
-70.0
-70.0
-70.0
-70.0
-70.0
-70.0
-70.0
-70.0
-70.0
-70.0
-70.0
-70.0
-70.0
-70.0
-70.0
-70.0
-70.0
-70.0
-69.596461755
-69.3677900828
-69.4447531327
-70.0
-70.0
-70.0
-70.0
-70.0
-70.0
-70.0
-70.0
-70.0
-63.473895999
-59.7757703985
-57.8977026915
-57.3827719352
-58.9373298042
-66.7447094019
-70.0
-70.0
-70.0
-70.0
-70.0
-70.0
-70.0
-70.0
-69.7342828943
-69.5837098677
-69.5072423895
-69.6725313475
-70.0
-70.0
-70.0
-70.0
-70.0
-70.0
-70.0
-70.0
-65.1681929815
-62.4301690044
-61.039682318
-60.5040675622
-61.4992297898
-62.3796861334
-65.6436363581
-70.0
-70.0
-70.0
-70.0
-70.0
-70.0
-70.0
-70.0
-70.0
-70.0
-62.8846924785
-58.852684883
-59.6427797067
-65.6741865071
-70.0
-70.0
-69.342180742
-69.9434042009
-70.0
-70.0
-70.0
-70.0
-70.0
-70.0
-70.0
-70.0
-70.0
-70.0
-70.0
-70.0
-70.0
-70.0
-70.0
-70.0
-70.0
-70.0
-70.0
-70.0
-70.0
-70.0
-70.0
-70.0
-70.0
-70.0
-70.0
-70.0
-64.7187353376
-61.7260186955
-60.2061880871
-59.6207501192
-59.6154623344
-61.9746217993
-69.8823605376
-70.0
-70.0
-70.0
-70.0
-70.0
-70.0
-70.0
-70.0
-70.0
-70.0
-70.0
-70.0
-70.0
-70.0
-70.0
-70.0
-70.0
-70.0
-65.0682888289
-62.2736524986
-60.8544156171
-61.1101954368
-62.0935556375
-62.3967062352
-70.0
-70.0
-70.0
-70.0
-70.0
-70.0
-70.0
-70.0
-70.0
-70.0
-70.0
-70.0
-70.0
-70.0
-70.0
-70.0
-70.0
-70.0
-70.0
-70.0
-70.0
-70.0
-70.0
-70.0
-70.0
-70.0
-70.0
-70.0
-70.0
-70.0
-70.0
-70.0
-68.8986012629
-68.2744753119
-67.9575172309
-67.8354251413
-67.8343223828
-67.9058499816
-68.0185715415
-68.1522520928
-61.9759109195
-63.2054531912
-66.6715684885
-70.0
-70.0
-70.0
-70.0
-70.0
-70.0
-70.0
-64.2227901826
-63.1920205239
-66.2114390938
-70.0
-67.4585418006
-65.9094284079
-65.1163127587
-64.8032329438
-64.7886106235
-65.5557978937
-65.2959375688
-65.4823681128
-68.1631855481
-70.0
-70.0
-70.0
-70.0
-70.0
-70.0
-64.5562122653
-61.4713992157
-59.9047980787
-59.3013441273
-59.2958936188
-60.8398593684
-66.0902901733
-70.0
-70.0
-70.0
-70.0
-70.0
-70.0
-70.0
-70.0
-70.0
-70.0
-70.0
-70.0
-70.0
-70.0
-70.0
-70.0
-70.0
-68.7523993412
-68.0454256346
-67.6863938895
-66.6066227096
-66.0718725779
-65.8819600797
-65.9052805781
-66.0557635246
-67.6724590332
-70.0
-70.0
-70.0
-70.0
-70.0
-67.8971557129
-66.7055439502
-66.1003920942
-65.8672879108
-65.8651824704
-66.0017464572
-66.2169599673
-66.4721894078
-70.0
-70.0
-70.0
-70.0
-70.0
-70.0
-70.0
-70.0
-66.5941795104
-65.2197701219
-64.5544654847
-64.3368005195
-64.3949748565
-64.6167136301
-64.9291997732
-68.3569858645
-70.0
-70.0
-69.0527135006
-68.6784178177
-64.6090042584
-62.3470559809
-61.2449851484
-60.8755764772
-60.9580787253
-61.30897745
-61.8092174365
-63.8012771963
-67.578542533
-70.0
-70.0
-70.0
-70.0
-70.0
-70.0
-70.0
-70.0
-70.0
-70.0
-70.0
-70.0
-70.0
-70.0
-70.0
-70.0
-70.0
-70.0
-70.0
-70.0
-70.0
-70.0
-70.0
-63.1836976573
-58.3957511159
-56.7130756094
-59.3599513734
-69.3661736282
-70.0
-70.0
-70.0
-70.0
-70.0
-70.0
-70.0
-70.0
-70.0
-70.0
-70.0
-70.0
-70.0
-70.0
-70.0
-70.0
-70.0
-70.0
-70.0
-70.0
-70.0
-63.8883092799
-61.4198796407
-56.3359369803
0
-70.0
-70.0
-70.0
-70.0
-70.0
-70.0
-70.0
-70.0
-70.0
-70.0
-70.0
-70.0
-70.0
-70.0
-70.0
-70.0
-70.0
-70.0
-70.0
-70.0
-70.0
-70.0
-70.0
-70.0
-70.0
-70.0
-70.0
-69.5192042536
-69.2467533306
-69.1083909991
-69.6627306739
-70.0
-70.0
-70.0
-70.0
-70.0
-70.0
-70.0
-70.0
-70.0
-70.0
-70.0
-70.0
-70.0
-70.0
-70.0
-70.0
-70.0
-70.0
-70.0
-70.0
-70.0
-70.0
-70.0
-69.8706794555
-69.7973978137
-69.7601822348
-69.7458468129
-70.0
-70.0
-70.0
-70.0
-70.0
-70.0
-70.0
-70.0
-70.0
-70.0
-63.8460264572
-61.0624784867
-60.0236004215
-59.732820235
-60.0880913914
-65.7973695752
-70.0
-70.0
-70.0
-70.0
-70.0
-70.0
-70.0
-70.0
-70.0
-70.0
-70.0
-70.0
-70.0
-70.0
