-70.0
-69.0
-68.4333333333
-68.1455555556
-69.0347037037
-62.6003691358
-58.9864227572
-57.1851741715
-56.531585881
-56.588380044
-57.0695105403
-57.7892051534
-58.6280484162
-60.4844071318
-61.9154087901
-63.0434961587
-63.9522320413
-64.6990658361
-65.3238639184
-65.8546139706
-66.3112435362
-66.7081798243
-67.0560689364
-67.3629334391
-68.6233933395
-69.4255561684
-69.9260019935
-70.0
-70.0
-70.0
-69.0875142803
-68.5704390391
-68.3078459265
-68.2066951947
-69.1884400525
-69.8045389654
-70.0
-70.0
-70.0
-70.0
-70.0
-70.0
-70.0
-70.0
-63.4410189571
-59.7242630327
-57.8367340437
-57.977971606
-58.4634484232
-59.1392862328
-59.9068127107
-60.7037681738
-61.4918158459
-62.2482505876
-62.9605030797
-63.6225044723
-64.2322884921
-64.7904159543
-65.2989452331
-65.7607646259
-60.1846829483
-57.1662111767
-55.7829210745
0
-70.0
-70.0
-70.0
-70.0
-67.8888886854
-66.6925922738
-66.085061351
-65.8510407524
-65.8489270347
-65.986027903
-66.2020874939
-66.4583203319
-59.8515067331
-56.2257016827
-54.5093619297
0
-70.0
-70.0
-70.0
-70.0
-64.3348557722
-61.1246073764
-54.5683788338
0
-70.0
-70.0
-70.0
-70.0
-69.8545953361
-68.9038866027
-68.0366651425
-67.5817767617
-67.3894511744
-67.3610741163
-67.4320120775
-67.5601744517
-67.7183993945
-67.8893877136
-68.062334448
-69.2229839938
-69.9452742547
-63.3836302538
-59.6671895114
-57.7817520823
-57.0577645554
-57.0547798874
-57.4844964237
-58.159509798
0
-70.0
-70.0
-70.0
-70.0
-69.3743964919
-69.0198878373
-68.83985305
-68.7705037426
-67.7698949677
-67.2438665372
-67.9941082994
-68.8444497468
-69.3931729569
-69.7426344512
-69.9608901993
-70.0
-70.0
-70.0
-69.6635090157
-69.4728307913
-69.3759961636
-69.3386955149
-69.3383586085
-69.3602111777
-69.3946490133
-69.4354900809
-69.4788117187
-69.5221776442
-69.5641246113
-70.0
-70.0
-70.0
-70.0
-70.0
-69.1316824355
-61.6396390205
-57.4230916708
-55.3123935386
-54.5355615413
-54.5849436249
0
-70.0
-70.0
-70.0
-70.0
-69.0681507193
-68.5401027936
-68.27639887
-68.1756298868
-61.9136224537
-58.425963912
-56.7191699899
0
-70.0
-70.0
-70.0
-70.0
-65.6122880997
-63.1259180229
-61.8632320427
-55.7595621025
0
-70.0
-70.0
-70.0
-70.0
-69.9410150892
-70.0
-63.4691358025
-59.7683127572
-57.8888751715
-57.164916781
-57.158377854
-57.5825085693
-57.2682449095
-57.1707452166
-57.5398872269
-58.1767095256
-58.9529125873
0
-70.0
-70.0
-70.0
-70.0
-65.3083359977
-63.6490497569
-62.8651763539
-63.1882353225
-57.5309402258
-54.5521984936
0
-70.0
-70.0
-70.0
-70.0
-69.6290240694
-69.4188043754
-69.3120457465
-69.2709223776
-69.2705509436
-69.2946430518
-69.332610215
-63.3993315926
-60.0593866993
-58.3867735401
-57.7703131932
-57.808093212
-58.2371581162
-58.8866917881
-58.6468566285
-59.5090418695
-60.3760516184
-61.2170557472
-62.0144230329
-61.9565601674
-62.1899571092
-62.5903300373
-63.3153114257
-63.9731232113
-64.5687061755
-65.8108027853
-65.8932315225
-66.635136603
-67.1924417645
-67.6204101359
-67.9565108209
-67.3579747807
-67.0869206638
-60.0215756482
-56.1149827839
-54.2338609725
0
-70.0
-70.0
-70.0
-70.0
-69.7129548613
-69.5502959494
-69.4676907372
-70.0
-70.0
-63.4421607862
-59.7260518984
-57.8388515024
-57.1119028814
-57.1053369461
0
-70.0
-70.0
-70.0
-70.0
-68.2221826201
-67.2147527715
-66.7031364366
-67.4182705926
-67.9334087331
-68.311377993
-68.5944469491
-68.8111400912
-68.98078464
-69.1165452147
-62.2634176699
-58.4094272207
-56.4573733875
-55.7375619747
-55.7810897279
-56.2811700555
0
-70.0
-70.0
-70.0
-70.0
-69.0781893004
-67.5731714339
-66.7510549995
-66.3660833056
-66.2562308457
-66.3151116749
-65.6049570261
-65.3253656692
-65.3134319995
-66.4618140915
-67.268782877
-66.9756919619
-66.9006476807
-60.7661384682
-57.7265616584
-56.3119301839
-55.9194202931
-56.1532670155
0
-70.0
-70.0
-70.0
-70.0
-69.012345679
-68.4526748971
-68.1684499314
-68.0589666209
-68.0579777473
-68.1221184982
-68.2231989988
-68.3430739992
-69.465091635
-63.1801109071
-60.1920076624
-58.7260787934
-58.2223188456
-58.3126522487
-57.7571071885
-57.8318765794
-58.2823423279
-58.9432103661
-59.7082908435
-60.5103961018
-61.3079793867
-63.0647023582
-64.3499127291
-65.3093751941
-66.0414068332
-66.6125789223
-60.0753009262
-56.483757431
-54.7793727529
0
-70.0
-70.0
-70.0
-70.0
-68.7818930041
-68.0916323731
-67.7410882487
-67.6060588325
-66.6308515165
-66.1580320764
-66.0024060098
-66.0422835028
-66.1981338819
-66.4183729799
-66.6699040061
-65.990353485
-58.7269351281
-54.744652943
0
-70.0
-70.0
-70.0
-70.0
-63.5555555556
-59.9037037037
-58.604691358
-57.3368148148
-56.9981950617
-57.2284167078
-57.8910345706
-58.6922374693
-59.5498846262
-60.4128100995
-60.4476692443
-60.7869957564
-61.2976918051
-61.8941863742
-56.5072368726
0
-70.0
-70.0
-70.0
-70.0
-63.9826584701
-60.5728316031
-59.3967299851
-59.3778446814
-59.7205853432
-60.824432451
-61.7925929673
-62.6470695116
-64.1085568247
-65.1818306518
-65.986400593
-66.6029292046
-67.0860820648
-67.4731043787
-67.7895476211
-68.0530953125
-68.2761207503
-68.4673986546
-68.6332521087
-69.7667614242
-70.0
-70.0
-70.0
-70.0
-70.0
-70.0
-70.0
-70.0
-70.0
-69.2962415378
-68.8974450759
-68.6949190295
-68.6169061007
-61.6162122899
-57.6952555938
-56.7268274281
-56.5882096144
-56.9520986057
-57.605362047
-58.4104747102
-59.2798598178
-60.1588288884
-60.0193875989
-60.2684099052
0
-70.0
-70.0
-70.0
-70.0
-68.6090534979
-67.8208504801
-67.4205669867
-67.2663779912
-67.2649853274
-67.355316885
-67.4976719233
-67.6664958822
-67.8455737281
-61.0488130565
-57.2691295516
-54.4333891436
0
-70.0
-70.0
-70.0
-70.0
-62.9124089906
-58.8961074186
-56.8564562281
-56.0707836395
-56.0636872984
0
-70.0
-70.0
-70.0
-70.0
-63.2947738575
-59.49514571
-57.5655306312
-56.8222438962
-56.815530392
-58.2119661675
-59.4427620938
-60.5331475798
-61.5029406188
-62.3680517548
-63.1415167113
-63.8342117948
-64.4553551185
-59.009811784
-56.1088253905
-54.831272708
-54.5703653416
-54.9281420771
-55.6452033824
-56.5539333862
-57.547373609
-58.558525289
-59.5465987874
-60.4878895935
-61.369734424
-62.1865168416
-62.9370357307
-64.6193537191
-66.1414327215
-67.1832990322
-67.9023088509
-68.4036377804
-68.7576472121
-68.0114646331
-60.6314429983
-56.5157152508
0
-70.0
-70.0
-70.0
-70.0
-68.0833275315
-66.9972131327
-66.445637389
-66.2331706964
-66.2312516577
-65.487412422
-65.1915284665
-58.2282319041
-54.4426462365
0
-70.0
-70.0
-70.0
-70.0
-69.0521946065
-69.5150931495
-69.808995837
-69.991704255
-70.0
-70.0
-62.6666666667
-58.5111111111
0
-70.0
-70.0
-70.0
-70.0
-68.8209114464
-68.1527612661
-67.8134457823
-67.6827416327
-59.922174816
-54.2632906678
0
-70.0
-70.0
-70.0
-70.0
-67.7174211248
-66.4239597622
-66.7280658436
-60.6341344307
-57.289971102
-56.4108444383
0
-70.0
-70.0
-70.0
-70.0
-68.4993141289
-67.6489254687
-68.1780429813
-68.5562453894
-68.831291988
-69.0352768809
-69.0508220532
-69.0917884215
-69.1466419617
-69.2079993538
-69.2712138106
-62.3440924295
-58.4430165199
0
-70.0
-70.0
-70.0
-70.0
-69.0781893004
-68.555829904
-68.2905532693
-69.186085188
-69.7505348329
-70.0
-70.0
-70.0
-70.0
-70.0
-70.0
-70.0
-70.0
-70.0
-69.008403369
-68.4464986115
-68.1611391365
-68.0512188137
-68.0502259929
-68.1146227673
-68.2161067397
-68.3364602318
-69.4636725597
-70.0
-69.4443896859
-69.1295438413
-68.9696515398
-68.9080611076
-68.9075048114
-68.9435875399
-69.0004509257
-69.0678872596
-69.1394194847
-62.2110262613
-58.3136227852
-56.3647266067
-55.6498980127
-54.7044758203
-54.6470733109
-55.1243960282
-55.9066431243
-56.8457699445
-57.8477203718
-58.8539666158
-59.8292488083
0
-70.0
-70.0
-70.0
-70.0
-70.0
-70.0
-63.4421607862
-57.392718565
-54.1832959468
0
-70.0
-70.0
-70.0
-70.0
-68.9134911421
-69.1002719251
-69.2423313308
-69.3528225965
-69.440689936
-69.5120540085
-69.5711373184
-62.7018098667
-58.8234864001
-56.8690427734
-56.1340751717
-56.1552921049
-56.629512528
-58.352020351
-59.7737910331
-60.5232828336
-61.2888684861
-61.4830353725
-61.8834343253
-62.3942258861
-62.9542266264
-63.525086183
-64.0834323776
-65.5766405727
-66.6200108041
-67.3586992494
-67.889955675
-68.2790443411
-68.5698627295
-61.7929606051
-58.0003873103
-55.1282559105
-54.8746895787
-55.2267267936
-55.9303915628
-56.8215773723
-57.7955696122
-58.7867793024
-59.7552791398
-60.6778697375
-54.6230889112
0
-70.0
-70.0
-70.0
-70.0
-62.1316872428
-57.3396433471
-54.886428898
0
-70.0
-70.0
-70.0
-70.0
-67.2592592593
-65.7061728395
-64.9174485597
-64.6136323731
-64.6108882487
-58.1985724768
-54.744563931
0
-70.0
-70.0
-70.0
-70.0
-65.5285805393
-62.9947761782
-61.7080010223
-61.2123358946
-62.1688405126
-63.003781933
-63.7379540541
-57.6603212878
0
-70.0
-70.0
-70.0
-70.0
-69.1041898613
-68.5965641161
-68.3387698651
-68.2394676523
-68.2385707362
-68.2967468953
-68.3884276943
-68.4971552506
-68.6124866093
-68.7279358709
-67.839607769
-67.3786239822
-66.6338573551
-59.3039386101
-55.2625227428
0
-70.0
-70.0
-70.0
-70.0
-65.5906111873
-62.1179698217
-60.2971193416
-59.5280384088
-59.4156552355
-59.7010368237
-60.2155645491
-59.9382205279
-61.0956457444
-62.0869126827
-62.945442423
-62.8932430506
-63.0988153255
-62.896642624
-63.0121175823
-63.3143319712
-63.7185162055
-64.1704095392
-64.6358652215
-58.0960482241
-54.5689564182
0
-70.0
-70.0
-70.0
-70.0
-65.5257259664
-63.8586167713
-63.0630640285
-62.8169635819
-61.9097528204
-61.6351012695
-61.7491402966
-55.3657214659
0
-70.0
-70.0
-70.0
-70.0
-69.3671545854
-69.0085421837
-68.8264233366
-68.7562712505
-68.7556376238
-68.7967361936
-61.9154555555
-58.0561719874
-56.138729447
-54.450982914
0
-70.0
-70.0
-70.0
-70.0
-67.5555555556
-66.1703703704
-65.4669135802
-65.1959423868
-65.1934949246
-65.352243283
-65.602417522
-65.899108148
-66.2138189187
-67.5211440705
-68.3881676926
-67.969816956
-67.7864792822
-67.7502607019
-67.8035208636
-67.9086929318
-68.0415064084
-68.1864776141
-68.3339110836
-68.4779074626
-68.6150417079
-69.7357801849
-70.0
-70.0
-69.4443212378
-69.1294366059
-68.413969051
-68.0375562164
-67.8771233084
-67.85162612
-67.9079402696
-68.9854517889
-69.6657769741
-70.0
-70.0
-63.1715185693
-59.3020457586
-57.3369605469
-56.580010735
-56.5731738233
-57.0166325489
-57.7154866992
-58.5442829662
-60.4157106141
-61.8580435158
-62.9948418063
-63.9104260537
-64.6627624003
-65.2920721283
-65.8265888941
-66.2864126572
-66.6860931598
-67.0363650227
-67.345315973
-60.6223336616
-56.9011331528
0
-70.0
-70.0
-70.0
-70.0
-68.7825696436
-68.0926924416
-61.1520366833
-57.2825753389
-55.3848126876
-54.7333280073
-55.8512668623
-56.9936546132
-58.11263211
-59.1802642044
-60.1815013209
-61.1095268801
-61.8771834827
-62.6085379948
-62.7381772134
-63.0580215041
-55.9497502178
0
-70.0
-70.0
-70.0
-70.0
-69.3150095683
-67.9853759872
-68.2470426256
-68.4624745212
-68.6429845078
-68.7965243495
-68.9287641095
-69.9121285858
-70.0
-63.9609815577
-60.538871107
-58.8009757998
-58.1315394221
-58.125492948
-58.5176819654
-59.1357393102
-59.8687157402
-60.6462110734
-61.4245012376
-62.1773252949
-62.8897755527
-64.5465458424
-65.7223898215
-66.5704832148
-66.1937455818
-66.8970472851
-67.4224600642
-68.3791812851
-69.0072413081
-69.4171692784
-69.6825537512
-69.8523659765
-69.9591744459
-70.0
-69.0582504486
-68.1912590361
-68.7053432592
-69.0569490178
-69.2993475056
-69.4681416815
-69.5871467976
-69.6723116407
-70.0
-70.0
-70.0
-69.2962930914
-69.699994979
-70.0
-70.0
-63.2469135802
-59.4201646091
-57.476776406
-56.7281842707
-56.7214228471
-57.1599852314
-56.8684646842
-56.7979368664
-56.8623556135
-57.3389283413
-58.0469076999
-58.8701317251
0
-70.0
-70.0
-70.0
-70.0
-66.863327687
-65.085880043
-64.1832154551
-63.8355095206
-63.8323689758
-63.0394978372
-56.0689209889
0
-70.0
-70.0
-70.0
-70.0
-63.1481481481
-59.2654320988
0
-70.0
-70.0
-70.0
-70.0
-68.6259547156
-67.8473290544
-67.4519093559
-67.2995938916
-60.5713472461
-56.848687684
-55.0534690239
0
-70.0
-70.0
-70.0
-70.0
-68.4814814815
-62.0037037037
-58.3835802469
-56.5987201646
-55.9745134431
-56.0675056287
-56.5877174191
-57.3469205794
-58.2242117896
-59.1431127894
-60.0563496296
-60.9357467461
-61.7655267911
-62.5378772584
-64.2465994762
-65.4636128242
-66.345033739
-66.9957184965
-67.4862720678
-66.8645956274
-66.2627699089
-66.0262488142
-66.0167945303
-65.4401917718
-64.9128903911
-64.7660798829
-64.8524575819
-65.0758689485
-58.3741766769
0
-70.0
-70.0
-70.0
-70.0
-69.0611484992
-68.5291326487
-69.2588183929
-70.0
-69.4845806026
-69.1925096107
-69.0441833618
-68.9870481672
-68.9865321114
-69.020004741
-69.0727548273
-69.1353130515
-68.2406893267
-67.7625587809
-66.9947062718
-66.634171224
-66.5300444878
-66.5832336298
-66.7290393274
-66.9255547683
-66.2337370358
-65.9441884951
-65.9056530876
-66.0190100734
-66.2197239292
-66.466161445
-66.7318185729
-67.0001522306
-67.2611473509
-67.5090395114
-67.7408068239
-67.9551736507
-68.151954625
-68.3316247221
-68.4950392897
-68.6432533872
-68.7774067328
-62.8986511003
-59.6081093508
-57.980180656
-57.404084084
-57.4782900046
-57.9402038902
-57.61943453
-57.8396584295
-58.3771374883
-59.0870536739
-59.8767682628
-60.6880380741
-61.4851986917
-62.2473217725
-62.9630182286
-64.6247185031
-65.8009147176
-66.6466019558
-67.2657942335
-67.7284497923
-68.0817614679
-68.3576897576
-68.5779904062
-68.7575711151
-68.9067338367
-69.032673675
-62.1406665988
-58.2674401331
-56.3345895826
-55.6303929329
-54.6869212485
-54.6312741962
-55.110176825
-55.8938458414
-57.8338012969
-59.403314527
-61.2538008696
-62.6556326463
-63.7415439574
-63.6277182403
-64.5743013379
-65.3231078185
-65.9282881129
-66.4271200191
-66.8455151622
-67.2017017427
-67.5086902995
-67.7759270903
-68.9713864861
-69.7229492408
-69.1946829388
-61.9048442745
-57.2452240446
-54.5412777718
-54.3464092539
-55.0846078347
-56.024706722
-57.0546091637
-58.1040636565
-59.1302675637
-60.1083143225
-61.0248652338
-61.8739669394
-62.6542957314
-63.3673498156
-64.0162706056
-57.6210663339
-54.1965748931
0
-70.0
-70.0
-70.0
-70.0
-68.7825696436
-68.0926924416
-67.7423430391
-68.6071881438
-69.1725222685
-69.5393053344
-69.7747316628
-69.9234964044
-70.0
-69.0638130835
-61.5492927719
-57.3222708259
-55.2086486308
-54.4335203594
0
-70.0
-70.0
-70.0
-70.0
-69.0623702093
-68.541592722
-68.2777398055
-68.1768367288
-68.1770669918
-68.2379695832
-61.4141726249
-56.6938801909
-54.3052420575
0
-70.0
-70.0
-70.0
-70.0
-68.4166608648
-67.5194353549
-68.0615018789
-67.6488892615
-67.479692049
-67.4621839865
-68.338742152
-68.9200523128
-69.3048366656
-69.5588793884
-69.7260090425
-68.8744383091
-68.0676812588
-67.6480376534
-68.4356317926
-68.9603338831
-62.3112140751
-58.5780350544
-57.5213289426
-56.361788641
0
-70.0
-70.0
-70.0
-70.0
-69.4348422497
-69.1145861911
-62.3616399939
-58.5644842758
-56.6673747024
-56.9150021381
-57.499745195
-58.2672661892
0
-70.0
-70.0
-70.0
-70.0
-62.0390184423
-57.5277955596
-55.236801978
-54.3543124298
-54.3463416199
-54.8633477466
0
-70.0
-70.0
-70.0
-70.0
-68.5226337449
-67.6854595336
-67.2603063557
-67.0965375705
-67.0950583803
-67.1910022536
-66.4299933309
-66.0923881996
-66.0200788475
-66.1093572747
-67.2849050752
-68.0807369197
-61.6293161769
-58.0374865254
-56.2811391836
-55.6846261391
-55.8038974411
-57.2901359775
-58.6055412334
-59.7745996791
-60.8168814239
-61.7483544234
-62.5822930756
-63.3299131644
-64.0008214455
-64.6033390327
-65.1447382839
-65.6314198918
-66.0690481935
-66.4626569014
-67.8115953317
-68.6939052121
-69.2668276333
-69.6350201649
-68.8681134124
-68.4456989137
-68.2440602508
-68.181608378
-68.2047503084
-68.278477123
-68.3800973077
-68.4950661749
-68.614211956
-68.7318923595
-68.8447708563
-68.9510055925
-69.0497129145
-69.1406135438
-69.2238001367
-69.2995854211
-69.3684037444
-69.4307479469
-61.4878068094
-57.0057818999
0
-70.0
-70.0
-70.0
-70.0
-66.8303690481
-60.108318916
-56.4048115396
-54.6358800625
-54.0866585074
-54.2875702908
-54.9318650178
-54.8241385075
-55.265364651
-57.0212546453
0
-70.0
-70.0
-70.0
-70.0
-66.9376619418
-60.2764111162
-57.564761808
-56.3522801628
-56.0797151703
0
-70.0
-70.0
-70.0
-70.0
-63.1310106033
-59.2385832785
-57.2618407744
-56.5004005794
-56.4935231098
-56.9223600992
-57.6155836229
-58.4443316163
-59.3267693585
-60.2120063586
-61.0694150133
-61.8815463724
-55.6933917351
0
-70.0
-70.0
-70.0
-70.0
-68.4166608648
-67.5194353549
-67.0637855371
-66.0858003261
-58.811568586
-55.8193006163
0
-70.0
-70.0
-70.0
-70.0
-69.3818015546
-69.0314891023
-68.8535853274
-68.785056885
-68.7844379233
-69.8130242623
-70.0
-62.6666666667
-58.5111111111
-56.4007407407
-55.5878271605
-55.5804847737
0
-70.0
-70.0
-70.0
-70.0
-69.7275144372
-63.7432019735
-59.3688817762
-57.0986602652
-56.1665720165
-56.0684333333
-56.473935679
-57.1681058971
-58.0123378314
-58.9184657309
-59.8315269463
-59.7443250722
-59.7005264453
-60.0175630543
-60.5405329179
-61.1696304055
-61.8414345512
-62.5164692202
-62.2587325428
-62.0287994516
-62.1565462819
-62.4946428373
-63.9474788568
-58.0218667736
-54.8657706312
0
-70.0
-70.0
-70.0
-70.0
-64.9279073312
-62.0537214855
-60.5940859286
-60.0318350635
-54.940860062
0
-70.0
-70.0
-70.0
-70.0
-62.4211248285
-58.126428898
-55.9453970431
-55.1052646954
-55.0976764636
-55.5898676424
0
-70.0
-70.0
-70.0
-70.0
-68.0792042596
-66.9907533401
-66.4379910104
-66.2250672455
-66.2231440784
-65.4795726184
-65.184110655
-65.1673631219
-64.6146987942
-64.4626102378
-64.5559367627
-64.7934014522
-65.1094335509
-65.4620716917
-65.8249188531
-67.1817942037
-67.1288780496
-66.8594990888
-66.802555076
-66.8749701658
-67.0225868809
-67.2104040138
-60.4162040331
-56.6591439103
-54.8496030395
-54.2688917491
-54.4448352499
-56.0611994954
-57.4956447262
-58.7731237071
-59.9138403054
-60.9344755876
-55.8387443706
0
-70.0
-70.0
-70.0
-70.0
-69.473050543
-69.1744458508
-61.296019708
-56.8590966987
-54.6349730032
0
-70.0
-70.0
-70.0
-70.0
-63.0926688005
-59.1785144541
0
-70.0
-70.0
-70.0
-70.0
-63.0054236884
-58.043352884
-55.4646653052
0
-70.0
-70.0
-70.0
-70.0
-68.6340455846
-68.8598042635
-68.2307968595
-68.4679214107
-68.6612654278
-68.11819262
-61.6397066914
-58.0312915778
-56.8207550126
0
-70.0
-70.0
-70.0
-70.0
-65.3951125337
-62.7856763027
-61.4604920208
-60.9500317175
-60.945421145
-61.2444740967
-55.1254503754
0
-70.0
-70.0
-70.0
-70.0
-66.4197530864
-65.2592592593
-64.7209876543
-64.5739917695
-64.6666611797
-64.9000407865
-65.210067191
-58.7378335248
-55.2298988742
0
-70.0
-70.0
-70.0
-70.0
-70.0
-70.0
-70.0
-70.0
-69.1166037246
-68.6160125019
-68.3617906848
-68.2638645718
-68.2629800849
-60.4626943713
-56.1004331307
0
-70.0
-70.0
-70.0
-70.0
-63.2377686328
-59.4058375248
0
-70.0
-70.0
-70.0
-70.0
-65.3472493759
-62.7106906888
-61.3717324537
-60.8559664308
-60.851307936
-61.1534692413
-61.6296503831
-62.1943707221
-62.793390568
-63.39302279
-63.9730346969
-64.5219406844
-64.0339126556
-63.6066320831
-63.5633760035
-63.1964209334
-63.2030338602
-56.4383036307
0
-70.0
-70.0
-70.0
-70.0
-70.0
-69.5903063557
-69.358146624
-69.2402458975
-68.4911268946
-67.7586179297
-67.3938252865
-67.261822191
-68.2153652639
-68.8469789321
-69.2643811687
-68.6271346335
-68.2905488913
-68.1455791496
-68.1204113329
-68.1679635985
-68.2575628379
-68.3694036202
-68.4908613023
-67.6530589771
-67.2286089495
-67.0663186345
-60.0668159622
-55.3957513576
0
-70.0
-70.0
-70.0
-70.0
-66.222422708
-64.0817955759
-58.377319722
-55.3420568856
-54.0094972876
0
-70.0
-70.0
-70.0
-70.0
-69.3214449017
-69.2072143474
-69.4984355366
-69.6898870655
-70.0
-63.4691358025
-59.7683127572
-57.8888751715
-57.164916781
-57.158377854
-57.5825085693
-58.2509033795
-59.0435768197
-59.8843949898
-60.7260727255
-61.5402102761
-62.3106857973
-63.0292815834
-63.6927963356
-65.2988616508
-66.7525387849
-67.7329937726
-68.9523891949
-69.7189468085
-63.1914074673
-59.501836947
-57.6380334033
-57.8001295875
-58.6373829784
-59.5184889137
-60.3965361777
-61.9471837006
-63.1459994243
-64.0937555444
-63.8592855768
-57.0042212167
0
-70.0
-70.0
-70.0
-70.0
-69.3442734001
-62.3823886377
-57.4851904539
-54.9640318618
0
-70.0
-70.0
-70.0
-70.0
-69.2577351014
-68.8371183255
-68.6235109824
-68.5412295438
-68.5404863626
-68.5886909084
-68.6646572722
-62.7591731027
-59.7905768309
-58.3497331734
0
-70.0
-70.0
-70.0
-70.0
-69.0050297211
-67.5290047249
-66.7257562363
-66.352948602
-66.2508324013
-66.3145349342
-66.4756052895
-66.6897273263
-66.9285429709
-67.1742142586
-67.4158098893
-67.646906938
-67.8640016027
-68.065458348
-68.2557548623
-68.4280742755
-61.5852668479
-57.7600734965
-55.8729550357
-55.2115854581
-55.3077108629
-55.855129077
-56.6550757029
-57.5798744883
-58.5487579433
-59.5117960849
0
-70.0
-70.0
-70.0
-70.0
-67.2592592593
-65.7061728395
-64.9174485597
-64.6136323731
-64.6108882487
-63.8278972748
-63.563839448
-63.6199434369
-63.8662743824
-64.2185304703
-64.622599774
-65.0442880304
-65.4624913832
-66.8612381948
-67.8051116752
-67.4619402376
-68.0443430707
-68.458973335
-68.759119049
-68.9805691758
-69.0815766579
-69.1727952586
-62.2555157328
-58.3632974928
-56.4158566324
-55.7001968951
-55.7474611562
-56.250904341
-57.0112734405
-57.9004524522
-57.8546196407
-58.2319659658
-58.850641562
-59.593492201
-60.3860861777
-61.1821063578
-62.9521258151
-64.2490666289
-65.2189288963
-65.9602152935
-66.539646622
-66.0142115517
-58.8339152251
-54.8979402549
0
-70.0
-70.0
-70.0
-70.0
-68.9287779202
-68.3217520749
-68.0134781653
-61.0161219234
-56.2488580236
0
-70.0
-70.0
-70.0
-70.0
-63.2085048011
-59.3599908551
0
-70.0
-70.0
-70.0
-70.0
-68.7448559671
-68.0336076818
-67.6724051212
-66.8295663771
-66.0962109181
-65.7863239454
-65.7408476302
-65.8555335868
-66.0624940412
-65.4496077553
-66.2219947053
-66.8113603851
-67.2712677801
-67.6381699578
-67.9370389325
-61.1872307869
-57.4311048732
-55.596392496
-54.9756853197
-55.1040715033
0
-70.0
-70.0
-70.0
-70.0
-62.6872427984
-58.5433470508
-55.636428898
0
-70.0
-70.0
-70.0
-70.0
-69.9903978052
-69.9849565615
-70.0
-69.3935375705
-69.0498755271
-61.9967398262
-57.3279300412
-54.9490465021
-54.0234148285
0
-70.0
-70.0
-70.0
-70.0
-65.4320987654
-62.8436213992
-61.5290809328
-61.0227206219
-61.0181470812
-62.2757796118
-63.6211664765
-64.6410263794
-65.4315747751
-59.8832790665
-55.8949511599
0
-70.0
-70.0
-70.0
-70.0
-67.9135802469
-66.7312757202
-66.1308504801
-65.8995669867
-65.8974779912
-66.0329753274
-66.246507885
-66.4997438233
-65.8073790345
-65.5317141934
-65.515258149
-65.6548759174
-66.8812003895
-67.7209550599
-68.8563315823
-69.9090131097
-69.9160066981
-69.9230026279
-69.9297667648
-69.9361663548
-62.9425497193
-58.9816280807
-56.9723541615
-56.2010446713
-57.1592057125
-58.1621288134
-59.1584783802
-60.1176721743
-61.0225993783
-62.7331151452
-64.0016541006
-63.9650059954
-64.144183599
-64.4468840413
-64.8136081719
-65.2065223779
-58.6127105608
-55.0359997852
0
-70.0
-70.0
-70.0
-70.0
-65.3290514741
-62.6821806427
-61.3379854558
-60.8202021618
-54.7373361463
0
-70.0
-70.0
-70.0
-70.0
-66.3331996762
-64.2553461593
-63.2001225106
-62.7936509043
-62.789979577
-62.8964411529
-63.1971033934
-63.6042639579
-64.061751498
-64.5341856388
-64.9998399353
-64.8903489598
-64.6616427425
-64.7023642541
-64.9033850192
-65.1938846443
-65.5283882645
-65.8781441612
-66.2253928938
-66.5595623703
-66.8747453105
-67.1680302309
-68.4332619444
-69.2446255743
-69.7566228998
-70.0
-70.0
-70.0
-70.0
-63.9989850408
-60.5984098972
-58.8714511478
-58.9099312303
-58.3028887246
-57.995233597
-58.2107994005
-58.7331122359
-60.2903756199
-61.8817211296
-63.1071377311
-64.0721497676
-64.8487519973
-58.5223892194
-55.1091585787
0
-70.0
-70.0
-70.0
-70.0
-69.5995837174
-69.3726811573
-69.2574502493
-69.2130633629
-69.2126624522
-68.2389672195
-68.7124362132
-69.0394364024
-68.5639515988
-67.9931956633
-61.5272094303
-57.9300440428
-56.1740766756
-55.482594934
-55.5516193912
-56.0746467525
-56.1489379071
-56.6552146697
-57.4038069049
-58.2728353492
0
-70.0
-70.0
-70.0
-70.0
-68.7896003507
-68.1037072162
-61.1650747391
-57.2963927616
-55.3986371497
-54.7466958776
-54.8639745851
-56.4384248971
-57.8351475877
-59.0786762825
-59.1939758543
-59.6233564023
-59.6713172955
-60.0443832549
-61.5415490585
-62.0180932017
-63.1256388032
-64.0193115372
-64.0511677561
-57.2756806101
0
-70.0
-70.0
-70.0
-70.0
-69.352944165
-68.9862791919
-68.8000709016
-67.7456850939
-67.1881974395
-66.9474315989
-66.9047243746
-66.9822758942
-67.1293976094
-68.3126807455
-68.4707555991
-68.6165753246
-68.7501813157
-68.1683018295
-67.8802307435
-68.0908042687
-67.9474549082
-67.9298634617
-68.6920168487
-61.4894818305
-57.4516447586
-54.8916654679
0
-70.0
-70.0
-70.0
-70.0
-69.5553523345
-69.3033853241
-62.2968163164
-58.3496477012
-56.3696916088
-55.6360615664
-55.6897393603
-56.1989547247
-56.4089632303
-56.9880028926
-57.7691599269
-58.6455488166
-58.7473947208
-59.1835891059
-59.8058527668
-60.5190158711
-61.2629465379
-61.1322272963
-61.3493881747
-61.7680384293
-62.2936273011
-62.8658597141
-64.4454813993
-65.5784050304
-65.4640733715
-58.547295664
-54.2234302951
0
-70.0
-70.0
-70.0
-70.0
-68.6076478857
-67.8186483542
-67.4179603568
-67.2636155465
-67.2622214755
-60.4065957434
-55.2781446738
0
-70.0
-70.0
-70.0
