-70.0
-70.0
-70.0
-70.0
-70.0
-70.0
-69.0
-61.6733333333
-61.2448888889
-66.6412425926
-70.0
-70.0
-70.0
-70.0
-65.2237943149
-62.51727776
-56.2712445428
0
-70.0
-70.0
-70.0
-70.0
-70.0
-70.0
-70.0
-70.0
-69.2440969645
-68.815751911
-69.5592013729
-70.0
-70.0
-70.0
-69.38193626
-62.9116031944
-61.2694322222
-68.517884717
-70.0
-70.0
-70.0
-70.0
-70.0
-70.0
-70.0
-70.0
-70.0
-70.0
-70.0
-70.0
-70.0
-70.0
-70.0
-70.0
-70.0
-70.0
-70.0
-70.0
-70.0
-64.5783585143
-61.5060950057
-56.0569781781
-54.1205882328
0
-70.0
-70.0
-70.0
-70.0
-70.0
-70.0
-70.0
-70.0
-70.0
-70.0
-70.0
-70.0
-70.0
-70.0
-70.0
-70.0
-70.0
-70.0
-70.0
-70.0
-70.0
-70.0
-70.0
-70.0
-70.0
-64.459003708
-61.3191058092
-55.8356413207
0
-70.0
-70.0
-70.0
-70.0
-70.0
-70.0
-70.0
-70.0
-70.0
-70.0
-70.0
-70.0
-70.0
-70.0
-70.0
-70.0
-70.0
-70.0
-70.0
-70.0
-70.0
-70.0
-70.0
-70.0
-70.0
-70.0
-70.0
-70.0
-70.0
-70.0
-70.0
-70.0
-70.0
-70.0
-70.0
-70.0
-63.0260326811
-59.9424306243
-58.4275217027
-57.9043256263
-57.9935971263
-59.3414869875
-60.9893523555
-69.7466065798
-70.0
-70.0
-70.0
-69.4577399214
-69.1504592102
-68.9944088098
-68.9342982759
-67.9727737887
-67.1300999701
-66.7201590132
-67.5719614521
-64.384659643
-70.0
-70.0
-70.0
-70.0
-70.0
-70.0
-70.0
-70.0
-70.0
-70.0
-70.0
-70.0
-70.0
-70.0
-70.0
-70.0
-70.0
-70.0
-70.0
-66.7177644461
-64.8578309656
-60.0243876229
-57.4568420298
0
-70.0
-70.0
-70.0
-70.0
-70.0
-70.0
-70.0
-70.0
-70.0
-70.0
-70.0
-70.0
-69.2630591195
-68.8454592872
-68.6333840783
-68.551692817
-68.5509549663
-68.8364967782
-70.0
-70.0
-70.0
-70.0
-70.0
-70.0
-70.0
-67.1076436368
-65.4686416977
-63.6385694692
-62.7525738165
-62.4625572976
-63.4081082336
-64.4392725134
-65.9125202575
-70.0
-70.0
-70.0
-70.0
-70.0
-70.0
-70.0
-70.0
-70.0
-69.9828434131
-69.9731213473
-69.9681840628
-62.968387324
-63.5670197542
-69.7386728653
-70.0
-70.0
-70.0
-70.0
-70.0
-70.0
-63.2028548632
-59.3511392857
-57.3950719631
-56.6415958373
0
-70.0
-70.0
-70.0
-70.0
-70.0
-70.0
-70.0
-66.785262545
-64.9635779871
-64.0384479861
-63.682088386
-58.3092156636
-56.1662134832
-60.3887462787
-70.0
-70.0
-70.0
-70.0
-70.0
-70.0
-70.0
-66.142045615
-63.9558714635
-62.8456379239
-62.4179765359
-62.4141138186
-56.5864697606
-56.7764340443
-66.505953181
-70.0
-70.0
-70.0
-70.0
-70.0
-70.0
-70.0
-70.0
-70.0
-70.0
-70.0
-70.0
-70.0
-70.0
-70.0
-70.0
-70.0
-70.0
-70.0
-70.0
-64.9746693887
-62.1269820423
-56.7919146775
-54.0311437693
0
-70.0
-70.0
-70.0
-70.0
-70.0
-70.0
-70.0
-70.0
-70.0
-70.0
-70.0
-70.0
-70.0
-64.8593786652
-58.6131156803
-55.2449207
-54.8451500469
-66.1976537956
-70.0
-70.0
-70.0
-70.0
-70.0
-70.0
-70.0
-70.0
-70.0
-70.0
-70.0
-70.0
-70.0
-70.0
-70.0
-70.0
-70.0
-70.0
-66.7348977631
-64.8846731621
-62.9460642554
-57.0921041769
-54.0099913239
0
-70.0
-70.0
-70.0
-70.0
-70.0
-70.0
-70.0
-70.0
-70.0
-70.0
-70.0
-70.0
-70.0
-70.0
-70.0
-70.0
-70.0
-70.0
-70.0
-70.0
-70.0
-70.0
-70.0
-70.0
-69.6226521191
-70.0
-63.4987105272
-60.4866259094
-68.8160033964
-70.0
-70.0
-70.0
-70.0
-70.0
-70.0
-70.0
-70.0
-70.0
-70.0
-70.0
-70.0
-70.0
-70.0
-70.0
-70.0
-70.0
-70.0
-70.0
-70.0
-64.5335578888
-61.4359073592
-55.9738979072
0
-70.0
-70.0
-70.0
-70.0
-70.0
-70.0
-70.0
-69.4964901931
-69.2111679692
-65.1773801469
-62.9178614487
-60.995752379
-60.1426285246
-59.4037777055
-59.3136746239
-62.7952115193
-70.0
-70.0
-70.0
-70.0
-70.0
-70.0
-70.0
-70.0
-64.2015376568
-60.915742329
-59.2470737213
-59.0805391925
-62.05209921
-69.7640488216
-70.0
-70.0
-70.0
-70.0
-70.0
-70.0
-70.0
-70.0
-70.0
-70.0
-62.4702026631
-55.8699841721
0
-70.0
-70.0
-70.0
-70.0
-70.0
-70.0
-70.0
-70.0
-70.0
-70.0
-70.0
-70.0
-70.0
-64.843985415
-66.8822195106
-70.0
-70.0
-70.0
-70.0
-70.0
-70.0
-70.0
-70.0
-70.0
-70.0
-63.81274521
-60.3066341624
-59.5237960701
-59.6338592273
-69.4734547423
-70.0
-70.0
-70.0
-70.0
-70.0
-70.0
-70.0
-66.3557360628
-64.290653165
-63.2419149875
-63.8328033503
-64.3929095897
-64.915876347
-65.3991271898
-66.5241529927
-70.0
-70.0
-70.0
-69.4403749939
-69.1232541571
-69.1530182449
-69.1991094227
-63.6361765314
-60.5105442455
-55.0625911769
0
-70.0
-70.0
-70.0
-70.0
-70.0
-70.0
-70.0
-70.0
-70.0
-70.0
-70.0
-63.2988958373
-60.4345827693
-60.6087041932
-70.0
-70.0
-70.0
-70.0
-70.0
-70.0
-65.4662581571
-62.8971377795
-61.5924276269
-61.0898539478
-61.0853146087
-61.379747185
-55.6875085606
-55.0850258522
-64.3127154831
-70.0
-70.0
-70.0
-70.0
-70.0
-70.0
-70.0
-70.0
-70.0
-70.0
-70.0
-70.0
-70.0
-70.0
-70.0
-70.0
-70.0
-70.0
-70.0
-70.0
-67.1922918204
-65.6012571853
-65.7881229336
-66.0406382848
-65.3242598766
-58.9721015353
-55.5284031461
0
-70.0
-70.0
-70.0
-70.0
-70.0
-70.0
-70.0
-67.3685303636
-65.8773642362
-61.2311968631
-59.6772622136
-58.1150049784
-57.5738171379
-62.2525489483
-70.0
-70.0
-70.0
-70.0
-70.0
-70.0
-70.0
-70.0
-70.0
-70.0
-70.0
-70.0
-70.0
-70.0
-70.0
-70.0
-70.0
-70.0
-70.0
-70.0
-70.0
-70.0
-70.0
-70.0
-70.0
-69.6140446589
-62.3953609694
-58.3176387234
-56.487992048
-57.7220029506
-65.3223212614
-70.0
-70.0
-70.0
-68.3499734327
-67.4149583779
-66.9401173991
-61.8312829726
-59.0382728843
-57.7278577351
-57.3506800545
-57.5460174443
-59.3556808797
-70.0
-70.0
-70.0
-70.0
-70.0
-70.0
-70.0
-70.0
-70.0
-70.0
-70.0
-70.0
-70.0
-70.0
-70.0
-70.0
-70.0
-70.0
-70.0
-70.0
-70.0
-70.0
-70.0
-70.0
-70.0
-70.0
-70.0
-70.0
-70.0
-70.0
-70.0
-70.0
-70.0
-70.0
-70.0
-70.0
-70.0
-70.0
-70.0
-70.0
-70.0
-70.0
-70.0
-70.0
-70.0
-70.0
-70.0
-70.0
-70.0
-70.0
-70.0
-70.0
-70.0
-70.0
-70.0
-70.0
-70.0
-70.0
-70.0
-70.0
-70.0
-70.0
-70.0
-70.0
-70.0
-70.0
-70.0
-70.0
-70.0
-70.0
-70.0
-63.7352195441
-60.1851772857
-58.3823126878
-57.2523944454
-59.3150092347
-64.7162407054
-70.0
-70.0
-70.0
-64.7451114368
-59.4340079177
-56.5995455423
-56.3452492037
-56.6478297604
-57.4994415956
-59.2407428271
-70.0
-70.0
-70.0
-70.0
-70.0
-70.0
-70.0
-70.0
-70.0
-70.0
-70.0
-70.0
-70.0
-70.0
-70.0
-70.0
-70.0
-70.0
-70.0
-70.0
-70.0
-70.0
-70.0
-70.0
-63.7016490527
-60.1325835158
-57.4078495717
-58.0215714717
-66.7570850053
-70.0
-70.0
-70.0
-70.0
-70.0
-70.0
-70.0
-70.0
-69.3800809605
-69.0287935048
-68.8503945812
-69.7139159039
-70.0
-70.0
-70.0
-70.0
-70.0
-70.0
-68.1035765162
-67.0289365421
-62.5942991173
-60.1803733585
-59.0593387913
-58.7514067579
0
-70.0
-70.0
-70.0
-70.0
-70.0
-70.0
-70.0
-70.0
-70.0
-70.0
-70.0
-70.0
-70.0
-70.0
-70.0
-70.0
-69.762481038
-70.0
-70.0
-70.0
-70.0
-70.0
-70.0
-70.0
-70.0
-70.0
-69.6806809395
-69.4997334719
-62.5292312517
-57.8922518408
-55.5136557995
-55.7405964876
-66.4265154333
-70.0
-70.0
-70.0
-70.0
-70.0
-70.0
-70.0
-65.4746287188
-62.9102516594
-61.6079503684
-61.1063045816
-61.1017736234
-62.278695698
-68.1956513093
-70.0
-70.0
-70.0
-70.0
-70.0
-70.0
-70.0
-70.0
-64.699512195
-58.3627027627
-54.9485270112
0
-70.0
-70.0
-70.0
-70.0
-70.0
-70.0
-70.0
-70.0
-70.0
-70.0
-64.796680202
-62.403687872
-61.4355901363
-64.1756548384
-70.0
-70.0
-70.0
-70.0
-70.0
-70.0
-70.0
-70.0
-70.0
-70.0
-70.0
-70.0
-70.0
-70.0
-70.0
-70.0
-70.0
-70.0
-70.0
-70.0
-70.0
-70.0
-70.0
-70.0
-70.0
-70.0
-70.0
-70.0
-70.0
-70.0
-70.0
-70.0
-70.0
-70.0
-69.430266424
-69.1074173975
-68.9434607351
-68.8803047131
-61.3503942366
-57.1207681427
0
-70.0
-70.0
-70.0
-70.0
-70.0
-70.0
-70.0
-70.0
-70.0
-70.0
-69.844545948
-69.7564553185
-69.1561635413
-62.0972454531
-58.3603211193
-65.9244797111
-70.0
-70.0
-70.0
-70.0
-70.0
-68.0849556501
-66.9997638518
-66.4486566445
-66.2363704319
-66.2344530233
-66.3588208107
-66.5548141228
-66.7872496393
-68.3859763061
-70.0
-70.0
-70.0
-70.0
-70.0
-70.0
-70.0
-70.0
-70.0
-70.0
-70.0
-70.0
-70.0
-69.7036708991
-70.0
-70.0
-70.0
-70.0
-70.0
-70.0
-70.0
-70.0
-70.0
-70.0
-69.1758631708
-68.708852301
-68.4716840357
-70.0
-70.0
-70.0
-70.0
-70.0
-70.0
-70.0
-63.8198881086
-60.3178247034
-58.5393258369
-57.8542489891
-60.1649716911
-70.0
-70.0
-70.0
-70.0
-70.0
-70.0
-70.0
-70.0
-70.0
-70.0
-70.0
-63.5392920308
-59.8782241816
-58.4976707069
-61.3533224797
-70.0
-70.0
-70.0
-70.0
-70.0
-70.0
-70.0
-70.0
-70.0
-70.0
-70.0
-70.0
-70.0
-70.0
-70.0
-70.0
-70.0
-70.0
-70.0
-70.0
-70.0
-70.0
-63.8948885773
-60.4353254378
-58.6784100395
-61.6434052822
-64.2601908702
-70.0
-70.0
-70.0
-66.8140059491
-62.6752759869
-60.4361954766
-60.4110895616
-60.7156563606
-60.2956660565
-60.3671496721
-61.1947835947
-64.6951947289
-70.0
-70.0
-70.0
-70.0
-70.0
-70.0
-70.0
-70.0
-64.8918612942
-61.9972493608
-56.6383516666
0
-70.0
-70.0
-70.0
-70.0
-70.0
-70.0
-70.0
-70.0
-70.0
-70.0
-70.0
-63.9425074945
-60.5099284081
-58.766716676
-58.5696321744
-62.9500133131
-70.0
-70.0
-70.0
-70.0
-70.0
-70.0
-70.0
-70.0
-70.0
-70.0
-70.0
-70.0
-63.2691665934
-61.621658345
-59.9631031125
-64.864464243
-70.0
-70.0
-70.0
-70.0
-70.0
-70.0
-70.0
-70.0
-70.0
-70.0
-70.0
-70.0
-70.0
-70.0
-67.6055502772
-66.2486954342
-65.559626014
-65.294196828
-65.2917994222
-65.447300998
-65.6923585768
-66.9244535081
-68.4577081593
-70.0
-70.0
-70.0
-70.0
-70.0
-70.0
-70.0
-70.0
-70.0
-70.0
-63.9203979415
-60.4752901084
-58.7257157383
-59.3735381332
-68.5628101283
-70.0
-70.0
-70.0
-70.0
-70.0
-70.0
-63.9202564144
-60.4750683826
-58.725453284
-59.0510513558
-60.9573103324
-70.0
-70.0
-70.0
-70.0
-70.0
-70.0
-70.0
-70.0
-70.0
-70.0
-70.0
-70.0
-70.0
-70.0
-70.0
-70.0
-70.0
-70.0
-70.0
-70.0
-69.6266553612
-63.0296338656
-59.303766506
-57.4247872068
-56.716573387
-56.7344259822
-65.4210775552
-70.0
-70.0
-70.0
-70.0
-70.0
-70.0
-70.0
-70.0
-63.62549504
-60.0132755626
-58.1788346908
-57.4722090113
-58.7900206498
-62.638989068
-70.0
-70.0
-70.0
-70.0
-70.0
-67.3448882149
-65.84032487
-65.0762427007
-59.8559927165
-57.0619763021
-55.8168339101
-55.5425206779
-54.8821511593
-63.6868943795
-70.0
-70.0
-70.0
-70.0
-70.0
-70.0
-70.0
-70.0
-70.0
-70.0
-64.6258773304
-65.2092307532
-70.0
-70.0
-70.0
-70.0
-70.0
-70.0
-70.0
-70.0
-70.0
-70.0
-70.0
-70.0
-70.0
-70.0
-70.0
-70.0
-70.0
-70.0
-70.0
-70.0
-70.0
-69.858729278
-69.7786758689
-69.7380212944
-62.955786746
-61.5449746122
-67.3713503422
-70.0
-70.0
-70.0
-70.0
-70.0
-70.0
-70.0
-63.6259778062
-60.0140318963
-58.1797299539
-56.5316854534
-61.0086289655
-70.0
-70.0
-70.0
-70.0
-70.0
-66.6007655496
-64.6745326944
-63.6963085581
-63.3194971244
-63.3160936934
-63.5368485116
-63.8847397855
-66.3524231609
-70.0
-70.0
-70.0
-70.0
-70.0
-70.0
-70.0
-70.0
-70.0
-70.0
-70.0
-70.0
-70.0
-70.0
-70.0
-70.0
-70.0
-70.0
-68.3839337237
-66.7487197612
-65.8759673916
-65.4897837234
-59.7911301145
-56.712233612
-55.3078212567
-55.4322324443
-57.3835566505
-63.3241365131
-70.0
-70.0
-68.1767632499
-68.1435781572
-68.1855478297
-68.8267669277
-69.2506061556
-69.5298894872
-69.7131298365
-70.0
-70.0
-70.0
-70.0
-70.0
-70.0
-70.0
-65.4751101229
-62.9110058593
-61.6088431058
-61.1072506835
-61.1027202073
-61.3965779147
-60.859676752
-62.4558847285
-69.5150168529
-70.0
-70.0
-70.0
-70.0
-70.0
-70.0
-70.0
-70.0
-70.0
-70.0
-69.7019162275
-62.5351071904
-58.4838515284
-59.419519165
-68.8987241748
-70.0
-70.0
-70.0
-70.0
-70.0
-70.0
-70.0
-70.0
-70.0
-70.0
-70.0
-70.0
-70.0
-70.0
-70.0
-70.0
-70.0
-70.0
-70.0
-70.0
-70.0
-70.0
-70.0
-70.0
-70.0
-69.0983837009
-68.587467798
-69.5027119813
-70.0
-70.0
-70.0
-70.0
-70.0
-70.0
-68.1660975517
-67.1268861643
-66.5991297931
-65.4543659741
-64.9190288168
-64.7671922286
-64.8505172014
-65.2907824854
-70.0
-70.0
-70.0
-70.0
-70.0
-70.0
-70.0
-70.0
-70.0
-70.0
-64.0377708301
-63.222361671
-69.4796319358
-70.0
-70.0
-70.0
-66.9944885144
-65.2913653392
-61.511544739
-59.5266008876
-58.6847478805
-57.5568375483
-57.2948634307
0
-70.0
-70.0
-70.0
-70.0
-70.0
-70.0
-69.1455100627
-68.6612990982
-68.4153958829
-68.3206740909
-68.3198185461
-68.3753112676
-68.4627631916
-70.0
-70.0
-70.0
-70.0
-70.0
-70.0
-70.0
-70.0
-70.0
-70.0
-70.0
-70.0
-70.0
-65.0046124002
-67.4404771849
-70.0
-70.0
-70.0
-70.0
-70.0
-70.0
-70.0
-70.0
-63.6510350873
-60.7339796265
-60.0268488967
-69.0278523796
-70.0
-70.0
-70.0
-70.0
-70.0
-70.0
-64.4328303456
-58.9447675415
-56.0204376076
-54.7318250604
0
-70.0
-70.0
-70.0
-70.0
-70.0
-70.0
-70.0
-70.0
-70.0
-70.0
-70.0
-70.0
-70.0
-70.0
-70.0
-70.0
-70.0
-70.0
-70.0
-70.0
-70.0
-70.0
-70.0
-63.5462396116
-59.5557753915
-57.5096376798
-56.6983004634
-57.8105943478
-66.4373683783
-70.0
-70.0
-70.0
-70.0
-70.0
-70.0
-70.0
-70.0
-70.0
-70.0
-70.0
-70.0
-70.0
-70.0
-70.0
-70.0
-70.0
-70.0
-67.2868557371
-65.7494073215
-63.969639654
-62.7694577316
-56.6730827032
0
-70.0
-70.0
-70.0
-70.0
-70.0
-70.0
-70.0
-70.0
-70.0
-70.0
-70.0
-70.0
-70.0
-70.0
-70.0
-63.4971050143
-60.5189648231
-65.012455205
-70.0
-70.0
-70.0
-70.0
-67.6895859059
-66.3803512525
-65.7154654188
-65.4593517379
-59.8397545208
-55.9383582827
0
-70.0
-70.0
-70.0
-70.0
-70.0
-70.0
-70.0
-70.0
-70.0
-70.0
-70.0
-70.0
-70.0
-70.0
-70.0
-70.0
-70.0
-70.0
-70.0
-70.0
-70.0
-70.0
-70.0
-70.0
-70.0
-64.0614561315
-60.6962812726
-58.0263187572
-56.8234639561
-56.7782434754
-59.5566041601
-67.4732958131
-70.0
-70.0
-70.0
-70.0
-70.0
-70.0
-63.944559041
-60.5131424975
-58.7705211549
-58.0911287783
-59.4884972253
-69.4523962079
-70.0
-70.0
-70.0
-70.0
-70.0
-70.0
-70.0
-70.0
-70.0
-69.7728933863
-69.6441996385
-62.5859481165
-62.4588646258
-70.0
-70.0
-70.0
-70.0
-70.0
-67.4141447325
-65.9488267475
-65.204675065
-64.9180282199
-60.2977041286
-55.5155862029
0
-70.0
-70.0
-70.0
-70.0
-70.0
-70.0
-68.1642781414
-67.1240357548
-66.5957557977
-61.4663367043
-57.7609321866
-55.9456584031
-55.3249721862
-60.3883069199
-70.0
-70.0
-70.0
-70.0
-69.7700013443
-69.6396687728
-65.6845913819
-61.1220585679
-56.3471369273
0
-70.0
-70.0
-70.0
-70.0
-70.0
-70.0
-70.0
-70.0
-70.0
-70.0
-70.0
-65.9976148842
-63.729596652
-58.6889102686
-56.041534763
0
-70.0
-70.0
-70.0
-70.0
-70.0
-70.0
-70.0
-70.0
-70.0
-70.0
-70.0
-70.0
-70.0
-70.0
-70.0
-68.5249779432
-68.8319104443
-70.0
-70.0
-70.0
-70.0
-70.0
-70.0
-70.0
-70.0
-70.0
-70.0
-70.0
-70.0
-65.7294610839
-63.3094890315
-58.1916339434
-55.5145330925
-54.3911214788
0
-70.0
-70.0
-70.0
-70.0
-70.0
-70.0
-70.0
-70.0
-70.0
-70.0
-70.0
-70.0
-70.0
-70.0
-70.0
-70.0
-65.3436539302
-62.7050578239
-61.3650648994
-60.8489003147
-60.84423822
-55.0684437222
0
-70.0
-70.0
-70.0
-70.0
-70.0
-70.0
-70.0
-70.0
-70.0
-70.0
-70.0
-70.0
-70.0
-70.0
-70.0
-70.0
-70.0
-70.0
-70.0
-70.0
-67.4453222149
-65.99767147
-65.262491974
-64.9793012107
-63.9940849089
-63.6031522975
-63.5818209874
-63.7829615018
-66.1953634421
-70.0
-70.0
-70.0
-70.0
-70.0
-70.0
-70.0
-70.0
-64.6694220604
-61.648761228
-60.1147393543
-59.5238349183
-59.5184977594
0
-70.0
-70.0
-70.0
-70.0
-70.0
-70.0
-70.0
-70.0
-70.0
-70.0
-64.5125982796
-61.403070638
-59.8239183652
-58.4534712437
-61.6491264912
-70.0
-70.0
-70.0
-70.0
-66.8343564119
-65.040491712
-65.0416983398
-64.2337113333
-63.9411287517
-63.9675415776
-64.9869403564
-67.6077078117
-70.0
-70.0
-70.0
-70.0
-70.0
-70.0
-70.0
-70.0
-70.0
-70.0
-63.7930996684
-60.2758561471
-58.4896481628
-54.7479983062
-61.4331131747
-70.0
-70.0
-70.0
-70.0
-70.0
-70.0
-70.0
-70.0
-70.0
-70.0
-70.0
-70.0
-70.0
-70.0
-70.0
-70.0
-70.0
-70.0
-70.0
-70.0
-70.0
-64.4778607976
-61.3486485829
-59.7594996347
-59.1473602779
-58.3803578476
-65.5439740606
-70.0
-70.0
-69.5208217354
-69.4304447929
-69.3952038009
-70.0
-70.0
-69.4430798509
-69.1274917664
-68.9672225235
-63.4961785974
-66.0988787992
-70.0
-70.0
-70.0
-70.0
-69.527310439
-69.259453021
-69.1234234696
-69.0710249564
-69.0705516833
-69.1012493299
-69.1496262736
-69.2069982307
-70.0
-70.0
-70.0
-70.0
-70.0
-70.0
-70.0
-70.0
-64.4353525314
-61.2820522991
-59.6806704165
-59.0638189397
-59.9265601795
-64.7030795929
-70.0
-70.0
-70.0
-70.0
-70.0
-70.0
-70.0
-70.0
-70.0
-70.0
-70.0
-63.3592566207
-60.7281550441
-64.8946916916
-70.0
-70.0
-70.0
-70.0
-70.0
-70.0
-65.241691953
-60.9156877634
-58.6228956576
-57.6264572055
-57.4410455607
-58.6929772985
-65.2899314756
-70.0
-70.0
-70.0
-70.0
-70.0
-65.2285827461
-62.5247796355
-61.1516717813
-60.6227513427
-61.6156903766
-62.8242641177
-64.4529107858
-67.2875440559
-70.0
-70.0
-70.0
-70.0
-70.0
-66.0863387815
-63.8685974243
-62.7423326959
-57.3825701764
-54.5872936588
0
-70.0
-70.0
-70.0
-70.0
-70.0
-70.0
-67.67237891
-66.3533936257
-64.7420836644
-63.9505615654
-63.6772962539
-64.7240542564
-65.7476945448
-70.0
-70.0
-70.0
-70.0
-70.0
-70.0
-70.0
-70.0
-70.0
-70.0
-70.0
-70.0
-70.0
-69.1770263323
-70.0
-70.0
-70.0
-70.0
-70.0
-70.0
-70.0
-64.7420325874
-62.7451761903
-61.7888898124
-61.4888216586
-61.592486711
-62.6247930543
-65.54564164
-67.8394391881
-70.0
-70.0
-70.0
-70.0
-67.515806395
-66.1080966855
-65.3932009703
-65.1178235088
-65.1153362483
-65.2766660171
-65.5309083444
-65.0811769362
-68.3899013722
-70.0
-70.0
-70.0
-70.0
-70.0
-70.0
-70.0
-70.0
-70.0
-70.0
-69.4850749284
-62.1953891551
-61.0336998505
-70.0
-70.0
-70.0
-68.9886915574
-68.4156167732
-68.1245846769
-68.0124792633
-69.0114666159
-68.6553711602
-62.1010753145
-58.4317952966
-56.8437655431
-64.7780231911
-70.0
-70.0
-70.0
-70.0
-70.0
-70.0
-70.0
-70.0
-70.0
-70.0
-70.0
-70.0
-69.9970604007
-70.0
-70.0
-70.0
-70.0
-70.0
-70.0
-70.0
-70.0
-70.0
-70.0
-70.0
-70.0
-70.0
-70.0
-70.0
-70.0
-70.0
-69.8564338698
-69.7750797294
-69.7337645875
-69.7178500161
-70.0
-70.0
-70.0
-70.0
-70.0
-70.0
-70.0
-70.0
-70.0
-70.0
-70.0
-66.9570904974
-65.2327751126
-60.4682044891
-55.5938552987
0
-70.0
-70.0
-70.0
-70.0
-70.0
-70.0
-70.0
-66.7809405155
-64.4012512521
-63.1600626523
-62.0877918485
-61.7081696379
-61.2012351014
-62.4176087198
-69.230458939
-70.0
-70.0
-70.0
-70.0
-70.0
-70.0
-70.0
-70.0
-70.0
-63.2876379723
-57.1506328232
0
-70.0
-70.0
-70.0
-70.0
-70.0
-70.0
-70.0
-69.5961787323
-69.3673466806
-69.2511358936
-69.2063715582
-69.2059672384
-69.2321924053
-69.2735210918
-69.5487769924
-70.0
-70.0
-70.0
-70.0
-70.0
-70.0
-70.0
-70.0
-70.0
-70.0
