-70.0
-70.0
-70.0
-70.0
-70.0
-70.0
-70.0
-70.0
-70.0
-70.0
-70.0
-66.9738333333
-65.2590055556
-64.388142037
-64.052685858
-64.0496559553
-64.2461828152
-64.5558928373
-64.9231890893
-65.8581926132
-68.9645945011
-70.0
-70.0
-70.0
-70.0
-67.2081054909
-65.6260319358
-64.8225867381
-64.5131000616
-64.5103047203
-64.6916173582
-64.977351029
-65.3162128639
-66.2334701679
-69.6890675605
-70.0
-70.0
-70.0
-70.0
-70.0
-70.0
-70.0
-70.0
-70.0
-70.0
-70.0
-70.0
-70.0
-70.0
-70.0
-70.0
-70.0
-70.0
-70.0
-70.0
-70.0
-70.0
-70.0
-70.0
-70.0
-70.0
-70.0
-70.0
-70.0
-70.0
-70.0
-70.0
-70.0
-70.0
-70.0
-70.0
-70.0
-70.0
-70.0
-70.0
-70.0
-70.0
-70.0
-70.0
-70.0
-70.0
-70.0
-70.0
-70.0
-70.0
-70.0
-70.0
-70.0
-70.0
-70.0
-70.0
-70.0
-70.0
-70.0
-70.0
-70.0
-70.0
-70.0
-70.0
-70.0
-70.0
-70.0
-70.0
-70.0
-70.0
-70.0
-70.0
-70.0
-70.0
-70.0
-70.0
-70.0
-70.0
-70.0
-70.0
-70.0
-70.0
-70.0
-70.0
-70.0
-66.9329325824
-65.1949277124
-64.3122938667
-63.9723037637
-63.9692329097
-64.1684159671
-64.4823119359
-64.8545724526
-65.8044551329
-70.0
-70.0
-70.0
-70.0
-65.8709797486
-63.5312016061
-62.3429613338
-61.8852517926
-61.8811176748
-62.1492666149
-62.5718470919
-63.6200422214
-59.9525021029
-63.3790640382
-66.161148338
-68.8964957445
-70.0
-70.0
-70.0
-70.0
-70.0
-70.0
-70.0
-70.0
-70.0
-70.0
-70.0
-70.0
-70.0
-65.3435023129
-62.7048202902
-61.5574329854
-61.1504195031
-61.5775828407
-62.1146280819
-58.1240234434
-60.9450124052
-70.0
-70.0
-70.0
-70.0
-70.0
-70.0
-70.0
-70.0
-70.0
-70.0
-70.0
-70.0
-70.0
-70.0
-70.0
-70.0
-70.0
-70.0
-70.0
-70.0
-70.0
-70.0
-70.0
-70.0
-70.0
-70.0
-70.0
-70.0
-70.0
-70.0
-70.0
-70.0
-70.0
-70.0
-70.0
-70.0
-70.0
-70.0
-70.0
-70.0
-70.0
-70.0
-70.0
-70.0
-70.0
-70.0
-70.0
-70.0
-70.0
-70.0
-70.0
-63.8710321456
-60.3979503614
-59.3992962888
-64.9787112032
-70.0
-70.0
-70.0
-70.0
-70.0
-70.0
-70.0
-70.0
-70.0
-70.0
-70.0
-70.0
-70.0
-70.0
-70.0
-70.0
-70.0
-70.0
-70.0
-70.0
-70.0
-70.0
-65.6739045462
-67.696738485
-67.1086285004
-67.7362129661
-68.1882232133
-68.5198219212
-68.7681204152
-68.9581621645
-69.1069151418
-69.2259364236
-69.3231513118
-69.4040418677
-69.4724414723
-70.0
-70.0
-70.0
-70.0
-70.0
-70.0
-70.0
-70.0
-70.0
-70.0
-70.0
-70.0
-70.0
-70.0
-70.0
-70.0
-70.0
-70.0
-70.0
-70.0
-70.0
-70.0
-70.0
-70.0
-70.0
-70.0
-70.0
-70.0
-70.0
-70.0
-70.0
-70.0
-70.0
-70.0
-67.6404187757
-66.3033227486
-65.6242877074
-65.3627237591
-65.3603612648
-65.5135983927
-65.7550873897
-66.0414778749
-66.5447550029
-70.0
-70.0
-70.0
-70.0
-70.0
-70.0
-70.0
-70.0
-70.0
-70.0
-70.0
-70.0
-70.0
-70.0
-70.0
-70.0
-70.0
-70.0
-70.0
-70.0
-70.0
-70.0
-70.0
-70.0
-70.0
-70.0
-70.0
-70.0
-70.0
-70.0
-70.0
-70.0
-70.0
-70.0
-66.4232423159
-64.5723507445
-63.6427374435
-63.2968782147
-63.3128000704
-63.5452598481
-63.8998937197
-64.3160109187
-66.9771814444
-70.0
-70.0
-70.0
-70.0
-67.3288694585
-65.8152288183
-65.0465368069
-64.7504370398
-64.7477626116
-64.9212325343
-65.1946067367
-65.5188110336
-66.0614565773
-66.8940764934
-70.0
-70.0
-70.0
-70.0
-70.0
-70.0
-70.0
-70.0
-70.0
-70.0
-70.0
-70.0
-70.0
-70.0
-70.0
-70.0
-70.0
-70.0
-70.0
-70.0
-70.0
-70.0
-70.0
-70.0
-70.0
-70.0
-70.0
-70.0
-70.0
-70.0
-70.0
-70.0
-70.0
-70.0
-70.0
-70.0
-70.0
-63.9918928597
-60.5872988135
-59.2423627941
-58.7939890893
-61.3711103288
-66.6802035722
-70.0
-70.0
-70.0
-70.0
-70.0
-70.0
-70.0
-70.0
-70.0
-70.0
-70.0
-70.0
-70.0
-70.0
-70.0
-70.0
-70.0
-70.0
-70.0
-70.0
-70.0
-70.0
-70.0
-70.0
-63.9940303472
-60.5906475439
-58.8622629438
-58.1964900857
-54.3458358062
-60.2704455657
-69.4706852273
-70.0
-70.0
-70.0
-70.0
-70.0
-70.0
-70.0
-70.0
-70.0
-70.0
-70.0
-70.0
-70.0
-70.0
-70.0
-70.0
-70.0
-70.0
-70.0
-70.0
-70.0
-64.2111796021
-58.79609596
-55.9205092427
-54.6644735709
-54.8016898496
-60.8692277293
-70.0
-70.0
-70.0
-70.0
-70.0
-70.0
-70.0
-70.0
-70.0
-70.0
-70.0
-70.0
-70.0
-70.0
-70.0
-70.0
-70.0
-70.0
-70.0
-70.0
-70.0
-70.0
-70.0
-70.0
-70.0
-70.0
-70.0
-70.0
-70.0
-70.0
-70.0
-70.0
-70.0
-70.0
-70.0
-70.0
-70.0
-70.0
-70.0
-70.0
-70.0
-70.0
-70.0
-70.0
-70.0
-70.0
-70.0
-70.0
-70.0
-70.0
-70.0
-70.0
-70.0
-70.0
-70.0
-70.0
-70.0
-70.0
-70.0
-70.0
-70.0
-70.0
-70.0
-70.0
-70.0
-70.0
-70.0
-70.0
-70.0
-70.0
-70.0
-70.0
-70.0
-70.0
-70.0
-70.0
-70.0
-70.0
-70.0
-70.0
-70.0
-70.0
-70.0
-64.2397808977
-60.9756567398
-59.317993687
-59.432439978
-60.0326227163
-62.7816166977
-68.0345609556
-70.0
-70.0
-70.0
-70.0
-70.0
-70.0
-70.0
-70.0
-70.0
-70.0
-70.0
-70.0
-70.0
-70.0
-70.0
-70.0
-70.0
-70.0
-70.0
-70.0
-70.0
-70.0
-70.0
-70.0
-63.8033163477
-60.2918622781
-59.0580481135
-65.9179731809
-70.0
-70.0
-70.0
-70.0
-70.0
-70.0
-70.0
-70.0
-70.0
-70.0
-70.0
-70.0
-63.8308638166
-60.3350199793
-59.3039615071
-63.372243104
-70.0
-70.0
-70.0
-70.0
-70.0
-70.0
-70.0
-70.0
-70.0
-64.1503485467
-60.8355460565
-59.1521463605
-58.6942470786
-61.8647018721
-70.0
-70.0
-70.0
-70.0
-70.0
-70.0
-70.0
-70.0
-70.0
-70.0
-70.0
-70.0
-70.0
-70.0
-70.0
-70.0
-70.0
-70.0
-70.0
-70.0
-70.0
-70.0
-70.0
-70.0
-70.0
-70.0
-70.0
-70.0
-70.0
-70.0
-70.0
-70.0
-70.0
-70.0
-70.0
-70.0
-70.0
-70.0
-70.0
-70.0
-70.0
-70.0
-70.0
-70.0
-70.0
-70.0
-68.6597017032
-68.2003053535
-67.9846573652
-67.9224466601
-67.954372015
-68.0417148274
-68.1593966873
-68.291359247
-68.4274914746
-68.561587762
-69.6545619495
-70.0
-70.0
-70.0
-70.0
-70.0
-70.0
-70.0
-65.8565009538
-63.5085181609
-58.7723004493
-56.304826474
-55.280847873
-55.1570991167
-55.5776132256
-56.5061707501
-57.5130995731
-59.851576189
-67.8731252924
-70.0
-70.0
-70.0
-70.0
-70.0
-70.0
-70.0
-70.0
-70.0
-70.0
-70.0
-70.0
-70.0
-70.0
-70.0
-67.2222870361
-65.8043212177
-65.093397686
-64.8303969775
-65.0285606175
-65.3131734475
-65.6401686973
-65.9816935573
-66.514763077
-67.7150381563
-70.0
-70.0
-70.0
-70.0
-70.0
-70.0
-70.0
-70.0
-64.6064905613
-61.550168546
-59.9980363853
-59.4001558761
-59.394755708
-61.6200882178
-67.931028863
-70.0
-70.0
-70.0
-70.0
-70.0
-70.0
-70.0
-70.0
-70.0
-70.0
-70.0
-70.0
-70.0
-70.0
-70.0
-70.0
-69.9557600091
-69.930690681
-69.9179593947
-69.9130553098
-69.9130110152
-69.9158840713
-69.9204117692
-69.925781329
-69.9314770206
-69.9371785348
-70.0
-70.0
-70.0
-70.0
-70.0
-70.0
-70.0
-70.0
-70.0
-70.0
-70.0
-70.0
-70.0
-70.0
-70.0
-70.0
-70.0
-70.0
-70.0
-68.7078334119
-67.9756056787
-67.6037488495
-67.4605097903
-67.4592160284
-67.5431325703
-67.6753780765
-67.8322127776
-67.9985731724
-68.3628324134
-70.0
-70.0
-70.0
-70.0
-66.3343533136
-64.8331139222
-64.8566284514
-65.0421828873
-65.3187761192
-65.6407728544
-66.3557366992
-67.46906461
-70.0
-70.0
-70.0
-70.0
-70.0
-70.0
-70.0
-64.5210577403
-61.4163237931
-59.839605965
-59.2322550693
-59.4142823259
-61.0311132217
-68.7740811463
-70.0
-70.0
-70.0
-70.0
-70.0
-70.0
-70.0
-70.0
-64.3933734244
-61.2162850316
-59.6028224948
-58.9813175563
-58.9757040079
-61.2362239156
-69.9120163845
-70.0
-70.0
-70.0
-70.0
-70.0
-70.0
-70.0
-70.0
-70.0
-70.0
-70.0
-70.0
-70.0
-70.0
-70.0
-70.0
-70.0
-70.0
-70.0
-70.0
-70.0
-70.0
-70.0
-70.0
-70.0
-70.0
-70.0
-70.0
-70.0
-70.0
-70.0
-70.0
-70.0
-70.0
-70.0
-70.0
-65.9457043005
-63.6482700709
-62.481533864
-57.5462362657
-55.0001831646
0
-70.0
-70.0
-70.0
-70.0
-70.0
-70.0
-70.0
-70.0
-70.0
-70.0
-70.0
-70.0
-70.0
-70.0
-70.0
-70.0
-70.0
-70.0
-70.0
-70.0
-70.0
-70.0
-70.0
-70.0
-70.0
-70.0
-70.0
-70.0
-70.0
-64.6168027685
-61.5663243374
-60.0171598008
-59.4204224188
-59.4150325756
-62.0120347156
-69.524214059
-70.0
-70.0
-70.0
-68.0641820003
-66.9672184672
-66.410133065
-66.1955440549
-66.193605847
-66.3193227274
-66.517442098
-66.7523989838
-67.0016264825
-67.4436145179
-68.9467589597
-70.0
-70.0
-70.0
-70.0
-70.0
-70.0
-70.0
-70.0
-70.0
-70.0
-70.0
-70.0
-70.0
-70.0
-70.0
-70.0
-70.0
-70.0
-70.0
-70.0
-70.0
-70.0
-70.0
-70.0
-70.0
-70.0
-70.0
-70.0
-70.0
-70.0
-70.0
-70.0
-70.0
-70.0
-70.0
-70.0
-70.0
-70.0
-65.3405312076
-62.7001655585
-61.3592739838
-60.8427632395
-60.8380980183
-61.1406956183
-56.1884197541
-54.0443822777
-60.0154291428
-70.0
-70.0
-70.0
-70.0
-70.0
-70.0
-70.0
-70.0
-70.0
-70.0
-70.0
-70.0
-70.0
-63.8205457866
-61.6690517378
-66.9108748365
-70.0
-70.0
-70.0
-70.0
-70.0
-70.0
-70.0
-70.0
-70.0
-70.0
-70.0
-70.0
-70.0
-70.0
-70.0
-70.0
-70.0
-70.0
-70.0
-70.0
-70.0
-70.0
-70.0
-70.0
-70.0
-70.0
-70.0
-70.0
-70.0
-70.0
-70.0
-70.0
-70.0
-70.0
-70.0
-70.0
-70.0
-70.0
-70.0
-70.0
-70.0
-70.0
-70.0
-70.0
-70.0
-70.0
-70.0
-70.0
-70.0
-70.0
-70.0
-70.0
-70.0
-70.0
-70.0
-70.0
-70.0
-70.0
-70.0
-70.0
-70.0
-70.0
-70.0
-70.0
-70.0
-65.6886968924
-67.700560191
-70.0
-70.0
-70.0
-70.0
-70.0
-70.0
-70.0
-70.0
-70.0
-70.0
-70.0
-70.0
-70.0
-70.0
-70.0
-70.0
-70.0
-70.0
-70.0
-70.0
-70.0
-64.3781605424
-61.1924515164
-59.5746110502
-58.9514197355
-58.9457909555
-62.0540121729
-67.6466811555
-70.0
-70.0
-70.0
-70.0
-70.0
-70.0
-70.0
-70.0
-70.0
-70.0
-70.0
-70.0
-70.0
-70.0
-70.0
-70.0
-70.0
-70.0
-70.0
-70.0
-70.0
-70.0
-70.0
-63.8549965401
-63.8724271896
-70.0
-70.0
-70.0
-70.0
-70.0
-70.0
-70.0
-70.0
-70.0
-70.0
-70.0
-63.9148305293
-60.6646115792
-60.1760590597
-65.7797757515
-70.0
-70.0
-70.0
-70.0
-70.0
-70.0
-70.0
-70.0
-70.0
-70.0
-70.0
-70.0
-70.0
-70.0
-65.6750078871
-70.0
-70.0
-70.0
-70.0
-70.0
-67.4770346145
-66.0473542293
-65.3213008573
-65.0416254721
-65.039099392
-65.2029470975
-65.4611574842
-65.7673784668
-66.0921984407
-66.8246372656
-70.0
-70.0
-70.0
-70.0
-70.0
-70.0
-70.0
-70.0
-70.0
-70.0
-70.0
-70.0
-70.0
-70.0
-70.0
-70.0
-70.0
-70.0
-70.0
-70.0
-70.0
-70.0
-70.0
-70.0
-70.0
-70.0
-70.0
-63.9619662562
-60.5404138014
-59.0023310315
-60.821169838
-68.8029855308
-70.0
-70.0
-70.0
-70.0
-70.0
-70.0
-70.0
-70.0
-70.0
-70.0
-70.0
-70.0
-70.0
-70.0
-70.0
-70.0
-70.0
-70.0
-70.0
-70.0
-70.0
-70.0
-70.0
-70.0
-70.0
-70.0
-70.0
-70.0
-70.0
-70.0
-70.0
-70.0
-70.0
-70.0
-70.0
-70.0
-64.0412234866
-60.6645834623
-60.1034923205
-62.2303659127
-65.6818194312
-68.2854358763
-69.9047578808
-70.0
-70.0
-70.0
-70.0
-70.0
-70.0
-70.0
-70.0
-70.0
-70.0
-70.0
-70.0
-70.0
-70.0
-70.0
-70.0
-70.0
-70.0
-70.0
-70.0
-70.0
-70.0
-70.0
-70.0
-70.0
-70.0
-70.0
-70.0
-70.0
-70.0
-70.0
-70.0
-64.7767573921
-65.519971166
-70.0
-70.0
-70.0
-70.0
-70.0
-70.0
-70.0
-70.0
-70.0
-70.0
-70.0
-70.0
-70.0
-70.0
-70.0
-70.0
-70.0
-70.0
-70.0
-70.0
-70.0
-70.0
-64.6974137338
-61.6926148496
-60.1666483574
-59.5788468502
-59.5735377175
-59.9179009807
-64.5028485831
-70.0
-70.0
-70.0
-70.0
-68.7501945812
-68.0419715106
-67.6823052845
-67.5437620394
-67.542510691
-62.14586004
-59.1696743148
-57.7449737358
-57.2986542639
-57.4542407719
-56.9610691254
-65.8854485006
-70.0
-70.0
-70.0
-70.0
-70.0
-70.0
-70.0
-70.0
-70.0
-70.0
-70.0
-70.0
-70.0
-70.0
-70.0
-70.0
-70.0
-70.0
-70.0
-66.6820171809
-64.8018269167
-63.8469851943
-63.4791806544
-63.4758585753
-63.6913367087
-64.0309123651
-64.4336273467
-70.0
-70.0
-70.0
-70.0
-70.0
-70.0
-70.0
-70.0
-70.0
-70.0
-70.0
-70.0
-70.0
-70.0
-70.0
-70.0
-70.0
-70.0
-70.0
-70.0
-70.0
-70.0
-70.0
-70.0
-70.0
-70.0
-70.0
-70.0
-70.0
-70.0
-70.0
-70.0
-70.0
-70.0
-70.0
-70.0
-70.0
-70.0
-70.0
-70.0
-70.0
-70.0
-70.0
-70.0
-70.0
-70.0
-70.0
-70.0
-64.6295043853
-61.586223537
-60.0407142434
-60.9783264604
-63.1684519999
-66.8472790839
-70.0
-70.0
-70.0
-70.0
-70.0
-70.0
-70.0
-70.0
-70.0
-70.0
-70.0
-70.0
-70.0
-70.0
-70.0
-70.0
-70.0
-70.0
-70.0
-70.0
-70.0
-70.0
-70.0
-70.0
-70.0
-70.0
-70.0
-70.0
-70.0
-70.0
-70.0
-70.0
-70.0
-70.0
-70.0
-70.0
-70.0
-70.0
-70.0
-70.0
-70.0
-70.0
-70.0
-70.0
-70.0
-70.0
-70.0
-70.0
-70.0
-70.0
-70.0
-70.0
-64.133668244
-61.3931345565
-61.9844077039
-67.9214667946
-70.0
-70.0
-70.0
-70.0
-70.0
-70.0
-70.0
-70.0
-70.0
-70.0
-70.0
-70.0
-70.0
-70.0
-70.0
-70.0
-70.0
-70.0
-70.0
-70.0
-70.0
-70.0
-70.0
-70.0
-70.0
-70.0
-70.0
-70.0
-70.0
-70.0
-70.0
-70.0
-70.0
-70.0
-70.0
-70.0
-70.0
-70.0
-70.0
-70.0
-70.0
-70.0
-70.0
-70.0
-70.0
-70.0
-70.0
-70.0
-70.0
-70.0
-70.0
-70.0
-70.0
-70.0
-70.0
-64.1646911774
-60.8580161779
-59.1787439722
-58.7322226737
-60.9721407507
-70.0
-70.0
-70.0
-70.0
-70.0
-70.0
-70.0
-70.0
-70.0
-70.0
-70.0
-70.0
-70.0
-70.0
-70.0
-70.0
-70.0
-70.0
-70.0
-70.0
-70.0
-70.0
-70.0
-70.0
-70.0
-70.0
-70.0
-70.0
-70.0
-70.0
-70.0
-70.0
-70.0
-70.0
-70.0
-70.0
-70.0
-70.0
-70.0
-70.0
-70.0
-70.0
-64.1305672024
-60.8045552837
-59.1154629564
-59.4436305844
-64.6304857969
-70.0
-70.0
-70.0
-70.0
-70.0
-70.0
-70.0
-70.0
-70.0
-70.0
-70.0
-70.0
-70.0
-70.0
-70.0
-70.0
-70.0
-70.0
-70.0
-70.0
-70.0
-70.0
-70.0
-70.0
-70.0
-70.0
-70.0
-70.0
-70.0
-70.0
-70.0
-70.0
-70.0
-70.0
-70.0
-70.0
-70.0
-70.0
-70.0
-70.0
-70.0
-70.0
-70.0
-70.0
-70.0
-70.0
-70.0
-70.0
-70.0
-70.0
-70.0
-70.0
-64.0547370775
-60.6857547548
-59.1751114687
-62.3110214039
-70.0
-70.0
-70.0
-70.0
-70.0
-65.447415493
-62.8676176057
-61.5574849531
-61.0528225298
-61.0482643248
-61.343920591
-62.5958426415
-66.7323903854
-70.0
-70.0
-70.0
-70.0
-70.0
-70.0
-70.0
-70.0
-70.0
-70.0
-70.0
-70.0
-70.0
-70.0
-70.0
-70.0
-70.0
-70.0
-70.0
-70.0
-70.0
-70.0
-70.0
-70.0
-70.0
-70.0
-70.0
-70.0
-70.0
-70.0
-70.0
-70.0
-70.0
-70.0
-70.0
-70.0
-70.0
-70.0
-70.0
-70.0
-70.0
-70.0
-70.0
-70.0
-70.0
-70.0
-70.0
-70.0
-70.0
-70.0
-70.0
-70.0
-70.0
-70.0
-70.0
-70.0
-70.0
-70.0
-64.669046269
-61.6481724881
-60.11404247
-59.5230963768
-59.5177588416
-60.055970757
-61.6943609272
-60.1816178927
-63.472980336
-69.4788092492
-70.0
-70.0
-70.0
-70.0
-70.0
-70.0
-70.0
-70.0
-70.0
-70.0
-70.0
-70.0
-70.0
-70.0
-70.0
-70.0
-70.0
-70.0
-70.0
-70.0
-70.0
-70.0
-70.0
-70.0
-65.6871946245
-70.0
-70.0
-70.0
-70.0
-70.0
-70.0
-70.0
-70.0
-70.0
-70.0
-70.0
-64.025219272
-60.6395101928
-58.9201010722
-58.640514204
-60.0381798054
-62.3514291674
-66.7502290929
-70.0
-70.0
-70.0
-70.0
-69.0204928504
-68.465438799
-68.1835584082
-68.0749782267
-68.0739975103
-68.1376091634
-68.2378558499
-68.3567420001
-68.4828489569
-68.6090848324
-68.7311901966
-70.0
-70.0
-70.0
-70.0
-70.0
-70.0
-70.0
-70.0
-70.0
-70.0
-70.0
-70.0
-70.0
-70.0
-70.0
-70.0
-70.0
-70.0
-70.0
-70.0
-70.0
-70.0
-70.0
-70.0
-70.0
-70.0
-70.0
-70.0
-70.0
-70.0
-70.0
-70.0
-70.0
-70.0
-70.0
-70.0
-70.0
-70.0
-70.0
-70.0
-70.0
-70.0
-70.0
-64.0400977894
-60.6628198701
-58.9476924561
-58.4895403772
-59.9593119856
-65.5068206609
-70.0
-70.0
-70.0
-70.0
-70.0
-70.0
-70.0
-70.0
-70.0
-64.0329460253
-60.8579091897
-60.2525623232
-62.9892743607
-68.9425338633
-70.0
-70.0
-70.0
-70.0
-70.0
-70.0
-70.0
-70.0
-64.0926706052
-60.7451839481
-59.0451858223
-58.3903474194
-59.957303608
-66.843833598
-70.0
-70.0
-70.0
-70.0
-70.0
-70.0
-70.0
-70.0
-70.0
-70.0
-70.0
-70.0
-70.0
-70.0
-70.0
-70.0
-70.0
-70.0
-70.0
-70.0
-70.0
-70.0
-70.0
-70.0
-70.0
-70.0
-70.0
-70.0
-70.0
-70.0
-70.0
-70.0
-70.0
-66.6875391419
-64.810477989
-63.8572253642
-63.4900329439
-63.4867163936
-58.2659022879
-55.5245504148
-54.3622542772
-55.3847287787
-60.0442288803
-70.0
-70.0
-70.0
-70.0
-70.0
-70.0
-65.435673266
-62.84922145
-61.5357096455
-61.0297455745
-61.0251756128
-55.8894786822
0
-70.0
-70.0
-70.0
-70.0
-70.0
-70.0
-70.0
-70.0
-70.0
-70.0
-70.0
-70.0
-70.0
-70.0
-70.0
-70.0
-70.0
-70.0
-70.0
-70.0
-70.0
-70.0
-70.0
-70.0
-70.0
-70.0
-70.0
-64.0816122722
-60.7278592265
-59.0246787582
-58.9654200423
-62.5103664294
-70.0
-70.0
-70.0
-70.0
-70.0
-70.0
-70.0
-70.0
-70.0
-70.0
-70.0
-70.0
-70.0
-70.0
-70.0
-70.0
-70.0
-70.0
-70.0
-70.0
-70.0
-70.0
-70.0
-70.0
-70.0
-70.0
-70.0
-70.0
-70.0
-70.0
-70.0
-70.0
-70.0
-70.0
-70.0
-68.674583465
-67.9235140952
-67.5420886702
-67.3951637928
-67.3938367399
-67.4799126169
-67.6155610558
-67.7764314173
-67.947072587
-62.0351584488
-58.9522984307
-60.2529385898
-70.0
-70.0
-70.0
-70.0
-70.0
-70.0
-70.0
-70.0
-70.0
-70.0
-70.0
-70.0
-70.0
-70.0
-70.0
-70.0
-70.0
-70.0
-70.0
-70.0
-70.0
-70.0
-70.0
-65.3476518448
-62.7113212235
-61.37247881
-60.8567574015
-60.8520993097
-61.1542344777
-61.6303744292
-62.5832583031
-62.7278209645
-70.0
-70.0
-70.0
-70.0
-70.0
-70.0
-70.0
-70.0
-70.0
-70.0
-70.0
-70.0
-70.0
-70.0
-70.0
-70.0
-70.0
-70.0
-70.0
-70.0
-70.0
-70.0
-70.0
-70.0
-70.0
-70.0
-70.0
