-67.85
-65.915
-64.1735
-62.60615
-61.195535
-59.9259815
-58.78338335
-57.755045015
-56.8295405135
-55.9965864621
-55.2469278159
-54.5722350343
0
-70.0
-70.0
-70.0
-70.0
-67.607037037
-65.5343580247
-63.7229386831
-62.1286557888
-60.7177975258
-59.4640226506
-58.3462903037
-57.3474412188
-56.4532170606
-56.4715753303
-57.0368711144
-57.0914862144
-56.8378724006
-56.4077750323
-55.8861241103
-55.32692942
-54.7638482919
-54.2172046719
0
-70.0
-70.0
-70.0
-70.0
-67.8570006
-65.9259676066
-64.1864822238
-62.6199082532
-62.0293002625
-61.2239587926
-60.3166219509
-59.3783324476
-58.4527476639
-57.5656385383
-56.7311851117
-55.9561402186
-56.0625752755
-55.8743504671
-55.5156038998
-55.0665024962
-54.5781582374
-54.0825464076
0
-70.0
-70.0
-70.0
-70.0
-68.6798505564
-67.215099205
-64.892411754
-62.9523855583
-61.3066236556
-59.8922790588
-58.6639296654
-57.5881223738
-56.6397005865
-55.7993241611
-54.2317875006
0
-70.0
-70.0
-70.0
-70.0
-67.776465471
-66.6197959046
-66.1418009679
-65.2669439736
-64.1831316446
-63.0100731924
-61.8225690146
-60.6659808741
-59.5664952941
-58.5379207695
-57.5861786958
-56.7122608284
-55.9141680804
-55.1881734955
-54.5296376281
0
-70.0
-70.0
-70.0
-70.0
-67.8509026267
-65.9164141151
-64.175173871
-62.6079239289
-61.1973098326
-59.9276977138
-58.7850071854
-56.9365592954
-55.5462719183
-54.4772237614
0
-70.0
-70.0
-70.0
-70.0
-67.2713402719
-65.8284330927
-64.3850743487
-62.9895566241
-61.6692607684
-60.4381078961
-59.3014792429
-58.2594527428
-57.3089217514
-57.2649724314
-56.9464370918
-56.4737679849
-55.9243742546
-55.3472588747
-54.7727476842
-55.0389493804
-54.9807054188
-54.7297355279
-54.3714957424
0
-70.0
-70.0
-70.0
-70.0
-68.4199080399
-65.9878559292
-63.9456961318
-62.2055437157
-60.7046008088
-59.3972150377
-58.2495430738
-57.2359551263
-56.3366038536
-55.5357729615
-54.8207486609
-54.1810424585
0
-70.0
-70.0
-70.0
-70.0
-68.0922929965
-66.2945923612
-64.6228189014
-63.0823275287
-61.6719551208
-60.3866665054
-59.2192711193
-58.1615248503
-57.2048262606
-56.3406462314
-56.3807833395
-56.1421728264
-55.7442674243
-55.2640486023
-54.7504490223
-54.2339409736
0
-70.0
-70.0
-70.0
-70.0
-67.8595286127
-65.9299281598
-64.1911702828
-62.6248765472
-61.2142710875
-59.9440987755
-58.8005254291
-57.7710305736
-56.8442993079
-56.0101172382
-55.2592707551
-54.5834538401
0
-70.0
-70.0
-70.0
-70.0
-68.7611207823
-67.3424225589
-65.8631228729
-64.3967722989
-62.9870695445
-62.4783455737
-61.7071663388
-60.8042199199
-59.8523114045
-58.9027559152
-57.9862640911
-57.1201601935
-56.3131591819
-54.7485199356
0
-70.0
-70.0
-70.0
-70.0
-67.7812308738
-65.8072617023
-64.045971476
-62.470998291
-61.0603144369
-59.7952269766
-58.6596669346
-57.6396753448
-56.7230245462
-55.8989332488
-55.157847362
-54.4912675846
0
-70.0
-70.0
-70.0
-70.0
-68.2346215602
-66.5175737776
-64.8867593155
-63.3620453277
-62.7718154241
-61.9419503011
-60.9959662173
-59.1918435598
-58.5729751799
-58.6858883127
-58.4141065819
-58.7405673241
-58.5950915252
-58.1713029951
-57.5946531105
-56.945508076
-55.4545041195
-55.1480849416
-54.7426306035
-54.2912703138
0
-70.0
-70.0
-70.0
-70.0
-67.5007349483
-66.1878180857
-64.8104740319
-63.4403851319
-62.1203189542
-61.6942686158
-60.9988294589
-60.1649383161
-59.2757723532
-58.3830803637
-57.5180291579
-56.6983974625
-55.9333385298
-55.2265252192
-54.5782197255
0
-70.0
-70.0
-70.0
-70.0
-67.4876930176
-65.3473857275
-63.5016218292
-61.8941094293
-61.303131675
-60.5217739666
-59.6522335427
-58.7587681703
-57.8807300078
-57.04121611
-56.2528005677
-55.5213245567
-54.8483947983
0
-70.0
-70.0
-70.0
-70.0
-67.5016172464
-65.3692003527
-63.527443538
-61.9214746646
-60.5105108518
-59.2635822023
-58.1566389393
-57.1705850168
-56.2899331627
-55.5018776115
-54.7956483604
0
-70.0
-70.0
-70.0
-70.0
-67.8224737238
-66.6918755006
-65.4071207167
-64.0726971558
-62.752953114
-61.4860082518
-60.2929743928
-59.184054931
-58.1625680895
-57.2275903816
-56.3756840775
-55.6020174925
-54.901083625
-54.2671538504
-54.5145575239
-54.4625144772
-54.2325381667
0
-70.0
-70.0
-70.0
-70.0
-68.1251188049
-66.346019461
-64.6836925393
-63.1468399683
-61.7365004268
-60.449080021
-59.2783251101
-58.2165946599
-57.2556699012
-55.5672593825
-54.3186377586
0
-70.0
-70.0
-70.0
-70.0
-67.8024261675
-65.8404676624
-64.0852769706
-62.5126533232
-61.1019906906
-59.8355267548
-58.6977975014
-57.675233366
-56.7558537726
-56.7490308907
-56.4699694653
-56.0368669612
-54.70577656
0
-70.0
-70.0
-70.0
-70.0
-68.6193088654
-67.1202505558
-65.6001405515
-64.1180698639
-62.7082251225
-62.2087107736
-61.4520451385
-59.7463109194
-58.3479933574
-57.1807363749
-56.1910243062
-55.3408295882
-54.6026851044
0
-70.0
-70.0
-70.0
-70.0
-67.7372703188
-65.7383901661
-63.964449069
-62.384602775
-60.9738749062
-59.7116423547
-58.5805814119
-57.5659254659
-57.4749343828
-57.1211752534
-56.6215472674
-56.0510522335
-55.4570534721
-54.8687524328
-54.3034800615
0
-70.0
-70.0
-70.0
-70.0
-66.6718416787
-64.06921863
-61.1686708465
-59.0060531481
-57.3582807575
-56.0743412979
-55.0514995789
-54.2194112281
0
-70.0
-70.0
-70.0
-70.0
-67.8344663139
-65.8906638918
-64.1446936422
-62.5756217043
-60.3449911514
-58.6117797813
-56.4147936332
-54.8327754899
0
-70.0
-70.0
-70.0
-70.0
-66.9605974185
-64.5216026223
-62.5241523238
-60.0382104006
-58.1620382334
-56.7142669919
-55.5717953473
-54.6505858489
0
-70.0
-70.0
-70.0
-70.0
-67.8312099895
-65.8855623168
-63.3186549694
-61.2845553952
-59.6379438043
-59.0987120562
-58.4218826055
-57.6850555149
-57.7567907433
-57.491272189
-56.2122519834
-55.1877647939
-54.3501469871
0
-70.0
-70.0
-70.0
-70.0
-68.3818438341
-65.9282220067
-63.8751081768
-62.1307362729
-60.6297552548
-59.3248414688
-58.1810651482
-57.1720971843
-56.2776464998
-55.4817212057
-54.7714419891
-54.1362263928
0
-70.0
-70.0
-70.0
-70.0
-67.606328437
-64.7132478846
-62.436957957
-60.6066187353
-59.1048612444
-58.670311375
-58.0705710742
-57.3917078579
-56.6879996662
-55.992841429
-55.3259851057
-54.6983384749
-54.1151392139
0
-70.0
-70.0
-70.0
-70.0
-67.3807882216
-65.1799015471
-64.1233728242
-62.9686764964
-61.7935694831
-60.6453862924
-59.5516301682
-58.5269888214
-57.5779710526
-56.7059613562
-55.9092234932
-55.184206659
-55.3463896698
-56.0354864873
-56.1977616949
-56.0385347629
-55.6917141117
-55.2438979172
-54.7504116033
-55.0659727615
-55.8564436977
-56.9055114695
-57.2547684169
-57.1724969715
-56.8340508718
-56.3531815163
-56.6228871858
-57.3339476813
-56.6461190559
-55.9618845788
-54.4826144065
0
-70.0
-70.0
-70.0
-70.0
-67.4211972157
-66.0632089713
-64.6629757257
-63.2840699207
-61.9639241071
-60.7230391486
-59.5710735353
-58.5108583828
-57.5410340118
-56.6577715889
-55.8558884155
-55.1295622309
-54.4727811125
0
-70.0
-70.0
-70.0
-70.0
-67.688566813
-65.6620880071
-63.8741311233
-62.2888859555
-60.8781093231
-58.7990396995
-58.028296602
-56.4282408568
-55.2039327144
-54.2458834052
0
-70.0
-70.0
-70.0
-70.0
-67.8247462463
-65.8754357859
-64.1266683168
-62.5565188915
-61.1458786065
-59.8779651487
-58.737951569
-57.7126783689
-56.7904251699
-55.1407257448
0
-70.0
-70.0
-70.0
-70.0
-69.2795993935
-68.1547057165
-66.8246126531
-65.4157363933
-64.0065527576
-62.6441574843
-61.3552484042
-60.1533946759
-59.0438359498
-58.0266395158
-57.0987670049
-56.2554179315
-55.4908945564
-54.7991507128
-54.9941327162
-54.8946508277
-54.621806667
-54.2540399484
0
-70.0
-70.0
-70.0
