-62.0
-57.4666666667
-55.1644444444
-54.2776296296
-54.2696197531
-54.7891598354
-59.2602438519
-70.0
-70.0
-70.0
-70.0
-70.0
-70.0
-70.0
-70.0
-70.0
-70.0
-70.0
-62.7265233958
-58.6048866535
-56.5117417196
-56.7625441123
-70.0
-70.0
-70.0
-70.0
-70.0
-70.0
-70.0
-70.0
-64.9822039323
-62.1387861606
-60.6947759589
-60.1385439726
-60.1335199818
-60.4593882545
-61.0925813913
-70.0
-70.0
-70.0
-70.0
-70.0
-69.0009147462
-68.4347664357
-68.1472519015
-68.036501451
-68.0355011323
-68.1003842367
-60.9049665863
-56.8908837766
-70.0
-70.0
-70.0
-70.0
-70.0
-70.0
-70.0
-70.0
-70.0
-70.0
-63.0586121173
-59.1251589837
-57.1275818041
-57.904862627
-70.0
-70.0
-70.0
-70.0
-70.0
-70.0
-70.0
-70.0
-64.6713773607
-61.6518245318
-60.1183653501
-59.5276776627
-59.5223424615
-60.0263083899
-70.0
-70.0
-70.0
-70.0
-70.0
-70.0
-69.1629053498
-68.6885517147
-68.4476544765
-68.3548609843
-68.3540228562
-68.4083858841
-61.1963894663
-57.1626453001
-55.3311877385
-70.0
-70.0
-70.0
-70.0
-70.0
-70.0
-70.0
-70.0
-70.0
-64.9738454504
-62.1256912056
-60.6792756186
-60.122117079
-60.1170847194
-60.6036315984
-59.9249184446
-70.0
-70.0
-70.0
-70.0
-70.0
-68.6897946014
-67.9473448756
-67.5702968776
-67.4250581828
-67.4237463599
-67.5088343875
-60.3452580193
-56.3689369312
-65.4546866318
-70.0
-70.0
-70.0
-70.0
-70.0
-70.0
-70.0
-70.0
-70.0
-63.8373796677
-60.3452281461
-58.5717629616
-57.8886250855
-57.882454857
-58.4464049597
-70.0
-70.0
-70.0
-70.0
-70.0
-70.0
-69.3414814815
-68.9683209877
-68.7788139918
-68.7058159945
-68.705156663
-68.7479225087
-61.517649894
-57.4622313288
-55.7811600557
-70.0
-70.0
-70.0
-70.0
-70.0
-70.0
-70.0
-70.0
-70.0
-65.0717146776
-62.2790196616
-60.8607686633
-60.3144591089
-60.3095247393
-60.7956463789
-55.4168741526
-67.7711011266
-70.0
-70.0
-70.0
-70.0
-70.0
-70.0
-70.0
-70.0
-70.0
-70.0
-63.1663546088
-59.2939555537
-57.3273842689
-56.9168214459
-70.0
-70.0
-70.0
-70.0
-70.0
-70.0
-70.0
-70.0
-63.707895392
-60.1423694475
-58.3316415659
-57.634150118
-57.6278502454
-64.4110887602
-70.0
-70.0
-70.0
-70.0
-70.0
-70.0
-69.1676625514
-68.6960046639
-68.4564764426
-68.3642102951
-68.3633769301
-68.4174310134
-61.2049477245
-57.1706261604
-55.1776790165
-70.0
-70.0
-70.0
-70.0
-70.0
-70.0
-70.0
-70.0
-70.0
-65.1211851852
-62.3565234568
-60.9525089712
-60.4116833141
-60.4067984761
-60.7236409574
-54.4447974674
-62.3927213821
-70.0
-70.0
-70.0
-70.0
-70.0
-70.0
-70.0
-70.0
-70.0
-70.0
-63.2765579773
-59.4666074977
-57.5317502934
-57.1504542903
-63.5479531451
-70.0
-69.9504676205
-70.0
-70.0
-70.0
-70.0
-70.0
-62.7406665675
-58.6270442891
-56.7096851627
-70.0
-70.0
-70.0
-70.0
-70.0
-70.0
-70.0
-70.0
-70.0
-63.7927945906
-60.2753781919
-58.489082413
-57.8010021985
-57.7947873299
-58.5685316981
-70.0
-70.0
-70.0
-70.0
-70.0
-70.0
-68.4737891385
-67.608936317
-67.1697267468
-67.0005434465
-66.9990153514
-67.098131316
-59.9566618125
-56.0065580499
-54.4765536024
-60.5446979562
-70.0
-70.0
-70.0
-70.0
-70.0
-70.0
-70.0
-70.0
-64.9537265661
-62.0941716202
-60.6419662653
-60.0825775102
-60.0775250068
-60.4052426712
-55.2332016537
-58.7568033105
-70.0
-70.0
-70.0
-70.0
-70.0
-70.0
-70.0
-70.0
-70.0
-70.0
-63.3714879507
-59.6153311227
-57.7077926552
-56.9730098195
-57.7135998186
-70.0
-70.0
-70.0
-70.0
-70.0
-70.0
-70.0
-68.5324691358
-67.7008683128
-67.2785455418
-67.1158670279
-67.1143976853
-67.2097028235
-60.0622277739
-56.1050018184
-55.5011673356
-70.0
-70.0
-70.0
-70.0
-70.0
-70.0
-70.0
-70.0
-70.0
-64.8741124829
-61.9694428898
-60.494326371
-59.9261122473
-59.9209800315
-60.4369850262
-65.4538311202
-70.0
-70.0
-70.0
-70.0
-70.0
-67.7279187203
-66.4404059951
-65.7865514935
-65.5346870761
-65.5324121898
-65.6799668517
-58.6148327154
-54.7552578097
-70.0
-70.0
-70.0
-70.0
-70.0
-70.0
-70.0
-70.0
-70.0
-70.0
-64.099717726
-60.7562244373
-59.0582543162
-58.4041970997
-58.3982895331
-58.7814686754
-70.0
-70.0
-70.0
-70.0
-70.0
-70.0
-70.0
-70.0
-70.0
-70.0
-70.0
-70.0
-62.7235796711
-58.6002748181
-56.7071916391
-69.0982783936
-70.0
-70.0
-70.0
-70.0
-70.0
-70.0
-70.0
-70.0
-65.4116689529
-62.8116146929
-61.4911949804
-60.982569987
-60.9779759913
-61.2759537275
-54.8497046875
-55.5450119179
-70.0
-70.0
-70.0
-70.0
-70.0
-70.0
-70.0
-70.0
-70.0
-70.0
-63.4272901378
-59.7027545492
-57.811274711
-57.0826776511
-57.6766992968
-59.3855449069
-70.0
-70.0
-70.0
-70.0
-70.0
-70.0
-70.0
-70.0
-70.0
-70.0
-70.0
-70.0
-62.8370046571
-58.7779739629
-56.7166230809
-56.7167525179
-70.0
-70.0
-70.0
-70.0
-70.0
-70.0
-70.0
-70.0
-65.631125743
-63.1554303307
-61.8981654057
-61.4138676038
-61.4094933359
-61.6932189972
-54.8426790558
-59.4345510065
-70.0
-70.0
-70.0
-70.0
-70.0
-70.0
-70.0
-70.0
-70.0
-70.0
-63.6472074379
-60.0472916527
-58.2190991265
-57.5148803065
-57.508519671
-64.8793982422
-70.0
-70.0
-70.0
-70.0
-70.0
-70.0
-69.9799670782
-69.9686150892
-69.9628500594
-69.960629373
-69.9606093153
-69.9619103035
-62.6662925146
-58.5333787574
-56.4358512112
-56.4506394926
-70.0
-70.0
-70.0
-70.0
-70.0
-70.0
-70.0
-70.0
-64.882303526
-61.982275524
-60.5095162054
-59.942210074
-59.9370860594
-60.2694421153
-54.3191435198
0
-70.0
-70.0
-70.0
-70.0
-70.0
-70.0
-70.0
-70.0
-70.0
-70.0
-64.8419497028
-61.9190545344
-60.4346822822
-59.8629028548
-59.8577384365
-60.192715171
-70.0
-70.0
-70.0
-70.0
-70.0
-70.0
-70.0
-70.0
-70.0
-70.0
-70.0
-70.0
-62.858865462
-58.8122225572
-56.757162729
-56.8061894221
-70.0
-70.0
-70.0
-70.0
-70.0
-70.0
-70.0
-70.0
-65.855482396
-63.5069224204
-62.3142223543
-61.8547949029
-61.8506452686
-62.1198006457
-55.2462991454
-59.4669763354
-70.0
-70.0
-70.0
-70.0
-70.0
-70.0
-70.0
-70.0
-70.0
-70.0
-63.6205944216
-60.0055979271
-58.1697467662
-57.4625778442
-57.666810459
-59.0368431313
-70.0
-70.0
-70.0
-70.0
-70.0
-70.0
-68.2196880142
-67.2108445556
-66.6985103286
-66.5011594481
-66.4993769382
-66.6149948676
-59.4995310913
-55.5802684558
-54.1618656036
-63.1939393558
-70.0
-70.0
-70.0
-70.0
-70.0
-70.0
-70.0
-70.0
-65.5505917615
-63.0292604264
-61.7488196111
-61.2555944682
-61.2511395669
-61.5400953072
-54.6977975361
0
-70.0
-70.0
-70.0
-70.0
-70.0
-70.0
-70.0
-70.0
-70.0
-70.0
-64.3586794696
-61.161931169
-59.5384844831
-58.9131336554
-58.9074853702
-59.2738468868
-70.0
-70.0
-70.0
-70.0
-70.0
-70.0
-70.0
-70.0
-70.0
-70.0
-70.0
-70.0
-62.8076456276
-58.73197815
-56.6621783917
-59.0172282447
-70.0
-70.0
-70.0
-70.0
-70.0
-70.0
-70.0
-70.0
-65.5812041303
-63.0772198041
-61.8055885482
-61.3157568431
-61.311332592
-61.5983002882
-54.7528695246
0
-70.0
-70.0
-70.0
-70.0
-70.0
-70.0
-70.0
-70.0
-70.0
-70.0
-64.0004478992
-60.6007017088
-58.8741639375
-58.2091024769
-58.2030955179
-58.8152489
-70.0
-70.0
-70.0
-70.0
-70.0
-70.0
-70.0
-70.0
-70.0
-70.0
-70.0
-70.0
-62.9413898288
-58.9415107318
-56.9101995825
-56.3636629324
-70.0
-70.0
-70.0
-70.0
-70.0
-70.0
-70.0
-70.0
-66.3159442158
-64.2283126048
-63.168123218
-62.759738812
-62.756050208
-62.9953020387
-56.0746750307
0
-70.0
-70.0
-70.0
-70.0
-70.0
-70.0
-70.0
-70.0
-70.0
-70.0
-64.5295400091
-61.429612681
-59.8553358614
-59.2489252409
-59.2434480273
-59.5987134315
-70.0
-70.0
-70.0
-70.0
-70.0
-70.0
-69.3407125702
-68.96711636
-68.7773880885
-68.704304856
-68.7036447546
-68.7464605353
-61.5162666141
-57.4609413743
-55.4457148513
-58.6535930501
-70.0
-70.0
-70.0
-70.0
-70.0
-70.0
-70.0
-70.0
-65.6217832647
-63.1407937814
-61.8808402987
-61.3955068658
-61.3911232439
-61.6754556293
-54.8258718344
0
-70.0
-70.0
-70.0
-70.0
-70.0
-70.0
-70.0
-70.0
-70.0
-70.0
-64.8713635117
-61.9651361683
-60.4892285566
-59.9207097044
-59.9155747363
-60.2486412642
-70.0
-70.0
-70.0
-70.0
-70.0
-70.0
-70.0
-70.0
-70.0
-70.0
-70.0
-70.0
-62.9529333266
-58.9595955449
-56.9316063578
-56.6562567529
-70.0
-70.0
-70.0
-70.0
-70.0
-70.0
-70.0
-70.0
-66.3368321902
-64.261037098
-63.2068588061
-62.8007898707
-62.7971221805
-63.0350174937
-56.1122527267
0
-70.0
-70.0
-70.0
-70.0
-70.0
-70.0
-70.0
-70.0
-70.0
-70.0
-64.3921280293
-61.2143339125
-59.6005129787
-58.9788699858
-58.9732551905
-59.3374444737
-70.0
-70.0
-70.0
-70.0
-70.0
-70.0
-69.6818855092
-69.5016206311
-69.4100743498
-69.3748107694
-69.3744922622
-69.3951514158
-62.130040489
-58.0333059166
-55.974154976
-56.1926134377
-70.0
-70.0
-70.0
-70.0
-70.0
-70.0
-70.0
-70.0
-67.2179460448
-65.6414488035
-64.8408354987
-64.5324396658
-64.5296541772
-64.7103277448
-57.6973862554
0
-70.0
-70.0
-70.0
-70.0
-70.0
-70.0
-70.0
-70.0
-70.0
-70.0
-65.0321133973
-62.2169776558
-60.7873302891
-60.2366308594
-60.2316568396
-60.5542838664
-70.0
-70.0
-70.0
-70.0
-70.0
-70.0
-70.0
-70.0
-70.0
-70.0
-70.0
-70.0
-62.7219512658
-58.5977236498
-56.5032629585
-62.173505289
-70.0
-70.0
-70.0
-70.0
-70.0
-70.0
-70.0
-70.0
-66.2930626429
-64.1924648072
-63.1256906122
-62.7147697415
-62.7110582276
-62.9517960451
-56.033510829
0
-70.0
-70.0
-70.0
-70.0
-70.0
-70.0
-70.0
-70.0
-70.0
-70.0
-64.3525511355
-61.1523301123
-59.5271198279
-58.9010896631
-58.895435242
-59.262194748
-70.0
-70.0
-70.0
-70.0
-70.0
-70.0
-70.0
-70.0
-70.0
-70.0
-70.0
-70.0
-63.0118177559
-59.0518478175
-57.0408042606
-56.2661513178
-70.0
-70.0
-70.0
-70.0
-70.0
-70.0
-70.0
-70.0
-67.1795829904
-65.581346685
-64.7696933455
-64.457044897
-64.454220998
-64.6373859587
-57.628370698
0
-70.0
-70.0
-70.0
-70.0
-70.0
-70.0
-70.0
-70.0
-70.0
-70.0
-65.0525358939
-62.2489729005
-60.8252026744
-60.2767671163
-60.2718135442
-60.5931142828
-70.0
-70.0
-70.0
-70.0
-70.0
-70.0
-70.0
-70.0
-70.0
-70.0
-70.0
-70.0
-62.7025812557
-58.5673773005
-56.4673423508
-56.4769440506
-70.0
-70.0
-70.0
-70.0
-70.0
-70.0
-70.0
-70.0
-65.7340452225
-63.3166708486
-62.0890238627
-61.6161348757
-61.6118636543
-61.8889054663
-55.0278323329
0
-70.0
-70.0
-70.0
-70.0
-70.0
-70.0
-70.0
-70.0
-70.0
-70.0
-65.1158518519
-62.3481679012
-60.9426186008
-60.4012017339
-60.3963115559
-60.7135003973
-70.0
-70.0
-70.0
-70.0
-70.0
-70.0
-70.0
-70.0
-70.0
-70.0
-70.0
-70.0
-63.1255924628
-59.2300948583
-57.2517931337
-56.4897523278
-70.0
-70.0
-70.0
-70.0
-70.0
-70.0
-70.0
-70.0
-66.9631384476
-65.2422502345
-64.3683089655
-64.0316672386
-64.0286266278
-64.2258480405
-57.2389845816
0
-70.0
-70.0
-70.0
-70.0
-70.0
-70.0
-70.0
-70.0
-70.0
-70.0
-64.5874283392
-61.520304398
-59.9626865534
-59.3626929615
-59.3572737077
-59.7087796985
-70.0
-70.0
-70.0
-70.0
-70.0
-70.0
-70.0
-70.0
-70.0
-70.0
-70.0
-70.0
-62.7527808145
-58.6460232761
-56.5604346438
-56.850932906
-70.0
-70.0
-70.0
-70.0
-70.0
-70.0
-70.0
-70.0
-67.9830534979
-66.8401171468
-66.2596847645
-66.0361025097
-66.0340830731
-66.1650686421
-59.0738229903
-55.1832814996
-70.0
-70.0
-70.0
-70.0
-70.0
-70.0
-70.0
-70.0
-70.0
-70.0
-64.9947605548
-62.1584582025
-60.7180615177
-60.1632214563
-60.1582100375
-60.4832628517
-70.0
-70.0
-70.0
-70.0
-70.0
-70.0
-70.0
-70.0
-70.0
-70.0
-70.0
-70.0
-62.7830150329
-58.6933902182
-56.6165023222
-57.1576890616
-70.0
-70.0
-70.0
-70.0
-70.0
-70.0
-70.0
-70.0
-66.6894759945
-64.8135123914
-63.8608171498
-63.4938394332
-63.4905248221
-63.7055185614
-56.7466628145
0
-70.0
-70.0
-70.0
-70.0
-70.0
-70.0
-70.0
-70.0
-70.0
-70.0
-64.6379942082
-61.5995242595
-60.0564581483
-59.4620698767
-59.4567012511
-59.8049233674
-70.0
-70.0
-70.0
-70.0
-70.0
-70.0
-70.0
-70.0
-70.0
-70.0
-70.0
-70.0
-63.0975441639
-59.1861525234
-57.1997791217
-56.4346291099
-70.0
-70.0
-70.0
-70.0
-70.0
-70.0
-70.0
-70.0
-67.7373909465
-66.4552458162
-65.8041172108
-65.5533028072
-65.5510374048
-65.6979769165
-58.6318733546
-54.7711487723
-70.0
-70.0
-70.0
-70.0
-70.0
-70.0
-70.0
-70.0
-70.0
-70.0
-65.0561902149
-62.2546980034
-60.8319794096
-60.2839489398
-60.2789990265
-60.6000624443
-70.0
-70.0
-70.0
-70.0
-70.0
-70.0
-70.0
-70.0
-70.0
-70.0
-70.0
-70.0
-62.7610972411
-58.6590523444
-56.5758569949
-56.3739978135
-70.0
-70.0
-70.0
-70.0
-70.0
-70.0
-70.0
-70.0
-65.9936668434
-63.7234113879
-62.5704777351
-62.1263682855
-62.1223570063
-62.3825383385
-55.4948944882
0
-70.0
-70.0
-70.0
-70.0
-70.0
-70.0
-70.0
-70.0
-70.0
-70.0
-65.504691358
-62.9573497942
-61.6636998628
-61.1653865752
-61.1608857168
-61.4528223445
-55.2425992347
-70.0
-70.0
-70.0
-70.0
-70.0
-70.0
-70.0
-70.0
-70.0
-70.0
-70.0
-63.5463035784
-59.8892089395
-58.0319785248
-57.3165743252
-57.3101126612
-70.0
-70.0
-70.0
-70.0
-70.0
-70.0
-70.0
-68.2339328035
-67.2331613922
-66.724926499
-66.5291546798
-66.5273864323
-66.6420792693
-59.5251576242
-55.6041660496
-69.0002365514
-70.0
-70.0
-70.0
-70.0
-70.0
-70.0
-70.0
-70.0
-70.0
-64.660199053
-61.6343118497
-60.0976357994
-59.5057089759
-59.5003625826
-59.8471426605
-70.0
-70.0
-70.0
-70.0
-70.0
-70.0
-70.0
-70.0
-70.0
-70.0
-70.0
-70.0
-62.7967858962
-58.7149645707
-56.6420396231
-56.1390277994
-70.0
-70.0
-70.0
-70.0
-70.0
-70.0
-70.0
-70.0
-68.0620640146
-66.9639002896
-66.4062053782
-66.1913815855
-66.189441257
-66.3152956847
-59.21596378
-55.3158325113
-70.0
-70.0
-70.0
-70.0
-70.0
-70.0
-70.0
-70.0
-70.0
-70.0
-65.3372424935
-62.6950132399
-61.3531752463
-60.836299942
-60.831631428
-61.1344426053
-57.7079527735
-70.0
-70.0
-70.0
-70.0
-70.0
-70.0
-70.0
-70.0
-70.0
-70.0
-70.0
-63.106179157
-59.1996806793
-57.2157922367
-56.4515994299
-70.0
-70.0
-70.0
-70.0
-70.0
-70.0
-70.0
-70.0
-66.4922880967
-64.5045846848
-63.4951431481
-63.1063067879
-63.1027947455
-63.3305943618
-56.3919196145
0
-70.0
-70.0
-70.0
-70.0
-70.0
-70.0
-70.0
-70.0
-70.0
-70.0
-64.8176021948
-61.8809101052
-60.3895311812
-59.8150527875
-59.8098639917
-60.1464219144
-70.0
-70.0
-70.0
-70.0
-70.0
-70.0
-70.0
-70.0
-70.0
-70.0
-70.0
-70.0
-63.2042052307
-59.3532548614
-57.3975761445
-56.6442497095
-70.0
-70.0
-70.0
-70.0
-70.0
-70.0
-70.0
-70.0
-68.1890973937
-67.1629192501
-66.6417817223
-66.4410398149
-66.4392266766
-66.5568312377
-59.4444982281
-55.5289484813
-70.0
-70.0
-70.0
-70.0
-70.0
-70.0
-70.0
-70.0
-70.0
-70.0
-64.3550328164
-61.1562180791
-59.5317219674
-58.9059669014
-58.9003149651
-59.2669133045
-70.0
-70.0
-70.0
-70.0
-70.0
-70.0
-70.0
-70.0
-70.0
-70.0
-70.0
-70.0
-62.869390951
-58.8287124899
-56.7766816636
-56.6637490176
-70.0
-70.0
-70.0
-70.0
-70.0
-70.0
-70.0
-70.0
-66.4376775237
-64.4190281205
-63.3938708745
-62.9989808311
-62.9954141107
-63.2267602748
-56.2936745923
0
-70.0
-70.0
-70.0
-70.0
-70.0
-70.0
-70.0
-70.0
-70.0
-70.0
-65.8330864198
-63.4718353909
-62.2726902606
-61.8107801738
-61.8066081158
-62.0772179439
-55.2060085375
-70.0
-70.0
-70.0
-70.0
-70.0
-70.0
-70.0
-70.0
-70.0
-70.0
-70.0
-63.6667156002
-60.0778544404
-58.2552759298
-57.5532196257
-57.5468785225
-70.0
-70.0
-70.0
-70.0
-70.0
-70.0
-70.0
-68.5150568474
-67.6735890609
-67.2462554204
-67.081646722
-67.0801599456
-67.1765958815
-60.0309028753
-56.0757903091
-58.4446242465
-70.0
-70.0
-70.0
-70.0
-70.0
-70.0
-70.0
-70.0
-70.0
-64.8353485432
-61.9087127176
-60.4224407984
-59.8499296202
-59.8447585927
-60.180164023
-58.8996531713
-70.0
-70.0
-70.0
-70.0
-70.0
-70.0
-70.0
-70.0
-70.0
-70.0
-70.0
-63.1588744463
-59.2822366326
-57.3135127233
-56.5551612869
-70.0
-70.0
-70.0
-70.0
-70.0
-70.0
-70.0
-70.0
-69.2070919067
-68.7577773205
-68.5295959915
-68.441700661
-68.440906774
-68.492400216
-61.2758815689
-57.2367743284
-68.5615995201
-70.0
-70.0
-70.0
-70.0
-70.0
-70.0
-70.0
-70.0
-70.0
-65.3471853834
-62.710590434
-61.3716137832
-60.8558406666
-60.8511821078
-61.1533475689
-55.6096397501
-70.0
-70.0
-70.0
-70.0
-70.0
-70.0
-70.0
-70.0
-70.0
-70.0
-70.0
-63.3421432791
-59.5693578039
-57.653374592
-56.9153388451
-60.3359197871
-70.0
-70.0
-70.0
-70.0
-70.0
-70.0
-70.0
-68.1876153151
-67.160597327
-66.6390332899
-66.4381270913
-66.4363124691
-66.5540132802
-59.4418319524
-55.5264620906
-64.6039549154
-70.0
-70.0
-70.0
-70.0
-70.0
-70.0
-70.0
-70.0
-70.0
-65.1046864808
-62.3306754866
-60.9219130406
-60.3792584716
-60.3743571144
-60.692271063
-66.6539568524
-70.0
-70.0
-70.0
-70.0
-70.0
-70.0
-70.0
-70.0
-70.0
-70.0
-70.0
-63.5554528612
-59.9035428159
-58.0489453615
-57.3345553768
-57.695753082
-70.0
-70.0
-70.0
-70.0
-70.0
-70.0
-70.0
-70.0
-70.0
-70.0
-70.0
-70.0
-70.0
-62.7938092545
-58.7103011653
-56.6365196063
-70.0
-70.0
-70.0
-70.0
-70.0
-70.0
-70.0
-70.0
-70.0
-65.0756809568
-62.2852334989
-60.8681239076
-60.3222540226
-60.3173236241
-60.6371212642
-54.5731588753
-70.0
-70.0
-70.0
-70.0
-70.0
-70.0
-70.0
-70.0
-70.0
-70.0
-70.0
-63.5902996296
-59.9581360864
-58.1135667576
-57.4030396017
-57.3966219882
-70.0
-70.0
-70.0
-70.0
-70.0
-70.0
-70.0
-70.0
-70.0
-70.0
-70.0
-70.0
-70.0
-62.9574038285
-58.9665993313
-56.9398966552
-70.0
-70.0
-70.0
-70.0
-70.0
-70.0
-70.0
-70.0
-70.0
-66.8784280469
-65.1095372735
-64.2112182337
-63.865186202
-63.8620607762
-64.0647834949
-57.0865896379
-63.2165206276
-70.0
-70.0
-70.0
-70.0
-70.0
-70.0
-70.0
-70.0
-70.0
-70.0
-63.4493519516
-59.7373180575
-57.8521871191
-57.1260356521
-57.1194769169
-70.0
-70.0
-70.0
-70.0
-70.0
-70.0
-70.0
-69.0298363574
-68.4800769599
-68.2008854228
-68.0933409864
-68.092369625
-68.1553744874
-60.9569968834
-56.9394037583
-54.9642010913
-70.0
-70.0
-70.0
-70.0
-70.0
-70.0
-70.0
-70.0
-70.0
-65.4637908857
-62.8932723876
-61.5878522091
-61.0850050284
-61.0804632191
-61.3750560261
-54.5416418044
-70.0
-70.0
-70.0
-70.0
-70.0
-70.0
-70.0
-70.0
-70.0
-70.0
-70.0
-64.1122579553
-60.7758707966
-59.0815094748
-58.4288423659
-58.4229473551
-70.0
-70.0
-70.0
-70.0
-70.0
-70.0
-70.0
-70.0
-70.0
-70.0
-70.0
-70.0
-70.0
-63.0076993586
-59.0453956618
-57.0331669217
-60.5145595486
-70.0
-70.0
-70.0
-70.0
-70.0
-70.0
-70.0
-70.0
-65.3077696822
-62.6488391688
-61.2985195552
-60.7783771351
-60.7736791119
-61.0784043276
-54.260957941
-70.0
-70.0
-70.0
-70.0
-70.0
-70.0
-70.0
-70.0
-70.0
-70.0
-70.0
-63.7834103013
-60.2606761388
-58.4716797699
-57.7825592896
-57.7763350251
-70.0
-70.0
-70.0
-70.0
-70.0
-70.0
-70.0
-68.9674145904
-68.3822828583
-68.0851277238
-67.9706637189
-67.9696298587
-68.0366885473
-60.8446994371
-56.8346826564
-55.992962811
-70.0
-70.0
-70.0
-70.0
-70.0
-70.0
-70.0
-70.0
-70.0
-66.9463721994
-65.2159831123
-64.3372168897
-63.9987165931
-63.9956591954
-64.1939694503
-57.2088219164
-55.7552168027
-70.0
-70.0
-70.0
-70.0
-70.0
-70.0
-70.0
-70.0
-70.0
-70.0
-64.639768328
-61.6023037139
-60.0597481549
-59.4655565477
-59.4601896985
-59.808296599
-54.8109323374
-68.0811926922
-70.0
-70.0
-70.0
-70.0
-70.0
-70.0
-70.0
-70.0
-70.0
-70.0
-63.9214011462
-60.4768617957
-58.7275761255
-58.0537521859
-58.0476660826
-58.4424255512
-70.0
-70.0
-70.0
-70.0
-70.0
-70.0
-70.0
-70.0
-70.0
-70.0
-70.0
-70.0
-63.2188024635
-59.3761238595
-57.4246459017
-56.672937597
-70.0
-70.0
-70.0
-70.0
-70.0
-70.0
-70.0
-70.0
-67.9839849409
-66.8415764074
-66.2614120737
-66.0379330711
-66.0359145671
-66.1668396458
-59.0754986664
-55.1848441233
-70.0
-70.0
-70.0
-70.0
-70.0
-70.0
-70.0
-70.0
-70.0
-70.0
-64.7020083547
-61.699813089
-60.1751688266
-59.5878766416
-59.5825721092
-59.9266369862
-70.0
-70.0
-70.0
-70.0
-70.0
-70.0
-70.0
-70.0
-70.0
-70.0
-70.0
-70.0
-62.9394291919
-58.9384390673
-56.9065636904
-56.1238863411
-70.0
-70.0
-70.0
-70.0
-70.0
-70.0
-70.0
-70.0
-69.3207325103
-68.9358142661
-68.7403361774
-68.6650381183
-68.6643580122
-68.7084713481
-61.4803222663
-57.4274220751
-61.9835174485
-70.0
-70.0
-70.0
-70.0
-70.0
-70.0
-70.0
-70.0
-70.0
-65.696570436
-63.2579603498
-62.0195289531
-61.5424858166
-61.5381770742
-61.8176525929
-54.9604147793
-70.0
