-70.0
-63.0
-59.0333333333
-57.0188888889
-56.2429259259
-56.235917284
-56.690514856
-57.406922904
-58.2565369693
0
-70.0
-70.0
-70.0
-70.0
-70.0
-70.0
-70.0
-70.0
-70.0
-70.0
-70.0
-70.0
-70.0
-70.0
-70.0
-63.4742751713
-59.776364435
-57.8984058454
-57.1750171634
-57.1684833822
-57.592280334
-58.2601491606
-70.0
-70.0
-70.0
-70.0
-70.0
-70.0
-70.0
-70.0
-70.0
-66.139359721
-63.9516635628
-62.8406570825
-62.4126979583
-62.4088325517
-62.6595522228
-63.054665618
-63.5232448012
-57.2934132472
0
-70.0
-70.0
-70.0
-70.0
-70.0
-70.0
-70.0
-70.0
-70.0
-70.0
-70.0
-70.0
-70.0
-70.0
-64.0045380905
-60.6071096752
-58.8817489701
-58.2171409147
-58.211138051
-58.6004983978
-59.2140979926
-59.9417878163
0
-70.0
-70.0
-70.0
-70.0
-70.0
-70.0
-70.0
-70.0
-70.0
-70.0
-70.0
-70.0
-70.0
-70.0
-70.0
-63.4502521281
-59.7387283339
-57.8538564464
-57.1278047656
-57.1212469316
-57.5466040002
-68.1535556104
-70.0
-70.0
-70.0
-70.0
-70.0
-70.0
-70.0
-70.0
-70.0
-64.5140053254
-61.4052750099
-59.8265276535
-59.2183949846
-59.2129022171
-59.5691764827
-60.1306351593
-60.7964891933
-54.7759144034
0
-70.0
-70.0
-70.0
-70.0
-70.0
-70.0
-70.0
-70.0
-70.0
-70.0
-70.0
-70.0
-70.0
-70.0
-63.7393953851
-60.1917194366
-58.390056553
-57.6960569377
-57.689788604
-58.0963679836
-58.7371033452
-59.4969744507
-68.529051219
-70.0
-70.0
-70.0
-70.0
-70.0
-70.0
-70.0
-66.2004251681
-64.0473327633
-62.9538995617
-62.5327096553
-62.5289053897
-62.7756593173
-63.1645230299
-63.6256904899
-57.3879970457
-54.0657810776
0
-70.0
-70.0
-70.0
-70.0
-70.0
-70.0
-70.0
-70.0
-70.0
-70.0
-70.0
-70.0
-70.0
-64.237848644
-60.9726295423
-59.3144104299
-58.6756652814
-58.6698960163
-59.04410459
-59.6338262479
-60.3331983677
-54.3481774568
-61.6447805566
-70.0
-70.0
-70.0
-70.0
-70.0
-70.0
-70.0
-70.0
-70.0
-70.0
-70.0
-70.0
-70.0
-70.0
-63.2764889242
-59.4664993147
-57.5316222384
-56.7863085847
-56.779576773
-57.2162184602
-67.0761756863
-70.0
-70.0
-70.0
-70.0
-70.0
-70.0
-70.0
-70.0
-70.0
-64.6163842687
-61.5656686877
-60.0163837161
-59.4195999426
-59.4142096805
-59.7638352005
-60.3148160058
-60.9682439555
-54.9344883563
0
-70.0
-70.0
-70.0
-70.0
-70.0
-70.0
-70.0
-70.0
-70.0
-70.0
-70.0
-70.0
-70.0
-70.0
-63.8914674209
-60.429965626
-58.6720656949
-57.9949235464
-57.9888074724
-58.3855109123
-59.0106826125
-59.7520962122
-64.1771765232
-70.0
-70.0
-70.0
-70.0
-70.0
-70.0
-70.0
-66.3754492373
-64.3215371385
-63.2784719746
-62.8766838104
-62.8730547849
-63.1084422101
-63.4793932582
-63.9193174451
-57.659090472
-54.314317939
0
-70.0
-70.0
-70.0
-70.0
-70.0
-70.0
-70.0
-70.0
-70.0
-70.0
-70.0
-70.0
-70.0
-63.7867834988
-60.2659608148
-58.4779351773
-57.7891886221
-57.782967735
-58.1864696115
-58.8223550838
-59.9334262111
-54.2087504433
0
-70.0
-70.0
-70.0
-70.0
-70.0
-70.0
-70.0
-70.0
-70.0
-70.0
-70.0
-70.0
-70.0
-70.0
-63.860269428
-60.3810887705
-58.6142107504
-57.9336102466
-57.9274629361
-58.3261924519
-58.9545570797
-59.699757287
-64.6252577128
-70.0
-70.0
-70.0
-70.0
-70.0
-70.0
-70.0
-66.4136320748
-64.3813569172
-63.3492799254
-62.9517243994
-62.9481336039
-63.1810413398
-63.5480846033
-63.983374408
-57.7182315734
-54.3685381535
0
-70.0
-70.0
-70.0
-70.0
-70.0
-70.0
-70.0
-70.0
-70.0
-70.0
-70.0
-70.0
-70.0
-64.1965771414
-60.9079708548
-59.2378747211
-58.5945545501
-58.5887439625
-58.9656328112
-59.5595783601
-60.2639597441
-54.2842523458
-61.5870341271
-70.0
-70.0
-70.0
-70.0
-70.0
-70.0
-70.0
-70.0
-70.0
-70.0
-70.0
-70.0
-70.0
-70.0
-63.4797826378
-59.7849927992
-57.9086191361
-57.185840967
-57.1793127
-57.6027519831
-58.2700571536
-69.429581632
-70.0
-70.0
-70.0
-70.0
-70.0
-70.0
-70.0
-70.0
-65.4492019184
-62.8704163389
-61.5607977799
-61.0563333851
-61.0517769688
-61.34731722
-61.8130641301
-62.3654101385
-56.2244331684
0
-70.0
-70.0
-70.0
-70.0
-70.0
-70.0
-70.0
-70.0
-70.0
-70.0
-70.0
-70.0
-70.0
-70.0
-63.7691605243
-60.2383514881
-58.4452543501
-57.7545542557
-57.7483157238
-58.1529620806
-58.7906511586
-59.5469095668
-70.0
-70.0
-70.0
-70.0
-70.0
-70.0
-70.0
-70.0
-68.4936746703
-67.6400903169
-67.2066033609
-67.0396244086
-67.0381162236
-67.1359407718
-67.2901041417
-67.4729320256
-60.9399934512
-57.3222305249
-55.5741650849
-55.0061869848
-55.1651938919
-70.0
-70.0
-70.0
-70.0
-70.0
-70.0
-70.0
-70.0
-70.0
-70.0
-70.0
-64.6209747951
-61.5728605123
-60.0248965923
-59.4286216872
-59.4232360212
-59.7725634209
-60.3230744134
-60.975945195
-54.9415985871
0
-70.0
-70.0
-70.0
-70.0
-70.0
-70.0
-70.0
-70.0
-70.0
-70.0
-70.0
-70.0
-70.0
-70.0
-63.7724465452
-60.2434995875
-58.4513480933
-57.7610122603
-57.7547770185
-58.1592099728
-58.7965627463
-59.5524223189
-64.3326719633
-70.0
-70.0
-70.0
-70.0
-70.0
-70.0
-70.0
-66.9387156784
-65.2039878961
-64.3230182969
-63.9836692608
-63.9806041971
-64.1794116857
-64.4927157893
-64.8642743918
-58.5315295031
-55.1141649198
0
-70.0
-70.0
-70.0
-70.0
-70.0
-70.0
-70.0
-70.0
-70.0
-70.0
-70.0
-70.0
-70.0
-64.2374904816
-60.9720684212
-59.3137462375
-58.6749613861
-58.6691917624
-59.0434235961
-59.6331819097
-60.332597501
-54.3476227018
-61.6443612817
-70.0
-70.0
-70.0
-70.0
-70.0
-70.0
-70.0
-70.0
-70.0
-70.0
-70.0
-70.0
-70.0
-70.0
-63.3337830607
-59.5562601284
-57.6378710314
-56.8989085388
-56.892234092
-57.3251549541
-68.7371997448
-70.0
-70.0
-70.0
-70.0
-70.0
-70.0
-70.0
-70.0
-70.0
-65.8137065309
-63.4414735651
-62.2367513334
-61.7726929499
-61.7685014882
-62.0403698949
-62.4688119424
-62.9769167728
-56.7890115415
0
-70.0
-70.0
-70.0
-70.0
-70.0
-70.0
-70.0
-70.0
-70.0
-70.0
-70.0
-70.0
-70.0
-70.0
-63.7749781639
-60.2474657902
-58.4560428396
-57.7659876412
-57.7597549342
-58.1640234788
-58.8011171563
-59.5566694576
-63.9969736718
-70.0
-70.0
-70.0
-70.0
-70.0
-70.0
-70.0
-66.4330317686
-64.4117497708
-63.3852555798
-62.9898505458
-62.9862791739
-63.217927045
-63.5829848661
-64.0159200633
-57.748279609
-54.3960860161
0
-70.0
-70.0
-70.0
-70.0
-70.0
-70.0
-70.0
-70.0
-70.0
-70.0
-70.0
-70.0
-70.0
-64.4015913475
-61.2291597777
-59.6180621766
-58.99746821
-58.9918628897
-59.3554376013
-59.9284011748
-60.6078992798
-54.6017972629
0
-70.0
-70.0
-70.0
-70.0
-70.0
-70.0
-70.0
-70.0
-70.0
-70.0
-70.0
-70.0
-70.0
-70.0
-63.7139984617
-60.1519309234
-58.3429593696
-57.6461444584
-57.6398506963
-58.0480794159
-58.6914140004
-59.4543676178
-68.821772258
-70.0
-70.0
-70.0
-70.0
-70.0
-70.0
-70.0
-65.9271714604
-63.619235288
-62.4471657416
-61.9956851558
-61.991607299
-62.2561070084
-62.6729366003
-63.1672698022
-56.9647564927
0
-70.0
-70.0
-70.0
-70.0
-70.0
-70.0
-70.0
-70.0
-70.0
-70.0
-70.0
-70.0
-70.0
-70.0
-64.1803802655
-60.8825957492
-59.2078385145
-58.5627228898
-58.5568960854
-58.9348367999
-59.5304400019
-60.2367872564
-54.25916513
-61.5633431609
-70.0
-70.0
-70.0
-70.0
-70.0
-70.0
-70.0
-70.0
-70.0
-70.0
-70.0
-70.0
-70.0
-70.0
-63.3390283915
-59.5644778133
-57.647598206
-56.9092171681
-56.902547973
-57.3351281902
-67.1883082213
-70.0
-70.0
-70.0
-70.0
-70.0
-70.0
-70.0
-70.0
-70.0
-64.5725332071
-61.4969686912
-59.9350643586
-59.3334196137
-59.3279854464
-59.6804587644
-60.2359274631
-60.8946777668
-54.8665677864
0
-70.0
-70.0
-70.0
-70.0
-70.0
-70.0
-70.0
-70.0
-70.0
-70.0
-70.0
-70.0
-70.0
-70.0
-64.2991262925
-61.0686311915
-59.4280464246
-58.7960940169
-58.7903861051
-59.1606151545
-59.7440654123
-60.4360000533
-54.4430899322
-61.7323865202
-70.0
-70.0
-70.0
-70.0
-70.0
-70.0
-69.5829742233
-69.3466596165
-69.2266488652
-69.1804207856
-69.1800032449
-69.2070859457
-69.2497660347
-69.3003818869
-62.6272010982
-58.8690525883
-56.9851950628
-56.2887073787
-56.3278578557
-61.9435553008
-70.0
-70.0
-70.0
-70.0
-70.0
-70.0
-70.0
-70.0
-70.0
-70.0
-63.9247478
-60.4821048866
-58.733782309
-58.0603293522
-58.0542465997
-58.4487887282
-59.070554381
-59.8079286267
0
-70.0
-70.0
-70.0
-70.0
-70.0
-70.0
-70.0
-70.0
-70.0
-70.0
-70.0
-70.0
-70.0
-70.0
-70.0
-63.5894040203
-59.9567329651
-58.1119058998
-57.401279464
-57.3948609537
-57.811181149
-58.467267228
-69.610757971
-70.0
-70.0
-70.0
-70.0
-70.0
-70.0
-70.0
-70.0
-65.2647902703
-62.5815047568
-61.2188166235
-60.6939098561
-60.6891688004
-60.996685207
-61.481305544
-62.0560342281
-55.9387993938
0
-70.0
-70.0
-70.0
-70.0
-70.0
-70.0
-70.0
-70.0
-70.0
-70.0
-70.0
-70.0
-70.0
-70.0
-64.0897434341
-60.7405980467
-59.0397575461
-58.3845946608
-58.3786771076
-58.7625040055
-59.367383344
-60.0847315023
-54.1187784434
-64.6031097344
-70.0
-70.0
-70.0
-70.0
-70.0
-70.0
-70.0
-70.0
-70.0
-70.0
-70.0
-70.0
-70.0
-70.0
-63.5118886805
-59.8352922661
-57.9681580086
-57.2489388538
-57.2424427325
-57.6637969686
-58.327816278
-70.0
-70.0
-70.0
-70.0
-70.0
-70.0
-70.0
-70.0
-70.0
-65.3191212846
-62.6666233459
-61.3195704711
-60.8006863972
-60.7959997396
-61.0999877538
-61.5790476371
-62.1471819792
-56.0229522814
0
-70.0
-70.0
-70.0
-70.0
-70.0
-70.0
-70.0
-70.0
-70.0
-70.0
-70.0
-70.0
-70.0
-70.0
-63.7687481338
-60.2377054096
-58.4444895948
-57.753743786
-57.7475048413
-58.1521779797
-58.7899092634
-59.5462177249
-70.0
-70.0
-70.0
-70.0
-70.0
-70.0
-70.0
-70.0
-68.4950188938
-67.642196267
-67.2090961487
-67.042266206
-67.0407593669
-67.1384966179
-67.2925224146
-67.4751871454
-60.9420755086
-57.3241393428
-55.575906332
-55.0077696477
-55.1666286489
-70.0
-70.0
-70.0
-70.0
-70.0
-70.0
-70.0
-70.0
-70.0
-70.0
-70.0
-64.6209759468
-61.5728623167
-60.0248987281
-59.4286239506
-59.4232382858
-59.7725656107
-60.3230764853
-60.9759471272
-54.9416003709
0
-70.0
-70.0
-70.0
-70.0
-70.0
-70.0
-70.0
-70.0
-70.0
-70.0
-70.0
-70.0
-70.0
-70.0
-63.7724465452
-60.2434995875
-58.4513480933
-57.7610122603
-57.7547770185
-58.1592099728
-58.7965627463
-59.5524223189
-64.3326719633
-70.0
-70.0
-70.0
-70.0
-70.0
-70.0
-70.0
-66.9387156784
-65.2039878961
-64.3230182969
-63.9836692608
-63.9806041971
-64.1794116857
-64.4927157893
-64.8642743918
-58.5315295031
-55.1141649198
0
-70.0
-70.0
-70.0
-70.0
-70.0
-70.0
-70.0
-70.0
-70.0
-70.0
-70.0
-70.0
-70.0
-64.2374904816
-60.9720684212
-59.3137462375
-58.6749613861
-58.6691917624
-59.0434235961
-59.6331819097
-60.332597501
-54.3476227018
-61.6443612817
-70.0
-70.0
-70.0
-70.0
-70.0
-70.0
-70.0
-70.0
-70.0
-70.0
-70.0
-70.0
-70.0
-70.0
-63.3337830607
-59.5562601284
-57.6378710314
-56.8989085388
-56.892234092
-57.3251549541
-68.7371997448
-70.0
-70.0
-70.0
-70.0
-70.0
-70.0
-70.0
-70.0
-70.0
-65.8137065309
-63.4414735651
-62.2367513334
-61.7726929499
-61.7685014882
-62.0403698949
-62.4688119424
-62.9769167728
-56.7890115415
0
-70.0
-70.0
-70.0
-70.0
-70.0
-70.0
-70.0
-70.0
-70.0
-70.0
-70.0
-70.0
-70.0
-70.0
-63.7749781639
-60.2474657902
-58.4560428396
-57.7659876412
-57.7597549342
-58.1640234788
-58.8011171563
-59.5566694576
-63.9969736718
-70.0
-70.0
-70.0
-70.0
-70.0
-70.0
-70.0
-66.4330317686
-64.4117497708
-63.3852555798
-62.9898505458
-62.9862791739
-63.217927045
-63.5829848661
-64.0159200633
-57.748279609
-54.3960860161
0
-70.0
-70.0
-70.0
-70.0
-70.0
-70.0
-70.0
-70.0
-70.0
-70.0
-70.0
-70.0
-70.0
-64.4015913475
-61.2291597777
-59.6180621766
-58.99746821
-58.9918628897
-59.3554376013
-59.9284011748
-60.6078992798
-54.6017972629
0
-70.0
-70.0
-70.0
-70.0
-70.0
-70.0
-70.0
-70.0
-70.0
-70.0
-70.0
-70.0
-70.0
-70.0
-63.814940907
-60.3100740877
-58.5301515264
-57.8445262722
-57.8383335772
-58.240006841
-58.8730105712
-59.623712457
-64.0602494536
-70.0
-70.0
-70.0
-70.0
-70.0
-70.0
-70.0
-66.4802265676
-64.4856882893
-63.4727757126
-63.0826023095
-63.0790781907
-63.307661113
-63.6678888293
-64.0950958315
-57.8213792679
-54.4631033541
0
-70.0
-70.0
-70.0
-70.0
-70.0
-70.0
-70.0
-70.0
-70.0
-70.0
-70.0
-70.0
-70.0
-64.3459881772
-61.1420481443
-59.5149491865
-58.8881915055
-58.8825305134
-59.2497162344
-59.8283704592
-60.5146173121
-54.5156739429
-61.7979583854
-70.0
-70.0
-70.0
-70.0
-70.0
-70.0
-68.8805401255
-68.24617953
-67.924023855
-67.7999296548
-67.7988088129
-67.8715093473
-67.9860793564
-68.1219520499
-61.5392063606
-57.8715854016
-56.0752933129
-55.4616749492
-55.578114766
-56.1287081639
-70.0
-70.0
-70.0
-70.0
-70.0
-70.0
-70.0
-70.0
-70.0
-70.0
-64.9528189781
-62.0927497323
-60.6402831937
-60.0807938308
-60.0757404187
-60.4035170242
-60.9200657533
-61.5326594657
-55.4555894737
0
-70.0
-70.0
-70.0
-70.0
-70.0
-70.0
-70.0
-70.0
-70.0
-70.0
-70.0
-70.0
-70.0
-70.0
-63.8841060304
-60.4184327809
-58.6584144052
-57.980456233
-57.9743327885
-58.3715142956
-58.9974393899
-59.7397464669
-64.1656829303
-70.0
-70.0
-70.0
-70.0
-70.0
-70.0
-70.0
-66.3971854055
-64.3555904686
-63.3187804908
-62.9194018212
-62.9157945586
-63.1497703825
-63.5184968641
-63.9557828576
-57.6927574546
-54.3451836309
0
-70.0
-70.0
-70.0
-70.0
-70.0
-70.0
-70.0
-70.0
-70.0
-70.0
-70.0
-70.0
-70.0
-63.638809204
-60.0341344195
-58.2035250682
-57.4983752885
-57.4920062444
-58.2618682594
-70.0
-70.0
-70.0
-70.0
-70.0
-70.0
-70.0
-70.0
-70.0
-70.0
-63.9234525363
-60.4800756402
-58.7313803145
-58.0577837753
-58.0516997259
-58.4463259721
-59.0682241874
-59.8057556436
0
-70.0
-70.0
-70.0
-70.0
-70.0
-70.0
-70.0
-70.0
-70.0
-70.0
-70.0
-70.0
-70.0
-70.0
-70.0
-63.4835929461
-59.7909622822
-57.9156851411
-57.1933293518
-57.1868048998
-57.6099967319
-68.6422707636
-70.0
-70.0
-70.0
-70.0
-70.0
-70.0
-70.0
-70.0
-70.0
-64.5601148083
-61.4775131997
-59.9120351279
-59.3090137805
-59.3035671794
-59.6568469795
-60.2135866268
-60.8738441944
-54.8473330246
0
-70.0
-70.0
-70.0
-70.0
-70.0
-70.0
-70.0
-70.0
-70.0
-70.0
-70.0
-70.0
-70.0
-70.0
-63.7671002985
-60.235123801
-58.4414337757
-57.7505053014
-57.7442647068
-58.1490448598
-58.7869447896
-59.5434532545
-65.7020138554
-70.0
-70.0
-70.0
-70.0
-70.0
-70.0
-70.0
-66.3484453591
-64.2792310626
-63.2283947826
-62.8236131885
-62.8199571258
-63.0570982506
-63.4308129839
-63.8740147243
-57.617264374
-54.2759720179
0
-70.0
-70.0
-70.0
-70.0
-70.0
-70.0
-70.0
-70.0
-70.0
-70.0
-70.0
-70.0
-70.0
-64.4006949901
-61.2277554844
-59.6163999316
-58.9957066022
-58.9901003844
-59.3537333076
-59.926788618
-60.6063955169
-54.6004089019
-58.8112557169
-70.0
-70.0
-70.0
-70.0
-70.0
-70.0
-69.2797771998
-68.8716509463
-68.6643868294
-68.5845487982
-68.5838276862
-68.6306007629
-68.7043112501
-68.7917271674
-62.157581575
-58.4385081671
-56.5924471835
-55.9317290205
-56.0042404887
-56.5142726867
-66.3648258489
-70.0
-70.0
-70.0
-70.0
-70.0
-70.0
-70.0
-70.0
-70.0
-64.7045569936
-61.7038059566
-60.1798951358
-59.5928854722
-59.5875834916
-59.9314828535
-60.4734397089
-61.1161658318
-55.0710584074
0
-70.0
-70.0
-70.0
-70.0
-70.0
-70.0
-70.0
-70.0
-70.0
-70.0
-70.0
-70.0
-70.0
-70.0
-63.9947039662
-60.5917028804
-58.863512133
-58.1978139467
-58.1918012367
-58.5818002362
-59.1964062946
-59.9252897199
-57.6734102144
-70.0
-70.0
-70.0
-70.0
-70.0
-70.0
-70.0
-66.2586378153
-64.1385325772
-63.0618516818
-62.6471147552
-62.6433687741
-62.8863422262
-63.2692482233
-63.7233502141
-57.4781621643
-54.148443929
0
-70.0
-70.0
-70.0
-70.0
-70.0
-70.0
-70.0
-70.0
-70.0
-70.0
-70.0
-70.0
-70.0
-63.5919152842
-59.9606672786
-58.1165628993
-57.4062148417
-57.3997988458
-59.4794954561
-70.0
-70.0
-70.0
-70.0
-70.0
-70.0
-70.0
-70.0
-70.0
-70.0
-63.9882740163
-60.5816292922
-58.851588148
-58.1851771899
-58.179158042
-58.5695746185
-59.1848387438
-59.9145025942
0
-70.0
-70.0
-70.0
-70.0
-70.0
-70.0
-70.0
-70.0
-70.0
-70.0
-70.0
-70.0
-70.0
-70.0
-70.0
-63.4934346326
-59.8063809245
-57.9339360021
-57.2126711819
-57.2061565837
-57.6287092721
-68.6599393791
-70.0
-70.0
-70.0
-70.0
-70.0
-70.0
-70.0
-70.0
-70.0
-64.5601291555
-61.4775356769
-59.9120617339
-59.3090419769
-59.3035953902
-59.6568742585
-60.2136124375
-60.8738682637
-54.8473552468
0
-70.0
-70.0
-70.0
-70.0
-70.0
-70.0
-70.0
-70.0
-70.0
-70.0
-70.0
-70.0
-70.0
-70.0
-63.8170150774
-60.3133236213
-58.5339979603
-57.8486026317
-57.8424120134
-58.2439505754
-58.8767420267
-59.6271921633
-64.3211666162
-70.0
-70.0
-70.0
-70.0
-70.0
-70.0
-70.0
-66.4629624141
-64.4586411155
-63.4407602991
-63.0486731326
-63.0451317283
-63.2748358281
-63.6368304271
-64.0661328389
-57.7946389542
-54.4385879915
0
-70.0
-70.0
-70.0
-70.0
-70.0
-70.0
-70.0
-70.0
-70.0
-70.0
-70.0
-70.0
-70.0
-64.1716060319
-60.86884945
-59.1915671858
-58.5454789211
-58.5396433316
-58.9181538669
-59.5146550591
-60.2220672725
-54.2455747876
-61.5514392162
-70.0
-70.0
-70.0
-70.0
-70.0
-70.0
-70.0
-70.0
-70.0
-70.0
-70.0
-70.0
-70.0
-70.0
-63.3312123961
-59.5522327539
-57.6331038768
-56.8938564213
-56.8871794006
-57.3202672082
-67.589706193
-70.0
-70.0
-70.0
-70.0
-70.0
-70.0
-70.0
-70.0
-70.0
-64.5809953904
-61.5102261116
-59.9507570072
-59.3500503111
-59.3446246163
-59.6965483789
-60.2511510239
-60.9088742434
-54.8796747965
0
-70.0
-70.0
-70.0
-70.0
-70.0
-70.0
-70.0
-70.0
-70.0
-70.0
-70.0
-70.0
-70.0
-70.0
-63.77007074
-60.2397774926
-58.4469422945
-57.7563430991
-57.7501054786
-58.1546927236
-58.7922886465
-59.5484365787
-69.7674888004
-70.0
-70.0
-70.0
-70.0
-70.0
-70.0
-70.0
-67.1010364685
-65.4582904673
-64.6240331843
-64.3026777084
-64.2997751659
-64.4880411349
-64.7847326784
-65.1365898486
-58.7829469186
-55.34466293
0
-70.0
-70.0
-70.0
-70.0
-70.0
-70.0
-70.0
-70.0
-70.0
-70.0
-70.0
-70.0
-70.0
-64.5474198891
-61.4576244929
-59.8884931055
-59.2840645028
-59.2786051911
-59.6327094311
-60.1907483273
-60.8525467209
-54.8276699624
0
-70.0
-70.0
-70.0
-70.0
-70.0
-70.0
-70.0
-70.0
-70.0
-70.0
-70.0
-70.0
-70.0
-70.0
-63.7728302746
-60.2441007636
-58.4520596982
-57.7617664023
-57.7555315447
-58.1599395787
-58.7972530798
-59.5530660778
-66.1525203478
-70.0
-70.0
-70.0
-70.0
-70.0
-70.0
-70.0
-66.3807766259
-64.3298833806
-63.2883513207
-62.8871537074
-62.8835300158
-63.1185714671
-63.4889772889
-63.9282548723
-57.6673420229
-54.3218829124
0
-70.0
-70.0
-70.0
-70.0
-70.0
-70.0
-70.0
-70.0
-70.0
-70.0
-70.0
-70.0
-70.0
-64.1659674945
-60.8600157414
-59.1811108315
-58.5343975245
-58.5285562894
-58.9074330055
-59.5045112682
-60.2126078503
-54.2368413007
-61.5430351789
-70.0
-70.0
-70.0
-70.0
-70.0
-70.0
-70.0
-70.0
-70.0
-70.0
-70.0
-70.0
-70.0
-70.0
-63.3228341847
-59.5391068893
-57.6175669491
-56.8773907534
-56.8707053441
-57.3043372538
-67.5748051352
-70.0
-70.0
-70.0
-70.0
-70.0
-70.0
-70.0
-70.0
-70.0
-64.6192182122
-61.5701085325
-60.0216391069
-59.4251694813
-59.4197820565
-59.7692235332
-60.3199143014
-60.9729982856
-54.9388778294
0
-70.0
-70.0
-70.0
-70.0
-70.0
-70.0
-70.0
-70.0
-70.0
-70.0
-70.0
-70.0
-70.0
-70.0
-64.1742249659
-60.8729524465
-59.1964238534
-58.5506259024
-58.544792935
-58.9231333901
-59.5193665502
-60.2264608945
-54.2496312342
-63.3701144596
-70.0
-70.0
-70.0
-70.0
-70.0
-70.0
-70.0
-70.0
-70.0
-70.0
-70.0
-70.0
-70.0
-70.0
-63.4728355029
-59.7741089545
-57.8957360603
-57.1721877885
-57.1656525657
-57.5895430132
-68.6236465887
-70.0
-70.0
-70.0
-70.0
-70.0
-70.0
-70.0
-70.0
-70.0
-64.5509091734
-61.4630910384
-59.8949637894
-59.2909219804
-59.2854661623
-59.6393437993
-60.1970255883
-60.8584004753
-54.8330744879
0
-70.0
-70.0
-70.0
-70.0
-70.0
-70.0
-70.0
-70.0
-70.0
-70.0
-70.0
-70.0
-70.0
-70.0
-63.740557341
-60.1935398343
-58.3922113358
-57.6983405254
-57.6920733551
-58.0985772744
-58.7391937168
-59.4989237917
-68.5308056258
-70.0
-70.0
-70.0
-70.0
-70.0
-70.0
-70.0
-68.6518837633
-67.8879512292
-67.4999933344
-67.350552153
-67.3492023724
-67.436752425
-67.5747240424
-67.7383495447
-61.1850422908
-57.5468898621
-55.7791020762
-55.1924593354
-55.6104874689
-70.0
-70.0
-70.0
-70.0
-70.0
-70.0
-70.0
-70.0
-70.0
-70.0
-70.0
-64.373721832
-61.1854975368
-59.5663797084
-58.9426963545
-58.9370631303
-59.3024477581
-59.8782636095
-60.5611443334
-54.5586303861
0
-70.0
-70.0
-70.0
-70.0
-70.0
-70.0
-70.0
-70.0
-70.0
-70.0
-70.0
-70.0
-70.0
-70.0
-63.705149718
-60.1380678915
-58.3265498659
-57.628754055
-57.6224514333
-58.0312548125
-58.675495013
-69.5613774964
-70.0
-70.0
-70.0
-70.0
-70.0
-70.0
-70.0
