-62.0
-57.4666666667
-55.1644444444
-54.2776296296
-54.2696197531
-54.7891598354
-65.6579118903
-70.0
-70.0
-70.0
-70.0
-70.0
-70.0
-70.0
-65.3849419296
-62.7697423563
-61.4416312005
-60.930043467
-60.9254227113
-61.2251361676
-62.1443468131
-56.0245874379
-70.0
-70.0
-70.0
-70.0
-70.0
-70.0
-67.8855555556
-66.6873703704
-66.0788802469
-65.8444901646
-65.8423731097
-65.9796904398
-66.1960911566
-59.0720335955
-61.4402508645
-70.0
-70.0
-70.0
-70.0
-70.0
-68.3467515384
-67.4099107434
-66.934142575
-66.7508769215
-66.749221632
-66.8565877372
-67.0257878091
-59.6946695663
-70.0
-70.0
-70.0
-70.0
-70.0
-70.0
-67.0196287131
-65.3307516506
-64.4730670247
-64.1426873483
-64.1397032976
-64.3332560905
-64.6382792299
-59.0098607183
-70.0
-70.0
-70.0
-70.0
-70.0
-70.0
-67.1631948922
-65.5556719978
-64.7393025279
-64.4248374284
-64.4219971211
-64.606226366
-64.8965563674
-57.8668071481
-70.0
-70.0
-70.0
-70.0
-70.0
-70.0
-68.3485761317
-67.412769273
-66.937526182
-66.754462788
-66.7528093253
-66.8600569369
-67.0290702726
-59.6977305727
-55.8037503935
-70.0
-70.0
-70.0
-70.0
-70.0
-70.0
-70.0
-70.0
-70.0
-70.0
-70.0
-70.0
-62.7736278684
-58.6786836605
-56.7627199884
-61.4971283227
-70.0
-70.0
-70.0
-70.0
-70.0
-70.0
-70.0
-70.0
-70.0
-70.0
-62.9277639518
-58.9201635245
-56.8849311507
-65.4342088169
-70.0
-70.0
-70.0
-70.0
-70.0
-70.0
-70.0
-70.0
-70.0
-70.0
-63.1269404054
-59.2322066352
-57.2542928185
-56.4924014346
-56.8197741334
-70.0
-70.0
-70.0
-70.0
-70.0
-70.0
-70.0
-70.0
-70.0
-63.8813083371
-60.4140497282
-58.6532262385
-57.9749579368
-57.9688316912
-58.5374506115
-70.0
-70.0
-70.0
-70.0
-70.0
-70.0
-70.0
-70.0
-65.9041591221
-63.5831826246
-62.4044906386
-61.9504590924
-61.9463581949
-62.2123523833
-62.7975948988
-57.5251671675
-68.7678527705
-70.0
-70.0
-70.0
-70.0
-70.0
-70.0
-70.0
-70.0
-70.0
-70.0
-70.0
-70.0
-62.4764259554
-58.5590036034
-69.7551805819
-70.0
-70.0
-70.0
-70.0
-67.3294114851
-65.8160779933
-65.0475419651
-64.7515022827
-64.7488283971
-64.9222631193
-65.1955818485
-57.9879416656
-59.2530488236
-70.0
-70.0
-70.0
-70.0
-70.0
-70.0
-70.0
-70.0
-70.0
-70.0
-70.0
-70.0
-62.5465815396
-58.3229777454
-56.3596838774
-70.0
-70.0
-70.0
-70.0
-70.0
-70.0
-70.0
-70.0
-70.0
-70.0
-70.0
-63.1944138597
-59.3379150468
-57.3794185909
-56.6250067643
-57.3208515426
-69.0300025113
-70.0
-70.0
-70.0
-70.0
-70.0
-70.0
-70.0
-70.0
-64.4817390215
-61.354724467
-59.7666915854
-59.1549821369
-59.1494570632
-59.6920882529
-66.756217363
-67.156759635
-69.0578107335
-70.0
-70.0
-70.0
-70.0
-70.0
-62.6433669849
-58.4746082763
-56.3575327753
-70.0
-70.0
-70.0
-70.0
-70.0
-70.0
-70.0
-70.0
-70.0
-70.0
-70.0
-62.6702460782
-58.5167188559
-56.4073785606
-55.9625307388
-70.0
-70.0
-70.0
-70.0
-70.0
-70.0
-70.0
-70.0
-70.0
-70.0
-63.2009671376
-59.3481818488
-57.3915712806
-56.637885897
-57.0029261655
-63.3790285459
-70.0
-70.0
-70.0
-70.0
-70.0
-70.0
-70.0
-70.0
-64.6186562977
-61.5692281998
-60.0205970677
-59.4240651528
-59.4186771655
-59.7681551343
-62.2840783298
-62.1967228577
-70.0
-70.0
-70.0
-70.0
-70.0
-70.0
-68.2698120713
-67.2893722451
-66.7914626078
-66.5996680719
-66.5979357479
-66.7102984953
-66.8873728605
-59.5655930254
-56.0799989511
-70.0
-70.0
-70.0
-70.0
-70.0
-70.0
-70.0
-70.0
-70.0
-70.0
-70.0
-70.0
-62.7469484665
-58.6368859309
-56.5496188785
-56.8564507722
-70.0
-70.0
-70.0
-70.0
-70.0
-70.0
-70.0
-70.0
-70.0
-70.0
-63.6616454809
-60.0699112534
-58.2458736751
-57.5432553389
-57.9105564353
-67.6683697184
-70.0
-70.0
-70.0
-70.0
-70.0
-70.0
-70.0
-70.0
-63.6865387668
-60.1089107347
-58.2920368909
-57.5921780216
-57.585856766
-70.0
-70.0
-70.0
-70.0
-70.0
-70.0
-70.0
-70.0
-70.0
-64.7982496571
-61.8505911294
-60.3536429752
-59.7770193168
-59.7718111445
-60.1096258697
-60.8436353944
-70.0
-70.0
-70.0
-70.0
-70.0
-70.0
-70.0
-66.7616899863
-64.9266476452
-63.9947339857
-63.6357613238
-63.6325190159
-63.8428229972
-64.1742446195
-57.238184056
-66.3838237387
-70.0
-70.0
-70.0
-70.0
-70.0
-70.0
-70.0
-70.0
-70.0
-70.0
-70.0
-70.0
-62.5857220952
-58.3842979492
-56.6502316857
-59.72319341
-70.0
-70.0
-70.0
-70.0
-70.0
-70.0
-70.0
-70.0
-70.0
-70.0
-63.193368485
-59.3362772931
-57.3774800015
-56.6229522932
-57.2052324957
-59.6572847759
-70.0
-70.0
-70.0
-70.0
-70.0
-70.0
-70.0
-70.0
-65.8111668953
-63.4374948026
-62.2320417203
-61.7677018135
-61.763507809
-62.035541146
-62.6740392835
-56.1632502745
-70.0
-70.0
-70.0
-70.0
-70.0
-70.0
-68.9986995885
-68.4312960219
-68.1431440146
-68.0321480098
-68.0311454732
-68.0961724354
-68.1986495316
-60.7884021127
-56.8620770854
-62.2903454273
-70.0
-70.0
-70.0
-70.0
-70.0
-70.0
-70.0
-70.0
-70.0
-70.0
-70.0
-62.9732050331
-58.9913545519
-56.9691991114
-56.1902658767
-60.9792129172
-70.0
-70.0
-70.0
-70.0
-70.0
-70.0
-70.0
-70.0
-70.0
-63.998897729
-60.5982731088
-58.871289233
-58.2060559331
-58.2000474221
-59.2140918267
-60.3700776163
-70.0
-70.0
-70.0
-70.0
-70.0
-70.0
-70.0
-65.8394692231
-63.4818351162
-62.2845268148
-61.8233242735
-61.8191586063
-62.0893539191
-62.5151593095
-55.9131994642
0
-70.0
-70.0
-70.0
-70.0
-70.0
-70.0
-70.0
-70.0
-70.0
-70.0
-70.0
-70.0
-63.1520747853
-59.2715838304
-57.3009031297
-56.5417979383
-70.0
-70.0
-70.0
-70.0
-70.0
-70.0
-70.0
-70.0
-70.0
-70.0
-63.6980334299
-60.1269190401
-58.3133531049
-57.6147684403
-57.6084586936
-58.8523868425
-70.0
-70.0
-70.0
-70.0
-70.0
-70.0
-70.0
-70.0
-65.3115336077
-62.6547359854
-61.3054995458
-60.7857743639
-60.7810801092
-61.0855608862
-61.790020081
-62.0013267327
-70.0
-70.0
-70.0
-70.0
-70.0
-70.0
-69.3313744856
-68.9524866941
-68.7600711294
-68.6859527529
-68.685283302
-68.7287055213
-68.7971353355
-61.3465100206
-57.6028011398
-56.5644506924
-70.0
-70.0
-70.0
-70.0
-70.0
-70.0
-70.0
-70.0
-70.0
-70.0
-70.0
-62.7254937503
-58.6032735421
-56.5098322991
-56.1496468321
-64.838697304
-70.0
-70.0
-70.0
-70.0
-70.0
-70.0
-70.0
-70.0
-70.0
-64.0035239602
-60.605520871
-58.8798683218
-58.2151478482
-58.2091439691
-58.8306148973
-60.2032784276
-70.0
-70.0
-70.0
-70.0
-70.0
-70.0
-70.0
-68.4201358025
-67.5248794239
-67.0702296159
-66.8950987439
-66.8935169293
-66.9961172762
-67.1578069085
-59.8177817653
-56.2071594038
-70.0
-70.0
-70.0
-70.0
-70.0
-70.0
-70.0
-70.0
-70.0
-70.0
-70.0
-70.0
-62.6922810999
-58.5512403898
-56.4482412841
-58.1243588404
-70.0
-70.0
-70.0
-70.0
-70.0
-70.0
-70.0
-70.0
-70.0
-70.0
-63.4208050235
-59.6925945368
-57.7992484269
-57.0699324801
-57.3028031763
-58.5100468752
-70.0
-70.0
-70.0
-70.0
-70.0
-70.0
-70.0
-70.0
-65.5456230523
-63.0214761153
-61.7396054159
-61.2458294824
-61.2413696063
-61.530648027
-61.9865268119
-55.6801055717
-70.0
-70.0
-70.0
-70.0
-70.0
-70.0
-70.0
-70.0
-70.0
-70.0
-70.0
-70.0
-70.0
-62.5620883598
-58.3472717636
-56.8972553246
-70.0
-70.0
-70.0
-70.0
-70.0
-70.0
-70.0
-70.0
-70.0
-70.0
-70.0
-63.0943908957
-59.1812124033
-57.193931561
-56.4284320036
-57.783786827
-70.0
-70.0
-70.0
-70.0
-70.0
-70.0
-70.0
-70.0
-70.0
-65.1034324036
-62.3287107656
-60.919587424
-60.3767938382
-60.3718912255
-60.689886617
-61.4403344938
-70.0
-70.0
-70.0
-70.0
-70.0
-70.0
-70.0
-66.5589497609
-64.609021292
-63.618763501
-63.2373167097
-63.2338714112
-63.4573418518
-63.809512721
-56.9452140785
-56.418640148
-70.0
-70.0
-70.0
-70.0
-70.0
-70.0
-70.0
-70.0
-70.0
-70.0
-70.0
-70.0
-62.6218550061
-58.4409061761
-56.5704419456
-56.567716989
-70.0
-70.0
-70.0
-70.0
-70.0
-70.0
-70.0
-70.0
-70.0
-70.0
-64.3461764975
-61.1423431794
-59.5152984159
-58.8885616106
-58.8829008071
-59.250074298
-70.0
-70.0
-70.0
-70.0
-70.0
-70.0
-70.0
-70.0
-66.2005002286
-64.0474503582
-62.9540387573
-62.5328571715
-62.529052981
-62.775802034
-63.1646580647
-56.8164190381
-70.0
-70.0
-70.0
-70.0
-70.0
-70.0
-70.0
-70.0
-70.0
-70.0
-70.0
-70.0
-70.0
-62.4852815195
-58.956773229
-57.4204313704
-70.0
-70.0
-70.0
-70.0
-70.0
-70.0
-70.0
-70.0
-70.0
-70.0
-70.0
-63.2604579925
-59.4413841883
-57.5018937661
-56.754803054
-57.010770452
-70.0
-70.0
-70.0
-70.0
-70.0
-70.0
-70.0
-70.0
-70.0
-64.1156347658
-60.781161133
-59.0877715823
-58.4354787991
-58.4295871692
-59.0756544974
-60.5182395434
-70.0
-70.0
-70.0
-70.0
-70.0
-70.0
-70.0
-68.8676419753
-68.225972428
-67.900104952
-67.774580968
-67.773447212
-67.8469853847
-67.9628754421
-60.5685349362
-56.4463128015
-70.0
-70.0
-70.0
-70.0
-70.0
-70.0
-70.0
-70.0
-70.0
-70.0
-70.0
-70.0
-63.1179889245
-59.2181826483
-57.2376927943
-56.4748091222
-70.0
-70.0
-70.0
-70.0
-70.0
-70.0
-70.0
-70.0
-70.0
-70.0
-63.4556702455
-59.7472167179
-57.8639040441
-57.1384529717
-57.1319005625
-62.7421235104
-70.0
-70.0
-70.0
-70.0
-70.0
-70.0
-70.0
-70.0
-65.6900210334
-63.247699619
-62.0073834497
-61.5296142998
-61.5252989999
-61.8051998532
-62.5183681994
-56.3699648081
-70.0
-70.0
-70.0
-70.0
-70.0
-70.0
-70.0
-70.0
-70.0
-70.0
-70.0
-70.0
-70.0
-62.5574187195
-58.3399559938
-56.4742577033
-70.0
-70.0
-70.0
-70.0
-70.0
-70.0
-70.0
-70.0
-70.0
-70.0
-70.0
-63.3576667513
-59.5936779104
-57.6821620089
-56.9458470676
-57.2172036679
-70.0
-70.0
-70.0
-70.0
-70.0
-70.0
-70.0
-70.0
-70.0
-64.9369041305
-62.0678164711
-60.6107699931
-60.0495164398
-60.0444470932
-60.3732572488
-61.3863407281
-70.0
-70.0
-70.0
-70.0
-70.0
-70.0
-70.0
-70.0
-70.0
-70.0
-70.0
-70.0
-70.0
-70.0
-62.4846132283
-58.2258940577
-70.0
-70.0
-70.0
-70.0
-70.0
-70.0
-70.0
-70.0
-70.0
-70.0
-70.0
-70.0
-62.6532823103
-58.4901422861
-56.3759201954
-56.3517116233
-70.0
-70.0
-70.0
-70.0
-70.0
-70.0
-70.0
-70.0
-70.0
-70.0
-63.4345717328
-59.7141623814
-57.8247780245
-57.0969881428
-57.0904146091
-58.5393564437
-70.0
-70.0
-70.0
-70.0
-70.0
-70.0
-70.0
-70.0
-67.6628395062
-66.3384485597
-65.6658657064
-65.4067871376
-65.4044470918
-65.5562281612
-65.7954225308
-58.5473130426
-70.0
-70.0
-70.0
-70.0
-70.0
-70.0
-70.0
-70.0
-70.0
-70.0
-70.0
-70.0
-70.0
-62.6424581619
-58.4731844536
-56.6479398029
-70.0
-70.0
-70.0
-70.0
-70.0
-70.0
-70.0
-70.0
-70.0
-70.0
-70.0
-63.3399660991
-59.5659468886
-57.6493371327
-56.9110600413
-57.7170968098
-70.0
-70.0
-70.0
-70.0
-70.0
-70.0
-70.0
-70.0
-70.0
-65.2084036733
-62.4931657548
-61.1142508119
-60.5830934857
-60.5782959739
-60.8894742676
-61.6768090115
-70.0
-70.0
-70.0
-70.0
-70.0
-70.0
-70.0
-67.3273947127
-65.8129183833
-65.0438019729
-64.7475387275
-64.7448628227
-64.9184285191
-65.1919536529
-57.9845582525
-55.1148447972
-70.0
-70.0
-70.0
-70.0
-70.0
-70.0
-70.0
-70.0
-70.0
-70.0
-70.0
-70.0
-62.9882551327
-59.0149330413
-56.9971086851
-56.2198437818
-70.0
-70.0
-70.0
-70.0
-70.0
-70.0
-70.0
-70.0
-70.0
-70.0
-64.5390446578
-61.4445032973
-59.8729617043
-59.2676046918
-59.2621369945
-59.616785143
-70.0
-70.0
-70.0
-70.0
-70.0
-70.0
-70.0
-70.0
-65.6091767834
-63.1210436273
-61.8574622794
-61.3707313947
-61.3663351507
-61.6514862326
-62.100860674
-56.4154922572
-70.0
-70.0
-70.0
-70.0
-70.0
-70.0
-70.0
-70.0
-70.0
-70.0
-70.0
-70.0
-70.0
-62.5311310795
-58.2987720245
-56.7209036804
-70.0
-70.0
-70.0
-70.0
-70.0
-70.0
-70.0
-70.0
-70.0
-70.0
-70.0
-63.4434954751
-59.728142911
-57.8413266088
-57.1145259405
-57.1079613416
-70.0
-70.0
-70.0
-70.0
-70.0
-70.0
-70.0
-70.0
-70.0
-65.3581557689
-62.7277773713
-61.3919577537
-60.8774007247
-60.8727531498
-61.1742061665
-61.9591467246
-70.0
-70.0
-70.0
-70.0
-70.0
-70.0
-70.0
-69.5124142661
-69.2361156836
-69.0957993446
-69.0417495631
-69.0412613754
-69.0729264169
-69.1228278946
-61.6502291591
-57.4449956125
-70.0
-70.0
-70.0
-70.0
-70.0
-70.0
-70.0
-70.0
-70.0
-70.0
-70.0
-70.0
-63.14021914
-59.2530099861
-57.2789174941
-56.5184980825
-70.0
-70.0
-70.0
-70.0
-70.0
-70.0
-70.0
-70.0
-70.0
-70.0
-63.5735034822
-59.9318221221
-58.0824192354
-57.3700301954
-57.363595765
-58.0987360839
-70.0
-70.0
-70.0
-70.0
-70.0
-70.0
-70.0
-70.0
-65.623543214
-63.1435510353
-61.8841040269
-61.3989656877
-61.3945838278
-61.6788019177
-62.126706041
-55.7259360616
-70.0
-70.0
-70.0
-70.0
-70.0
-70.0
-70.0
-70.0
-70.0
-70.0
-70.0
-70.0
-70.0
-62.8319165439
-58.7700025854
-56.7071874575
-56.2348449519
-70.0
-70.0
-70.0
-70.0
-70.0
-70.0
-70.0
-70.0
-70.0
-70.0
-63.9146691053
-60.4663149317
-58.7150919298
-58.0405217309
-58.0344288873
-58.4296255515
-70.0
-70.0
-70.0
-70.0
-70.0
-70.0
-70.0
-70.0
-65.8083823126
-63.4331322897
-62.2268778663
-61.7622292834
-61.7580324909
-62.0302466657
-62.459233615
-69.3679578298
-70.0
-70.0
-70.0
-70.0
-70.0
-70.0
-69.7454735736
-69.6012419319
-69.5279948826
-69.4997801568
-69.4995253162
-69.5160549013
-69.5421041556
-62.0412182107
-57.8059793701
-70.0
-70.0
-70.0
-70.0
-70.0
-70.0
-70.0
-70.0
-70.0
-70.0
-70.0
-70.0
-62.7353100504
-58.6186524122
-56.5280360823
-56.0524267628
-70.0
-70.0
-70.0
-70.0
-70.0
-70.0
-70.0
-70.0
-70.0
-70.0
-64.3450482142
-61.1405755356
-59.5132060772
-58.8863441996
-58.8806822664
-59.2479290309
-70.0
-70.0
-70.0
-70.0
-70.0
-70.0
-70.0
-70.0
-68.2032510288
-67.1850932785
-66.6680288523
-66.4688559015
-66.4670569344
-66.5837423229
-66.7676288119
-59.4539277194
-57.6943984569
-70.0
-70.0
-70.0
-70.0
-70.0
-70.0
-70.0
-70.0
-70.0
-70.0
-70.0
-70.0
-62.6656349609
-58.5094947721
-56.3988274998
-70.0
-70.0
-70.0
-70.0
-70.0
-70.0
-70.0
-70.0
-70.0
-70.0
-70.0
-63.1581466302
-59.2810963873
-57.3121630286
-56.5537309125
-56.8855062608
-70.0
-70.0
-70.0
-70.0
-70.0
-70.0
-70.0
-70.0
-70.0
-65.450450846
-62.872372992
-61.5631138466
-61.0587878978
-61.0542327319
-61.3496918746
-61.8153109644
-70.0
-70.0
-70.0
-70.0
-70.0
-70.0
-70.0
-70.0
-70.0
-70.0
-70.0
-70.0
-70.0
-70.0
-62.4703270993
-58.2035124556
-70.0
-70.0
-70.0
-70.0
-70.0
-70.0
-70.0
-70.0
-70.0
-70.0
-70.0
-70.0
-63.0611778918
-59.1291786972
-57.1323398905
-56.3631586101
-70.0
-70.0
-70.0
-70.0
-70.0
-70.0
-70.0
-70.0
-70.0
-70.0
-64.0169562961
-60.6265648639
-58.9047778424
-58.2415463681
-58.235555938
-58.9703192388
-70.0
-70.0
-70.0
-70.0
-70.0
-70.0
-70.0
-70.0
-65.9763018373
-63.6962062118
-62.5382752961
-62.0922409034
-62.0882122377
-62.3495212971
-62.7613226894
-56.0662087976
-70.0
-70.0
-70.0
-70.0
-70.0
-70.0
-70.0
-70.0
-70.0
-70.0
-70.0
-70.0
-70.0
-62.5051879271
-58.2581277525
-56.4525647691
-70.0
-70.0
-70.0
-70.0
-70.0
-70.0
-70.0
-70.0
-70.0
-70.0
-70.0
-64.0271202561
-60.6424884012
-58.9236263415
-58.261521561
-58.2555413073
-58.9976893693
-70.0
-70.0
-70.0
-70.0
-70.0
-70.0
-70.0
-70.0
-66.9797184201
-65.2682255248
-64.3990556035
-64.0642517973
-64.0612277869
-64.2573724545
-64.5664801732
-57.4012834398
-70.0
-70.0
-70.0
-70.0
-70.0
-70.0
-70.0
-70.0
-70.0
-70.0
-70.0
-70.0
-70.0
-62.5298261113
-58.2967275743
-59.413393654
-70.0
-70.0
-70.0
-70.0
-70.0
-70.0
-70.0
-70.0
-70.0
-70.0
-70.0
-63.0242884196
-59.0713851907
-57.0639304137
-56.290659867
-62.5742496251
-70.0
-70.0
-70.0
-70.0
-70.0
-70.0
-70.0
-70.0
-70.0
-64.3971992563
-61.2222788349
-59.6099172875
-58.9888364495
-58.9832267318
-59.3470866767
-70.0
-70.0
-70.0
-70.0
-70.0
-70.0
-70.0
-70.0
-68.0012373114
-66.8686051212
-66.2934056363
-66.0718390909
-66.0698378606
-66.1996425271
-66.4042039094
-59.1150219162
-67.3960419808
-70.0
-70.0
-70.0
-70.0
-70.0
-70.0
-70.0
-70.0
-70.0
-70.0
-70.0
-70.0
-62.8220547736
-58.7545524787
-56.6888993524
-56.5898118353
-70.0
-70.0
-70.0
-70.0
-70.0
-70.0
-70.0
-70.0
-70.0
-70.0
-63.7523408752
-60.2120007045
-58.4140632452
-57.7214986615
-57.7152432892
-62.0030910961
-70.0
-70.0
-70.0
-70.0
-70.0
-70.0
-70.0
-70.0
-65.7310760167
-63.3120190928
-62.0835176354
-61.6102995064
-61.6060253121
-61.8832599518
-62.3201587373
-66.4702478455
-70.0
-70.0
-70.0
-70.0
-70.0
-70.0
-70.0
-70.0
-70.0
-70.0
-70.0
-70.0
-70.0
-62.5138935988
-58.2717666381
-70.0
-70.0
-70.0
-70.0
-70.0
-70.0
-70.0
-70.0
-70.0
-70.0
-70.0
-70.0
-63.2726748294
-59.4605238994
-57.5245492114
-56.7788127582
-56.7720771277
-70.0
-70.0
-70.0
-70.0
-70.0
-70.0
-70.0
-70.0
-70.0
-65.3443115379
-62.706088076
-61.3662843963
-60.8501927087
-60.8455312725
-61.1478833683
-61.6243651802
-70.0
-70.0
-70.0
-70.0
-70.0
-70.0
-70.0
-68.1866434674
-67.1590747656
-66.6372310524
-66.4362171227
-66.4344015274
-66.5521654527
-66.7377516261
-59.4260662503
-55.7695887647
-70.0
-70.0
-70.0
-70.0
-70.0
-70.0
-70.0
-70.0
-70.0
-70.0
-70.0
-70.0
-62.9658672589
-58.9798587056
-56.9555916168
-56.1758449763
-70.0
-70.0
-70.0
-70.0
-70.0
-70.0
-70.0
-70.0
-70.0
-70.0
-64.7213083371
-61.7300497282
-60.2109595719
-59.6258068257
-59.6205216171
-59.9633331048
-70.0
-70.0
-70.0
-70.0
-70.0
-70.0
-70.0
-70.0
-68.2429670782
-67.2473150892
-66.7416800595
-66.5469097064
-66.5451505043
-66.6592566329
-66.8390784223
-59.5205568562
-65.0109257033
-70.0
-70.0
-70.0
-70.0
-70.0
-70.0
-70.0
-70.0
-70.0
-70.0
-70.0
-70.0
-62.5983431256
-58.4040708968
-56.2740385296
-70.0
-70.0
-70.0
-70.0
-70.0
-70.0
-70.0
-70.0
-70.0
-70.0
-70.0
-63.2376949267
-59.4057220518
-57.4596809252
-56.710066885
-57.0925288052
-70.0
-70.0
-70.0
-70.0
-70.0
-70.0
-70.0
-70.0
-70.0
-65.0407213913
-62.230463513
-60.8032933356
-60.253548118
-60.2485827168
-60.5706507189
-61.4689183951
-70.0
-70.0
-70.0
-70.0
-70.0
-70.0
-70.0
-70.0
-70.0
-70.0
-70.0
-70.0
-70.0
-70.0
-62.5321622582
-58.3003875379
-70.0
-70.0
-70.0
-70.0
-70.0
-70.0
-70.0
-70.0
-70.0
-70.0
-70.0
-70.0
-63.2941282184
-59.4941342089
-57.5643333295
-56.8209750242
-60.6326434143
-70.0
-70.0
-70.0
-70.0
-70.0
-70.0
-70.0
-70.0
-70.0
-64.1829670533
-60.8866483834
-59.2126355688
-58.5678066943
-58.5619824799
-58.9397552019
-70.0
-70.0
-70.0
-70.0
-70.0
-70.0
-70.0
-70.0
-67.0761466762
-65.4192964593
-64.5778764472
-64.2537618917
-64.2508344287
-64.4407168033
-64.7399556679
-57.5630551055
-70.0
-70.0
-70.0
-70.0
-70.0
-70.0
-70.0
-70.0
-70.0
-70.0
-70.0
-70.0
-70.0
-62.5273904675
-58.2929117324
-56.8689225779
-70.0
-70.0
-70.0
-70.0
-70.0
-70.0
-70.0
-70.0
-70.0
-70.0
-70.0
-63.8506262934
-60.365981193
-58.596328093
-57.9146586299
-57.9085016644
-61.2603934061
-70.0
-70.0
-70.0
-70.0
-70.0
-70.0
-70.0
-70.0
-66.9420045725
-65.2091404969
-64.3291173683
-63.9901329122
-63.9870711415
-64.185665041
-64.498632546
-57.3380132718
-55.7553195271
-68.6117576288
-70.0
-70.0
-70.0
-70.0
-70.0
-70.0
-70.0
-70.0
-70.0
-70.0
-70.0
-63.0960153135
-59.1837573245
-57.1969439537
-56.431624466
-56.8350962912
-70.0
-70.0
-70.0
-70.0
-70.0
-70.0
-70.0
-70.0
-70.0
-65.3882091145
-62.774860946
-61.4476900134
-60.9364644534
-60.9318469689
-61.2313482459
-61.703337404
-70.0
-70.0
-70.0
-70.0
-70.0
-70.0
-70.0
-69.84839603
-69.7624871137
-69.7188588601
-69.7020532792
-69.7019014881
-69.7117470305
-69.7272627882
-62.213884791
-57.9653951663
-70.0
-70.0
-70.0
-70.0
-70.0
-70.0
-70.0
-70.0
-70.0
-70.0
-70.0
-70.0
-63.0543098939
-59.1184188338
-57.11960357
-56.3496609593
-70.0
-70.0
-70.0
-70.0
-70.0
-70.0
-70.0
-70.0
-70.0
-70.0
-63.9584375919
-60.5348855606
-58.7962581565
-58.1265397755
-58.1204907544
-58.9303578976
-70.0
-70.0
-70.0
-70.0
-70.0
-70.0
-70.0
-70.0
-68.0820384088
-66.9951935071
-66.4432467825
-66.2306371883
-66.2287168589
-66.3532740993
-66.5495659735
-59.2505768733
-60.4176100388
-70.0
-70.0
-70.0
-70.0
-70.0
-70.0
-70.0
-70.0
-70.0
-70.0
-70.0
-70.0
-62.9536063065
-58.9606498801
-56.9328543616
-56.5744710227
-70.0
