-70.0
-63.0
-56.7
0
-70.0
-70.0
-70.0
-70.0
-70.0
-70.0
-70.0
-70.0
-70.0
-70.0
-70.0
-70.0
-64.1138248133
-60.7783255408
-59.084415126
-58.882244392
-63.648460752
-70.0
-70.0
-70.0
-70.0
-70.0
-70.0
-70.0
-65.202175799
-62.4834087518
-61.1027015651
-60.5708538676
-60.5660501201
-60.8776328677
-63.6324922536
-67.7647282873
-70.0
-70.0
-67.0111332825
-62.9905400592
-60.8118327899
-59.8108806687
-59.549946707
-59.7417214398
-60.5032124336
-56.8680114602
-61.1936860762
-69.5864402453
-70.0
-70.0
-70.0
-70.0
-70.0
-70.0
-70.0
-70.0
-70.0
-70.0
-63.3570117278
-61.265443673
-66.0851519379
-70.0
-70.0
-70.0
-70.0
-70.0
-70.0
-64.7752166055
-61.8145060153
-60.3109294607
-59.7317525459
-59.7265213122
-60.5223908913
-64.6536149664
-70.0
-70.0
-70.0
-70.0
-70.0
-70.0
-70.0
-70.0
-70.0
-70.0
-70.0
-70.0
-70.0
-69.2957598487
-70.0
-70.0
-70.0
-70.0
-70.0
-70.0
-63.7011701441
-60.1318332258
-58.3191699673
-59.3007360876
-64.2011640867
-70.0
-70.0
-70.0
-70.0
-70.0
-70.0
-70.0
-70.0
-70.0
-70.0
-70.0
-70.0
-70.0
-70.0
-70.0
-70.0
-70.0
-70.0
-64.4502676912
-61.3054193829
-55.8423366962
0
-70.0
-70.0
-70.0
-70.0
-70.0
-70.0
-70.0
-70.0
-70.0
-70.0
-70.0
-70.0
-70.0
-70.0
-70.0
-70.0
-70.0
-70.0
-70.0
-70.0
-70.0
-70.0
-70.0
-63.988324159
-60.5817078491
-58.8516811349
-58.1852757352
-58.1792566375
-60.1056254994
-69.8464036887
-70.0
-70.0
-70.0
-70.0
-70.0
-70.0
-70.0
-70.0
-70.0
-63.5156929275
-59.841252253
-58.9034543477
-67.4835833733
-70.0
-70.0
-70.0
-70.0
-70.0
-70.0
-70.0
-70.0
-70.0
-70.0
-70.0
-70.0
-70.0
-70.0
-70.0
-70.0
-70.0
-70.0
-70.0
-65.4644487137
-62.8943029849
-61.5890721147
-61.0862978555
-61.0817567047
-61.3763067908
-56.5931333344
-58.3528570524
-66.1263334837
-70.0
-70.0
-70.0
-70.0
-64.8634843328
-61.9527921214
-60.4746170572
-59.9052247834
-59.9000819263
-62.7070090338
-69.7250057483
-70.0
-70.0
-70.0
-70.0
-70.0
-70.0
-70.0
-70.0
-70.0
-70.0
-70.0
-70.0
-70.0
-70.0
-70.0
-70.0
-66.3117859502
-64.2217979886
-63.1604119454
-62.7515665879
-62.7478738205
-62.9873956994
-63.3648623034
-63.8125135224
-66.6079742853
-70.0
-70.0
-70.0
-70.0
-70.0
-70.0
-70.0
-70.0
-70.0
-70.0
-70.0
-70.0
-70.0
-70.0
-70.0
-70.0
-70.0
-70.0
-70.0
-70.0
-70.0
-70.0
-70.0
-63.5370164709
-59.8746591378
-58.9488894781
-66.7991663212
-70.0
-70.0
-70.0
-70.0
-70.0
-70.0
-70.0
-70.0
-70.0
-70.0
-70.0
-70.0
-70.0
-70.0
-70.0
-70.0
-70.0
-70.0
-70.0
-70.0
-70.0
-70.0
-70.0
-70.0
-64.6735468862
-67.2469412628
-70.0
-70.0
-70.0
-70.0
-64.7233041506
-61.7331765027
-60.2146606971
-59.6297291906
-59.6244459803
-60.433639788
-66.9715963606
-70.0
-70.0
-70.0
-67.5507136895
-66.1627847802
-65.4579346086
-65.1864266854
-65.1839743753
-59.3385269272
-56.1866408941
-54.9149834999
-55.5820839444
-58.3422558849
-56.732693321
-59.0215048787
-61.7913187801
-64.1691798738
-60.7170231999
-58.9551617555
-58.2662061637
-58.2439592699
-58.6224791579
-59.542614409
-63.5593184762
-70.0
-70.0
-70.0
-70.0
-70.0
-70.0
-70.0
-70.0
-64.2785923036
-61.0364612756
-55.5517190191
0
-70.0
-70.0
-70.0
-70.0
-70.0
-70.0
-70.0
-70.0
-70.0
-70.0
-70.0
-70.0
-70.0
-63.5152751395
-59.2530099781
-61.2823706341
-64.5280564646
-68.0512926291
-70.0
-70.0
-70.0
-70.0
-70.0
-70.0
-70.0
-64.6572375422
-65.5646537698
-70.0
-70.0
-70.0
-70.0
-70.0
-70.0
-70.0
-70.0
-70.0
-63.6171290198
-60.0001687977
-58.4750317618
-62.0279277933
-70.0
-70.0
-70.0
-70.0
-70.0
-70.0
-70.0
-70.0
-70.0
-70.0
-70.0
-63.3373415932
-60.0337102016
-61.2230910055
-67.5473657752
-70.0
-70.0
-70.0
-66.7731488161
-64.9445998119
-64.015983749
-63.6582813196
-63.6550504847
-63.8646103009
-64.1948591806
-64.5865132024
-65.4808967968
-70.0
-70.0
-70.0
-70.0
-70.0
-70.0
-70.0
-70.0
-70.0
-70.0
-70.0
-70.0
-70.0
-70.0
-70.0
-70.0
-70.0
-70.0
-70.0
-70.0
-70.0
-70.0
-70.0
-70.0
-70.0
-70.0
-70.0
-70.0
-69.8320581778
-70.0
-70.0
-70.0
-70.0
-70.0
-70.0
-70.0
-70.0
-70.0
-70.0
-70.0
-70.0
-70.0
-70.0
-70.0
-70.0
-70.0
-70.0
-70.0
-70.0
-70.0
-70.0
-70.0
-63.4128467771
-59.6801266174
-61.5911847432
-70.0
-70.0
-70.0
-70.0
-67.3562039673
-65.8580528821
-65.0972271349
-64.8041574487
-64.8015103888
-64.9732051398
-65.2437818191
-65.5646684327
-65.9050447865
-70.0
-70.0
-70.0
-70.0
-70.0
-70.0
-70.0
-65.7221861432
-63.2980916244
-58.2528096367
-55.6172134562
-54.5152819661
-54.5289529113
-55.8444684263
-55.4501495433
-62.3362119611
-70.0
-70.0
-70.0
-70.0
-70.0
-70.0
-70.0
-70.0
-70.0
-70.0
-70.0
-64.0616749785
-65.3241537065
-70.0
-70.0
-70.0
-70.0
-70.0
-70.0
-64.661038449
-59.3514466951
-56.5206434196
-55.2714733403
-55.0129221814
-55.3573607467
-61.0205140802
-70.0
-70.0
-70.0
-70.0
-70.0
-70.0
-70.0
-65.1028465944
-62.3277929979
-60.9185010734
-60.3756425496
-60.3707393503
-60.849538618
-67.0061686457
-70.0
-70.0
-70.0
-70.0
-70.0
-70.0
-70.0
-70.0
-70.0
-70.0
-70.0
-70.0
-70.0
-70.0
-70.0
-70.0
-70.0
-66.4962437015
-64.510781799
-63.5024785975
-63.1140807234
-63.1105726415
-63.3381153709
-63.6967038296
-64.1219667771
-64.5730589864
-58.6775264063
-63.4161342191
-70.0
-70.0
-70.0
-70.0
-70.0
-70.0
-70.0
-70.0
-70.0
-70.0
-70.0
-70.0
-70.0
-69.9217599114
-70.0
-70.0
-70.0
-70.0
-70.0
-70.0
-70.0
-64.3829343965
-58.9220940961
-56.0148534461
-54.7366806078
-54.6408192917
0
-70.0
-70.0
-70.0
-70.0
-70.0
-70.0
-70.0
-65.4371564767
-62.8515451468
-57.7471702467
-55.0929729651
0
-70.0
-70.0
-70.0
-70.0
-70.0
-70.0
-70.0
-70.0
-70.0
-70.0
-64.2605274298
-61.0081596399
-59.3564669781
-58.720235815
0
-70.0
-70.0
-70.0
-70.0
-70.0
-70.0
-70.0
-65.5419106403
-60.7473829198
-58.1790868569
-57.0321396572
-56.7762333488
-58.8616841332
-66.9977120474
-70.0
-70.0
-70.0
-70.0
-70.0
-70.0
-70.0
-70.0
-70.0
-63.5916873874
-59.9603102402
-58.7696804326
-62.2060348497
-68.7973232472
-70.0
-70.0
-70.0
-70.0
-70.0
-70.0
-70.0
-70.0
-70.0
-70.0
-70.0
-70.0
-70.0
-70.0
-70.0
-70.0
-66.7698250842
-64.9393926319
-64.0098200729
-63.6517492016
-58.1949046993
-55.3143011747
-54.075462354
-54.1868828357
-56.923316722
-62.9469563836
-67.7751745959
-64.9977666405
-63.4980629793
-62.8149720166
-62.6446183717
-62.7875855724
-57.2149159854
-55.7610739909
0
-70.0
-70.0
-70.0
-70.0
-70.0
-70.0
-70.0
-70.0
-70.0
-70.0
-70.0
-70.0
-70.0
-66.1729059059
-65.6195075279
-67.0316136347
-69.7535298031
-70.0
-65.9447166314
-63.6467227225
-62.4797022864
-62.0301666152
-62.0261063253
-62.2894666072
-63.3615647609
-66.699850257
-70.0
-70.0
-70.0
-70.0
-70.0
-70.0
-70.0
-70.0
-63.9042579805
-60.4500041695
-58.6957850772
0
-70.0
-70.0
-70.0
-70.0
-70.0
-70.0
-70.0
-70.0
-70.0
-64.4124359334
-61.2461496289
-59.6381728587
-54.2529630947
0
-70.0
-70.0
-70.0
-70.0
-70.0
-70.0
-70.0
-70.0
-70.0
-70.0
-70.0
-70.0
-70.0
-70.0
-70.0
-70.0
-70.0
-69.3443313501
-68.9727857818
-68.7840989147
-68.7114168307
-68.7107603526
-68.7533411206
-68.8204448774
-68.9000256356
-69.3161696826
-70.0
-70.0
-70.0
-70.0
-70.0
-70.0
-70.0
-70.0
-64.4410248632
-61.2909389524
-59.6911894408
-59.0749667525
-59.7290268204
-64.9597645073
-70.0
-70.0
-69.2836219402
-69.0150884934
-68.8867988088
-68.8469317045
-68.8614470517
-68.908108025
-68.9725010081
-62.6797892607
-59.1481692369
-60.7492779665
-70.0
-70.0
-70.0
-70.0
-70.0
-70.0
-70.0
-70.0
-70.0
-70.0
-70.0
-70.0
-70.0
-69.0428171776
-70.0
-70.0
-70.0
-70.0
-70.0
-70.0
-70.0
-70.0
-70.0
-70.0
-70.0
-70.0
-70.0
-70.0
-70.0
-70.0
-70.0
-70.0
-66.2403642894
-61.860067595
-59.5032206586
-58.4390051414
-58.1858423264
-58.4277498932
-58.9586361035
-59.8123500701
-61.9926721424
-65.5889412372
-63.5459381458
-64.2303864997
-61.2534074654
-59.9054434225
-59.433150216
-54.7529020396
0
-70.0
-70.0
-70.0
-70.0
-70.0
-70.0
-70.0
-70.0
-70.0
-70.0
-70.0
-70.0
-70.0
-70.0
-70.0
-70.0
-70.0
-70.0
-70.0
-70.0
-70.0
-70.0
-70.0
-70.0
-70.0
-70.0
-70.0
-70.0
-70.0
-70.0
-70.0
-70.0
-70.0
-70.0
-70.0
-70.0
-70.0
-70.0
-70.0
-63.6296851161
-60.0198400152
-60.0348803099
-65.2734479203
-70.0
-70.0
-70.0
-70.0
-70.0
-64.5941510481
-61.5308366421
-59.9751534437
-59.3759050766
-59.3704925537
-54.2031357816
-58.5402092255
-69.9195326869
-70.0
-70.0
-70.0
-70.0
-66.5469971376
-64.5902955156
-59.8595580947
-57.3591303723
-56.2802360598
-56.0902249369
0
-70.0
-70.0
-70.0
-70.0
-70.0
-70.0
-70.0
-70.0
-70.0
-70.0
-70.0
-70.0
-70.0
-70.0
-70.0
-70.0
-70.0
-70.0
-70.0
-70.0
-70.0
-70.0
-70.0
-70.0
-70.0
-70.0
-70.0
-70.0
-70.0
-70.0
-70.0
-70.0
-70.0
-70.0
-70.0
-70.0
-70.0
-70.0
-70.0
-70.0
-70.0
-70.0
-70.0
-70.0
-70.0
-70.0
-70.0
-70.0
-70.0
-70.0
-70.0
-70.0
-70.0
-70.0
-70.0
-70.0
-63.6154914592
-59.997603286
-59.5256087222
-61.5077742184
-66.9989811552
-70.0
-69.3860877579
-69.038204154
-68.8615338532
-68.7934805443
-68.7928658742
-68.8327348763
-62.7757207434
-59.3823215722
-57.7002046838
-57.100927728
-58.1951866986
-59.9172634886
-64.8410127274
-70.0
-70.0
-70.0
-70.0
-70.0
-70.0
-70.0
-70.0
-70.0
-70.0
-70.0
-70.0
-70.0
-70.0
-70.0
-70.0
-70.0
-70.0
-70.0
-66.8262185734
-65.0277424316
-64.1143986655
-63.762579117
-63.7594014173
-63.9655147503
-64.2903322584
-64.6755450213
-65.9375096461
-70.0
-70.0
-70.0
-70.0
-70.0
-70.0
-70.0
-70.0
-70.0
-70.0
-63.6445803126
-60.2157127715
-60.1882194749
-66.6486380178
-68.9436772119
-70.0
-70.0
-70.0
-65.8174443735
-63.4473295185
-58.5203148993
-55.9467622978
-54.8710719937
-54.7299554114
-55.1542869483
-59.156377425
-68.1580054158
-70.0
-70.0
-70.0
-70.0
-70.0
-70.0
-70.0
-70.0
-63.6442706778
-60.0426907286
-59.5718688363
-63.3729039068
-70.0
-70.0
-70.0
-70.0
-67.3552858888
-63.6249781007
-61.5992941579
-60.6639073203
-55.7026457839
0
-70.0
-70.0
-70.0
-70.0
-70.0
-70.0
-70.0
-70.0
-70.0
-70.0
-70.0
-70.0
-70.0
-70.0
-70.0
-70.0
-70.0
-70.0
-70.0
-70.0
-70.0
-70.0
-70.0
-70.0
-70.0
-70.0
-64.0165155391
-60.6258743446
-58.903960483
-58.24068015
-58.9286761709
-63.8002149745
-70.0
-70.0
-70.0
-70.0
-70.0
-70.0
-70.0
-70.0
-70.0
-70.0
-70.0
-70.0
-70.0
-70.0
-70.0
-70.0
-70.0
-70.0
-70.0
-70.0
-70.0
-70.0
-70.0
-70.0
-70.0
-70.0
-70.0
-70.0
-70.0
-70.0
-70.0
-70.0
-70.0
-70.0
-70.0
-70.0
-70.0
-63.7167827271
-60.1562929392
-54.6349993712
0
-70.0
-70.0
-70.0
-70.0
-70.0
-70.0
-70.0
-70.0
-65.2327476054
-62.5313045818
-61.1593952815
-55.93365053
0
-70.0
-70.0
-70.0
-70.0
-70.0
-70.0
-70.0
-70.0
-65.67784386
-61.0066543391
-58.5037188152
-57.3851668737
-57.1345301463
-58.0981641457
-60.9718012111
-67.3809527896
-70.0
-70.0
-70.0
-70.0
-70.0
-70.0
-70.0
-70.0
-70.0
-70.0
-63.5806166919
-60.800717113
-67.010430204
-70.0
-70.0
-70.0
-70.0
-70.0
-70.0
-70.0
-70.0
-70.0
-64.2186143852
-58.7243781618
-55.803690489
-54.8723909222
0
-70.0
-70.0
-70.0
-70.0
-70.0
-70.0
-70.0
-70.0
-70.0
-70.0
-70.0
-70.0
-70.0
-70.0
-70.0
-70.0
-70.0
-70.0
-70.0
-70.0
-65.3617107869
-60.5180729411
-57.927954469
-56.7762849034
-56.5260736672
0
-70.0
-70.0
-70.0
-70.0
-70.0
-70.0
-70.0
-67.3036465074
-65.7757128616
-61.3122327315
-58.9237368957
-57.8598481644
-57.6261866535
-58.7587730845
-67.2345224877
-70.0
-70.0
-70.0
-70.0
-70.0
-70.0
-65.0927006989
-62.3118977617
-60.8996860739
-60.3557028588
-60.3507895011
-60.6694818365
-61.1717145098
-59.6818514191
-70.0
-70.0
-70.0
-70.0
-70.0
-70.0
-70.0
-70.0
-64.7889901228
-61.8360845258
-60.3364716833
-59.7588215884
-59.7536041452
-60.4447554042
-69.5519863948
-70.0
-70.0
-70.0
-70.0
-70.0
-70.0
-70.0
-70.0
-70.0
-70.0
-70.0
-63.5999822056
-60.1613819334
-62.2930793062
-70.0
-70.0
-70.0
-70.0
-70.0
-70.0
-70.0
-70.0
-70.0
-70.0
-64.0487438087
-60.6763653002
-58.9637260185
-58.6502767406
-65.5232360214
-70.0
-70.0
-70.0
-70.0
-70.0
-70.0
-70.0
-70.0
-70.0
-70.0
-70.0
-70.0
-64.9652647606
-66.8727136905
-70.0
-70.0
-70.0
-70.0
-70.0
-70.0
-70.0
-64.2727185952
-58.8264226742
-55.9310976991
-54.662866124
-54.4131649749
-60.6772114306
-70.0
-70.0
-70.0
-70.0
-70.0
-70.0
-65.1996961613
-62.479523986
-57.4332872424
-54.8244356215
0
-70.0
-70.0
-70.0
-70.0
-70.0
-70.0
-70.0
-70.0
-70.0
-67.678525316
-66.3630229951
-65.6949541694
-65.4376144017
-65.435290061
-65.5860524545
-65.8236414755
-66.281497372
-67.9319757307
-70.0
-70.0
-70.0
-70.0
-70.0
-70.0
-65.5870836952
-63.0864311225
-61.8164918748
-61.3273119303
-56.0417513978
0
-70.0
-70.0
-70.0
-70.0
-70.0
-70.0
-70.0
-70.0
-70.0
-70.0
-70.0
-70.0
-70.0
-64.1003947969
-60.7572851818
-59.0595099067
-58.9610161385
-60.3580281779
-64.1943938083
-70.0
-70.0
-70.0
-70.0
-70.0
-70.0
-70.0
-70.0
-70.0
-70.0
-70.0
-70.0
-70.0
-70.0
-70.0
-70.0
-70.0
-70.0
-70.0
-70.0
-70.0
-70.0
-70.0
-70.0
-70.0
-70.0
-70.0
-70.0
-64.0975278436
-65.9785024995
-70.0
-70.0
-70.0
-70.0
-70.0
-70.0
-70.0
-70.0
-64.2302905568
-60.960788539
-59.300394377
-58.6608114006
-58.838131306
-59.8581068699
-65.9667001563
-70.0
-70.0
-70.0
-70.0
-70.0
-65.852661106
-63.5025023994
-62.3089904288
-61.8492502321
-61.8450977731
-62.8433327564
-66.9435982529
-70.0
-70.0
-70.0
-70.0
-70.0
-70.0
-70.0
-70.0
-70.0
-70.0
-70.0
-70.0
-70.0
-70.0
-70.0
-70.0
-70.0
-70.0
-66.4794329182
-64.4844449052
-63.4713039339
-63.0810425533
-63.0775176399
-63.3061521038
-63.6664610454
-64.0937643755
-64.5470208943
-68.0501153213
-70.0
-70.0
-70.0
-70.0
-70.0
-70.0
-65.783356959
-63.3939259025
-62.1804697385
-61.7130470488
-61.7088252
-61.9826645841
-62.4142127284
-62.9260011907
-62.6090487088
-70.0
-70.0
-70.0
-70.0
-70.0
-70.0
-70.0
-70.0
-70.0
-70.0
-70.0
-70.0
-70.0
-70.0
-70.0
-70.0
-70.0
-69.051202547
-68.513550657
-64.6009939456
-62.4334267872
-61.3851055992
-61.0432760332
-61.1367357591
-61.488253736
-61.9828893976
-62.9173955875
-65.010446204
-70.0
-70.0
-70.0
-70.0
-70.0
-65.3669120038
-62.7414954726
-61.4081957048
-60.8946093206
-60.8899705127
-61.1908548776
-61.6650236672
-64.0549790183
-69.1395448944
-70.0
-70.0
-70.0
-70.0
-70.0
-70.0
-70.0
-70.0
-70.0
-70.0
-70.0
-70.0
-70.0
-70.0
-70.0
-70.0
-70.0
-70.0
-70.0
-70.0
-70.0
-70.0
-70.0
-70.0
-70.0
-70.0
-70.0
-70.0
-70.0
-70.0
-70.0
-70.0
-70.0
-70.0
-70.0
-70.0
-70.0
-70.0
-70.0
-70.0
-70.0
-68.5091858418
-65.61205643
-64.0200435685
-63.2641677327
-63.0351699735
-63.1299323188
-57.7279364008
-54.8958076366
0
-70.0
-70.0
-70.0
-70.0
-70.0
-70.0
-70.0
-70.0
-70.0
-70.0
-70.0
-70.0
-70.0
-70.0
-63.8057978497
-60.6803499184
-61.4573871171
-70.0
-70.0
-70.0
-70.0
-70.0
-70.0
-70.0
-70.0
-70.0
-70.0
-70.0
-70.0
-70.0
-70.0
-70.0
-70.0
-70.0
-70.0
-70.0
-67.3530115094
-65.8530513647
-61.4611992602
-59.1107146888
-58.063400123
-57.8328980461
-58.1001668651
-58.657189261
-59.5495975064
-61.3439149928
-61.1740779911
-66.7628077472
-70.0
-70.0
-70.0
-70.0
-70.0
-64.603781975
-61.5459250942
-59.9930134625
-59.3948327015
-59.3894298214
-60.8186607184
-65.4304548639
-70.0
-70.0
-70.0
-68.7575424576
-68.0534831836
-64.0676467909
-61.8738900622
-60.8285063563
-60.5069925875
-60.6305179066
-55.346074528
0
-70.0
-70.0
-70.0
-70.0
-70.0
-70.0
-70.0
-70.0
-70.0
-70.0
-70.0
-64.4820875948
-59.1828716069
-54.1915140022
0
-70.0
-70.0
-70.0
-70.0
-70.0
-69.8064359335
-67.5275444207
-66.2426246991
-65.5969187095
-65.356264492
-65.3666631452
-65.5273468989
-65.7728455878
-69.3106131704
-70.0
-70.0
-70.0
-70.0
-70.0
-70.0
-66.1772227056
-64.0109822388
-62.9108718841
-62.4871099418
-62.4832824451
-62.7315431988
-63.1227815445
-66.8791738252
-70.0
-70.0
-70.0
-70.0
-70.0
-68.2218448585
-67.2142236117
-66.7025100765
-66.5053982862
-66.5036179358
-66.6190957944
-60.8647769972
-57.7166931524
-56.2372864071
-57.2709073389
-65.9014329952
-70.0
-70.0
-70.0
-70.0
-70.0
-65.7655394679
-63.366011833
-62.147428191
-61.6780303994
-61.6737907112
-61.9487872078
-62.3821588656
-63.2499388542
-65.9716393757
-68.9227512952
-70.0
-70.0
-70.0
-68.3348239858
-67.3912242444
-66.9120235914
-62.1544216262
-59.5613797262
-58.3535085953
-58.017002297
-58.2145317747
-59.085903855
-64.3869488855
-69.2283005041
-70.0
-70.0
-70.0
-70.0
-70.0
-70.0
-70.0
-70.0
-64.0612118369
-60.6958985446
-58.9868472843
-58.3285216187
-59.263496913
-64.2455172874
-70.0
-70.0
-70.0
-70.0
-70.0
-70.0
-70.0
-70.0
-70.0
-70.0
-70.0
-70.0
-70.0
-70.0
-70.0
-70.0
-70.0
-70.0
-70.0
-70.0
-70.0
-70.0
-70.0
-63.9939860633
-60.5905781659
-59.0460683096
-61.2860759953
-66.5448701958
-70.0
-70.0
-70.0
-70.0
-70.0
-70.0
-70.0
-64.2002932561
-60.9137927678
-59.2447660493
-58.6018578165
-58.5960509496
-55.9778304363
-56.9195577119
-62.8287994028
-69.8766612966
-70.0
-70.0
-70.0
-70.0
-64.7488018347
-61.7731228743
-56.6604568884
-54.0375087339
0
-70.0
-70.0
-70.0
-70.0
-70.0
-70.0
-70.0
-68.2895501426
-67.3202952234
-66.8280657644
-66.6384592302
-66.6367466687
-66.7478275761
-66.9228818681
-67.1304850476
-68.0769429984
-64.4275565991
-65.048077174
-68.623713345
-70.0
-70.0
-70.0
-70.0
-70.0
-70.0
-70.0
-70.0
-70.0
-70.0
-70.0
-70.0
-70.0
-70.0
-70.0
-70.0
-70.0
-70.0
-70.0
-70.0
-70.0
-70.0
-70.0
-70.0
-70.0
-70.0
-70.0
-70.0
-70.0
-70.0
-70.0
-70.0
-70.0
-70.0
-70.0
-70.0
-66.7581549231
-70.0
-70.0
-70.0
-70.0
-70.0
-70.0
-70.0
-70.0
-70.0
-70.0
-70.0
-70.0
-70.0
-70.0
-67.1358439397
-67.9195654119
-70.0
-70.0
-70.0
-70.0
-65.4089203474
-62.8073085442
-57.8991933303
-55.3576844243
-54.3208562665
-54.2213974963
-56.201365388
-62.919205935
-66.5450398678
-70.0
-70.0
-70.0
-70.0
-70.0
-70.0
-70.0
-70.0
-70.0
-70.0
-70.0
-64.0406539467
-62.722891728
-67.1183777371
-70.0
-70.0
-70.0
-70.0
-70.0
-70.0
-64.8326309713
-61.9044551884
-60.4174012124
-59.8445887864
-59.8394150379
-60.9351999603
-69.7081256597
-70.0
-70.0
-70.0
-70.0
-70.0
-67.0281062967
-65.3440331981
-64.4887882324
-64.1593483118
-64.1563727491
-64.3493749865
-64.6535304961
-65.1977914483
-66.7811520911
-70.0
-70.0
-70.0
-70.0
-70.0
-70.0
-70.0
-70.0
-70.0
-70.0
-70.0
-70.0
-63.749582833
-60.2076797717
-62.3629909794
-70.0
-70.0
-70.0
-70.0
-70.0
-70.0
-70.0
-70.0
-70.0
-64.2743554797
-61.0298235848
-59.3821103284
-58.9349805668
-55.7604205355
-60.7145392662
-69.6420691194
-70.0
-68.9488171199
-68.3531468212
-68.050639748
-67.9341141791
-62.7693032108
-59.9114398561
-54.9580974592
0
-70.0
-70.0
-70.0
-70.0
-70.0
-70.0
-70.0
-70.0
-67.9067064314
-64.5785359092
-62.7623490656
-58.3439406017
-56.0814308366
-55.187877283
-55.1454825747
-55.6151963306
-57.5208406043
-68.1361746157
-70.0
-70.0
-70.0
-70.0
-70.0
-70.0
-70.0
-64.9371501753
-62.0682019413
-60.6112262695
-60.0499999908
-60.2346905269
-62.1725662009
-68.8971135134
-70.0
-70.0
-70.0
-70.0
-70.0
-70.0
-70.0
-70.0
-70.0
-70.0
-70.0
-70.0
-70.0
-70.0
-70.0
-70.0
-70.0
-70.0
-70.0
-70.0
-64.9319153846
-62.0600007692
-60.601518641
-60.039712076
-60.0346377345
-60.3637718718
-62.745781482
-68.3915438997
-70.0
-70.0
-70.0
-70.0
