-70.0
-70.0
-70.0
-70.0
-70.0
-69.0
-61.4333333333
-58.4719787548
-60.981209622
-70.0
-70.0
-70.0
-70.0
-70.0
-70.0
-70.0
-70.0
-70.0
-70.0
-70.0
-69.8473228446
-69.9274745517
-70.0
-70.0
-70.0
-70.0
-70.0
-70.0
-70.0
-70.0
-70.0
-70.0
-70.0
-63.193579164
-59.336607357
-57.9524832977
-65.8785610102
-70.0
-70.0
-70.0
-70.0
-70.0
-70.0
-70.0
-70.0
-70.0
-70.0
-70.0
-70.0
-68.3623834008
-70.0
-70.0
-70.0
-70.0
-70.0
-70.0
-70.0
-70.0
-64.1183070532
-60.7853477167
-59.092727191
0
-70.0
-70.0
-70.0
-70.0
-70.0
-70.0
-70.0
-70.0
-70.0
-70.0
-70.0
-64.2884641592
-61.0519271827
-60.2107432265
-60.0323414119
-60.2575556094
-61.0815584385
-67.0861862027
-70.0
-70.0
-70.0
-70.0
-70.0
-70.0
-70.0
-70.0
-70.0
-70.0
-70.0
-70.0
-69.2579906552
-69.6895767261
-70.0
-70.0
-70.0
-70.0
-70.0
-70.0
-70.0
-70.0
-70.0
-70.0
-70.0
-70.0
-70.0
-70.0
-70.0
-70.0
-70.0
-70.0
-70.0
-70.0
-70.0
-70.0
-70.0
-70.0
-70.0
-70.0
-70.0
-69.3536661468
-70.0
-70.0
-70.0
-70.0
-70.0
-70.0
-70.0
-70.0
-70.0
-64.7995620392
-61.8526471947
-60.3560767149
-59.7795985365
-59.7743916783
-55.0165903437
0
-70.0
-70.0
-70.0
-70.0
-70.0
-70.0
-70.0
-70.0
-68.699540853
-67.962614003
-67.5883707596
-67.4442124549
-61.8256264396
-59.7246702909
-58.8066075919
-58.6288830528
-58.9012855609
-60.7649982053
-70.0
-70.0
-70.0
-70.0
-70.0
-70.0
-70.0
-70.0
-70.0
-70.0
-70.0
-70.0
-69.2172024449
-70.0
-70.0
-70.0
-70.0
-70.0
-70.0
-67.0757837916
-62.1244130491
-59.4161101687
-57.5883692125
-56.9054456651
-56.9321766812
-59.6178974531
-66.6820226045
-70.0
-70.0
-70.0
-70.0
-70.0
-70.0
-70.0
-70.0
-70.0
-64.0721331848
-66.0236304941
-70.0
-70.0
-70.0
-70.0
-70.0
-70.0
-70.0
-70.0
-70.0
-70.0
-70.0
-70.0
-70.0
-70.0
-70.0
-70.0
-70.0
-70.0
-70.0
-70.0
-70.0
-70.0
-70.0
-70.0
-70.0
-70.0
-70.0
-70.0
-70.0
-70.0
-70.0
-70.0
-70.0
-70.0
-70.0
-70.0
-65.466584344
-62.8976488056
-61.5930325224
-62.0027035065
-62.5150826468
-63.6275629316
-64.5074656714
-68.6927110365
-70.0
-70.0
-70.0
-70.0
-70.0
-70.0
-70.0
-65.4912977823
-63.2696998589
-62.1610844429
-61.7572123786
-61.7896487274
-64.0358394723
-70.0
-70.0
-70.0
-70.0
-70.0
-70.0
-70.0
-70.0
-70.0
-70.0
-70.0
-70.0
-63.9714922504
-68.0192179268
-70.0
-70.0
-70.0
-70.0
-70.0
-69.0282521299
-68.4775950035
-68.1979475608
-68.0902275099
-69.0892428284
-69.7190105919
-70.0
-70.0
-70.0
-70.0
-70.0
-69.3550823115
-70.0
-70.0
-70.0
-70.0
-70.0
-70.0
-70.0
-70.0
-70.0
-70.0
-70.0
-70.0
-70.0
-70.0
-70.0
-70.0
-70.0
-70.0
-63.1782019969
-59.3125164618
-57.349354592
-56.5931456504
-61.5045442606
-70.0
-70.0
-70.0
-70.0
-70.0
-70.0
-70.0
-70.0
-64.4619369751
-61.3237012609
-59.7299697904
-59.1160652484
-59.1105203483
-54.6118242352
-63.6226003409
-70.0
-70.0
-70.0
-70.0
-70.0
-70.0
-70.0
-70.0
-64.4227546102
-62.1306283132
-61.0176649246
-55.7233721346
0
-70.0
-70.0
-70.0
-70.0
-70.0
-70.0
-70.0
-68.4356083947
-66.7466506825
-65.8417210325
-65.4373725414
-65.3468510286
-65.4476430867
-65.659863552
-60.4468237895
-69.1398024101
-70.0
-70.0
-70.0
-70.0
-70.0
-70.0
-70.0
-70.0
-70.0
-70.0
-70.0
-70.0
-70.0
-70.0
-70.0
-70.0
-70.0
-70.0
-70.0
-70.0
-70.0
-70.0
-69.4882473117
-69.8750482922
-70.0
-70.0
-70.0
-70.0
-70.0
-70.0
-70.0
-70.0
-70.0
-64.2513627471
-60.9938016372
-59.3394715833
-58.7022244982
-61.7553478928
-70.0
-70.0
-70.0
-70.0
-70.0
-65.650255468
-62.3170874759
-60.5732837648
-59.8412254127
-59.740616221
-60.0222301653
-60.9453831709
-68.9359873234
-70.0
-70.0
-70.0
-70.0
-70.0
-70.0
-64.6483170178
-62.6154961754
-60.7736410403
-55.0501473319
0
-70.0
-70.0
-70.0
-70.0
-70.0
-70.0
-70.0
-70.0
-70.0
-65.0433756076
-63.2311962978
-62.369515502
-61.1241980377
-60.6728676246
-60.7129737892
-70.0
-70.0
-70.0
-70.0
-70.0
-70.0
-70.0
-70.0
-64.9926166955
-62.1550994896
-60.7140858497
-61.1574856986
-62.051609418
-62.8530300024
-64.0740724582
-68.5415248877
-70.0
-70.0
-70.0
-70.0
-70.0
-70.0
-70.0
-70.0
-70.0
-70.0
-70.0
-63.7034694193
-60.1354354235
-66.5708659631
-70.0
-70.0
-70.0
-70.0
-70.0
-70.0
-70.0
-70.0
-70.0
-70.0
-70.0
-70.0
-70.0
-70.0
-70.0
-70.0
-70.0
-70.0
-70.0
-70.0
-70.0
-67.2420580913
-63.3458910097
-61.2299943937
-60.2527899444
-59.9913742766
-60.1681457334
-60.601937083
-61.1754806567
-63.4596774737
-70.0
-70.0
-70.0
-70.0
-70.0
-70.0
-70.0
-70.0
-70.0
-70.0
-70.0
-69.430970571
-69.1085205612
-70.0
-70.0
-70.0
-70.0
-70.0
-70.0
-70.0
-70.0
-65.2142529661
-60.1689963135
-55.1362091116
0
-70.0
-70.0
-70.0
-70.0
-70.0
-70.0
-70.0
-70.0
-70.0
-70.0
-67.638504995
-66.2515514393
-65.5443275912
-65.268515696
-65.2607447024
-65.4140572828
-66.5272223454
-67.3108806382
-70.0
-70.0
-70.0
-70.0
-70.0
-70.0
-70.0
-70.0
-70.0
-65.298976875
-62.6350637709
-61.2822137827
-60.7610966637
-60.7563898369
-61.0616860795
-62.6719735758
-70.0
-70.0
-70.0
-70.0
-70.0
-68.0383287739
-64.5933817458
-62.7066341374
-61.8176977678
-56.6311534278
0
-70.0
-70.0
-70.0
-70.0
-70.0
-70.0
-70.0
-70.0
-70.0
-70.0
-70.0
-66.7302417853
-64.877378797
-63.9364150441
-58.6480303649
-55.8533985453
0
-70.0
-70.0
-70.0
-70.0
-70.0
-70.0
-70.0
-70.0
-70.0
-70.0
-64.5937105088
-61.5301464637
-59.9743364879
-59.3750392862
0
-70.0
-70.0
-70.0
-70.0
-70.0
-70.0
-70.0
-68.3546409367
-67.4222708008
-66.948773026
-66.7663819268
-65.7649350222
-65.3052357121
-65.1859082689
-65.6193250064
-70.0
-70.0
-70.0
-70.0
-70.0
-70.0
-70.0
-70.0
-70.0
-70.0
-70.0
-63.8786567192
-60.4098955268
-57.7361004557
-56.5406200645
-56.7112840409
-58.8265953538
-69.1479357884
-70.0
-70.0
-70.0
-70.0
-70.0
-70.0
-70.0
-70.0
-70.0
-70.0
-70.0
-70.0
-63.183662227
-67.9854062699
-70.0
-70.0
-70.0
-70.0
-70.0
-70.0
-70.0
-70.0
-70.0
-64.5456077325
-62.1584891512
-60.9876016975
-60.5854825019
-59.6695892545
-60.08358375
-63.197030658
-70.0
-70.0
-70.0
-70.0
-70.0
-70.0
-70.0
-66.0138561749
-61.4217080073
-58.9523621732
-57.0365401311
-56.3191622349
-56.3447634226
-56.8152986878
-57.8634415208
-70.0
-70.0
-70.0
-70.0
-70.0
-70.0
-70.0
-70.0
-70.0
-70.0
-70.0
-70.0
-70.0
-70.0
-70.0
-70.0
-64.7947873586
-66.3857282148
-70.0
-70.0
-70.0
-70.0
-70.0
-70.0
-70.0
-64.5747495948
-61.5004410319
-59.9391745264
-58.3493364922
-57.4504557886
-66.6011847585
-70.0
-70.0
-70.0
-70.0
-70.0
-70.0
-65.135277314
-62.3786011252
-60.9786420411
-60.4393785226
-60.4345077941
-54.6722457968
0
-70.0
-70.0
-70.0
-70.0
-70.0
-70.0
-70.0
-70.0
-70.0
-70.0
-70.0
-70.0
-70.0
-70.0
-70.0
-70.0
-70.0
-70.0
-70.0
-70.0
-70.0
-70.0
-70.0
-70.0
-70.0
-70.0
-70.0
-63.7390660744
-60.1912035166
-57.1938081788
-69.9960204088
-70.0
-70.0
-70.0
-70.0
-70.0
-70.0
-70.0
-70.0
-70.0
-69.7052782828
-69.5382693097
-70.0
-70.0
-64.1305415323
-64.3141268086
-70.0
-70.0
-70.0
-70.0
-70.0
-70.0
-66.6310966852
-64.7220514735
-58.8670925625
-56.6374226353
-55.7450399245
-55.6847756338
-56.125791205
-58.6326611059
-67.236375529
-70.0
-70.0
-70.0
-70.0
-70.0
-70.0
-64.4978577246
-61.3799771019
-60.7575643826
-60.6921979383
-60.9632381404
-56.0526020603
-55.3942002776
-61.0796295278
-70.0
-70.0
-70.0
-70.0
-70.0
-70.0
-65.2204175903
-62.5119875581
-60.1380523924
-54.1164969539
0
-70.0
-70.0
-70.0
-70.0
-70.0
-70.0
-70.0
-70.0
-70.0
-70.0
-70.0
-70.0
-64.7353166377
-60.2370926075
-59.0112124334
-66.5570484442
-70.0
-70.0
-70.0
-70.0
-70.0
-70.0
-70.0
-70.0
-70.0
-70.0
-70.0
-70.0
-70.0
-70.0
-70.0
-70.0
-70.0
-70.0
-70.0
-70.0
-70.0
-70.0
-70.0
-70.0
-70.0
-70.0
-70.0
-70.0
-70.0
-70.0
-70.0
-70.0
-70.0
-70.0
-64.7439663267
-60.7655479319
-58.686311964
-57.8158933178
-57.6997790195
-59.6148228073
-70.0
-70.0
-70.0
-70.0
-70.0
-70.0
-70.0
-70.0
-70.0
-70.0
-70.0
-63.6603756543
-60.0679218585
-57.2441954918
-67.8371038189
-70.0
-70.0
-70.0
-70.0
-70.0
-70.0
-70.0
-70.0
-70.0
-70.0
-70.0
-70.0
-70.0
-70.0
-70.0
-70.0
-70.0
-70.0
-70.0
-70.0
-70.0
-65.0907404077
-62.3088266387
-60.8960508227
-60.3518503057
-54.7296510347
0
-70.0
-70.0
-70.0
-70.0
-70.0
-70.0
-70.0
-70.0
-70.0
-69.4794150094
-69.184416848
-69.9029168135
-70.0
-70.0
-70.0
-70.0
-70.0
-70.0
-70.0
-70.0
-70.0
-70.0
-70.0
-70.0
-70.0
-70.0
-70.0
-70.0
-70.0
-70.0
-64.1264370229
-60.7980846693
-64.1906699159
-70.0
-70.0
-70.0
-70.0
-70.0
-70.0
-70.0
-70.0
-70.0
-70.0
-70.0
-70.0
-70.0
-69.2028927013
-62.7245584818
-69.8840440105
-70.0
-70.0
-70.0
-70.0
-70.0
-70.0
-70.0
-70.0
-70.0
-70.0
-70.0
-70.0
-70.0
-70.0
-70.0
-70.0
-70.0
-70.0
-70.0
-70.0
-70.0
-70.0
-70.0
-70.0
-70.0
-63.8012417192
-60.2886120267
-58.5047471437
-57.8176033091
-59.2072623533
-61.8407753222
-70.0
-70.0
-70.0
-70.0
-70.0
-67.3112084358
-65.7875598828
-65.0137854215
-59.0860982678
-56.5483883466
0
-70.0
-70.0
-70.0
-70.0
-70.0
-70.0
-70.0
-70.0
-70.0
-70.0
-70.0
-70.0
-70.0
-64.9921957909
-62.1544400725
-60.7133053056
-60.1581809354
-60.4704554638
-70.0
-70.0
-70.0
-70.0
-70.0
-70.0
-70.0
-67.8689195289
-66.6613072619
-66.9602381644
-67.2409221005
-67.5013017254
-67.7408194429
-67.9598360919
-68.159251545
-61.6133881948
-62.9530955708
-70.0
-70.0
-70.0
-70.0
-70.0
-70.0
-70.0
-64.3626704735
-61.1681837418
-59.5458855781
-58.9209771606
0
-70.0
-70.0
-70.0
-70.0
-70.0
-70.0
-70.0
-70.0
-70.0
-70.0
-70.0
-64.6880124877
-61.6778862307
-56.2603253799
-54.6864255987
-60.847823211
-70.0
-70.0
-70.0
-70.0
-70.0
-70.0
-70.0
-70.0
-64.2481367368
-58.6554142209
-55.6779335707
-54.3688473949
-54.1044341096
-57.1606664132
-67.654112495
-70.0
-70.0
-70.0
-70.0
-70.0
-70.0
-70.0
-69.3359658467
-62.8814905261
-59.2460889829
-57.4233117575
-56.7488683637
-56.7859067153
-57.6993152568
-62.732063613
-70.0
-70.0
-70.0
-70.0
-70.0
-70.0
-70.0
-70.0
-70.0
-70.0
-70.0
-63.4451378333
-59.7307159388
-57.8443722708
-64.8390893562
-70.0
-70.0
-70.0
-70.0
-69.4979681187
-69.213483386
-69.0690097668
-69.0133586031
-63.3955720008
-60.2450476394
0
-70.0
-70.0
-70.0
-70.0
-70.0
-70.0
-70.0
-70.0
-70.0
-70.0
-70.0
-70.0
-70.0
-70.0
-70.0
-70.0
-70.0
-70.0
-70.0
-70.0
-70.0
-70.0
-70.0
-70.0
-70.0
-70.0
-63.7223983854
-58.0421891296
-60.1374740458
-70.0
-70.0
-70.0
-69.7366359882
-70.0
-70.0
-69.4322542846
-69.1105317125
-68.9471471121
-68.8842114482
-68.8836430016
-68.9205138335
-70.0
-70.0
-70.0
-70.0
-70.0
-70.0
-70.0
-70.0
-70.0
-70.0
-70.0
-70.0
-70.0
-63.7389535664
-70.0
-70.0
-70.0
-70.0
-70.0
-70.0
-70.0
-70.0
-70.0
-70.0
-69.8247675353
-69.7254691387
-69.6750411294
-69.6556162862
-70.0
-70.0
-70.0
-70.0
-70.0
-70.0
-70.0
-70.0
-70.0
-70.0
-69.1596242934
-68.6834113929
-68.4415699396
-69.4328181096
-70.0
-70.0
-70.0
-70.0
-70.0
-70.0
-70.0
-70.0
-70.0
-70.0
-63.06538802
-58.8024412313
-56.617925117
-55.7532846112
-56.6833785259
-62.6617508253
-70.0
-70.0
-70.0
-70.0
-68.7964016465
-68.1143625796
-63.8791048312
-61.5419800211
-60.4216391344
-55.1427873719
0
-70.0
-70.0
-70.0
-70.0
-70.0
-70.0
-70.0
-70.0
-70.0
-70.0
-66.5080565671
-64.5292886218
-63.5243849005
-63.1372965044
-57.5165162993
-54.5601642996
0
-70.0
-70.0
-70.0
-70.0
-70.0
-70.0
-70.0
-70.0
-70.0
-70.0
-70.0
-70.0
-70.0
-69.6108369144
-70.0
-70.0
-70.0
-70.0
-70.0
-70.0
-70.0
-67.0711665303
-65.4114942308
-64.5686410434
-63.2699867244
-62.7151279088
-62.6250416892
-56.4313623675
0
-70.0
-70.0
-70.0
-70.0
-70.0
-70.0
-70.0
-68.8289026637
-68.1652808398
-67.8282650508
-67.6984467423
-67.6972741992
-67.7733282
-68.8931819637
-69.6019881564
-68.9734781251
-70.0
-70.0
-70.0
-70.0
-70.0
-65.9849517178
-64.6837453964
-64.0802300903
-63.9154465703
-64.7230986097
-59.3053972459
-54.0779298528
0
-70.0
-70.0
-70.0
-70.0
-70.0
-70.0
-70.0
-70.0
-70.0
-68.5280418459
-66.9902285216
-66.1678662429
-65.8021866676
-65.7227060335
-65.8175941186
-65.1456277418
-64.9042603244
-68.6893788366
-70.0
-70.0
-70.0
-70.0
-70.0
-67.734227068
-66.4502890732
-65.7982499739
-64.605612512
-64.0698429511
-63.9460531162
-64.0735774447
-64.3476394604
-64.7004886877
-65.7274086185
-70.0
-70.0
-70.0
-70.0
-70.0
-70.0
-70.0
-65.9887138135
-63.7156516411
-62.5612926163
-62.1166341143
-63.0248263807
-63.8022475278
-64.4752919652
-65.3364794975
-70.0
-70.0
-70.0
-70.0
-70.0
-70.0
-70.0
-67.0905678147
-63.108556243
-60.9490640919
-59.9550666648
-59.6934993198
-59.8801089354
-60.329404407
-60.9213348763
-65.864714335
-70.0
-70.0
-70.0
-70.0
-70.0
-66.2401189344
-63.4058159602
-61.9250403103
-61.3057402434
-55.6066849112
0
-70.0
-70.0
-70.0
-70.0
-70.0
-70.0
-70.0
-70.0
-70.0
-70.0
-70.0
-70.0
-70.0
-70.0
-70.0
-70.0
-70.0
-70.0
-70.0
-70.0
-70.0
-70.0
-70.0
-66.1744871096
-63.1383837146
-61.5454422204
-60.8714959165
-55.154127653
0
-70.0
-70.0
-70.0
-70.0
-70.0
-70.0
-70.0
-70.0
-70.0
-70.0
-70.0
-70.0
-70.0
-70.0
-70.0
-70.0
-70.0
-70.0
-70.0
-70.0
-70.0
-70.0
-70.0
-69.7026829164
-69.5342032356
-65.5597530971
-63.3230912441
-63.1776454626
-63.3177898117
-63.6246167607
-64.0212257047
-66.7580889564
-70.0
-70.0
-70.0
-70.0
-70.0
-70.0
-70.0
-65.4911617543
-62.9361534151
-61.6386099644
-62.1365132369
-62.6973714258
-63.8328628472
-64.7197289385
-68.5542238214
-70.0
-70.0
-70.0
-70.0
-70.0
-70.0
-69.6957375698
-69.5233221927
-70.0
-70.0
-69.555861793
-62.71387712
-58.2960015232
-57.3464025572
-62.4686662583
-70.0
-70.0
-70.0
-70.0
-70.0
-67.4950777523
-66.075621812
-65.3547608541
-65.0770855842
-66.0630165495
-66.7858079103
-67.3266224632
-61.1499174237
-59.0136691511
-60.5345302057
-66.9609433447
-70.0
-67.6495430916
-66.3176175101
-64.6415089729
-63.8144602182
-63.5244156247
-63.5662416811
-63.0033267898
-62.8988002954
-65.3484883088
-70.0
-70.0
-70.0
-70.0
-70.0
-70.0
-70.0
-70.0
-65.1988983897
-62.4782741439
-61.0966237916
-60.5644127872
-60.5596057583
-60.871401349
-61.804253457
-67.4214061524
-70.0
-70.0
-70.0
-70.0
-70.0
-70.0
-70.0
-70.0
-70.0
-70.0
-70.0
-70.0
-70.0
-70.0
-70.0
-70.0
-70.0
-70.0
-70.0
-70.0
-70.0
-66.7595043723
-64.9232235167
-63.990680886
-64.6304509856
-59.5760140618
-56.8908181055
-55.7166732615
0
-70.0
-70.0
-70.0
-70.0
-70.0
-70.0
-70.0
-70.0
-70.0
-70.0
-70.0
-70.0
-63.800796292
-60.2879141908
-62.1854363695
-70.0
-70.0
-70.0
-70.0
-70.0
-70.0
-65.3075388288
-62.6484774984
-60.298291936
-59.2115708674
-58.9191525306
-59.1130631109
-59.5923073553
-63.6897581768
-70.0
-70.0
-70.0
-70.0
-70.0
-70.0
-70.0
-70.0
-64.7113283343
-59.3810810571
-56.5368966555
-55.279156126
-56.0074992575
-56.9109218278
-58.4448335313
-60.7472097876
-70.0
-70.0
-70.0
-70.0
-70.0
-70.0
-70.0
-70.0
-70.0
-70.0
-69.8110469192
-62.8860595708
-58.9681985094
-56.985208589
0
-70.0
-70.0
-70.0
-70.0
-70.0
-70.0
-70.0
-70.0
-70.0
-69.6530637867
-69.4564665992
-69.3566260667
-69.318167545
-69.3178201805
-69.3403510891
-69.3758579313
-70.0
-70.0
-70.0
-70.0
-70.0
-70.0
-70.0
-70.0
-70.0
-70.0
-70.0
-70.0
-70.0
-70.0
-70.0
-70.0
-70.0
-70.0
-70.0
-70.0
-70.0
-70.0
-70.0
-70.0
-70.0
-70.0
-70.0
-69.9446607616
-69.9133018599
-69.8973764569
-69.1875382961
-70.0
-70.0
-70.0
-70.0
-70.0
-70.0
-70.0
-70.0
-70.0
-70.0
-70.0
-70.0
-70.0
-63.6460703976
-60.0455102895
-57.2285515683
-61.8263842394
-70.0
-70.0
-70.0
-70.0
-70.0
-70.0
-70.0
-66.0276375289
-63.7766321286
-62.6334744841
-62.193130748
-62.1891534814
-62.447128672
-57.3028379225
-60.6181309249
-70.0
-70.0
-70.0
-70.0
-70.0
-70.0
-70.0
-65.8681951088
-63.5268390037
-63.0415010776
-62.982248286
-63.1806216682
-58.4642980669
-58.2126983969
-63.3376886456
-70.0
-70.0
-70.0
-66.9092172525
-65.1577736956
-60.379426216
-57.8331035211
-56.7108731201
0
-70.0
-70.0
-70.0
-70.0
-70.0
-70.0
-70.0
-70.0
-67.5661894469
-66.1870301334
-64.5039750708
-63.3440095309
-62.8698965559
-62.8230988858
-63.0342503208
-57.6242246061
-70.0
-70.0
-70.0
-70.0
-70.0
-70.0
-67.9933200617
-67.242118211
-66.8833264936
-66.77194058
-66.8127110125
-66.9434162382
-66.2554127419
-65.634096886
-65.6800414117
-69.6857574255
-70.0
-70.0
-70.0
-70.0
-70.0
-70.0
-70.0
-65.8508016387
-63.4995892339
-62.3055421499
-61.1418921242
-60.4056390379
-59.9503658849
-61.0120561397
-61.9486684213
-57.0961985821
-57.9390794065
-60.6165236829
-63.4471172985
-65.6725376972
-67.1520386798
-68.1346713133
-68.7864285164
-69.217935221
-68.5106154163
-68.1358696863
-61.3777742535
-63.1412049262
-70.0
-70.0
-70.0
-70.0
-70.0
-64.7470365221
-62.7701567323
-62.1583569672
-62.0526652093
-62.2541613143
-62.6332536001
-67.4717482356
-70.0
-70.0
-70.0
-70.0
-70.0
-70.0
-70.0
-70.0
-70.0
-70.0
-63.9998192194
-60.5997167771
-58.8729980858
0
-70.0
-70.0
-70.0
-70.0
-70.0
-70.0
-70.0
-70.0
-70.0
-70.0
-64.4479412328
-60.9684412647
-59.1817932417
0
-70.0
-70.0
-70.0
-70.0
-70.0
-70.0
-70.0
-69.7825979216
-67.3260700772
-65.941284368
-65.2457034635
-65.9865307434
-66.5648094198
-67.0262829784
-68.2157444431
-70.0
-70.0
-70.0
-70.0
-70.0
-70.0
-70.0
-70.0
-70.0
-70.0
-70.0
-70.0
-70.0
-70.0
-70.0
-70.0
-70.0
-70.0
-70.0
-70.0
-70.0
-70.0
-70.0
-63.7860527832
-60.264816027
-58.4765801057
0
-70.0
-70.0
-70.0
-70.0
-70.0
-70.0
-70.0
-70.0
-67.2990571151
-65.7685228137
-65.7937206082
-66.2823819313
-66.6994993274
-67.0597864542
-60.9885063149
-64.2667919582
-70.0
-70.0
-70.0
-70.0
-70.0
-70.0
-65.7835951728
-63.3942991041
-62.1809114927
-56.7875892835
0
-70.0
-70.0
-70.0
-70.0
-70.0
-70.0
-70.0
-70.0
-69.8400020985
-69.749336621
-69.7032927804
-69.6855567168
-69.6853965213
-69.6957871867
-69.712162013
-70.0
-70.0
-70.0
-70.0
-70.0
-70.0
-70.0
-70.0
-70.0
-70.0
-70.0
-70.0
-70.0
-63.4494038661
-59.7373993902
-57.8522833916
-61.4936959508
-70.0
-70.0
-70.0
-70.0
-70.0
-70.0
-70.0
-70.0
-70.0
-70.0
-70.0
-69.6336678216
-69.4260795872
-62.3277620416
-63.1185218475
-70.0
-70.0
-70.0
-70.0
-70.0
-67.6518390402
-66.3212144963
-65.6454659535
-60.4592420367
-57.6655329521
-56.4004564029
-56.0947285933
-56.3748009544
-57.282826678
-61.993171158
-70.0
-70.0
-70.0
-70.0
-70.0
-70.0
-70.0
-70.0
-70.0
-70.0
-63.4292524514
-57.3724955072
0
-70.0
-70.0
-70.0
-70.0
-70.0
-70.0
-70.0
-66.68248624
-62.4692284427
-61.1919987543
-61.052594316
-61.2671985092
-55.0700711862
0
-70.0
-70.0
-70.0
-70.0
-70.0
-70.0
-70.0
-70.0
-68.6885886471
-67.1429864114
-65.9775255229
-65.4123314724
-65.2261373263
-65.2735495945
-65.4595453022
-61.4665727083
-67.9506553805
-70.0
-70.0
-70.0
-70.0
-70.0
-70.0
-65.0533280724
-62.2502139801
-60.8266717254
-60.2783239817
-60.2733712028
-61.5946181775
-63.1240500479
-66.0941751436
-70.0
-70.0
-70.0
-70.0
-70.0
-70.0
-70.0
-70.0
-64.3124136075
-61.0894479851
-59.4526870121
-58.822207528
-58.8165129198
-59.7770437502
-67.6399906327
-70.0
-70.0
-70.0
-70.0
-70.0
-70.0
-65.4116366496
