-70.0
-63.0
-59.0333333333
-57.0188888889
-56.2429259259
-56.235917284
-56.690514856
-57.406922904
-58.2565369693
-59.1577541762
-62.0796426945
-70.0
-70.0
-70.0
-70.0
-70.0
-70.0
-70.0
-70.0
-70.0
-70.0
-64.8253989737
-61.8931250588
-60.4039898746
-59.8303757683
-59.8251947788
-60.1612463592
-60.6908357622
-61.3188948785
-61.985100519
-62.6519872194
-56.4184437083
-60.0962082245
-70.0
-70.0
-70.0
-70.0
-70.0
-70.0
-70.0
-70.0
-65.3579377885
-62.7274358687
-61.3915535211
-60.8769723286
-60.8723245354
-61.1737917084
-61.6488789552
-62.2123020047
-62.8099457677
-63.4082004998
-57.1082706986
0
-70.0
-70.0
-70.0
-70.0
-70.0
-70.0
-70.0
-70.0
-68.794255144
-68.1109997257
-67.7640131504
-67.6303541003
-67.6291468669
-67.7074509646
-67.8308517244
-67.9771971228
-68.1324311244
-68.2878238212
-61.559522688
-57.8038912518
-55.9570493484
-62.3075368853
-70.0
-70.0
-70.0
-70.0
-70.0
-70.0
-67.2452973061
-65.684299113
-64.8915568933
-64.5861929984
-64.5834348948
-64.7623322028
-65.0442595142
-65.3786072506
-65.7332623174
-66.0882799469
-59.5530719024
-55.9801780124
-54.3037690779
0
-70.0
-70.0
-70.0
-70.0
-70.0
-70.0
-70.0
-70.0
-70.0
-70.0
-70.0
-70.0
-70.0
-70.0
-70.0
-70.0
-63.1913593937
-59.3331297169
-57.3737542535
-56.6190038337
-56.6121867874
-70.0
-70.0
-70.0
-70.0
-70.0
-70.0
-70.0
-70.0
-70.0
-70.0
-70.0
-70.0
-70.0
-70.0
-70.0
-63.2576832465
-59.4370370861
-57.4967481537
-56.7493498558
-56.7425992152
-57.1804621904
-64.5582329112
-70.0
-70.0
-70.0
-70.0
-70.0
-70.0
-70.0
-70.0
-70.0
-70.0
-70.0
-70.0
-70.0
-63.2453314287
-59.417685905
-57.473842394
-56.7250748742
-56.7183118665
-57.1569769997
-70.0
-70.0
-70.0
-70.0
-70.0
-70.0
-70.0
-70.0
-70.0
-70.0
-70.0
-70.0
-70.0
-70.0
-63.5679555775
-59.9231304048
-58.0721309543
-57.3591269189
-57.3526869337
-57.7704000448
-58.4286812432
-59.2093605876
-69.1923485797
-70.0
-70.0
-70.0
-70.0
-70.0
-70.0
-70.0
-70.0
-70.0
-70.0
-70.0
-64.2813210111
-61.0407362507
-59.3950275195
-58.7611013634
-58.7553756243
-59.1267609934
-59.7120335151
-60.4061292442
-61.1423823736
-68.8703103859
-70.0
-70.0
-70.0
-70.0
-70.0
-70.0
-70.0
-70.0
-70.0
-70.0
-63.8522809575
-60.3685735001
-58.5993965756
-57.9179105351
-57.9117552263
-58.3110035335
-58.9401857333
-59.6863555288
-60.4778455551
-70.0
-70.0
-70.0
-70.0
-70.0
-70.0
-70.0
-70.0
-70.0
-70.0
-70.0
-65.1165757257
-62.3493019703
-60.9439609847
-60.4026243605
-60.3977349073
-60.7148767385
-61.2146659459
-61.8073839388
-62.4361019366
-63.0654626707
-56.7956210649
-60.4651432371
-70.0
-70.0
-70.0
-70.0
-70.0
-70.0
-70.0
-70.0
-65.4712984493
-62.9050342372
-61.6017745688
-61.0997596154
-61.0952253228
-61.3893305699
-61.8528160324
-62.4024801089
-62.9855292178
-63.5691743759
-57.2551130343
0
-70.0
-70.0
-70.0
-70.0
-70.0
-70.0
-70.0
-70.0
-68.6748002212
-67.9238536798
-67.5424906324
-67.3955897828
-67.394262947
-67.4803247473
-67.6159510025
-67.7767950556
-67.9474083189
-68.1181959996
-61.4047861174
-57.6632473176
-55.8295491271
-70.0
-70.0
-70.0
-70.0
-70.0
-70.0
-70.0
-69.7067489712
-69.5405733882
-69.4561822588
-69.4236748392
-69.4233812261
-69.4424256841
-69.4724381694
-69.5080310549
-69.5457857511
-69.5835790437
-62.7415264273
-58.8782439765
-56.9309997068
-56.1982864881
-63.4782310949
-70.0
-70.0
-70.0
-70.0
-70.0
-69.3095687541
-68.9183243814
-68.7196336118
-68.6430980296
-68.6424067459
-68.6872450842
-68.7579065844
-68.8417065983
-68.9305963868
-69.0195770469
-62.2270369175
-58.4106116093
-56.5070693708
-55.8147083819
-69.5227034419
-70.0
-70.0
-70.0
-70.0
-70.0
-70.0
-70.0
-70.0
-70.0
-70.0
-70.0
-70.0
-70.0
-70.0
-70.0
-63.2040424751
-59.3529998777
-57.3972743233
-56.6439298465
-56.6371254989
-57.0784720404
-70.0
-70.0
-70.0
-70.0
-70.0
-70.0
-70.0
-70.0
-70.0
-70.0
-70.0
-70.0
-70.0
-70.0
-63.5763031155
-59.9362082143
-58.0876109997
-57.3755323043
-57.369100677
-57.786271678
-58.443698556
-66.2139154697
-70.0
-70.0
-70.0
-70.0
-70.0
-70.0
-70.0
-70.0
-70.0
-70.0
-70.0
-70.0
-63.361475422
-59.5996448278
-57.689224977
-56.9533322339
-56.9466855136
-57.3778079643
-58.0572211693
-70.0
-70.0
-70.0
-70.0
-70.0
-70.0
-70.0
-70.0
-70.0
-70.0
-70.0
-70.0
-70.0
-63.7867516139
-60.2659108618
-58.4778760485
-57.7891259588
-57.7829050398
-58.186408987
-58.8222977225
-59.5764210396
-60.376347662
-69.0633509351
-70.0
-70.0
-70.0
-70.0
-70.0
-70.0
-70.0
-70.0
-70.0
-70.0
-64.8481623888
-61.9287877425
-60.4462033633
-59.8751126237
-59.8699544258
-60.2045276928
-60.7317873966
-61.357083639
-62.0203585965
-62.6843116178
-62.8711894122
-70.0
-70.0
-70.0
-70.0
-70.0
-70.0
-70.0
-70.0
-70.0
-64.2680466546
-61.0199397588
-59.3704109628
-58.7350133197
-58.7292742899
-59.101521729
-59.6881528015
-60.3838596849
-61.1218218255
-61.8605383823
-55.6964744131
-70.0
-70.0
-70.0
-70.0
-70.0
-70.0
-70.0
-70.0
-70.0
-65.9976210949
-63.729606382
-62.5778106748
-62.1341395614
-62.1301322413
-62.3900567745
-62.7996762686
-63.2854587561
-63.8007462901
-64.3165606008
-57.9368878766
-54.5111879796
-61.4241811732
-70.0
-70.0
-70.0
-70.0
-70.0
-70.0
-70.0
-65.9059641112
-63.5860104408
-62.4078378906
-61.9540064308
-61.9499073405
-62.2157843084
-62.6347843455
-63.1316915562
-63.6587794974
-64.1864062789
-57.8181595146
-54.4032728055
-66.7949770342
-70.0
-70.0
-70.0
-70.0
-70.0
-70.0
-70.0
-68.898776406
-68.2747497028
-67.9578420241
-67.8357693494
-67.8346667663
-67.9061829908
-68.0188866259
-68.1525459194
-68.2943232982
-68.4362456155
-61.6949148615
-57.9269525803
-56.0686101256
-55.4179843153
-64.2716885638
-70.0
-70.0
-70.0
-70.0
-70.0
-70.0
-70.0
-70.0
-70.0
-70.0
-70.0
-70.0
-70.0
-70.0
-70.0
-63.2440288315
-59.4156451693
-57.4714267997
-56.7225148846
-56.7157505727
-63.5284509508
-70.0
-70.0
-70.0
-70.0
-70.0
-70.0
-70.0
-70.0
-70.0
-70.0
-70.0
-70.0
-70.0
-70.0
-63.1652730125
-59.2922610528
-57.3253785086
-56.5677363652
-56.5608932003
-69.593120876
-70.0
-70.0
-70.0
-70.0
-70.0
-70.0
-70.0
-70.0
-70.0
-70.0
-70.0
-70.0
-70.0
-70.0
-63.3555872683
-59.5904200537
-57.6783057232
-56.9417602674
-56.9351076517
-57.3666124939
-58.046628316
-65.5773098657
-70.0
-70.0
-70.0
-70.0
-70.0
-70.0
-70.0
-70.0
-70.0
-70.0
-70.0
-70.0
-63.518274391
-59.8452965459
-57.979999954
-57.2614886671
-57.2549989393
-57.6759384714
-58.3393042416
-59.1260135623
-70.0
-70.0
-70.0
-70.0
-70.0
-70.0
-70.0
-70.0
-70.0
-70.0
-70.0
-70.0
-63.6720647069
-60.0862347075
-58.2651955509
-57.5637322053
-57.5573964577
-57.9683484606
-58.6159747137
-59.384017975
-60.1987099993
-70.0
-70.0
-70.0
-70.0
-70.0
-70.0
-70.0
-70.0
-70.0
-70.0
-70.0
-64.3225514008
-61.1053305279
-59.4714869865
-58.8421312955
-58.8364468377
-59.2051546018
-59.7862074402
-60.4752988952
-61.206243805
-61.9379359574
-62.4548848355
-70.0
-70.0
-70.0
-70.0
-70.0
-70.0
-70.0
-70.0
-70.0
-64.2721532756
-61.0263734652
-59.3780264634
-58.7430840469
-58.7373491287
-59.1093298736
-59.695540658
-60.3907491067
-61.1281825391
-61.8663698472
-70.0
-70.0
-70.0
-70.0
-70.0
-70.0
-70.0
-70.0
-70.0
-70.0
-65.7952775492
-63.4126014937
-62.2025758106
-61.7364745404
-61.7322646269
-62.005329858
-62.4356580013
-62.9459996206
-63.4873379382
-64.0292296641
-57.6747810869
-54.2729525711
-61.6081194622
-70.0
-70.0
-70.0
-70.0
-70.0
-70.0
-70.0
-69.7599670188
-69.6239483295
-69.5548721716
-69.5282640712
-69.5280237418
-69.5436120862
-69.5681780233
-69.5973116514
-69.6282147732
-69.6591494872
-62.8104627088
-58.9409018848
-56.9878019942
-63.2401139819
-70.0
-70.0
-70.0
-70.0
-70.0
-70.0
-67.222856716
-65.6491421884
-64.8499420656
-64.5420905897
-64.5393100178
-64.7196646741
-65.0038886454
-65.3409600734
-65.698504261
-66.0564139649
-59.5240033645
-55.9537568921
-54.2798171122
-70.0
-70.0
-70.0
-70.0
-70.0
-70.0
-70.0
-70.0
-70.0
-70.0
-70.0
-70.0
-70.0
-70.0
-70.0
-70.0
-70.0
-63.1922240795
-59.3344843912
-57.3753577652
-56.6207031974
-56.6138870169
-64.0469163529
-70.0
-70.0
-70.0
-70.0
-70.0
-70.0
-70.0
-70.0
-70.0
-70.0
-70.0
-70.0
-70.0
-70.0
-63.1675576894
-59.2958403801
-57.3296153152
-56.5722264324
-56.5653855549
-58.7368800248
-70.0
-70.0
-70.0
-70.0
-70.0
-70.0
-70.0
-70.0
-70.0
-70.0
-70.0
-70.0
-70.0
-70.0
-63.2473517175
-59.420851024
-57.4775889072
-56.7290453401
-56.7222843553
-57.1608182858
-57.851911368
-70.0
-70.0
-70.0
-70.0
-70.0
-70.0
-70.0
-70.0
-70.0
-70.0
-70.0
-70.0
-70.0
-63.6632598087
-60.072440367
-58.2488673564
-57.5464279715
-57.5400834081
-57.9516072232
-58.6001346048
-59.3692465469
-67.1760681282
-70.0
-70.0
-70.0
-70.0
-70.0
-70.0
-70.0
-70.0
-70.0
-70.0
-70.0
-63.558078597
-59.9076564687
-58.0538146427
-57.3397157257
-57.3332658513
-57.7516203983
-58.4109124465
-59.1927905939
-70.0
-70.0
-70.0
-70.0
-70.0
-70.0
-70.0
-70.0
-70.0
-70.0
-70.0
-70.0
-64.0062308945
-60.6097617347
-58.884888181
-58.220467776
-58.2144666072
-58.603717019
-59.2171433655
-59.9446277278
-60.716297421
-61.4887559895
-70.0
-70.0
-70.0
-70.0
-70.0
-70.0
-70.0
-70.0
-70.0
-70.0
-65.8277230097
-63.4634327152
-62.2627441147
-61.8002394838
-61.7960620559
-62.0670201973
-62.4940277422
-63.0004313444
-63.5375924609
-64.0753027154
-57.7168094871
-61.3017115848
-70.0
-70.0
-70.0
-70.0
-70.0
-70.0
-70.0
-70.0
-64.8463416103
-61.9259351895
-60.4428268306
-59.8715342543
-59.8663742334
-60.2010657464
-60.728511796
-61.3540290325
-62.0175384067
-62.6817260843
-56.4455718642
-67.5680667467
-70.0
-70.0
-70.0
-70.0
-70.0
-70.0
-70.0
-70.0
-66.9829300461
-65.2732570722
-64.4050113854
-64.0705635939
-64.0675427991
-64.2634788957
-64.5722579237
-64.9384500764
-65.3268836988
-65.7157144157
-59.2132130746
-55.6712718342
-54.0237313621
-61.4540082553
-70.0
-70.0
-70.0
-70.0
-70.0
-70.0
-70.0
-70.0
-70.0
-70.0
-70.0
-70.0
-70.0
-70.0
-70.0
-70.0
-63.1679854482
-59.2965105355
-57.33040857
-56.573067105
-61.301548734
-70.0
-70.0
-70.0
-70.0
-70.0
-68.8714130883
-68.231880505
-67.9070982715
-67.7819923223
-67.7808623421
-67.8541556092
-67.9696597159
-68.1066401893
-68.2519404671
-68.3973892848
-61.6594696421
-57.894735535
-56.0394038863
-55.3915581008
-56.1450030014
-70.0
-70.0
-70.0
-70.0
-70.0
-70.0
-70.0
-70.0
-70.0
-70.0
-70.0
-70.0
-70.0
-70.0
-70.0
-63.2675623583
-59.4525143613
-57.5150684177
-56.7687652376
-56.7620244884
-57.1992458892
-65.7865916727
-70.0
-70.0
-70.0
-70.0
-70.0
-70.0
-70.0
-70.0
-70.0
-70.0
-70.0
-70.0
-70.0
-63.2558276231
-59.4341299429
-57.4933070034
-56.7457030062
-56.7389505077
-57.1769339916
-70.0
-70.0
-70.0
-70.0
-70.0
-70.0
-70.0
-70.0
-70.0
-70.0
-70.0
-70.0
-70.0
-70.0
-63.5010452113
-59.8183041643
-57.9480493973
-57.2276282239
-57.2211212457
-57.6431796839
-58.3083087574
-59.0971092429
-67.9069547688
-70.0
-70.0
-70.0
-70.0
-70.0
-70.0
-70.0
-70.0
-70.0
-70.0
-70.0
-64.3114461549
-61.0879323093
-59.450892925
-58.8203061969
-58.8146106202
-59.1840395868
-59.7662289805
-60.4566683174
-61.1890429756
-68.3321007497
-70.0
-70.0
-70.0
-70.0
-70.0
-70.0
-70.0
-70.0
-70.0
-70.0
-63.8423094548
-60.3529514792
-58.5809049779
-57.8983135778
-57.8921482852
-58.2920441668
-58.9222468901
-59.6696269612
-60.4624007718
-70.0
-70.0
-70.0
-70.0
-70.0
-70.0
-70.0
-70.0
-70.0
-70.0
-70.0
-64.8001605459
-61.8535848552
-60.3571866123
-59.7807747795
-59.7755685205
-60.1132591478
-60.6454315525
-61.2765539436
-61.9460089135
-62.616148265
-56.3857509764
-59.8255472377
-70.0
-70.0
-70.0
-70.0
-70.0
-70.0
-70.0
-70.0
-65.6237641046
-63.1438970972
-61.8845136562
-61.399399803
-61.3950181644
-61.679221909
-62.1271034255
-62.6582622212
-63.2216820913
-63.7856779436
-57.452610233
-54.0710159321
-67.1025063378
-70.0
-70.0
-70.0
-70.0
-70.0
-70.0
-70.0
-68.3390656752
-67.3978695579
-66.9198895688
-66.7357719231
-66.7341089383
-66.8419741828
-67.0119608567
-67.2135541658
-67.4273916791
-67.6414477978
-60.9698905851
-57.2679599047
-55.4712028329
-70.0
-70.0
-70.0
-70.0
-70.0
-70.0
-70.0
-69.4610057724
-69.1555757101
-69.000465149
-68.9407166408
-68.9401769811
-68.9751806193
-69.0303434482
-69.0957630306
-69.1651560124
-69.2346199344
-62.4232016658
-58.5889106492
-56.6687056842
-55.9609591824
-63.3126687237
-70.0
-70.0
-70.0
-70.0
-70.0
-69.5112133687
-69.2342342777
-69.0935723471
-69.0393894439
-69.0389000538
-69.0706430847
-69.120667467
-69.1799931808
-69.2429221698
-69.3059154908
-62.4882383432
-58.6480241098
-56.7222947661
-56.0094473344
-70.0
-70.0
-70.0
-70.0
-70.0
-70.0
-70.0
-70.0
-70.0
-70.0
-70.0
-70.0
-70.0
-70.0
-70.0
-70.0
-63.2527135125
-59.4292511696
-57.4875320582
-56.7395828561
-56.7328272396
-57.1710129617
-66.7136548924
-70.0
-70.0
-70.0
-70.0
-70.0
-70.0
-70.0
-70.0
-70.0
-70.0
-70.0
-70.0
-70.0
-63.5737575182
-59.9322201119
-58.082890331
-57.3705294514
-57.3640952753
-57.7814315938
-58.4391189984
-66.2100163551
-70.0
-70.0
-70.0
-70.0
-70.0
-70.0
-70.0
-70.0
-70.0
-70.0
-70.0
-70.0
-63.3799588863
-59.6286022551
-57.7235015346
-56.9896577178
-56.9830295038
-57.412951592
-58.0904731251
-70.0
-70.0
-70.0
-70.0
-70.0
-70.0
-70.0
-70.0
-70.0
-70.0
-70.0
-70.0
-70.0
-63.9351607876
-60.4984185672
-58.7530926161
-58.0807939582
-58.0747216315
-58.4685875145
-59.0892874604
-59.825397846
-60.6062174824
-68.3791165194
-70.0
-70.0
-70.0
-70.0
-70.0
-70.0
-70.0
-70.0
-70.0
-70.0
-64.0983548664
-60.7540892906
-59.0557269688
-58.4015186768
-58.3956097457
-58.7788773955
-59.3828754055
-60.0991783647
-60.858987528
-61.6195734418
-62.0117959832
-70.0
-70.0
-70.0
-70.0
-70.0
-70.0
-70.0
-70.0
-70.0
-64.3653626015
-61.172401409
-59.5508779799
-58.9262679897
-58.920626396
-59.2865538932
-59.8632252618
-60.5471205742
-61.2725537425
-61.9987285187
-55.8225331432
-70.0
-70.0
-70.0
-70.0
-70.0
-70.0
-70.0
-70.0
-70.0
-66.3326614845
-64.2545029924
-63.1991244641
-62.7925931983
-62.7889213322
-63.0270875015
-63.4024176196
-63.8475351032
-64.3196877566
-64.7923230901
-58.3708842299
-54.9056581061
-60.3205140994
-70.0
-70.0
-70.0
-70.0
-70.0
-70.0
-70.0
-65.816185402
-63.4453571297
-62.2413482621
-61.7775646661
-61.7733756863
-62.0450831088
-62.4732714588
-62.9810754201
-63.5197219495
-64.0589191356
-57.7018641854
-54.2975690758
-70.0
-70.0
-70.0
-70.0
-70.0
-70.0
-70.0
-70.0
-69.0841454071
-68.5651611378
-68.3015985383
-68.2000743607
-68.1991573754
-68.2586352717
-68.3523675005
-68.463527921
-68.5814399093
-68.6994724387
-61.9350335844
-58.1452024857
-56.2664637436
-55.5970050402
-68.0280406312
-70.0
-70.0
-70.0
-70.0
-70.0
-70.0
-70.0
-70.0
-70.0
-70.0
-70.0
-70.0
-70.0
-70.0
-70.0
-63.2559327213
-59.4342945967
-57.493501902
-56.7459095552
-56.7391571619
-64.1674454518
-70.0
-70.0
-70.0
-70.0
-70.0
-70.0
-70.0
-70.0
-70.0
-70.0
-70.0
-70.0
-70.0
-70.0
-63.1656509572
-59.2928531662
-57.3260793861
-56.5684791385
-56.561636352
-70.0
-70.0
-70.0
-70.0
-70.0
-70.0
-70.0
-70.0
-70.0
-70.0
-70.0
-70.0
-70.0
-70.0
-70.0
-63.349667384
-59.5811455682
-57.6673276265
-56.9301259406
-56.9234673977
-57.355356692
-58.0359783789
-66.7294110002
-70.0
-70.0
-70.0
-70.0
-70.0
-70.0
-70.0
-70.0
-70.0
-70.0
-70.0
-70.0
-63.8039122378
-60.2927958393
-58.5096994722
-57.8228516695
-57.8166479323
-58.2190374255
-58.8531698739
-59.6052103472
-66.4652106697
-70.0
-70.0
-70.0
-70.0
-70.0
-70.0
-70.0
-70.0
-70.0
-70.0
-70.0
-63.5651375509
-59.9187154964
-58.0669050805
-57.3535886616
-57.3471458549
-57.7650419757
-58.4236115823
-59.2046329602
-60.0330913549
-70.0
-70.0
-70.0
-70.0
-70.0
-70.0
-70.0
-70.0
-70.0
-70.0
-70.0
-64.3260656068
-61.1108361173
-59.4780038863
-58.8490377516
-58.8433568123
-59.211836355
-59.7925295355
-60.4811944592
-61.2116869315
-61.9429261838
-64.2237489697
-70.0
-70.0
-70.0
-70.0
-70.0
-70.0
-70.0
-70.0
-70.0
-64.3034314377
-61.075375919
-59.4360300772
-58.8045549029
-58.7988513015
-59.168800764
-59.751810416
-60.4432225267
-61.1766290422
-61.9107853167
-70.0
-70.0
-70.0
-70.0
-70.0
-70.0
-70.0
-70.0
-70.0
-70.0
-65.308771225
-62.6504082525
-61.3003768605
-60.7803454634
-60.775648443
-61.0803086159
-61.5604277659
-62.1298183303
-62.7337920579
-63.3383832259
-57.0445825286
0
-70.0
-70.0
-70.0
-70.0
-70.0
-70.0
-70.0
-70.0
-70.0
-70.0
-70.0
-70.0
-70.0
-70.0
-70.0
-70.0
-70.0
-70.0
-63.1276790003
-59.2333637672
-57.2556625017
-58.7091402487
-70.0
-70.0
-70.0
-70.0
-70.0
-70.0
-66.9416061375
-65.2085162821
-64.3283784928
-63.9893498694
-63.9862876998
-64.1849074747
-64.4979157571
-64.8691235347
-65.2628774167
-65.657033832
-59.1596839296
-55.6226178571
0
-70.0
-70.0
-70.0
-70.0
-70.0
-70.0
-70.0
-70.0
-70.0
-70.0
-70.0
-70.0
-70.0
-70.0
-70.0
-70.0
-70.0
-63.1777629563
-59.3118286315
-57.3485404156
-56.5922828056
-56.585452146
-64.0196510194
-70.0
-70.0
-70.0
-70.0
-70.0
-70.0
-70.0
-70.0
-70.0
-70.0
-70.0
-70.0
-70.0
-70.0
-63.2105378311
-59.3631759354
-57.4093196002
-56.6566951457
-56.6498973014
-57.0908220182
-70.0
-70.0
-70.0
-70.0
-70.0
-70.0
-70.0
-70.0
-70.0
-70.0
-70.0
-70.0
-70.0
-70.0
-63.3127244768
-59.5232683471
-57.5988190576
-56.857522182
-56.8508266506
-57.2851151101
-57.9695176821
-70.0
-70.0
-70.0
-70.0
-70.0
-70.0
-70.0
-70.0
-70.0
-70.0
-70.0
-70.0
-70.0
-63.5863800622
-59.9519954308
-58.1062981376
-57.3953364905
-57.3889149525
-57.8054315313
-58.4618270942
-59.2402701954
-66.7538011255
-70.0
-70.0
-70.0
-70.0
-70.0
-70.0
-70.0
-70.0
-70.0
-70.0
-70.0
-63.565401083
-59.9191283633
-58.0673937861
-57.3541065802
-57.3476640373
-57.7655430437
-58.4240856794
-59.2050750715
-70.0
-70.0
-70.0
-70.0
-70.0
-70.0
-70.0
-70.0
-70.0
-70.0
-70.0
-70.0
-64.2423455774
-60.9796747379
-59.322749743
-58.6845030879
-58.6787383253
-59.0526548569
-59.6419162806
-60.3407425921
-61.082013626
-61.8240424587
-64.5152114722
-70.0
-70.0
-70.0
-70.0
-70.0
-70.0
-70.0
-70.0
-70.0
-65.9104416746
-63.5930252902
-62.4161412832
-61.9628061696
-61.9587115624
-62.224297746
-62.6428395313
-63.1392032848
-63.6657147607
-64.1927644876
-57.8239595502
-61.3994668166
-70.0
-70.0
-70.0
-70.0
-70.0
-70.0
-70.0
-70.0
-64.9235436042
-62.0468849799
-60.5859936393
-60.023259047
-60.0181763233
-60.3478541451
-60.8673990332
-61.4835459984
-62.1371159775
-62.7913540991
-56.5455758781
-69.8729279584
-70.0
-70.0
-70.0
-70.0
-70.0
-70.0
-70.0
-70.0
-67.6758152736
-66.358777262
-65.6899285463
-65.4322883654
-65.4299613113
-65.5808997018
-65.8187660794
-66.1008603699
-66.4000882653
-66.6996220603
-60.1107456447
-56.4870616072
-54.7632824645
-61.2282608265
-70.0
-70.0
-70.0
-70.0
-70.0
-70.0
-68.5374315461
-67.7086427556
-67.287748056
-67.1256196345
-67.1241552604
-67.2191381272
-67.3688232431
-67.5463402045
-67.7346390412
-67.9231303752
-61.2268448725
-57.5015120751
-55.6829286609
-55.0690143236
-62.1533737277
-70.0
-70.0
-70.0
-70.0
-70.0
-69.7902027553
-69.67131765
-69.6109426651
-69.5876862521
-69.5874761958
-69.6011009555
-69.6225724462
-69.648036259
-69.6750466714
-69.7020846965
-62.8496287311
-58.9765008608
-57.0200741099
-56.2788822557
-56.2915377347
-70.0
-70.0
-70.0
-70.0
-70.0
-70.0
-70.0
-70.0
-70.0
-70.0
-70.0
-70.0
-70.0
-70.0
-70.0
-63.2925793347
-59.4917076244
-57.5614610107
-56.8179310088
-56.8112153074
-57.246812043
-64.9241232872
-70.0
-70.0
-70.0
-70.0
-70.0
-70.0
-70.0
-70.0
-70.0
-70.0
-70.0
-70.0
-70.0
-63.2472371272
-59.4206714993
-57.4773764059
-56.7288201363
-56.7220590367
-57.160600409
-70.0
-70.0
-70.0
-70.0
-70.0
-70.0
-70.0
-70.0
-70.0
-70.0
-70.0
-70.0
-70.0
-70.0
-63.4495028125
-59.7375544063
-57.8524668823
-57.1263321385
-57.1197735543
-57.5451792853
-58.2155834144
-59.010639778
-70.0
-70.0
-70.0
-70.0
-70.0
-70.0
-70.0
-70.0
-70.0
-70.0
-70.0
-70.0
-64.2610578107
-61.0089905702
-59.3574505401
-58.7212781708
-58.7155321435
-59.0882334557
-59.6755797944
-60.3721349379
-61.1109968594
-68.8411724679
-70.0
-70.0
-70.0
-70.0
-70.0
-70.0
-70.0
-70.0
-70.0
-70.0
-63.820597562
-60.3189361804
-58.5406414788
-57.8556432752
-57.8494562439
-58.2507621503
-58.8831869558
-59.6332022739
-60.428771389
-70.0
-70.0
-70.0
-70.0
-70.0
-70.0
-70.0
-70.0
-70.0
-70.0
-70.0
-64.770191132
-61.8066327734
-60.3016099992
-59.7218760013
-59.7166397359
-60.0562766521
-60.5915162468
-61.2262761287
-61.8995895202
-62.5735912378
-56.3469299365
-60.9522943796
-70.0
-70.0
-70.0
-70.0
-70.0
-70.0
-70.0
-70.0
-67.1984348765
-65.6108813065
-64.804653121
-64.4940944389
-64.4912894151
-64.6732300869
-64.9599534872
-65.2999890777
-65.6606774628
-66.0217345784
-59.4923684046
-55.9250030868
-60.3517296989
-70.0
-70.0
-70.0
-70.0
-70.0
-70.0
-70.0
-65.8636407086
-63.5197037767
-62.3293514917
-61.8708284044
-61.8666869385
-62.1353124943
-62.558644078
-63.0606882256
-63.5932251067
-64.1263063984
-57.7633356696
-54.3534420433
0
-70.0
-70.0
-70.0
-70.0
-70.0
-70.0
-70.0
-70.0
-70.0
-70.0
-70.0
-70.0
-70.0
-70.0
-70.0
-70.0
-70.0
-63.159834098
-59.2837400869
-57.315292344
-56.5570472868
-63.5404928841
-70.0
-70.0
-70.0
-70.0
-70.0
-68.8462411122
-68.1924444091
-67.8604182402
-67.7325219309
-67.7313667477
-67.8062947461
-67.9243750536
-68.0644107364
-68.2129517881
