-62.0
-57.4666666667
-55.1644444444
-54.2776296296
-54.2696197531
-54.7891598354
-66.8579118903
-70.0
-70.0
-70.0
-70.0
-70.0
-70.0
-70.0
-65.2745971651
-62.5968688919
-61.237002965
-60.71318331
-60.7084520733
-61.0153315956
-61.7968281902
-56.6544049841
-70.0
-70.0
-70.0
-70.0
-70.0
-70.0
-68.0604526749
-66.9613758573
-66.4032172382
-66.1882148255
-66.1862728837
-66.3122319558
-66.5107330005
-59.3654475748
-64.7449224911
-70.0
-70.0
-70.0
-70.0
-70.0
-68.398733719
-67.4913494931
-67.0305406411
-66.8530373085
-66.8514340654
-66.9554243173
-67.1193043245
-59.7818768258
-70.0
-70.0
-70.0
-70.0
-70.0
-70.0
-67.0480510623
-65.3752799977
-64.5257746923
-64.1985456859
-64.1955900926
-64.3872970669
-64.6894113492
-59.6698854029
-70.0
-70.0
-70.0
-70.0
-70.0
-70.0
-67.439941944
-65.989242379
-65.2525145607
-64.9687273843
-64.9661641657
-65.1324207623
-65.3944273616
-58.4875088698
-70.0
-70.0
-70.0
-70.0
-70.0
-70.0
-68.7281193416
-68.0073869684
-67.641367979
-67.5003776526
-67.4991042018
-67.5817033245
-67.7118726873
-60.3344665232
-56.5501464657
-70.0
-70.0
-70.0
-70.0
-70.0
-70.0
-70.0
-70.0
-70.0
-70.0
-70.0
-70.0
-62.8092587512
-58.7345053769
-56.9896725959
-62.4686316287
-70.0
-70.0
-70.0
-70.0
-70.0
-70.0
-70.0
-70.0
-70.0
-70.0
-62.9323009021
-58.9272714132
-56.8933446728
-67.0432326418
-70.0
-70.0
-70.0
-70.0
-70.0
-70.0
-70.0
-70.0
-70.0
-70.0
-63.1621854392
-59.2874238548
-57.3196527756
-56.5616683689
-57.2165444929
-70.0
-70.0
-70.0
-70.0
-70.0
-70.0
-70.0
-70.0
-70.0
-64.0303441549
-60.6475391759
-58.9296048827
-58.2678574774
-58.2618804516
-59.1520098459
-70.0
-70.0
-70.0
-70.0
-70.0
-70.0
-70.0
-70.0
-66.2329821674
-64.0983387289
-63.0142747081
-62.5966938054
-62.5929221369
-62.8375617313
-63.3884098496
-58.874529153
-70.0
-70.0
-70.0
-70.0
-70.0
-70.0
-70.0
-70.0
-70.0
-70.0
-70.0
-70.0
-70.0
-62.4898282128
-58.7482027489
-70.0
-70.0
-70.0
-70.0
-70.0
-67.725880632
-66.4372129902
-65.7827719721
-65.5306816288
-65.5284047019
-65.6760917223
-65.9088342105
-58.6530732041
-60.3727356957
-70.0
-70.0
-70.0
-70.0
-70.0
-70.0
-70.0
-70.0
-70.0
-70.0
-70.0
-70.0
-62.5872896973
-58.386753859
-56.6070953769
-70.0
-70.0
-70.0
-70.0
-70.0
-70.0
-70.0
-70.0
-70.0
-70.0
-70.0
-63.2763452726
-59.4662742604
-57.5313558444
-56.7860262666
-58.3326277474
-69.9350155772
-70.0
-70.0
-70.0
-70.0
-70.0
-70.0
-70.0
-70.0
-64.6437428624
-61.6085304844
-60.0671187081
-59.4733676854
-59.4680048156
-60.3544256657
-69.9664130932
-70.0
-70.0
-70.0
-70.0
-70.0
-70.0
-70.0
-62.7644286017
-58.664271476
-56.582034818
-70.0
-70.0
-70.0
-70.0
-70.0
-70.0
-70.0
-70.0
-70.0
-70.0
-70.0
-62.7323943402
-58.6140844663
-56.5226290598
-56.9700826193
-70.0
-70.0
-70.0
-70.0
-70.0
-70.0
-70.0
-70.0
-70.0
-70.0
-63.1936993372
-59.3367956282
-57.3780935486
-56.6236025158
-57.516298687
-66.0890919587
-70.0
-70.0
-70.0
-70.0
-70.0
-70.0
-70.0
-70.0
-64.7121499771
-61.7157016309
-60.193975902
-59.6078079347
-59.6025135565
-59.945919811
-63.3038312316
-64.2507845395
-70.0
-70.0
-70.0
-70.0
-70.0
-70.0
-68.4846776406
-67.6259949703
-67.1899188691
-67.0219425794
-67.0204253863
-67.1188342242
-67.2739183861
-59.9260595781
-57.6424363324
-70.0
-70.0
-70.0
-70.0
-70.0
-70.0
-70.0
-70.0
-70.0
-70.0
-70.0
-70.0
-62.8061053024
-58.7295649737
-56.6593219441
-57.3368366706
-70.0
-70.0
-70.0
-70.0
-70.0
-70.0
-70.0
-70.0
-70.0
-70.0
-63.7174438856
-60.1573287541
-58.3493487167
-57.6529157371
-58.0143146306
-70.0
-70.0
-70.0
-70.0
-70.0
-70.0
-70.0
-70.0
-70.0
-63.7818359027
-60.2582095809
-58.4687601351
-57.7794651298
-57.773239289
-70.0
-70.0
-70.0
-70.0
-70.0
-70.0
-70.0
-70.0
-70.0
-64.8249016918
-61.8923459838
-60.4030676929
-59.829398462
-59.8242169746
-60.1603008498
-61.0783817904
-70.0
-70.0
-70.0
-70.0
-70.0
-70.0
-70.0
-67.0863786008
-65.4353264746
-64.5968509831
-64.2738706554
-64.2709534369
-64.4601713246
-64.7583630131
-57.9704371877
-68.0347749136
-70.0
-70.0
-70.0
-70.0
-70.0
-70.0
-70.0
-70.0
-70.0
-70.0
-70.0
-70.0
-62.5955749745
-58.3997341266
-57.0562459714
-61.5096916744
-70.0
-70.0
-70.0
-70.0
-70.0
-70.0
-70.0
-70.0
-70.0
-70.0
-63.3443868409
-59.5728727175
-57.6575351528
-56.9197481089
-59.0100426103
-61.3976050627
-70.0
-70.0
-70.0
-70.0
-70.0
-70.0
-70.0
-70.0
-65.7820603567
-63.3918945588
-62.1780652614
-61.7104988409
-61.706275694
-61.9801992826
-62.6216762999
-57.4324281754
-70.0
-70.0
-70.0
-70.0
-70.0
-70.0
-69.485308642
-69.1936502058
-69.0455334705
-68.9884789803
-68.9879636536
-69.0213890024
-69.0740645782
-61.6047557456
-57.8107733692
-64.1778443181
-70.0
-70.0
-70.0
-70.0
-70.0
-70.0
-70.0
-70.0
-70.0
-70.0
-70.0
-63.0086213145
-59.0468400594
-57.0348766377
-56.2598693634
-62.8417709332
-70.0
-70.0
-70.0
-70.0
-70.0
-70.0
-70.0
-70.0
-70.0
-64.2682944673
-61.0203279988
-59.3708705177
-58.7355003451
-58.7297615634
-59.5186676494
-62.0918539272
-70.0
-70.0
-70.0
-70.0
-70.0
-70.0
-70.0
-66.1991717195
-64.0453690273
-62.951575111
-62.5302462575
-62.5264407369
-62.7732760666
-63.1622680622
-57.6922802268
-55.3983986624
-70.0
-70.0
-70.0
-70.0
-70.0
-70.0
-70.0
-70.0
-70.0
-70.0
-70.0
-70.0
-63.0813050856
-59.1607113008
-57.1696646532
-56.4027145095
-70.0
-70.0
-70.0
-70.0
-70.0
-70.0
-70.0
-70.0
-70.0
-70.0
-63.8401959051
-60.3496402513
-58.5769855173
-57.8941598264
-57.8879924176
-59.7260262113
-70.0
-70.0
-70.0
-70.0
-70.0
-70.0
-70.0
-70.0
-65.5569766804
-63.0392634659
-61.7606600884
-61.2681427256
-61.2636942171
-61.5522353047
-62.4362352318
-64.0519271141
-70.0
-70.0
-70.0
-70.0
-70.0
-70.0
-69.4596339824
-69.1534265724
-68.9979212406
-68.9380206669
-68.9374796338
-68.9725723594
-69.0278755828
-61.5616829719
-57.7969959647
-58.1769155398
-70.0
-70.0
-70.0
-70.0
-70.0
-70.0
-70.0
-70.0
-70.0
-70.0
-70.0
-62.7440770362
-58.6323873568
-56.5442939705
-56.5943565658
-66.3538519613
-70.0
-70.0
-70.0
-70.0
-70.0
-70.0
-70.0
-70.0
-70.0
-64.1492517054
-60.8338276718
-59.1501123293
-58.5015460461
-58.4956880747
-59.1076950773
-61.8884492981
-70.0
-70.0
-70.0
-70.0
-70.0
-70.0
-70.0
-68.6015404664
-67.809080064
-67.4066344871
-67.2516126581
-67.2502124721
-67.3410319447
-67.4841558968
-60.1221130459
-56.4806934889
-70.0
-70.0
-70.0
-70.0
-70.0
-70.0
-70.0
-70.0
-70.0
-70.0
-70.0
-70.0
-62.750340542
-58.6422001825
-56.7695060682
-60.2864654803
-70.0
-70.0
-70.0
-70.0
-70.0
-70.0
-70.0
-70.0
-70.0
-70.0
-63.4588579845
-59.7522108424
-57.869815529
-57.1447178234
-57.5927118327
-60.1644689533
-70.0
-70.0
-70.0
-70.0
-70.0
-70.0
-70.0
-70.0
-65.6139726602
-63.1285571676
-61.8663559665
-61.3801567136
-61.3757652714
-61.6606048971
-62.1094885092
-56.2120475374
-70.0
-70.0
-70.0
-70.0
-70.0
-70.0
-70.0
-70.0
-70.0
-70.0
-70.0
-70.0
-70.0
-62.5802679432
-58.375753111
-57.1534957602
-70.0
-70.0
-70.0
-70.0
-70.0
-70.0
-70.0
-70.0
-70.0
-70.0
-70.0
-63.1571184609
-59.2794855888
-57.3102563459
-56.5517102553
-59.196665734
-70.0
-70.0
-70.0
-70.0
-70.0
-70.0
-70.0
-70.0
-70.0
-65.11623533
-62.3487686836
-60.9433297397
-60.401955382
-60.397065588
-60.7142295253
-61.6844002879
-70.0
-70.0
-70.0
-70.0
-70.0
-70.0
-70.0
-66.7522718752
-64.9118926044
-63.9772686219
-63.6172519449
-63.6140002072
-63.8249158244
-64.1573013339
-57.2695385217
-58.0978879358
-70.0
-70.0
-70.0
-70.0
-70.0
-70.0
-70.0
-70.0
-70.0
-70.0
-70.0
-70.0
-62.6602650541
-58.5010819181
-56.8662651438
-58.2987478353
-70.0
-70.0
-70.0
-70.0
-70.0
-70.0
-70.0
-70.0
-70.0
-70.0
-64.4371162932
-61.2848155261
-59.6839412149
-59.0672852544
-59.0617155029
-59.6484874213
-70.0
-70.0
-70.0
-70.0
-70.0
-70.0
-70.0
-70.0
-66.4501902149
-64.4386313367
-63.4170749652
-63.0235719768
-63.0200177845
-63.250551343
-63.6138531
-57.683887257
-70.0
-70.0
-70.0
-70.0
-70.0
-70.0
-70.0
-70.0
-70.0
-70.0
-70.0
-70.0
-70.0
-62.5182315225
-58.5380366215
-58.8051721237
-70.0
-70.0
-70.0
-70.0
-70.0
-70.0
-70.0
-70.0
-70.0
-70.0
-70.0
-63.3209451572
-59.5361474129
-57.6140638526
-56.8736782546
-57.3604200369
-70.0
-70.0
-70.0
-70.0
-70.0
-70.0
-70.0
-70.0
-70.0
-64.2153289818
-60.9373487382
-59.2726489674
-58.6314074727
-58.6256156601
-59.2652085957
-61.8377021233
-70.0
-70.0
-70.0
-70.0
-70.0
-70.0
-70.0
-69.0647626886
-68.5347948788
-68.2656543637
-68.1619815758
-68.1610451839
-68.2217818426
-68.3174977764
-60.8992320518
-56.7516315487
-70.0
-70.0
-70.0
-70.0
-70.0
-70.0
-70.0
-70.0
-70.0
-70.0
-70.0
-70.0
-63.1462588698
-59.2624722293
-57.2901178374
-56.530367941
-70.0
-70.0
-70.0
-70.0
-70.0
-70.0
-70.0
-70.0
-70.0
-70.0
-63.539583309
-59.8786805174
-58.0195161585
-57.3033670046
-57.2968986121
-65.3232522118
-70.0
-70.0
-70.0
-70.0
-70.0
-70.0
-70.0
-70.0
-65.8670342936
-63.5250203932
-62.3356447066
-61.8774978044
-61.8733597363
-62.1417649042
-62.836817004
-58.2810915108
-70.0
-70.0
-70.0
-70.0
-70.0
-70.0
-70.0
-70.0
-70.0
-70.0
-70.0
-70.0
-70.0
-62.5640360083
-58.3503230796
-56.4865290978
-70.0
-70.0
-70.0
-70.0
-70.0
-70.0
-70.0
-70.0
-70.0
-70.0
-70.0
-63.410794425
-59.6769112658
-57.7806843281
-57.0502586879
-57.5613129377
-70.0
-70.0
-70.0
-70.0
-70.0
-70.0
-70.0
-70.0
-70.0
-65.151647005
-62.4042469745
-61.0089987238
-60.4715498158
-60.4666954772
-60.7815596915
-61.5181424589
-70.0
-70.0
-70.0
-70.0
-70.0
-70.0
-70.0
-70.0
-70.0
-70.0
-70.0
-70.0
-70.0
-70.0
-62.4897918427
-58.2340072202
-70.0
-70.0
-70.0
-70.0
-70.0
-70.0
-70.0
-70.0
-70.0
-70.0
-70.0
-70.0
-62.7024988479
-58.567248195
-56.4671895301
-56.6976052258
-70.0
-70.0
-70.0
-70.0
-70.0
-70.0
-70.0
-70.0
-70.0
-70.0
-63.5630725229
-59.9154802859
-58.0630756009
-57.3495302698
-57.3430853955
-59.5190822183
-70.0
-70.0
-70.0
-70.0
-70.0
-70.0
-70.0
-70.0
-67.8633689986
-66.6526114312
-66.0377365097
-65.8008870065
-65.7987477376
-65.9375059184
-66.1561772963
-58.8837288542
-70.0
-70.0
-70.0
-70.0
-70.0
-70.0
-70.0
-70.0
-70.0
-70.0
-70.0
-70.0
-70.0
-62.679315416
-58.5309274851
-56.9648646232
-70.0
-70.0
-70.0
-70.0
-70.0
-70.0
-70.0
-70.0
-70.0
-70.0
-70.0
-63.2818245499
-59.4748584615
-57.5415168598
-56.7967946701
-57.3355926478
-70.0
-70.0
-70.0
-70.0
-70.0
-70.0
-70.0
-70.0
-70.0
-65.2327591374
-62.5313226486
-61.159416667
-60.6309591891
-60.6261860628
-60.9357826516
-61.9717615368
-70.0
-70.0
-70.0
-70.0
-70.0
-70.0
-70.0
-67.5292587031
-66.1291719682
-65.4181475283
-65.1442612801
-65.1417874885
-65.3022436306
-65.5551091948
-58.3232128679
-56.4109466429
-70.0
-70.0
-70.0
-70.0
-70.0
-70.0
-70.0
-70.0
-70.0
-70.0
-70.0
-70.0
-63.08651188
-59.1688686119
-57.1793203641
-56.4129474032
-70.0
-70.0
-70.0
-70.0
-70.0
-70.0
-70.0
-70.0
-70.0
-70.0
-64.5970699588
-61.5354096022
-59.9805664015
-59.381641601
-59.3762320007
-59.7271118404
-70.0
-70.0
-70.0
-70.0
-70.0
-70.0
-70.0
-70.0
-65.6438117022
-63.1753050001
-61.9216908122
-61.4387992723
-61.434437706
-61.7173395094
-62.1631692744
-58.0222911478
-70.0
-70.0
-70.0
-70.0
-70.0
-70.0
-70.0
-70.0
-70.0
-70.0
-70.0
-70.0
-70.0
-62.561424086
-58.3462310681
-56.5136868711
-70.0
-70.0
-70.0
-70.0
-70.0
-70.0
-70.0
-70.0
-70.0
-70.0
-70.0
-63.439023947
-59.721137517
-57.8330344084
-57.105738063
-57.0991689869
-70.0
-70.0
-70.0
-70.0
-70.0
-70.0
-70.0
-70.0
-70.0
-65.4451717726
-62.8641024437
-61.5533240983
-61.0484129544
-61.0438525029
-61.339654482
-62.3754220756
-70.0
-70.0
-70.0
-70.0
-70.0
-70.0
-70.0
-69.7219657064
-69.5644129401
-69.484400849
-69.4535802326
-69.4533018551
-69.4713581001
-69.4998132437
-62.0017805295
-57.7695682167
-70.0
-70.0
-70.0
-70.0
-70.0
-70.0
-70.0
-70.0
-70.0
-70.0
-70.0
-70.0
-63.1714777896
-59.3019818704
-57.3368849232
-56.5799305908
-70.0
-70.0
-70.0
-70.0
-70.0
-70.0
-70.0
-70.0
-70.0
-70.0
-63.5608839369
-59.9120515012
-58.0590169897
-57.3452290499
-57.3387819843
-58.6276439836
-70.0
-70.0
-70.0
-70.0
-70.0
-70.0
-70.0
-70.0
-65.7144734966
-63.286008478
-62.0527291843
-61.5776706352
-61.5733798179
-61.851692667
-62.2902906208
-56.4216925299
-70.0
-70.0
-70.0
-70.0
-70.0
-70.0
-70.0
-70.0
-70.0
-70.0
-70.0
-70.0
-70.0
-62.8690447594
-58.8281701231
-56.7760396706
-57.3797867006
-70.0
-70.0
-70.0
-70.0
-70.0
-70.0
-70.0
-70.0
-70.0
-70.0
-64.0505110478
-60.6791339749
-58.9670032654
-58.3074913974
-58.3015345634
-58.6879093109
-70.0
-70.0
-70.0
-70.0
-70.0
-70.0
-70.0
-70.0
-66.0700993671
-63.8431556751
-62.712217604
-62.2765808413
-62.2726460889
-62.5278637012
-62.9300654785
-70.0
-70.0
-70.0
-70.0
-70.0
-70.0
-70.0
-69.7338080701
-69.5829659764
-69.5063618544
-69.476853986
-69.4765874654
-69.4938746376
-69.5211177863
-62.0216477237
-57.787910762
-70.0
-70.0
-70.0
-70.0
-70.0
-70.0
-70.0
-70.0
-70.0
-70.0
-70.0
-70.0
-62.7537614982
-58.6475596804
-56.5622532671
-56.6438609104
-70.0
-70.0
-70.0
-70.0
-70.0
-70.0
-70.0
-70.0
-70.0
-70.0
-64.3688901082
-61.1779278362
-59.5574195451
-58.9332005856
-58.9275625238
-59.2932609358
-70.0
-70.0
-70.0
-70.0
-70.0
-70.0
-70.0
-70.0
-68.3704938272
-67.4471069959
-66.9781713306
-66.7975375537
-66.7959060358
-66.9017302572
-67.0685004481
-59.7345005222
-59.706215794
-70.0
-70.0
-70.0
-70.0
-70.0
-70.0
-70.0
-70.0
-70.0
-70.0
-70.0
-70.0
-62.6865165986
-58.5422093379
-56.4375513368
-70.0
-70.0
-70.0
-70.0
-70.0
-70.0
-70.0
-70.0
-70.0
-70.0
-70.0
-63.2493636293
-59.4240030192
-57.4813198858
-56.7329993429
-57.0648660209
-70.0
-70.0
-70.0
-70.0
-70.0
-70.0
-70.0
-70.0
-70.0
-65.432707819
-62.8445755831
-61.5302103888
-61.0239175926
-61.0193446618
-61.3159560812
-61.7833910635
-70.0
-70.0
-70.0
-70.0
-70.0
-70.0
-70.0
-70.0
-70.0
-70.0
-70.0
-70.0
-70.0
-70.0
-62.487624312
-58.2306114222
-70.0
-70.0
-70.0
-70.0
-70.0
-70.0
-70.0
-70.0
-70.0
-70.0
-70.0
-70.0
-63.096462486
-59.1844578947
-57.1977732101
-56.4325032923
-70.0
-70.0
-70.0
-70.0
-70.0
-70.0
-70.0
-70.0
-70.0
-70.0
-64.0933288916
-60.7462152634
-59.0464065778
-58.3916411471
-58.3857271839
-59.3968316754
-70.0
-70.0
-70.0
-70.0
-70.0
-70.0
-70.0
-70.0
-66.1150281692
-63.9135441317
-62.7955355715
-62.3648792497
-62.3609894816
-62.6132893047
-63.0108928884
-56.6070997376
-70.0
-70.0
-70.0
-70.0
-70.0
-70.0
-70.0
-70.0
-70.0
-70.0
-70.0
-70.0
-70.0
-62.5440438133
-58.3190019742
-56.5246208514
-70.0
-70.0
-70.0
-70.0
-70.0
-70.0
-70.0
-70.0
-70.0
-70.0
-70.0
-64.0980330234
-60.75358507
-59.055130129
-58.4008861601
-58.3949769067
-59.4175615608
-70.0
-70.0
-70.0
-70.0
-70.0
-70.0
-70.0
-70.0
-67.0836311888
-65.4310221958
-64.5917560601
-64.2684711767
-64.2655512075
-64.454947519
-64.7534203886
-57.5756114052
-70.0
-70.0
-70.0
-70.0
-70.0
-70.0
-70.0
-70.0
-70.0
-70.0
-70.0
-70.0
-70.0
-62.5497765205
-58.3279832155
-60.8136074963
-70.0
-70.0
-70.0
-70.0
-70.0
-70.0
-70.0
-70.0
-70.0
-70.0
-70.0
-63.1898303159
-59.3307341615
-57.3709186635
-56.6159987426
-63.4636049785
-70.0
-70.0
-70.0
-70.0
-70.0
-70.0
-70.0
-70.0
-70.0
-64.3663093412
-61.1738846346
-59.5526336561
-58.9281286139
-58.922487968
-59.2883539816
-70.0
-70.0
-70.0
-70.0
-70.0
-70.0
-70.0
-70.0
-68.3757722908
-67.4553765889
-66.9879599482
-66.8079112988
-66.8062850659
-66.9117664906
-67.0779964624
-59.7433558711
-70.0
-70.0
-70.0
-70.0
-70.0
-70.0
-70.0
-70.0
-70.0
-70.0
-70.0
-70.0
-70.0
-62.8324705523
-58.7708705319
-56.7082148353
-57.781022123
-70.0
-70.0
-70.0
-70.0
-70.0
-70.0
-70.0
-70.0
-70.0
-70.0
-63.8362062521
-60.343389795
-58.5695869276
-57.8863189762
-57.8801475728
-62.7450884459
-70.0
-70.0
-70.0
-70.0
-70.0
-70.0
-70.0
-70.0
-65.7181622656
-63.2917875494
-62.0595698014
-61.5849201592
-61.5806330353
-61.8587063264
-62.2969267568
-69.1339790113
-70.0
-70.0
-70.0
-70.0
-70.0
-70.0
-70.0
-70.0
-70.0
-70.0
-70.0
-70.0
-70.0
-62.5198419843
-58.2810857755
-70.0
-70.0
-70.0
-70.0
-70.0
-70.0
-70.0
-70.0
-70.0
-70.0
-70.0
-70.0
-63.3221572592
-59.5380463728
-57.6163116285
-56.8760603943
-56.8693743073
-70.0
-70.0
-70.0
-70.0
-70.0
-70.0
-70.0
-70.0
-70.0
-65.602903216
-63.1112150384
-61.8458282972
-61.3584019759
-61.3539994506
-61.6395579537
-62.0895744572
-70.0
-70.0
-70.0
-70.0
-70.0
-70.0
-70.0
-68.6415799409
-67.8718085742
-67.4808854683
-67.3303020891
-67.328941992
-67.4171612007
-67.5561873525
-60.1892847729
-57.6913245056
-70.0
-70.0
-70.0
-70.0
-70.0
-70.0
-70.0
-70.0
-70.0
-70.0
-70.0
-70.0
-62.9525225669
-58.9589520215
-56.9308446268
-56.1496187025
-70.0
-70.0
-70.0
-70.0
-70.0
-70.0
-70.0
-70.0
-70.0
-70.0
-64.8041188843
-61.8597862521
-60.364527131
-59.7885540874
-59.7833517916
-60.1207853544
-70.0
-70.0
-70.0
-70.0
-70.0
-70.0
-70.0
-70.0
-68.1179304106
-67.0514243099
-66.5098065058
-66.3011756065
-66.2992912134
-66.4215175371
-66.61413608
-59.3107906442
-67.6870876296
-70.0
-70.0
-70.0
-70.0
-70.0
-70.0
-70.0
-70.0
-70.0
-70.0
-70.0
-70.0
-62.6453053317
-58.4776450197
-56.3611273318
-70.0
-70.0
-70.0
-70.0
-70.0
-70.0
-70.0
-70.0
-70.0
-70.0
-70.0
-63.3380850144
-59.5629998559
-57.6458487656
-56.9073631525
-57.5951032881
-70.0
-70.0
-70.0
-70.0
-70.0
-70.0
-70.0
-70.0
-70.0
-65.0648882793
-62.2683249709
-60.8481094868
-60.3010432135
-60.296102009
-60.6166005527
-61.5123948928
-70.0
-70.0
-70.0
-70.0
-70.0
-70.0
-70.0
-70.0
-70.0
-70.0
-70.0
-70.0
-70.0
-70.0
-62.5452485299
-58.3208893636
-70.0
-70.0
-70.0
-70.0
-70.0
-70.0
-70.0
-70.0
-70.0
-70.0
-70.0
-70.0
-63.2616779733
-59.4432954916
-57.5041561528
-56.7572006777
-61.1634940047
-70.0
-70.0
-70.0
-70.0
-70.0
-70.0
-70.0
-70.0
-70.0
-64.2238995308
-60.9507759315
-59.2885425743
-58.6482511408
-58.6424679093
-59.0175823735
-70.0
-70.0
-70.0
-70.0
-70.0
-70.0
-70.0
-70.0
-66.9534533064
-65.2270768467
-64.3503484094
-64.0126330666
-64.0095827588
-64.2074331488
-64.5192289445
-57.3572200981
-70.0
-70.0
-70.0
-70.0
-70.0
-70.0
-70.0
-70.0
-70.0
-70.0
-70.0
-70.0
-70.0
-62.5575845232
-58.340215753
-58.5118326687
-70.0
-70.0
-70.0
-70.0
-70.0
-70.0
-70.0
-70.0
-70.0
-70.0
-70.0
-63.8615297804
-60.3830633226
-58.6165480038
-57.9360872124
-57.9299411638
-61.7814439902
-70.0
-70.0
-70.0
-70.0
-70.0
-70.0
-70.0
-70.0
-67.0632048363
-65.3990209102
-64.5538765242
-64.2283273418
-64.225386921
-64.4161097711
-64.7166731555
-57.5413433886
-56.5840172398
-70.0
-70.0
-70.0
-70.0
-70.0
-70.0
-70.0
-70.0
-70.0
-70.0
-70.0
-70.0
-63.1508923734
-59.269731385
-57.2987104125
-56.5394741485
-57.259929684
-70.0
-70.0
-70.0
-70.0
-70.0
-70.0
-70.0
-70.0
-70.0
-65.6200676726
-63.1381060204
-61.8776588284
-61.392135219
-61.3877498793
-61.6721936795
-62.1204535037
-70.0
-70.0
-70.0
-70.0
-70.0
-70.0
-70.0
-69.9489549991
-69.9200294986
-69.9053398817
-69.8996814488
-69.8996303408
-69.9029453313
-69.9081694812
-62.3825862962
-58.1211501753
-70.0
-70.0
-70.0
-70.0
-70.0
-70.0
-70.0
-70.0
-70.0
-70.0
-70.0
-70.0
-63.0619620112
-59.1304071509
-57.1337939964
-56.3646996371
-70.0
-70.0
-70.0
-70.0
-70.0
-70.0
-70.0
-70.0
-70.0
-70.0
-64.0186256397
-60.6291801688
-58.9078735474
-58.2448271229
-58.2388383641
-59.3665619774
-70.0
-70.0
-70.0
-70.0
-70.0
-70.0
-70.0
-70.0
-68.2732528578
-67.2947628105
-66.7978433552
-66.6064302368
-66.6047013579
-66.7168406519
-66.8935628733
-59.571365418
-62.6167069916
-70.0
-70.0
-70.0
-70.0
-70.0
-70.0
-70.0
-70.0
-70.0
-70.0
-70.0
-70.0
-62.974949509
-58.9940875642
-56.9724341451
-56.9409942455
-70.0
