-70.0
-63.46921875
-59.7684427083
-57.8890289931
-57.1650797975
0
-70.0
-70.0
-70.0
-70.0
-70.0
-70.0
-67.6015102623
-66.2423660777
-65.5521340309
-65.2862570019
-65.283855551
-65.4396194955
-65.8600442451
-66.6098206433
-69.0040670471
-69.7533926555
-70.0
-70.0
-70.0
-70.0
-70.0
-70.0
-64.5609775469
-61.4788648235
-59.9136350286
-59.3107093174
-59.3052635801
-60.9365032486
-65.3540754802
-69.9802573224
-70.0
-70.0
-70.0
-70.0
-70.0
-70.0
-70.0
-70.0
-70.0
-70.0
-68.2657036176
-70.0
-70.0
-70.0
-70.0
-70.0
-70.0
-70.0
-70.0
-70.0
-70.0
-63.8768077257
-60.4069987703
-59.0110048716
-59.6786567027
-64.3200356492
-69.227951468
-70.0
-67.9187789778
-66.7394203986
-66.1404912378
-65.9097840333
-65.9077002429
-66.0428599605
-66.2558604591
-66.5084654096
-66.9549081536
-70.0
-70.0
-70.0
-70.0
-70.0
-66.5469830746
-64.5902734835
-63.5965719461
-63.2137986255
-57.9865481357
-55.2506462373
-54.1007502237
-54.3106500979
-54.3201775089
-62.0548489816
-70.0
-70.0
-70.0
-70.0
-70.0
-70.0
-70.0
-70.0
-64.000237739
-60.6003724578
-58.8737742072
-58.9319834555
-64.6742958851
-70.0
-70.0
-70.0
-70.0
-70.0
-70.0
-70.0
-70.0
-70.0
-63.8668429938
-60.3913873569
-58.6264010629
-58.5045772263
-58.4371981046
-68.9136262388
-70.0
-70.0
-70.0
-67.8916291077
-66.6968856021
-66.090143312
-65.8564264942
-65.8543155204
-60.3548385088
-57.3766576848
-56.0105272676
-55.6571647751
-57.0517293511
-61.4778580342
-61.1241656406
-61.7760685642
-62.7276404403
-63.5409955512
-64.2443087661
-64.8581530695
-65.3978545492
-65.8750802854
-66.2989130509
-66.6765822752
-67.1962981757
-62.4704166331
-65.4275696144
-68.9558702845
-70.0
-70.0
-70.0
-66.0135181354
-63.7545117454
-62.6072908533
-62.1653819562
-62.1613905528
-62.4202826923
-63.5604160752
-60.947090789
-61.9744527229
-63.7788285213
-65.0688263829
-66.0071975538
-66.7033136712
-67.230872886
-67.6397126519
-68.1488591915
-68.5160518088
-69.7191781255
-70.0
-70.0
-70.0
-70.0
-69.1468766664
-68.817104231
-68.6586706288
-64.0465292011
-61.4776933711
-56.6190538302
-54.1499016446
0
-70.0
-70.0
-70.0
-70.0
-70.0
-70.0
-69.7046774071
-69.5373279378
-69.4523406583
-69.419603602
-69.4193079148
-69.4384869053
-69.4687114028
-63.4080280692
-59.9913504667
-60.3126235802
-66.0305867733
-70.0
-70.0
-70.0
-66.8880993891
-65.124689043
-64.2291532005
-63.884193255
-58.6881969184
-55.9476592192
-54.771747959
-54.5738096043
-55.3465902481
-57.0477707685
-64.6382401474
-70.0
-70.0
-70.0
-70.0
-70.0
-70.0
-70.0
-64.1831358485
-58.7300013709
-55.8337873054
-54.5682659559
-55.4508033167
-60.9587774417
-66.980918346
-70.0
-70.0
-70.0
-70.0
-70.0
-70.0
-70.0
-70.0
-70.0
-63.7189060508
-61.0967588147
-64.2982771148
-69.9422489256
-70.0
-70.0
-66.4823697763
-64.4890459828
-59.8855800351
-55.3059457153
0
-70.0
-70.0
-70.0
-70.0
-70.0
-70.0
-70.0
-70.0
-65.3073511393
-60.4956907433
-57.9255048142
-56.7858764296
0
-70.0
-70.0
-70.0
-70.0
-70.0
-70.0
-70.0
-70.0
-70.0
-70.0
-70.0
-70.0
-70.0
-70.0
-70.0
-70.0
-70.0
-70.0
-70.0
-70.0
-69.021661948
-66.4648177231
-65.0485505974
-64.3638386354
-64.1408835037
-64.2024143079
-64.4325856468
-64.7562689286
-65.3217647455
-66.0023140638
-64.4202931498
-70.0
-70.0
-70.0
-70.0
-70.0
-70.0
-70.0
-70.0
-70.0
-70.0
-70.0
-70.0
-70.0
-70.0
-70.0
-70.0
-70.0
-70.0
-70.0
-70.0
-65.5560693711
-63.0378420148
-61.7589775338
-61.2663595941
-61.2619101771
-61.5505101877
-62.0053198544
-64.4556202399
-68.3922723068
-70.0
-70.0
-70.0
-70.0
-70.0
-70.0
-70.0
-70.0
-64.1702386196
-60.8667071708
-59.1890313957
-54.0135565972
0
-70.0
-70.0
-70.0
-70.0
-70.0
-70.0
-67.8943335028
-66.7011224876
-66.0951584623
-61.3369859919
-56.8128436201
-54.5379300763
0
-70.0
-70.0
-70.0
-70.0
-70.0
-70.0
-70.0
-70.0
-70.0
-64.7194171115
-61.7270868081
-60.207452399
-59.622090007
-59.6168029049
-60.5373073272
-69.035846085
-70.0
-70.0
-70.0
-70.0
-70.0
-70.0
-70.0
-70.0
-70.0
-64.114373002
-60.7791843697
-59.0854317114
-58.4329990594
-62.607548654
-70.0
-70.0
-70.0
-68.6269646063
-67.8489112166
-67.4537821422
-67.3015786261
-67.3002038956
-67.3893722608
-67.5298942046
-67.6965442307
-67.8733161053
-68.9871943831
-67.7835238121
-70.0
-70.0
-70.0
-66.3613254129
-62.1610046052
-59.902111967
-58.8833726519
-54.1282723124
0
-70.0
-70.0
-70.0
-70.0
-70.0
-70.0
-70.0
-70.0
-70.0
-70.0
-66.6660421315
-64.7767993393
-63.8173603527
-58.9365604119
-56.3768617671
-55.2951471879
-55.1362802008
-55.5364173352
-60.2906218563
-70.0
-70.0
-70.0
-70.0
-70.0
-70.0
-70.0
-70.0
-70.0
-70.0
-70.0
-70.0
-63.7824890113
-60.2592327844
-59.2426713345
-60.2403340523
-66.5033404395
-70.0
-69.6285475176
-67.6025477853
-66.4668630198
-65.9032233931
-65.7015988374
-65.7239041426
-65.8798238544
-66.1107148863
-66.3788923426
-66.6605024049
-67.5182993531
-70.0
-70.0
-70.0
-70.0
-70.0
-70.0
-70.0
-70.0
-70.0
-70.0
-70.0
-63.91621758
-60.4687408753
-58.9197391189
-61.816790828
-70.0
-70.0
-70.0
-70.0
-70.0
-70.0
-70.0
-70.0
-70.0
-70.0
-64.0187893868
-60.629436706
-58.9081772073
-58.2451489345
-59.3735370463
-67.4855754771
-70.0
-70.0
-70.0
-70.0
-70.0
-70.0
-70.0
-70.0
-70.0
-64.051788885
-58.5497744616
-55.6302399921
-54.5530346686
-60.2109148197
-70.0
-70.0
-70.0
-70.0
-70.0
-70.0
-66.1410260214
-63.9542741003
-62.8437471442
-62.4159727324
-62.4121089943
-62.6627204516
-63.0576633109
-63.5260402495
-65.5758960986
-68.4863827359
-70.0
-70.0
-70.0
-70.0
-70.0
-70.0
-65.1266787674
-62.3651300689
-60.9626965141
-55.9284344605
0
-70.0
-70.0
-70.0
-70.0
-70.0
-70.0
-70.0
-70.0
-70.0
-70.0
-70.0
-70.0
-70.0
-70.0
-70.0
-70.0
-70.0
-70.0
-70.0
-69.6685476533
-70.0
-70.0
-70.0
-70.0
-70.0
-70.0
-64.1792518237
-60.8808278571
-59.2057458819
-59.3256312003
-59.947632539
-62.4052301339
-67.3698678799
-70.0
-70.0
-70.0
-70.0
-70.0
-70.0
-70.0
-70.0
-70.0
-70.0
-70.0
-70.0
-70.0
-70.0
-70.0
-70.0
-70.0
-70.0
-70.0
-70.0
-70.0
-70.0
-70.0
-70.0
-70.0
-70.0
-70.0
-70.0
-70.0
-70.0
-70.0
-70.0
-68.3236665569
-65.2479171891
-63.5608703288
-59.2202347295
-56.9751788789
0
-70.0
-70.0
-70.0
-70.0
-70.0
-70.0
-70.0
-70.0
-70.0
-70.0
-70.0
-70.0
-70.0
-70.0
-70.0
-64.2804887745
-61.0394324133
-59.3934841829
-58.9534871149
-63.5231292542
-70.0
-70.0
-70.0
-70.0
-70.0
-70.0
-70.0
-70.0
-70.0
-70.0
-70.0
-70.0
-70.0
-70.0
-70.0
-70.0
-70.0
-70.0
-69.6085431136
-69.3867175446
-69.2740649518
-69.230671231
-69.2302792908
-69.2557014837
-69.29576475
-69.343277218
-69.3936754583
-63.2378420826
-62.6885605757
-70.0
-70.0
-70.0
-70.0
-70.0
-70.0
-70.0
-70.0
-70.0
-70.0
-70.0
-70.0
-70.0
-70.0
-70.0
-70.0
-70.0
-70.0
-70.0
-70.0
-70.0
-70.0
-70.0
-70.0
-70.0
-70.0
-70.0
-70.0
-70.0
-70.0
-70.0
-70.0
-70.0
-70.0
-70.0
-70.0
-70.0
-70.0
-70.0
-70.0
-70.0
-70.0
-70.0
-70.0
-70.0
-69.9936790668
-70.0
-70.0
-70.0
-70.0
-70.0
-70.0
-70.0
-70.0
-70.0
-70.0
-70.0
-70.0
-70.0
-70.0
-70.0
-67.928125402
-66.7540631298
-66.1578236621
-65.9281525261
-65.9260780937
-66.0606308311
-66.2726747791
-66.9163835895
-67.6056193246
-69.6663059092
-70.0
-70.0
-70.0
-70.0
-70.0
-70.0
-70.0
-70.0
-64.7534617321
-61.7804233803
-60.2705862565
-59.6889977737
-59.6837447582
-61.7698112964
-67.9394048546
-70.0
-70.0
-70.0
-70.0
-70.0
-70.0
-70.0
-70.0
-70.0
-63.8708790483
-60.5957542322
-60.4996450597
-67.8091209324
-70.0
-70.0
-70.0
-70.0
-70.0
-70.0
-70.0
-70.0
-70.0
-70.0
-70.0
-70.0
-70.0
-70.0
-70.0
-70.0
-70.0
-70.0
-70.0
-65.6986221901
-63.2611747646
-58.4936324282
-56.0166526121
-54.996576302
-54.8846446392
-55.3213308202
-56.2676314304
0
-70.0
-70.0
-70.0
-70.0
-70.0
-70.0
-70.0
-70.0
-70.0
-70.0
-64.387651661
-59.0923001022
-56.2786791636
0
-70.0
-70.0
-70.0
-70.0
-70.0
-70.0
-70.0
-70.0
-70.0
-70.0
-70.0
-70.0
-70.0
-70.0
-70.0
-67.8320248192
-64.4903878418
-62.6690593939
-61.8206270121
-61.5842133492
-56.6357561495
-54.1121566246
0
-70.0
-70.0
-70.0
-70.0
-70.0
-70.0
-70.0
-70.0
-70.0
-70.0
-70.0
-64.6080886282
-61.5526721842
-60.0009999117
-59.4032965511
-59.3978979831
-60.9391696663
-67.8671551722
-70.0
-70.0
-70.0
-68.4841730739
-67.6252044824
-67.1889831781
-62.5630187803
-60.0353395157
-58.8508873063
-54.0539208946
0
-70.0
-70.0
-70.0
-70.0
-70.0
-70.0
-70.0
-69.8893890956
-69.8267095831
-69.7948782228
-69.7826167992
-69.7825060518
-69.7896894016
-69.8010097647
-69.8144349905
-69.8286756262
-69.8429308201
-70.0
-70.0
-70.0
-70.0
-70.0
-70.0
-69.5651960233
-69.3188071031
-65.6798381671
-63.6404621998
-62.6288212129
-62.2675425802
-62.3085239813
-62.5894953559
-63.0050950022
-63.4876182898
-64.1932560629
-66.2054094227
-70.0
-70.0
-70.0
-70.0
-70.0
-70.0
-67.1791471155
-65.5806638143
-64.7688850397
-64.4561882737
-64.4533639383
-64.6365572057
-64.9252545927
-59.3136395227
-56.3028824967
-54.9529988645
-55.8502767771
-61.0385573179
-69.2160470371
-70.0
-69.8700487618
-70.0
-70.0
-70.0
-70.0
-64.5573138973
-61.4731251058
-59.906840994
-59.3035091604
-59.4990727164
-61.5316655489
-60.6057842799
-64.2256591843
-68.9467140736
-70.0
-70.0
-66.0282430492
-63.7775807771
-59.1247293324
-56.6955274878
-55.6814887981
-55.550349291
-55.9533206104
0
-70.0
-70.0
-70.0
-70.0
-70.0
-70.0
-70.0
-68.0346470037
-66.9209469725
-66.3553620546
-66.1374990355
-66.1355312561
-66.2631662133
-66.4643083138
-66.7028499637
-67.751271939
-70.0
-70.0
-70.0
-70.0
-70.0
-70.0
-70.0
-70.0
-70.0
-70.0
-70.0
-63.9819665528
-60.5717475994
-58.8398913074
-58.1727811553
-58.7826028254
-60.7305212671
-66.9947231778
-70.0
-70.0
-70.0
-70.0
-70.0
-70.0
-70.0
-70.0
-70.0
-70.0
-70.0
-70.0
-70.0
-64.4380755835
-67.2626491161
-70.0
-70.0
-70.0
-70.0
-70.0
-70.0
-70.0
-70.0
-70.0
-70.0
-70.0
-70.0
-70.0
-63.8513067418
-60.972016552
-65.9346490354
-70.0
-70.0
-70.0
-70.0
-70.0
-70.0
-70.0
-64.9256013355
-62.0501087589
-60.5898095877
-60.0273030987
-60.0222224354
-60.3517666228
-63.079540305
-69.7854838794
-70.0
-70.0
-70.0
-70.0
-70.0
-70.0
-70.0
-70.0
-70.0
-70.0
-70.0
-70.0
-70.0
-70.0
-66.8262931344
-70.0
-70.0
-70.0
-70.0
-67.6435508865
-66.3082297222
-65.6300960328
-65.3688792848
-60.319513175
-55.5161274449
0
-70.0
-70.0
-70.0
-70.0
-70.0
-70.0
-70.0
-70.0
-70.0
-70.0
-70.0
-70.0
-70.0
-70.0
-70.0
-70.0
-70.0
-70.0
-70.0
-70.0
-70.0
-64.1649799231
-60.8584685462
-59.1792794352
-59.9300272807
-65.3333270856
-70.0
-70.0
-70.0
-70.0
-70.0
-70.0
-70.0
-70.0
-64.2060829655
-60.9228633126
-59.2555027438
-54.602053161
-54.3718424788
-56.7369209542
-62.2443708205
-67.9939569296
-70.0
-70.0
-70.0
-70.0
-70.0
-70.0
-70.0
-70.0
-70.0
-70.0
-65.0063205766
-67.0210390497
-70.0
-70.0
-70.0
-70.0
-70.0
-64.709191458
-61.7110666175
-60.1884894926
-59.6019935679
-59.5966962275
-60.3483118996
-62.7556881644
-62.9164230331
-66.9897826254
-70.0
-70.0
-70.0
-65.5835410918
-63.0808810438
-61.8099223135
-61.3203496649
-61.3159277536
-61.6027436817
-62.0547417825
-67.4559384452
-70.0
-70.0
-70.0
-70.0
-70.0
-70.0
-70.0
-70.0
-70.0
-64.2975311293
-61.0661321025
-59.4250882831
-58.9723411707
-60.6724229416
-67.6762015799
-70.0
-70.0
-70.0
-70.0
-70.0
-66.6537550918
-64.7575496438
-63.7945747202
-63.4236372753
-63.4202868993
-63.6376004436
-63.9800685555
-64.3862138041
-64.8170271598
-68.4450037631
-70.0
-70.0
-70.0
-70.0
-70.0
-70.0
-70.0
-70.0
-70.0
-70.0
-70.0
-70.0
-70.0
-70.0
-70.0
-70.0
-70.0
-70.0
-70.0
-70.0
-70.0
-70.0
-70.0
-70.0
-70.0
-70.0
-70.0
-70.0
-63.8818040967
-61.0082061745
-61.6000090095
-69.9466836006
-70.0
-70.0
-70.0
-70.0
-70.0
-70.0
-65.1847166677
-62.4560561127
-61.0703245759
-60.5365415014
-60.5317202732
-60.8444368606
-61.5404998661
-62.8481783492
-70.0
-70.0
-70.0
-70.0
-70.0
-70.0
-65.9230378144
-63.6127592425
-62.4395001246
-61.9875613164
-61.9834793209
-62.2482474796
-62.6655001255
-63.5785189378
-66.1346432043
-66.6924037424
-70.0
-70.0
-70.0
-70.0
-70.0
-64.7417374232
-59.674137588
-56.9777731006
-55.7940286382
0
-70.0
-70.0
-70.0
-70.0
-70.0
-70.0
-70.0
-66.2383629856
-64.1067686775
-63.0242531367
-58.2046608373
-55.7060834298
-54.8866077389
-56.9108118299
-61.9789845004
-67.316401729
-70.0
-70.0
-70.0
-70.0
-70.0
-70.0
-65.7259541125
-64.7463731764
-66.7308074886
-70.0
-70.0
-70.0
-70.0
-65.1662263301
-60.3432827088
-55.687601904
0
-70.0
-70.0
-70.0
-70.0
-70.0
-70.0
-70.0
-70.0
-70.0
-70.0
-70.0
-70.0
-70.0
-70.0
-70.0
-70.0
-70.0
-70.0
-70.0
-70.0
-70.0
-70.0
-70.0
-70.0
-70.0
-70.0
-70.0
-64.1737388167
-60.8721908128
-59.1955223168
-58.5496704752
-58.9682099376
-61.621372641
-67.5070297475
-70.0
-70.0
-70.0
-70.0
-70.0
-70.0
-70.0
-70.0
-70.0
-70.0
-70.0
-70.0
-70.0
-70.0
-70.0
-70.0
-70.0
-70.0
-70.0
-70.0
-70.0
-70.0
-70.0
-70.0
-70.0
-70.0
-70.0
-63.8867130746
-63.7075427243
-70.0
-70.0
-70.0
-70.0
-70.0
-70.0
-70.0
-70.0
-70.0
-70.0
-70.0
-70.0
-70.0
-70.0
-70.0
-70.0
-70.0
-70.0
-68.7157764733
-67.9880498082
-67.6184788155
-67.4761202594
-67.4748344504
-67.55823515
-62.000722151
-58.9328569466
-57.4610425923
-57.2035195278
-64.5440403015
-70.0
-70.0
-70.0
-70.0
-70.0
-70.0
-70.0
-70.0
-70.0
-70.0
-70.0
-70.0
-64.1509476106
-61.8185096712
-63.3317828898
-68.5829724769
-70.0
-70.0
-70.0
-65.6774057516
-63.2279356775
-61.9839891105
-61.5048215333
-61.5004936025
-61.7812137239
-63.2404631557
-66.9852111588
-70.0
-70.0
-70.0
-70.0
-70.0
-70.0
-70.0
-70.0
-70.0
-70.0
-64.0259664877
-60.6406808307
-55.4609468116
0
-70.0
-70.0
-70.0
-70.0
-70.0
-70.0
-70.0
-70.0
-64.941113547
-63.2728354351
-63.1050017216
-65.8401231698
-69.2613818944
-70.0
-70.0
-70.0
-70.0
-70.0
-70.0
-70.0
-70.0
-70.0
-70.0
-70.0
-70.0
-70.0
-70.0
-67.6176179149
-66.2676014001
-62.1252929723
-57.8283710665
-55.6559388875
-54.8306149505
-54.8410667566
-55.3526356151
-56.1478224096
-57.2926101256
-59.4590495229
-57.5691662929
-60.1130503502
-62.5791841269
-64.3062249221
-65.5322419017
-66.4167773595
-61.392241365
-58.6644450561
0
-70.0
-70.0
-70.0
-70.0
-70.0
-70.0
-70.0
-70.0
-70.0
-70.0
-70.0
-70.0
-70.0
-70.0
-70.0
-70.0
-70.0
-70.0
-70.0
-70.0
-70.0
-70.0
-70.0
-70.0
-70.0
-70.0
-70.0
-70.0
-70.0
-70.0
-70.0
-70.0
-70.0
-70.0
-70.0
-70.0
-70.0
-70.0
-70.0
-70.0
-70.0
-70.0
-70.0
-70.0
-70.0
-70.0
-70.0
-70.0
-65.2017612684
-68.7615561151
-70.0
-70.0
-70.0
-70.0
-70.0
-66.2208361944
-64.0793100378
-59.5412367871
-57.1670182771
-56.1702532285
-56.0331857584
-56.4165057511
-57.0992808883
0
-70.0
-70.0
-70.0
-70.0
-70.0
-70.0
-70.0
-70.0
-70.0
-70.0
-70.0
-70.0
-70.0
-64.180538386
-60.8828434714
-60.2583683544
-59.0889909794
-65.362777543
-70.0
-70.0
-70.0
-70.0
-70.0
-70.0
-70.0
-70.0
-64.4199632319
-61.2579423966
-59.6521318156
-59.0335744064
-59.0279874807
-61.237497026
-70.0
-70.0
-70.0
-70.0
-70.0
-67.8234659261
-66.5900966176
-65.9637384785
-65.7224656458
-65.7202864247
-65.8616360112
-60.4353148619
-57.4983450103
-56.1528849323
0
-70.0
-70.0
-70.0
-70.0
-70.0
-70.0
-70.0
-68.8032082875
-68.1250263172
-67.7806162577
-67.6479496801
-67.6467514108
-67.7244740689
-67.8469585282
-67.9922172528
-69.3736806628
-70.0
-70.0
-70.0
-70.0
-70.0
-70.0
-70.0
-70.0
-70.0
-70.0
-70.0
-64.0845914646
-60.7325266279
-60.5052338742
-64.8777038315
-70.0
-70.0
-70.0
-70.0
-70.0
-70.0
-70.0
-64.8680394904
-59.9013233266
-57.2579161841
-56.0966080259
-55.86326953
-56.6295277232
-59.6251358904
-62.5595669418
-70.0
-70.0
-70.0
-70.0
-70.0
-70.0
-65.2367567224
-62.5375855317
-61.1668299662
-60.6388156281
-60.6340465043
-61.1503866765
-64.0528692598
-66.8403197136
-70.0
-70.0
-70.0
-70.0
-70.0
-70.0
-70.0
-70.0
-70.0
-70.0
-70.0
-70.0
-70.0
-70.0
-70.0
-70.0
-70.0
-70.0
-70.0
-70.0
-70.0
-70.0
-70.0
-70.0
-70.0
-70.0
-70.0
-70.0
-70.0
-70.0
-70.0
-70.0
-70.0
-70.0
-70.0
-70.0
-70.0
-70.0
-70.0
-70.0
-70.0
-70.0
-70.0
-70.0
-70.0
-70.0
-70.0
-70.0
-70.0
-70.0
-70.0
-70.0
-70.0
-70.0
-65.0058540333
-62.1758379855
-60.7386337573
-60.1850234285
-60.1800231169
-55.5762940912
-55.1556961203
-59.597018521
-67.5787097828
-70.0
-70.0
-70.0
-70.0
-66.0027518838
-61.6830425346
-59.3684488406
-58.3340776628
-58.1023190341
-58.3598532224
-58.9023786279
-59.5978145837
-62.2888863557
-68.7300879525
-70.0
-70.0
-70.0
-70.0
-70.0
-70.0
-70.0
-70.0
-70.0
-64.2679304443
-58.9651556127
-56.1513188601
-55.1421661364
-56.5043260905
-62.1580264309
-70.0
-70.0
-70.0
-70.0
-70.0
-70.0
-70.0
-64.9235371443
-62.0468748594
-57.163577146
-54.6614792797
0
-70.0
-70.0
-70.0
-70.0
-70.0
-70.0
-70.0
-70.0
-70.0
-70.0
-70.0
-70.0
-70.0
-70.0
-70.0
-70.0
-70.0
-70.0
-70.0
-68.3543093065
-65.3700147886
-63.7337709182
-62.9608988987
-62.7318123904
-62.8366334057
-63.1383049014
-63.5480309687
-58.2139728914
-55.4064056152
-54.6358766971
-54.8976442383
-56.3794049452
-60.2399099026
-68.6914387459
-70.0
-70.0
-70.0
-70.0
-70.0
-70.0
-70.0
-70.0
-64.5794281694
-61.5077707987
-59.947850683
-59.3469702575
-59.3415429936
-54.3500043894
0
-70.0
-70.0
-70.0
-70.0
-70.0
-70.0
-70.0
-66.9369237827
-65.201180593
-64.319695326
-63.980147655
-59.0455618928
-56.4499583725
-55.3442643145
0
-70.0
-70.0
-70.0
-70.0
-70.0
-70.0
-69.8014615443
-69.6889564194
-69.6318214639
-69.6098131084
-69.6096143248
-69.6225079105
-69.6428271316
-69.6669244265
-70.0
-70.0
-70.0
-70.0
-70.0
-70.0
-70.0
-70.0
-70.0
-70.0
-70.0
-70.0
-70.0
-70.0
-70.0
-70.0
-70.0
-70.0
-67.9766353568
-70.0
-70.0
-70.0
-66.6051895957
-64.6814637
-63.7045127058
-59.0109716627
-56.5611479814
-55.5392155065
-55.4080821714
-56.2515630773
-57.6231916628
-60.5507162514
-67.2131087841
-69.0653325932
-70.0
-70.0
-70.0
-70.0
-70.0
-64.6931944083
-61.686004573
-60.1588238527
-59.5705546255
-59.5652412683
-59.909878545
-61.7036869129
-68.8390917392
-70.0
-70.0
-70.0
-70.0
-70.0
-70.0
-70.0
-70.0
-70.0
-70.0
-70.0
-70.0
-70.0
-70.0
-70.0
-70.0
-70.0
-70.0
-70.0
-70.0
-70.0
-70.0
-70.0
-70.0
-70.0
-70.0
-70.0
-65.0211559373
-65.4241140481
-70.0
-70.0
-70.0
-70.0
-70.0
-70.0
-70.0
-70.0
-70.0
-70.0
-70.0
-70.0
-70.0
-70.0
-70.0
-70.0
-70.0
-70.0
-70.0
-70.0
-70.0
-70.0
-64.7177341005
-61.7244500908
-56.7997914181
-54.2850031672
0
-70.0
-70.0
-70.0
-70.0
-70.0
-70.0
-70.0
-70.0
-70.0
-70.0
-65.2429405469
-62.5472735235
-61.1782975254
-60.6509686756
-55.7310120704
0
-70.0
-70.0
-70.0
-70.0
-70.0
-70.0
-70.0
-70.0
-70.0
-70.0
-70.0
-70.0
-70.0
-70.0
-70.0
-70.0
-70.0
-70.0
-70.0
-70.0
-70.0
-70.0
-70.0
-70.0
-70.0
-70.0
-70.0
-70.0
-70.0
-70.0
-70.0
-70.0
-70.0
-70.0
-70.0
-70.0
-70.0
-70.0
-65.0639130024
-62.2667970371
-60.84630089
-60.2991265054
-60.2941843244
-60.6147462051
-55.54172736
0
-70.0
-70.0
-70.0
-70.0
-70.0
-70.0
-70.0
-70.0
-66.2180841409
-64.0749984875
-62.9866471458
-62.5674147693
-62.5636281844
-62.809235294
-63.1962917166
-63.8825348351
-67.9074148027
-70.0
-70.0
-70.0
-70.0
-70.0
-70.0
-70.0
-66.4110818502
-64.3773615653
-63.3445506756
-62.9467124525
-62.9431191036
-63.1761924575
-57.9756553718
-55.2561446079
-55.2093329243
-60.5576849095
-70.0
-70.0
-70.0
-70.0
-70.0
-70.0
-70.0
-70.0
-70.0
-70.0
-70.0
-70.0
-64.0735608971
-61.9756149082
-66.0643959609
-70.0
-70.0
-70.0
-70.0
-67.893309278
-66.6995178689
-66.0932590945
-65.8597285267
-65.8576192351
-65.994433019
-60.6532736206
-55.7296178193
0
-70.0
-70.0
-70.0
-70.0
-70.0
-70.0
-70.0
-70.0
-70.0
-70.0
-65.8398253958
-63.4823931202
-62.2851873174
-61.8240242585
