-70.0
-69.0
-68.4333333333
-68.1455555556
-68.0347037037
-68.0337024691
-60.2303322222
-54.6933823333
-58.7341829889
-63.4409683937
-69.0855906901
-70.0
-66.7818888889
-64.9582925926
-63.4766361728
-62.8050877819
-62.6419891546
-62.7893970064
-55.9302664812
0
-70.0
-70.0
-70.0
-70.0
-70.0
-70.0
-67.1084530318
-66.4699097499
-66.2044534557
-61.2457719714
-58.5623706818
-58.1360533544
-58.2757278462
-60.1167544306
-65.8552466696
-70.0
-70.0
-70.0
-70.0
-70.0
-70.0
-70.0
-70.0
-70.0
-69.6545209246
-69.4587494485
-69.2717635532
-70.0
-70.0
-70.0
-70.0
-70.0
-70.0
-70.0
-70.0
-70.0
-70.0
-70.0
-70.0
-70.0
-70.0
-70.0
-70.0
-70.0
-70.0
-70.0
-70.0
-70.0
-70.0
-70.0
-70.0
-70.0
-70.0
-70.0
-70.0
-70.0
-70.0
-70.0
-70.0
-70.0
-70.0
-70.0
-70.0
-70.0
-63.6554479583
-60.0602018014
-58.2343807139
-57.5310753709
-58.5247053851
-60.89367279
-66.6982643055
-70.0
-70.0
-70.0
-70.0
-70.0
-70.0
-70.0
-65.0980413009
-62.3202647047
-60.9095899235
-60.366198724
-60.3612907135
-60.8924829909
-63.9390629332
-70.0
-70.0
-70.0
-70.0
-70.0
-70.0
-66.3310863718
-61.9187019825
-60.096203505
-55.7772754128
0
-70.0
-70.0
-70.0
-70.0
-70.0
-70.0
-70.0
-68.6541830308
-67.8915534149
-67.5042571982
-67.3550708949
-67.3537234164
-67.4411241488
-67.8286884021
-61.5432976516
-62.6920802952
-70.0
-70.0
-70.0
-70.0
-70.0
-70.0
-70.0
-70.0
-70.0
-70.0
-70.0
-70.0
-70.0
-70.0
-70.0
-70.0
-68.3694133698
-67.4454142794
-66.9761676825
-66.795414135
-61.1764975847
-58.0992644016
-56.6496156784
-55.2251399839
-57.4018017773
-64.8864529086
-70.0
-70.0
-70.0
-70.0
-70.0
-70.0
-70.0
-69.7342637431
-69.5836798641
-62.7803359708
-57.2963665832
-60.7881663032
-70.0
-70.0
-70.0
-70.0
-70.0
-70.0
-70.0
-70.0
-70.0
-70.0
-70.0
-70.0
-70.0
-70.0
-70.0
-70.0
-70.0
-70.0
-70.0
-70.0
-70.0
-70.0
-70.0
-70.0
-70.0
-70.0
-66.9904198805
-70.0
-70.0
-70.0
-70.0
-70.0
-70.0
-70.0
-70.0
-70.0
-70.0
-70.0
-70.0
-70.0
-70.0
-70.0
-70.0
-70.0
-70.0
-70.0
-70.0
-70.0
-70.0
-70.0
-70.0
-63.2330842105
-60.7292248091
-63.3894685125
-69.3453464682
-68.0113698858
-64.9439382734
-63.2720146969
-62.4931267278
-62.2760230554
-62.4032267501
-62.7327747419
-63.5911876444
-65.6840985655
-70.0
-70.0
-70.0
-70.0
-68.4099508302
-64.175607235
-61.8291475033
-60.6936334142
-60.3225371803
-60.4224615339
-60.8016674283
-61.567096772
-65.666889162
-70.0
-70.0
-70.0
-70.0
-70.0
-70.0
-70.0
-70.0
-70.0
-70.0
-70.0
-70.0
-70.0
-70.0
-70.0
-70.0
-70.0
-70.0
-70.0
-70.0
-70.0
-70.0
-70.0
-70.0
-68.1399699089
-67.0859528573
-66.5506775311
-66.344489751
-66.3426274246
-66.6929224478
-67.2336861812
-69.3544918561
-70.0
-70.0
-70.0
-70.0
-70.0
-70.0
-70.0
-70.0
-70.0
-70.0
-70.0
-70.0
-70.0
-70.0
-70.0
-70.0
-70.0
-70.0
-70.0
-70.0
-70.0
-65.2077090337
-62.4920774861
-60.2446498841
-59.2213716602
0
-70.0
-70.0
-70.0
-70.0
-70.0
-70.0
-70.0
-70.0
-70.0
-70.0
-70.0
-70.0
-70.0
-64.084259249
-60.7320061568
-59.0295874296
-58.6028873459
-64.4284537017
-70.0
-70.0
-70.0
-70.0
-70.0
-70.0
-70.0
-70.0
-64.6169769387
-61.5665972039
-61.0171820609
-60.9869602398
-61.2692618058
-61.9539114313
-66.031913315
-70.0
-70.0
-70.0
-68.4804042565
-67.5984259381
-67.1492914158
-66.9748343218
-61.3537149708
-57.4667837254
-55.5523988539
-54.8853546359
-55.6269325786
-64.6311685229
-70.0
-70.0
-70.0
-70.0
-70.0
-70.0
-70.0
-70.0
-70.0
-64.5526368104
-61.4657976696
-60.5481660159
-66.7286210803
-70.0
-70.0
-70.0
-70.0
-70.0
-70.0
-70.0
-64.0950959753
-60.7489836946
-59.0496835364
-58.3951139902
-58.3892017962
-59.2361750669
-56.7273421743
-63.686944933
-70.0
-70.0
-70.0
-70.0
-70.0
-69.3285363587
-68.9480402953
-68.1992524252
-67.476671289
-60.5369272085
-56.68851652
-54.8231862228
-62.5453429533
-70.0
-70.0
-70.0
-70.0
-70.0
-70.0
-70.0
-65.4852963072
-62.9269642147
-61.6277328187
-62.127069068
-57.4051512314
-54.9918288217
-54.4981553824
0
-70.0
-70.0
-70.0
-70.0
-70.0
-70.0
-70.0
-70.0
-70.0
-70.0
-70.0
-70.0
-64.3466959154
-63.9008136655
-65.2201415133
-67.002866069
-64.5360248979
-64.3906446763
-64.690975301
-64.2456720301
-64.1703009998
-65.1218708174
-65.8554170141
-65.6312283625
-66.0873118068
-70.0
-70.0
-70.0
-70.0
-70.0
-70.0
-70.0
-70.0
-70.0
-70.0
-70.0
-70.0
-70.0
-63.3436255899
-61.3855213004
-66.2601637653
-70.0
-70.0
-70.0
-70.0
-65.0733339816
-62.2815565712
-60.8637715726
-60.317641521
-54.6954248221
0
-70.0
-70.0
-70.0
-70.0
-70.0
-70.0
-70.0
-70.0
-70.0
-70.0
-70.0
-70.0
-69.9046330834
-69.8505918306
-70.0
-70.0
-70.0
-70.0
-70.0
-70.0
-70.0
-70.0
-70.0
-70.0
-70.0
-70.0
-70.0
-70.0
-70.0
-70.0
-70.0
-70.0
-70.0
-70.0
-70.0
-70.0
-70.0
-70.0
-70.0
-63.284231356
-58.5371567879
0
-70.0
-70.0
-70.0
-70.0
-70.0
-70.0
-70.0
-70.0
-65.2633926385
-62.5793151337
-61.216224793
-61.5594758527
-57.1198400589
-58.2003828466
-70.0
-70.0
-70.0
-70.0
-70.0
-65.6781639345
-63.2291234974
-61.9853951186
-61.5063115873
-61.5019844156
-61.7826552988
-55.8395097851
0
-70.0
-70.0
-70.0
-70.0
-70.0
-70.0
-70.0
-70.0
-70.0
-70.0
-70.0
-70.0
-70.0
-70.0
-70.0
-70.0
-70.0
-70.0
-70.0
-70.0
-70.0
-64.0154541819
-60.6242115517
-58.9019922551
-58.2385942687
-58.2326023346
-58.6212537629
-62.9438155934
-70.0
-70.0
-70.0
-70.0
-68.8602000938
-65.880980147
-62.8388878438
-61.2523362005
-60.5919940078
-59.6410761347
-59.4158228731
-59.6334768203
-60.1096199613
-62.8344230397
-70.0
-70.0
-70.0
-70.0
-70.0
-70.0
-70.0
-70.0
-70.0
-70.0
-70.0
-70.0
-70.0
-70.0
-70.0
-70.0
-70.0
-70.0
-70.0
-70.0
-70.0
-70.0
-62.4490972368
-55.503585671
0
-70.0
-70.0
-70.0
-70.0
-70.0
-70.0
-70.0
-70.0
-70.0
-70.0
-70.0
-70.0
-69.1749140597
-68.7073653601
-68.4699239617
-69.8470380737
-70.0
-70.0
-70.0
-70.0
-70.0
-70.0
-70.0
-70.0
-70.0
-70.0
-70.0
-70.0
-70.0
-70.0
-70.0
-70.0
-70.0
-70.0
-70.0
-70.0
-70.0
-70.0
-70.0
-70.0
-70.0
-70.0
-70.0
-70.0
-70.0
-70.0
-70.0
-70.0
-70.0
-70.0
-70.0
-70.0
-70.0
-70.0
-70.0
-70.0
-70.0
-70.0
-70.0
-70.0
-70.0
-70.0
-70.0
-70.0
-70.0
-70.0
-70.0
-70.0
-70.0
-70.0
-70.0
-70.0
-70.0
-70.0
-70.0
-70.0
-70.0
-70.0
-70.0
-70.0
-70.0
-70.0
-70.0
-70.0
-70.0
-70.0
-70.0
-70.0
-70.0
-70.0
-70.0
-70.0
-70.0
-70.0
-70.0
-70.0
-70.0
-70.0
-70.0
-70.0
-70.0
-70.0
-70.0
-70.0
-70.0
-70.0
-69.3008689196
-63.2582532471
-64.6068145323
-70.0
-70.0
-70.0
-70.0
-70.0
-70.0
-70.0
-70.0
-70.0
-70.0
-70.0
-70.0
-70.0
-70.0
-70.0
-70.0
-70.0
-70.0
-70.0
-70.0
-70.0
-64.5177695709
-60.4118489672
-58.2679016395
-57.5981016936
-67.0958131894
-70.0
-70.0
-70.0
-70.0
-70.0
-66.0110823175
-63.7506956307
-61.6905652595
-60.7314681948
-60.4649610161
-59.919187638
-59.9277506899
-61.2170997341
-67.5868202396
-70.0
-70.0
-70.0
-70.0
-70.0
-64.5139185398
-61.0718057124
-59.3041444922
0
-70.0
-70.0
-70.0
-70.0
-70.0
-70.0
-70.0
-70.0
-70.0
-70.0
-70.0
-70.0
-65.0743833573
-62.2832005931
-56.9768286926
-59.2307538881
-68.6753005717
-70.0
-70.0
-70.0
-70.0
-70.0
-70.0
-70.0
-70.0
-70.0
-70.0
-70.0
-70.0
-70.0
-70.0
-70.0
-70.0
-70.0
-70.0
-70.0
-70.0
-70.0
-70.0
-70.0
-70.0
-70.0
-70.0
-70.0
-70.0
-70.0
-70.0
-70.0
-70.0
-70.0
-70.0
-70.0
-70.0
-70.0
-70.0
-70.0
-70.0
-70.0
-70.0
-70.0
-70.0
-70.0
-70.0
-70.0
-70.0
-70.0
-70.0
-70.0
-69.5337414873
-69.2695283302
-69.1353494915
-70.0
-70.0
-70.0
-70.0
-70.0
-70.0
-70.0
-70.0
-70.0
-70.0
-70.0
-70.0
-70.0
-70.0
-70.0
-70.0
-70.0
-70.0
-70.0
-70.0
-70.0
-70.0
-70.0
-70.0
-70.0
-70.0
-70.0
-70.0
-70.0
-70.0
-70.0
-70.0
-70.0
-70.0
-70.0
-70.0
-70.0
-70.0
-69.4474930709
-70.0
-70.0
-70.0
-70.0
-70.0
-70.0
-70.0
-70.0
-70.0
-70.0
-70.0
-70.0
-69.9305028495
-69.8911211309
-69.8711213953
-62.8634196441
-59.1366845727
-60.8291757522
-68.059170346
-70.0
-70.0
-70.0
-70.0
-70.0
-70.0
-70.0
-70.0
-70.0
-70.0
-70.0
-70.0
-70.0
-70.0
-70.0
-70.0
-70.0
-70.0
-70.0
-70.0
-70.0
-70.0
-70.0
-70.0
-70.0
-70.0
-70.0
-70.0
-70.0
-70.0
-68.8792827994
-68.2442097191
-67.9216922136
-62.8715327106
-60.0790525851
-54.8438592518
0
-70.0
-70.0
-70.0
-70.0
-70.0
-70.0
-68.7604488968
-68.058036605
-67.701321343
-67.5639148078
-67.5626737264
-66.7748605294
-66.4096772603
-66.7951086839
-70.0
-70.0
-70.0
-70.0
-70.0
-70.0
-70.0
-70.0
-70.0
-70.0
-70.0
-63.1586164166
-59.2818323859
-57.3130342214
-59.1291145924
-66.7088778255
-70.0
-70.0
-70.0
-70.0
-70.0
-70.0
-70.0
-70.0
-70.0
-70.0
-70.0
-63.275467701
-57.0726961016
-60.3604257645
-70.0
-70.0
-70.0
-70.0
-70.0
-70.0
-70.0
-70.0
-70.0
-70.0
-70.0
-70.0
-70.0
-70.0
-70.0
-70.0
-70.0
-70.0
-70.0
-67.0108803864
-65.3170459387
-60.5679548499
-56.660549926
-55.0940886408
-54.6510755816
0
-70.0
-70.0
-70.0
-70.0
-70.0
-70.0
-70.0
-69.9505806161
-69.9225762985
-69.908354498
-69.9028762678
-69.9028267874
-69.9060362062
-63.5256344504
-59.9132055819
-59.9655087548
-70.0
-70.0
-70.0
-70.0
-70.0
-70.0
-70.0
-70.0
-65.33692509
-62.6945159743
-61.3525866391
-59.8357157521
-59.2644026949
-59.7286481927
-62.8810221214
-70.0
-70.0
-70.0
-70.0
-70.0
-70.0
-70.0
-70.0
-70.0
-70.0
-70.0
-70.0
-70.0
-70.0
-70.0
-70.0
-70.0
-70.0
-70.0
-70.0
-69.6270353851
-69.41568877
-69.3083578419
-70.0
-70.0
-70.0
-70.0
-70.0
-70.0
-70.0
-70.0
-70.0
-70.0
-70.0
-70.0
-70.0
-70.0
-70.0
-70.0
-70.0
-70.0
-70.0
-70.0
-70.0
-70.0
-70.0
-70.0
-70.0
-70.0
-70.0
-70.0
-70.0
-65.4629867138
-70.0
-70.0
-70.0
-70.0
-70.0
-69.3982802241
-66.7239723511
-65.2285885489
-64.490405316
-63.2311485725
-62.7012229074
-62.6265600781
-63.1122789875
-64.6788192503
-69.0294570211
-70.0
-70.0
-70.0
-70.0
-70.0
-70.0
-70.0
-70.0
-70.0
-70.0
-70.0
-70.0
-70.0
-70.0
-70.0
-70.0
-70.0
-70.0
-70.0
-70.0
-70.0
-70.0
-70.0
-70.0
-70.0
-70.0
-70.0
-70.0
-70.0
-70.0
-70.0
-70.0
-64.6095173954
-61.5549105862
-60.0036494811
-54.4801785761
0
-70.0
-70.0
-70.0
-70.0
-70.0
-70.0
-70.0
-70.0
-64.5003980362
-61.3839569234
-59.8012936916
-59.4156987607
-63.2216967445
-65.1303122527
-69.1592426914
-70.0
-70.0
-70.0
-65.2843784078
-62.6121928389
-61.2551417363
-60.7324063501
-60.7276849068
-61.0339292105
-61.5165448191
-64.9216171315
-70.0
-70.0
-70.0
-70.0
-70.0
-70.0
-70.0
-70.0
-70.0
-70.0
-70.0
-70.0
-70.0
-70.0
-63.2585700163
-65.1440771881
-70.0
-70.0
-70.0
-70.0
-70.0
-70.0
-70.0
-63.9351812231
-61.4984495527
-60.3197955654
-59.9352766541
-60.9710097892
-56.5093628716
-62.8402651187
-70.0
-70.0
-70.0
-70.0
-69.8400010943
-69.7493350477
-64.7773649922
-61.9682707925
-60.5505385796
-60.0148812992
-60.026324221
-60.3656458334
-61.1129055672
-58.5641503037
-62.6305297627
-69.8838488009
-70.0
-70.0
-70.0
-70.0
-70.0
-70.0
-69.8884193795
-69.8251903612
-69.7930799382
-69.7807110198
-70.0
-70.0
-70.0
-70.0
-70.0
-70.0
-68.4161147657
-65.1852464662
-63.407217271
-62.5601591781
-63.2825774866
-63.9399425554
-64.5363635116
-65.0763373015
-65.5644436654
-67.5851699343
-70.0
-70.0
-70.0
-70.0
-70.0
-70.0
-70.0
-70.0
-64.439543892
-61.2886187642
-59.688443062
-59.0720562053
-59.3150581941
-63.8111826595
-70.0
-70.0
-70.0
-70.0
-70.0
-70.0
-70.0
-64.7539702288
-59.4478866918
-56.6159736798
0
-70.0
-70.0
-70.0
-70.0
-70.0
-70.0
-70.0
-70.0
-70.0
-67.0781871625
-65.4224932213
-60.6927715269
-58.1651794594
-57.0431182369
-55.8094849088
-55.2089887484
-60.2170479283
-70.0
-70.0
-70.0
-70.0
-70.0
-70.0
-70.0
-70.0
-70.0
-70.0
-70.0
-70.0
-63.067375811
-61.0494149617
-64.6392976085
-70.0
-70.0
-70.0
-70.0
-70.0
-70.0
-70.0
-65.5648880487
-62.0550834304
-60.2140312117
-54.5096729142
0
-70.0
-70.0
-70.0
-70.0
-70.0
-70.0
-70.0
-70.0
-70.0
-70.0
-70.0
-70.0
-70.0
-70.0
-70.0
-70.0
-70.0
-70.0
-70.0
-70.0
-70.0
-70.0
-70.0
-70.0
-70.0
-70.0
-70.0
-63.4281999047
-60.5066489866
-60.8961371105
-69.9355323154
-70.0
-70.0
-70.0
-70.0
-68.0444600429
-66.9363207339
-65.3758434489
-64.5936956296
-64.3046170838
-58.242826753
-55.9925200984
-55.1092521023
-55.075649568
-56.6723820668
-67.0304775836
-70.0
-70.0
-70.0
-70.0
-70.0
-70.0
-65.3652634474
-62.7389127342
-60.7014348448
-59.788900283
-59.5817495365
-59.804734104
-60.842601077
-62.9298017256
-69.1922624977
-70.0
-70.0
-66.0657285198
-63.8363080143
-62.7041121106
-62.2679908313
-62.2640517027
-56.4413638684
0
-70.0
-70.0
-70.0
-70.0
-70.0
-70.0
-70.0
-70.0
-70.0
-70.0
-70.0
-70.0
-70.0
-70.0
-69.9267556662
-70.0
-70.0
-70.0
-70.0
-70.0
-70.0
-70.0
-70.0
-70.0
-69.4991515658
-69.215337453
-69.0712044036
-69.0156844272
-64.5875335223
-67.5973706876
-70.0
-69.3006557084
-69.094545795
-69.0010616537
-68.9782691139
-69.801120422
-70.0
-70.0
-70.0
-70.0
-70.0
-70.0
-70.0
-70.0
-70.0
-70.0
-70.0
-64.7496174186
-61.7744006225
-60.2634571907
-59.6814425586
-60.6371672518
-65.8159105746
-70.0
-70.0
-70.0
-68.5332115556
-67.7020314371
-67.2799223181
-62.1914001768
-59.3985735528
-58.07625846
-57.6803274556
-56.8794368994
-57.4769090408
-62.8165151267
-70.0
-70.0
-70.0
-70.0
-70.0
-66.3084124122
-64.2165127791
-63.1541559066
-62.7449365862
-62.7412404411
-62.980981406
-63.3587932714
-63.2533109679
-70.0
-70.0
-70.0
-70.0
-70.0
-70.0
-70.0
-70.0
-70.0
-70.0
-70.0
-70.0
-70.0
-70.0
-70.0
-70.0
-70.0
-70.0
-70.0
-70.0
-70.0
-70.0
-70.0
-64.6997565461
-61.6962852556
-60.1709929728
-59.5834511707
-60.2411659994
-65.0584408187
-70.0
-70.0
-70.0
-70.0
-70.0
-67.853656596
-66.6373953337
-62.1308365096
-59.6892066649
-54.6790329803
0
-70.0
-70.0
-70.0
-70.0
-70.0
-70.0
-70.0
-70.0
-70.0
-70.0
-70.0
-70.0
-69.8946067108
-69.8348838469
-63.2142476446
-58.7643539647
-56.9230560199
-56.9717655429
-63.6302424614
-69.7384044118
-67.2624522252
-63.5347991724
-61.5137140349
-60.5839391513
-60.3399429161
-54.8982631271
0
-70.0
-70.0
-70.0
-70.0
-70.0
-70.0
-70.0
-70.0
-70.0
-70.0
-64.2892067695
-60.0531797103
-57.8431241511
-56.366764455
-57.0644811176
-58.8752484149
-64.6698231757
-68.6917157017
-70.0
-70.0
-70.0
-70.0
-64.2775156439
-61.8372436446
-60.6451723236
-55.3158311942
-54.1439986043
-56.2506872129
-62.7345867344
-68.6940133374
-70.0
-70.0
-70.0
-70.0
-70.0
-64.0824318136
-61.8837397853
-64.7913894188
-70.0
-70.0
-70.0
-70.0
-70.0
-70.0
-70.0
-63.3378581854
-59.5626444905
-54.7391977051
0
-70.0
-70.0
-70.0
-70.0
-70.0
-70.0
-69.0020428312
-68.4365337689
-64.2604549837
-62.9071074374
-61.419320157
-60.8126704501
-60.7549249443
-61.2441736168
-57.0397700166
-59.6902540469
-68.0262159817
-70.0
-70.0
-70.0
-70.0
-70.0
-70.0
-70.0
-63.5202634754
-60.8468903393
-55.6590812242
0
-70.0
-70.0
-70.0
-70.0
-70.0
-70.0
-70.0
-70.0
-70.0
-64.322049744
-61.104544599
-59.470556692
-58.8411453914
-58.8354604313
-61.2210071266
-70.0
-70.0
-70.0
-70.0
-70.0
-70.0
-70.0
-70.0
-70.0
-70.0
-70.0
-70.0
-63.536167437
-59.8733289847
-57.210712478
-57.605234424
-67.1053873737
-70.0
-70.0
-70.0
-70.0
-69.1971755405
-68.7422416802
-68.5112066413
-68.4222120632
-69.3336167524
-64.1578163738
-61.2470756008
-60.3479508392
-60.8026108529
-66.6258151493
-70.0
-70.0
-70.0
-70.0
-70.0
-70.0
-70.0
-70.0
-70.0
-70.0
-63.5040594631
-60.5267301959
-59.2923442617
-58.7480695648
-59.5000070448
-63.1305965018
-70.0
-70.0
-70.0
-67.8958376523
-67.2590345442
-67.3016515278
-67.4171666671
-66.6603616903
-66.3175999812
-65.6791340674
-65.4400833836
-65.4486501939
-65.1267955964
-68.9830334731
-70.0
-70.0
-70.0
-70.0
-70.0
-70.0
-70.0
-70.0
-70.0
-63.8347010151
-60.3410315903
-54.6010212656
-59.1051479649
-68.2295405244
-70.0
-70.0
-70.0
-70.0
-70.0
-64.413452497
-58.9144089119
-55.9845024638
-54.6937418462
0
-70.0
-70.0
-70.0
-70.0
-70.0
-70.0
-70.0
-70.0
-67.5174102809
-62.7774097639
-60.1741624616
-59.8812143347
-60.3760716474
-55.3764996962
0
-70.0
-70.0
-70.0
-70.0
-70.0
-70.0
-70.0
-70.0
-70.0
-70.0
-64.6255128582
-60.5915311645
-58.4847577761
-57.8426853874
-62.450766483
-70.0
-70.0
-70.0
-70.0
-70.0
-70.0
-70.0
-70.0
-70.0
-70.0
-70.0
-62.9318924802
-59.1538725527
-54.7200426683
-60.7759466012
-70.0
-70.0
-70.0
-70.0
-70.0
-70.0
-70.0
-70.0
-70.0
-70.0
-70.0
-70.0
-65.2619002563
-68.8151908489
-70.0
-70.0
-70.0
-70.0
-69.454130482
-69.8485081256
-70.0
-70.0
-70.0
-70.0
-70.0
-70.0
-70.0
-70.0
-70.0
-70.0
-70.0
-70.0
-70.0
-70.0
-67.6662800219
-66.343838701
-65.6722459518
-65.4135487705
-59.7939282188
-57.7546509338
-56.939262865
-56.8853879283
-57.9787183624
-70.0
-70.0
-70.0
-70.0
-70.0
-70.0
-70.0
-70.0
-70.0
-70.0
-70.0
-70.0
-70.0
-70.0
-70.0
-70.0
-70.0
-70.0
-70.0
-70.0
-70.0
-70.0
-64.5703885302
-61.4936086973
-59.9310871744
-59.3292046881
-59.3237683734
-58.6764403753
-59.1204784954
-67.4527345493
-70.0
-70.0
-70.0
-70.0
-70.0
-70.0
-70.0
-70.0
-70.0
-70.0
-63.5540794444
-59.9013911295
-58.0463984363
-61.6051651906
-68.36119939
-70.0
-70.0
-70.0
-70.0
-70.0
-70.0
-70.0
-70.0
-70.0
-70.0
-70.0
-70.0
-70.0
-70.0
-70.0
-70.0
-70.0
-70.0
-65.1110339041
-62.3406197831
-60.9336839844
-60.391733039
-60.3868380372
-61.1471258188
-63.4387815995
-69.8144045439
-70.0
-70.0
-66.2594674155
-65.1346940532
-64.6220069008
-65.0492166015
-65.4705685352
-65.8743607442
-66.4806119682
-70.0
-70.0
-70.0
-70.0
-70.0
-70.0
-70.0
-70.0
-70.0
-63.4769308126
-58.7809760327
-56.3373706304
-57.8705227294
-66.942529481
-70.0
-70.0
-70.0
-70.0
-70.0
-69.7246482685
-69.5686156207
-69.4893755113
-70.0
-70.0
-70.0
-70.0
-70.0
-70.0
-70.0
-68.0845514963
-68.3350642995
-68.5408698381
-68.9070587346
-69.163203448
-63.266594194
-59.9530755019
0
-70.0
-70.0
-70.0
-70.0
-70.0
-70.0
-70.0
-70.0
-70.0
-66.4147521443
-62.0497783595
-57.3624681432
-54.9713330754
-54.0376075988
-54.0094520596
-54.5255770007
-56.7115788805
-58.5485427961
-65.9290484055
-70.0
-70.0
-70.0
-70.0
-70.0
-70.0
-70.0
-70.0
-70.0
-70.0
-70.0
-70.0
-69.4537473421
-70.0
-70.0
-70.0
-66.8826915717
-65.1162167957
-64.2191247035
-63.8735652915
-63.8704441345
-63.204577212
-63.0315711514
-63.1600484767
-63.699127078
-59.9713622652
-63.5585627213
-69.0533151925
-70.0
-70.0
-70.0
-70.0
-70.0
-70.0
-70.0
-64.1890145896
-60.896122857
-59.2238503889
-60.4359615554
-66.918350145
-70.0
-70.0
-70.0
-70.0
-70.0
-70.0
-64.561572077
-61.479796254
-59.9147375517
-59.3118777453
-59.7466622567
-65.6482838963
-70.0
-70.0
-70.0
-70.0
-70.0
-69.6994392075
-69.5291214251
-69.4426267081
-69.4093089877
-69.4090080558
-69.4285272282
-70.0
-70.0
-70.0
-70.0
-70.0
-70.0
-70.0
-69.5992818286
-69.3722081982
-70.0
-63.9574285151
-60.5333046737
-59.2548865341
-60.4736831597
-63.123853317
-69.225855591
-70.0
-70.0
-70.0
-70.0
-64.8924227302
-61.998128944
-56.6393928186
0
-70.0
-70.0
-70.0
-70.0
-70.0
