-70.0
-70.0
-70.0
-62.0
-57.1333333333
-55.3088888889
-54.7039259259
-55.764317284
-61.077324856
-70.0
-70.0
-70.0
-70.0
-70.0
-70.0
-70.0
-70.0
-70.0
-70.0
-63.3832543142
-61.8637870176
-66.0690070615
-66.5497831158
-68.6923997271
-69.6417415549
-70.0
-70.0
-70.0
-70.0
-70.0
-70.0
-70.0
-70.0
-70.0
-70.0
-70.0
-70.0
-70.0
-70.0
-70.0
-70.0
-70.0
-70.0
-70.0
-69.3895182432
-69.0435785811
-68.8678954977
-70.0
-70.0
-70.0
-70.0
-70.0
-70.0
-70.0
-70.0
-70.0
-70.0
-70.0
-63.2424728098
-59.413207402
0
-70.0
-70.0
-70.0
-70.0
-70.0
-70.0
-70.0
-70.0
-70.0
-70.0
-70.0
-70.0
-70.0
-70.0
-70.0
-70.0
-70.0
-70.0
-70.0
-70.0
-70.0
-70.0
-64.2476604894
-60.9880014333
-58.5301368161
-57.4377468186
-56.6454990373
-56.6153004005
-57.9327483286
-62.6863650735
-70.0
-70.0
-70.0
-70.0
-70.0
-70.0
-70.0
-70.0
-70.0
-70.0
-70.0
-70.0
-70.0
-70.0
-70.0
-70.0
-70.0
-70.0
-68.7614601113
-68.059620841
-67.7031965842
-67.5659021439
-67.564662075
-61.566906664
-58.2493565287
-56.6505145632
-56.9977951607
-62.5272905922
-65.9879718515
-70.0
-70.0
-70.0
-70.0
-70.0
-70.0
-70.0
-70.0
-70.0
-70.0
-70.0
-70.0
-70.0
-70.0
-70.0
-70.0
-70.0
-70.0
-70.0
-70.0
-63.8782356726
-60.409235887
-57.6865465951
-56.4633814668
-59.5401491536
-67.4896012014
-70.0
-70.0
-70.0
-70.0
-70.0
-70.0
-69.7345786372
-69.5841731983
-68.9522352728
-69.6069830491
-65.2774085956
-67.2941990072
-70.0
-70.0
-70.0
-70.0
-70.0
-70.0
-70.0
-70.0
-70.0
-70.0
-70.0
-70.0
-70.0
-70.0
-70.0
-70.0
-70.0
-70.0
-66.0641020048
-61.5004264742
-59.0455402733
-54.0488683215
0
-70.0
-70.0
-70.0
-70.0
-70.0
-70.0
-70.0
-70.0
-70.0
-70.0
-70.0
-64.1202299991
-60.7883603319
-59.31470993
-59.0187320751
-62.255702596
-69.7975695022
-70.0
-70.0
-70.0
-70.0
-70.0
-70.0
-70.0
-70.0
-70.0
-63.2226817781
-59.8119429574
-59.9000629034
-68.1485872243
-70.0
-70.0
-70.0
-70.0
-70.0
-70.0
-70.0
-70.0
-70.0
-70.0
-70.0
-70.0
-70.0
-70.0
-70.0
-70.0
-70.0
-64.6474025229
-61.6142639525
-60.0739053452
-55.5469267301
0
-70.0
-70.0
-70.0
-70.0
-70.0
-70.0
-67.8726093639
-66.6670880034
-66.0548722537
-65.819047062
-65.816917045
-65.9550751333
-67.5965738666
-70.0
-70.0
-70.0
-70.0
-70.0
-70.0
-70.0
-70.0
-70.0
-63.5987655175
-58.9714008559
-57.7425640742
-59.1914394127
-63.0282736283
-66.259491839
-68.3229063708
-69.6168582108
-70.0
-70.0
-69.3597137696
-62.0778120453
-58.6335390082
-58.9252854618
-64.3310182269
-69.9323071813
-70.0
-70.0
-70.0
-70.0
-70.0
-70.0
-70.0
-70.0
-70.0
-70.0
-69.474440613
-70.0
-70.0
-70.0
-70.0
-70.0
-70.0
-70.0
-70.0
-70.0
-70.0
-70.0
-70.0
-70.0
-70.0
-70.0
-70.0
-70.0
-70.0
-70.0
-70.0
-70.0
-63.8556169492
-60.3737998871
-58.6055829869
-57.9244667472
-60.181699699
-70.0
-70.0
-70.0
-70.0
-70.0
-70.0
-70.0
-70.0
-70.0
-70.0
-70.0
-69.8202973385
-62.7255705449
-58.9358382088
-56.894597571
-67.2541123179
-70.0
-70.0
-70.0
-70.0
-70.0
-70.0
-70.0
-70.0
-69.7065714978
-69.5402953466
-62.5367802839
-58.5834452368
-56.591996034
-58.8945346885
-66.8477437543
-70.0
-70.0
-70.0
-70.0
-70.0
-70.0
-70.0
-70.0
-70.0
-70.0
-70.0
-70.0
-70.0
-70.0
-70.0
-70.0
-70.0
-70.0
-70.0
-69.958732978
-69.9353483321
-69.9234726002
-69.9188980744
-70.0
-70.0
-70.0
-70.0
-70.0
-70.0
-70.0
-70.0
-70.0
-70.0
-70.0
-70.0
-70.0
-70.0
-70.0
-70.0
-70.0
-70.0
-70.0
-70.0
-70.0
-70.0
-70.0
-70.0
-70.0
-70.0
-63.4106144459
-59.6766292986
-57.9955920426
-65.2789280894
-70.0
-70.0
-70.0
-70.0
-70.0
-70.0
-70.0
-70.0
-70.0
-70.0
-70.0
-63.1704012457
-59.3002952849
-57.547888513
-54.2587313269
-59.3801779177
-68.0180294146
-70.0
-70.0
-70.0
-70.0
-70.0
-70.0
-70.0
-70.0
-70.0
-70.0
-63.4030783057
-61.2203400534
-63.0584933543
-65.7357814064
-68.1446875745
-70.0
-70.0
-70.0
-70.0
-70.0
-70.0
-70.0
-70.0
-70.0
-70.0
-70.0
-70.0
-70.0
-70.0
-70.0
-70.0
-70.0
-64.8325276878
-61.9042933776
-60.4172096789
-59.8443858037
-59.8392119518
-62.5989960634
-70.0
-70.0
-70.0
-67.6316175168
-62.9568774158
-60.386804108
-55.2763110975
0
-70.0
-70.0
-70.0
-70.0
-70.0
-70.0
-70.0
-70.0
-70.0
-70.0
-70.0
-70.0
-70.0
-70.0
-70.0
-63.4228312104
-59.6957688963
-58.6730132429
-57.773394441
-62.0390152216
-67.3987961488
-70.0
-67.1843336092
-64.5889229783
-63.2120458338
-62.612184686
-61.794824804
-55.4997254143
0
-70.0
-70.0
-70.0
-70.0
-70.0
-70.0
-70.0
-70.0
-70.0
-65.7133927741
-63.284315346
-58.1618361554
-55.4829541026
0
-70.0
-70.0
-70.0
-70.0
-70.0
-70.0
-70.0
-70.0
-70.0
-70.0
-70.0
-70.0
-70.0
-70.0
-70.0
-70.0
-70.0
-70.0
-70.0
-70.0
-70.0
-65.8109355633
-62.5249238777
-60.8024860704
-60.0756071837
-59.9702929455
-60.2414279711
-54.3439351872
0
-70.0
-70.0
-70.0
-70.0
-70.0
-70.0
-70.0
-70.0
-70.0
-70.0
-70.0
-70.0
-63.4044735969
-59.6670086351
-57.4635051188
-59.8361035172
-65.5226566105
-65.0150280577
-65.0275611019
-65.2008288916
-65.4647619358
-65.7742963644
-66.1008738095
-66.4267911495
-66.7414485152
-67.0388613174
-68.5819834164
-70.0
-70.0
-70.0
-70.0
-70.0
-70.0
-70.0
-70.0
-70.0
-70.0
-70.0
-63.4999080937
-59.8165226802
-57.945940676
-58.1250580569
-66.3216438699
-70.0
-70.0
-70.0
-70.0
-70.0
-70.0
-70.0
-70.0
-70.0
-70.0
-69.3665268715
-69.0075587654
-70.0
-70.0
-70.0
-70.0
-70.0
-70.0
-70.0
-70.0
-70.0
-70.0
-63.4336999735
-60.6250051299
-55.3633991639
-54.0244769089
-56.845543786
-64.0603841637
-70.0
-70.0
-70.0
-70.0
-70.0
-70.0
-70.0
-70.0
-70.0
-70.0
-69.153688653
-68.900354948
-70.0
-70.0
-70.0
-70.0
-70.0
-70.0
-70.0
-70.0
-69.9106537586
-69.5266908885
-69.3120901368
-69.2062600146
-69.1692199407
-69.1746885651
-69.2054801209
-70.0
-70.0
-70.0
-70.0
-70.0
-70.0
-70.0
-70.0
-70.0
-70.0
-70.0
-70.0
-70.0
-70.0
-70.0
-70.0
-70.0
-70.0
-70.0
-70.0
-70.0
-70.0
-70.0
-70.0
-70.0
-70.0
-70.0
-70.0
-70.0
-70.0
-70.0
-70.0
-70.0
-70.0
-70.0
-70.0
-70.0
-64.4626949551
-61.5221309514
-62.4211934839
-66.6703007562
-70.0
-70.0
-70.0
-70.0
-70.0
-70.0
-70.0
-69.9846839515
-70.0
-66.4689607821
-70.0
-70.0
-70.0
-66.8318417131
-65.0365520172
-64.1248264658
-63.7736302527
-63.7704581832
-63.9762063353
-64.3004483487
-66.1257712593
-70.0
-70.0
-70.0
-70.0
-70.0
-70.0
-70.0
-70.0
-65.6809744839
-63.2335266914
-61.9906071262
-56.5859092236
-54.5926959771
0
-70.0
-70.0
-70.0
-70.0
-70.0
-68.3956005794
-67.4864409078
-67.0247304078
-61.1184846992
-57.8707877841
-56.3264767089
-55.8556741734
-56.0446701797
-59.0710666781
-66.4318517047
-70.0
-70.0
-70.0
-70.0
-70.0
-70.0
-70.0
-70.0
-70.0
-70.0
-70.0
-70.0
-70.0
-70.0
-70.0
-70.0
-70.0
-70.0
-70.0
-64.0931368265
-60.7459143614
-59.0460504037
-58.3912636823
-57.5828803909
-57.7178439304
-58.8516134473
-66.208576944
-70.0
-70.0
-70.0
-70.0
-70.0
-70.0
-70.0
-70.0
-70.0
-62.4558686836
-58.1808609377
-56.456593439
-60.7506524239
-63.7603420101
-68.6335026034
-70.0
-70.0
-70.0
-70.0
-70.0
-70.0
-70.0
-70.0
-70.0
-70.0
-70.0
-70.0
-70.0
-70.0
-70.0
-70.0
-70.0
-70.0
-70.0
-70.0
-70.0
-70.0
-70.0
-70.0
-70.0
-70.0
-70.0
-70.0
-70.0
-66.0082868073
-63.7463159982
-63.4659024033
-63.5154574995
-64.3168975295
-64.9871982966
-65.5564721469
-66.9396509731
-68.2798280416
-70.0
-70.0
-70.0
-70.0
-70.0
-70.0
-70.0
-70.0
-70.0
-70.0
-70.0
-70.0
-70.0
-70.0
-70.0
-70.0
-70.0
-70.0
-70.0
-70.0
-70.0
-70.0
-70.0
-70.0
-70.0
-70.0
-70.0
-64.4288060908
-63.2983782001
-67.4258046715
-70.0
-70.0
-70.0
-70.0
-70.0
-70.0
-64.9919897379
-62.4874505893
-61.2351454139
-60.7759241281
-61.2286050483
-63.5847210209
-70.0
-70.0
-70.0
-70.0
-70.0
-70.0
-70.0
-70.0
-70.0
-70.0
-70.0
-70.0
-70.0
-70.0
-70.0
-70.0
-70.0
-70.0
-70.0
-65.1690468356
-62.4315067091
-61.041265743
-61.4884041086
-61.0664192858
-55.0328251156
0
-70.0
-70.0
-70.0
-70.0
-70.0
-70.0
-70.0
-70.0
-70.0
-70.0
-70.0
-63.6993624038
-60.1290010993
-54.8495658915
0
-70.0
-70.0
-70.0
-70.0
-70.0
-70.0
-70.0
-70.0
-70.0
-70.0
-70.0
-70.0
-70.0
-68.6148595964
-70.0
-70.0
-70.0
-70.0
-66.2928288441
-64.1920985224
-63.1252570453
-62.7143102576
-62.7105985097
-62.9513515106
-63.3307582608
-62.8392380324
-68.806554093
-70.0
-70.0
-70.0
-70.0
-70.0
-70.0
-66.0297742128
-63.7799796001
-59.7485479545
-58.0047373687
-57.3582931049
-57.3918167765
-57.8322037535
-58.502029148
-62.1747497634
-69.5692474563
-70.0
-70.0
-70.0
-70.0
-70.0
-70.0
-70.0
-69.7921081258
-69.6743027304
-63.2620446142
-68.1080017374
-70.0
-70.0
-70.0
-68.6885935712
-68.1055558541
-67.8188813621
-67.7195806215
-66.7475751763
-66.27278607
-66.1121530706
-65.4416644648
-66.19030086
-66.7664726685
-68.7603860228
-70.0
-70.0
-70.0
-70.0
-70.0
-67.2926085144
-65.7584200058
-64.9792929005
-65.6206458772
-66.1514361339
-66.5981957502
-66.9796449949
-67.3091930419
-68.2786462832
-70.0
-70.0
-70.0
-70.0
-70.0
-70.0
-70.0
-70.0
-70.0
-70.0
-63.5612490521
-60.9116085557
-59.6247706393
-55.1477570328
-63.2151754072
-70.0
-70.0
-70.0
-70.0
-70.0
-70.0
-70.0
-70.0
-70.0
-70.0
-70.0
-70.0
-63.2232077957
-63.5989962634
-70.0
-70.0
-70.0
-70.0
-70.0
-70.0
-70.0
-70.0
-70.0
-70.0
-70.0
-70.0
-69.2610346031
-69.4947813225
-70.0
-70.0
-70.0
-70.0
-70.0
-70.0
-70.0
-70.0
-70.0
-70.0
-70.0
-70.0
-70.0
-70.0
-70.0
-70.0
-70.0
-70.0
-64.6063990579
-61.5500251907
-59.9978666973
-59.3999760447
-59.394575785
-59.7448497697
-60.9673199748
-70.0
-70.0
-70.0
-70.0
-70.0
-70.0
-70.0
-70.0
-70.0
-70.0
-70.0
-70.0
-70.0
-70.0
-70.0
-70.0
-70.0
-70.0
-70.0
-70.0
-70.0
-70.0
-70.0
-70.0
-70.0
-70.0
-70.0
-70.0
-70.0
-70.0
-70.0
-70.0
-70.0
-70.0
-70.0
-70.0
-70.0
-70.0
-63.4898082642
-59.8006996139
-57.9272111032
-58.4252051886
-60.8811238426
-69.7044438055
-70.0
-70.0
-70.0
-70.0
-70.0
-70.0
-65.6992728771
-63.2621941741
-62.0245404799
-61.547796914
-62.5174785824
-63.3487049641
-65.2716387066
-69.4318798874
-70.0
-70.0
-70.0
-70.0
-67.4579310955
-66.0174253829
-65.2858744426
-65.004081397
-65.0015361898
-59.0884352253
-55.9042934725
-54.4636653051
-57.5148325001
-63.997453889
-69.8113084937
-70.0
-67.6660703898
-66.3435102774
-64.6718572086
-63.5131367938
-62.700799985
-62.1233712336
-62.039468275
-61.6989220018
-61.9940467925
-65.1994113037
-70.0
-70.0
-70.0
-70.0
-70.0
-70.0
-70.0
-70.0
-70.0
-63.3279145082
-59.7660659125
-60.5193362825
-63.775632232
-68.3702525589
-70.0
-70.0
-70.0
-70.0
-64.9846220567
-62.1425745555
-60.6992602362
-60.1432963035
-60.1382747337
-62.8676958811
-68.9408884514
-70.0
-70.0
-70.0
-70.0
-70.0
-70.0
-70.0
-70.0
-70.0
-63.0859361948
-60.1669517459
-62.0634057636
-70.0
-70.0
-70.0
-70.0
-70.0
-70.0
-70.0
-70.0
-70.0
-70.0
-70.0
-62.35564294
-58.0238406061
0
-70.0
-70.0
-70.0
-70.0
-70.0
-70.0
-70.0
-70.0
-70.0
-70.0
-70.0
-70.0
-70.0
-70.0
-70.0
-70.0
-70.0
-70.0
-70.0
-70.0
-70.0
-70.0
-70.0
-70.0
-70.0
-70.0
-70.0
-70.0
-70.0
-70.0
-70.0
-70.0
-70.0
-70.0
-70.0
-70.0
-70.0
-70.0
-70.0
-70.0
-69.7558948327
-69.6175685712
-70.0
-70.0
-70.0
-70.0
-70.0
-70.0
-70.0
-66.8621248748
-65.0839956372
-64.1809849067
-63.8331456382
-63.8300038891
-57.9555960763
0
-70.0
-70.0
-70.0
-70.0
-70.0
-70.0
-70.0
-70.0
-65.6131233169
-63.9955392871
-63.2251375596
-58.0627993452
-54.4218307685
0
-70.0
-70.0
-70.0
-70.0
-70.0
-70.0
-70.0
-70.0
-70.0
-70.0
-70.0
-63.9941283158
-58.2574676948
-55.2068890656
0
-70.0
-70.0
-70.0
-70.0
-70.0
-70.0
-70.0
-70.0
-70.0
-70.0
-70.0
-70.0
-70.0
-70.0
-70.0
-70.0
-70.0
-70.0
-70.0
-70.0
-70.0
-70.0
-70.0
-64.3798353065
-61.1950753136
-59.5777168073
-58.9547111434
-58.9490840402
-59.5371693953
-63.1540578704
-68.3254439367
-70.0
-70.0
-70.0
-70.0
-66.0057603524
-63.7423578854
-62.5929044757
-62.1501356141
-62.1461364433
-63.3177408975
-64.2434455401
-65.4234975538
-70.0
-70.0
-70.0
-70.0
-70.0
-70.0
-70.0
-70.0
-70.0
-70.0
-69.4264421266
-68.768092665
-68.4141465659
-69.987297528
-70.0
-70.0
-70.0
-70.0
-69.6640359153
-69.4736562673
-68.5086605124
-67.6460410424
-67.206934659
-67.036573007
-60.6476773819
-57.1260840942
-55.4422586517
-54.9172214312
-56.2167954728
-62.2899254725
-70.0
-70.0
-70.0
-70.0
-70.0
-70.0
-70.0
-70.0
-70.0
-70.0
-69.9765010888
-69.9631850391
-69.9564225746
-70.0
-70.0
-70.0
-70.0
-70.0
-70.0
-66.8486694422
-65.0629154594
-64.1560325544
-63.8067017263
-58.1862625546
-56.2055066415
0
-70.0
-70.0
-70.0
-70.0
-70.0
-70.0
-70.0
-70.0
-70.0
-70.0
-70.0
-70.0
-70.0
-69.3068183859
-70.0
-70.0
-70.0
-70.0
-70.0
-70.0
-70.0
-70.0
-70.0
-70.0
-70.0
-70.0
-70.0
-70.0
-70.0
-70.0
-70.0
-70.0
-68.0749915138
-66.9841533716
-61.8375861146
-59.0217262233
-57.6981527477
-57.3140702374
-57.5064850567
-58.0383844463
-58.7562445986
-61.9660710924
-68.7762976903
-70.0
-70.0
-70.0
-70.0
-70.0
-70.0
-64.1078878118
-60.7690242384
-59.0734052865
-59.2885664963
-66.9044734171
-70.0
-70.0
-70.0
-70.0
-70.0
-70.0
-70.0
-63.9727815116
-60.5573577015
-58.8228581588
-57.1547350429
-59.7797102731
-66.2946493547
-70.0
-70.0
-70.0
-70.0
-70.0
-70.0
-70.0
-70.0
-70.0
-69.310721251
-68.5867966266
-70.0
-70.0
-70.0
-70.0
-70.0
-70.0
-70.0
-70.0
-70.0
-70.0
-63.2454046431
-59.4178006075
0
-70.0
-70.0
-70.0
-70.0
-70.0
-70.0
-70.0
-67.6602916637
-67.3344559097
-67.2278059269
-66.3879096492
-66.0043748942
-65.9074415448
-65.2819964466
-58.4736898171
-54.7729161788
-55.501805251
-63.0746775547
-70.0
-70.0
-70.0
-70.0
-70.0
-70.0
-70.0
-70.0
-70.0
-70.0
-70.0
-68.5016693582
-70.0
-70.0
-70.0
-70.0
-70.0
-70.0
-70.0
-70.0
-70.0
-70.0
-70.0
-70.0
-70.0
-70.0
-70.0
-70.0
-70.0
-70.0
-69.6589883928
-69.465748482
-69.3676129195
-68.3298113548
-67.7628033708
-67.4971718014
-67.4212204664
-66.6591398474
-66.313253481
-66.4481579614
-69.1963046548
-70.0
-70.0
-70.0
-70.0
-70.0
-70.0
-70.0
-70.0
-69.5052257543
-69.4290009789
-70.0
-70.0
-70.0
-70.0
-70.0
-70.0
-70.0
-70.0
-70.0
-70.0
-70.0
-70.0
-70.0
-70.0
-70.0
-70.0
-68.1757070009
-67.5331631764
-67.5771332943
-67.6842775886
-67.8257549122
-67.9831161427
-69.1447607976
-69.870255564
-70.0
-70.0
-70.0
-70.0
-70.0
-70.0
-70.0
-70.0
-70.0
-70.0
-70.0
-70.0
-70.0
-70.0
-70.0
-70.0
-70.0
-70.0
-70.0
-70.0
-70.0
-70.0
-70.0
-70.0
-70.0
-70.0
-70.0
-70.0
-70.0
-70.0
-70.0
-70.0
-70.0
-70.0
-70.0
-70.0
-70.0
-70.0
-70.0
-70.0
-70.0
-70.0
-70.0
-70.0
-70.0
-70.0
-70.0
-70.0
-70.0
-70.0
-69.8593714578
-69.7796819506
-70.0
-70.0
-70.0
-70.0
-70.0
-69.0947582562
-68.5817879348
-68.3212794774
-68.2209317537
-67.2785530579
-66.8038407384
-60.2400924552
-57.6011614419
-56.4310974525
-57.5025184358
-68.843901642
-70.0
-70.0
-70.0
-70.0
-70.0
-70.0
-70.0
-70.0
-70.0
-69.7254273485
-69.5698361793
-69.4908202718
-69.4603833849
-62.7960118466
-58.283124785
-63.2074535308
-69.4494813809
-70.0
-70.0
-70.0
-70.0
-70.0
-70.0
-70.0
-70.0
-63.7244051755
-60.1682347749
-58.3622580421
-57.8915949743
-55.5099061836
-65.705389572
-70.0
-70.0
-70.0
-70.0
-70.0
-70.0
-70.0
-70.0
-70.0
-70.0
-70.0
-70.0
-70.0
-70.0
-70.0
-70.0
-70.0
-70.0
-67.3015437542
-65.7724185483
-61.1069739176
-58.6041413419
-57.4823037517
-57.2264577393
-57.4987348738
-58.0788099921
-58.8242280633
-59.6440046372
-64.4619903308
-65.5252091918
-66.3708048978
-67.535468312
-68.4999822316
-69.1286911757
-69.5349601696
-70.0
-70.0
-70.0
-70.0
-70.0
-70.0
-70.0
-70.0
-70.0
-70.0
-70.0
-70.0
-70.0
-70.0
-70.0
-70.0
-70.0
-70.0
-70.0
-69.4689002341
-70.0
-70.0
-70.0
-70.0
-70.0
-70.0
-70.0
-70.0
-70.0
-70.0
-70.0
-70.0
-63.9063411357
-59.1299204097
-58.637030536
-64.7483209361
-70.0
-70.0
-68.6199107347
-67.837860151
-67.4407011291
-67.2877156783
-61.6690499346
-58.5755488239
-57.1002631967
-56.6450830472
-56.8171388559
-59.1299163006
-65.3213945404
-70.0
-70.0
-70.0
-70.0
-70.0
-70.0
-70.0
-70.0
-69.5329297791
-69.2682566539
-69.1338442236
-69.0820686247
-70.0
-70.0
-70.0
-70.0
-68.7808596144
-68.4354763588
-68.2803971935
-68.2446697879
-68.2817443516
-68.3612642781
-68.463600758
-68.5762159541
-67.6927669787
-67.2396053609
-68.2786925737
-70.0
-70.0
-70.0
-70.0
-70.0
-70.0
-70.0
-70.0
-70.0
-70.0
-70.0
-70.0
-62.6288900012
-56.1185943352
0
-70.0
-70.0
-70.0
-70.0
-70.0
-70.0
-70.0
-70.0
-70.0
-69.9061497545
-69.8529679487
-69.8259599336
-63.2252501043
-59.4906492033
-58.6939033014
-70.0
-70.0
-70.0
-70.0
-70.0
-70.0
-70.0
-70.0
-70.0
-70.0
-70.0
-63.681662052
-60.9037396839
-55.6513060514
0
-70.0
-70.0
-70.0
-70.0
-70.0
-70.0
-70.0
-70.0
-70.0
-70.0
-70.0
-69.5528961528
-62.3235157178
-58.1264646958
-62.3897018234
-70.0
-70.0
-70.0
-70.0
-70.0
-70.0
-70.0
-70.0
-70.0
-70.0
-70.0
-70.0
-70.0
-70.0
-70.0
-70.0
-70.0
-65.9076584917
-63.5886649703
-62.4109800251
-61.9573363905
-61.9532389968
-62.2190059273
-62.6378325547
-64.2398295648
-70.0
-70.0
-70.0
-70.0
-70.0
-70.0
-70.0
-70.0
-70.0
-70.0
-70.0
-63.498903906
-59.8149494528
-57.9440784657
-58.5177849118
-63.6650993645
-69.1427202561
-70.0
-70.0
-64.685276709
-61.1180446219
-60.2733194559
-60.0907070412
-60.3114493576
-60.7668464355
-66.082132808
-70.0
-70.0
-70.0
-70.0
-70.0
-70.0
-70.0
-70.0
-70.0
-62.6074001179
-58.4182601847
-58.4945873912
-64.8897042919
-70.0
-70.0
-70.0
-70.0
-70.0
-70.0
-70.0
-70.0
-63.655838081
-60.0608129935
-59.1960857323
-59.2539477227
-61.1781624919
-64.8195179088
-67.9724197056
-70.0
-70.0
-70.0
-70.0
-70.0
-70.0
-70.0
-70.0
-70.0
-70.0
-66.1461881282
-70.0
-70.0
-70.0
-70.0
-70.0
-70.0
-70.0
-70.0
-70.0
-70.0
-70.0
-70.0
-70.0
-70.0
-70.0
-70.0
-70.0
-70.0
-70.0
-70.0
-70.0
-64.063484592
-60.6994591941
-58.9910619823
-58.3329882557
-58.3270444113
-58.7125766243
-59.9802916796
-65.7723069719
-70.0
-70.0
-70.0
-70.0
-70.0
-70.0
-70.0
-70.0
-70.0
-70.0
-70.0
-70.0
-70.0
-70.0
-70.0
-70.0
-70.0
-70.0
-70.0
-70.0
-70.0
-70.0
-70.0
-70.0
-70.0
-70.0
-70.0
-70.0
-70.0
-70.0
-70.0
-70.0
-70.0
-70.0
-70.0
-70.0
-70.0
-70.0
-70.0
-70.0
-70.0
-70.0
-70.0
-70.0
-70.0
-70.0
-63.7547116287
-60.215714885
-59.401118146
-59.2656561644
-60.8813312161
-64.9192118998
-70.0
-70.0
-70.0
-70.0
-70.0
-70.0
-69.7941481308
-69.6774987382
-69.6182591447
-69.5954400838
-70.0
-65.096741545
-64.9826252918
-69.3103709166
-70.0
-70.0
-66.1803074423
-62.4849507954
-60.5182384474
-59.654269757
-59.4807462175
-59.7272738866
-60.885845244
-65.2088772068
-70.0
-70.0
-70.0
