-70.0
-70.0
-70.0
-70.0
-70.0
-70.0
-70.0
-70.0
-70.0
-65.9805053209
-63.7027916695
-62.546070423
-62.1005019943
-62.0964775373
-63.2697221166
-64.1980114603
-64.9483846846
-62.4080392422
-61.1368973353
-60.6696489467
-57.8717783227
-56.5973300041
-56.2794166796
-56.5460214622
-56.1559727218
-56.3834110536
-56.9737603508
-57.7621779175
-58.6431558602
-59.5503040972
-60.4429162361
-61.2970529783
-62.0996332577
-62.8445269833
-63.529978986
-64.1569175547
-64.7278501108
-60.2358711493
-57.8661547341
-56.8487863939
-56.6767391766
-57.0176195403
-57.6548937739
-59.4487354535
-57.0925062323
-56.1090184918
-55.9819585645
-56.3729906559
-57.0618435556
-57.9064271769
-57.8214346748
-58.1763913511
-58.2279300896
-58.6512556631
-59.2835424851
-60.0201298287
-60.794744574
-61.5663552687
-62.3104431765
-63.013214482
-63.6677701159
-64.2715778257
-64.8248098574
-65.3292554145
-61.7693283332
-59.9077278066
-58.1306020511
-57.4599731961
-57.4755967766
-57.9024510324
-58.5618152181
-59.3387065555
-60.1602178062
-57.0661788981
-55.6408829234
-55.2643425744
0
-70.0
-70.0
-70.0
-70.0
-68.8040173651
-68.126293872
-67.782116647
-67.6495397572
-67.648342298
-63.7762219208
-62.6604089459
-62.235574196
-59.410954247
-58.0691504693
-55.4287105876
-54.3301563056
-55.1055603644
-56.0672841208
-57.1087422373
-58.867029403
-60.2931007224
-61.4723068232
-62.4640869229
-59.3954136871
-58.7760087133
-58.7784987719
-59.1540428479
-56.5153807772
-55.3816708422
0
-70.0
-70.0
-70.0
-70.0
-68.9407223797
-68.3404650615
-68.0356285019
-67.918205616
-68.8911327358
-69.5118512498
-69.9005539832
-70.0
-66.1780360495
-64.0122564775
-63.8245886899
-63.917835061
-64.176521715
-64.5258496502
-63.9179181015
-63.7558952356
-63.8668183416
-64.1378115937
-64.4958138253
-64.0257752795
-63.942892976
-64.0950671614
-64.3832027672
-65.7381724741
-66.6932152157
-67.3764670202
-67.8738692022
-68.243181538
-68.5233295549
-69.652849218
-70.0
-70.0
-66.2716633862
-64.9614084408
-64.3432085255
-64.1608482922
-64.2460705425
-64.4890015412
-64.8184600891
-64.1891539435
-64.9467374612
-65.0141741009
-65.2208302814
-66.2078333507
-67.2597740805
-67.9822793824
-64.4773139668
-61.646215747
-57.9929636908
-56.2012470007
-55.58617542
-55.6975932909
-56.2411909037
-57.0259764413
0
-70.0
-70.0
-70.0
-70.0
-69.7834410299
-69.6607242802
-69.598403421
-70.0
-70.0
-70.0
-69.2498268381
-64.8362136728
-61.0203404248
-59.0301384619
-58.2016793354
-58.097881215
-57.5201311308
-57.5894767092
-58.044768166
-58.7164507678
-60.4904404056
-61.8718195081
-63.5271418748
-64.7360972324
-60.6874372746
-58.5686600574
-57.6784383918
-57.5550241127
-57.0933389391
-57.2465498702
-57.7635914333
-57.7779929529
-58.1940340996
-58.8371909843
-59.595178749
-60.3967987829
-61.1978775104
-61.9719288299
-62.7039619939
-63.3863831592
-60.0029145089
-58.3060695017
-57.6777601807
-54.8829826227
0
-70.0
-70.0
-70.0
-70.0
-69.6464635136
-69.4461261714
-69.344386227
-69.3051960528
-69.3048420798
-69.3278016267
-70.0
-70.0
-70.0
-70.0
-70.0
-70.0
-70.0
-66.6471685109
-64.7472306671
-63.7823602719
-63.4106926923
-63.4073357215
-63.625077015
-63.9682192239
-63.375164112
-59.3774986499
-57.332982751
-56.52850712
-55.6924023683
0
-70.0
-70.0
-70.0
-70.0
-70.0
-70.0
-66.2182739538
-64.0752958609
-62.9869991432
-62.5677878078
-62.5640014129
-62.8095961956
-63.196633192
-63.6556342834
-64.1425137955
-64.6298910429
-65.1013210233
-65.5474683107
-65.9635744061
-62.3489439966
-59.0953693914
-57.5067123152
-56.9699609923
-57.0822448321
-57.580206975
-58.2929773615
-59.1108736814
-59.9645823506
-60.8113214738
-61.6256542319
-62.3933987457
-63.107589413
-60.110669126
-58.6421613162
-58.1396512532
-58.2334901736
-59.4844796558
-60.58559069
-62.1156265097
-63.2964604512
-64.78396769
-65.8503397769
-66.6284850365
-67.2077560243
-67.6483934162
-67.9911627375
-68.2637855724
-68.4852330875
-68.668593827
-68.8229904765
-69.9375205871
-70.0
-70.0
-70.0
-70.0
-70.0
-70.0
-70.0
-70.0
-70.0
-70.0
-69.9999685569
-65.9804770222
-63.7027662006
-60.3129949015
-58.602032292
-57.9553869832
-57.9688868985
-58.3780239511
-59.0109053842
-59.756937398
-60.5459920263
-61.3345584024
-62.0965462813
-62.817187466
-63.4889992612
-64.1091196963
-64.6775546342
-65.1960304424
-61.6569327191
-59.8115763279
-57.8106232874
-57.0163640202
-55.972729983
-55.8141252279
-55.6362693118
-56.008346785
-56.6979817094
-58.4966356103
-56.0966131727
-55.1200459377
-55.7338077692
-56.5776046091
-57.5312958927
-59.2228378368
-60.5970017421
-61.7349333605
-58.8305342951
-57.4602103793
-57.0560090172
-57.244954566
-57.7834900765
-58.5138283802
-59.3349037497
-57.3814676027
-55.2901921014
-54.5257537306
-54.582898917
-55.1310893984
-55.9556340405
-56.9185063578
-57.8737782742
-58.8511488149
-59.8091995122
-60.7237232801
-61.5816467649
-62.3770126303
-63.1083317285
-63.7768454631
-63.4244106308
-63.4321360437
-63.65570009
-64.0013151814
-64.4086403969
-63.9711014224
-63.9095413236
-64.0756205536
-64.3727474064
-61.7184471226
-59.5336059576
-58.57158106
-57.8197578639
-57.7746720175
-58.1551314424
-55.111618818
0
-70.0
-70.0
-70.0
-70.0
-69.6288176039
-69.4184809128
-69.3116628677
-69.2705166118
-65.3203544793
-63.1062453838
-62.0075717471
-61.6147818401
-61.658615168
-61.9629613257
-62.4134703095
-62.9366600228
-63.4860185167
-64.0327663292
-64.5597228056
-65.0572392647
-60.5320323931
-58.1325071904
-54.855322563
0
-70.0
-70.0
-70.0
-70.0
-68.64712301
-67.8804927157
-67.4911647819
-68.3411957266
-68.9065077692
-69.2821447358
-69.5314554245
-69.6966599903
-70.0
-70.0
-66.4076082355
-64.3719195689
-63.33810905
-62.9398857703
-62.9362889435
-63.1695878826
-63.53724765
-63.9732685888
-60.5731119413
-58.8472475548
-58.1834873377
-58.1791149628
-58.5705210392
-55.6961688097
-54.448351845
-54.218049938
-54.6059337959
-55.3517996508
-56.2875925086
-56.3061562957
-56.7737560248
-57.4951906614
-57.6411747176
-58.1407259941
-58.8357658935
-59.62493097
-60.4442656503
-61.2543909368
-61.119777906
-61.3350174906
-61.7529939917
-62.2786800927
-62.0489999477
-62.1762251957
-58.4946640105
-56.669238499
-56.0183419088
-56.0938592244
-56.6027076396
-57.3545931008
-58.2272379408
-59.1432502467
-60.0547492887
-60.933157071
-61.762429838
-62.5345791702
-63.2467161306
-63.8991077691
-64.4939058266
-65.0343211335
-65.5240929466
-65.9671529362
-61.3509429638
-58.8695188816
-57.7516804696
-57.48925474
-57.7488241443
-58.3129383154
-59.0409755408
-59.8430986914
-60.6629359587
-61.4660737872
-62.2324206913
-61.962709164
-62.0687919422
-58.3979736245
-55.2423852867
0
-70.0
-70.0
-70.0
-70.0
-65.5360608765
-61.6666638135
-58.2829718889
-56.6433243378
-56.1047583293
-54.4162601538
0
-70.0
-70.0
-70.0
-70.0
-65.8707659519
-63.5308666581
-60.1095122603
-58.3863825463
-57.7396252997
-57.7602501084
-58.1806166567
-58.8268160305
-59.5869751203
-61.3878877453
-62.7555057288
-63.8175596613
-65.3645770691
-66.4473016115
-63.2268445762
-61.5203422026
-59.7793967669
-59.07551628
-58.4617818896
-59.4196208622
-56.6803863192
-54.6965567119
-54.0163737238
-54.1410514735
-54.7444897409
-55.6150697099
-56.6169153677
-57.6641255834
-58.7036475268
-59.7039057752
-60.6472638651
-62.5076950603
-63.8736972754
-60.908993655
-59.4332050276
-58.8999583502
-57.9506883716
-57.7827701054
-58.0892601421
-58.6701788261
-59.3963907423
-60.1855715339
-60.9862276244
-60.8256080214
-62.0299110945
-63.0181625685
-64.3993969228
-65.4148243047
-66.1769199236
-67.4653170012
-64.3074296253
-62.6024495455
-59.5929939133
-58.1342207369
-57.6544828065
-57.778157288
-54.0393745436
0
-70.0
-70.0
-70.0
-70.0
-69.6910182998
-70.0
-66.9414868786
-65.2083294432
-63.3454988637
-62.4496172206
-62.1637676607
-62.2534656694
-62.5655022857
-62.1322280887
-63.0955041919
-59.9886813159
-58.4582982131
-57.9247917443
-55.1786615122
-54.0250279892
0
-70.0
-70.0
-70.0
-70.0
-69.7686020414
-69.6374765316
-69.5708853413
-69.5452344491
-69.5450027654
-70.0
-70.0
-70.0
-70.0
-70.0
-69.2922166731
-68.8911394545
-68.6874551415
-64.5907101472
-62.3129728124
-61.2025646511
-60.8295675993
-57.6859300267
-56.2102164823
-55.7844478063
0
-70.0
-70.0
-70.0
-70.0
-69.7646964663
-65.964740566
-62.4794441139
-60.6389514389
-59.8466907859
-59.7097780346
-59.9706377826
-59.4615993625
-59.5074563317
-59.8847219689
-60.4482572855
-60.3023007635
-60.5379834915
-60.9947936786
-61.5690533349
-63.1939640447
-60.3900523851
-59.0280369764
-59.2802635358
-59.7889240202
-60.4344895101
-61.8443828575
-62.9621727706
-63.8674409595
-64.6150205075
-65.2430675527
-66.646772952
-67.6007704264
-64.26462819
-62.4541219084
-61.6193474092
-61.397837796
-61.5516707683
-61.925581526
-62.4190752631
-62.9678689966
-63.5315496035
-64.0853729808
-64.6148212412
-65.111996156
-61.5847195261
-59.7488628973
-56.7560008906
-55.4017503236
-55.075808306
-55.3777161518
-56.0462703209
-56.9125271451
-57.8685303347
-58.8464256693
-59.8049486812
-60.7198975322
-61.5782035918
-62.3739137744
-59.9853404751
-58.8860184797
-58.5968913332
-57.8425371097
-57.7951733387
-59.0418953887
-60.1551987724
-57.3670977963
-56.8190376545
-56.929566981
-57.4315656775
-58.1517127061
-58.9787438331
-56.1757204836
-54.9547157911
0
-70.0
-70.0
-70.0
-70.0
-69.640768472
-69.4372039394
-69.3338250885
-69.2940036084
-65.3206187125
-63.0925671512
-61.985983976
-61.5891679384
-61.6314393845
-58.4455757654
-57.9190714112
-58.0058664184
-58.4577478754
-59.1136184871
-58.8704713308
-59.095567326
-60.5063145171
-61.6692190145
-61.8421852767
-62.2178921914
-58.729694713
-57.0124530688
-56.4150263134
-56.5094027163
-57.0157151342
-57.7523120805
-58.6025265122
-59.4925709542
-60.3768452542
-61.2281816591
-62.0313774467
-62.7789156711
-63.4681414167
-60.1005638969
-58.4099985885
-57.7819927838
-57.8124562082
-58.2369857226
-58.8838039071
-58.6426351734
-58.8765127607
-59.3876222211
-60.0480338232
-60.7760129904
-61.5202667244
-63.249468918
-63.9038689337
-64.499713312
-65.0405628286
-65.5303871109
-65.9732687766
-65.5049093929
-65.3737301163
-65.4492315464
-65.6462246863
-65.909546414
-66.2038879035
-66.5070298671
-67.7976400364
-68.6454181367
-69.1992377257
-70.0
-70.0
-70.0
-66.2716633862
-63.1623647924
-61.5247068097
-60.8246217931
-60.0067130197
-59.8490773216
-56.4262427608
-54.825000599
-54.3700886153
-54.6181384712
-55.2796971024
-56.1673090443
-57.160965908
-58.1851278293
-59.1934540544
-60.1586679877
-57.1160502562
-55.7199446088
-54.1250299815
0
-70.0
-70.0
-70.0
-70.0
-68.8965293802
-65.0457089408
-62.9003597125
-62.8237925568
-62.0171185814
-61.7992102435
-61.9418248993
-62.2959995294
-62.7653043232
-63.288043722
-63.8254192373
-64.3536639052
-64.8588219091
-65.3332893144
-64.7908683104
-64.639053431
-64.7266627223
-64.9550062064
-65.2601787566
-61.5845013979
-59.6596116028
-58.8493573389
-58.7348928693
-59.0417177586
-56.1009102595
-54.7997287515
0
-70.0
-70.0
-70.0
-70.0
-69.1743992659
-68.70655885
-68.4689693054
-68.3774499351
-68.3766233151
-67.4692583416
-67.0091974128
-66.8328542751
-66.8326199166
-66.1355895018
-65.8461849362
-65.811002699
-65.9295266
-62.1195484571
-60.0962432894
-60.2123853857
-59.6668521274
-59.3506371015
-59.5158868493
-59.9645071363
-60.5681957373
-61.2448023733
-61.9426062758
-62.6298684081
-63.2878967405
-63.9064505153
-64.4807010964
-65.0092280751
-65.4927033265
-66.9296062124
-67.8940944035
-68.5429841714
-68.9808852264
-69.2775963519
-69.4797031488
-65.5993530106
-62.4182822536
-60.429030391
-59.5545115937
-59.3779832622
-59.6261334879
-60.1208191737
-61.7417983817
-62.9896592937
-64.5276094201
-65.6327925152
-66.4414759551
-67.0453034872
-67.5060898902
-63.8599661183
-60.8820978823
-59.3993070113
-58.8629889217
-58.9124317705
-59.3116830874
-56.2408938768
-54.8570572212
-54.5315199871
-54.8518136471
-54.574941683
-54.9229871152
0
-70.0
-70.0
-70.0
-70.0
-69.4706838283
-68.4670342939
-67.9159434302
-67.0992019087
-66.7058502655
-66.0240887152
-65.7475621612
-65.7233941567
-65.8514468822
-67.0550026014
-67.8753026129
-68.4383058661
-68.8281642891
-68.1401589756
-67.4560171549
-67.1303314907
-62.4563313261
-59.9033868497
-58.7081739356
-58.3674403893
-58.5507522485
-59.0423809558
-60.6974739172
-62.3339472301
-63.5713663102
-64.5281055479
-65.2845455723
-65.8955914012
-62.4105174782
-60.5724558751
-59.7838703841
-59.6512567433
-59.9166466674
-60.4119923997
-61.0288000923
-60.6983757979
-60.8101753612
-57.268644189
-55.5681040127
-55.0288431065
-55.2043251259
0
-70.0
-70.0
-70.0
-70.0
-69.6566536725
-70.0
-70.0
-70.0
-66.6448883294
-64.7436583827
-63.7781318019
-63.40621146
-60.1773317848
-58.5674262535
-57.9825687262
-58.0322352524
-55.2354402382
-54.0495152217
0
-70.0
-70.0
-70.0
-70.0
-68.2150751442
-67.2036177259
-66.6899560173
-66.4920937917
-66.4903066632
-67.6060236782
-68.355253098
-64.9446772484
-63.066842497
-62.1712468962
-61.8948479726
-62.9113888574
-63.7576004264
-63.4734073804
-63.1871113068
-63.2424299524
-59.0303795209
-56.868803278
-56.0095640896
-55.9603684403
-56.3988387693
-57.1152930078
-54.3080385527
0
-70.0
-70.0
-70.0
-70.0
-69.7592727779
-69.6228606854
-68.5570102278
-67.9655996123
-63.7636281911
-60.7466206949
-57.0118095746
-55.2038625832
-55.600737949
-56.3188385702
-57.2057376572
-58.1643525209
-59.9365121575
-61.3352575342
-62.4633295091
-64.0950987475
-65.6043236655
-66.6563811609
-67.3990696194
-66.9348058612
-67.5608898801
-68.0178439621
-68.3580882792
-68.6169652602
-68.8183926067
-68.066427423
-63.6614148302
-61.2296934468
-60.0630041686
-59.694223796
-60.799139916
-61.7687849242
-62.6249457649
-63.3844774105
-64.0607138175
-60.7494934696
-56.7428409388
-54.7807547224
-54.1108111684
-54.2384846638
-54.8404726055
0
-70.0
-70.0
-70.0
-70.0
-69.4548647372
-69.1459547549
-68.9890769404
-66.0655363362
-63.4459862499
-62.0927233231
-61.5443414563
-61.497167621
-61.7522910657
-59.4258800373
-57.042672526
-56.044658935
-54.9500472582
-54.7949453436
-55.20871935
-55.9500264421
-56.8631431494
-57.8489084021
-57.9331954355
-54.4710560761
0
-70.0
-70.0
-70.0
-70.0
-69.0100173171
-68.44902713
-68.1641321135
-69.0539396068
-69.6193594492
-69.971299373
-70.0
-70.0
-66.1044852171
-63.8970268402
-62.7759842526
-62.344159225
-62.340258901
-62.5932434098
-62.9919260015
-63.4647380231
-63.966267302
-64.4683092926
-64.9539241772
-65.4134956353
-65.8421219891
-66.237893735
-66.6007603247
-66.9317882678
-67.232678758
-63.4900420377
-61.4614586042
-59.5289300674
-55.8899153171
-54.176842623
0
-70.0
-70.0
-70.0
-70.0
-67.8802245871
-66.6790185198
-66.0689942621
-65.834013232
-65.8318908396
-65.9695543762
-66.1865006856
-65.5023127785
-65.2417229416
-65.2439782748
-61.4153504919
-60.3966214591
-60.1054966575
-60.2606385546
-60.6783690744
-61.2397284171
-61.8685530755
-62.5168961014
-63.1553387135
-63.766559657
-64.3410735679
-64.8744127955
-66.3537082189
-67.3628285323
-68.056206436
-68.5370262969
-68.8742840036
-68.9827759801
-69.0817786332
-69.1717876041
-69.2534000664
-70.0
-70.0
-70.0
-70.0
-70.0
-70.0
-65.0682968161
-62.273665012
-60.8544304291
-60.3077419983
-60.3028042066
-60.6230813914
-61.1278116559
-61.726389426
-62.3613231072
-62.9969058791
-63.6116920129
-64.1935072927
-64.7361462175
-65.2371913652
-64.700004229
-64.554358473
-64.6484924036
-64.8833563485
-65.1948295038
-61.5242042337
-58.2645240375
-56.6998984519
-56.2044598188
-56.3670479783
-56.919032608
-57.6862556323
-58.5570475924
-59.4609545154
-60.3546001854
-61.2123009145
-62.0198446548
-62.7703760772
-63.4616823947
-64.0948610627
-60.6658802774
-58.9196291303
-58.2412241377
-56.2000761807
-55.4353848671
-56.0176128056
-56.8330291419
-56.8001964145
-57.220490231
-57.8986501798
-58.7089244765
-59.5714582386
-61.3780688911
-62.7494329862
-63.8139370104
-64.6588415246
-65.343822849
-65.9100175486
-65.3976281367
-62.1717039773
-59.1572611228
-58.2655755948
-58.1217117582
-55.602803105
-55.2750681799
-54.627785949
-55.3073793011
-56.2048893356
0
-70.0
-70.0
-70.0
-70.0
-69.4901930494
-69.1882962967
-69.0342150351
-68.9739591104
-68.9720069185
-69.0051020394
-69.0581223773
-69.1213305008
-70.0
-70.0
-66.3989374705
-64.3583353705
-63.3220295981
-62.9228451481
-62.9192396398
-64.0945740167
-64.9966221756
-65.7046303318
-66.2726142144
-66.7376507369
-67.1254176258
-67.4538971716
-66.7360554791
-66.4141486143
-66.340532875
-66.4183456689
-66.5844218229
-65.929607364
-65.6723984433
-65.662326476
-65.0971687094
-61.9012904928
-60.2537205463
-59.5900545603
-59.53885315
-59.8568371988
-60.3857330548
-61.0235461332
-61.7054491092
-62.3910759244
-59.1411444179
-57.5531473667
-54.7821916243
0
-70.0
-70.0
-70.0
-70.0
-70.0
-70.0
-70.0
-70.0
-70.0
-70.0
-70.0
-69.037874571
-68.4926701612
-68.2157918432
-68.1091384577
-68.1081751445
-68.1706579851
-68.2691257566
-69.3824767402
-69.1100898813
-64.6240306586
-62.111594103
-60.8670790329
-59.721096986
-59.3761378583
-59.5232911198
-56.2941894748
-55.7875765437
-56.290689567
-57.0495343954
-57.9365234792
-55.3806543062
-54.3344443256
-54.2289035263
0
-70.0
-70.0
-70.0
-70.0
-69.7230393559
-69.5660949909
-65.5366013804
-63.2676851681
-62.1307459351
-61.7108908641
-61.7352814594
-58.5352279272
-56.9973548771
-56.508052551
-56.6642027371
0
-70.0
-70.0
-70.0
-70.0
-67.5176672591
-66.9793247964
-66.7570084922
-64.0617535608
-62.6425421499
-62.0362638983
-61.9379548175
-62.9501733442
-63.792498682
-64.5048105954
-65.1153707235
-65.6445277763
-62.1922660172
-59.3811677913
-58.0484699294
-57.6472355479
-57.8182537341
-54.8367443474
0
-70.0
-70.0
-70.0
-70.0
-70.0
-70.0
-70.0
-70.0
-70.0
-70.0
-70.0
-70.0
-70.0
-70.0
-70.0
-70.0
-69.0049875978
-68.4411472366
-68.1548047786
-68.0445058112
-64.0245521257
-61.8117615102
-61.7563517844
-61.9978942228
-62.409556545
-60.1230939166
-59.0804465423
-58.818843233
-59.034586473
-58.5346844323
-58.6169203935
-59.9579064619
-61.0972345542
-62.0775902578
-62.9298840046
-63.6769307859
-65.2042405857
-66.2804851128
-67.6057712141
-68.4807505011
-65.601619752
-64.3540873108
-63.7937649357
-63.6644460128
-63.798039792
-60.5947495591
-58.9862837674
-58.3883281668
-55.5880772415
-54.3883241117
0
-70.0
-70.0
-70.0
-70.0
-67.1262315038
-65.4977626893
-64.6707559776
-64.3521934181
-64.3493161017
-64.5359458418
-64.8300588245
-65.1788579866
-61.6339038195
-60.7857120871
-60.5839399781
-60.7767453801
-57.9743500205
-56.693767804
-56.3689595473
-56.6284426084
-57.2298510248
-58.9773492648
-60.3932699
-61.5630466178
-63.2498481316
-64.4869341021
-61.4631640559
-59.9334632263
-59.3511939543
-55.5282671226
0
-70.0
-70.0
-70.0
-70.0
-66.3371582702
-64.2615479566
-63.2074635033
-62.8014307145
-62.7977633507
-63.0356374875
-63.4105073866
-60.0708360327
-58.3980053525
-57.7810400994
-57.8181596109
-58.246492664
-58.8952760738
-59.6547035839
-59.4555040325
-59.6874675005
-60.1703966647
-60.7878076077
-61.4653272532
-62.1563281321
-62.8323843884
-63.4769386625
-64.0811066049
-64.6409038169
-61.1400036276
-57.9949651668
-57.5080981841
-57.6323747217
-58.1191948202
-58.8073137186
-56.1030960931
-54.943795648
-54.7500888593
-55.1421951575
-55.8727190978
-56.7819428254
-57.7680789678
-54.9832483071
0
-70.0
-70.0
-70.0
-70.0
-68.2794015418
-67.3043957489
-63.5837253266
-62.5066712323
-62.1102164013
-62.1353362893
-62.4125636791
-62.8318146571
-62.3274429863
-58.4963288372
-56.5811160531
-55.8792845142
-56.9028638122
-57.9535825973
-58.0733526103
-54.8761522998
0
-70.0
-70.0
-70.0
-70.0
-65.9479899524
-63.6518509254
-62.4857724783
-62.0365996608
-62.0325426483
-62.2956903525
-62.7103892966
-63.2021956865
-63.7238729976
-63.2476060565
-64.1864745969
-64.9435799013
-65.5663904206
-66.7915674218
-66.7653086179
-66.8573763817
-66.461815605
-66.3424186188
-66.3926998065
-66.5431118589
-66.748588695
-66.9802551735
-67.2816924218
-67.5531650234
-68.3531653058
-68.8880599651
-65.2266728698
-63.1889515169
-62.1933536546
-61.8562164821
-57.7388916501
-55.6772003625
-54.9176122445
-55.9385933374
-57.0198955485
-58.1013470236
-59.1468396745
-60.9383764117
-62.648685907
-63.9199154072
-65.4408781494
-65.516987543
-61.7235718874
-59.7234034311
-58.8658555763
-58.7224650109
-59.0123485046
-59.5525336507
-60.2248936167
-60.9541464757
-61.6932266419
-62.4135671869
-63.0986526077
-63.7397487732
-64.3330815134
-63.8814039278
-63.8143505789
-63.9803068836
-64.2805371036
-60.635908943
-58.7612684152
-59.0109079989
-59.5269948158
-60.1857470788
-60.9081402006
-61.644638067
-62.3650488513
-63.0517936935
-63.6954474757
-65.2527730535
-62.7057174108
-60.0807952185
-58.8364820625
-57.462688073
-57.8587912126
-58.501160056
-59.2698760268
-60.0887764084
-60.9104907571
-61.7065030077
-62.4605602579
-64.1057816025
-64.3154006508
-64.6306587247
-64.9987916116
-65.38637829
-65.7727176874
-67.057639241
-63.9112558093
-60.8865523303
-59.3755118319
-57.8490494333
-57.3382036798
-57.4537561049
-57.9412956899
-58.6357762512
-59.4312720463
-56.3982001973
-55.0317504147
-55.7031148513
-56.5824963516
-57.5573753734
-58.5570569407
-59.5382973164
-60.4757649646
-60.359145542
-60.6105357038
-61.0743519441
-61.6501632901
-62.273977988
-59.8953982674
-57.4652389331
-56.4249687014
0
-70.0
-70.0
-70.0
-70.0
-68.5263151221
-68.3949307283
-67.4281300645
-66.9337786641
-63.0727579705
-60.987053622
-60.0360625588
-59.7975991689
-55.8568722365
0
-70.0
-70.0
-70.0
-70.0
-69.1233724783
-67.6851445461
-62.8994190707
-60.2646698165
-59.00833127
-58.6209170998
-55.5422509396
0
-70.0
-70.0
-70.0
-70.0
-69.1003134579
-68.590491084
-68.3315812903
-67.4293802352
-66.9737469276
-66.8012420455
-66.8043643814
-66.9127589702
-63.0818621713
-60.1017201814
-58.6435776481
-58.1472395399
-57.5408249865
-57.5922820883
-58.0367469465
-58.7022009631
-59.4780666744
-60.2943172119
-61.1075902941
-61.8919678003
-62.6328620439
-63.3229698554
-63.9596022137
-63.5544892415
-63.1929384835
-63.2029100792
-63.4354627007
-63.7938121836
-61.1974054219
-59.9329811843
-60.0654494911
-57.6475488661
-55.8242808581
0
-70.0
-70.0
-70.0
-70.0
-69.3609444593
-68.9988129862
-68.8149070028
-67.8025941762
-67.2684533409
-67.0390203951
-67.0000599478
-67.0766816811
-66.3517859079
-62.0327296297
-59.7068715417
-58.6544609709
-58.4011992627
-58.635868929
-59.1554750979
-55.2206333948
0
-70.0
-70.0
-70.0
-70.0
-69.7568619212
-69.6190836765
-65.6864536827
-62.4966728585
-60.8329152687
-60.1402302059
-60.0532781613
-60.3326643292
-57.1559233211
-55.6780146055
-56.2652434019
-57.0754058997
-54.7668027802
-54.5931178529
-54.3473639881
-54.7216662029
-55.455525325
-56.3806566208
-56.5872443751
-56.8249555485
-57.4067504009
-58.175602299
-59.0310600279
-55.1344716409
0
-70.0
-70.0
-70.0
-70.0
-69.5616147152
-69.3131963872
-69.1870388442
-69.1384430235
-69.138004097
-69.1664739379
-69.2113400445
-69.2645483736
-69.3209884253
-69.3774861755
-70.0
-70.0
-70.0
-70.0
-70.0
-70.0
-70.0
-70.0
-70.0
-70.0
-70.0
-70.0
-69.007660182
-68.4453342852
-68.1597609376
-64.0302775267
-61.7515782293
-61.658291084
-61.8803757607
-62.284280708
-62.7838143195
-63.324074009
-63.8707606891
-64.4030806742
-64.9090366428
-65.3823090025
-65.8201954516
-65.2245377976
-65.0263252786
-65.0731869246
-65.2655310147
-61.5253778574
-58.6954606105
-57.3743282421
-57.0025045463
-56.5089564735
-56.3291957474
-56.6770327869
-54.5453903847
0
-70.0
-70.0
-70.0
-70.0
-69.2904696029
-68.8884023779
-64.8215550392
-62.554061468
-60.1913691469
-59.1007081161
-58.809621227
-59.0079817194
-59.4933986241
-60.1348688128
-60.8485886323
-61.5818675696
-63.263420904
-64.4969055411
-65.4204328054
-66.1272014038
-66.6803558494
-67.1229033217
-63.478609077
-61.5094122277
-60.6109137104
-61.3587718482
-62.4288610026
-63.3232857952
-64.0824978109
-64.7352750932
-65.3024322929
-61.8843738047
-60.104059585
-59.3657357336
-59.2772168984
-60.5555194057
-61.63731693
-62.5651515468
-63.3696805987
-64.0734086766
-64.6931985674
-65.241965883
-65.7298274096
-66.1648834119
-67.527741938
-68.4278656557
-69.0203443645
-69.4084867776
-69.6610893329
-65.8071729581
-64.5467925393
-63.9723378701
-61.000053847
-59.5166816381
-58.9761022583
-59.0192178884
-59.4111133368
-59.9406858314
-60.9270731338
-58.3704266969
-57.2240912782
-56.9621536511
-57.2395859531
-57.8313924692
-55.1019181225
0
-70.0
-70.0
-70.0
-70.0
-69.867554178
-69.7925015455
-69.7543865812
-69.5436962912
-69.4324922408
-69.9402422915
-70.0
-70.0
-70.0
-70.0
-70.0
-69.078612343
-64.5431174264
-60.6638850026
-58.6475493815
-55.5831104301
-55.2134490249
-55.4845372143
-56.1310388874
0
-70.0
-70.0
-70.0
-70.0
-67.5127295137
-66.9715889954
-66.7478517179
-66.7220142941
-65.8167929893
-65.0797671067
-64.8015593403
-64.2523604802
-64.1144291482
-64.227856044
-64.48831698
-64.828316309
-65.2047053627
-65.5903819495
-65.0273028334
-60.8418366918
-59.6335454588
-59.2541192037
-59.3846594772
-59.8168283254
-60.4155686901
-61.9626067098
-62.1977610736
-62.5989283228
-63.0863310615
-63.609228336
-64.1359924229
-64.6475177942
-64.2206405858
-64.1571595745
-64.3138323152
-64.5973748825
-64.9475879268
-65.3261294891
-65.7090501102
-66.0818341459
-66.4361100958
-66.7674719958
-63.0549035465
-60.070426712
-58.6107263875
-58.1145486466
-57.5093200101
-57.5625388279
-54.3424349264
0
-70.0
-70.0
-70.0
-70.0
-65.3138464769
-62.6583594805
-61.3097886333
-60.7903198372
-60.7856278983
-62.0899574416
-63.1362232528
-63.9927752978
-64.7069473482
-65.3118856668
-65.8311191357
-67.1938304174
-64.1164811322
-62.4661888566
-60.7294241877
-57.1678512874
-55.4586458377
-54.9178343732
-55.0960863488
-55.6998346558
-56.5387558182
-57.490816655
-54.6947828881
0
-70.0
-70.0
-70.0
-70.0
-64.9815202802
-62.1377151056
-60.693508164
-60.1372003936
-56.104186161
-54.147571416
0
-70.0
-70.0
-70.0
-70.0
-69.9037515689
-69.8492107912
-68.8475249264
-68.2849292434
-68.0045408588
-67.9028231327
-67.9116983926
-68.9750725822
-69.6472613432
-70.0
-66.6081535453
-64.686107221
-63.7100091857
-63.334016725
-63.3306206911
-63.5508957143
-64.8395032077
-62.0004412163
-60.5636559809
-60.0161296403
-60.0204095146
-57.1301100339
-55.8249266777
-55.514319108
-56.7717921536
-57.9672162426
-59.0855634878
-60.1203863854
-61.0706005778
-61.9383757406
-62.7277616469
-63.4438011358
-64.0919647913
-63.6778009683
-63.6400426422
-63.8293862251
-64.1486795007
-64.5352994827
-64.9494281558
-66.3639740962
-67.333902524
-68.0047294964
-68.4737346967
-64.7870558823
-62.7488133975
-61.7675741268
-61.4532447601
-61.5495389814
-61.8889975482
-62.3630394366
-62.9020299218
-63.4620232155
-64.0159517512
-64.5477771476
-66.0463294889
-67.0772499107
-68.3487827224
-69.1667429853
-69.6852943768
-70.0
-70.0
-70.0
-69.4426312786
-69.1267890031
-68.966390671
-68.9046053161
-64.8849107364
-62.6435969641
-59.3109695358
-57.6676940942
-57.0928056928
-58.1665514423
-54.9970682857
0
-70.0
-70.0
-70.0
-70.0
-68.9682571096
-68.383602805
-64.4200728975
-60.8881209634
-59.0726791042
-58.3476580185
-57.3270690614
-58.133721231
-59.0132551584
-60.4627558984
-61.6503644792
-62.6412508116
-63.4810742507
-64.2022658392
-65.6965513548
-66.7365709523
-67.4693636791
-67.9933938592
-68.3746988386
-69.5259712889
-70.0
