-70.0
-70.0
-70.0
-70.0
-70.0
-63.0
-60.2396833333
-64.7892247222
-69.007274125
-70.0
-70.0
-70.0
-70.0
-70.0
-70.0
-70.0
-70.0
-70.0
-70.0
-70.0
-70.0
-70.0
-70.0
-70.0
-70.0
-69.2105740341
-68.7632326535
-68.5360534033
-68.4485440731
-68.4477536725
-68.4990209764
-68.5798139929
-68.6756293363
-68.9264934965
-63.6502633874
-63.1145046707
-64.5320584823
-62.2325202964
-61.2622787591
-60.9713912115
-61.0978123092
-55.8611778985
0
-70.0
-70.0
-70.0
-70.0
-70.0
-70.0
-70.0
-70.0
-70.0
-70.0
-70.0
-70.0
-70.0
-70.0
-70.0
-70.0
-70.0
-70.0
-70.0
-70.0
-70.0
-70.0
-70.0
-70.0
-70.0
-70.0
-70.0
-70.0
-70.0
-70.0
-70.0
-70.0
-70.0
-70.0
-70.0
-66.7081349683
-64.8427447837
-63.8954191801
-63.5305098453
-63.5272139163
-63.740995895
-64.0778985523
-65.0759477156
-69.608659492
-70.0
-70.0
-70.0
-70.0
-70.0
-70.0
-70.0
-70.0
-70.0
-63.3366502096
-60.3221812429
-61.8643618178
-68.0061770593
-70.0
-70.0
-70.0
-70.0
-70.0
-63.9530934136
-58.2015140563
-55.1438493067
0
-70.0
-70.0
-70.0
-70.0
-70.0
-69.7136325606
-69.5513576782
-69.4689474929
-69.4372031319
-69.4369164109
-69.4555138313
-69.4848218225
-62.9630069981
-60.3474480229
-64.1209154116
-70.0
-70.0
-67.6278902936
-66.407266321
-65.7946497268
-60.6702873951
-57.9066604163
0
-70.0
-70.0
-70.0
-70.0
-70.0
-70.0
-70.0
-70.0
-70.0
-70.0
-65.2764394147
-62.599755083
-61.2404193146
-60.7168038763
-60.7120744842
-61.0188343661
-61.8100350928
-58.3079852563
-64.8476495789
-70.0
-70.0
-70.0
-70.0
-66.4755457348
-64.4783549846
-63.4640953683
-58.1889934797
-55.4176325639
0
-70.0
-70.0
-70.0
-70.0
-70.0
-70.0
-70.0
-70.0
-66.9516976436
-65.2243263084
-64.3470926302
-64.009182669
-64.0061306033
-64.2040950105
-64.5160704878
-64.8860534245
-65.8963557635
-70.0
-70.0
-70.0
-70.0
-70.0
-70.0
-70.0
-70.0
-70.0
-70.0
-70.0
-64.1965444013
-63.8619532215
-70.0
-70.0
-70.0
-70.0
-70.0
-70.0
-70.0
-70.0
-63.5687782083
-60.0781924935
-59.8811947608
-64.4628754937
-70.0
-70.0
-70.0
-70.0
-64.9632020293
-62.1090165125
-60.6595379854
-55.2318910381
0
-70.0
-70.0
-70.0
-70.0
-70.0
-70.0
-70.0
-70.0
-70.0
-70.0
-70.0
-70.0
-70.0
-70.0
-70.0
-70.0
-70.0
-70.0
-70.0
-70.0
-69.865683687
-69.7895711096
-69.7509178596
-69.7360286475
-69.7358941654
-69.7446170039
-69.7583634736
-69.7746659063
-69.7919585023
-70.0
-70.0
-70.0
-70.0
-70.0
-70.0
-70.0
-70.0
-70.0
-63.6658275001
-60.0764630835
-54.4155994835
0
-70.0
-70.0
-70.0
-70.0
-70.0
-70.0
-70.0
-70.0
-70.0
-70.0
-70.0
-70.0
-70.0
-70.0
-70.0
-70.0
-70.0
-70.0
-70.0
-70.0
-70.0
-70.0
-70.0
-70.0
-70.0
-70.0
-70.0
-70.0
-70.0
-70.0
-70.0
-70.0
-70.0
-70.0
-63.5364119247
-59.8737120153
-59.2743675562
-59.4611567628
-65.1374560453
-70.0
-70.0
-70.0
-70.0
-70.0
-70.0
-70.0
-70.0
-70.0
-63.5070709692
-60.3021476937
-60.9306663348
-64.9016150837
-69.5521478927
-67.7601563575
-67.0786849595
-66.7671792887
-66.6880365766
-66.7509497301
-60.9166498509
-55.4230743033
0
-70.0
-70.0
-70.0
-70.0
-70.0
-70.0
-70.0
-70.0
-70.0
-70.0
-64.1695789949
-60.8656737587
-59.1878081584
-58.5414951929
-63.6300965899
-70.0
-70.0
-70.0
-70.0
-68.3042387047
-65.0529364707
-63.2670572479
-62.4199611393
-62.1643714362
-62.2722052331
-62.5944986702
-56.7668375168
-54.989960524
-58.0969469187
-63.0780630649
-61.6146068097
-58.7268565796
-57.4995679352
-57.1798758173
-57.4153980194
0
-70.0
-70.0
-70.0
-70.0
-70.0
-70.0
-70.0
-70.0
-70.0
-70.0
-70.0
-70.0
-70.0
-70.0
-70.0
-70.0
-70.0
-70.0
-70.0
-70.0
-70.0
-70.0
-70.0
-70.0
-64.164772242
-60.8581431791
-59.1788943021
-58.5320484991
0
-70.0
-70.0
-70.0
-70.0
-70.0
-70.0
-70.0
-70.0
-70.0
-70.0
-70.0
-70.0
-70.0
-70.0
-70.0
-70.0
-70.0
-70.0
-70.0
-70.0
-70.0
-70.0
-70.0
-70.0
-70.0
-70.0
-63.4976385415
-60.9501768413
-61.3325092288
-64.9163651994
-65.9007427172
-68.102663403
-69.4870603678
-70.0
-70.0
-70.0
-70.0
-70.0
-70.0
-70.0
-70.0
-70.0
-70.0
-70.0
-70.0
-70.0
-70.0
-70.0
-70.0
-70.0
-70.0
-70.0
-63.3313190952
-57.2720697076
-54.7058023054
-63.7407939919
-70.0
-70.0
-70.0
-70.0
-70.0
-70.0
-70.0
-70.0
-70.0
-70.0
-70.0
-70.0
-63.3384023182
-62.9817253324
-70.0
-70.0
-70.0
-70.0
-70.0
-70.0
-70.0
-70.0
-63.9148871043
-58.1914450051
-55.1509982454
0
-70.0
-70.0
-70.0
-70.0
-70.0
-70.0
-70.0
-70.0
-70.0
-70.0
-70.0
-70.0
-70.0
-70.0
-64.2382439743
-65.381992345
-70.0
-70.0
-70.0
-70.0
-70.0
-70.0
-70.0
-70.0
-70.0
-70.0
-70.0
-70.0
-64.1340818347
-64.7599274394
-68.0575331333
-70.0
-69.9651703189
-67.8056852357
-66.5831380113
-65.9635050762
-60.9367204006
-58.2227589152
-56.9869567268
-56.6792435229
-56.9386408164
0
-70.0
-70.0
-70.0
-70.0
-70.0
-70.0
-68.8012443979
-68.1219495567
-67.7769743335
-67.6440900551
-67.6428898195
-67.7207400175
-61.6465365373
-59.1023292008
-62.232000766
-70.0
-70.0
-70.0
-70.0
-70.0
-70.0
-70.0
-70.0
-64.1087318553
-60.7703465733
-59.0749705184
-58.4219125348
-60.5818477775
-67.5002911596
-70.0
-70.0
-70.0
-70.0
-66.0678203111
-63.839585154
-62.7079912213
-62.2721018209
-56.825613475
0
-70.0
-70.0
-70.0
-70.0
-70.0
-70.0
-70.0
-70.0
-70.0
-70.0
-70.0
-70.0
-70.0
-70.0
-70.0
-63.567189709
-58.0002431695
-61.5715633235
-70.0
-70.0
-70.0
-70.0
-70.0
-70.0
-70.0
-64.2930264492
-61.0590747704
-59.4167346041
-54.0251689805
0
-70.0
-70.0
-70.0
-70.0
-70.0
-70.0
-70.0
-70.0
-65.3587703196
-60.477109959
-57.8655434107
-56.703085368
-56.4488410301
-54.4990644687
-62.7981335869
-70.0
-70.0
-70.0
-70.0
-67.2806058396
-65.7396158153
-64.9570346069
-64.6555847283
-64.6528619769
-64.8294662602
-65.1077799548
-65.437842173
-65.7879514316
-66.6420983873
-70.0
-70.0
-70.0
-70.0
-70.0
-70.0
-70.0
-64.0390232018
-60.6611363495
-58.9456996932
-58.2849143762
-60.3167222485
-69.3225231403
-70.0
-70.0
-70.0
-70.0
-70.0
-70.0
-70.0
-70.0
-70.0
-70.0
-63.5443431976
-60.5623539377
-61.6311079462
-66.7753702422
-68.654098189
-70.0
-70.0
-70.0
-70.0
-70.0
-70.0
-70.0
-70.0
-70.0
-70.0
-68.887665984
-70.0
-70.0
-70.0
-70.0
-70.0
-70.0
-70.0
-70.0
-70.0
-70.0
-70.0
-70.0
-70.0
-70.0
-70.0
-70.0
-70.0
-70.0
-70.0
-70.0
-70.0
-70.0
-70.0
-70.0
-70.0
-70.0
-70.0
-70.0
-70.0
-70.0
-70.0
-63.96121303
-58.2951941636
-56.1492094919
-55.993864627
-56.7016882607
-58.7760301342
-61.9226957061
-58.9345810148
-59.3193144973
-60.5017482683
-56.7923396071
-55.3048386971
-54.9021768613
-55.163840531
-55.8153773818
-56.6791202463
-57.8095888948
-61.8085206349
-70.0
-70.0
-70.0
-70.0
-70.0
-70.0
-70.0
-70.0
-70.0
-70.0
-70.0
-70.0
-70.0
-70.0
-70.0
-70.0
-70.0
-70.0
-70.0
-65.1620313403
-62.4205157665
-61.0282558967
-60.4919581115
-60.4871141701
-54.9593663195
0
-70.0
-70.0
-70.0
-70.0
-70.0
-70.0
-70.0
-70.0
-70.0
-70.0
-70.0
-70.0
-65.5855561793
-70.0
-70.0
-70.0
-70.0
-70.0
-70.0
-70.0
-70.0
-70.0
-70.0
-70.0
-70.0
-70.0
-67.6414556961
-70.0
-70.0
-70.0
-70.0
-70.0
-70.0
-70.0
-70.0
-70.0
-70.0
-70.0
-70.0
-70.0
-70.0
-70.0
-70.0
-70.0
-70.0
-65.003048466
-62.1714425968
-57.0060160581
0
-70.0
-70.0
-70.0
-70.0
-70.0
-70.0
-70.0
-70.0
-70.0
-70.0
-70.0
-70.0
-70.0
-70.0
-70.0
-70.0
-70.0
-70.0
-70.0
-70.0
-70.0
-70.0
-65.334131824
-62.6901398576
-61.3474066825
-56.1176609759
0
-70.0
-70.0
-70.0
-70.0
-70.0
-70.0
-70.0
-70.0
-70.0
-70.0
-70.0
-70.0
-70.0
-70.0
-70.0
-70.0
-70.0
-70.0
-70.0
-70.0
-70.0
-65.5484334443
-60.7976113545
-58.2538643887
-57.119154063
0
-70.0
-70.0
-70.0
-70.0
-70.0
-70.0
-70.0
-70.0
-65.877131594
-61.316028039
-58.868831638
-57.7715527428
-57.5208003143
-57.78632218
-59.9270569198
-66.9664248254
-70.0
-70.0
-70.0
-70.0
-70.0
-70.0
-70.0
-70.0
-70.0
-70.0
-70.0
-70.0
-70.0
-70.0
-70.0
-70.0
-70.0
-70.0
-70.0
-70.0
-70.0
-70.0
-70.0
-70.0
-70.0
-70.0
-70.0
-70.0
-70.0
-70.0
-70.0
-70.0
-70.0
-70.0
-70.0
-63.5540963609
-60.4190231872
-65.0027841742
-70.0
-70.0
-70.0
-70.0
-70.0
-70.0
-70.0
-70.0
-70.0
-70.0
-70.0
-63.6105763622
-60.3511329969
-65.5663450343
-70.0
-70.0
-70.0
-70.0
-70.0
-70.0
-70.0
-70.0
-70.0
-70.0
-70.0
-70.0
-70.0
-70.0
-70.0
-70.0
-70.0
-70.0
-70.0
-70.0
-70.0
-70.0
-70.0
-64.1685086233
-60.8639968432
-59.1858232137
-58.5393915955
-58.8881519074
-62.4530425233
-70.0
-70.0
-70.0
-70.0
-70.0
-70.0
-70.0
-70.0
-70.0
-70.0
-70.0
-63.6000925291
-59.9734782957
-63.0644232381
-70.0
-70.0
-70.0
-70.0
-70.0
-70.0
-70.0
-70.0
-70.0
-70.0
-70.0
-70.0
-70.0
-70.0
-70.0
-70.0
-70.0
-70.0
-70.0
-70.0
-70.0
-70.0
-70.0
-70.0
-70.0
-70.0
-70.0
-70.0
-70.0
-70.0
-70.0
-70.0
-70.0
-70.0
-70.0
-70.0
-70.0
-70.0
-70.0
-70.0
-70.0
-70.0
-70.0
-70.0
-70.0
-70.0
-70.0
-70.0
-70.0
-66.8645530841
-65.0877998318
-64.185487886
-63.837917789
-63.8347784712
-64.0384022648
-64.3592964655
-64.739856437
-65.6671574379
-70.0
-70.0
-70.0
-70.0
-70.0
-70.0
-70.0
-70.0
-70.0
-70.0
-70.0
-70.0
-70.0
-70.0
-70.0
-70.0
-70.0
-70.0
-70.0
-70.0
-70.0
-70.0
-70.0
-70.0
-70.0
-66.8324591004
-69.4181674671
-70.0
-70.0
-70.0
-70.0
-64.9650468713
-62.111906765
-60.6629591424
-60.1048252641
-60.0997840949
-60.4267665903
-55.9435763933
-58.6913360856
-68.2260662812
-70.0
-70.0
-70.0
-70.0
-70.0
-70.0
-70.0
-70.0
-70.0
-70.0
-70.0
-70.0
-70.0
-70.0
-70.0
-70.0
-70.0
-70.0
-70.0
-70.0
-70.0
-70.0
-70.0
-70.0
-70.0
-70.0
-70.0
-70.0
-70.0
-70.0
-68.7823242888
-68.0923080524
-67.7418880422
-67.6069064346
-67.6056872556
-67.684766173
-67.8093879843
-67.9571814717
-68.113951515
-68.9613722533
-67.0208479137
-70.0
-70.0
-70.0
-70.0
-70.0
-70.0
-70.0
-70.0
-70.0
-63.6980762253
-60.1269860863
-58.8407932867
-67.8455122769
-70.0
-70.0
-70.0
-70.0
-70.0
-70.0
-70.0
-70.0
-70.0
-70.0
-70.0
-63.6263826501
-60.0146661518
-59.6047195479
-64.5153321932
-70.0
-70.0
-70.0
-70.0
-70.0
-70.0
-70.0
-70.0
-70.0
-70.0
-70.0
-70.0
-70.0
-70.0
-70.0
-70.0
-70.0
-70.0
-70.0
-70.0
-64.9832557281
-62.140433974
-60.6967264558
-60.140611063
-60.1355881252
-60.4613880917
-61.8602220041
-68.3150970088
-70.0
-70.0
-70.0
-70.0
-66.991694048
-65.2869873419
-64.4212637402
-64.0877874545
-64.0847754346
-64.2801423748
-64.5880244598
-65.1293924256
-66.322413573
-70.0
-70.0
-70.0
-70.0
-70.0
-70.0
-70.0
-64.689405831
-61.6800691353
-60.1517981466
-59.5631089486
-59.5577917981
-54.5150753002
-60.545208344
-70.0
-70.0
-70.0
-70.0
-69.3832831153
-69.0338102139
-68.8563327993
-68.7879685906
-63.4828796617
-60.517063649
-59.0536719197
-58.5405144848
-58.9790632032
-62.6329998942
-70.0
-70.0
-70.0
-70.0
-70.0
-70.0
-70.0
-64.520155627
-61.4149104823
-56.1668097822
0
-70.0
-70.0
-70.0
-70.0
-70.0
-70.0
-70.0
-70.0
-70.0
-66.1169759721
-63.9165956896
-62.7991476638
-62.3687072595
-62.3648194416
-62.6169927695
-63.0143970072
-64.377213423
-70.0
-70.0
-70.0
-70.0
-70.0
-70.0
-70.0
-70.0
-70.0
-63.8653184171
-58.1897373951
-56.079203061
-57.6076710198
-67.5948644103
-70.0
-70.0
-70.0
-70.0
-70.0
-70.0
-70.0
-70.0
-70.0
-70.0
-70.0
-70.0
-66.8871064681
-70.0
-70.0
-70.0
-70.0
-70.0
-70.0
-70.0
-70.0
-64.7808629299
-61.8233519236
-60.3214002556
-59.7428492463
-59.7376236659
-60.2571474354
-67.771481768
-70.0
-70.0
-70.0
-70.0
-70.0
-70.0
-65.1564257267
-60.2178753051
-57.5808158753
-56.4125530216
-56.1645102087
-56.476867514
-57.2958095099
-60.772296767
-70.0
-70.0
-70.0
-70.0
-70.0
-70.0
-70.0
-70.0
-70.0
-70.0
-70.0
-70.0
-70.0
-70.0
-70.0
-70.0
-70.0
-70.0
-70.0
-70.0
-70.0
-70.0
-70.0
-70.0
-70.0
-70.0
-70.0
-70.0
-70.0
-70.0
-70.0
-70.0
-70.0
-70.0
-70.0
-70.0
-64.213551343
-60.9345637708
-59.269352435
-58.6279138858
-58.8029843729
-58.8304325973
-68.012922604
-70.0
-70.0
-70.0
-70.0
-66.0197206883
-63.7642290783
-62.618793143
-62.1775718104
-62.1735866172
-62.4320759473
-62.8394336805
-63.3225338644
-66.3430613797
-70.0
-70.0
-70.0
-70.0
-70.0
-70.0
-70.0
-70.0
-70.0
-70.0
-70.0
-70.0
-70.0
-70.0
-64.7924441376
-68.9850968678
-70.0
-70.0
-70.0
-70.0
-70.0
-70.0
-70.0
-70.0
-70.0
-70.0
-70.0
-70.0
-70.0
-70.0
-70.0
-70.0
-70.0
-70.0
-70.0
-70.0
-70.0
-70.0
-70.0
-70.0
-70.0
-70.0
-70.0
-70.0
-70.0
-70.0
-70.0
-70.0
-70.0
-70.0
-70.0
-70.0
-65.14831089
-62.3990203943
-61.0028120837
-60.4649933613
-55.1949501115
0
-70.0
-70.0
-70.0
-70.0
-70.0
-70.0
-70.0
-70.0
-70.0
-70.0
-70.0
-70.0
-70.0
-70.0
-70.0
-70.0
-70.0
-70.0
-70.0
-70.0
-70.0
-70.0
-70.0
-70.0
-70.0
-70.0
-70.0
-70.0
-70.0
-70.0
-70.0
-70.0
-70.0
-67.6083913883
-70.0
-70.0
-70.0
-70.0
-70.0
-70.0
-70.0
-70.0
-70.0
-70.0
-70.0
-70.0
-70.0
-70.0
-67.2926000986
-65.7584068212
-64.979277294
-64.6791570013
-64.6764462589
-64.8522716048
-59.1555807742
-56.0990469166
-55.6542747187
-59.6078695317
-64.107134992
-70.0
-70.0
-70.0
-70.0
-70.0
-70.0
-70.0
-70.0
-64.112866872
-60.7768247661
-59.082638677
-58.4300390677
-58.4241446665
-61.7540845493
-70.0
-70.0
-70.0
-70.0
-70.0
-70.0
-70.0
-70.0
-70.0
-70.0
-70.0
-63.7449209506
-60.200376156
-58.7654259307
-57.9503220674
-67.9550512829
-70.0
-70.0
-70.0
-70.0
-70.0
-65.4067521432
-62.803911691
-61.4820770299
-60.972906999
-60.9683080805
-61.2666051266
-62.6437766394
-67.1801527934
-70.0
-70.0
-70.0
-70.0
-70.0
-70.0
-70.0
-70.0
-64.1908564258
-60.8990084004
-55.5979604163
0
-70.0
-70.0
-70.0
-70.0
-70.0
-70.0
-70.0
-70.0
-70.0
-70.0
-70.0
-70.0
-70.0
-70.0
-70.0
-70.0
-70.0
-70.0
-70.0
-70.0
-70.0
-70.0
-70.0
-70.0
-70.0
-63.7251437863
-60.7334862544
-60.1720485034
-63.1233895166
-64.1512733673
-68.0562875347
-70.0
-67.4727712287
-66.040674925
-65.3133946453
-65.0332466559
-65.0307163071
-59.5318299051
-56.581437067
-55.2584867953
-55.4976587016
-58.1578436595
-57.8046645702
-60.7205077099
-63.8897672188
-66.1870167895
-67.6924659723
-68.6726532829
-69.3050105598
-69.7075912406
-69.9588866078
-70.0
-70.0
-70.0
-70.0
-70.0
-70.0
-67.2050034626
-65.7748362117
-65.0575746542
-60.2050507635
-57.6200347371
-56.4816906299
-56.249294478
-56.5682136376
-57.2072913454
0
-70.0
-70.0
-70.0
-70.0
-70.0
-70.0
-70.0
-70.0
-70.0
-70.0
-70.0
-64.2425053086
-60.9799249834
-59.3230459555
-58.8795844963
-61.2136453002
-70.0
-70.0
-70.0
-70.0
-70.0
-66.9527176651
-65.225924342
-64.3489842034
-64.0111873134
-64.008136269
-64.2060344334
-64.5179055176
-64.8877646509
-66.2111468578
-65.8661299606
-70.0
-70.0
-70.0
-70.0
-70.0
-70.0
-70.0
-70.0
-64.3517729866
-61.1511110123
-55.9158764467
0
-70.0
-70.0
-70.0
-70.0
-70.0
-70.0
-70.0
-70.0
-70.0
-70.0
-70.0
-64.2481472979
-60.9887641001
-60.0807911517
-61.1787722241
-66.8145662117
-70.0
-70.0
-70.0
-70.0
-70.0
-70.0
-70.0
-70.0
-64.1424547938
-60.8231791769
-55.5339054037
0
-70.0
-70.0
-70.0
-70.0
-70.0
-70.0
-70.0
-70.0
-70.0
-70.0
-70.0
-70.0
-70.0
-70.0
-70.0
-70.0
-70.0
-70.0
-70.0
-70.0
-70.0
-70.0
-70.0
-70.0
-64.267884996
-61.0196864938
-55.7729618704
0
-70.0
-70.0
-70.0
-70.0
-70.0
-70.0
-70.0
-70.0
-65.764796148
-63.3648472986
-62.1460497457
-61.6765695557
-61.6723291232
-61.9473738929
-66.135372875
-70.0
-70.0
-70.0
-70.0
-70.0
-70.0
-70.0
-70.0
-64.7075866019
-61.708552343
-60.1855133763
-59.5988395503
-59.5935406031
-59.9372432146
-62.1665774235
-70.0
-70.0
-70.0
-70.0
-70.0
-70.0
-70.0
-70.0
-70.0
-64.2288964398
-60.9586044224
-59.2978090645
-58.6580715476
-59.0278905098
-61.3466787858
-70.0
-70.0
-70.0
-70.0
-70.0
-70.0
-70.0
-70.0
-70.0
-70.0
-64.0348902555
-60.6546614003
-59.1338000469
-62.207542657
-70.0
-70.0
-70.0
-70.0
-70.0
-70.0
-70.0
-70.0
-70.0
-70.0
-70.0
-70.0
-70.0
-70.0
-70.0
-70.0
-70.0
-70.0
-70.0
-70.0
-70.0
-66.4556328522
-64.447158135
-63.4271680336
-63.0342683716
-57.8476341735
-55.1407325155
-54.0119004368
-54.2528379285
-57.014545538
-62.1742827427
-67.4464893493
-70.0
-70.0
-70.0
-70.0
-70.0
-64.1597574364
-60.8502866504
-59.1695946237
-58.9077128447
-64.6748642506
-70.0
-70.0
-70.0
-70.0
-70.0
-70.0
-65.2933446687
-62.626239981
-61.271769169
-56.2095247002
0
-70.0
-70.0
-70.0
-70.0
-70.0
-70.0
-70.0
-70.0
-67.4995243085
-66.0825880834
-65.3630067455
-65.0858243846
-65.0833208219
-65.2457079902
-65.5016166915
-67.1480679101
-70.0
-70.0
-70.0
-70.0
-70.0
-70.0
-70.0
-70.0
-70.0
-70.0
-64.2987064967
-61.0679735116
-59.4272679367
-58.7952689939
-58.9778799212
-61.1622221874
-58.4107683766
-59.9811289061
-63.1360206342
-65.4345955411
-67.1213595228
-62.6324619205
-60.1847079618
-55.4622701823
0
-70.0
-70.0
-70.0
-70.0
-70.0
-70.0
-70.0
-70.0
-70.0
-70.0
-70.0
-70.0
-64.1369812641
-60.8146039804
-58.1903876945
-65.4256001799
-70.0
-70.0
-70.0
-70.0
-70.0
-70.0
-70.0
-70.0
-70.0
-64.0673835554
-60.7055675701
-58.9982923933
-58.3406508741
-56.2949346146
-66.2184218425
-70.0
-70.0
-70.0
-70.0
-70.0
-70.0
-70.0
-70.0
-70.0
-70.0
-70.0
-70.0
-70.0
-70.0
-70.0
-70.0
-70.0
-70.0
-70.0
-70.0
-70.0
-70.0
-70.0
-70.0
-70.0
-70.0
-70.0
-70.0
-70.0
-70.0
-70.0
-70.0
-70.0
-70.0
-70.0
-70.0
-70.0
-70.0
-70.0
-70.0
-70.0
-70.0
-70.0
-70.0
-70.0
-70.0
-70.0
-70.0
-70.0
-70.0
-70.0
-63.9722355044
-60.5565022902
-60.1780312495
-67.9609191485
-70.0
-70.0
-70.0
-70.0
-68.4768676767
-67.6137593602
-63.6121197527
-61.4240653298
-60.397097165
-60.1010130274
-60.2533287772
-60.6696072678
-61.4266239372
-63.1324539581
-67.2564174732
-70.0
-70.0
-70.0
-70.0
-70.0
-70.0
-70.0
-70.0
-70.0
-70.0
-63.8603025339
-60.3811406365
-58.9938838473
-62.2933461793
-67.2879751109
-70.0
-70.0
-70.0
-70.0
-70.0
-70.0
-70.0
-70.0
-70.0
-64.0518672681
-60.6812587201
-59.1680262438
-55.6480400436
-61.2116785735
-67.313341393
-70.0
-70.0
-70.0
-66.2839899517
-64.1782509243
-63.1088658104
-62.6969392151
-62.6932186173
-62.9345456381
-63.314856996
-64.710843848
-69.7039944025
-70.0
-70.0
-70.0
-70.0
-70.0
-70.0
-70.0
-70.0
-70.0
-70.0
-70.0
-70.0
-70.0
-70.0
-70.0
-70.0
-70.0
-70.0
-70.0
-70.0
-70.0
-70.0
-70.0
-70.0
-70.0
-70.0
-70.0
-70.0
-70.0
-70.0
-70.0
-70.0
-70.0
-70.0
-70.0
-70.0
-70.0
-64.094412906
-60.7479135528
-59.0484168224
-58.3937715567
-58.9891171126
-57.3014947297
-63.6459316328
-70.0
-70.0
-70.0
-66.7143261098
-64.8524442386
-63.906900308
-63.5426772727
-63.5393875424
-63.7527674528
-64.089036484
-64.4878300199
-67.2365327015
-70.0
-70.0
-70.0
-70.0
-70.0
