-70.0
-63.0
-59.0333333333
-57.0188888889
-56.2429259259
-56.235917284
-56.690514856
-57.406922904
-58.2565369693
-59.1577541762
-56.8112287586
-70.0
-70.0
-70.0
-70.0
-70.0
-70.0
-70.0
-70.0
-67.5024051212
-66.0871013565
-65.3683490525
-65.091486035
-65.0889853567
-65.2511854378
-65.5067993052
-65.8099409821
-66.1314946222
-59.6354630496
-56.0833286711
-54.4159370883
0
-70.0
-70.0
-70.0
-70.0
-70.0
-70.0
-70.0
-70.0
-70.0
-70.0
-70.0
-70.0
-70.0
-70.0
-63.5042766269
-59.8233667154
-57.954041878
-57.233978913
-57.2274751702
-57.6493237522
-58.3141221097
-70.0
-70.0
-70.0
-70.0
-70.0
-70.0
-70.0
-70.0
-70.0
-70.0
-70.0
-64.6415822791
-61.6051455706
-60.0631120265
-59.4691214992
-59.4637564661
-59.8117455641
-60.360147504
-61.0105170846
-61.7003882634
-55.5730507594
-61.4346757573
-70.0
-70.0
-70.0
-70.0
-70.0
-70.0
-70.0
-66.3327601122
-64.2546575091
-63.1993073636
-62.7927870309
-62.7891152635
-63.0272750277
-63.4025950519
-63.8477005647
-64.3198405202
-57.974549207
-54.5682227788
0
-70.0
-70.0
-70.0
-70.0
-70.0
-70.0
-70.0
-70.0
-70.0
-70.0
-70.0
-70.0
-70.0
-70.0
-70.0
-63.4292410811
-59.7058110271
-57.8148926272
-57.0865118329
-57.079932962
-57.5066545406
-58.1791323365
-70.0
-70.0
-70.0
-70.0
-70.0
-70.0
-70.0
-70.0
-70.0
-70.0
-70.0
-64.3705478279
-61.1805249304
-59.5604936943
-58.9364584961
-58.930822094
-59.2964128496
-59.8725535413
-60.5558195049
-61.2805850996
-55.1881776839
-60.7346284424
-70.0
-70.0
-70.0
-70.0
-70.0
-70.0
-70.0
-66.1668174671
-63.9946806985
-62.8915759474
-62.4666605652
-62.4628226503
-62.7117591464
-63.1040624058
-63.5693089479
-64.0628132416
-57.7389081072
-54.3532680897
0
-70.0
-70.0
-70.0
-70.0
-70.0
-70.0
-70.0
-70.0
-70.0
-70.0
-70.0
-70.0
-70.0
-70.0
-70.0
-63.4049939291
-59.6678238222
-57.7699276307
-57.0388589948
-57.0322558467
-57.4605520963
-58.1355114429
-70.0
-70.0
-70.0
-70.0
-70.0
-70.0
-70.0
-70.0
-70.0
-70.0
-70.0
-64.9232856494
-62.0464808508
-60.5855152765
-60.0227520895
-60.0176691076
-60.3473636815
-60.8669349698
-61.4831132438
-62.1367164334
-55.9730738635
-61.7994246536
-70.0
-70.0
-70.0
-70.0
-70.0
-70.0
-70.0
-66.2428769486
-64.1138405528
-63.0326240303
-62.6161399824
-62.6123782209
-62.8563752233
-63.2408942507
-63.696909192
-64.1806211838
-57.8469137368
-54.4517921441
0
-70.0
-70.0
-70.0
-70.0
-70.0
-70.0
-70.0
-70.0
-70.0
-70.0
-70.0
-70.0
-70.0
-70.0
-70.0
-63.425040256
-59.6992297343
-57.8071024302
-57.0782559667
-57.0716728898
-57.4986672806
-58.1715750057
-68.3766264605
-70.0
-70.0
-70.0
-70.0
-70.0
-70.0
-70.0
-70.0
-70.0
-70.0
-64.0139564323
-60.6218650772
-58.8992147616
-58.2356507468
-58.2296573131
-58.6184060091
-59.231041693
-59.9575883803
-60.7282634467
-54.6818124357
-59.8404174228
-70.0
-70.0
-70.0
-70.0
-70.0
-70.0
-70.0
-68.3120952071
-67.3556158245
-66.8698743341
-66.6827669621
-66.6810769735
-66.7906937478
-66.9634406875
-67.1683074951
-67.3856173298
-60.7852353838
-57.1321650367
-55.3692506605
-54.7991936795
-70.0
-70.0
-70.0
-70.0
-70.0
-70.0
-70.0
-70.0
-70.0
-70.0
-70.0
-70.0
-70.0
-70.0
-63.3927091086
-59.6485776034
-57.7471461136
-57.0147156825
-57.0081002345
-57.4371942912
-58.1134109155
-67.9726307979
-70.0
-70.0
-70.0
-70.0
-70.0
-70.0
-70.0
-70.0
-70.0
-70.0
-63.9791770034
-60.5673773053
-58.834718243
-58.1672988641
-58.161270608
-58.5522779674
-59.1684731175
-59.8992411036
-60.6743938585
-69.6434054536
-70.0
-70.0
-70.0
-70.0
-70.0
-70.0
-70.0
-70.0
-67.1060576166
-65.4661569326
-64.6333446245
-64.3125457522
-64.309648237
-64.49758812
-64.7937657792
-65.1450135153
-65.5175950399
-59.0726435174
-55.56991782
0
-70.0
-70.0
-70.0
-70.0
-70.0
-70.0
-70.0
-70.0
-70.0
-70.0
-70.0
-70.0
-70.0
-70.0
-70.0
-63.6072839995
-59.9847449326
-58.145063328
-57.436418921
-57.4300183128
-57.8451773374
-58.4994335076
-68.3310561336
-70.0
-70.0
-70.0
-70.0
-70.0
-70.0
-70.0
-70.0
-70.0
-70.0
-63.9302755088
-60.4907649638
-58.744033138
-58.071192938
-58.06511572
-58.4592988652
-59.0804987901
-59.8172021188
-60.598650712
-67.7866842469
-70.0
-70.0
-70.0
-70.0
-70.0
-70.0
-70.0
-70.0
-67.5480164672
-66.158559132
-65.4529327598
-65.1811258445
-65.1786708338
-65.3379087996
-65.5888546191
-65.8864602901
-66.2021416831
-59.7002318602
-56.1424115712
-54.469639012
0
-70.0
-70.0
-70.0
-70.0
-70.0
-70.0
-70.0
-70.0
-70.0
-70.0
-70.0
-70.0
-70.0
-70.0
-63.6497049945
-60.0512044914
-58.2237307065
-57.5197887454
-57.5134306105
-57.9258347092
-58.5757493448
-68.1204996806
-70.0
-70.0
-70.0
-70.0
-70.0
-70.0
-70.0
-70.0
-70.0
-70.0
-63.9349037312
-60.4980158456
-58.7526159193
-58.0802887663
-58.0742161822
-58.4680987591
-59.0888250132
-59.8249665986
-60.6058193299
-54.5695563884
-70.0
-70.0
-70.0
-70.0
-70.0
-70.0
-70.0
-70.0
-67.6060246996
-66.2494386961
-65.5605058041
-65.2951292088
-65.2927322779
-65.4482030435
-65.6932120681
-65.9837770805
-66.2919901853
-59.7826044395
-56.217552844
-54.5379367919
-54.0455692676
-63.7222748632
-70.0
-70.0
-70.0
-70.0
-70.0
-70.0
-70.0
-70.0
-70.0
-70.0
-70.0
-70.0
-70.0
-63.2836661146
-59.4777435795
-57.5449319391
-56.8004138903
-56.7936892646
-57.2298648471
-70.0
-70.0
-70.0
-70.0
-70.0
-70.0
-70.0
-70.0
-70.0
-70.0
-70.0
-70.0
-64.3435122695
-61.1381692222
-59.5103577531
-58.8833256131
-58.8776621421
-59.2450086547
-59.8239162738
-60.5104636361
-61.2387099323
-55.1497867764
-62.2114520479
-70.0
-70.0
-70.0
-70.0
-70.0
-70.0
-70.0
-69.3899478738
-69.044251669
-68.8686922237
-68.8010668158
-68.8004560106
-68.840074327
-68.902509506
-68.9765536299
-69.0550949832
-62.3158026932
-58.5283672294
-56.6382937102
-55.9496398083
-64.7124225913
-70.0
-70.0
-70.0
-70.0
-70.0
-70.0
-70.0
-70.0
-70.0
-70.0
-70.0
-70.0
-70.0
-63.2847804512
-59.4794893735
-57.5469984144
-56.8026038919
-56.7958803819
-57.2319835965
-70.0
-70.0
-70.0
-70.0
-70.0
-70.0
-70.0
-70.0
-70.0
-70.0
-70.0
-70.0
-64.4051294358
-61.2347027828
-59.6246233648
-59.0044216019
-58.9988198241
-59.3621647633
-59.9347662347
-60.6138349097
-61.3341482844
-55.2372840972
-60.8472015037
-70.0
-70.0
-70.0
-70.0
-70.0
-70.0
-70.0
-66.9093555513
-65.1579903637
-64.2685715724
-63.9259679118
-63.9228734517
-64.1235876607
-64.4398965973
-64.8150187394
-65.2129247333
-58.7933235694
-55.315118752
0
-70.0
-70.0
-70.0
-70.0
-70.0
-70.0
-70.0
-70.0
-70.0
-70.0
-70.0
-70.0
-70.0
-70.0
-70.0
-63.3737719442
-59.6189093793
-57.7120281944
-56.9774985436
-56.970864135
-57.4011880187
-58.0793427483
-70.0
-70.0
-70.0
-70.0
-70.0
-70.0
-70.0
-70.0
-70.0
-70.0
-70.0
-64.4182047947
-61.2551875116
-59.6488708914
-59.0301185563
-59.02452987
-59.3870256625
-59.9582889493
-60.635770623
-61.3544006065
-55.2558513072
-60.7966651284
-70.0
-70.0
-70.0
-70.0
-70.0
-70.0
-70.0
-66.2248132086
-64.0855406934
-62.9991258279
-62.580639381
-62.5768595335
-62.8220296405
-63.2083973834
-63.666604783
-64.1526423967
-57.8212629491
-54.4283931823
0
-70.0
-70.0
-70.0
-70.0
-70.0
-70.0
-70.0
-70.0
-70.0
-70.0
-70.0
-70.0
-70.0
-70.0
-70.0
-63.4075484328
-59.671825878
-57.7746648159
-57.0438793514
-57.037278761
-57.4654091148
-58.1401070232
-69.2718566094
-70.0
-70.0
-70.0
-70.0
-70.0
-70.0
-70.0
-70.0
-70.0
-70.0
-65.1042467104
-62.3299865129
-60.9210975107
-60.3783941923
-60.3734923949
-60.6914349032
-61.1924859115
-61.7867003194
-62.4170056202
-56.2300413441
-62.0332164325
-70.0
-70.0
-70.0
-70.0
-70.0
-70.0
-70.0
-66.1400220051
-63.9527011414
-62.8418852517
-62.4139995429
-62.4101347995
-62.6608114601
-63.0558570745
-63.524355874
-64.0213099579
-57.7008581404
-54.3185584452
0
-70.0
-70.0
-70.0
-70.0
-70.0
-70.0
-70.0
-70.0
-70.0
-70.0
-70.0
-70.0
-70.0
-70.0
-70.0
-63.4784932739
-59.7829727959
-57.9062280825
-57.183306985
-57.176777427
-57.6003004447
-58.2677375738
-68.1159057745
-70.0
-70.0
-70.0
-70.0
-70.0
-70.0
-70.0
-70.0
-70.0
-70.0
-63.925992212
-60.4840544655
-58.7360900021
-58.0627749906
-58.0566934841
-58.4511547973
-59.0727930921
-59.8100162991
-60.5920163468
-56.7615583814
-70.0
-70.0
-70.0
-70.0
-70.0
-70.0
-70.0
-70.0
-66.0476500812
-63.8079851272
-62.6705866506
-62.2324613429
-62.2285041136
-62.4851796388
-62.889678966
-63.3693892635
-63.8782357998
-57.5696885924
-54.1989039816
0
-70.0
-70.0
-70.0
-70.0
-70.0
-70.0
-70.0
-70.0
-70.0
-70.0
-70.0
-70.0
-70.0
-70.0
-70.0
-63.4636995038
-59.7597958893
-57.8787938576
-57.1542328433
-57.1476884733
-57.5721722356
-58.2411234184
-68.0911529931
-70.0
-70.0
-70.0
-70.0
-70.0
-70.0
-70.0
-70.0
-70.0
-70.0
-63.9247716473
-60.4821422474
-58.7338265326
-58.0603762192
-58.0542934906
-58.4488340704
-59.0705972826
-59.8079686338
-60.5901258235
-70.0
-70.0
-70.0
-70.0
-70.0
-70.0
-70.0
-70.0
-70.0
-66.8801060881
-65.1121662047
-64.2143300678
-63.8684840501
-63.8653603045
-64.067974047
-64.3872764909
-64.7659487409
-65.1676204662
-58.7517888833
-55.2772303041
0
-70.0
-70.0
-70.0
-70.0
-70.0
-70.0
-70.0
-70.0
-70.0
-70.0
-70.0
-70.0
-70.0
-70.0
-70.0
-63.5542914152
-59.9017232172
-58.0467915245
-57.3322727913
-57.3258191251
-57.7444196212
-58.4040992648
-68.2424520963
-70.0
-70.0
-70.0
-70.0
-70.0
-70.0
-70.0
-70.0
-70.0
-70.0
-63.9325510402
-60.4943299629
-58.7482529845
-58.0756650313
-58.0695900916
-58.4636254581
-59.0845924961
-59.8210196357
-60.6021752649
-67.7898527517
-70.0
-70.0
-70.0
-70.0
-70.0
-70.0
-70.0
-70.0
-67.548016468
-66.1585591332
-65.4529327612
-65.181125846
-65.1786708353
-65.3379088011
-65.5888546205
-65.8864602914
-66.2021416843
-59.7002318613
-56.1424115722
-54.4696390129
0
-70.0
-70.0
-70.0
-70.0
-70.0
-70.0
-70.0
-70.0
-70.0
-70.0
-70.0
-70.0
-70.0
-70.0
-63.6399677255
-60.0359494366
-58.205673482
-57.5006521266
-57.4942842424
-57.9073207038
-58.5582318906
-65.1675475828
-70.0
-70.0
-70.0
-70.0
-70.0
-70.0
-70.0
-70.0
-70.0
-70.0
-63.840404064
-60.3499663669
-58.5773715365
-57.8945689203
-57.8884017199
-58.2884213424
-58.9188190711
-59.666430406
-60.4594495267
-56.5925630505
-70.0
-70.0
-70.0
-70.0
-70.0
-70.0
-70.0
-70.0
-67.7416131761
-66.4618606425
-65.811947101
-65.5616007394
-65.5593395644
-65.7060048739
-65.9371372305
-66.2112454035
-66.5020021271
-59.9751421545
-56.3931880992
-54.6975760626
-54.1902896386
-63.9360884265
-70.0
-70.0
-70.0
-70.0
-70.0
-70.0
-70.0
-70.0
-70.0
-70.0
-70.0
-70.0
-70.0
-63.296989392
-59.4986167142
-57.569639217
-56.8265980781
-56.8198867922
-57.2551971276
-70.0
-70.0
-70.0
-70.0
-70.0
-70.0
-70.0
-70.0
-70.0
-70.0
-70.0
-70.0
-64.2595248398
-61.0065889156
-59.3546077306
-58.7182654286
-58.7125178664
-59.0853187336
-59.6728219628
-60.3695631682
-61.1086224525
-55.0305233388
-60.9017619331
-70.0
-70.0
-70.0
-70.0
-70.0
-70.0
-70.0
-69.683286695
-69.5038158222
-69.4126727711
-69.3775645148
-69.3772474105
-69.3978155675
-69.4302292762
-69.4686698588
-69.5094452131
-62.7323483161
-58.908345234
-56.9836652102
-56.2627350223
-64.7070957797
-70.0
-70.0
-70.0
-70.0
-70.0
-70.0
-70.0
-70.0
-70.0
-70.0
-70.0
-70.0
-70.0
-63.2805992939
-59.4729388938
-57.5392446906
-56.794386679
-56.7876589828
-57.2240337323
-70.0
-70.0
-70.0
-70.0
-70.0
-70.0
-70.0
-70.0
-70.0
-70.0
-70.0
-70.0
-64.4051294358
-61.2347027828
-59.6246233648
-59.0044216019
-58.9988198241
-59.3621647633
-59.9347662347
-60.6138349097
-61.3341482844
-55.2372840972
-60.8472015037
-70.0
-70.0
-70.0
-70.0
-70.0
-70.0
-70.0
-66.9093555513
-65.1579903637
-64.2685715724
-63.9259679118
-63.9228734517
-64.1235876607
-64.4398965973
-64.8150187394
-65.2129247333
-58.7933235694
-55.315118752
0
-70.0
-70.0
-70.0
-70.0
-70.0
-70.0
-70.0
-70.0
-70.0
-70.0
-70.0
-70.0
-70.0
-70.0
-70.0
-63.5360040595
-59.8730730266
-58.0128786392
-57.2963327189
-57.2898607427
-57.7096488656
-58.3712001104
-70.0
-70.0
-70.0
-70.0
-70.0
-70.0
-70.0
-70.0
-70.0
-70.0
-70.0
-64.2724988948
-61.0269149352
-59.3786673949
-58.7437632909
-58.7380287188
-59.1099870183
-59.6961624306
-60.3913289304
-61.1287178659
-55.0489466958
-61.2574129955
-70.0
-70.0
-70.0
-70.0
-70.0
-70.0
-70.0
-66.3052894847
-64.2116201927
-63.1483646111
-62.7387991084
-62.7350998365
-62.9750436121
-63.3531750905
-63.8016148078
-64.2772914779
-57.9355404948
-54.5326385552
0
-70.0
-70.0
-70.0
-70.0
-70.0
-70.0
-70.0
-70.0
-70.0
-70.0
-70.0
-70.0
-70.0
-70.0
-70.0
-63.401028981
-59.6616120702
-57.7625748547
-57.0310666969
-57.024459579
-57.4530133223
-58.1283784575
-69.2609981605
-70.0
-70.0
-70.0
-70.0
-70.0
-70.0
-70.0
-70.0
-70.0
-70.0
-64.937049405
-62.0680440678
-60.6110393965
-60.0498019472
-60.0447327461
-60.3735334672
-60.8916961176
-61.5062038373
-62.1580350078
-55.9926186074
-61.8172536076
-70.0
-70.0
-70.0
-70.0
-70.0
-70.0
-70.0
-66.2428785558
-64.1138430707
-63.0326270107
-62.616143141
-62.6123813811
-62.8563782792
-63.240897142
-63.6969118883
-64.1806236732
-57.8469160191
-54.451794226
0
-70.0
-70.0
-70.0
-70.0
-70.0
-70.0
-70.0
-70.0
-70.0
-70.0
-70.0
-70.0
-70.0
-70.0
-70.0
-63.425040256
-59.6992297343
-57.8071024302
-57.0782559667
-57.0716728898
-57.4986672806
-58.1715750057
-68.3766264605
-70.0
-70.0
-70.0
-70.0
-70.0
-70.0
-70.0
-70.0
-70.0
-70.0
-64.0139564323
-60.6218650772
-58.8992147616
-58.2356507468
-58.2296573131
-58.6184060091
-59.231041693
-59.9575883803
-60.7282634467
-54.6818124357
-59.8404174228
-70.0
-70.0
-70.0
-70.0
-70.0
-70.0
-70.0
-66.434581075
-64.4141770174
-63.3881286824
-62.9928953919
-62.9893255712
-63.2208728264
-63.5857720853
-64.0185192379
-64.4775502214
-58.119136535
-54.7001171053
0
-70.0
-70.0
-70.0
-70.0
-70.0
-70.0
-70.0
-70.0
-70.0
-70.0
-70.0
-70.0
-70.0
-70.0
-70.0
-63.4669487927
-59.7648864419
-57.8848194833
-57.1606186587
-57.154077542
-57.5783502873
-58.2469689249
-68.0964594905
-70.0
-70.0
-70.0
-70.0
-70.0
-70.0
-70.0
-70.0
-70.0
-70.0
-63.9263796862
-60.4846615083
-58.7368085514
-58.0635364921
-58.0574553735
-58.4518915232
-59.0734901623
-59.8106663403
-60.5926165024
-70.0
-70.0
-70.0
-70.0
-70.0
-70.0
-70.0
-70.0
-70.0
-67.4252693197
-65.9662552676
-65.2253049941
-64.9398913301
-64.9373134208
-65.1045228945
-65.3680311489
-65.6805350632
-66.0120195764
-59.5259290292
-55.9834103999
-54.3251188756
0
-70.0
-70.0
-70.0
-70.0
-70.0
-70.0
-70.0
-70.0
-70.0
-70.0
-70.0
-70.0
-70.0
-70.0
-63.630449875
-60.0210381374
-58.188023157
-57.4819467302
-57.4755693164
-57.8892238909
-58.5411091726
-68.3696545803
-70.0
-70.0
-70.0
-70.0
-70.0
-70.0
-70.0
-70.0
-70.0
-70.0
-63.9170029501
-60.4699712885
-58.7194199152
-58.0451084274
-58.0390179205
-58.434063019
-59.0566213108
-59.7949355755
-60.5780929485
-67.768094133
-70.0
-70.0
-70.0
-70.0
-70.0
-70.0
-70.0
-70.0
-67.5739588522
-66.1992022017
-65.5010414714
-65.2321103175
-65.2296812813
-65.3872344835
-65.6355252553
-65.9299822099
-66.2423236424
-59.7370704445
-56.1760161777
-54.5001830783
-54.0113437828
-63.4715421663
-70.0
-70.0
-70.0
-70.0
-70.0
-70.0
-70.0
-70.0
-70.0
-70.0
-70.0
-70.0
-70.0
-63.5583462021
-59.9080757167
-58.0543109015
-57.340241649
-57.3337920425
-57.7521292106
-58.4113938711
-67.6140811574
-70.0
-70.0
-70.0
-70.0
-70.0
-70.0
-70.0
-70.0
-70.0
-70.0
-63.9489687463
-60.5200510359
-58.7786987085
-58.1079306884
-58.1018721867
-58.4948413462
-59.1141281303
-59.8485625964
-60.6276045229
-54.5895289255
-70.0
-70.0
-70.0
-70.0
-70.0
-70.0
-70.0
-70.0
-67.6212016518
-66.2732159212
-65.5886506188
-65.3249564167
-65.3225746816
-65.4770598178
-65.7205155722
-66.0092385058
-66.3154976491
-59.8041559443
-56.2372123899
-54.5558058442
-54.0617683887
-63.7369320549
-70.0
-70.0
-70.0
-70.0
-70.0
-70.0
-70.0
-70.0
-70.0
-70.0
-70.0
-70.0
-70.0
-63.2831516881
-59.4769376446
-57.5439779637
-56.7994028898
-56.792677749
-57.2288867396
-70.0
-70.0
-70.0
-70.0
-70.0
-70.0
-70.0
-70.0
-70.0
-70.0
-70.0
-70.0
-64.1948184053
-60.9052155016
-59.2346132427
-58.5910981126
-58.5852857641
-58.9622888295
-59.5564143745
-60.2610092223
-61.0083991569
-54.9386392099
-61.6626331181
-70.0
-70.0
-70.0
-70.0
-70.0
-70.0
-70.0
-70.0
-70.0
-70.0
-70.0
-70.0
-70.0
-70.0
-70.0
-70.0
-63.1887670491
-59.3290683769
-57.3689468944
-56.6139091084
-60.052952687
-70.0
-70.0
-70.0
-70.0
-70.0
-70.0
-70.0
-70.0
-70.0
-70.0
-70.0
-70.0
-70.0
-63.2725201769
-59.4602816105
-57.524262417
-56.7785088203
-56.771773035
-57.2086724626
-70.0
-70.0
-70.0
-70.0
-70.0
-70.0
-70.0
-70.0
-70.0
-70.0
-70.0
-70.0
-64.3715789937
-61.1821404235
-59.5624059339
-58.9384850424
-58.9328496727
-59.2983734618
-59.8744086199
-60.5575494274
-61.2821822643
-55.1896419551
-61.0854956322
-70.0
-70.0
-70.0
-70.0
-70.0
-70.0
-70.0
-66.4137545751
-64.3815488342
-63.3495070953
-62.9519651487
-62.9483744759
-63.1812742563
-63.5483049826
-63.983579919
-64.4452922169
-58.0895625858
-54.6731393877
0
-70.0
-70.0
-70.0
-70.0
-70.0
-70.0
-70.0
-70.0
-70.0
-70.0
-70.0
-70.0
-70.0
-70.0
-70.0
-63.3689826084
-59.6114060865
-57.7031466372
-56.9680860797
-56.9614468758
-57.392081791
-58.0707266804
-70.0
-70.0
-70.0
-70.0
-70.0
-70.0
-70.0
-70.0
-70.0
-70.0
-70.0
-64.4113765673
-61.2444899554
-59.6362083231
-59.0166990662
-59.0111035433
-59.374042778
-59.946004893
-60.6243153322
-61.3438244179
-55.2461551196
-60.7878201476
-70.0
-70.0
-70.0
-70.0
-70.0
-70.0
-70.0
-66.2248085883
-64.0855334551
-62.9991172599
-62.5806303008
-62.5768504487
-62.8220208558
-63.2083890715
-63.6665970319
-64.1526352404
-57.8212563883
-54.4283871974
0
-70.0
-70.0
-70.0
-70.0
-70.0
-70.0
-70.0
-70.0
-70.0
-70.0
-70.0
-70.0
-70.0
-70.0
-70.0
-63.4075484328
-59.671825878
-57.7746648159
-57.0438793514
-57.037278761
-57.4654091148
-58.1401070232
-69.2718566094
-70.0
-70.0
-70.0
-70.0
-70.0
-70.0
-70.0
-70.0
-70.0
-70.0
-64.9403952364
-62.0732858703
-60.617244055
-60.0563774973
-60.0513116461
-60.3798950806
-60.8977153052
-61.5118169298
-62.1632173402
-55.9973697393
-61.8215876482
-70.0
-70.0
-70.0
-70.0
-70.0
-70.0
-70.0
-66.2428785558
-64.1138430707
-63.0326270107
-62.616143141
-62.6123813811
-62.8563782792
-63.240897142
-63.6969118883
-64.1806236732
-57.8469160191
-54.451794226
0
-70.0
-70.0
-70.0
-70.0
-70.0
-70.0
-70.0
-70.0
-70.0
-70.0
-70.0
-70.0
-70.0
-70.0
-70.0
-63.42463273
-59.698591277
-57.806346696
-57.0774550575
-57.0708715725
-57.4978924291
-58.170841862
-68.726784446
-70.0
-70.0
-70.0
-70.0
-70.0
-70.0
-70.0
-70.0
-70.0
-70.0
-64.0823569034
-60.7290258153
-59.0260596353
-58.3700779394
-58.3641529906
-58.7484595883
-59.3540948939
-60.0723395809
-60.834208407
-54.7789421532
-59.3997631945
-70.0
-70.0
-70.0
-70.0
-70.0
-70.0
-70.0
-66.4581280658
-64.4510673032
-63.4317952688
-63.0391722059
-63.0356259612
-63.2656440158
-63.6281333813
-64.0580225546
-64.5140219734
-58.152573623
-54.7306188253
0
-70.0
-70.0
-70.0
-70.0
-70.0
-70.0
-70.0
-70.0
-70.0
-70.0
-70.0
-70.0
-70.0
-70.0
-70.0
-63.4669487927
-59.7648864419
-57.8848194833
-57.1606186587
-57.154077542
-57.5783502873
-58.2469689249
-68.0964594905
-70.0
-70.0
-70.0
-70.0
-70.0
-70.0
-70.0
-70.0
-70.0
-70.0
-63.9263796862
-60.4846615083
-58.7368085514
-58.0635364921
-58.0574553735
-58.4518915232
-59.0734901623
-59.8106663403
-60.5926165024
-70.0
-70.0
-70.0
-70.0
-70.0
-70.0
-70.0
-70.0
-70.0
-66.868813906
-65.0944751195
-64.1933893435
-63.8462915665
-63.8431565148
-64.0465035999
-64.366961731
-64.7470045519
-65.1501300928
-58.7357538116
-55.2626029159
0
-70.0
-70.0
-70.0
-70.0
-70.0
-70.0
-70.0
-70.0
-70.0
-70.0
-70.0
-70.0
-70.0
-70.0
-70.0
-63.5574307139
-59.9066414517
-58.0526131794
-57.3384424433
-57.3319919202
-57.7503885424
-58.4097468976
-68.2477187017
-70.0
-70.0
-70.0
-70.0
-70.0
-70.0
-70.0
-70.0
-70.0
-70.0
-63.9358968716
-60.4995717655
-58.754457643
-58.0822405814
-58.0761689917
-58.4699870715
-59.0906116837
-59.8266327282
-60.6073575973
-67.7946038836
-70.0
-70.0
-70.0
-70.0
-70.0
-70.0
-70.0
-70.0
-67.5593086491
-66.1762502169
-65.4738734837
-65.2033183276
-65.2008746231
-65.3593792462
-65.6091693786
-65.9054044787
-66.2196320562
-59.7162669316
-56.1570389591
-54.4829342103
0
-70.0
-70.0
-70.0
-70.0
-70.0
-70.0
-70.0
-70.0
-70.0
-70.0
-70.0
-70.0
-70.0
-70.0
-63.6326455053
-60.0244779584
-58.1920948316
-57.4862617944
-57.479886579
-57.8933985638
-58.5450591359
-68.0920894604
-70.0
-70.0
-70.0
-70.0
-70.0
-70.0
-70.0
-70.0
-70.0
-70.0
-63.935196412
-60.4984743788
-58.7531586796
-58.0808639708
-58.0747916798
-58.4686552492
-59.0893515492
-59.8254576109
-60.6062726609
-54.5699719996
-70.0
-70.0
-70.0
-70.0
-70.0
-70.0
-70.0
-70.0
-69.0048696845
-68.4409625057
-68.1545861149
-68.0442740766
-68.0432777177
-68.1079039785
-68.2097496023
-68.3305319899
-68.4586503561
-61.7689857614
-58.0295541459
-56.1849100383
-55.5386265726
-64.6895131605
-70.0
-70.0
-70.0
-70.0
-70.0
-70.0
-70.0
-70.0
-70.0
-70.0
-70.0
-70.0
-70.0
-63.2671839672
