-70.0
-69.0
-68.1
-67.6233333333
-67.4165555556
-67.3786037037
-67.4432124691
-67.5672039794
-67.7226920863
-67.8918952142
-68.0636872505
-68.2313062305
-68.3908340776
-68.5401896499
-68.6784633383
-68.8054787733
-68.9215054086
-69.0270712095
-69.1228416497
-69.2095425255
-69.2879116335
-70.0
-70.0
-70.0
-70.0
-70.0
-70.0
-70.0
-70.0
-63.1316696419
-59.2396157722
-56.2630707474
-54.9350413742
-54.6403890378
-55.9582431382
-57.2170141604
-58.9539318573
-60.3642847469
-60.5902146525
-61.0394321075
-61.6076481769
-62.2283228793
-63.7719921096
-64.9057939107
-65.7558818611
-66.4074052359
-66.9180724196
-67.3272036492
-67.6617755986
-68.8819319182
-69.9846279793
-70.0
-70.0
-70.0
-69.1972536493
-69.6106768078
-69.316152587
-69.1622329684
-69.0978067649
-69.0892241506
-69.1144337771
-69.159078427
-69.2138959361
-68.3315175738
-67.8577066373
-68.6274883242
-69.1351077256
-69.4685091089
-69.6862663019
-69.8273784076
-69.9177997242
-63.8870013094
-60.4722888836
-58.7410517987
-58.0776078211
-58.879423643
-59.7311990147
-61.1401131594
-62.2807912076
-63.2225049963
-64.0134497696
-63.6882449474
-63.7035138892
-63.9225581246
-64.2565660617
-64.6484186219
-65.061916204
-58.4852746183
-54.9700804898
0
-70.0
-70.0
-70.0
-70.0
-69.0347508002
-68.4877762536
-61.392085048
-57.421600823
-55.4585902606
-54.7654975812
0
-70.0
-70.0
-70.0
-70.0
-68.823052167
-67.8227817283
-68.2929097492
-68.6318895701
-68.8808811436
-61.9927930292
-57.7935137263
-55.6808290203
-54.8905238961
-54.919990025
-55.4403367015
0
-70.0
-70.0
-70.0
-70.0
-69.2583786347
-68.8381265277
-68.6247043792
-68.5424942775
-68.5417517406
-68.5899144937
-68.6658149958
-68.7452820698
-68.8347862452
-68.927329209
-69.0186106803
-69.1060925403
-62.1954832863
-55.9759349577
0
-70.0
-70.0
-70.0
-70.0
-69.3854595336
-69.037219936
-68.8603688462
-68.7922458975
-68.7916305983
-68.8315403989
-67.8951115721
-67.4034172236
-67.1949533737
-66.4596729143
-66.1365155415
-66.0714039331
-66.1632901703
-66.3463122403
-67.5778886728
-68.3975715766
-68.9427955996
-69.3051701601
-69.5457558911
-69.7052488
-69.8107695853
-69.880389737
-70.0
-70.0
-62.4444444444
-58.162962963
-55.9886419753
-55.1510946502
-55.1435297668
-55.6342065112
-56.4074723408
-57.3245160939
-59.279916946
0
-70.0
-70.0
-70.0
-70.0
-69.0781893004
-68.555829904
-68.2905532693
-68.1883688462
-68.1874458975
-68.2473105983
-68.3416523989
-68.4535357326
-68.5722145417
-68.6910146758
-69.8007893693
-70.0
-70.0
-69.6619301903
-62.473514949
-58.4113486393
0
-70.0
-70.0
-70.0
-70.0
-65.4918457552
-62.9372250165
-57.6261609849
-54.8519838665
0
-70.0
-70.0
-70.0
-70.0
-66.5029721079
-64.5213229691
-64.4889437586
-64.653218107
-64.9300087791
-64.3236105533
-64.1489845993
-64.2392428736
-64.4854230757
-64.8169504278
-65.1886351582
-66.5460125295
-67.8089052014
-68.6396772978
-69.1834846457
-70.0
-70.0
-70.0
-70.0
-70.0
-70.0
-70.0
-70.0
-69.4441672295
-69.1291953263
-68.4136834512
-67.7039202112
-68.2668067649
-68.9956451383
-69.4664266577
-69.7666813475
-69.9546114497
-63.0688896737
-60.0368063762
-58.5496628519
0
-70.0
-70.0
-70.0
-70.0
-69.1332914765
-68.6421566465
-68.3927371936
-67.297675908
-66.7307166064
-66.4995171385
-66.4774802198
-66.5816753946
-66.758136653
-66.9720755196
-67.2013696556
-68.4315571759
-69.2219511155
-63.282414474
-59.9426120067
-58.2739767927
-57.6636631046
-57.7086861215
-58.1454103943
-58.8025979449
-59.5701572104
-60.378354196
-60.1844450071
0
-70.0
-70.0
-70.0
-70.0
-67.840418089
-60.0578987189
-56.7187755137
-55.1580090734
-54.7162822402
-54.9607033989
-55.6086659808
-56.4771546639
0
-70.0
-70.0
-70.0
-70.0
-68.1728395062
-67.1374485597
-66.6116323731
-66.4090882487
-66.4072588325
-66.5259192217
-66.7129181478
-67.9086746036
-68.6958393237
-69.2116101783
-70.0
-69.6426882549
-69.1068782661
-68.8151629972
-68.6796284026
-61.6470565089
-57.7059448223
-55.7510796497
0
-70.0
-70.0
-70.0
-70.0
-69.5110727249
-69.2340139357
-69.093311531
-69.0391130371
-69.0386235062
-69.0703756708
-69.1204144472
-68.180433871
-67.3437643962
-66.9303038981
-66.2289952471
-65.9339102149
-65.3368399662
-65.1340364848
-65.1745531798
-65.3597114241
-65.6254826566
-65.9307626408
-67.249271148
-61.1324830364
-55.4246607349
0
-70.0
-70.0
-70.0
-70.0
-69.3854595336
-69.037219936
-62.1334979424
-58.2534814815
-56.3170222222
-55.6112459259
-55.667405284
-57.1398356137
-58.4519659577
-59.6241786322
-61.3770706529
-62.7162368435
-64.3180842186
-65.4685898364
-66.3099402126
-66.9377524312
-67.4165146813
-68.6582009659
-69.4479393711
-69.9401844352
-70.0
-70.0
-70.0
-70.0
-70.0
-70.0
-70.0
-70.0
-70.0
-70.0
-70.0
-70.0
-70.0
-70.0
-70.0
-70.0
-70.0
-70.0
-70.0
-70.0
-70.0
-70.0
-62.1316872428
-58.5851851852
-56.8377777778
-56.2280740741
-56.3213160494
-56.8332173663
-58.447563668
-59.8012526602
-60.9534243001
-61.9462798074
-62.8104504515
-63.5686044896
-64.2378767628
-64.8315109013
-66.3209559121
-67.3372577214
-68.035796883
-68.5203938172
-68.8604721838
-68.1029545573
-67.7116788295
-67.5531907651
-60.5405938346
-56.6483492152
0
-70.0
-70.0
-70.0
-70.0
-65.3182754617
-62.6652982233
-61.3180019395
-60.7990241046
-60.7943366001
-61.0983795441
-61.5775259924
-62.1457629949
-62.7485130966
-63.3518793877
-63.9355031828
-65.4878009524
-66.569586249
-67.333004552
-67.8799553821
-68.2787940341
-68.5754707575
-68.7131872053
-68.8387108339
-69.5082902054
-69.9264281548
-70.0
-70.0
-70.0
-70.0
-70.0
-63.1056749479
-59.1988907517
-57.214857209
-56.4506085097
-56.4437056731
-56.8914404488
-58.5854722792
-59.9823756349
-61.1544384604
-61.1532048466
-61.44735785
-61.9089377238
-62.4555877239
-56.0710257508
0
-70.0
-70.0
-70.0
-70.0
-69.3732562348
-62.4277950787
-56.1795918825
0
-70.0
-70.0
-70.0
-70.0
-69.2539727766
-68.8312240166
-68.6165339601
-68.5338354609
-67.5591008075
-67.0556233219
-59.9056341462
-55.9521195026
-54.0482733997
-54.4376847428
-55.1900753906
0
-70.0
-70.0
-70.0
-70.0
-65.9474165524
-63.6509525987
-62.4847091399
-62.0354727599
-62.0314151733
-55.7042937598
0
-70.0
-70.0
-70.0
-70.0
-69.0898398768
-68.5740824736
-68.312158616
-68.2112656808
-68.2103543971
-68.2694624802
-68.3626119141
-68.4730811773
-68.5902600293
-68.7075586729
-68.8210192366
-68.9283949336
-70.0
-70.0
-70.0
-70.0
-70.0
-70.0
-70.0
-70.0
-70.0
-70.0
-70.0
-69.0115062614
-68.4513598096
-68.1668932782
-68.0573169167
-67.2538580668
-59.8633280323
-55.7668990772
0
-70.0
-70.0
-70.0
-70.0
-68.9237287939
-69.3137823739
-68.866984739
-68.6366733335
-68.5439307124
-68.5368207826
-68.5813274654
-68.6553205595
-67.8323305592
-67.410792207
-67.2441761222
-59.5371000399
0
-70.0
-70.0
-70.0
-70.0
-69.9903978052
-69.9849565615
-69.9821932632
-69.9811288421
-68.998460758
-68.4422445489
-68.1604400052
-68.0526759454
-68.0529283114
-68.1179821206
-68.2197483354
-68.3401497865
-68.4677189976
-67.6213488525
-67.1928151371
-60.0313728372
0
-70.0
-70.0
-70.0
-70.0
-68.0783897862
-66.9894773317
-65.880925059
-65.3530961935
-65.1912956677
-65.2545054967
-58.5315416837
-54.8800453399
0
-70.0
-70.0
-70.0
-70.0
-69.6057229307
-69.3822992581
-69.2688350792
-68.2285542233
-67.6634339024
-67.4022472464
-68.244335516
-69.1414439606
-69.708327562
-70.0
-70.0
-70.0
-70.0
-70.0
-63.6551056467
-59.0673728598
0
-70.0
-70.0
-70.0
-70.0
-65.1748209114
-62.4405527613
-61.0519734458
-61.5055323884
-62.0608166743
-62.65862669
-63.2620251432
-63.8486633769
-65.2740036285
-66.2867409918
-67.5737142656
-68.7601077544
-69.5132735892
-69.9813973037
-70.0
-69.1868737923
-68.7261022746
-69.4043111263
-62.4638800137
-58.5508253457
-56.5846317
-55.8520944559
-55.8841689609
-56.3739413653
-57.1220067623
0
-70.0
-70.0
-70.0
-70.0
-69.3667782501
-69.8104217276
-70.0
-70.0
-70.0
-70.0
-70.0
-70.0
-70.0
-69.0150400306
-68.1235627146
-67.3178909011
-66.9238914497
-66.234473175
-65.946339771
-65.3530261807
-64.8186038204
-64.6706636103
-64.7595440305
-64.9875541483
-65.2914417474
-65.6307262486
-65.9799394077
-67.3233356657
-68.218595565
-68.8151316524
-69.2125489164
-69.4772476443
-69.6534919595
-69.7707888167
-69.8488073038
-69.9006581526
-69.9350800567
-69.9578971974
-69.9729909085
-62.9829480713
-59.0228240999
-57.0126555804
-56.2394659494
-56.2342366391
-56.6899578317
-57.4070586195
-58.2570838048
-59.1585294559
-60.060779198
-60.9334364033
-61.7592495131
-55.5833804882
0
-70.0
-70.0
-70.0
-70.0
-69.6817555247
-69.5014169887
-69.4098333008
-69.3745553113
-69.374236674
-69.3949042691
-69.4274746838
-69.4661011099
-69.5070735952
-69.5480879666
-69.5877603238
-69.6253050607
-70.0
-69.6635090157
-69.4728307913
-69.3759961636
-69.3386955149
-70.0
-69.6662508443
-69.4771263228
-69.3810807324
-69.3440840205
-62.343831997
-58.398886383
-56.4186228019
-55.6831772265
-56.6931250121
-58.0759895165
-59.3031752352
-60.3960474919
-61.3719025962
-62.2450189056
-63.027388061
-63.7292299522
-65.3008330918
-66.4004338724
-67.1801798784
-67.7420214861
-68.1543924011
-68.4633352034
-68.6999230447
-68.885211648
-69.0335444217
-69.1547592719
-69.2556628729
-70.0
-70.0
-69.4441672295
-69.1291953263
-68.9692390068
-68.9076239149
-68.9070673959
-68.9431645713
-69.0000507242
-69.0675140584
-68.178093366
-67.7051711717
-67.4979121494
-67.4569596643
-67.5171561845
-67.6360355571
-67.7861619955
-67.9500324586
-68.1166869879
-68.2794568058
-68.4344701364
-67.5912234835
-67.1655680423
-67.0046558428
-67.0079533284
-61.1096271314
-57.8669771754
0
-70.0
-70.0
-70.0
-70.0
-69.012345679
-68.4526748971
-68.1684499314
-68.0589666209
-68.0579777473
-68.1221184982
-68.2231989988
-68.3430739992
-69.465091635
-70.0
-70.0
-70.0
-70.0
-70.0
-70.0
-70.0
-70.0
-70.0
-70.0
-70.0
-63.9999405968
-60.599906935
-58.8732231734
0
-70.0
-70.0
-70.0
-70.0
-69.3744832789
-69.0200238036
-63.1180203931
-58.8062183538
-56.5922631851
-55.7108146443
-55.6582516984
-56.1047722076
-56.8358587728
-57.7133154196
-59.610327118
-61.0948565664
-62.2824123499
-56.3331258813
0
-70.0
-70.0
-70.0
-70.0
-69.4099493896
-69.0755873771
-67.9064605632
-66.9414357894
-66.4643730654
-66.2959896622
-66.3184266316
-66.4546079254
-65.7861836804
-65.5255896773
-65.5183802863
-65.6634419754
-65.0925617873
-57.9167725991
-54.0140733328
0
-70.0
-70.0
-70.0
-70.0
-66.5185185185
-64.5456790123
-64.4120987654
-64.5182139918
-64.7646093278
-65.0869595519
-65.4441377013
-65.8103066675
-66.1696644917
-66.5129570364
-66.8351673288
-67.1339879265
-67.408814021
-67.6600825436
-67.8888409057
-68.0964678928
-68.2844951553
-68.4544950076
-68.6080117521
-68.746521407
-68.8714098198
-68.9839625401
-69.0853620876
-69.1766897465
-69.258930017
-69.332976512
-69.3996385253
-69.4596477825
-69.5136650773
-69.5622866183
-69.606049989
-69.6454396784
-69.6808921695
-69.7128005918
-68.7415196455
-61.2007025595
-56.9695222226
-54.8651632797
-55.1070420135
-55.7486011866
-57.1641388732
-58.4413235226
-59.5929235283
-60.6307860807
-54.7478968069
0
-70.0
-70.0
-70.0
-70.0
-69.4012786247
-69.0620031787
-69.8819971251
-70.0
-70.0
-70.0
-70.0
-70.0
-63.4443850413
-58.7295761668
0
-70.0
-70.0
-70.0
-70.0
-68.6090534979
-67.8208504801
-67.4205669867
-67.2663779912
-67.2649853274
-60.4767075944
-55.7797116982
0
-70.0
-70.0
-70.0
-70.0
-69.2199359854
-68.7778997104
-68.5534146218
-68.4669430812
-69.4076343906
-69.9917946966
-70.0
-70.0
-70.0
-70.0
-70.0
-70.0
-70.0
-70.0
-70.0
-70.0
-70.0
-70.0
-70.0
-70.0
-70.0
-70.0
-70.0
-70.0
-63.0389788402
-58.0944265844
-55.5245476781
-54.4651354117
-55.3396095248
-56.3529736752
-57.415893043
-58.4731148955
-59.4916775105
-60.4530924958
-61.3481717372
-62.1736135574
-55.983709624
0
-70.0
-70.0
-70.0
-70.0
-69.6807408707
-69.4998273641
-69.4079516813
-69.3725612156
-69.3722415623
-69.3929750516
-70.0
-70.0
-70.0
-70.0
-69.1868737923
-68.7261022746
-68.4921026215
-68.4019660756
-67.5986828097
-67.1967567566
-67.0490425661
-67.0587792996
-67.1626620298
-67.3195696002
-66.5908533176
-66.2672617708
-66.1975314504
-66.2824422098
-66.4573072584
-58.8120276256
-54.5977922583
0
-70.0
-70.0
-70.0
-70.0
-70.0
-70.0
-70.0
-70.0
-70.0
-70.0
-70.0
-70.0
-70.0
-70.0
-63.086776536
-59.1692832397
-57.1798111539
-57.3874552358
-57.9324598437
-58.661713947
-59.4772092774
-60.3172661664
-61.1440580943
-61.9353313145
-62.6789175362
-63.3691053513
-64.004247862
-65.5678502431
-66.653749997
-67.4168315161
-67.9607860437
-68.3551325588
-68.6465693826
-67.8665462886
-67.4696475559
-67.3158533978
-67.3130484563
-61.3842127465
-58.114104229
-57.1037911998
-56.9274770089
-57.2574392608
-57.8801686366
-58.6578006408
-59.5024531553
-60.3591628922
-61.1945499712
-61.9892972196
-62.7331689946
-63.4217197599
-63.0551411862
-63.0666893358
-63.3047285811
-63.6707278422
-64.1013031374
-64.5562715433
-65.0107102021
-65.4496830573
-65.8647440018
-66.2516224352
-66.608695414
-66.9359826875
-67.234488962
-67.505776428
-67.7516896933
-67.9741813294
-69.1751859991
-70.0
-70.0
-70.0
-62.2962962963
-57.9308641975
-55.1583539095
0
-70.0
-70.0
-70.0
-70.0
-68.1844005261
-67.1555608242
-66.6330716423
-66.4318090784
-59.7031203336
-56.009136409
-54.297111657
0
-70.0
-70.0
-70.0
-70.0
-69.7268709038
-69.5720977493
-69.493497265
-69.4632203989
-62.516898359
-57.6101028764
-54.7456888242
0
-70.0
-70.0
-70.0
-70.0
-69.0608808766
-67.9731578179
-68.38778466
-68.1347457211
-60.7657155934
-56.652106997
-54.0733160504
0
-70.0
-70.0
-70.0
-70.0
-70.0
-70.0
-70.0
-70.0
-70.0
-70.0
-70.0
-70.0
-70.0
-70.0
-70.0
-70.0
-70.0
-70.0
-70.0
-70.0
-70.0
-70.0
-69.0258274849
-69.4564548632
-69.7329494613
-69.9077479048
-70.0
-70.0
-63.9122085048
-60.7957933242
-59.232751105
-59.2093896256
-59.5550597504
-60.1106265003
-59.7813196801
-59.9243582654
-60.346036141
-61.8330501665
-62.9974902429
-63.9295712807
-64.6911675273
-65.3250863577
-58.8852465224
-55.3918344038
0
-70.0
-70.0
-70.0
-70.0
-69.6150002924
-69.7301671247
-69.8082616533
-69.8615096486
-69.8980747909
-69.9234113832
-68.9413667783
-68.3874277894
-68.1088168031
-68.0046896512
-68.008723705
-61.0935056216
-57.2412579175
0
-70.0
-70.0
-70.0
-70.0
-68.3744855967
-67.4533607682
-66.9855738455
-66.8053825636
-66.8037550424
-67.870301586
-68.5812194592
-69.6106184234
-70.0
-70.0
-70.0
-70.0
-70.0
-70.0
-70.0
-63.0367347841
-55.7590736005
0
-70.0
-70.0
-70.0
-70.0
-69.2999516967
-69.9017352193
-62.578228364
-58.4315166387
-56.3291057156
-55.5233556379
-55.5224604033
-56.0045079158
-56.7602528261
-57.655024678
-58.6033869666
-59.5522914409
-60.4698910774
-61.3381211568
-62.1477884991
-62.8953292879
-63.5806761183
-64.2058616792
-64.7741109598
-65.2892568295
-65.7553691236
-66.176524196
-66.5566664329
-66.8995295606
-67.2085964519
-67.4870833716
-67.737939411
-67.9638550543
-68.1672759385
-67.350436872
-66.948652203
-66.8092929949
-66.8320343701
-66.9512780496
-68.1244467771
-68.8908664544
-69.9432449345
-70.0
-70.0
-63.4271029145
-58.7140222527
-56.2623731139
-55.2493045267
-55.1331532236
-55.5590240009
-57.2568938916
-58.7003860297
-59.9431351115
-61.7277170939
-63.0742090469
-64.6685194727
-65.8028217458
-66.6233090514
-67.2281577997
-67.6834617887
-61.0445191944
-57.3596696647
-55.5701042913
-54.9773615909
-54.1229216773
-55.1221521433
-56.2176186848
-57.3343113202
0
-70.0
-70.0
-70.0
-70.0
-63.1056749479
-59.1988907517
-57.214857209
-56.4506085097
-56.4437056731
0
-70.0
-70.0
-70.0
-70.0
-68.8829420945
-68.2499426147
-67.928478173
-67.8046502355
-66.8425502408
-66.3705385693
-65.6527580586
-66.3668641596
-66.9164323483
-67.3489588499
-67.6968427892
-67.9823450598
-68.2209015868
-67.4818664469
-67.1223831481
-67.0026137305
-67.0306649557
-68.1291319956
-69.1839078197
-69.8439763869
-70.0
-70.0
-70.0
-70.0
-63.6551056467
-60.0596655132
-58.233745916
-57.5304026271
-57.5240498996
-57.9361032664
-58.5854651776
-59.3555668184
0
-70.0
-70.0
-70.0
-70.0
-67.7976641705
-61.9301062583
-58.678567969
-57.1050260631
0
-70.0
-70.0
-70.0
-70.0
-65.9279073312
-63.2870548189
-61.9263081509
-61.3789832117
-62.3302481278
-63.1566654733
-63.8806270314
-64.5189830652
-65.8871663858
-66.845170832
-67.525134472
-68.0156081735
-68.3760387887
-68.6464291982
-68.8537824706
-69.016401685
-69.1467598242
-69.2534160469
-69.3422959123
-69.4175473011
-69.4821132243
-69.5381156708
-69.587113283
-69.6302747409
-69.6684957909
-69.7024785612
-68.7328252069
-61.1933271125
-56.9631840188
-54.8596586953
-54.1022215447
-54.1776852028
0
-70.0
-70.0
-70.0
-70.0
-69.6563870684
-69.4616730738
-69.3627889079
-68.5222296423
-68.9793615997
-69.2876620541
-69.496386925
-69.63840895
-69.7356752
-69.8028457767
-68.9082475936
-68.4078804306
-68.1607307851
-68.0737499717
-68.0857698179
-68.1567893983
-68.2608415
-69.3761064799
-70.0
-70.0
-70.0
-70.0
-70.0
-70.0
-70.0
-70.0
-70.0
-70.0
-69.1975294398
-68.7427961224
-69.4240714326
-69.8520342377
-69.311274977
-61.6764437756
-55.0396635956
0
-70.0
-70.0
-70.0
-70.0
-65.2921471998
-62.6243639463
-61.2695485294
-60.7476743282
-60.7429606633
-62.0464167839
-63.0936098968
-63.952138768
-63.6711351234
-63.7134950992
-63.948461248
-64.2911588957
-64.6870721878
-65.1017177568
-66.4877688781
-67.4364739216
-67.1301662593
-60.046779263
-56.9309902256
-55.4971504623
-55.1202749222
-55.3901404341
-55.1268465553
-55.4646420095
-56.1518312151
-57.0257503646
-57.1801077063
-57.7000518545
-58.4220166149
-59.2411282506
-60.0912242904
-60.9315744379
-61.7380653785
-62.4973577636
-63.2030212691
-62.8789976251
-62.9219501844
-63.1836567139
-63.5678920745
-64.0128368883
-64.4793758804
-64.9433200796
-65.3902425965
-65.8120546867
-66.2047401179
-66.5668600394
-66.898569991
-67.2009769623
-67.4757219129
-67.7247114862
-67.9499481807
-68.153425258
-68.3370639958
-68.5026784386
-68.651957823
-68.7864601929
-68.9076129417
-69.0167174929
-69.1149563072
-69.2034010523
-69.2830211975
-69.3546925781
-68.4192232548
-67.910634219
-67.6751263235
-67.6113173755
-67.6526547608
-67.7557020333
-67.892340329
-68.0445786288
-61.2011023243
-57.3883131308
0
-70.0
-70.0
-70.0
-70.0
-69.0759056422
-62.1667926392
-58.2824317494
-56.3424008238
-55.6336355744
-55.6872552389
-56.1965185297
-57.9621925531
-58.4229463202
-59.0853003698
0
-70.0
-70.0
-70.0
-70.0
-69.3004115226
-68.9039780521
-68.7026520348
-68.6251013565
-68.6244009043
-68.6698339362
-68.7414326241
-68.8263440828
-69.890400527
-70.0
-70.0
-63.2911580652
-59.4894809688
-58.4271381026
-58.1754944461
-58.9742139929
-59.8209719212
-60.6683276141
0
-70.0
-70.0
-70.0
-70.0
-67.8332571254
-66.6054361632
-66.0230818473
-65.8062331962
-65.8159162323
-65.9611955129
-65.3805207617
-65.1860985522
-58.3108357478
-54.5753168735
0
-70.0
-70.0
-70.0
-70.0
-64.962962963
-62.1086419753
-60.6590946502
-60.1007297668
-60.0956865112
-60.4228043408
-59.9968425573
-60.0747040687
-60.4522641732
-60.9970580968
-62.6188942833
-63.8380328524
-64.7749148988
-65.5112136301
-66.1026190811
-66.587375049
-59.9990875094
-56.3794787353
0
-70.0
-70.0
-70.0
-70.0
-69.9030635574
-69.8481329066
-69.8202367525
-69.8094911684
-69.7476149119
-69.7189019943
-69.7110441773
-69.7159613478
-62.744365213
-58.8032620251
-56.8118247114
-56.0565681662
-56.0681953002
-57.5135527757
-57.8143236984
-58.4009754621
-59.1396006716
-59.9447891082
-60.7630758666
-62.4741538975
-63.7516622528
-64.7264451909
-65.4871001141
-66.0939230642
-65.6055609287
-65.4590249497
-64.9669136418
-64.8394164024
-64.9349375119
-65.161085594
-65.45807159
-64.9193480441
-64.7654689818
-64.8476259117
-65.0686658725
-57.5633217241
0
-70.0
-70.0
-70.0
-70.0
-69.2978016956
-68.8998893231
-67.7368306978
-67.1144344994
-66.2816267414
-65.905887862
-65.8169149389
-66.9029595311
-67.6578209687
-68.7443660212
-69.4381475187
-69.8731448332
-69.1773901698
-68.7873576994
-68.5937596272
-68.524475463
-67.7296199799
-67.328386024
-67.1766994497
-67.4587522898
-67.7126922509
-68.4968553748
-69.0174580699
-69.9181266402
-70.0
-70.0
-70.0
-70.0
-70.0
-70.0
-70.0
-69.1975287276
-68.4094616732
-67.9896393849
-67.8047580323
-67.7670039531
-67.8187847071
-67.9225603359
-68.054073702
-61.197846015
-55.0441812023
0
-70.0
-70.0
-70.0
-70.0
-69.3854595336
-69.037219936
-68.8603688462
-69.4959496012
-69.8940997341
-70.0
-63.2085048011
-59.3599908551
-57.4055494589
-56.6526996393
-56.6458997595
-57.0869565063
-58.7560130427
0
-70.0
-70.0
-70.0
-70.0
-69.1653041561
-68.6923098446
-67.4524036582
-66.7933798244
-66.5048528633
-59.5696323006
-55.7561788863
0
-70.0
-70.0
-70.0
-70.0
-65.3166684429
-62.6627805605
-61.3150218124
-59.8010040676
-59.2325599518
0
-70.0
-70.0
-70.0
-70.0
-68.2757201646
-67.2986282579
-66.8024188386
-66.6112792257
-66.6095528172
-66.7215318781
-66.8980015854
-67.1072833569
-67.329276308
-67.5514962016
-67.7664449311
-67.9698660044
-60.1744018428
-55.8246432845
0
-70.0
-70.0
-70.0
-70.0
-69.5318677971
-69.2665928821
-69.131874837
-69.0799815154
-69.0795128052
-69.1099144856
-70.0
-69.6426882549
-69.4402115994
-68.7818296639
-68.4274061804
-68.2671718843
-68.2287922439
-68.2648047181
-69.3052336031
-69.952649814
-70.0
-70.0
-70.0
-70.0
-70.0
-63.1898235176
-59.3307235109
-57.3709060565
-56.615985382
0
-70.0
-70.0
-70.0
-70.0
-69.2263374486
-68.7879286694
-68.5652857796
-68.4795238531
-68.4787492354
-68.5289928236
-68.6081725491
-69.6760623378
-69.3391551531
-68.8257056705
-68.5567791253
-67.8879750051
-67.5570933661
-67.4399946038
-60.4582265106
-56.587224771
-54.7117162349
-54.096020572
-54.2567358219
-54.8779404445
-56.7495936387
-58.3142657674
-59.642593519
-61.4885407563
-61.8849626379
-62.3933170123
-63.1000338847
-63.7540628786
-64.354678179
-64.1995210496
-58.112902278
-54.8571676057
0
-70.0
-70.0
-70.0
-70.0
-69.6098155769
-69.3887110705
-69.2764246643
-69.2331719984
-70.0
-69.6127152403
-69.3932538764
-69.9855056326
-70.0
-70.0
-70.0
-70.0
-70.0
-70.0
-70.0
-70.0
-70.0
-70.0
-70.0
-70.0
-70.0
-70.0
-70.0
-70.0
-63.4439933515
-59.7289229173
0
-70.0
-70.0
-70.0
-70.0
-69.9465020576
-69.9161865569
-69.900791038
-69.894860692
-69.894807128
-69.8982814187
-69.9037566124
-69.8594295248
-69.8375189547
-69.8297886475
-69.1271204712
-68.7346155497
-67.985736523
-67.2702178895
-67.8733717829
-68.3061517263
-68.6222813014
-68.8578830031
-69.0373145906
-69.1770630568
-68.3468710314
-67.9038601152
-67.7079248949
-67.6667662662
-67.7198455468
-67.8276982636
-68.0449041002
-68.2403974654
-68.4163469024
-68.5747050011
-68.7172296937
-68.8455035194
-68.9609510309
-69.0648545034
-68.1973865458
-67.7369928864
-67.5361902611
-67.4978356773
-67.5582284044
-67.6758564272
-67.8239046933
-60.0437978823
-55.7076071995
0
-70.0
-70.0
-70.0
-70.0
-69.5319123495
-69.2666626808
-69.1319574569
-68.097410604
-67.5401021387
-68.287696054
-68.7933292014
-69.1369314497
-70.0
-70.0
-70.0
-70.0
-70.0
-70.0
-70.0
-70.0
-70.0
-70.0
-70.0
-69.0258274849
-68.1404630597
-67.6712289693
-67.4673142161
-67.4293882236
-67.4923196873
-66.7453551521
-66.4056645926
-66.3216614371
-66.3938708292
-67.5569496772
-68.3362319968
-68.859260322
-69.211101973
-69.4485035645
-69.609327734
-61.7361864558
-57.2877621403
-54.4868932575
0
-70.0
-70.0
-70.0
-70.0
-65.8923143763
-63.5646258562
-61.82696966
-62.0557953278
-62.7912308841
-63.4727845218
-64.0992905537
-63.8035717305
-63.8326880456
-64.0557348998
-64.3877051823
-64.7739638457
-65.1799202489
-65.5841634159
-65.9739038689
-65.3809697873
-65.1791770122
-64.6632398911
-64.5315696221
-64.6348484733
-64.8756541682
-65.1909491129
-66.5397511365
-67.4643739794
-68.1036685525
-68.5504563446
-68.8668471418
-69.094453382
-69.2612020134
-69.3858777917
-69.4811539991
-62.5556254066
-58.648454071
-56.6825361339
-55.9469008338
-55.9739562926
-56.4577243582
-57.1993943856
-58.0710832558
-58.9917271361
-59.9110558931
-60.7989512842
-61.6383901427
-55.4747252128
0
-70.0
-70.0
-70.0
-70.0
-69.58298808
-70.0
-70.0
-70.0
-70.0
-70.0
-69.0777358164
-69.4673279505
-69.7188389659
-69.8791176097
-69.9793142089
-70.0
-70.0
-70.0
-70.0
-70.0
-70.0
-70.0
-70.0
-70.0
-70.0
-70.0
-70.0
-70.0
-70.0
-70.0
-70.0
-70.0
-69.0001932748
-68.4336361305
-67.5903584173
-67.1647131755
-66.4482800357
-66.1368108173
-66.078702259
-66.1745470487
-66.3595690209
-66.5919299036
-66.8449487697
-67.1019284637
-67.3527186647
-67.5914354964
-67.8149510789
-68.0218953925
-62.2119985066
-58.9856604248
-57.4170022283
-56.8952405694
-57.0190088885
-57.5259695836
-58.2459470146
-59.0697352393
-59.9283503329
-60.7792410446
-61.5971341034
-62.3679654686
-62.084924842
-62.1789363046
-62.4960453054
-62.936442529
-63.4361327788
-63.9547425028
-63.5552084156
-63.5303143494
-63.7310340981
-65.0602309916
-66.0224080946
-67.2878563088
-68.1375300271
-61.7096938053
-58.8330393158
0
-70.0
-70.0
-70.0
-70.0
-69.5192082575
-62.8613000698
-58.1060342603
-55.6493402993
-54.0981236905
0
-70.0
-70.0
-70.0
-70.0
-68.537199802
-67.7082796899
-67.2873182996
-67.1251641887
-67.1236995826
-67.2186974995
-67.368406333
