-67.93
-66.067
-63.5703
-61.5966033333
-59.1824985556
-57.4046190704
-55.2477374102
0
-70.0
-70.0
-70.0
-70.0
-67.8117957967
-65.8818134148
-64.1710968719
-70.0
-70.0
-70.0
-70.0
-70.0
-70.0
-70.0
-70.0
-70.0
-70.0
-70.0
-70.0
-70.0
-70.0
-70.0
-70.0
-69.862885256
-68.2751869011
-66.6900616582
-65.1593177904
-63.7122275434
-62.3635658105
-61.118916577
-59.978163151
-58.9377723237
-57.9922787499
-57.1352399806
-56.359842053
-55.659275228
-55.0269592921
-54.4566710875
0
-70.0
-70.0
-70.0
-70.0
-70.0
-70.0
-70.0
-70.0
-70.0
-70.0
-70.0
-70.0
-70.0
-70.0
-70.0
-70.0
-70.0
-69.4297406353
-68.4165936619
-67.1714856892
-65.8287047159
-64.472079308
-63.1523680864
-61.8987957505
-60.7266924907
-59.6425407851
-58.6472984022
-57.7385763591
-56.9120572546
-56.16241055
-55.483875509
-54.8706253007
-54.3169876657
0
-70.0
-70.0
-70.0
-70.0
-70.0
-70.0
-70.0
-70.0
-70.0
-70.0
-70.0
-70.0
-70.0
-70.0
-70.0
-69.7811663041
-68.9671605431
-68.6431850683
-67.8040269479
-66.6837311774
-65.4320960091
-64.1433783746
-63.6953685147
-63.7667169816
-62.5073021623
-61.3114098654
-60.1934941584
-59.1596282622
-58.2106544491
-57.3442483463
-56.556263073
-55.8415964733
-55.1947432977
-65.6901271084
-70.0
-70.0
-70.0
-70.0
-70.0
-70.0
-70.0
-70.0
-70.0
-70.0
-69.4583345528
-68.4613907994
-67.2245115207
-65.8849002361
-64.5283034575
-62.3867352751
-60.6655698565
-59.2540182767
-58.0752867197
-57.0755382281
-56.2165045256
-56.2905341532
-56.1019341247
-54.9420429701
-54.0580401783
0
-70.0
-70.0
-70.0
-70.0
-70.0
-70.0
-70.0
-70.0
-70.0
-70.0
-70.0
-70.0
-70.0
-70.0
-70.0
-70.0
-69.7464397179
-68.912755558
-66.9387865435
-65.1664455833
-63.5741594878
-62.1429825142
-60.8561769129
-60.5188876551
-59.9425511785
-59.2419975866
-57.6702655119
-56.4482174167
-55.4767146457
-55.5079224949
-55.3197164546
-55.0061356153
-55.4477825911
-56.3278446903
-70.0
-70.0
-70.0
-70.0
-70.0
-70.0
-70.0
-70.0
-70.0
-70.0
-68.7754143035
-67.3914824088
-65.9580738583
-64.5427595995
-63.1854790575
-61.9082614304
-60.7216554731
-59.6289700496
-59.4490597939
-59.0028116473
-58.4116357045
-57.7532089486
-57.8963792635
-57.6957354769
-57.2954913558
-56.7888285046
-56.235203177
-55.6718545413
-55.1214502084
-54.5971592685
-70.0
-70.0
-70.0
-70.0
-70.0
-70.0
-70.0
-70.0
-70.0
-70.0
-70.0
-70.0
-70.0
-69.5515532242
-68.6074333846
-67.3973803681
-66.0681025459
-63.891599101
-62.0993103974
-60.5972934953
-59.3195069042
-58.2188513861
-56.441163029
-55.1365112471
-54.1591698031
0
-70.0
-70.0
-70.0
-70.0
-67.8954373382
-70.0
-70.0
-70.0
-70.0
-70.0
-70.0
-70.0
-70.0
-70.0
-70.0
-70.0
-70.0
-70.0
-69.3866788333
-67.5291301722
-65.8069633032
-64.2234310716
-62.7758640303
-61.4581283378
-59.4422159778
-58.7145946958
-57.1442021034
-55.9404931445
-54.9969179977
-54.2408756431
0
-70.0
-70.0
-70.0
-70.0
-67.3669733395
-65.1849248985
-70.0
-70.0
-70.0
-70.0
-70.0
-70.0
-70.0
-70.0
-70.0
-70.0
-70.0
-70.0
-70.0
-70.0
-69.547931827
-68.6017598623
-67.3906646881
-66.0609854273
-64.7044783565
-63.3770915022
-62.1114230062
-60.9249744751
-59.8256062072
-58.8151317063
-58.7116759488
-58.3358799627
-57.8092063723
-57.2095620057
-56.5861233188
-55.9691893294
-70.0
-70.0
-70.0
-70.0
-70.0
-70.0
-70.0
-70.0
-70.0
-70.0
-70.0
-70.0
-70.0
-70.0
-69.5922295121
-68.6711595689
-67.4728122841
-66.1480435037
-64.7915807853
-63.4613171282
-62.1911150296
-60.9992899361
-59.8942185488
-59.6980350982
-59.2337238578
-58.624012985
-57.9473860285
-58.0731636536
-57.8561914403
-56.6208017309
-55.6355411809
-59.5532001448
-70.0
-70.0
-70.0
-70.0
-70.0
-70.0
-70.0
-70.0
-70.0
-70.0
-70.0
-70.0
-69.8566612362
-69.0854359366
-67.9631862257
-66.6677301916
-66.1315322315
-65.248762381
-64.187475058
-63.0544534956
-61.916158775
-60.8126433168
-59.7667792646
-58.7903681912
-57.8881759407
-57.0605880591
-56.3053490615
-55.6186940276
-54.9960778729
-54.4326389177
-69.3634875806
-70.0
-70.0
-70.0
-70.0
-70.0
-70.0
-70.0
-70.0
-70.0
-70.0
-70.0
-69.9128268934
-68.3534287997
-66.7826756501
-65.2574679054
-63.8104276617
-63.2785225934
-62.4934287993
-61.5825915629
-60.6266695023
-59.6755606158
-58.7590432634
-57.0738314099
-55.8035765841
-54.8246378025
-54.8731199401
-54.716438558
-54.4418817768
-54.1057516489
-68.4238168441
-70.0
-70.0
-70.0
-70.0
-70.0
-70.0
-70.0
-70.0
-70.0
-70.0
-70.0
-70.0
-69.7073568588
-68.8515257454
-67.6863095525
-65.5543028517
-63.7332887362
-62.1595706423
-60.7866874313
-60.4000679236
-59.7980939549
-59.0869731085
-58.3340681637
-57.5811895913
-57.6734227949
-57.4496486239
-57.0437291671
-56.5420531875
-55.9996458268
-55.4508798828
-56.636590987
-70.0
-70.0
-70.0
-70.0
-70.0
-70.0
-70.0
-70.0
-70.0
-70.0
-70.0
-68.8462380928
-67.5024396788
-66.089412641
-65.5019493304
-64.6094063663
-62.7435670423
-61.1759445465
-59.8395062308
-58.686326367
-57.6815409032
-56.7992849281
-56.8399551788
-56.6130254899
-56.2331001602
-55.7740416238
-55.2828051144
-54.7886363717
-54.3091805803
0
-70.0
-70.0
-70.0
-70.0
-70.0
-70.0
-70.0
-70.0
-70.0
-70.0
-70.0
-70.0
-69.7755056428
-68.1382921738
-66.5280210199
-64.9875909602
-63.5404132258
-61.3774261442
-59.6770530238
-58.3109273841
-57.1908877542
-56.2558343844
-55.4629412164
0
-70.0
-70.0
-70.0
-70.0
-68.6334734942
-67.1691084743
-70.0
-70.0
-70.0
-70.0
-70.0
-70.0
-70.0
-70.0
-70.0
-70.0
-70.0
-70.0
-70.0
-68.5241899201
-66.9978975415
-65.4921921963
-64.0490292493
-61.8714971728
-60.1459280212
-58.7490555961
-57.5959636212
-56.6275763156
-55.8022913883
-55.0903773857
-54.4702164046
0
-70.0
-70.0
-70.0
-70.0
-70.0
-70.0
-70.0
-70.0
-70.0
-70.0
-70.0
-70.0
-70.0
-70.0
-70.0
-70.0
-70.0
-69.6355879792
-68.7390878341
-67.5532181526
-66.2332557385
-64.8768364322
-63.5437569673
-62.2691173895
-61.0720297298
-59.141376143
-57.6549381195
-56.484577368
-55.5428750049
-54.7697577535
0
-70.0
-70.0
-70.0
-70.0
-70.0
-70.0
-70.0
-70.0
-70.0
-70.0
-70.0
-70.0
-70.0
-70.0
-70.0
-70.0
-69.6755656459
-67.9817195118
-66.3426878477
-65.6111792543
-65.4485681231
-64.8127158403
-63.9141139426
-62.8878156726
-61.8191095215
-60.7605821801
-59.7434463692
-57.9650500038
-56.6091771844
-55.5520142532
-54.7093160195
-54.0233865452
0
-70.0
-70.0
-70.0
-70.0
-70.0
-70.0
-70.0
-70.0
-70.0
-70.0
-70.0
-70.0
-69.908838849
-69.1671808635
-68.05994671
-66.7702746609
-64.5941289428
-62.7786372138
-62.0600542693
-61.2035693603
-60.2928927695
-60.2000570561
-59.7810203928
-59.1802310484
-58.4904164069
-57.7701804084
-57.0556994623
-56.3684875793
-55.7205441968
-54.2977600274
-64.3574975239
-70.0
-70.0
-70.0
-70.0
-70.0
-70.0
-70.0
-70.0
-70.0
-70.0
-70.0
-70.0
-70.0
-69.7067948081
-68.8506451993
-66.8652672608
-65.0885315889
-63.4962057995
-62.0676034659
-60.7848552835
-59.6323778647
-58.5964788179
-56.8450567625
-55.5427016372
-55.3731985075
-55.0690566794
-54.6942696932
-55.1095885117
-55.1651268524
-55.0029456285
-55.5355387065
-55.647243263
-70.0
-70.0
-70.0
-70.0
-70.0
-70.0
-70.0
-70.0
-70.0
-70.0
-70.0
-69.6403786338
-68.7465931929
-67.5621021553
-65.4226707942
-63.6015896178
-62.852221258
-61.9508595335
-60.988347181
-60.0212281969
-59.0835825331
-58.1948757171
-57.3651557703
-56.5984852765
-55.8952001377
-55.2533890498
-55.4898560954
-55.4254077862
-66.2625585408
-70.0
-70.0
-70.0
-70.0
-70.0
-70.0
-70.0
-70.0
-70.0
-70.0
-70.0
-69.4494048209
-68.447400886
-67.2079518289
-65.047350667
-63.226078281
-61.66911224
-61.1426288741
-61.2519845587
-61.7391984842
-61.61688689
-60.3129370372
-59.1634692243
-58.145006229
-57.2390948909
-55.6109115917
-54.4236378924
0
-70.0
-70.0
-70.0
-70.0
-70.0
-70.0
-70.0
-70.0
-70.0
-70.0
-70.0
-70.0
-70.0
-70.0
-69.8111150734
-69.0140802817
-67.8787233972
-66.5782184867
-65.2219749241
-63.8774962891
-62.5848925651
-60.5465005786
-59.768582034
-58.9528781728
-58.1416932503
-57.3602591885
-57.4427234451
-57.2207778842
-56.8235846183
-56.3344825047
-56.6265384864
-62.0975541257
-70.0
-70.0
-70.0
-70.0
-70.0
-70.0
-70.0
-70.0
-70.0
-70.0
-69.5895968436
-68.6670350549
-67.4679301466
-66.14286953
-64.7864041758
-63.4563114907
-62.1863788299
-60.9948732725
-60.7101408289
-60.1589633352
-59.4662913944
-58.7118118501
-57.9453970619
-57.1973682869
-57.3053054123
-57.1032241739
-56.7218679583
-56.2456586304
-60.4484110793
-70.0
-70.0
-70.0
-70.0
-70.0
-70.0
-70.0
-70.0
-70.0
-70.0
-70.0
-70.0
-70.0
-68.588529346
-67.0986959754
-64.7915060872
-62.890808618
-61.2973631826
-59.9413838152
-58.773083401
-57.7563337057
-57.6844060984
-57.3617693307
-56.8994616257
-56.3687616152
-55.8147162218
-56.0851317783
-56.0212100529
-55.7588166826
-54.566086771
-59.2149125983
-61.6737110081
-70.0
-70.0
-70.0
-70.0
-70.0
-70.0
-70.0
-70.0
-70.0
-70.0
-69.796698504
-68.9914943229
-67.8519886701
-66.5498856561
-65.1936276592
-63.8500852724
-62.5589569979
-61.3423148
-60.2109189879
-58.348384201
-56.9292505222
-55.8234619642
-55.7625400972
-55.5105689738
-55.1523673339
0
-70.0
-70.0
-70.0
-70.0
-70.0
-70.0
-70.0
-70.0
-70.0
-70.0
-70.0
-70.0
-70.0
-70.0
-69.8755078653
-69.1149623223
-67.1781362524
-65.4201027354
-63.8279458673
-62.3883868843
-61.0883719316
-59.915417229
-58.8577971664
-58.72463189
-58.3305783278
-57.7931269129
-57.1875518335
-56.5612883915
-55.9434873798
-55.3513571935
-54.7943671753
-54.2770275919
0
-70.0
-70.0
-70.0
-70.0
-70.0
-70.0
-70.0
-70.0
-70.0
-70.0
-70.0
-70.0
-69.9198948738
-69.184501969
-68.0804494938
-66.7920030256
-65.4358683771
-64.0843253088
-62.7805886242
-61.5489936593
-60.4017368917
-59.3433249347
-58.3735002628
-57.4891554508
-56.6855767153
-55.9572435834
-55.2983355849
-54.7030462663
-54.1657711329
0
-70.0
-70.0
-70.0
-70.0
-70.0
-70.0
-70.0
-70.0
-70.0
-70.0
-69.755433136
-68.9268452463
-67.7754643377
-66.4687869812
-65.112487668
-63.7716251578
-62.4847201464
-61.273086468
-60.1470033787
-58.2897867458
-56.0557972079
-54.4902102449
0
-70.0
-70.0
-70.0
-70.0
-70.0
-70.0
-70.0
-70.0
-70.0
-70.0
-70.0
-70.0
-70.0
-70.0
-70.0
-70.0
-70.0
-70.0
-69.9456921685
-69.2249177307
-67.3082891437
-66.3780356866
-65.2506157562
-64.8624766061
-64.1108438958
-63.1661694731
-62.9571591704
-62.3765143497
-61.5922436457
-60.7119397684
-59.8033594498
-58.0880992769
-56.7660065306
-55.7238839985
-54.8844810126
-54.194689854
-70.0
-70.0
-70.0
-70.0
-70.0
-70.0
-70.0
-70.0
-70.0
-70.0
-70.0
-70.0
-69.584197768
-68.6585765033
-67.4579178609
-66.1322587469
-64.7757879868
-63.4460459313
-62.1766658336
-60.9858155805
-59.8817782426
-58.8666298985
-57.9386532287
-57.0939121192
-56.3272703829
-55.633042995
-55.8254051291
-54.9033089052
-54.1632742074
0
-70.0
-70.0
-70.0
-70.0
-70.0
-70.0
-70.0
-70.0
-70.0
-70.0
-70.0
-70.0
-70.0
-70.0
-70.0
-69.8064202432
-69.0067250476
-67.8700170954
-66.5689917542
-65.212743491
-63.0485697501
-61.2917798472
-59.8379799105
-58.6144339515
-57.5698252444
-56.6673991786
-55.8803635666
-55.1887967471
-54.5775634305
-54.0349046596
0
-70.0
-70.0
-70.0
-70.0
-70.0
-70.0
-70.0
-70.0
-70.0
-70.0
-70.0
-70.0
-69.4861179746
-67.6849181602
-65.9913676662
-65.2388584476
-64.2560576349
-63.1678418927
-62.052651051
-60.9584481776
-59.9133115143
-58.9324524659
-58.0228552879
-57.1863351383
-56.4215452105
-55.7252864135
-55.0933549215
-55.3410841956
-70.0
-70.0
-70.0
-70.0
-70.0
-70.0
-70.0
-70.0
-70.0
-70.0
-70.0
-70.0
-69.7423736811
-68.9063854338
-67.7512463042
-66.443121283
-65.9068088942
-65.0314611645
-63.9818704878
-62.8627203988
-61.7391396655
-60.6503532367
-59.6187362715
-58.6558082167
-57.7661911099
-56.9502144755
-56.2056213456
-54.7086780896
0
-70.0
-70.0
-70.0
-70.0
-70.0
-70.0
-70.0
-70.0
-70.0
-70.0
-70.0
-70.0
-70.0
-70.0
-69.9302420959
-69.2007126169
-68.0996378423
-66.8123383828
-65.4562140943
-64.1039990514
-62.7992033907
-61.5663525478
-59.5977636239
-58.073351482
-56.8662591475
-55.8897951086
-55.0842568483
-54.4081253305
0
-70.0
-70.0
-70.0
-70.0
-70.0
-70.0
-70.0
-70.0
-70.0
-70.0
-70.0
-70.0
-70.0
-70.0
-70.0
-70.0
-70.0
-69.4572675807
-68.4597192098
-67.2225328802
-65.8828033198
-65.3462054729
-63.669373249
-62.1842948064
-60.0437712472
-58.4013314035
-57.1124897838
-56.0787684859
-55.2325767576
-54.527109162
0
-70.0
-70.0
-70.0
-70.0
-70.0
-70.0
-70.0
-70.0
-70.0
-70.0
-70.0
-70.0
-70.0
-69.6359585933
-69.5596684628
-68.8385721025
-66.9346285495
-65.2044414661
-62.8161811671
-60.9326856155
-59.4148320974
-58.1669589166
-57.1226697109
-56.2353405304
-56.2917650045
-56.0925608554
-54.9266196708
-54.039500971
0
-70.0
-70.0
-70.0
-70.0
-70.0
-70.0
-70.0
-70.0
-70.0
-70.0
-70.0
-70.0
-70.0
-70.0
-70.0
-70.0
-69.4510385714
-69.2699604285
-68.4956481952
-66.5712059154
-64.8408336836
-63.2845825551
-61.8846791262
-59.8052477646
-58.2074140222
-56.951799976
-55.9433715491
-55.1168687746
-55.2470714841
-55.1269573937
-54.8606570263
-54.5155215717
0
-70.0
-70.0
-70.0
-70.0
-70.0
-70.0
-70.0
-70.0
-70.0
-70.0
-70.0
-70.0
-70.0
-70.0
-69.4277320868
-68.413446936
-67.1677609476
-65.824757323
-64.4681299042
-63.1485491227
-61.8951823497
-60.7233228743
-59.6394297599
-58.6444462326
-57.7359745751
-57.7296924281
-57.4449333923
-57.0025801911
-57.3004155973
-57.2124363212
-56.0759008781
-55.1681162496
-70.0
-70.0
-70.0
-70.0
-70.0
-70.0
-70.0
-70.0
-70.0
-70.0
-70.0
-70.0
-70.0
-70.0
-69.4439761925
-68.438896035
-67.1978847393
-65.8566818039
-64.5000706492
-63.1794349347
-62.7444056749
-62.0352412631
-61.185234574
-60.2790560747
-59.3693804393
-58.4879290434
-57.6527939045
-56.8732863576
-56.9731389509
-56.7772792085
-56.4105207228
-61.4934482739
-70.0
-70.0
-70.0
-70.0
-70.0
-70.0
-70.0
-70.0
-70.0
-70.0
-69.9821156227
-69.2819811422
-68.1958344159
-66.0942852329
-64.2735462153
-62.6819845976
-61.2809814737
-60.0410135503
-58.9389990112
-57.9564903207
-57.078435429
-56.2923213131
-55.5875754664
-54.1351421095
0
-70.0
-70.0
-70.0
-70.0
-70.0
-70.0
-70.0
-70.0
-70.0
-70.0
-70.0
-70.0
-70.0
-70.0
-70.0
-70.0
-69.5317815987
-68.576457838
-67.360714987
-66.0292454434
-64.6727222025
-63.3463841846
-62.0823685677
-61.7178802453
-60.2652579103
-59.0281759123
-57.9616541831
-57.0330193395
-56.218071122
-56.3184998208
-56.144807046
-55.8124311463
-55.3959245682
-60.4828231356
-70.0
-70.0
-70.0
-70.0
-70.0
-70.0
-70.0
-70.0
-70.0
-70.0
-70.0
-70.0
-70.0
-69.4011246628
-68.3717619717
-67.118418958
-65.7724658511
-64.415811792
-63.0979589635
-62.6673153009
-62.7833519266
-62.4035288379
-61.73885069
-60.925415445
-59.2298404498
-57.881500771
-55.966446938
-54.5951997403
0
-70.0
-70.0
-70.0
-70.0
-70.0
-70.0
-70.0
-70.0
-70.0
-70.0
-70.0
-70.0
-70.0
-70.0
-70.0
-69.8265356154
-69.0382391308
-67.9073199357
-66.6085244207
-65.2522962978
-63.0868162141
-62.1479676234
-61.1563928815
-60.1662349403
-59.2099323443
-58.3058197085
-57.4631581368
-57.5054559225
-57.2573193965
-56.843193501
-55.5232781804
-54.523886382
0
-70.0
-70.0
-70.0
-70.0
-70.0
-70.0
-70.0
-70.0
-70.0
-70.0
-70.0
-70.0
-70.0
-70.0
-69.6496282532
-68.7610842633
-66.7592550606
-64.9761823703
-63.3837993438
-61.9589095498
-60.6820120217
-59.5364731041
-59.3279339834
-58.8685460449
-57.453961747
-56.3334124433
-55.4266357797
-54.6783485888
-54.050097988
0
-70.0
-70.0
-70.0
-70.0
-70.0
-70.0
-70.0
-70.0
-70.0
-70.0
-70.0
-70.0
-70.0
-70.0
-70.0
-70.0
-69.5330560811
-68.5784545271
-67.3630784438
-66.031750179
-64.6752282141
-63.3488074281
-62.0846613755
-60.9000183648
-59.8025652796
-58.7940079191
-57.8724065722
-57.0336988783
-56.2726842993
-55.583652742
-54.9607787162
-54.3983616768
0
-70.0
-70.0
-70.0
-70.0
-70.0
-70.0
-70.0
-70.0
-70.0
-70.0
-70.0
-70.0
-70.0
-70.0
-70.0
-69.0633215138
-67.0225370383
-64.3873151184
-62.3032714625
-60.6194028869
-59.231768312
-57.2481286233
-55.7930071893
-54.7035007559
0
-70.0
-70.0
-70.0
-70.0
-67.0713536821
-64.7217874353
-62.7979881061
-70.0
-70.0
-70.0
-70.0
-70.0
-70.0
-70.0
-70.0
-70.0
-70.0
-70.0
-70.0
-70.0
-70.0
-69.484070237
-68.5017100379
-67.2722369172
-65.9354784809
-64.5789074697
-64.0756679474
-63.2812019691
-62.3384823164
-61.3382344476
-60.3368112448
-59.3680636149
-59.2712129165
-58.0607287335
-57.0424139327
-56.1733445877
-55.4227914945
-61.1283665885
-70.0
-70.0
-70.0
-70.0
-70.0
-70.0
-70.0
-70.0
-70.0
-70.0
-70.0
-70.0
-70.0
-70.0
-70.0
-69.4770884936
-68.4907719734
-67.2592896621
-65.9217572866
-64.5651792851
-64.0623931747
-63.2686417359
-62.3267694815
-62.1474204794
-61.6115637289
-60.8796642209
-60.8745357088
-60.4856407446
-60.6994490745
-60.4477524367
-59.9251427061
-58.4374054442
-57.2401829056
-70.0
-70.0
-70.0
-70.0
-70.0
-70.0
-70.0
-70.0
-70.0
-70.0
-70.0
-70.0
-69.5304420656
-68.5743592361
-67.3582308972
-66.026612864
-64.6700882819
-63.3438372566
-62.0799587329
-61.7156329942
-61.0831831178
-60.3109404214
-59.4805634562
-59.4629851619
-59.1136720132
-58.5769617236
-57.9457034923
-57.2787584372
-59.3126327895
-68.2992029746
-70.0
-70.0
-70.0
-70.0
-70.0
-70.0
-70.0
-70.0
-70.0
-70.0
-70.0
-70.0
-70.0
-69.9264343916
-69.1947472135
-68.0925766662
-66.8048551156
-64.6287270147
-62.812092587
-61.2717088442
-59.948421637
-58.7995019248
-57.7935000333
-56.9067822306
-56.9411921413
-56.7071316831
-56.3197910187
-55.8533935861
-56.2551086736
-61.0643007704
-70.0
-70.0
-70.0
-70.0
-70.0
-70.0
-70.0
-70.0
-70.0
-70.0
-69.6362323298
-68.7400973168
-68.374413065
-67.5191887451
-66.3987478617
-65.1565250696
-63.8826405587
-61.8122218335
-60.1528965373
-58.7955381416
-57.6646051662
-56.7072252087
-55.8858897273
-55.1735587808
-55.3703749203
-55.2861187733
-55.0360277926
-54.6947722778
-60.6701932258
-70.0
-70.0
-70.0
-70.0
-70.0
-70.0
-70.0
-70.0
-70.0
-70.0
-70.0
-70.0
-70.0
-69.391653097
-68.3569231853
-67.1008544654
-65.7538514179
-64.3971878755
-63.0799501543
-62.6502758497
-61.9474620719
-61.1041917362
-60.2047564769
-60.1216034388
-59.7109915013
-59.9375912887
-59.7189647849
-59.2404900565
-58.6220555508
-63.4802307708
-65.9224615438
-70.0
-70.0
-70.0
-70.0
-70.0
-70.0
-70.0
-70.0
-70.0
-70.0
-70.0
-70.0
-69.9668714089
-69.2580985406
-68.1675648682
-66.8843258359
-65.528238222
-64.1736443795
-62.8650999281
-62.4478032596
-61.7591651499
-60.930676779
-60.0458945306
-59.1568286971
-58.2948282405
-57.4778003585
-56.714990284
-56.0101378965
-55.3635552008
-60.3134870765
-68.4563299658
-70.0
-70.0
-70.0
-70.0
-70.0
-70.0
-70.0
-70.0
-70.0
-70.0
-69.4633507623
-68.4692495275
-68.0538138025
-67.9994252407
-67.3434779289
-67.1684602775
-66.4678343441
-65.4751976393
-64.3404423617
-63.1582411165
-61.9869789988
-60.8613224282
-59.8005510716
-58.8140698886
-57.0850455158
-55.7881293749
-54.7937087113
-54.0139326893
-54.2089359866
-55.0623067653
-70.0
-70.0
-70.0
-70.0
-70.0
-70.0
-70.0
-70.0
-70.0
-70.0
-70.0
-70.0
-69.4889915183
-68.5094200453
-67.28136316
-65.9451502569
-63.7685841731
-61.9803583837
-60.4847442973
-59.2145510355
-58.1219500439
-57.1723244475
-56.3401382748
-55.6061552953
-55.7755603311
-55.6613513415
-55.3807809031
-55.0097459432
-54.5968001026
-55.0724725947
-60.1054603369
-70.0
-70.0
-70.0
-70.0
-70.0
-70.0
-70.0
-70.0
-70.0
-70.0
-70.0
-69.6926735003
-68.8285218172
-67.6590800801
-66.3454457018
-64.9890835514
-63.6522968095
-62.3718148707
-61.167798545
-60.8697954648
-60.3053337679
-59.5998122908
-58.8331723281
-58.0554159396
-57.2969149085
-56.5752504596
-55.8997434416
-55.2744477827
-54.700122128
-55.0755226642
-55.4082455638
-54.8042711181
-70.0
-70.0
-70.0
-70.0
-70.0
-70.0
-70.0
-70.0
-70.0
-70.0
-70.0
-70.0
-69.615366025
-68.7074067725
-66.695717662
-64.9088469402
-63.3164296092
-61.8937648902
-60.6203738959
-59.4789935027
-58.4548654834
-57.535226489
-56.7089355428
-55.9661964569
-55.2983464569
-54.6976915749
-54.1573755933
0
-70.0
-70.0
-70.0
-70.0
-70.0
-70.0
-70.0
-70.0
-70.0
-70.0
-70.0
-70.0
-70.0
-70.0
-70.0
-70.0
-70.0
-69.8636017754
-69.0963094482
-67.9760570702
-66.6813704078
-65.3251793967
-63.9772921435
-62.6793167201
-61.4545542421
-60.3145449472
-60.0833878721
-59.5852473645
-58.9435214812
-58.2370352352
-57.5152423131
-56.8083251494
-56.1338973462
-55.501444086
-54.9152573271
-70.0
-70.0
-70.0
-70.0
-70.0
-70.0
-70.0
-70.0
-70.0
-70.0
-70.0
-69.4729212734
-68.4842433283
-67.2515617837
-65.9135674641
-65.3769852902
-63.6991364762
-61.3924559719
-59.6053658036
-58.1895995092
-57.0438197489
-56.0982245678
-55.3042599735
-54.6277392178
-54.0442354571
0
-70.0
-70.0
-70.0
-70.0
-70.0
-70.0
-70.0
-70.0
-70.0
-70.0
-70.0
-70.0
-70.0
-70.0
-70.0
-69.9423576678
-69.2196936795
-68.1221054972
-66.8361490713
-65.4800369133
-64.1270350548
-62.0009994378
-60.3020114198
-58.9158848949
-57.7636794835
-56.7902335872
-55.9564915965
-55.2343633489
-54.6032742887
0
-70.0
-70.0
-70.0
-70.0
-70.0
-70.0
-70.0
-70.0
-70.0
-70.0
-70.0
-70.0
-70.0
-70.0
-70.0
-69.3354825691
-68.2689226915
-67.816689342
-66.9281263542
-65.8073843497
-64.584693002
-63.3415884266
-62.1276727339
-60.1517342271
-58.6044466488
-57.3659258802
-56.353949223
-54.6916315879
0
-70.0
-70.0
-70.0
-70.0
-70.0
-70.0
-70.0
-70.0
-70.0
-70.0
-70.0
-70.0
-70.0
-70.0
-70.0
-70.0
-70.0
-69.8893294477
-69.1366161348
-68.0237676092
-66.7319329069
-65.3757676552
-64.0262095824
-62.725601086
-61.4977159519
-59.5343943397
-58.0152548945
-56.8132627308
-55.8416253416
-55.04058873
-54.3686138054
0
-70.0
-70.0
-70.0
-70.0
-70.0
-70.0
-70.0
-70.0
-70.0
-70.0
-70.0
-70.0
-70.0
-70.0
-69.506869813
-68.5374293737
-67.3145174644
-65.9802864033
-64.6237382198
-63.2990180358
-62.0375519908
-60.0360872975
-59.2973389049
-58.5208452392
-57.7475875318
-56.1820466563
-55.0133205758
0
-70.0
-70.0
-70.0
-70.0
-70.0
-70.0
-70.0
-70.0
-70.0
-70.0
-70.0
-70.0
-70.0
-70.0
-70.0
-70.0
-69.7199461532
-68.8712489734
-67.7096556997
-66.3990445455
-65.8627097015
-64.9888184717
-63.941523118
-62.8250951353
-61.7044018411
-60.6185058032
-59.5896846537
-58.6294024756
-57.7422530862
-56.1085550163
-54.9013843405
0
-70.0
-70.0
-70.0
-70.0
-70.0
-70.0
-70.0
-70.0
-70.0
-70.0
-70.0
-70.0
-70.0
-70.0
-69.5466487032
-68.5997496351
-67.3882852063
-66.0584637089
-63.8819553534
-62.0899851617
-60.588470208
-60.1312788955
-59.4959214781
-58.7748429784
-58.0263677793
-57.2864037339
-56.5762118488
-55.9075563228
-56.1061111298
-55.178373643
-59.9657853625
-68.0227062154
-70.0
-70.0
-70.0
-70.0
-70.0
-70.0
-70.0
-70.0
-70.0
-70.0
-69.7861937746
-68.9750369135
-68.6525082331
-67.8139074171
-66.6936166802
-64.6216550155
-62.8677561827
-62.1831583437
-61.3429610288
-60.4374106056
-59.5228333314
-58.6333258559
-57.7885105087
-56.9986709502
-56.26814485
-54.7775576949
0
-70.0
-70.0
-70.0
-70.0
-70.0
-70.0
-70.0
-70.0
-70.0
-70.0
-70.0
-70.0
-70.0
-70.0
-69.3279957816
-68.2571933912
-66.1628055105
-64.3440792651
-62.7513742091
-61.3473720351
-60.9233916629
-60.2815570508
-59.5304043819
-58.7386993011
-57.9490529426
-58.0069633628
-57.7514775028
-57.31647007
-56.7882499413
-56.2217095328
-70.0
-70.0
-70.0
-70.0
-70.0
-70.0
-70.0
-70.0
-70.0
-70.0
-70.0
-70.0
-69.3652680793
-68.3155866576
-67.051924916
-65.7019970404
-64.3453070805
-62.2097828685
-61.3181422456
-60.3825531304
-59.4517812236
-58.5549253721
-57.7083143488
-56.1000705898
-54.9084553148
-54.0065376393
0
-70.0
-70.0
-70.0
-70.0
-70.0
-70.0
-70.0
-70.0
-70.0
-70.0
-70.0
-70.0
-70.0
-70.0
-70.0
-70.0
-69.0760372191
-67.0424583099
-66.0508956874
-64.8975949243
-63.6856946357
-62.4790313079
-60.4957322677
-58.932561768
-57.6735740759
-56.6390623248
-55.7737198633
-55.0387237243
-54.40643525
0
-70.0
-70.0
-70.0
-70.0
-70.0
-70.0
-70.0
-70.0
-70.0
-70.0
-70.0
-70.0
-70.0
-70.0
-70.0
-70.0
-70.0
-69.5820716759
-69.4752456256
-68.7386418079
-67.6487247904
-66.3831504202
-65.0543674507
-63.7319520873
-61.6374377997
-59.9694813005
-58.6130580243
-57.4887687911
-56.5412362915
-55.7313422486
-55.851027748
-55.704471456
-55.4030552989
-60.5587704281
-70.0
-70.0
-70.0
-70.0
-70.0
-70.0
-70.0
-70.0
-70.0
-70.0
-70.0
-69.8878080243
-68.3142325715
-66.7362795474
-65.2082984147
-63.7612331212
-61.5909528411
-59.879086245
-57.6793300792
-55.260165377
0
-70.0
-70.0
-70.0
-70.0
-67.953156614
-66.1032786952
-64.4332426541
-62.9267796076
-60.7486757928
-70.0
-70.0
-70.0
-70.0
-70.0
-70.0
-70.0
-70.0
-70.0
-70.0
-70.0
-70.0
-69.9238687752
-69.1907277479
-68.0878188732
-66.7998129193
-66.2636822496
-65.3765477729
-64.308382161
-63.1672033886
-62.0202560121
-60.9080790525
-59.0338369084
-56.7648303916
-55.1545988018
0
-70.0
-70.0
-70.0
-70.0
-70.0
-70.0
-70.0
-70.0
-70.0
-70.0
-70.0
-70.0
-70.0
-70.0
-70.0
-70.0
-70.0
-69.647405565
-68.7576020519
-67.575133209
-66.2564807962
-64.900073322
-63.5662263935
-62.2903773565
-61.0918553558
-59.9796803102
-59.7763859392
-59.3051964519
-58.6889762111
-58.006278193
-57.306450109
-56.6196715883
-55.9636154229
-55.3478612096
0
-70.0
-70.0
-70.0
-70.0
-70.0
-70.0
-70.0
-70.0
-70.0
-70.0
-70.0
-70.0
-70.0
-69.7740146015
-68.955956209
-67.8099226332
-66.5053050666
-65.1490243578
-63.8069551206
-62.5181484075
-61.3042594328
-60.1757840669
-59.1361727117
-58.184533475
-57.317398817
-56.5298713951
-56.6363592287
-56.4557066213
-56.1087915028
-55.6736827149
-60.7401613515
-70.0
-70.0
-70.0
-70.0
-70.0
-70.0
-70.0
-70.0
-70.0
-70.0
-70.0
-70.0
-69.5194761824
-68.5571793524
-66.517895276
-63.9003949876
-61.8432149816
-60.190799812
-58.8363240498
-57.7057611242
-56.7472313313
-55.9238724113
-56.0290613122
-55.867872609
-55.5522303001
-55.1544372381
-54.7206134929
-54.2796321294
0
-70.0
-70.0
-70.0
-70.0
-70.0
-70.0
-70.0
-70.0
-70.0
-70.0
-70.0
-70.0
-70.0
-69.5071397958
-68.5378523468
-68.1350181325
-67.2654836661
-66.9649135308
-66.1957409986
-64.3510461126
-62.7425276439
-61.3293323079
-60.0804373628
-58.9717524835
-57.1641498066
-55.8174498735
-54.7921815845
0
-70.0
-70.0
-70.0
-70.0
-70.0
-70.0
-70.0
-70.0
-70.0
-70.0
-70.0
-70.0
-70.0
-70.0
-70.0
-70.0
-69.3582427852
-68.3045803635
-67.0388968983
-65.688190256
-64.331493262
-62.1964252903
-60.4855036642
-59.0861005664
-57.9202553555
-56.9334063838
-56.0868501213
-54.5326880264
0
-70.0
-70.0
-70.0
-70.0
-70.0
-70.0
-70.0
-70.0
-70.0
-70.0
-70.0
