-70.0
-70.0
-70.0
-70.0
-70.0
-70.0
-63.0
-60.3942833333
-61.5680216667
-59.1542195
-55.74229755
-54.1704011283
0
-70.0
-70.0
-70.0
-70.0
-70.0
-70.0
-70.0
-70.0
-65.2952042326
-63.5210572073
-63.1257170851
-63.3852918982
-64.8094814508
-66.4403811916
-70.0
-70.0
-70.0
-70.0
-70.0
-70.0
-70.0
-70.0
-70.0
-70.0
-63.5332327835
-59.8687313608
-58.0077394619
-58.0459563483
-68.7387946994
-70.0
-70.0
-70.0
-70.0
-70.0
-70.0
-70.0
-70.0
-70.0
-70.0
-70.0
-70.0
-70.0
-70.0
-70.0
-70.0
-70.0
-70.0
-70.0
-70.0
-70.0
-70.0
-70.0
-70.0
-70.0
-70.0
-70.0
-70.0
-70.0
-70.0
-70.0
-70.0
-70.0
-70.0
-63.7750459573
-60.2475719997
-54.6672241141
-55.1758690403
-60.0666434788
-69.0500776481
-70.0
-70.0
-70.0
-70.0
-70.0
-70.0
-70.0
-70.0
-70.0
-70.0
-70.0
-67.7130582438
-69.6138787078
-70.0
-70.0
-70.0
-70.0
-70.0
-70.0
-70.0
-63.5560991628
-59.904555355
-59.1162628757
-61.9046416198
-68.8768375629
-70.0
-70.0
-70.0
-70.0
-70.0
-70.0
-70.0
-70.0
-70.0
-70.0
-63.6315320569
-63.5457537806
-69.8294983791
-70.0
-70.0
-70.0
-70.0
-70.0
-70.0
-70.0
-70.0
-70.0
-70.0
-70.0
-70.0
-70.0
-70.0
-70.0
-70.0
-70.0
-70.0
-70.0
-70.0
-70.0
-70.0
-70.0
-70.0
-70.0
-70.0
-70.0
-70.0
-70.0
-70.0
-70.0
-70.0
-70.0
-70.0
-70.0
-70.0
-70.0
-70.0
-70.0
-70.0
-70.0
-69.8071589033
-69.6978822819
-69.7662257885
-69.8150243662
-69.8504693673
-69.8767207224
-63.8757310504
-60.4792795456
-58.7587659912
-58.1011656588
-58.2556155426
-59.3488121625
-65.3889575466
-70.0
-70.0
-70.0
-70.0
-70.0
-70.0
-70.0
-70.0
-70.0
-70.0
-70.0
-70.0
-70.0
-70.0
-70.0
-70.0
-70.0
-70.0
-70.0
-70.0
-70.0
-70.0
-70.0
-70.0
-70.0
-70.0
-70.0
-70.0
-70.0
-70.0
-70.0
-70.0
-70.0
-70.0
-70.0
-70.0
-70.0
-70.0
-70.0
-70.0
-70.0
-70.0
-70.0
-66.8464538673
-65.0594443922
-64.151923894
-63.8023474653
-63.7991900259
-64.003989228
-64.3267357751
-64.7094925108
-65.2669968019
-67.1334043511
-70.0
-70.0
-70.0
-70.0
-70.0
-70.0
-70.0
-70.0
-70.0
-70.0
-70.0
-70.0
-70.0
-70.0
-70.0
-70.0
-70.0
-70.0
-70.0
-70.0
-70.0
-70.0
-70.0
-70.0
-70.0
-70.0
-70.0
-70.0
-70.0
-70.0
-70.0
-70.0
-70.0
-70.0
-70.0
-70.0
-70.0
-70.0
-70.0
-70.0
-70.0
-70.0
-70.0
-70.0
-70.0
-70.0
-64.3564499333
-61.1584382288
-59.5343499318
-58.9087519559
-58.9031014385
-59.5772121028
-61.394432938
-68.562135629
-70.0
-70.0
-70.0
-70.0
-70.0
-70.0
-70.0
-70.0
-70.0
-70.0
-70.0
-70.0
-70.0
-70.0
-70.0
-70.0
-70.0
-70.0
-70.0
-70.0
-70.0
-63.9686488547
-60.5508832057
-58.8151943761
-60.9087029081
-70.0
-70.0
-70.0
-70.0
-70.0
-70.0
-70.0
-70.0
-70.0
-64.0072643537
-60.6113808207
-58.8868046736
-58.2224988296
-58.6765950183
-61.3273366499
-64.1194041993
-68.2879115696
-70.0
-70.0
-70.0
-70.0
-70.0
-70.0
-70.0
-70.0
-70.0
-70.0
-70.0
-70.0
-70.0
-70.0
-70.0
-70.0
-70.0
-70.0
-70.0
-70.0
-70.0
-70.0
-70.0
-70.0
-70.0
-70.0
-70.0
-70.0
-70.0
-70.0
-70.0
-70.0
-70.0
-70.0
-70.0
-70.0
-70.0
-70.0
-70.0
-70.0
-70.0
-70.0
-70.0
-70.0
-70.0
-70.0
-70.0
-63.7002843066
-61.5178414794
-70.0
-70.0
-70.0
-70.0
-70.0
-70.0
-70.0
-70.0
-70.0
-70.0
-70.0
-70.0
-70.0
-70.0
-70.0
-66.2171373545
-67.5666927221
-70.0
-70.0
-70.0
-70.0
-70.0
-70.0
-64.3172016616
-61.0969492698
-59.4615661924
-58.9845473734
-59.8336747142
-61.924929548
-68.372225052
-70.0
-70.0
-70.0
-69.0093577144
-68.4479937526
-68.1629089171
-68.0530943852
-68.0521025199
-68.1164373167
-68.2178236176
-68.3380612775
-68.4656018309
-68.5932727686
-68.8722318629
-70.0
-70.0
-70.0
-70.0
-70.0
-70.0
-70.0
-70.0
-70.0
-70.0
-70.0
-63.9565761838
-60.5319693546
-58.7928062786
-58.4345445414
-59.9972844845
-66.2246178818
-70.0
-70.0
-70.0
-70.0
-70.0
-70.0
-70.0
-70.0
-70.0
-70.0
-70.0
-70.0
-70.0
-70.0
-70.0
-69.9558314775
-68.3576359807
-67.7310730546
-67.4307661972
-62.8831861724
-60.3918652851
-59.2173439099
-58.8720529545
-59.0358099494
-59.499537148
-60.1277888956
-60.8338136476
-61.7152180399
-64.0555984433
-67.5072790517
-70.0
-70.0
-70.0
-70.0
-70.0
-70.0
-70.0
-70.0
-70.0
-70.0
-70.0
-70.0
-70.0
-70.0
-70.0
-70.0
-70.0
-70.0
-70.0
-70.0
-70.0
-64.5973821706
-61.5358987339
-59.9811453808
-59.3822551895
-59.3768459018
-59.7277054658
-60.2806310219
-61.7137450756
-67.161418548
-70.0
-70.0
-70.0
-70.0
-70.0
-70.0
-70.0
-70.0
-70.0
-70.0
-70.0
-70.0
-70.0
-70.0
-70.0
-70.0
-70.0
-70.0
-70.0
-70.0
-70.0
-65.34596583
-62.7086798004
-61.3693521892
-60.8534438829
-60.848784103
-61.151028765
-55.8785120519
0
-70.0
-70.0
-70.0
-70.0
-70.0
-70.0
-70.0
-70.0
-70.0
-70.0
-70.0
-70.0
-70.0
-70.0
-70.0
-70.0
-70.0
-70.0
-70.0
-70.0
-70.0
-70.0
-70.0
-70.0
-70.0
-70.0
-70.0
-70.0
-70.0
-70.0
-70.0
-70.0
-70.0
-70.0
-70.0
-70.0
-70.0
-70.0
-70.0
-70.0
-70.0
-70.0
-70.0
-70.0
-63.9572340382
-60.5329999931
-58.794026233
-58.1241744358
-58.4311882515
-60.7189728616
-64.7290579674
-67.932291623
-70.0
-70.0
-70.0
-70.0
-70.0
-70.0
-70.0
-70.0
-70.0
-70.0
-70.0
-70.0
-70.0
-70.0
-70.0
-70.0
-70.0
-70.0
-70.0
-70.0
-70.0
-70.0
-70.0
-70.0
-70.0
-70.0
-70.0
-70.0
-70.0
-70.0
-70.0
-70.0
-70.0
-70.0
-70.0
-64.0963454422
-61.0668745048
-60.4900726686
-61.551960078
-63.2508823403
-64.6565472119
-65.6780612278
-66.4350342631
-67.0080502755
-67.4515915404
-67.802663248
-68.5537486978
-64.6242626136
-64.32595524
-66.5254543762
-68.6981036672
-70.0
-70.0
-70.0
-70.0
-70.0
-70.0
-70.0
-70.0
-70.0
-70.0
-70.0
-70.0
-70.0
-70.0
-70.0
-70.0
-70.0
-70.0
-70.0
-70.0
-70.0
-70.0
-70.0
-70.0
-70.0
-70.0
-70.0
-70.0
-70.0
-70.0
-70.0
-70.0
-70.0
-66.4304202605
-64.407658408
-63.380412683
-62.9847181585
-62.9811441719
-63.2129616409
-57.9590823446
-55.2081186888
-54.0506032056
0
-70.0
-70.0
-70.0
-70.0
-70.0
-70.0
-70.0
-70.0
-70.0
-70.0
-70.0
-70.0
-70.0
-70.0
-70.0
-70.0
-70.0
-70.0
-70.0
-70.0
-70.0
-70.0
-70.0
-70.0
-70.0
-70.0
-70.0
-70.0
-70.0
-70.0
-70.0
-70.0
-70.0
-70.0
-70.0
-70.0
-70.0
-70.0
-70.0
-70.0
-70.0
-70.0
-70.0
-70.0
-70.0
-70.0
-70.0
-70.0
-70.0
-70.0
-67.453609949
-66.0106555868
-65.2778611165
-64.9955890638
-60.0722987894
-55.4052479984
0
-70.0
-70.0
-70.0
-70.0
-67.629447899
-70.0
-70.0
-70.0
-70.0
-70.0
-68.0771474881
-66.9875310647
-66.4341768418
-66.22102508
-66.2190998536
-66.3439747227
-66.5407671533
-66.7741503733
-67.3302504996
-69.1535061486
-70.0
-70.0
-70.0
-70.0
-70.0
-70.0
-70.0
-70.0
-70.0
-70.0
-70.0
-70.0
-70.0
-70.0
-70.0
-63.9811699205
-60.8868240906
-63.2858943762
-70.0
-70.0
-70.0
-70.0
-70.0
-70.0
-70.0
-70.0
-70.0
-70.0
-70.0
-70.0
-70.0
-70.0
-70.0
-70.0
-70.0
-70.0
-70.0
-70.0
-70.0
-70.0
-70.0
-70.0
-70.0
-70.0
-64.2773715616
-61.0345487798
-56.0681479292
0
-70.0
-70.0
-70.0
-70.0
-70.0
-70.0
-70.0
-70.0
-70.0
-70.0
-70.0
-70.0
-70.0
-70.0
-70.0
-70.0
-70.0
-70.0
-70.0
-70.0
-70.0
-70.0
-70.0
-70.0
-70.0
-64.8162701768
-61.878823277
-60.3870610279
-59.8124349775
-59.807244848
-60.1438892754
-60.674412956
-61.3035800658
-62.1299604434
-63.6816463226
-67.9975623793
-70.0
-70.0
-70.0
-70.0
-70.0
-70.0
-70.0
-70.0
-70.0
-70.0
-70.0
-64.1598294374
-60.8503994519
-59.3290392539
-62.5602904249
-69.9754319462
-70.0
-70.0
-70.0
-66.9848187454
-65.2762160345
-64.4085138734
-64.0742754477
-64.071256544
-64.2670699836
-59.245074096
-56.5903740935
-55.4445416223
-55.2422240854
-55.6127594272
-58.3702425666
-63.5682584786
-69.2817772408
-70.0
-70.0
-70.0
-70.0
-70.0
-70.0
-70.0
-70.0
-70.0
-70.0
-70.0
-70.0
-70.0
-70.0
-70.0
-70.0
-70.0
-70.0
-70.0
-70.0
-70.0
-70.0
-70.0
-70.0
-70.0
-70.0
-70.0
-70.0
-70.0
-70.0
-70.0
-70.0
-70.0
-70.0
-70.0
-70.0
-70.0
-70.0
-70.0
-70.0
-70.0
-70.0
-70.0
-70.0
-66.2945062904
-64.1947265216
-63.1283677763
-62.7176069366
-62.7138968682
-62.9545409315
-63.3337760052
-63.7835245158
-64.2605894717
-64.8971421295
-65.7640189397
-68.0010839949
-70.0
-70.0
-70.0
-70.0
-70.0
-70.0
-70.0
-70.0
-70.0
-70.0
-70.0
-70.0
-70.0
-70.0
-70.0
-70.0
-69.1252169688
-69.1105400551
-69.3856807199
-69.5712424282
-69.6968713722
-69.7823530261
-69.8408969177
-69.8813266887
-69.9095403283
-69.9294838345
-69.943800477
-70.0
-70.0
-66.1873322166
-66.4210899106
-67.9487190073
-69.0928799057
-69.8096137813
-70.0
-70.0
-70.0
-70.0
-70.0
-70.0
-70.0
-70.0
-70.0
-70.0
-66.4874599888
-68.4802793788
-70.0
-70.0
-67.6059458741
-66.2493152027
-65.5603596265
-65.2949742932
-65.2925772834
-65.4480531682
-65.69307026
-60.5413698513
-57.7656372776
-56.5080098242
-56.203166358
-56.6377930004
-59.0923743972
-62.8172739474
-68.1343035591
-70.0
-70.0
-70.0
-70.0
-70.0
-70.0
-70.0
-70.0
-70.0
-70.0
-70.0
-70.0
-70.0
-70.0
-70.0
-69.0493710264
-69.5311775688
-70.0
-70.0
-70.0
-70.0
-70.0
-70.0
-70.0
-70.0
-70.0
-70.0
-70.0
-70.0
-65.22077503
-62.512547547
-61.2987539164
-61.9707840167
-62.7977808813
-63.8407260158
-64.833019901
-65.6006289021
-66.8363194562
-67.6831898068
-68.2685390236
-68.6774639196
-68.9669033932
-69.1750036309
-69.3273636525
-70.0
-70.0
-70.0
-70.0
-70.0
-70.0
-70.0
-70.0
-64.9485738439
-62.086099022
-60.6324108282
-60.0724508843
-60.3860815629
-62.3215791095
-65.002876666
-67.5635031924
-69.1810956685
-70.0
-70.0
-70.0
-70.0
-70.0
-70.0
-70.0
-70.0
-70.0
-70.0
-70.0
-70.0
-70.0
-70.0
-70.0
-70.0
-70.0
-70.0
-70.0
-70.0
-70.0
-70.0
-70.0
-70.0
-70.0
-70.0
-65.3012986031
-62.6387011449
-61.2865192984
-63.1576875212
-65.952541253
-68.3991853816
-69.9205323461
-70.0
-70.0
-70.0
-70.0
-70.0
-70.0
-70.0
-70.0
-70.0
-70.0
-70.0
-70.0
-70.0
-70.0
-64.9056344006
-62.0188272276
-60.5527820162
-59.9880621555
-59.9829615005
-55.3381966296
0
-70.0
-70.0
-70.0
-70.0
-70.0
-70.0
-70.0
-70.0
-70.0
-70.0
-70.0
-70.0
-70.0
-70.0
-70.0
-70.0
-70.0
-70.0
-70.0
-70.0
-70.0
-70.0
-70.0
-70.0
-70.0
-70.0
-70.0
-70.0
-70.0
-70.0
-70.0
-70.0
-70.0
-70.0
-70.0
-70.0
-70.0
-70.0
-70.0
-70.0
-65.6731741238
-63.2213061273
-61.9761417918
-61.4965051308
-61.4921729632
-61.7731678972
-62.8549855951
-64.6947360728
-69.3095100847
-70.0
-70.0
-70.0
-66.0055677979
-63.7420562166
-62.592547394
-62.1497571873
-62.1457578237
-57.4927736855
-55.1178907464
0
-70.0
-70.0
-70.0
-70.0
-70.0
-70.0
-70.0
-70.0
-68.1932197098
-67.1693775454
-66.6494263286
-66.4491413875
-66.4473323766
-66.5646692242
-66.7495823586
-66.968877494
-67.2014919921
-67.4343442912
-67.6595775276
-67.8727315519
-68.3939217767
-70.0
-68.312719468
-70.0
-70.0
-70.0
-70.0
-70.0
-70.0
-70.0
-70.0
-70.0
-70.0
-70.0
-70.0
-70.0
-70.0
-70.0
-70.0
-64.4718977641
-61.5016640556
-60.4888638884
-62.4430968842
-65.7987876603
-70.0
-70.0
-70.0
-70.0
-70.0
-70.0
-70.0
-70.0
-70.0
-70.0
-70.0
-70.0
-70.0
-70.0
-70.0
-67.7119551153
-66.9031356204
-66.5210727361
-66.4077992477
-62.0370875254
-59.6800909078
-58.609889907
-54.4692581615
0
-70.0
-70.0
-70.0
-70.0
-69.4892447337
-70.0
-70.0
-70.0
-70.0
-70.0
-70.0
-70.0
-70.0
-70.0
-70.0
-70.0
-70.0
-70.0
-70.0
-70.0
-70.0
-64.5976938951
-61.5363871023
-62.3916514858
-66.2265378917
-69.6213404137
-70.0
-70.0
-70.0
-70.0
-70.0
-70.0
-70.0
-70.0
-70.0
-70.0
-70.0
-70.0
-70.0
-70.0
-70.0
-70.0
-70.0
-70.0
-70.0
-70.0
-70.0
-70.0
-70.0
-70.0
-70.0
-70.0
-70.0
-70.0
-70.0
-66.3949928482
-64.3521554621
-63.4717756261
-63.1611552036
-63.2027444433
-58.7345591806
-56.4291627169
-55.4982860815
-55.4231505642
-55.863964235
-57.5701450004
-59.3191045324
-60.8827573151
-62.1248570743
-63.7776216939
-68.0136527574
-70.0
-70.0
-70.0
-68.0812738283
-66.9939956643
-66.4418289104
-66.2291345611
-61.8687628488
-57.7131477265
-55.6293403956
-54.8580779838
-54.9000512706
-55.428566867
-56.2313906627
-57.1720385846
-58.1640260516
-59.4762509968
-60.9368065502
-65.013630645
-70.0
-70.0
-70.0
-70.0
-70.0
-70.0
-70.0
-70.0
-70.0
-70.0
-70.0
-70.0
-70.0
-70.0
-70.0
-70.0
-70.0
-70.0
-70.0
-68.2766271679
-67.6241276463
-67.3118236785
-67.2140471752
-67.2482463673
-67.3604910037
-67.5158214188
-67.6918256205
-67.8743672875
-68.0547467115
-68.2278161422
-68.3907305958
-68.5421215815
-68.6815521202
-68.809158706
-69.2478077518
-69.5360702541
-70.0
-70.0
-70.0
-70.0
-70.0
-70.0
-70.0
-70.0
-70.0
-70.0
-70.0
-70.0
-70.0
-70.0
-70.0
-70.0
-70.0
-70.0
-70.0
-70.0
-70.0
-70.0
-70.0
-70.0
-70.0
-70.0
-70.0
-70.0
-70.0
-70.0
-70.0
-64.7620518903
-62.1165646278
-61.2774859674
-62.841252186
-64.8220778355
-66.5058548837
-67.9573426165
-68.8963238356
-69.4965017725
-69.8733918089
-70.0
-70.0
-70.0
-70.0
-70.0
-70.0
-70.0
-70.0
-70.0
-70.0
-70.0
-70.0
-70.0
-65.6456578735
-63.1781973352
-61.9251144344
-61.4424275461
-61.4380678282
-61.7208497366
-62.166490557
-62.6949920307
-63.2555931806
-63.8167674312
-64.3595797338
-65.5212800063
-68.4489055483
-70.0
-70.0
-70.0
-70.0
-70.0
-70.0
-70.0
-70.0
-70.0
-70.0
-70.0
-70.0
-70.0
-70.0
-70.0
-70.0
-70.0
-70.0
-70.0
-70.0
-70.0
-70.0
-70.0
-70.0
-70.0
-70.0
-70.0
-70.0
-70.0
-70.0
-70.0
-70.0
-70.0
-70.0
-70.0
-70.0
-70.0
-70.0
-70.0
-70.0
-70.0
-70.0
-66.1263383015
-62.1266633391
-59.989302917
-59.0405765665
-58.8366548706
-59.0864133574
-59.6000546709
-60.2549043033
-60.972650606
-61.704210034
-57.7850879712
-56.167593449
-56.3095079146
-57.4922272057
-58.9438110506
-55.4897232114
-54.0596630462
0
-70.0
-70.0
-70.0
-70.0
-70.0
-70.0
-70.0
-70.0
-70.0
-70.0
-70.0
-65.101963123
-63.1334922259
-63.3016342231
-64.9121210157
-66.6852499234
-68.3506468903
-69.4048635074
-70.0
-70.0
-70.0
-70.0
-70.0
-70.0
-70.0
-70.0
-70.0
-70.0
-70.0
-70.0
-70.0
-70.0
-70.0
-70.0
-70.0
-70.0
-70.0
-70.0
-64.8110581739
-61.8706578058
-60.3773956581
-59.8021918475
-59.7969964996
-60.1339794075
-60.6650365053
-61.6179195068
-62.9527306053
-66.233112883
-69.7758398084
-70.0
-70.0
-70.0
-70.0
-70.0
-70.0
-70.0
-70.0
-70.0
-70.0
-70.0
-70.0
-70.0
-70.0
-70.0
-70.0
-70.0
-70.0
-70.0
-70.0
-70.0
-70.0
-70.0
-70.0
-70.0
-70.0
-70.0
-65.1889299382
-62.4626569032
-61.0781378521
-60.5448218263
-60.5400048167
-60.8524477836
-61.344831971
-61.9287680845
-62.5481708164
-63.1682067616
-63.76795477
-64.9849398523
-66.5241811954
-68.0464909964
-69.3467295327
-70.0
-70.0
-70.0
-70.0
-70.0
-70.0
-70.0
-70.0
-70.0
-70.0
-64.7379182893
-61.7560719865
-60.2417618053
-59.8221577105
-59.9096566632
-60.93786944
-63.9471180562
-67.2609299177
-69.9915193415
-70.0
-65.8228441348
-63.4557891445
-62.2536965122
-61.790651049
-61.7864687362
-62.0577437239
-62.4852505925
-62.9922463605
-63.5300356093
-64.0683746383
-64.589098901
-65.0818968287
-65.7035123576
-66.3850694133
-67.073501333
-67.5841104404
-68.7772552702
-70.0
-70.0
-70.0
-70.0
-70.0
-70.0
-70.0
-70.0
-70.0
-70.0
-70.0
-70.0
-70.0
-70.0
-70.0
-70.0
-70.0
-70.0
-68.0231689017
-65.5983701413
-64.2902118804
-63.6956431945
-63.5490472098
-63.6761213786
-63.963161834
-64.3366140461
-64.7494649051
-65.1721932571
-65.5867571596
-65.9826035959
-66.3540246711
-68.7882434538
-70.0
-70.0
-70.0
-70.0
-70.0
-70.0
-65.5511867708
-63.0301926076
-61.7499230227
-57.4849823562
-55.3431852111
-54.546667417
-54.5838678267
-55.1200591449
-55.9377719644
-56.8971405905
0
-70.0
-70.0
-70.0
-70.0
-70.0
-70.0
-70.0
-70.0
-66.1085523671
-63.9033987084
-62.7835265563
-62.3521523798
-62.3482561279
-62.6009765058
-62.999242849
-63.6320612267
-64.383766879
-61.1344976936
-61.429189659
-63.1855452961
-64.7927613054
-65.9306655342
-66.7490525536
-67.3484496801
-67.7964729667
-68.1387378398
-68.4061388356
-68.6197081386
-68.7938594491
-68.9385549205
-69.7170037004
-70.0
-70.0
-70.0
-70.0
-70.0
-70.0
-70.0
-70.0
-70.0
-70.0
-70.0
-70.0
-70.0
-70.0
-70.0
-70.0
-70.0
-70.0
-70.0
-70.0
-66.5271955213
-64.886391209
-64.072362248
-63.7815327964
-63.8143173656
-64.0401775283
-64.3743543749
-64.7623820038
-65.1697858476
-65.5752352923
-66.1294971161
-66.5910709731
-67.3032310703
-70.0
-70.0
-70.0
-70.0
-70.0
-70.0
-70.0
-70.0
-70.0
-70.0
-70.0
-70.0
-70.0
-70.0
-70.0
-70.0
-70.0
-70.0
-70.0
-70.0
-70.0
-70.0
-70.0
-70.0
-70.0
-70.0
-70.0
-70.0
-70.0
-70.0
-70.0
-70.0
-70.0
-70.0
-66.6339302125
-64.7264906662
-63.7578105829
-63.3846755135
-63.3813052881
-63.5999063099
-64.2669033695
-65.3427047825
-67.741215412
-70.0
-70.0
-70.0
-66.5662726307
-64.758469714
-63.8485056402
-63.5075770079
-63.5194339283
-63.7425669495
-64.085027864
-64.4876701505
-64.9129998508
-60.1745581189
-57.6590078091
-56.8834018837
-57.1846798709
-58.4439940238
-60.0761448345
-61.8737292083
-58.2395658594
-56.4510823214
-56.1556962921
-56.9180804908
-58.6200066577
-60.3424086798
-61.8597599804
-63.0415120948
-63.9825129602
-59.6001713592
-57.3174273533
-56.3705333713
-56.2567125364
-56.6465296176
-57.3255355457
-58.1554212511
-59.0481719659
-59.9488833293
-60.9870973697
-61.9104558816
-62.7341224593
-63.470518324
-64.2897552292
-66.4198845316
-70.0
-70.0
-70.0
-68.2079654876
-67.3242977825
-66.8832872333
-66.7225713293
-66.7353894093
-66.8519006103
-67.0267439773
-67.2307585315
-67.445475313
-67.6594562048
-67.8658628664
-68.0608447678
-68.2424724164
-68.4100332583
-68.5635686549
-68.8693209376
-69.7451633424
-70.0
-70.0
-70.0
-70.0
-70.0
-65.4298120252
-62.8400388395
-61.5248403001
-61.0182264998
-61.0136506696
-61.3104501492
-61.7781814986
-62.332880925
-62.9212712166
-63.5102630177
-64.0799826645
-64.6191483637
-65.1220095045
-65.5863258721
-66.3352881413
-69.0089994134
-70.0
-70.0
-70.0
-70.0
-70.0
-70.0
-70.0
-70.0
-70.0
-70.0
-70.0
-70.0
-70.0
-70.0
-70.0
-70.0
-70.0
-70.0
-70.0
-70.0
-70.0
-70.0
-70.0
-70.0
-70.0
-70.0
-70.0
-70.0
-70.0
-70.0
-70.0
-70.0
-70.0
-70.0
-70.0
-70.0
-65.4348500385
-62.847931727
-62.3447394617
-63.7578660985
-66.5970644056
-69.0616332941
-70.0
-70.0
-70.0
-70.0
-70.0
-64.9833505163
-62.1405824756
-57.7724577909
-55.5591677203
-54.712554754
-54.7141684824
-55.2246644367
-56.0234731947
-56.9686426763
-58.2888729427
-61.9061349602
-66.4507389099
-70.0
-70.0
-70.0
-70.0
-70.0
-70.0
-70.0
-70.0
-70.0
-70.0
-70.0
-70.0
-70.0
-70.0
-70.0
-70.0
-70.0
-70.0
-70.0
-65.568137712
-63.2237157338
-62.0429386891
-61.5997078393
-61.6137790681
-61.9017625031
-62.508743814
-63.2831411401
-65.2691703946
-68.0899744634
-70.0
-70.0
-70.0
-70.0
-70.0
-70.0
-70.0
-70.0
-70.0
-70.0
-70.0
-70.0
-70.0
-70.0
-70.0
-70.0
-70.0
-70.0
-67.9838375178
-66.06900336
-65.3828193087
-65.1250149009
-65.1328317596
-65.2997608161
-65.5565928895
-61.0626870482
-58.6642539752
-57.6030523322
-57.3795629353
-57.6661505326
-58.2492314066
-54.1946535618
0
-70.0
-70.0
-70.0
-70.0
-70.0
-70.0
-70.0
-70.0
-70.0
-70.0
-70.0
-70.0
-70.0
-70.0
-70.0
-70.0
-70.0
-70.0
-70.0
-70.0
-70.0
-70.0
-70.0
-70.0
-70.0
-70.0
-70.0
-70.0
-70.0
-70.0
-70.0
-70.0
-70.0
-70.0
-70.0
-70.0
-70.0
-70.0
-70.0
-70.0
-70.0
-70.0
-70.0
-70.0
-70.0
-70.0
-70.0
-70.0
-70.0
-70.0
-70.0
-70.0
-70.0
-70.0
-70.0
-70.0
-70.0
-70.0
-70.0
-70.0
-70.0
-70.0
-70.0
-70.0
-64.8240228123
-61.8909690725
-62.3676642801
-64.8746748618
-67.6898221485
-70.0
-70.0
-70.0
-70.0
-70.0
-70.0
-70.0
-65.027011929
-62.2089853555
-60.7778698995
-60.2266049626
-60.221625835
-56.0637430117
-54.0335552173
0
-70.0
-70.0
-70.0
-70.0
-70.0
-70.0
-70.0
-70.0
-70.0
-70.0
-70.0
-65.7577280677
-63.3537739727
-62.1329423833
-61.6626786835
-61.6584311742
-61.9339349628
-62.3681060706
-62.8830051995
-63.4291778369
-63.9759088248
-64.5047504567
-65.3274931739
-66.4590420467
-67.5769298868
-69.139133087
-70.0
-70.0
-70.0
-70.0
-70.0
-70.0
-70.0
-70.0
-70.0
-70.0
-70.0
-70.0
-70.0
-70.0
-70.0
-70.0
-70.0
-70.0
-70.0
-70.0
-65.7872927474
-63.4000919709
-62.1877684393
-61.720782039
-61.7165641309
-62.1559900952
-62.6811126706
-63.2401491268
-63.9606351285
-59.7328536107
-57.538422913
-56.6371503973
-57.1941515152
-58.4431244388
-60.0587639215
-61.3595221471
-62.4279930108
-63.3214757621
-64.0801828874
-64.7327343997
-65.2998408271
-65.7967766559
-66.2350455981
-66.6235054434
-66.9691311692
-67.2775355656
-68.3715425144
-70.0
-70.0
-70.0
-70.0
-66.6991029692
-64.8285946518
-63.8786698396
-63.512759291
-63.5094543187
-63.7238228581
-64.0616498865
-64.4622911073
-64.8872661362
-65.3126756157
-65.7241654495
-66.2733371681
-66.7270622937
-67.1083952926
-67.4335819155
-62.5747049675
-59.9068886332
-58.6426358781
-58.2626630291
-58.9250551689
-60.5125938316
-63.7455859633
-68.4474618845
-70.0
-70.0
-70.0
-70.0
-70.0
-70.0
-70.0
-70.0
-70.0
-64.9824698058
-62.1392026957
-60.6952690065
-60.1390664927
-60.134042768
-60.4598937743
-61.2981578977
-63.0599952516
-59.5617583499
-56.0955242639
-54.4792663369
-54.0268693694
-54.2878688766
-54.968206285
-56.3637450638
-57.8153601623
-59.0924838826
-60.2223419854
-61.2261787809
-62.1209415655
-62.9204345174
-63.6361158046
-64.2776540501
-65.0198212836
-65.9558775808
-68.116831128
-69.800925552
-66.2960094953
-64.3165262115
-63.4813464786
-63.1975270895
-63.2539845531
-63.5127262128
-63.8842136682
-64.3109656859
-64.7566513736
-65.1988410738
-65.7899435242
-66.2849402103
-66.8670235482
-67.3207060994
-68.0047254268
-68.8041461757
-69.8081604191
-70.0
-70.0
-70.0
-70.0
-70.0
-70.0
-64.9309514414
-62.0584905915
-60.5997310618
-60.037817642
-60.0327423353
-60.8564656167
-62.157234065
-63.6851206649
-65.9395980365
-67.5888811917
-69.2833371438
-70.0
-70.0
-70.0
-70.0
-70.0
-70.0
-70.0
-70.0
-70.0
-70.0
-70.0
-70.0
-70.0
-70.0
-70.0
-70.0
-70.0
-70.0
-70.0
-70.0
-70.0
-70.0
-70.0
-70.0
-70.0
-70.0
-70.0
-70.0
-70.0
-70.0
-70.0
-70.0
-70.0
-70.0
-70.0
-70.0
-70.0
-65.1232568348
-62.3597690412
-60.9563507303
-60.4157547195
-60.4108719556
-60.7275798988
-61.2266853347
-61.8185924185
-62.4464502548
-63.2346999481
-64.0989097658
-64.8141386642
-65.7400649707
-66.7638685889
-67.6472718069
-68.2557380108
-68.6789597994
-69.139677546
-69.607535609
-69.9013325932
-70.0
-70.0
-70.0
-70.0
-70.0
-70.0
-70.0
-70.0
-70.0
-70.0
-70.0
-70.0
-70.0
-70.0
-70.0
-70.0
-70.0
-70.0
-70.0
-70.0
-70.0
-70.0
-70.0
-70.0
-70.0
-70.0
-70.0
-70.0
-70.0
-70.0
-70.0
-70.0
-70.0
-70.0
-70.0
-70.0
-70.0
-70.0
-70.0
-70.0
-70.0
-70.0
-70.0
-70.0
-70.0
-70.0
-70.0
-70.0
-70.0
-70.0
-70.0
-70.0
-70.0
-70.0
-70.0
-70.0
-70.0
-70.0
-70.0
-70.0
-70.0
-65.0046745007
-62.1739900512
-60.7364463797
-60.1827052975
-60.177703805
-60.6612049636
-61.9098010109
-64.2283674371
-66.4650216709
-68.574299217
-69.887389104
-70.0
-70.0
-70.0
-70.0
-70.0
-70.0
-70.0
-70.0
-70.0
-70.0
-70.0
-64.9721420395
-62.1230225286
-60.8399278489
-60.7019041259
-60.9290264213
-61.3676655845
-61.9185935629
-62.5185305645
-63.45112508
-64.39322762
-65.3126315566
-66.0205195334
-66.5779016683
-67.1891508937
-67.6495953991
-68.1654589224
-68.8616284056
-69.4800258154
-70.0
-70.0
-70.0
-70.0
-70.0
-70.0
-70.0
-70.0
-70.0
-70.0
-70.0
-70.0
-70.0
-70.0
-70.0
-70.0
-70.0
-70.0
-70.0
-70.0
-70.0
-70.0
-70.0
-70.0
-70.0
-70.0
-70.0
-70.0
-70.0
-70.0
-70.0
-70.0
-70.0
-70.0
-70.0
-70.0
-70.0
-70.0
-70.0
-70.0
-70.0
-70.0
-65.040468038
-62.2300665929
-60.8028235061
-60.2530502038
-60.248084549
-60.5701690044
-56.3908200799
-54.3368500558
0
-70.0
-70.0
-70.0
-70.0
-70.0
-70.0
-66.724335364
-64.8681254037
-63.925461914
-63.5623484231
-59.460698344
-55.6486183518
0
-70.0
-70.0
-70.0
-70.0
-65.6789408784
-63.2303407095
-61.9868359178
-61.5078385122
-62.8040761514
-65.3079525576
-69.1024084276
-68.0776797025
-67.6442475885
-64.7947745116
-63.2585981817
-62.5616057777
-63.0364345721
-63.5534506963
-64.0785453476
-64.5909839601
-65.0787476623
-65.5354476282
-65.9582860201
-66.3467128546
-66.7015451935
-67.0243930904
-67.3172887255
-67.5824498157
-67.822131476
-68.1990360896
-70.0
-70.0
-70.0
-70.0
-70.0
-70.0
-70.0
-70.0
-70.0
-70.0
-70.0
-70.0
-70.0
-70.0
-70.0
-70.0
-70.0
-70.0
-69.2593217367
-70.0
-70.0
-70.0
-70.0
-70.0
-70.0
-70.0
-70.0
-70.0
-70.0
-70.0
-64.9996879611
-62.1661778057
-60.7271991189
-60.1729052696
-60.1678987843
-60.4926316003
-61.3313835699
-63.5865995589
-65.8015091671
-68.2364046264
-69.7561284144
-70.0
-70.0
-70.0
-70.0
-70.0
-70.0
-70.0
-64.9815494523
-62.1377608085
-60.693562262
-60.4624221699
-60.6416573757
-61.2284854343
-62.1990530736
-63.6871751887
-66.2507258352
-68.5692582749
-70.0
-70.0
-70.0
-70.0
-70.0
-70.0
-70.0
-70.0
-70.0
-70.0
-70.0
-70.0
-70.0
-70.0
-70.0
-70.0
-70.0
-70.0
-70.0
-70.0
-70.0
-70.0
-70.0
-70.0
-70.0
-70.0
-70.0
-70.0
-70.0
-70.0
-70.0
-70.0
-70.0
-70.0
-70.0
-70.0
-70.0
-70.0
-70.0
-70.0
-70.0
-70.0
-70.0
-70.0
-70.0
-70.0
-70.0
-70.0
-70.0
-70.0
-70.0
-70.0
-70.0
-70.0
-70.0
-70.0
-70.0
-70.0
-70.0
-70.0
-70.0
-70.0
-70.0
-65.1461275881
-62.395599888
-60.9987632716
-56.8913766002
-54.8638987107
-54.1519486866
-54.2530470493
-54.8386044985
-55.6953188182
-56.686170116
-57.7244752242
-58.7566424483
-59.7507213678
-60.8590613406
-61.8287632795
-62.6829590003
-63.4393777994
-59.5475912398
-58.7154495939
-58.7538745727
-59.311757815
-60.0027624998
-60.7506065608
-61.5076261119
-62.2449169723
-58.077557783
-55.9745570099
0
-70.0
-70.0
-70.0
-70.0
-70.0
-70.0
-70.0
-70.0
-70.0
-66.8079260374
-64.9990841253
-64.0804761739
-63.7266288639
-63.7234328491
-63.9307341453
-64.2574237848
-64.6448567757
-65.0558213443
-65.4672060407
-65.8651299905
-66.2417133607
-66.5929396042
-66.9172440301
-67.214585218
-67.6485870901
-68.6428542286
-70.0
-70.0
-70.0
-70.0
-70.0
-70.0
-70.0
-70.0
-70.0
-70.0
-70.0
-70.0
-70.0
-70.0
-70.0
-70.0
-70.0
-70.0
-70.0
-70.0
-70.0
-70.0
-70.0
-66.3609930794
-64.2988891577
-63.2516638327
-62.8482731767
-62.8446296771
-63.0809559215
-63.4533864708
-63.8950652513
-64.3635703446
-64.832554389
-65.2861930027
-60.7669821611
-58.3632229175
-57.3088599407
-57.2674875129
-57.6670811392
-58.4800267422
-59.5167932125
-60.488293321
-61.3882502754
-62.2152827722
-62.9709928445
-63.6587191264
-64.2827309247
-64.8477136395
-65.5219461471
-66.5610041122
-67.6238220874
-69.1574679657
-70.0
-70.0
-70.0
-70.0
-70.0
-70.0
-70.0
-70.0
-70.0
-70.0
-70.0
-70.0
-70.0
-70.0
-70.0
-70.0
-70.0
-70.0
-66.3255729324
-64.2433975941
-63.185979138
-62.778662093
-62.7749831296
-63.0136096473
-58.8240616698
-56.6828641609
-55.8420501836
-55.8094934577
-56.262976307
-56.9929668063
-58.357278879
-60.3859568266
-57.9246686383
-57.182840104
-57.3280427578
-57.8375629247
-58.5486895941
-55.0129940496
0
-70.0
-70.0
-70.0
-70.0
-69.0400481462
-68.496075429
-68.2198226177
-68.113410177
-68.1124490401
-68.3412907232
-69.3551359917
-70.0
-70.0
-70.0
-70.0
-70.0
-70.0
-70.0
-70.0
-65.1967175993
-62.4748575723
-61.092579637
-60.5601268879
-60.5553176756
-60.8672548923
-61.3588420592
-61.9418329574
-62.5602330644
-63.1792653598
-63.9467925584
-64.6090824589
-65.8289035965
-68.6640118708
-66.5320138039
-66.8598427443
-67.4918342393
-67.9546346616
-68.3004937596
-68.5646594264
-68.7710035123
-68.9357765134
-69.0701144303
-69.1817133661
-69.2759489487
-69.3566253333
-69.4264769863
-69.4875054119
-69.5412056202
-69.5887188911
-70.0
-70.0
-70.0
-70.0
-70.0
-70.0
-70.0
-70.0
-70.0
-70.0
-70.0
-70.0
-70.0
-70.0
-70.0
-70.0
-70.0
-70.0
-70.0
-70.0
-70.0
-70.0
-70.0
-70.0
-70.0
-70.0
-70.0
-66.0352244693
-63.7885183353
-62.6475440437
-62.2080413339
-62.2040716636
-62.4615541393
-62.8673251534
-63.3485435901
-63.8589898658
-64.369957969
-65.0232068986
-65.5810493597
-66.0630531911
-66.4834870502
-66.852964464
-67.6655517213
-68.3929190183
-69.0449087626
-70.0
-70.0
-70.0
-65.6576716504
-63.1970189189
-61.9473933161
-61.4660381772
-61.4616904879
-61.7436921914
-62.1881034738
-62.7151467941
-63.2742012265
-63.8338271784
-64.3751418436
-64.8874259146
-65.3652154933
-65.8063820575
-66.2108692607
-66.5798659407
-62.2696733037
-60.5978519448
-61.0825918378
-62.5041973952
-59.7694646436
-58.4696428379
-58.0740949932
-58.2342964533
-58.7226074475
-59.3915071292
-60.1464633672
-60.9278883311
-61.6991470317
-62.4385973511
-63.1343142976
-63.7806006556
-64.3756857819
-65.7377139983
-67.8460071281
-70.0
-70.0
-70.0
-70.0
-70.0
-70.0
-70.0
-70.0
-70.0
-70.0
-70.0
-70.0
-70.0
-70.0
-70.0
-70.0
-70.0
-70.0
-70.0
-70.0
-70.0
-70.0
-70.0
-70.0
-70.0
-70.0
-70.0
-70.0
-70.0
-70.0
-70.0
-70.0
-70.0
-70.0
-70.0
-70.0
-70.0
-70.0
-70.0
-70.0
-70.0
-70.0
-70.0
-70.0
-70.0
-70.0
-70.0
-70.0
-70.0
-65.7178836243
-63.2913510115
-62.0590530767
-61.5843725466
-61.5800851437
-57.5311135675
-55.5173601695
-54.7918627918
0
-70.0
-70.0
-70.0
-70.0
-70.0
-70.0
-70.0
-70.0
-70.0
-70.0
-70.0
-70.0
-70.0
-70.0
-66.5563467183
-65.421020349
-64.8924571825
-64.7455707098
-64.8325864693
-65.0570430426
-65.3564822185
-61.1899017808
-59.3183067922
-58.5514062393
-58.8070504654
-59.3335353188
-60.0049750536
-60.7410063927
-61.4912583164
-62.2250341934
-62.9244652465
-63.5799750368
-64.1872817431
-64.7454230421
-65.2554603868
-65.719634114
-66.1408172132
-66.687916499
-67.4535784696
-68.4958563201
-69.6603611531
-70.0
-70.0
-70.0
-70.0
-70.0
-70.0
-70.0
-70.0
-70.0
-70.0
-70.0
-70.0
-70.0
-70.0
-70.0
-70.0
-70.0
-70.0
-70.0
-70.0
-70.0
-70.0
-70.0
-70.0
-70.0
-70.0
-70.0
-70.0
-70.0
-70.0
-70.0
-70.0
-70.0
-70.0
-70.0
-70.0
-70.0
-70.0
-70.0
-70.0
-70.0
-70.0
-70.0
-70.0
-70.0
-70.0
-70.0
-70.0
-70.0
-70.0
-65.1215059848
-62.6924593762
-61.6469272096
-61.4640010768
-61.9645552377
-62.532735893
-63.454053083
-64.2250416275
-65.3773833598
-66.3901256205
-67.1181001229
-67.6509481536
-63.1387969635
-60.6602130174
-59.4843888824
-59.1294147721
-59.2787831468
-59.7257780667
-55.8225677388
-54.2811559508
0
-70.0
-70.0
-70.0
-70.0
-70.0
-70.0
-70.0
-70.0
-70.0
-65.4530166511
-62.8763927533
-61.5678719896
-61.063830465
-61.0592778681
-61.354570381
-61.8199268761
-62.5398098771
-58.6458682526
-56.6879743362
-55.9569721751
-55.986471806
-56.7985657342
-58.0583042554
-60.3633685102
-62.3931281128
-64.0272962705
-65.2068872895
-66.0744123246
-66.7257802681
-67.225741692
-62.7189970422
-60.2576503509
-59.1055873245
-58.7774965978
-58.9547256085
-59.429238828
-60.0663054654
-60.779668599
-61.5150308592
-62.23908052
-62.9322076325
-63.9083158409
-64.8590369046
-65.7673127253
-66.4533677936
-66.9832219082
-67.7226721946
-68.7312532925
-70.0
-70.0
-70.0
-70.0
-70.0
-70.0
-70.0
-70.0
-70.0
-70.0
-70.0
-70.0
-70.0
-70.0
-65.0809029276
-62.2934145866
-60.8778077624
-60.3325167425
-60.3275915724
-60.6470500847
-61.1504901892
-57.111257391
-55.1173424657
-55.5667450368
-58.6491479372
-61.8572747457
-64.1678894092
-65.7486618937
-62.2210089911
-60.3637169499
-59.5705511601
-59.442299981
-59.7172726074
-60.225013763
-60.855491331
-61.5385948274
-62.2305037643
-62.9046323343
-63.5456217319
-64.3118613126
-65.2919596812
-66.0369533796
-66.6160511527
-62.1826092268
-59.9448404291
-59.1011622473
-59.2871501762
-59.7558379276
-60.3785226476
-61.0728493913
-61.9505171245
-63.4106838602
-65.3291758632
-67.2922139239
-69.0537950231
-70.0
-70.0
-70.0
-70.0
-70.0
-65.2337552114
-62.5328831645
-61.1612638309
-60.6329167697
-60.6281446407
-60.9376765419
-61.4254731312
-62.0039686471
-62.6176003351
-63.5648593348
-64.8374694234
-66.1121198282
-67.0065060769
-67.8086709568
-69.019264186
-69.7783113172
-70.0
-70.0
-70.0
-70.0
-70.0
-70.0
-70.0
-70.0
-70.0
-70.0
-70.0
-70.0
-70.0
-70.0
-70.0
-70.0
-70.0
-70.0
-70.0
-70.0
-70.0
-70.0
-65.4245937573
-63.3245135531
-62.2869816455
-61.9215631127
-61.9715932226
-62.2692248478
-62.705496328
-63.2104093385
-63.7396768336
-64.2659147695
-64.7727937053
-65.2511612767
-65.6964764436
-66.107116329
-66.4832630492
-66.8261756464
-62.743927285
-61.3592806822
-61.3117000245
-62.2350760218
-63.3812089627
-64.2895150951
-65.0248482714
-65.6318865681
-66.1417133272
-66.5762189384
-66.9510483405
-67.2775777038
-67.5642427316
-67.8174336573
-68.0421004241
-68.2421638034
-68.4207963708
-68.5806160323
-68.7238206281
-69.0150326971
-64.3338628052
-61.7140321099
-60.5828937335
-60.3899945204
-63.7268873846
-68.6818457505
-70.0
-70.0
-70.0
-70.0
-70.0
-70.0
-70.0
-70.0
-70.0
-70.0
-70.0
-70.0
-70.0
-70.0
-70.0
-70.0
-70.0
-70.0
-65.1412571232
-62.3879694931
-60.9897312652
-60.4511306196
-60.4462658783
-60.7618048376
-61.2590680519
-62.1787903786
-63.971580761
-65.4132022984
-66.5960676171
-67.4192512211
-67.9991863428
-68.4138412044
-68.7155060812
-68.9393214712
-69.1089666562
-69.2404548786
-69.6671659828
-69.9342871126
-70.0
-70.0
-70.0
-70.0
-70.0
-70.0
-70.0
-70.0
-70.0
-65.2316426685
-61.2382735137
-60.4677929029
-61.1512906604
-61.8563462929
-62.550834796
-63.2158334046
-63.8409714563
-64.4213552388
-65.1242903336
-65.8690750461
-66.453643372
-66.9225962552
-67.7973818708
-68.7176752544
-69.3125954427
-69.6924610409
-65.0849202465
-62.4842317615
-61.1743442786
-60.6826003128
-60.6981339229
-61.0175162916
-61.5085618364
-62.259487102
-63.6315524465
-64.8328232383
-65.7258249387
-61.6071052469
-59.4156365903
-58.45356751
-58.2612071448
-58.5370840208
-59.0847073458
-59.7771244292
-60.5333371983
-61.6266202856
-62.5617027952
-63.5364455411
-64.8309929526
-66.6050216336
-68.4373547877
-70.0
-70.0
-70.0
-70.0
-70.0
-70.0
-70.0
-70.0
-70.0
-70.0
-70.0
-70.0
-70.0
-70.0
-70.0
-70.0
-70.0
-70.0
-70.0
-70.0
-70.0
-70.0
-70.0
-70.0
-70.0
-70.0
-70.0
-70.0
-70.0
-65.1948941122
-62.4720007757
-61.2567591919
-61.8110496213
-64.3944133427
-66.4614688262
-63.4060235258
-61.7925555614
-61.098056264
-60.9780881434
-61.2068376663
-61.6371927912
-62.1741661064
-62.7572112253
-58.6988514204
-56.6405404901
-55.850869249
-55.848704196
-56.3191150243
-57.3860753826
-58.7849657515
-60.3393844478
-61.594056184
-62.6270573529
-63.4926228092
-64.2288746559
-65.1914966088
-66.2593431581
-67.191989649
-68.0124278886
-68.5709432361
-68.95368767
-69.2182114081
-69.4029852706
-70.0
-70.0
-70.0
-70.0
-70.0
-70.0
-70.0
-70.0
-70.0
-70.0
-70.0
-70.0
-70.0
-70.0
-70.0
-70.0
-70.0
-70.0
-70.0
-70.0
-70.0
-70.0
-70.0
-70.0
-70.0
-70.0
-70.0
-70.0
-70.0
-70.0
-70.0
-70.0
-70.0
-70.0
-70.0
-67.7670771535
-66.6627208738
-66.1113497436
-65.9101487406
-65.9257565142
-66.2271144111
-66.5336920022
-66.8331821568
-67.1184368443
-67.385641762
-67.6331099873
-67.8604872561
-68.0682307089
-63.4465155206
-60.8919358902
-59.8273513601
-59.8581037448
-60.5466174347
-61.6050227629
-62.6841485344
-64.5617357128
-67.8397506938
-70.0
-70.0
-70.0
-70.0
-70.0
-70.0
-70.0
-70.0
-70.0
-70.0
-70.0
-65.201346456
-62.4821094477
-61.1011635945
-60.5692239627
-60.5644193849
-61.0402322273
-61.7915156905
-62.5159019121
-63.2000035814
-63.8371311302
-64.4248366218
-65.1297943002
-65.7151090972
-66.2091276722
-66.6319012281
-66.9978353207
-67.3174679323
-62.7735674879
-60.288108305
-59.1205625184
-58.7826829625
-58.9538657969
-59.4247799709
-60.0598358097
-60.7722081193
-61.6722245341
-62.4898268986
-58.4844870101
-56.7945668211
-56.5619180359
-57.3703870524
-58.4393438322
-55.2769850398
0
-70.0
-70.0
-70.0
-70.0
-70.0
-70.0
-70.0
-70.0
-70.0
-70.0
-70.0
-70.0
-70.0
-70.0
-70.0
-70.0
-70.0
-66.2143250768
-64.069109287
-62.9796761703
-62.5600270945
-62.5562367459
-62.8020879786
-63.1895291189
-63.6490094991
-64.1363974106
-64.6242835771
-65.0962058245
-65.5428189788
-65.959359572
-66.3439719422
-66.6966069663
-67.0183010819
-62.6655906463
-60.6286280152
-60.3853239471
-61.2154103376
-62.5046632613
-63.8604939356
-64.8786425423
-65.6602436216
-66.2738628151
-66.7662389041
-67.169456594
-67.5057386548
-67.7906499361
-68.035241707
-68.2474887127
-68.433253959
-68.5969379748
-68.7419171185
-68.8708407007
-68.9858334934
-69.0886347192
-69.1806942974
-69.2632402344
-69.3373264554
-69.4038673062
-69.4636629065
-69.5174181697
-69.5657573887
-70.0
-70.0
-70.0
-70.0
-70.0
-70.0
-70.0
-70.0
-70.0
-70.0
-70.0
-70.0
-70.0
-70.0
-70.0
-70.0
-70.0
-70.0
-70.0
-70.0
-70.0
-70.0
-70.0
-70.0
-70.0
-70.0
-70.0
-70.0
-70.0
-70.0
-70.0
-70.0
-70.0
-65.9746497263
-63.6936179045
-62.5352115479
-62.0889940157
-62.0849636959
-62.3463800474
-58.3740940077
-56.3782525836
-55.6348059763
-55.6675778128
-56.1649883209
-56.9246016817
-57.8162163088
-58.7573112081
-55.4018896936
-54.0369571284
-54.2475323513
0
-70.0
-70.0
-70.0
-70.0
-68.7143486106
-67.9858128233
-64.2445272197
-62.1916049503
-61.2201314236
-60.9299095935
-61.3891393789
-62.2856402996
-64.0729360611
-65.8378822411
-67.1960872077
-68.1044739474
-68.712690193
-69.1205302672
-64.6434527452
-62.1357578071
-60.8932822507
-60.4513541752
-60.504485524
-60.8528814825
-61.3668230082
-61.96296049
-62.5885442961
-63.2109431032
-63.810684284
-59.6441936799
-57.8294187759
-55.142317486
-54.3494961292
-54.5637978886
-55.2069190146
-56.0858943897
-57.0770831351
-58.1025602778
-59.1144278876
-60.0844008571
-60.9969046103
-61.8445100419
-62.6249229661
-63.3390066217
-63.9894899277
-64.5801302471
-65.1151767638
-65.599032115
-66.0360442553
-66.5953833976
-67.044474103
-67.5789460556
-67.9803310253
-68.2884843063
-68.530426798
-68.7245780664
-69.5450828919
-70.0
-70.0
-70.0
-70.0
-70.0
-70.0
-70.0
-70.0
-70.0
-70.0
-70.0
-70.0
-65.3544728142
-62.7220074089
-61.3851279187
-60.8701626273
-61.0313996365
-61.4270951875
-62.7827760118
-60.3367177529
-60.3483013041
-61.3427191679
-62.2279459139
-63.018150431
-63.7250014603
-60.0040338398
-58.1046521396
-57.3615347148
-57.3369464361
-57.7442952543
-58.3972280368
-59.1757467717
-60.0036664536
-60.8336293809
-61.6371528247
-62.3980284634
-63.1079528979
-63.7636424619
-64.364934785
-65.0761855629
-66.1575630663
-66.9344707995
-67.5027997461
-67.9270371225
-68.2506783109
-68.6696737469
-68.965415217
-69.3505962585
-69.7736016747
-70.0
-70.0
-70.0
-70.0
-70.0
-70.0
-70.0
-70.0
-70.0
-70.0
-70.0
-70.0
-70.0
-70.0
-70.0
-70.0
-70.0
-70.0
-70.0
-70.0
-70.0
-70.0
-70.0
-70.0
-70.0
-70.0
-70.0
-70.0
-70.0
-70.0
-70.0
-70.0
-70.0
-70.0
-70.0
-70.0
-70.0
-70.0
-70.0
-70.0
-70.0
-70.0
-70.0
-70.0
-70.0
-70.0
-70.0
-70.0
-70.0
-70.0
-70.0
-70.0
-70.0
-70.0
-70.0
-70.0
-70.0
-70.0
-70.0
-70.0
-70.0
-70.0
-70.0
-70.0
-70.0
-65.2525183654
-60.9711787725
-58.7033357244
-57.7191853713
-57.7017630545
-58.2656385991
-59.6637280288
-61.5070489787
-63.232139916
-64.4927898145
-60.787708662
-58.8717363484
-58.0930950819
-58.0228071527
-58.3798741567
-58.9814518872
-59.7096834626
-60.4896329591
-61.2746148917
-62.0364502215
-62.7590030787
-63.4339013571
-64.0577102788
-64.6300719559
-65.1524865637
-65.6275191095
-66.2262880001
-67.0503397344
-68.3008427838
-70.0
-70.0
-70.0
-70.0
-70.0
-70.0
-70.0
-65.3887813565
-62.7757574585
-61.4487512044
-60.9375890785
-60.932972167
-61.2324362812
-61.7043668737
-62.2640463334
-62.8577191314
-63.4519988392
-64.1873333692
-64.9849295185
-61.0662908765
-57.4231979955
-55.6565690003
-55.0747059699
-55.8884275809
-56.8470462949
-57.8606493134
-59.0399532168
-60.1128704517
-61.0861917775
-62.1345615137
-63.0257646382
-63.792961025
-64.4601801563
-65.0451722965
-65.561328504
-66.0189779451
-66.4262683449
-66.7897669733
-67.1148739179
-67.7346089541
-68.8449630106
-69.7199266775
-70.0
-70.0
-70.0
-70.0
-70.0
-70.0
-70.0
-70.0
-70.0
-70.0
-70.0
-70.0
-70.0
-70.0
-70.0
-70.0
-70.0
-65.5094848295
-63.3032928996
-62.3711124228
-62.2380577966
-62.5835946994
-63.038130351
-63.5429140636
-64.0610204891
-64.569850328
-65.0561532205
-65.5127298486
-65.9362514972
-66.3258227698
-66.6820381077
-67.0063660401
-67.3007505983
-67.7338563132
-68.3932578651
-68.8424568674
-69.1505610398
-69.3637381753
-69.5128531841
-69.6185604165
-69.6946994088
-69.7505594905
-69.7923902232
-69.8244089887
-69.8494732817
-69.8695294148
-69.8859121142
-70.0
-66.015198186
-64.089577158
-63.4655908582
-63.4742201238
-63.696923679
-64.0406483562
-64.4455282172
-60.3928559021
-58.2814906495
-57.4052884764
-57.2993908899
-57.6592059751
-58.286454827
-59.0532556439
-59.8782276126
-60.7106032067
-61.519675123
-62.7812957686
-63.9453916304
-65.0091694264
-65.9810471232
-66.8623888371
-67.6562809043
-68.2107401144
-68.9315576367
-69.5654128955
-69.9602122876
-70.0
-70.0
-70.0
-70.0
-70.0
-70.0
-70.0
-70.0
-70.0
-66.1363509574
-63.9469498332
-62.8350774976
-62.4067848463
-62.4029164273
-62.653831495
-63.0492528192
-63.5181971863
-64.0156239004
-64.6763091322
-65.2501766335
-65.7528245799
-66.1959858617
-66.588683102
-66.9380120095
-67.2496756204
-67.5283512662
-67.7779449448
-68.0017696538
-68.2026721574
-68.3831245877
-68.5452918929
-68.6910825463
-68.8221875201
-68.9401109204
-69.3724425184
-69.98951006
-70.0
-70.0
-70.0
-70.0
-70.0
-70.0
-70.0
-70.0
-70.0
-70.0
-70.0
-70.0
-70.0
-70.0
-70.0
-70.0
-70.0
-70.0
-70.0
-70.0
-70.0
-70.0
-70.0
-70.0
-70.0
-70.0
-70.0
-70.0
-70.0
-70.0
-70.0
-70.0
-70.0
-70.0
-70.0
-70.0
-70.0
-70.0
-70.0
-70.0
-70.0
-70.0
-70.0
-70.0
-70.0
-70.0
-70.0
-70.0
-70.0
-70.0
-70.0
-70.0
-70.0
