-70.0
-70.0
-70.0
-70.0
-70.0
-70.0
-70.0
-70.0
-70.0
-69.1316872428
-68.6396433471
-68.3897622314
-68.2935081542
-69.2666264746
-69.874943251
-70.0
-70.0
-70.0
-70.0
-70.0
-69.0585276635
-68.1916933394
-67.3985363004
-67.0093575336
-66.8755383557
-66.8993955705
-67.0170633803
-60.1870952869
-55.5040027498
0
-70.0
-70.0
-70.0
-70.0
-62.5308641975
-58.2983539095
-56.1489026063
-55.3209350709
-55.3134567139
-55.7985211426
-56.5629424284
-57.4694971189
-58.4311133626
-59.3937126634
-60.3248151551
-61.2059828116
-62.0278173118
-62.7866574349
-56.5063846726
0
-70.0
-70.0
-70.0
-70.0
-69.1879880726
-68.7278479804
-68.4941689924
-67.46268363
-66.9283696249
-66.710168901
-67.6889042882
-68.3531820442
-68.8066426297
-69.11849756
-69.3349939329
-69.4870586255
-69.5953954869
-69.6738844208
-69.7318483005
-68.7832723649
-68.2546843914
-67.9957087942
-67.9071331428
-68.9186117494
-69.5615451884
-69.9619204122
-70.0
-63.1585124219
-56.9483361276
0
-70.0
-70.0
-70.0
-70.0
-69.3947368953
-69.0517544693
-68.877573198
-68.810478662
-68.8098726517
-61.9301070967
-55.7379108605
0
-70.0
-70.0
-70.0
-70.0
-68.6173554545
-67.8338568787
-67.4359625039
-67.2826937956
-67.281309444
-67.3711018517
-67.5126072345
-67.6804235564
-67.8584325643
-68.0366235503
-68.2089840235
-68.37210084
-68.5242342352
-68.6647064645
-68.7934995866
-68.9109921403
-69.0177879345
-69.1146058132
-70.0
-70.0
-70.0
-70.0
-63.1975308618
-59.3427983502
-57.3851988982
-55.6311325978
-55.0576550643
-55.2116467087
-55.7969868051
-57.6100636161
-59.1109075822
-59.4621752043
-60.7279003078
-61.2408498041
-61.840591175
-62.4724162918
-63.1024308188
-63.7103585077
-64.2847698374
-64.8199243074
-65.3136861791
-66.7401414679
-68.0380099256
-68.8821306694
-69.4258654267
-69.7712441002
-69.9860965009
-70.0
-70.0
-70.0
-70.0
-70.0
-70.0
-70.0
-70.0
-70.0
-70.0
-70.0
-70.0
-70.0
-63.0390008414
-59.0944346515
-57.0912137825
-56.319574135
-56.312604542
-56.7646693015
-56.4770873924
-56.4219686671
-56.8414984764
-58.5308181202
-59.9267159691
-61.1000308129
-62.1006853587
-62.9643885742
-63.7171308844
-64.378205241
-64.9622430136
-65.4805909101
-65.9422466176
-67.3371569583
-68.2628645974
-68.8761936943
-69.2816513626
-69.5488709182
-69.7242402876
-69.8386538997
-68.9131313632
-68.3940467959
-68.136127829
-68.0435055212
-68.0531486192
-68.123829524
-68.2287770828
-68.3507863819
-68.4789657487
-68.6065745104
-67.7469288137
-67.3062437686
-67.1316246159
-66.4187619334
-66.1104189261
-67.054932167
-67.7198090393
-68.194741528
-68.3752672502
-68.5377404418
-68.683966342
-68.8155696708
-68.934012679
-69.0406113946
-69.1365502442
-69.2228952125
-68.5969019826
-69.0705451144
-69.3857128231
-63.1508452445
-59.6382298558
-57.0077402036
-55.8625217388
-55.6466399353
-55.9955561886
-55.8692515986
-56.2644937913
-56.9594893138
-57.8111703169
-58.7284732415
-59.6545725549
-60.5550797244
-61.410214702
-62.2096218652
-55.964931042
0
-70.0
-70.0
-70.0
-70.0
-69.5203500866
-69.248548469
-69.1105158828
-69.0573458017
-69.0568655596
-69.088015229
-70.0
-70.0
-70.0
-70.0
-63.1974912621
-59.3427363106
-57.3851254627
-56.6310547718
-56.6242438649
-57.0660158586
-57.7622118596
-58.5878557315
-59.4636468636
-60.340333314
-62.1849085865
-62.8854905882
-63.542990103
-64.1527234751
-64.7134727158
-65.2261398364
-66.5611815381
-67.4768338412
-67.1688584251
-66.745111228
-66.5993592021
-66.6252626798
-67.6655045153
-68.3674661327
-68.8430608987
-68.2547738902
-67.9599758888
-67.8510978917
-67.8574011637
-67.9326030881
-68.0466374731
-67.2679616836
-66.8918241537
-66.7697474973
-66.8041765869
-66.9313614878
-67.1099603787
-67.3134543673
-67.5251022816
-67.7345876207
-66.9618048651
-66.5994083829
-66.4953235474
-66.5496951946
-66.6973283431
-59.8959973707
-56.151998875
-54.367199815
0
-70.0
-70.0
-70.0
-70.0
-69.9192635369
-69.8735128745
-69.8502787146
-69.8413289282
-69.841248092
-69.8464913206
-69.8378637768
-70.0
-70.0
-70.0
-70.0
-70.0
-70.0
-70.0
-70.0
-70.0
-70.0
-70.0
-70.0
-69.66654346
-69.4775847541
-69.381623372
-69.3446590971
-69.3443252288
-69.3659807336
-69.400108012
-69.4405807787
-69.483511746
-69.5264866016
-69.5680552949
-68.6189556876
-68.0955307337
-67.8449580702
-67.0627454994
-66.6913264403
-66.5787641234
-66.6252679292
-66.7656612817
-66.9577085839
-67.174346679
-67.3985179801
-67.6197368281
-67.8318102426
-68.0313272833
-68.2166599315
-68.3873041894
-69.5434355372
-70.0
-70.0
-69.2962962957
-69.699999999
-69.952222221
-70.0
-70.0
-70.0
-69.4444444444
-69.1296296295
-68.9697530863
-68.9081687242
-68.9076124827
-68.9436916551
-69.0005494367
-68.1265067879
-60.6645309724
-56.498527784
-54.4489749448
0
-70.0
-70.0
-70.0
-70.0
-69.7015352484
-69.5324052226
-69.4465136996
-69.4134283292
-69.413129496
-69.4325125461
-69.4630586247
-69.4992843177
-69.5377102563
-69.5761754775
-69.6133820943
-68.6488940566
-68.1152380988
-60.8592733212
-57.8103830261
-56.3873694148
-55.9873156009
-55.3021642878
-55.3810013569
-55.9156035532
-56.7058447525
-57.6231279804
-58.5860603177
-59.5442843762
-60.4677426654
-61.3395595501
-63.1436236826
-64.4546080394
-65.4260450521
-65.872783475
-66.2784004129
-66.6458238952
-59.9812415057
-56.3164506885
-54.5736945085
-54.0422509836
-54.2553098359
-54.9079681527
-55.802630871
-56.8126741397
-57.8582776295
-58.8903638024
0
-70.0
-70.0
-70.0
-70.0
-68.4204297259
-66.6570271467
-65.7104180276
-65.2854386219
-65.1876030245
-65.2893148985
-65.5073648596
-64.8757408362
-64.6675750609
-65.7204054928
-66.4947569021
-67.0762091843
-68.2262439512
-68.975390013
-69.4590313163
-69.7672483877
-69.9599370176
-69.0942271583
-68.6049936707
-68.3579537891
-68.2644647339
-68.2662224763
-67.4567569486
-67.0558524004
-66.9134479248
-66.2271866049
-65.9411902595
-66.902602452
-67.5826963524
-68.0713294809
-68.4287983753
-68.6956530995
-68.899244164
-69.0580906639
-68.2108078366
-67.7620778789
-67.5674373084
-67.5317383892
-67.5925944246
-67.7093548984
-66.9435575146
-66.5859605005
-66.4852036087
-66.5419093533
-66.6912024883
-67.8903949802
-61.6802306537
-58.2314577026
-56.5544786752
-55.996475303
-56.1284574362
-56.6700314682
-57.4393081718
-58.3195639216
-59.2370652408
-60.1463305242
-61.0203453435
-61.8440760569
-62.6101786164
-63.3161675316
-63.9625552963
-64.5516361119
-65.0866967309
-65.5715098779
-66.0100141035
-66.4061161688
-66.7635735356
-67.0859288379
-67.3764003538
-67.6381365849
-67.8739071041
-68.0862391788
-68.277430451
-68.4495641993
-68.6045256416
-68.7440183189
-67.9085984237
-67.4770598724
-66.7466791903
-66.4168948081
-66.3384610185
-66.4134520441
-67.5745727706
-68.3520927808
-68.8735350276
-69.2239492081
-69.4600660761
-69.6197339943
-69.7282102788
-69.8023557069
-69.8534311068
-69.8889619766
-62.9139818214
-57.9674779926
-55.4006597622
-54.3472134985
-54.2369052904
-54.6961568558
-55.4818358999
-56.4371821297
-57.4624837965
-58.4955820035
-59.4989215275
-60.450961191
-61.3404862827
-62.162851795
-62.9175093759
-63.6063869452
-65.2328075205
-66.3675662817
-67.7250582179
-68.9487181057
-69.7179567682
-70.0
-70.0
-70.0
-69.295880474
-68.8968794092
-68.6942494567
-68.6161965033
-68.6154915145
-67.7929060469
-68.3469122698
-68.1788633724
-68.1387385882
-68.1767057647
-67.5565588415
-67.2659187261
-67.1826706994
-67.22663286
-67.3454557277
-67.5052342574
-67.6842602334
-67.8688671445
-67.0896874953
-66.3858567893
-66.084029806
-67.0311822976
-67.6984343826
-68.1755044876
-69.2262667713
-69.8825152492
-70.0
-70.0
-70.0
-70.0
-69.087791493
-69.5123456756
-70.0
-70.0
-70.0
-70.0
-69.2962962961
-68.8975308639
-68.6950205758
-68.617013717
-68.6163091446
-68.6620094296
-68.7340292863
-68.8194402241
-68.9100387793
-69.0007299531
-69.088453659
-69.1714727605
-69.2489017961
-69.3203958243
-69.3859457137
-68.4480277818
-67.9370094299
-67.6991647712
-67.6331524835
-67.6724400281
-67.7735978873
-66.9962975018
-66.6300406871
-66.5226185753
-66.5740780224
-66.71915109
-66.9155565608
-67.1362146246
-66.4225966389
-66.1136726262
-66.0578624643
-66.1557809517
-66.3426726791
-66.5767186263
-66.8312555737
-67.0896025563
-67.341623994
-67.5814493902
-67.8059629815
-68.0138057036
-68.2124251333
-68.3911826199
-68.552064358
-69.4005616259
-69.9296412657
-70.0
-70.0
-70.0
-70.0
-70.0
-70.0
-70.0
-70.0
-70.0
-69.0390184423
-68.4944622263
-68.2179130891
-68.1113865039
-62.1027169893
-58.7607580476
-57.1302240809
-57.2845999353
-57.8010721167
-59.0731419106
-60.2006123899
-61.2037409312
-62.8025303952
-64.0017197272
-64.9211760021
-65.6421439003
-66.2199865092
-66.6926925243
-67.0865597158
-66.4204457999
-66.1400959237
-66.1005494671
-66.2068032777
-66.3969954547
-66.6312109124
-66.8840331567
-67.1395920647
-67.3882743406
-67.6245412282
-67.8454833198
-68.0498657974
-68.2374997574
-68.4088301415
-68.5646673672
-67.708297782
-67.2708661048
-67.0993782284
-68.0931332927
-69.0862818883
-69.712628316
-70.0
-70.0
-69.1975294398
-68.7427961224
-68.5118629278
-68.4229075802
-68.4221041189
-68.4742185715
-68.556346624
-69.6421842148
-69.3446324044
-69.1879469047
-69.1210040414
-69.9126073245
-63.3904823945
-57.3641913567
-54.1696103554
0
-70.0
-70.0
-70.0
-70.0
-69.608611304
-69.3868243762
-69.2741914071
-69.2308052453
-69.2304133734
-69.2558311378
-69.2958874252
-69.3433916168
-69.3937810779
-69.4442220519
-69.4930125679
-69.5391864586
-69.5822512444
-69.6220150744
-70.0
-63.6666490657
-60.6333057585
-59.1255229156
-57.5833409944
-57.0719204752
-57.1960041478
-57.6972542132
-58.4080957786
-59.2209975252
-59.1558301509
-59.4782020546
-59.4667962395
0
-70.0
-70.0
-70.0
-70.0
-68.9300411523
-68.3237311385
-68.015820759
-67.8972138394
-67.8961425596
-67.965628373
-68.0751322487
-68.2049968325
-68.3427490216
-68.4806420344
-68.6140231076
-68.7402509813
-68.8579793394
-67.9689673679
-67.5032612728
-67.3070622399
-67.2791074122
-67.3530309352
-67.4856173511
-68.6488482985
-68.4503529204
-61.0497620728
-56.9077488285
-54.8589492543
-54.1343712013
-54.2284786628
-54.8106605176
-55.6662809465
-56.657443839
-57.6968934466
-58.7306667628
-59.7265751939
-60.666567746
-62.5382521984
-63.9099877965
-64.9360295622
-65.7204536362
-66.333759626
-66.8239512324
-67.2239344885
-67.5564599592
-67.8374265763
-68.0780923274
-68.2865553671
-68.468748012
-68.6291053319
-68.7710162128
-68.8971288675
-69.0095588315
-69.1100315155
-69.199980742
-69.2806175865
-69.352979107
-69.4179633824
-69.4763551682
-69.5288450675
-69.5760441714
-69.6184954947
-69.6566831056
-69.6910395686
-69.7219521274
-69.7497679251
-69.7747984729
-69.7973235192
-69.8175944296
-69.8358371615
-69.8522548953
-69.8670303724
-69.8803279796
-69.8922956112
-69.9030663365
-69.9127598938
-63.9214839034
-60.5293355124
-54.9208464051
0
-70.0
-70.0
-70.0
-70.0
-69.3209876543
-68.133744856
-67.1502743484
-60.0648765432
-56.144808642
-54.2546076132
0
-70.0
-70.0
-70.0
-70.0
-69.5409010596
-68.4124322361
-68.7831316364
-68.4905579999
-68.3653285512
-68.3446799304
-67.6837643898
-67.3644229191
-67.2606706061
-66.5860264943
-67.2560207019
-67.749483203
-68.1205779302
-68.4058821689
-68.6302019731
-69.6787665471
-70.0
-70.0
-70.0
-69.1974076576
-68.7426053302
-68.5116370894
-68.422668242
-68.4218646588
-60.6056904878
-56.2291296356
-54.0622221364
0
-70.0
-70.0
-70.0
-70.0
-70.0
-70.0
-70.0
-69.0507601032
-68.512857495
-68.2396873469
-68.1344623465
-68.1335119347
-67.3268451993
-66.931950318
-66.797281712
-66.8232378247
-66.9447035648
-67.1194262234
-67.3202789444
-67.5301146122
-67.7383455258
-68.9382214635
-69.6935396439
-70.0
-69.2962141585
-68.8974021817
-68.6948682562
-68.6168522924
-68.6161476377
-68.6618532569
-69.7078692251
-69.4037441619
-69.2411443186
-69.168879602
-69.1532247853
-62.1720586854
-58.2442904026
-56.2794864195
-55.5579544823
-55.6064368372
-56.115311689
-56.8834595437
-57.7815662718
-58.7277114329
-59.6711414818
0
-70.0
-70.0
-70.0
-70.0
-69.0780389361
-68.5555943332
-69.2901407698
-68.7546642633
-68.4748895507
-68.357861738
-68.3423829925
-68.3883496455
-68.4696513157
-68.5694439407
-68.6770047176
-69.7596287317
-70.0
-70.0
-70.0
-70.0
-70.0
-70.0
-69.6660429331
-69.4768005953
-69.3806951727
-69.3436754134
-69.343341044
-69.3650290543
-69.3992075586
-69.4397410759
-69.4827364838
-69.5257758457
-62.5674177512
-56.3068223027
0
-70.0
-70.0
-70.0
-70.0
-68.9416917286
-68.3419837082
-67.2349569699
-66.6629090279
-66.4309166284
-65.7069869308
-65.4157295478
-65.3937841331
-65.5341574132
-66.7672251998
-67.9481583652
-68.7251129855
-69.2337819916
-69.5645239955
-69.7774850646
-70.0
-70.0
-70.0
-70.0
-70.0
-70.0
-70.0
-70.0
-70.0
-63.0255612019
-59.0733792163
-57.0662907177
-56.2931612613
-56.2861782121
-56.7391157755
-57.4529077877
-58.2994194021
-60.1963307648
-61.9945998902
-63.3404080358
-64.369879322
-65.1752327829
-65.8192704334
-66.3450506759
-66.7823504656
-67.1519853238
-67.4687000613
-68.7170932736
-69.5088927585
-70.0
-70.0
-70.0
-70.0
-70.0
-70.0
-70.0
-70.0
-70.0
-70.0
-70.0
-70.0
-70.0
-69.2962854798
-68.8975139184
-68.6950005175
-68.6169924598
-68.6162878765
-67.7936761068
-67.0403198414
-66.6869620874
-66.5853820321
-66.6382545979
-66.7820363174
-66.107258048
-65.8321491514
-66.8044897363
-67.494411096
-67.9918835419
-68.3573042248
-69.4337822961
-70.0
-70.0
-70.0
-63.6493251368
-59.0621704009
-57.0448422497
-56.2662839506
-56.2569395062
-56.709434856
-56.6214817682
-57.0146605232
-57.6834124255
-57.7915127823
-58.2633225703
-58.9376310241
-59.7109617289
-60.5179280941
-60.4498642196
-60.7273637543
-54.2136084218
0
-70.0
-70.0
-70.0
-70.0
-69.34674182
-69.9763616988
-70.0
-70.0
-70.0
-70.0
-70.0
-70.0
-69.9760215883
-69.9624338216
-69.9555333676
-69.9528753162
-69.9528513082
-69.9544085265
-70.0
-70.0
-70.0
-70.0
-70.0
-70.0
-70.0
-70.0
-70.0
-70.0
-70.0
-70.0
-70.0
-70.0
-70.0
-70.0
-70.0
-70.0
-70.0
-70.0
-70.0
-70.0
-69.1975305828
-68.7427979131
-68.5118650475
-68.4229098266
-68.4221063664
-68.4742207448
-68.5563486804
-68.6537471523
-68.7570613304
-68.8604811263
-68.9605169663
-70.0
-70.0
-70.0
-69.4444444435
-69.8333333318
-70.0
-70.0
-70.0
-69.1975308641
-68.7427983537
-68.511865569
-68.4229103793
-69.3830884771
-69.1114462961
-68.9780794442
-68.9321233516
-68.9401455844
-68.1778182687
-67.7811612704
-67.6171283624
-67.5981376721
-67.6668053356
-67.7857790892
-68.919409685
-69.6356077197
-70.0
-70.0
-69.4444444444
-61.7962962963
-57.4808641975
-55.308909465
-54.4954396433
-54.5241764289
-55.0572792859
-55.8752316906
-56.8368287437
-57.8525593508
-58.8669124034
0
-70.0
-70.0
-70.0
-70.0
-69.0765822816
-68.5533122412
-68.2875731423
-68.1852105782
-68.1842860204
-69.2441659803
-69.9052884236
-70.0
-70.0
-70.0
-70.0
-70.0
-70.0
-69.0342819659
-69.1276961184
-68.8794880726
-68.4345803094
-68.9235200115
-69.2527664991
-69.475222175
-69.6261881747
-69.7292281687
-69.8000778928
-69.8492517975
-69.8837810804
-70.0
-70.0
-70.0
-70.0
-63.1923926331
-59.3347484585
-57.3756703385
-55.6225568941
-55.0499369309
-56.1786880938
-57.3166491884
-58.4222042055
-59.4714637423
-60.451970673
-61.3585424756
-62.1905341413
-62.9500446694
-63.6407494972
-64.2671474107
-64.8340812451
-65.3464388376
-65.8089720984
-66.226192985
-67.5988935968
-68.5025508439
-69.0946601641
-70.0
-70.0
-70.0
-63.2961626391
-59.4973214679
-57.5681060496
-56.8249732637
-55.8182875514
-55.6869998723
-56.0853272691
-57.7708046016
-59.5230641811
-60.9236511228
-62.0665482503
-62.7789662857
-63.4471182307
-64.6219943456
-65.5061868697
-66.1864961551
-65.853485764
-66.5943658064
-66.596859416
-66.7117936012
-66.8903609924
-67.9036251964
-68.581462879
-69.0354500592
-69.339994032
-69.5447206147
-69.6827325438
-69.7761152831
-68.8569492805
-68.3435513696
-67.5351720218
-67.1323053458
-66.986175162
-66.9989578796
-67.1066622475
-67.2677294601
-66.5432369674
-66.2237669063
-59.1579607304
-55.2798783339
0
-70.0
-70.0
-70.0
-70.0
-69.5643534641
-68.3348286236
-67.6526194319
-68.3215223348
-68.7788133321
-69.0938941527
-69.3131461734
-70.0
-63.9414723365
-58.1749733272
-55.1092414774
0
-70.0
-70.0
-70.0
-70.0
-70.0
-70.0
-70.0
-70.0
-70.0
-69.0102965334
-68.449464569
-68.1646499047
-68.0549394426
-68.0539485173
-68.1182223449
-68.2195125632
-69.3319289289
-70.0
-70.0
-70.0
-70.0
-70.0
-70.0
-70.0
-70.0
-70.0
-70.0
-69.1974487265
-68.7426696714
-68.5117132494
-68.4227489545
-68.4219454124
-68.4740651068
-68.5562014198
-62.6420536144
-59.3388298106
-57.712267868
-57.1459217735
-57.234583391
-58.5816070057
-59.7704342743
-60.8247161597
-62.4668317893
-63.7032067741
-64.6549248725
-65.4041249024
-66.006840757
-66.5015755778
-58.9392095152
-54.7704828938
0
-70.0
-70.0
-70.0
-70.0
-66.1851851852
-64.0234567901
-62.9256378601
-62.5027585734
-63.4404113855
-64.2216560265
-64.8830142769
-58.6324814821
-56.0635482249
-54.9867366631
0
-70.0
-70.0
-70.0
-70.0
-69.3004115226
-68.2002743484
-68.3038866027
-61.6957201646
-57.3039259259
-55.0920518519
-54.5087725926
-54.675179284
-55.8414062115
-57.0130954943
-58.7045614365
-60.0959556205
-61.2609269436
-62.2512121726
-63.1036762377
-63.8450321354
-63.5123527995
-64.4704724411
-65.2296618114
-65.1404830028
-65.2489596176
-65.4724135992
-65.7574055348
-66.0698205117
-66.3882754808
-65.7875307748
-65.567499592
-65.5832308959
-65.7398953151
-65.9758974561
-66.2516354921
-66.5420237974
-59.8315774124
-56.144257001
-54.3937228542
0
-70.0
-70.0
-70.0
-70.0
-69.0759947469
-68.5523917702
-68.2864835918
-68.1840558984
-68.1831307524
-68.2431379731
-68.337704373
-68.4498540672
-68.5688154148
-69.6878960584
-69.3697875114
-69.1999294662
-69.1246836568
-69.1087133826
-69.1288407721
-69.1699558466
-69.2222930298
-69.2796189054
-69.3380271339
-68.4211501281
-67.9236522537
-67.6943651206
-67.6336473367
-68.6726696011
-69.3403273063
-69.7629110193
-70.0
-70.0
-70.0
-63.6493251368
-60.0506093809
-58.2230262814
-56.5241804434
-55.9540669258
-56.0801965844
-56.6198678267
-57.3896749779
-58.271903436
-59.2626270283
-60.214973616
-61.1125491148
-55.0012942033
0
-70.0
-70.0
-70.0
-70.0
-68.5829903978
-67.7800182899
-67.3722344155
-67.215156277
-67.213737518
-67.3057616787
-67.4507841191
-66.6812991095
-67.3225241202
-67.7965083226
-68.1543485666
-68.4305744274
-67.7803113725
-68.3324559176
-68.7193274475
-68.2904357468
-68.0900862014
-68.0335402675
-68.0651613649
-68.1486286446
-68.2604213908
-68.3854829922
-68.5143371867
-68.6411717971
-68.7625668368
-68.8766516327
-68.9825474559
-69.0800000345
-69.1691382473
-62.250321374
-58.3573538709
-55.4111840122
-54.1297759632
0
-70.0
-70.0
-70.0
-70.0
-69.3735090936
-68.3147938762
-67.7357382833
-67.4637803181
-66.6814424913
-66.3226583789
-66.2299659654
-66.3000183185
-66.4653824531
-66.6824215187
-66.9232309075
-67.1702755105
-67.412826422
-67.6445960881
-67.8621713515
-69.0639773741
-68.8239690884
-68.7191651474
-68.6989772779
-68.7302319803
-68.7913104024
-68.8682471089
-68.9521342291
-69.0373953603
-68.1596573027
-67.6943592247
-67.4920350704
-66.7505357051
-66.4139515624
-66.3315360247
-66.4043688346
-66.5679228927
-66.7804578978
-67.015296971
-67.2556905158
-67.4914036255
-67.7164513705
-67.9275983052
-68.1233665224
-68.3033819021
-68.4679450664
-69.6177250614
-69.3226192146
-68.8348017327
-68.5809511858
-68.4759424848
-68.4637391814
-68.5076258933
-68.583703724
-68.6765602983
-68.7763888996
-68.877073097
-68.9749145123
-70.0
-69.9999999999
-69.9999999999
-69.9999999999
-69.9999999999
-69.9999999999
-69.9999999999
-69.9999999999
-69.9999999999
-69.9999999999
-69.9999999999
-69.9999999999
-69.9999999999
-69.9999999999
-69.9999999999
-70.0
-70.0
-70.0
-63.0
-59.0333333333
-57.0188888889
-56.2429259259
-56.2359172839
-56.6905148559
-57.406922904
-58.2565369693
-58.1577937783
-59.4932616697
-60.6447670156
-62.2030668781
-63.3979445663
-64.3349396938
-65.0859721137
-65.7003924953
-66.2123649744
-60.565116182
-57.4912630339
-56.0639090439
-55.6720330151
-55.9145062973
-56.5295067234
-57.3475234216
-57.2616050987
-57.6346672683
-58.6891144773
-59.6988123202
-60.6480039486
-61.5292521273
-61.5378901612
-61.8251433094
-62.2699904214
-62.7945656746
-63.3494919706
-63.9041313493
-65.4227690682
-65.5450537274
-65.7669227321
-66.0411467104
-66.3376428738
-66.703462764
-67.0328392727
-67.3293705355
-67.5963102754
-67.8365971101
-68.0528826406
-69.1597663757
-69.8519044042
-70.0
-70.0
-70.0
-62.1316872428
-57.6729766804
-55.4086511203
-54.5364340802
-54.5285560534
-55.0395440356
-55.8448186904
-56.7998228603
-57.8128312669
0
-70.0
-70.0
-70.0
-70.0
-69.075214906
-69.5508692908
-70.0
-70.0
-70.0
-70.0
-70.0
-70.0
-70.0
-63.4443553397
-59.7294900321
0
-70.0
-70.0
-70.0
-70.0
-69.0781893004
-68.555829904
-68.2905532693
-68.1883688462
-68.1874458975
-68.2473105983
-68.3416523989
-68.4535357326
-69.5670763106
-70.0
-70.0
-70.0
-70.0
-70.0
-69.0846338443
-68.565926356
-68.3025043179
-68.2010342844
-68.2001177882
-67.3912512069
-60.9854594196
-57.4424690332
-56.2908147224
-56.0567949786
-55.5128438758
0
-70.0
-70.0
-70.0
-70.0
-68.6727632983
-68.8946502058
-69.0646273434
-69.1977927145
-69.3044321801
-68.4501291168
-67.9892096417
-67.7796843019
-68.6694519578
-69.2476641527
-68.7513565741
-68.4951934744
-68.3916558321
-68.383144719
-69.344141732
-69.9426018821
-70.0
-70.0
-70.0
-70.0
-70.0
-70.0
-63.1898235176
-59.3307235109
-57.3709060565
-56.615985382
-56.6091667978
-57.0514367541
-58.7310759728
-60.114490305
-60.2743566227
-60.694464526
-61.2567137837
-61.1818025085
-61.4307956598
-61.8658316953
-55.4219706717
0
-70.0
-70.0
-70.0
-70.0
-70.0
-70.0
-70.0
-70.0
-69.5452759573
-69.2875989997
-69.1567395252
-69.106332523
-68.3034081017
-67.8782065123
-67.1382564526
-60.4244308074
-56.71532106
-54.9326778428
-54.3653359845
-54.5460863367
-55.1696670034
-56.0381598367
-57.0246502087
-58.0490560917
-59.0620644184
-60.0344672672
-61.9385323809
-63.3496870364
-64.9736124841
-66.1155140032
-66.9301377813
-67.5212407887
-67.9585279002
-68.2889492371
-68.5442370647
-69.6874075289
-70.0
-70.0
-70.0
-69.1971150419
-61.7424241138
-57.5448620865
-55.4414961339
-54.6647600246
0
-70.0
-70.0
-70.0
-70.0
-69.0154448001
-68.4575301868
-61.2551242189
-57.2251764975
-54.4305661789
-54.2467688203
-54.9949314444
-55.9439979708
-57.5375268431
0
-70.0
-70.0
-70.0
-70.0
-68.6877339159
-67.9441164682
-66.5741827973
-65.8664165015
-66.5622013108
-66.3905617822
-66.4078926724
-66.5380281174
-59.0817561699
0
-70.0
-70.0
-70.0
-70.0
-69.0077393351
-68.4454582917
-68.1599077226
-68.0499137904
-68.0489203047
-69.1110765449
-69.7780010708
-70.0
-69.6306990491
-69.4214285102
-69.3151519032
-69.2742142089
-70.0
-70.0
-70.0
-70.0
-70.0
-70.0
-70.0
-70.0
-70.0
-70.0
-70.0
-70.0
-69.9999452415
-69.6665808784
-69.4776762312
-69.3817442352
-69.3447935631
-69.3444633744
-62.3661212893
-58.433578662
-56.4596004635
-55.7265601957
-56.7451758318
-57.7981726858
-58.8366983753
-60.5356275469
-61.8704641316
-56.1244366755
0
-70.0
-70.0
-70.0
-70.0
-69.2269471117
-68.7888838084
-68.5664163661
-68.4807220218
-68.4799480145
-68.5301520097
-68.6092693398
-68.7030974265
-68.8026243644
-68.9022530482
-68.9986218236
-69.0898223614
-69.1748819387
-69.2534216204
-69.3254313755
-68.3915739423
-67.8848736843
-67.6513577401
-68.5895098474
-69.1994174502
-69.5920480969
-69.8412248817
-69.9960234565
-70.0
-63.0617792003
-59.1301207472
-57.1334549837
-56.3643403595
-56.357393573
-56.8079790487
-57.5180643658
-58.3601800772
-59.2534435015
-60.147620106
-61.0125387318
-61.8310719496
-62.5944894819
-63.299390352
-63.9456845289
-64.5352715508
-65.0710873238
-65.5568738768
-65.9964500128
-66.3936473606
-66.7521775239
-67.0755563711
-67.3670651337
-67.6297348868
-67.8663455758
-68.0794338033
-69.2539640831
-70.0
-70.0
-63.4393062134
-59.7215797343
-57.8335578557
-56.1078152388
-55.5354424941
-55.6741707641
-56.2349353673
-56.2277604812
-56.6825302002
-57.3993076915
-58.2493972633
-59.1511377642
-60.053810806
-60.9269542709
-61.7532752074
-62.5239585958
-62.2615823038
-63.3616526922
-64.2429731688
-64.9636663491
-65.5639600457
-66.8744733979
-66.8527571245
-66.9446354563
-67.1016079402
-66.5887007955
-59.3948512921
-55.4320465469
0
-70.0
-70.0
-70.0
-70.0
-69.5589952601
-69.3090925741
-70.0
-70.0
-70.0
-70.0
-70.0
-70.0
-70.0
-70.0
-70.0
-69.0212758185
-68.466665449
-68.1850103789
-68.076516991
-68.0755370585
-68.1390978637
-68.2392644181
-67.4165832002
-67.0090883628
-66.8642885149
-66.8819323224
-66.9964541961
-67.1652855138
-67.3610747873
-67.5665125252
-67.770891417
-60.9678295826
-57.1870648292
-55.3457038161
-54.7293637478
-54.8685809152
-55.4564918518
-56.2940220187
-57.2534060515
-57.2549378954
0
-70.0
-70.0
-70.0
-70.0
-67.2455418381
-65.6846822131
-64.8920103643
-64.5866735762
-64.5839157175
-64.762797145
-65.04469943
-65.3790174867
-65.7336410711
-66.0886271861
-67.4242906022
-68.3115456318
-69.4557360174
-70.0
-70.0
-70.0
-70.0
-70.0
-70.0
-70.0
-70.0
-70.0
-70.0
-70.0
-70.0
-70.0
-70.0
-70.0
-70.0
-70.0
-70.0
-70.0
-70.0
-70.0
-70.0
-69.1316851062
-68.6396399997
-67.8342027136
-67.4231335848
-67.2623876547
-67.2571938415
-67.3455044255
-67.4869739618
-67.6556232181
-68.8315331773
-69.5760280468
-70.0
-70.0
-63.9884389801
-60.5818877354
-57.8570322952
-56.6268846212
-57.1370356653
-57.8718917695
-58.7170757064
-59.600283545
-60.4768654634
-61.3202524322
-62.1156095325
-62.8556368082
-63.5377986134
-64.1625024094
-64.73190794
-65.249154327
-65.7135818224
-66.1351189256
-65.9613150011
-65.9916554797
-66.1434712509
-67.2314244291
-67.9764821884
-68.4909674376
-68.8499596726
-69.1036896912
-69.2858047126
-69.4188802351
-69.5180962074
-70.0
-70.0
-70.0
-70.0
-70.0
-70.0
-70.0
-69.1975276593
-69.6111060901
-69.8722162789
-70.0
-70.0
-70.0
-70.0
-70.0
-63.6276482244
-60.0166488848
-58.1828276516
-57.4764406566
0
-70.0
-70.0
-70.0
-70.0
-69.7818930041
-69.6582990398
-68.727219936
-68.2109984758
-61.142985048
-57.197410823
-55.2568192606
-54.5839036812
0
-70.0
-70.0
-70.0
-70.0
-70.0
-70.0
-70.0
