-67.85
-65.915
-64.1735
-62.60615
-61.195535
-60.7459815
-60.0680500167
-59.2756894594
-57.6210834765
-56.3242837708
-55.2853944884
-54.4358811026
0
-70.0
-70.0
-70.0
-70.0
-68.1994343869
-66.4624472061
-65.6415066575
-64.577558773
-62.5832714166
-60.9172566222
-59.5037391914
-58.2888374266
-57.2336017869
-56.3093403434
-55.4944721326
-54.772402135
-54.1300800653
0
-70.0
-70.0
-70.0
-70.0
-67.8486759413
-66.7329256414
-65.4557112734
-64.9441922768
-64.0891411363
-63.0564724141
-61.9516554336
-60.0203767309
-58.4775969516
-57.2193425189
-56.1737451087
-54.470595159
0
-70.0
-70.0
-70.0
-70.0
-67.767846875
-64.9662934376
-62.7364849272
-60.9240503234
-60.2424545503
-59.4420819348
-58.597122301
-57.7535757773
-56.1189953372
-54.8842805619
0
-70.0
-70.0
-70.0
-70.0
-68.2640463985
-66.5636726911
-64.9413260435
-63.4198738536
-62.0096734111
-60.7132306986
-59.5282573812
-59.2696648113
-58.7555204424
-58.1051831396
-57.3948079866
-56.6720892953
-55.9660551039
-55.2935660857
-54.6636204719
-54.0801990879
-54.3641396212
-54.3390326205
-54.1293339994
0
-70.0
-70.0
-70.0
-70.0
-68.4295186516
-66.8229125542
-65.2481851439
-63.7450758596
-62.3350410937
-61.8478521977
-61.1106104536
-60.2479117253
-59.3386954308
-58.4318758064
-58.3767215049
-58.0144048738
-57.479868066
-56.0398170458
-54.9244591989
-54.0410958507
0
-70.0
-70.0
-70.0
-70.0
-68.0718124617
-65.44250619
-63.3001722207
-60.701432765
-58.7354746662
-57.214717318
-56.0117723318
-55.039612929
-54.2383301897
0
-70.0
-70.0
-70.0
-70.0
-68.0800293929
-67.0953793822
-65.8847433964
-64.5788703584
-63.2593841903
-61.9757130164
-61.5763198782
-60.900806666
-60.0821385165
-59.2048663429
-58.3216741606
-56.6443697126
-55.3665080534
-54.370907456
0
-70.0
-70.0
-70.0
-70.0
-68.2278151074
-66.506910335
-64.874137127
-63.3486686313
-61.9384319129
-60.6443421514
-59.4630768894
-58.3888818359
-57.4147354093
-56.5330897064
-55.7363326277
-55.8370672929
-55.6529391823
-55.3040310098
-54.8678850727
-54.3939346747
0
-70.0
-70.0
-70.0
-70.0
-67.8642958011
-66.757396755
-65.4846774356
-63.3348899294
-61.5505210947
-60.044882424
-58.7566698075
-57.641853244
-56.6682348645
-55.8117893412
-55.0541957159
-54.3811663502
0
-70.0
-70.0
-70.0
-70.0
-68.3748737629
-66.7373022286
-65.1468492337
-63.6376824623
-62.2275929841
-60.9239528643
-59.7276370303
-58.6355929622
-57.6425134227
-57.5619152515
-57.2114925071
-56.7108557768
-56.1367785462
-55.5377729229
-54.1237771181
0
-70.0
-70.0
-70.0
-70.0
-67.8146447396
-65.8596100921
-64.1079356339
-62.5366664378
-61.1260160389
-59.0387585982
-57.4351121806
-56.1750872573
-55.1632360614
-54.3340174752
0
-70.0
-70.0
-70.0
-70.0
-67.8356992061
-65.8925954229
-64.1469799723
-62.5780447028
-61.1674153843
-59.0787906138
-56.6529893977
-54.9257423547
0
-70.0
-70.0
-70.0
-70.0
-68.1343831569
-66.3605336125
-64.7008727655
-63.165047165
-61.7547168993
-60.4666948432
-59.2949917814
-58.232136885
-58.0900193843
-57.6850815711
-57.1359494974
-55.69860527
-54.5962452245
0
-70.0
-70.0
-70.0
-70.0
-66.9964197954
-64.5777243461
-62.5905829316
-61.7486119852
-59.9818090179
-57.7190002702
-55.2340150126
0
-70.0
-70.0
-70.0
-70.0
-68.3201818179
-65.8316181814
-63.7607593934
-62.8295521408
-60.9731760513
-59.4435778625
-58.9810330205
-58.3541383479
-58.4695302661
-58.2064477415
-57.7250499687
-57.1287096394
-56.4832817871
-55.8299156829
-55.1935654976
-54.5886365365
-54.0227246086
0
-70.0
-70.0
-70.0
-70.0
-67.3071041296
-65.0644631363
-63.1667297692
-60.7191987565
-58.8433735238
-57.3730992666
-56.1951647368
-55.2318985277
-54.4295421846
0
-70.0
-70.0
-70.0
-70.0
-68.0816232437
-66.2778764151
-64.6030324374
-63.0613583029
-61.6509752121
-61.1863795172
-60.484742783
-59.6642693164
-58.7998429259
-57.9378589941
-57.1060733352
-56.3201328287
-54.7678974305
0
-70.0
-70.0
-70.0
-70.0
-67.2357143822
-64.1326191988
-61.7496747821
-59.878252306
-58.3761237435
-57.1456424812
-56.1191656411
-55.249307349
-54.5024154622
0
-70.0
-70.0
-70.0
-70.0
-67.6817071142
-65.6513411456
-63.8614101929
-62.2754046149
-60.8646211142
-58.7859969767
-56.3759559283
-54.667399435
0
-70.0
-70.0
-70.0
-70.0
-66.9491474655
-64.5036643627
-62.5029190222
-60.8357078505
-58.6041908858
-56.9284743441
-55.6420952743
-54.6321979899
0
-70.0
-70.0
-70.0
-70.0
-67.8240411297
-65.8743311032
-64.9453607172
-63.019799795
-61.3804699152
-59.1475229902
-57.4528374021
-56.1375981359
-55.0938679716
-54.247834274
0
-70.0
-70.0
-70.0
-70.0
-68.3802806562
-66.745773028
-65.1568760169
-63.6483086096
-62.238224545
-61.754233288
-61.0220307575
-60.165308214
-59.2624310808
-58.3619570981
-57.4929408053
-56.6717663361
-55.9066694433
-55.2007223262
-54.5537966451
0
-70.0
-70.0
-70.0
-70.0
-67.8520320704
-65.9181835769
-64.1772683616
-62.6101436204
-61.1995306549
-59.9298451872
-58.787039067
-57.7584540926
-56.8326879716
-55.9994720332
-56.0695600691
-55.0392942217
-54.2031582391
0
-70.0
-70.0
-70.0
-70.0
-67.8340038136
-65.069939308
-62.8591692944
-61.0540683097
-59.5525387753
-58.2832030954
-57.1954949177
-57.0730201804
-56.7137679987
-56.2244244231
-55.6733374636
-55.1035740391
-54.5415968498
-54.0030239745
0
-70.0
-70.0
-70.0
-70.0
-68.4834122851
-66.9073459133
-65.3481278931
-63.8509928179
-62.4410120122
-61.1303231283
-59.9228990271
-58.8176812654
-57.8106278996
-56.8960416168
-56.0674217932
-55.3180025059
-54.6410841834
-54.0302303837
0
-70.0
-70.0
-70.0
-70.0
-68.6702857278
-67.200114307
-66.5146743109
-65.5029211695
-64.3291052457
-63.0971788499
-61.8714503841
-60.6902982918
-59.57526376
-58.5370675823
-57.5795809563
-56.7024362821
-55.0827349349
-54.7114896287
-54.2816927907
0
-70.0
-70.0
-70.0
-70.0
-67.8667990892
-65.941318573
-64.2046529776
-62.6391651877
-60.4085670075
-58.6732558658
-57.292960652
-56.1716848352
-55.2431965174
-54.4613303094
0
-70.0
-70.0
-70.0
-70.0
-68.7955377509
-67.3963424764
-65.9269472292
-64.4644118398
-63.0547435449
-61.7237844498
-60.4844161777
-59.3413146752
-58.2940766179
-56.5192645629
-55.1870685111
-54.1648485964
0
-70.0
-70.0
-70.0
-70.0
-68.3183884279
-66.648808537
-65.8621003179
-64.8113387092
-63.6371704537
-62.4280971519
-61.2383832658
-60.0999421586
-59.0302127556
-57.217368022
-55.8390822478
-54.7674747083
0
-70.0
-70.0
-70.0
-70.0
-67.4694063702
-65.3187366466
-63.4677102576
-61.8581707489
-60.4471746854
-59.2023378911
-58.9186912182
-58.4012135072
-57.7606864303
-57.8876806365
-57.6509544723
-57.2038869581
-56.6455168843
-56.0389776105
-55.4237547926
-54.8238292754
-54.2530796559
0
-70.0
-70.0
-70.0
-70.0
-67.4740940078
-65.3260806123
-63.4764032212
-61.8673833459
-60.4563919758
-59.2112507545
-57.28712433
-55.8397443309
-54.7266581871
0
-70.0
-70.0
-70.0
-70.0
-67.708733677
-65.6936827606
-63.9115294521
-62.3285198186
-61.7377633778
-60.9420507341
-60.0498881235
-59.1295942863
-59.0430981744
-58.6397639015
-57.2397712077
-55.2884498845
0
-70.0
-70.0
-70.0
-70.0
-67.6474348025
-65.5976478573
-63.7978540949
-62.2080493677
-59.9772315524
-58.2561664781
-56.8983218843
-56.6236710652
-56.1880915382
-55.6704741041
-55.1208878402
-54.5704398205
-54.8578230146
-54.8183254973
-54.584016137
-54.2406299829
0
-70.0
-70.0
-70.0
-70.0
-67.8732661035
-65.9514502287
-64.2166456963
-62.6518747869
-61.2412830818
-59.9702186226
-58.8252393264
-57.7940771044
-56.8655772011
-56.0296246857
-55.277065687
