-70.0
-70.0
-70.0
-70.0
-70.0
-69.6666666667
-69.4777777778
-69.3818518519
-69.5025225688
-70.0
-70.0
-70.0
-70.0
-70.0
-70.0
-70.0
-70.0
-70.0
-70.0
-70.0
-70.0
-70.0
-70.0
-70.0
-70.0
-70.0
-70.0
-70.0
-70.0
-70.0
-70.0
-70.0
-63.7566635778
-60.2187729385
-58.422079457
0
-70.0
-70.0
-70.0
-70.0
-70.0
-70.0
-70.0
-70.0
-70.0
-70.0
-70.0
-69.1023060148
-68.5936127565
-61.9498168427
-58.231878733
-59.9522344083
-70.0
-70.0
-70.0
-70.0
-70.0
-70.0
-70.0
-70.0
-70.0
-70.0
-70.0
-70.0
-70.0
-70.0
-70.0
-70.0
-70.0
-70.0
-70.0
-70.0
-70.0
-68.7961028641
-65.7805611537
-60.7788514843
-58.0851972999
-56.8661648793
-56.5725399309
-56.8439469642
-57.4453262853
0
-70.0
-70.0
-70.0
-70.0
-70.0
-70.0
-70.0
-70.0
-70.0
-70.0
-70.0
-70.0
-70.0
-70.0
-70.0
-70.0
-70.0
-70.0
-70.0
-70.0
-70.0
-70.0
-65.4625207162
-62.8912824553
-57.6966078614
-54.9899161764
0
-70.0
-70.0
-70.0
-70.0
-70.0
-70.0
-70.0
-70.0
-70.0
-70.0
-64.3096323236
-60.3813869366
-58.3450601399
-57.5117620572
-57.4280578057
-58.4101379986
-70.0
-70.0
-70.0
-70.0
-70.0
-70.0
-70.0
-70.0
-70.0
-70.0
-70.0
-70.0
-70.0
-70.0
-70.0
-70.0
-70.0
-70.0
-69.9627668776
-69.9416681082
-69.930953243
-69.9268258824
-69.9267886033
-69.9292066158
-69.9330172027
-69.9375363148
-70.0
-67.0071021852
-70.0
-70.0
-70.0
-70.0
-70.0
-70.0
-66.8449689974
-65.0571180959
-64.1491702851
-58.8735033299
-55.0791200363
0
-70.0
-70.0
-70.0
-70.0
-70.0
-70.0
-70.0
-70.0
-70.0
-70.0
-70.0
-70.0
-70.0
-70.0
-70.0
-70.0
-70.0
-70.0
-70.0
-70.0
-70.0
-70.0
-70.0
-70.0
-70.0
-70.0
-70.0
-70.0
-70.0
-70.0
-70.0
-70.0
-70.0
-70.0
-70.0
-70.0
-70.0
-70.0
-70.0
-70.0
-70.0
-70.0
-70.0
-70.0
-70.0
-70.0
-70.0
-64.9054078765
-70.0
-70.0
-70.0
-70.0
-70.0
-70.0
-70.0
-65.2419218065
-62.5456774969
-61.1764083279
-60.6489665489
-60.6442025965
-60.9532041385
-63.7380856073
-70.0
-70.0
-70.0
-70.0
-70.0
-70.0
-70.0
-65.4646469959
-62.8946136269
-60.5894432946
-54.5941003929
0
-70.0
-70.0
-70.0
-70.0
-70.0
-70.0
-70.0
-70.0
-70.0
-70.0
-70.0
-70.0
-70.0
-70.0
-63.4432623784
-59.7277777262
-63.0297881611
-70.0
-70.0
-70.0
-70.0
-70.0
-70.0
-70.0
-70.0
-70.0
-70.0
-69.2967430188
-68.8982307295
-68.6958489982
-69.2672413884
-70.0
-70.0
-70.0
-70.0
-70.0
-70.0
-70.0
-70.0
-69.9003339809
-69.8438565701
-70.0
-62.9962953366
-59.0275293607
-58.6065507414
-70.0
-70.0
-70.0
-70.0
-70.0
-69.8754769874
-69.8049139469
-69.7690789911
-69.7552753845
-69.7551507078
-63.6850482444
-60.2534851582
-58.5194311346
-57.8616843492
-61.3719390931
-70.0
-70.0
-70.0
-70.0
-70.0
-70.0
-70.0
-70.0
-70.0
-70.0
-63.9563372875
-60.5315950837
-54.9034743698
0
-70.0
-70.0
-70.0
-70.0
-70.0
-70.0
-70.0
-70.0
-70.0
-70.0
-70.0
-70.0
-70.0
-70.0
-70.0
-70.0
-70.0
-70.0
-70.0
-70.0
-70.0
-70.0
-70.0
-70.0
-70.0
-70.0
-70.0
-65.4755439956
-61.9232466131
-60.0610932964
-59.2750981966
-59.1609978634
-59.4538377348
-64.4962855975
-70.0
-70.0
-70.0
-70.0
-70.0
-70.0
-66.0122565058
-61.4192018591
-58.9493956758
-56.8381491015
0
-70.0
-70.0
-70.0
-70.0
-70.0
-70.0
-70.0
-70.0
-70.0
-70.0
-70.0
-70.0
-70.0
-70.0
-70.0
-70.0
-70.0
-70.0
-70.0
-70.0
-70.0
-70.0
-68.2988852415
-67.3349202117
-66.8453771867
-66.6568054656
-66.6551022507
-65.7829184433
-65.4001775441
-65.3238604198
-65.6334145721
-66.7869478721
-70.0
-70.0
-70.0
-70.0
-70.0
-70.0
-70.0
-70.0
-70.0
-70.0
-69.3203934269
-68.9352830354
-68.9518668169
-70.0
-70.0
-70.0
-70.0
-70.0
-70.0
-70.0
-70.0
-70.0
-70.0
-70.0
-70.0
-70.0
-70.0
-70.0
-70.0
-70.0
-70.0
-70.0
-70.0
-70.0
-70.0
-70.0
-65.0967888022
-62.3183024568
-60.9072672343
-60.363737193
-60.3588279285
-60.6772547721
-63.8284409776
-70.0
-70.0
-70.0
-70.0
-70.0
-70.0
-67.4493629095
-66.0040018916
-65.2699852178
-65.6909460766
-66.0871577227
-60.3771234858
-57.2718654942
-55.5861331016
-65.8016623033
-70.0
-70.0
-70.0
-70.0
-70.0
-70.0
-70.0
-70.0
-70.0
-63.7813546376
-60.2574555989
-59.4093399922
-59.2534926285
-61.3370523194
-69.7060449961
-70.0
-70.0
-70.0
-70.0
-70.0
-70.0
-64.8480653977
-61.9286357897
-60.4460234985
-59.8749220072
-59.8697637122
-60.2043432782
-65.8653267632
-69.8816443062
-70.0
-70.0
-70.0
-70.0
-64.9780048389
-59.7988742476
-57.0314334179
-55.8032544729
0
-70.0
-70.0
-70.0
-70.0
-70.0
-70.0
-70.0
-70.0
-70.0
-70.0
-70.0
-70.0
-70.0
-70.0
-70.0
-70.0
-70.0
-70.0
-70.0
-70.0
-70.0
-70.0
-70.0
-70.0
-70.0
-63.4095192445
-62.0372876147
-70.0
-70.0
-70.0
-70.0
-68.8837914662
-69.1195860542
-69.2904099386
-69.4165572712
-69.5116937618
-69.5850525307
-69.6428993744
-69.9644381307
-70.0
-70.0
-70.0
-70.0
-70.0
-70.0
-65.7850212955
-63.3965333629
-58.294667269
-55.6237253704
-54.5003693856
0
-70.0
-70.0
-70.0
-70.0
-70.0
-70.0
-70.0
-70.0
-70.0
-65.6244081805
-63.1449061494
-61.8857080591
-61.400665603
-62.308493114
-63.4429065168
-64.3421243413
-68.1536251853
-70.0
-70.0
-67.2313160098
-65.6623950821
-65.8071016925
-66.0336889357
-66.3018516505
-66.586020891
-59.4848637505
-55.5746740079
-54.6216128668
0
-70.0
-70.0
-70.0
-70.0
-70.0
-70.0
-70.0
-70.0
-68.1879942333
-67.1611909655
-66.6397359727
-66.4388717779
-66.4370575351
-60.4765444378
-57.2176850982
-56.6106075173
-68.3471990534
-70.0
-70.0
-70.0
-70.0
-70.0
-70.0
-70.0
-70.0
-70.0
-70.0
-70.0
-70.0
-70.0
-63.8234552304
-60.8220221761
-65.9062291323
-70.0
-70.0
-70.0
-70.0
-70.0
-70.0
-70.0
-70.0
-70.0
-70.0
-70.0
-63.7269236224
-62.9151175573
-62.0813445327
-69.6550721029
-70.0
-70.0
-70.0
-70.0
-70.0
-70.0
-64.1180936964
-60.7850134576
-59.0923315325
-58.4403113263
-58.4344221584
0
-70.0
-70.0
-70.0
-70.0
-70.0
-70.0
-70.0
-70.0
-70.0
-70.0
-70.0
-70.0
-63.6511593888
-60.0534830424
-61.1918298564
-70.0
-70.0
-70.0
-70.0
-70.0
-70.0
-70.0
-70.0
-70.0
-70.0
-70.0
-70.0
-70.0
-70.0
-70.0
-70.0
-70.0
-70.0
-70.0
-70.0
-70.0
-70.0
-70.0
-65.049007042
-62.2434443658
-56.9297697257
0
-70.0
-70.0
-70.0
-70.0
-70.0
-70.0
-70.0
-70.0
-70.0
-70.0
-70.0
-70.0
-64.489777507
-61.3673180942
-59.7815985101
-59.1707801427
-59.5040172566
-66.5559396885
-70.0
-70.0
-70.0
-70.0
-70.0
-70.0
-70.0
-70.0
-70.0
-70.0
-62.6793833067
-58.5310338472
-57.2106340634
-65.4266539271
-70.0
-70.0
-70.0
-70.0
-70.0
-70.0
-70.0
-70.0
-70.0
-70.0
-64.0028376356
-60.604445629
-58.8785955708
-58.4597443962
-62.7150167771
-70.0
-70.0
-70.0
-70.0
-70.0
-70.0
-70.0
-70.0
-70.0
-70.0
-63.7245584942
-59.300162217
-57.0021857102
-55.5011047268
-56.8109628754
-70.0
-70.0
-70.0
-70.0
-70.0
-69.9181788396
-69.8718135154
-69.8482672037
-69.8391971765
-69.8391152543
-69.8444289259
-69.8528028313
-63.2724273911
-57.2151212139
-55.6920553729
-70.0
-70.0
-70.0
-70.0
-70.0
-70.0
-70.0
-66.4212738364
-64.3933290103
-63.3634511477
-62.0252703886
-62.4880525964
-63.0161201678
-63.5657567051
-63.9955720877
-66.2982715683
-70.0
-70.0
-70.0
-69.905909171
-70.0
-70.0
-65.2893561549
-62.6199913094
-57.3754838028
0
-70.0
-70.0
-70.0
-70.0
-70.0
-70.0
-70.0
-70.0
-70.0
-70.0
-70.0
-70.0
-70.0
-70.0
-70.0
-70.0
-70.0
-70.0
-63.0931378797
-61.9923707226
-70.0
-70.0
-70.0
-70.0
-70.0
-70.0
-70.0
-64.8409759795
-61.9175290346
-60.4328765665
-59.8609892001
-59.8558238069
-59.3225510202
-59.3585023142
-63.4045464387
-70.0
-70.0
-70.0
-70.0
-70.0
-70.0
-70.0
-66.064287512
-61.5007171021
-59.0458842861
-57.9381217869
-57.6755268946
-58.9287739954
-60.0497631227
-63.8323829275
-70.0
-70.0
-70.0
-70.0
-70.0
-70.0
-70.0
-70.0
-70.0
-70.0
-70.0
-70.0
-70.0
-70.0
-70.0
-70.0
-70.0
-70.0
-70.0
-70.0
-70.0
-70.0
-70.0
-70.0
-70.0
-70.0
-70.0
-70.0
-70.0
-70.0
-70.0
-70.0
-70.0
-70.0
-70.0
-70.0
-70.0
-70.0
-70.0
-70.0
-70.0
-70.0
-70.0
-70.0
-70.0
-70.0
-70.0
-70.0
-70.0
-70.0
-70.0
-70.0
-70.0
-70.0
-70.0
-69.345093482
-70.0
-70.0
-70.0
-68.9372921794
-68.335091081
-68.029267386
-67.9114642561
-67.9104002363
-67.9794151498
-68.0881769263
-68.217161428
-60.6272428348
-60.8847972544
-68.1163918408
-70.0
-70.0
-70.0
-70.0
-70.0
-70.0
-70.0
-63.9525193799
-60.5256136952
-58.7852831612
-58.1149087355
-59.4796277491
-70.0
-70.0
-70.0
-70.0
-70.0
-70.0
-70.0
-70.0
-65.1007802761
-62.3245557659
-60.9146692009
-61.3715816216
-61.93334302
-62.5392884251
-62.8942682
-63.6509734349
-66.8987435573
-70.0
-70.0
-70.0
-70.0
-70.0
-70.0
-67.2592418457
-65.7061455583
-64.9174162673
-64.6135981504
-64.6108540086
-64.7888457232
-65.0693458946
-65.4020011342
-66.3711552378
-70.0
-70.0
-70.0
-70.0
-70.0
-70.0
-70.0
-70.0
-70.0
-70.0
-70.0
-70.0
-62.3113189452
-58.4366298547
-62.3721337671
-70.0
-70.0
-70.0
-70.0
-70.0
-70.0
-70.0
-70.0
-69.7294660053
-69.5761634084
-70.0
-63.7685942049
-60.2374642544
-59.3309078591
-61.3861088667
-69.6693386373
-70.0
-70.0
-70.0
-70.0
-70.0
-70.0
-70.0
-70.0
-70.0
-70.0
-63.8940781847
-61.1377595264
-59.7793763472
-65.9712965914
-70.0
-70.0
-70.0
-70.0
-70.0
-70.0
-70.0
-70.0
-70.0
-70.0
-70.0
-70.0
-70.0
-70.0
-70.0
-70.0
-70.0
-70.0
-70.0
-70.0
-70.0
-70.0
-70.0
-70.0
-70.0
-70.0
-70.0
-70.0
-70.0
-70.0
-70.0
-70.0
-70.0
-70.0
-70.0
-70.0
-70.0
-70.0
-70.0
-70.0
-70.0
-65.1323374933
-62.3739954061
-60.9731903069
-60.4336009039
-59.4294038714
0
-70.0
-70.0
-70.0
-70.0
-70.0
-70.0
-70.0
-70.0
-70.0
-70.0
-70.0
-64.1072238557
-60.7679840406
-59.0721740169
-57.4449611636
-57.5936672941
-64.8916556555
-70.0
-70.0
-70.0
-70.0
-70.0
-70.0
-70.0
-70.0
-70.0
-70.0
-63.0137819055
-59.0549249853
0
-70.0
-70.0
-70.0
-70.0
-70.0
-70.0
-70.0
-70.0
-70.0
-70.0
-65.217282249
-62.5070755234
-61.1307156373
-61.5127510225
-62.0248805529
-62.597995586
-63.3827292688
-70.0
-70.0
-70.0
-70.0
-70.0
-70.0
-70.0
-65.6858819667
-63.2412150811
-58.1108188915
-55.4288872147
-54.3054319682
-54.1545110879
-54.5921415235
-57.0738925246
-65.1846177987
-70.0
-70.0
-70.0
-70.0
-70.0
-66.5743168634
-64.6330964194
-63.647260939
-63.2675176194
-63.264087707
-63.4865601694
-63.8371583078
-64.2529452473
-69.0546090964
-70.0
-70.0
-70.0
-70.0
-70.0
-70.0
-70.0
-70.0
-70.0
-70.0
-70.0
-70.0
-70.0
-70.0
-70.0
-70.0
-70.0
-70.0
-70.0
-70.0
-70.0
-70.0
-70.0
-64.1228961543
-60.7925373084
-58.3975337202
-57.3472804433
-59.8934025344
-70.0
-70.0
-70.0
-70.0
-70.0
-70.0
-70.0
-70.0
-70.0
-70.0
-70.0
-70.0
-70.0
-63.8741101644
-64.4478807027
-68.9065546893
-70.0
-70.0
-70.0
-70.0
-70.0
-70.0
-70.0
-70.0
-70.0
-70.0
-70.0
-70.0
-70.0
-70.0
-65.7663465067
-62.367277224
-60.2489264136
-59.3029517136
-59.0919351698
-59.3289274045
-59.8268251652
-61.4531086295
-57.2297186423
-65.1243681476
-70.0
-70.0
-70.0
-70.0
-70.0
-70.0
-70.0
-70.0
-69.6193511016
-69.4036500591
-69.294107765
-62.4746116091
-60.2534329368
-63.8646634098
-66.9198230309
-70.0
-69.0674962393
-68.5390774415
-68.2707235815
-68.1673538128
-62.5491362071
-59.4265677702
-57.905474449
-57.6456093741
-60.9527440167
-64.0484137444
-69.1020063603
-69.3917475814
-69.5858673947
-69.7161437028
-69.8037713643
-70.0
-70.0
-70.0
-70.0
-70.0
-70.0
-66.3186385896
-70.0
-70.0
-70.0
-70.0
-70.0
-70.0
-70.0
-70.0
-70.0
-70.0
-70.0
-70.0
-70.0
-70.0
-70.0
-70.0
-70.0
-70.0
-65.0648778832
-62.2683086836
-60.8480902078
-60.301022782
-60.2960815671
-60.616580786
-61.4191494433
-67.7116279156
-70.0
-70.0
-70.0
-69.3172442994
-68.9667869147
-68.4576195867
-68.2035318704
-68.1109615116
-62.0401979455
-58.663066541
-57.0146854803
-55.5462921564
0
-70.0
-70.0
-70.0
-70.0
-70.0
-70.0
-69.5797996847
-68.7861306171
-68.3503914893
-62.6624534815
-59.4942755608
-57.943559623
-57.4150114062
-57.5173820959
-64.3906471042
-70.0
-70.0
-70.0
-70.0
-70.0
-70.0
-70.0
-70.0
-70.0
-70.0
-70.0
-70.0
-70.0
-70.0
-70.0
-70.0
-70.0
-70.0
-70.0
-70.0
-70.0
-70.0
-70.0
-70.0
-70.0
-69.9484210866
-69.9191930356
-69.9043497705
-69.8986321525
-70.0
-70.0
-70.0
-70.0
-70.0
-70.0
-70.0
-66.8677325169
-65.0927809431
-60.3024950785
-55.4182403905
0
-70.0
-70.0
-70.0
-70.0
-70.0
-70.0
-70.0
-70.0
-70.0
-67.9315407548
-66.7594138493
-66.1641572443
-65.9348647065
-65.9327936936
-66.0671246294
-66.2788190365
-60.5068338266
-59.5944948083
-65.3551347706
-70.0
-70.0
-70.0
-70.0
-70.0
-65.1494885563
-63.2033345406
-61.4597285107
-55.7723146832
0
-70.0
-70.0
-70.0
-70.0
-70.0
-67.5008132393
-67.0672658783
-66.9048952658
-66.9106430561
-67.7207739988
-68.2828267644
-68.6772975317
-70.0
-70.0
-70.0
-70.0
-70.0
-70.0
-70.0
-70.0
-70.0
-70.0
-70.0
-63.5574299568
-59.9066402656
-58.0526117754
0
-70.0
-70.0
-70.0
-70.0
-70.0
-70.0
-70.0
-70.0
-70.0
-70.0
-65.5420401115
-63.0158628413
-62.4366647549
-62.3412570778
-62.5393039024
-62.906821867
-64.7422762448
-70.0
-70.0
-70.0
-70.0
-70.0
-70.0
-67.9465326685
-66.7829011807
-66.1919589153
-61.038402333
-58.2449883058
0
-70.0
-70.0
-70.0
-70.0
-70.0
-70.0
-70.0
-70.0
-70.0
-70.0
-70.0
-70.0
-70.0
-70.0
-70.0
-70.0
-70.0
-70.0
-70.0
-70.0
-70.0
-70.0
-70.0
-69.0090284126
-68.4474778464
-68.1622982452
-68.0524472096
-62.434171064
-59.3153996745
-57.8002901849
-57.2978814851
-57.4198402156
-63.880319478
-70.0
-70.0
-70.0
-70.0
-70.0
-70.0
-70.0
-65.6496932558
-62.4808157304
-61.5338323946
-61.2478479799
-61.3679957317
-61.7278178585
-62.2194505392
-62.7737817964
-69.6529880088
-70.0
-70.0
-70.0
-70.0
-70.0
-70.0
-70.0
-69.25462416
-68.8322445173
-61.6767268253
-57.6608586493
-55.6626424553
-55.1410977647
-62.7968374166
-70.0
-70.0
-70.0
-70.0
-70.0
-70.0
-70.0
-70.0
-70.0
-70.0
-70.0
-70.0
-70.0
-63.7532878014
-69.6680246875
-70.0
-70.0
-70.0
-70.0
-70.0
-70.0
-70.0
-70.0
-70.0
-70.0
-70.0
-70.0
-70.0
-70.0
-70.0
-70.0
-70.0
-70.0
-70.0
-70.0
-70.0
-70.0
-70.0
-63.9507491323
-60.5228403073
-58.7820003354
-58.1114296744
-58.1053729553
-65.0497096853
-70.0
-70.0
-70.0
-70.0
-70.0
-70.0
-70.0
-70.0
-64.1971179132
-60.908818064
-59.2388775523
-58.5956173269
-59.7594438718
-70.0
-70.0
-70.0
-70.0
-70.0
-70.0
-70.0
-70.0
-70.0
-70.0
-70.0
-70.0
-70.0
-64.8930992097
-70.0
-70.0
-70.0
-70.0
-70.0
-70.0
-70.0
-70.0
-70.0
-70.0
-70.0
-70.0
-70.0
-70.0
-70.0
-70.0
-68.4739327116
-68.7548637637
-68.9649269362
-68.1257680038
-67.6847470443
-67.4973095671
-67.4682700952
-67.5352374089
-67.6575765501
-70.0
-70.0
-70.0
-70.0
-70.0
-70.0
-70.0
-70.0
-70.0
-65.1059468781
-62.3326501091
-60.9242503773
-60.3817355257
-60.3768354305
-60.6946675258
-61.195544532
-59.9373301992
-67.1445739428
-70.0
-70.0
-70.0
-70.0
-70.0
-70.0
-63.9421688039
-60.5093977928
-58.7660885931
-58.0945667868
-59.0885010189
-60.0485781909
-66.1671670819
-70.0
-70.0
-70.0
-70.0
-70.0
-70.0
-70.0
-65.8871079622
-63.5564691408
-62.3728702099
-60.9176251505
-60.3472239432
-60.3267424207
-60.6368954265
-64.2224134641
-70.0
-70.0
-70.0
-70.0
-70.0
-70.0
-70.0
-70.0
-70.0
-70.0
-70.0
-70.0
-70.0
-70.0
-70.0
-70.0
-70.0
-70.0
-70.0
-70.0
-70.0
-70.0
-63.89606415
-60.4371671684
-59.6771645864
-59.565257551
-59.8459380781
-60.5382066432
-61.5050840024
-65.8130893085
-70.0
-69.4353141916
-66.7819922335
-65.2972659842
-64.5631880351
-64.3039683312
-64.3383042311
-64.5476289634
-64.8549695039
-58.6205684891
-55.6418904051
-63.2104254177
-70.0
-70.0
-70.0
-70.0
-70.0
-70.0
-70.0
-70.0
-70.0
-70.0
-70.0
-70.0
-70.0
-70.0
-70.0
-70.0
-70.0
-70.0
-70.0
-70.0
-70.0
-70.0
-70.0
-70.0
-70.0
-70.0
-70.0
-63.5410754971
-59.0994499381
-62.2817551648
-68.1690353321
-70.0
-70.0
-70.0
-70.0
-70.0
-70.0
-70.0
-70.0
-70.0
-64.07150808
-60.7120293253
-59.1631937442
-70.0
-70.0
-70.0
-70.0
-70.0
-70.0
-67.7129297381
-66.4169232564
-65.7587552588
-66.3076984208
-66.7601410373
-67.6951574615
-68.6663287339
-62.7031808505
-60.1997950594
-70.0
-70.0
-70.0
-70.0
-70.0
-70.0
-70.0
-70.0
-70.0
-70.0
-70.0
-63.9359544492
-60.4996619704
-55.8579681819
0
-70.0
-70.0
-70.0
-70.0
-70.0
-70.0
-70.0
-70.0
-70.0
-70.0
-70.0
-70.0
-69.9636386336
-69.9430338594
-70.0
-70.0
-70.0
-70.0
-70.0
-70.0
-70.0
-70.0
-70.0
-70.0
-70.0
-70.0
-70.0
-70.0
-70.0
-70.0
-70.0
-70.0
-70.0
-70.0
-70.0
-70.0
-70.0
-70.0
-70.0
-70.0
-64.1537340672
-60.8408500386
-59.1584246201
-58.5103552151
-58.5045017315
-60.5275785194
-64.0131631764
-70.0
-70.0
-70.0
-70.0
-70.0
-68.1741748401
-67.1395405828
-62.0215160831
-59.2166508472
-57.8931766774
-57.5026529529
-58.6458985108
-59.7103158952
-60.3353028468
-62.4304998786
-70.0
-70.0
-70.0
-70.0
-70.0
-70.0
-70.0
-70.0
-70.0
-70.0
-70.0
-70.0
-70.0
-70.0
-70.0
-70.0
-70.0
-70.0
-70.0
-70.0
-70.0
-70.0
-70.0
-70.0
-70.0
-70.0
-70.0
-70.0
-70.0
-70.0
-70.0
-70.0
-70.0
-70.0
-70.0
-70.0
-70.0
-70.0
-70.0
-70.0
-70.0
-70.0
-70.0
-70.0
-70.0
-64.0341250182
-60.6688866506
-62.1975127638
-67.3023705255
-70.0
-70.0
-69.4687991653
-69.1677853589
-69.0149175631
-64.030107041
-61.2382171596
-59.8551426589
-59.3634598698
-59.423001534
-63.4601825004
-70.0
-70.0
-70.0
-70.0
-70.0
-70.0
-66.7715892665
-65.9411415583
-65.5781682148
-65.5077786015
-65.6152855468
-65.8259468624
-66.0914787564
-66.5318023632
-70.0
-70.0
-70.0
-70.0
-70.0
-70.0
-70.0
-70.0
-70.0
-70.0
-64.1081150036
-58.436046839
-55.4182710456
-54.0936632014
0
-70.0
-70.0
-70.0
-70.0
-70.0
-70.0
-70.0
-70.0
-68.8045135969
-68.1270713019
-67.7830368814
-67.6505149998
-68.4517871733
-68.9841575716
-69.3374412249
-70.0
-70.0
-70.0
-70.0
-70.0
-70.0
-70.0
-70.0
-70.0
-70.0
-70.0
-70.0
-70.0
-70.0
-70.0
-70.0
-70.0
-70.0
-70.0
-70.0
-70.0
-68.1870411159
-68.0280105054
-67.9983251223
-63.1213104624
-58.0910579844
-55.4698712315
-54.3814968053
0
-70.0
-70.0
-70.0
-70.0
-70.0
-70.0
-70.0
-70.0
-70.0
-70.0
-70.0
-70.0
-70.0
-70.0
-70.0
-69.2971508368
-65.0357497684
-70.0
-70.0
-70.0
-70.0
-70.0
-70.0
-70.0
-70.0
-70.0
-70.0
-63.9470189018
-61.4292047842
-60.5375428209
-62.0837765264
-69.8961056774
-70.0
-70.0
-70.0
-70.0
-70.0
-70.0
-70.0
-69.3416110583
-68.9685239913
-62.188747929
-58.3812573606
-57.4806289535
-57.7788318838
-66.9255257537
-70.0
-70.0
-70.0
-68.0171348442
-67.8349835925
-63.9089711662
-61.7563980048
-60.7396408412
-60.4382651816
-60.5761642799
-60.9730315961
-62.3676126943
-70.0
-70.0
-70.0
-70.0
-70.0
-70.0
-66.9941057603
-64.9574323578
-63.9035139044
-63.4743790355
-63.434418813
-63.6292953857
-63.9585781498
-56.8550136761
0
-70.0
-70.0
-70.0
-70.0
-70.0
-70.0
-70.0
-70.0
-70.0
-70.0
-70.0
-70.0
-70.0
-70.0
-70.0
-70.0
-70.0
-70.0
-70.0
-70.0
-70.0
-69.5144869681
