-70.0
-70.0
-70.0
-70.0
-70.0
-70.0
-70.0
-70.0
-70.0
-70.0
-70.0
-70.0
-70.0
-70.0
-70.0
-70.0
-70.0
-70.0
-70.0
-70.0
-70.0
-70.0
-70.0
-70.0
-70.0
-70.0
-70.0
-70.0
-70.0
-63.4856385731
-59.7941670978
-57.9194786427
-57.4988496149
-61.2721677
-69.9222397136
-70.0
-70.0
-70.0
-70.0
-70.0
-70.0
-70.0
-70.0
-70.0
-70.0
-70.0
-70.0
-69.1963076053
-68.8477152484
-68.7986915481
-68.809320943
-68.8553878819
-68.9211817825
-68.9966187301
-69.075326941
-69.1533743028
-70.0
-70.0
-67.9174215456
-67.4917521696
-67.3199588051
-67.3062174928
-67.3877654557
-67.5237687182
-67.6879117185
-67.863467128
-68.1914725757
-70.0
-70.0
-70.0
-70.0
-70.0
-70.0
-70.0
-70.0
-70.0
-70.0
-70.0
-70.0
-70.0
-70.0
-70.0
-70.0
-70.0
-70.0
-70.0
-70.0
-70.0
-70.0
-70.0
-70.0
-70.0
-70.0
-70.0
-70.0
-70.0
-70.0
-70.0
-66.3210271208
-64.2362758226
-63.1775491829
-62.7697282263
-62.7660447115
-63.0049664456
-63.3814872711
-65.3273185759
-70.0
-70.0
-70.0
-70.0
-70.0
-70.0
-70.0
-70.0
-70.0
-70.0
-70.0
-70.0
-70.0
-70.0
-70.0
-70.0
-66.9971988338
-65.2956115062
-64.4314720595
-64.0986059895
-58.4783155305
-55.4901974041
-54.1809866148
0
-70.0
-70.0
-70.0
-70.0
-70.0
-70.0
-70.0
-70.0
-70.0
-70.0
-70.0
-70.0
-70.0
-70.0
-70.0
-70.0
-70.0
-70.0
-70.0
-70.0
-70.0
-70.0
-70.0
-70.0
-70.0
-70.0
-70.0
-70.0
-70.0
-70.0
-70.0
-68.5658384345
-67.9983968807
-67.7246520525
-67.6362500871
-67.6620005716
-67.7553841766
-67.886234867
-68.0352041191
-68.1900788663
-70.0
-70.0
-70.0
-70.0
-70.0
-70.0
-70.0
-70.0
-70.0
-70.0
-70.0
-70.0
-70.0
-63.2833240003
-59.4772076004
-58.4484447808
-64.11604783
-70.0
-70.0
-70.0
-67.6923757947
-66.3847220783
-65.7206391126
-65.464834696
-65.4625242229
-65.6123871316
-65.8485586391
-66.1286429223
-70.0
-70.0
-70.0
-70.0
-70.0
-70.0
-65.3301391642
-62.6838846906
-61.3400025168
-60.8223397953
-60.8176641692
-61.1209366545
-61.7492012609
-64.0562570738
-70.0
-70.0
-70.0
-70.0
-70.0
-70.0
-70.0
-70.0
-70.0
-70.0
-70.0
-70.0
-70.0
-70.0
-70.0
-70.0
-70.0
-70.0
-70.0
-70.0
-70.0
-70.0
-70.0
-70.0
-70.0
-70.0
-70.0
-70.0
-70.0
-70.0
-70.0
-70.0
-70.0
-70.0
-70.0
-70.0
-70.0
-70.0
-70.0
-70.0
-70.0
-70.0
-70.0
-70.0
-70.0
-70.0
-70.0
-70.0
-70.0
-70.0
-70.0
-70.0
-68.3235611827
-67.9091846792
-67.7302526211
-67.6985516322
-67.7562459845
-67.8656543963
-68.0024442969
-68.1511034274
-68.9108491476
-70.0
-70.0
-70.0
-70.0
-70.0
-70.0
-70.0
-70.0
-70.0
-70.0
-70.0
-70.0
-70.0
-70.0
-70.0
-70.0
-70.0
-70.0
-70.0
-70.0
-70.0
-70.0
-70.0
-70.0
-70.0
-70.0
-70.0
-70.0
-70.0
-70.0
-70.0
-70.0
-70.0
-70.0
-70.0
-70.0
-70.0
-70.0
-70.0
-70.0
-70.0
-70.0
-70.0
-70.0
-70.0
-70.0
-70.0
-70.0
-70.0
-70.0
-70.0
-70.0
-70.0
-70.0
-70.0
-70.0
-70.0
-70.0
-70.0
-70.0
-70.0
-70.0
-63.5026606234
-59.8208349767
-57.9510450894
-57.2308029874
-58.4397920635
-63.6587784843
-70.0
-70.0
-68.4998197735
-68.0184954229
-67.7957509651
-67.7355792582
-67.7749569255
-67.8727516284
-68.0023367291
-68.1466765653
-68.2950579148
-70.0
-70.0
-70.0
-70.0
-70.0
-70.0
-65.7270989886
-63.3057884155
-62.0761424577
-61.6024834679
-61.5982052917
-61.8756982095
-62.31300402
-63.1345922326
-69.7568242713
-70.0
-70.0
-70.0
-70.0
-70.0
-70.0
-70.0
-70.0
-70.0
-70.0
-70.0
-70.0
-70.0
-70.0
-70.0
-70.0
-70.0
-70.0
-70.0
-70.0
-70.0
-70.0
-70.0
-70.0
-70.0
-70.0
-70.0
-70.0
-70.0
-70.0
-70.0
-70.0
-70.0
-70.0
-70.0
-70.0
-70.0
-70.0
-70.0
-70.0
-70.0
-70.0
-70.0
-70.0
-70.0
-70.0
-70.0
-70.0
-70.0
-70.0
-70.0
-70.0
-70.0
-70.0
-69.4953687439
-69.8198276987
-70.0
-70.0
-70.0
-70.0
-70.0
-70.0
-70.0
-70.0
-70.0
-70.0
-70.0
-70.0
-70.0
-70.0
-70.0
-70.0
-70.0
-70.0
-70.0
-70.0
-70.0
-70.0
-70.0
-70.0
-67.8205148497
-66.5854732646
-65.9582658714
-65.7166659064
-65.7144837305
-65.8560249673
-66.0790822105
-66.343613816
-66.6242123188
-67.9595631295
-70.0
-70.0
-70.0
-70.0
-65.8848813146
-63.5529807261
-62.3687410156
-62.0559555477
-62.1330857487
-62.4415943443
-63.184626739
-65.9800579945
-70.0
-70.0
-70.0
-70.0
-70.0
-66.3779481601
-64.3254521175
-63.2831060881
-62.8815949341
-62.8779684106
-63.1131935495
-63.4838888478
-58.0857350272
-57.6715172596
-63.5330808161
-69.8067584609
-70.0
-70.0
-70.0
-70.0
-70.0
-70.0
-70.0
-70.0
-70.0
-70.0
-70.0
-70.0
-70.0
-70.0
-70.0
-70.0
-70.0
-70.0
-70.0
-70.0
-70.0
-70.0
-70.0
-70.0
-70.0
-70.0
-70.0
-70.0
-70.0
-70.0
-70.0
-70.0
-70.0
-70.0
-70.0
-67.2683511877
-70.0
-68.490786876
-67.8670568465
-67.5639169339
-67.4632357552
-61.8701019055
-58.7852181989
-57.3081140349
-56.844914402
-57.0054974756
-58.7507961963
-61.5350782626
-67.2934586721
-70.0
-70.0
-70.0
-70.0
-70.0
-70.0
-70.0
-70.0
-70.0
-70.0
-70.0
-70.0
-70.0
-70.0
-70.0
-64.6040642226
-61.546367282
-59.993536875
-59.3953874015
0
-70.0
-70.0
-70.0
-70.0
-70.0
-70.0
-70.0
-70.0
-65.7043247808
-60.93677549
-58.3783533991
0
-70.0
-70.0
-70.0
-70.0
-70.0
-70.0
-70.0
-70.0
-70.0
-70.0
-70.0
-70.0
-70.0
-70.0
-70.0
-70.0
-70.0
-70.0
-67.1739840149
-65.6973064381
-64.9547230108
-64.677348854
-64.6883460648
-64.8719995225
-65.4598307392
-66.2673485045
-68.254883378
-70.0
-70.0
-70.0
-70.0
-70.0
-64.9693769465
-62.1186905496
-60.6709890264
-60.1133351449
-60.1082983112
-61.0627173771
-62.8519562107
-70.0
-70.0
-70.0
-70.0
-70.0
-70.0
-70.0
-70.0
-64.1963187924
-60.9075661081
-59.2373956273
-58.5940468179
-58.5882359716
-58.9651415982
-60.3198455856
-67.2777032823
-70.0
-70.0
-70.0
-70.0
-70.0
-70.0
-70.0
-70.0
-70.0
-70.0
-70.0
-70.0
-70.0
-70.0
-70.0
-70.0
-70.0
-70.0
-70.0
-70.0
-70.0
-70.0
-70.0
-69.3760694604
-68.4734476091
-69.3234631756
-69.856023743
-65.3791648475
-62.8470773487
-61.5662556044
-61.0788873711
-61.083836852
-61.5361594679
-63.4657172547
-70.0
-70.0
-70.0
-70.0
-70.0
-70.0
-70.0
-70.0
-70.0
-70.0
-70.0
-70.0
-70.0
-70.0
-70.0
-70.0
-70.0
-70.0
-70.0
-64.4930679972
-61.6681250288
-60.2508884135
-59.7255168305
-59.7527766531
-60.1107066582
-60.8081017135
-57.3922186632
-61.4569780739
-67.3675919101
-70.0
-70.0
-70.0
-70.0
-70.0
-70.0
-70.0
-70.0
-70.0
-70.0
-70.0
-70.0
-70.0
-70.0
-70.0
-70.0
-70.0
-70.0
-70.0
-70.0
-70.0
-70.0
-70.0
-70.0
-70.0
-70.0
-70.0
-65.2388792941
-62.540910894
-61.1707661575
-60.6429871104
-60.6382201118
-60.9474192422
-61.744410287
-66.4963819202
-70.0
-70.0
-70.0
-70.0
-70.0
-70.0
-70.0
-70.0
-70.0
-70.0
-70.0
-70.0
-70.0
-70.0
-70.0
-70.0
-70.0
-70.0
-70.0
-70.0
-70.0
-70.0
-70.0
-70.0
-70.0
-70.0
-70.0
-70.0
-70.0
-70.0
-70.0
-70.0
-70.0
-70.0
-70.0
-70.0
-70.0
-70.0
-70.0
-70.0
-70.0
-70.0
-70.0
-70.0
-70.0
-70.0
-70.0
-70.0
-70.0
-70.0
-70.0
-65.7635669052
-65.8331949932
-66.4290320126
-66.9055664905
-67.2946349609
-67.6182548777
-67.8918183319
-68.1262291267
-68.6373760586
-70.0
-70.0
-68.0396931278
-67.0818435228
-66.6044056424
-66.4311293927
-66.4461259965
-66.5735864255
-66.7642764687
-66.9865479457
-67.2203592337
-67.9142298487
-64.6062948492
-66.3648558261
-70.0
-70.0
-70.0
-70.0
-70.0
-64.0186443068
-60.629209414
-58.9079081646
-58.2448638094
-60.093441046
-67.8713032821
-70.0
-70.0
-70.0
-70.0
-70.0
-70.0
-70.0
-70.0
-70.0
-70.0
-70.0
-70.0
-70.0
-70.0
-70.0
-70.0
-70.0
-70.0
-70.0
-70.0
-70.0
-70.0
-70.0
-63.2014632589
-60.1216043471
-64.7790364993
-70.0
-70.0
-70.0
-70.0
-68.2396740245
-67.2421559717
-66.7355732742
-66.54043788
-66.5386753808
-66.6529953686
-66.8331541823
-67.0468109978
-67.2734447205
-69.3622095687
-70.0
-70.0
-70.0
-70.0
-70.0
-70.0
-70.0
-70.0
-70.0
-70.0
-63.5399057675
-59.8791857024
-58.02011414
-57.3040007312
-57.2975326615
-59.4183629453
-68.85513591
-70.0
-70.0
-70.0
-70.0
-70.0
-65.9996898343
-63.732847407
-62.5816470371
-62.1382052473
-62.1341999985
-62.3939901826
-62.8033979536
-63.443727005
-59.4850924616
-61.2007231957
-66.8669284705
-70.0
-68.0007368586
-66.8678210784
-66.2924775744
-66.0708555528
-66.0688538214
-66.1986909886
-66.4033035892
-66.64596103
-66.9033567934
-69.6331006773
-70.0
-70.0
-70.0
-70.0
-70.0
-70.0
-70.0
-70.0
-70.0
-70.0
-63.4695325227
-59.7689342856
-58.8212711704
-62.8210778454
-70.0
-70.0
-70.0
-70.0
-70.0
-70.0
-64.6383878514
-61.6001409672
-60.0571881377
-59.4628435022
-59.4574752707
-60.2715647846
-63.8828854424
-70.0
-70.0
-70.0
-70.0
-70.0
-70.0
-70.0
-70.0
-70.0
-63.5973786255
-59.9692265132
-58.1266943621
-57.571011141
-64.5178888488
-68.7476762777
-70.0
-70.0
-70.0
-70.0
-70.0
-70.0
-70.0
-70.0
-70.0
-70.0
-70.0
-70.0
-70.0
-70.0
-70.0
-69.9315457303
-70.0
-70.0
-70.0
-70.0
-70.0
-63.6583621918
-60.0647674339
-58.239784998
-57.5368027032
-57.5304532362
-59.8263489514
-68.583307224
-70.0
-70.0
-70.0
-70.0
-70.0
-70.0
-70.0
-70.0
-70.0
-70.0
-70.0
-70.0
-64.2695952691
-63.2293623994
-67.2354318959
-70.0
-70.0
-70.0
-70.0
-70.0
-70.0
-70.0
-70.0
-70.0
-70.0
-70.0
-70.0
-70.0
-70.0
-70.0
-70.0
-70.0
-70.0
-70.0
-70.0
-70.0
-70.0
-70.0
-70.0
-70.0
-70.0
-70.0
-70.0
-70.0
-70.0
-70.0
-70.0
-70.0
-70.0
-70.0
-70.0
-70.0
-70.0
-70.0
-70.0
-70.0
-70.0
-70.0
-70.0
-70.0
-70.0
-70.0
-70.0
-70.0
-70.0
-70.0
-70.0
-70.0
-70.0
-70.0
-70.0
-70.0
-70.0
-70.0
-70.0
-70.0
-70.0
-70.0
-70.0
-70.0
-70.0
-70.0
-70.0
-70.0
-70.0
-70.0
-70.0
-70.0
-70.0
-70.0
-63.4577078981
-59.7504090403
-58.0248532262
-60.5168490611
-65.5385262474
-70.0
-70.0
-70.0
-70.0
-70.0
-70.0
-70.0
-70.0
-70.0
-70.0
-70.0
-70.0
-70.0
-70.0
-70.0
-69.2090983272
-69.5357910829
-69.7472803669
-69.8825979251
-69.9677018625
-70.0
-70.0
-70.0
-70.0
-70.0
-70.0
-70.0
-70.0
-70.0
-70.0
-70.0
-70.0
-70.0
-70.0
-70.0
-63.4641793562
-63.7034001769
-69.5868427926
-70.0
-70.0
-70.0
-70.0
-70.0
-70.0
-70.0
-70.0
-70.0
-70.0
-70.0
-70.0
-70.0
-70.0
-70.0
-70.0
-70.0
-70.0
-70.0
-70.0
-70.0
-70.0
-70.0
-70.0
-68.1781960589
-70.0
-70.0
-70.0
-68.2153106089
-67.2039866206
-66.6903926735
-66.4925565496
-66.4907696568
-66.606671866
-66.7893241293
-67.0059380163
-67.2357084146
-61.6024750633
-65.0291813936
-70.0
-70.0
-70.0
-70.0
-70.0
-70.0
-64.6696445926
-61.6491098617
-60.1151520278
-59.5242722598
-59.5189353237
-60.8258641138
-65.7149559568
-70.0
-70.0
-70.0
-70.0
-70.0
-70.0
-70.0
-70.0
-70.0
-70.0
-70.0
-70.0
-70.0
-70.0
-70.0
-70.0
-70.0
-70.0
-70.0
-70.0
-70.0
-70.0
-70.0
-70.0
-70.0
-70.0
-70.0
-70.0
-70.0
-70.0
-70.0
-70.0
-64.6547245127
-61.6257350698
-60.0874835685
-59.4949498821
-59.4895980075
-60.8056588695
-65.0515723677
-70.0
-70.0
-70.0
-70.0
-70.0
-70.0
-70.0
-70.0
-70.0
-63.2752643427
-60.2692844339
-64.6788280492
-70.0
-70.0
-70.0
-70.0
-70.0
-70.0
-70.0
-70.0
-70.0
-70.0
-70.0
-70.0
-69.6995568306
-69.9637467886
-70.0
-70.0
-70.0
-70.0
-70.0
-70.0
-70.0
-70.0
-70.0
-70.0
-70.0
-70.0
-70.0
-70.0
-70.0
-70.0
-70.0
-63.4558822088
-59.7475487937
-58.340308825
-59.9766657895
-69.8434522421
-70.0
-70.0
-70.0
-70.0
-70.0
-70.0
-70.0
-70.0
-70.0
-70.0
-63.2693887054
-59.7833538518
-59.8050982479
-61.7420122502
-65.1003514801
-62.933154808
-61.8683983111
-61.5005978025
-61.563230904
-61.8820364014
-62.3439184865
-62.8762504547
-64.0742970829
-66.7487137101
-70.0
-70.0
-70.0
-70.0
-70.0
-70.0
-70.0
-70.0
-70.0
-70.0
-70.0
-70.0
-70.0
-70.0
-70.0
-70.0
-70.0
-70.0
-70.0
-70.0
-70.0
-70.0
-70.0
-70.0
-70.0
-70.0
-70.0
-70.0
-70.0
-70.0
-64.468657378
-61.9782647207
-60.7514203023
-60.3235996412
-60.5522039232
-61.3297927783
-64.0029388529
-68.201431212
-70.0
-70.0
-70.0
-70.0
-70.0
-70.0
-70.0
-70.0
-70.0
-70.0
-70.0
-70.0
-70.0
-70.0
-70.0
-70.0
-70.0
-70.0
-70.0
-70.0
-70.0
-70.0
-70.0
-70.0
-70.0
-70.0
-64.7186033388
-61.7258118974
-60.2059433026
-54.6945647765
0
-70.0
-70.0
-70.0
-70.0
-70.0
-70.0
-70.0
-70.0
-70.0
-70.0
-70.0
-70.0
-70.0
-70.0
-66.2220511515
-67.1319013611
-70.0
-70.0
-70.0
-70.0
-70.0
-70.0
-70.0
-70.0
-70.0
-70.0
-65.5605272311
-67.0848199503
-70.0
-70.0
-70.0
-70.0
-70.0
-70.0
-70.0
-70.0
-70.0
-70.0
-70.0
-70.0
-70.0
-70.0
-70.0
-70.0
-70.0
-70.0
-65.9401012243
-63.6394919181
-62.4711432705
-62.0210959729
-62.0170310619
-62.2806910799
-63.1724378493
-66.8230423357
-70.0
-70.0
-70.0
-70.0
-70.0
-70.0
-70.0
-70.0
-70.0
-70.0
-70.0
-70.0
-70.0
-70.0
-70.0
-70.0
-70.0
-70.0
-70.0
-70.0
-70.0
-70.0
-70.0
-70.0
-70.0
-70.0
-70.0
-70.0
-70.0
-70.0
-70.0
-70.0
-70.0
-70.0
-70.0
-70.0
-70.0
-70.0
-70.0
-70.0
-70.0
-70.0
-70.0
-67.4784610742
-66.0495890162
-65.3239461475
-65.0444288881
-65.0419042362
-65.2056593038
-65.4637237009
-65.7697715492
-66.7448766186
-70.0
-70.0
-70.0
-70.0
-70.0
-70.0
-70.0
-70.0
-70.0
-70.0
-70.0
-70.0
-70.0
-70.0
-70.0
-70.0
-70.0
-70.0
-70.0
-70.0
-70.0
-70.0
-70.0
-70.0
-70.0
-70.0
-70.0
-70.0
-70.0
-70.0
-70.0
-70.0
-70.0
-70.0
-70.0
-70.0
-70.0
-70.0
-70.0
-70.0
-70.0
-70.0
-70.0
-70.0
-70.0
-70.0
-70.0
-70.0
-70.0
-70.0
-70.0
-70.0
-70.0
-70.0
-70.0
-70.0
-70.0
-70.0
-64.9639548403
-62.1101959165
-60.6609340316
-60.1026790997
-60.0976368372
-60.5866838659
-62.3193838211
-70.0
-70.0
-70.0
-69.623671714
-69.7942430927
-69.9034444835
-69.9721838352
-70.0
-70.0
-70.0
-70.0
-70.0
-70.0
-67.3007939937
-70.0
-70.0
-70.0
-70.0
-70.0
-70.0
-70.0
-70.0
-70.0
-70.0
-70.0
-63.1690527628
-59.6221826284
-58.9728993945
-63.9774725745
-70.0
-70.0
-70.0
-70.0
-70.0
-70.0
-70.0
-70.0
-70.0
-70.0
-70.0
-70.0
-70.0
-70.0
-70.0
-70.0
-70.0
-70.0
-70.0
-70.0
-70.0
-70.0
-70.0
-70.0
-70.0
-70.0
-70.0
-70.0
-70.0
-70.0
-70.0
-70.0
-65.3234546784
-62.6734123296
-61.3276065092
-60.8092028001
-60.8045204812
-61.1082270739
-61.5868434604
-62.8046733169
-69.2610933171
-70.0
-70.0
-70.0
-70.0
-70.0
-70.0
-70.0
-70.0
-70.0
-70.0
-70.0
-70.0
-70.0
-70.0
-70.0
-70.0
-70.0
-70.0
-70.0
-70.0
-70.0
-70.0
-70.0
-70.0
-63.1346222011
-63.4394836565
-69.8656075484
-70.0
-70.0
-67.3770000248
-65.8906333722
-65.1357922682
-64.8450278635
-64.8424016253
-65.0127458282
-65.2811941556
-65.5995566802
-66.0992556389
-70.0
-70.0
-70.0
-70.0
-70.0
-70.0
-70.0
-70.0
-70.0
-70.0
-70.0
-70.0
-70.0
-70.0
-70.0
-70.0
-70.0
-70.0
-70.0
-70.0
-70.0
-70.0
-70.0
-70.0
-70.0
-70.0
-70.0
-70.0
-70.0
-70.0
-70.0
-70.0
-70.0
-70.0
-70.0
-70.0
-70.0
-70.0
-70.0
-70.0
-70.0
-70.0
-70.0
-70.0
-70.0
-70.0
-70.0
-70.0
-70.0
-70.0
-70.0
-70.0
-70.0
-70.0
-70.0
-70.0
-70.0
-70.0
-70.0
-70.0
-70.0
-64.8801635958
-61.9789229667
-60.5055478237
-55.0120785512
0
-70.0
-70.0
-70.0
-70.0
-70.0
-70.0
-70.0
-70.0
-70.0
-70.0
-70.0
-70.0
-70.0
-70.0
-70.0
-70.0
-70.0
-70.0
-70.0
-70.0
-70.0
-70.0
-70.0
-70.0
-70.0
-70.0
-70.0
-63.3500531929
-59.5817500021
-57.6680430876
-55.1265876622
-59.0252476059
-64.7441487337
-69.4481668149
-70.0
-70.0
-64.9637798603
-59.7765884479
-57.0050539854
-55.7752981751
-55.5116014165
-55.8363299807
-56.8272894241
-58.6831652508
-64.0638579702
-70.0
-70.0
-70.0
-70.0
-70.0
-70.0
-70.0
-63.5055147562
-59.8253064515
-57.9563379202
-57.2364122041
-62.468488573
-70.0
-70.0
-70.0
-70.0
-70.0
-70.0
-70.0
-70.0
-70.0
-70.0
-70.0
-70.0
-63.8200980927
-65.3017079573
-70.0
-70.0
-70.0
-70.0
-70.0
-70.0
-70.0
-70.0
-70.0
-70.0
-70.0
-70.0
-70.0
-70.0
-70.0
-70.0
-70.0
-70.0
-70.0
-70.0
-70.0
-70.0
-70.0
-70.0
-63.8441564476
-62.6700706771
-66.6671752154
-70.0
-70.0
-70.0
-70.0
-70.0
-70.0
-70.0
-70.0
-70.0
-63.7044973214
-61.1101894587
-63.6069385219
-68.0729520646
-70.0
-70.0
-70.0
-70.0
-70.0
-70.0
-70.0
-70.0
-70.0
-70.0
-70.0
-70.0
-70.0
-70.0
-70.0
-70.0
-70.0
-70.0
-70.0
-70.0
-70.0
-70.0
-70.0
-70.0
-70.0
-70.0
-70.0
-70.0
-70.0
-70.0
-70.0
-70.0
-70.0
-70.0
-70.0
-70.0
-70.0
-70.0
-70.0
-70.0
-70.0
-70.0
-70.0
-70.0
-64.2617514645
-61.0100772943
-59.3587368824
-58.7226414059
-58.7168960731
-59.2529622369
-65.0189451958
-70.0
-70.0
-70.0
-70.0
-70.0
-70.0
-70.0
-70.0
-70.0
-70.0
-70.0
-70.0
-70.0
-70.0
-70.0
-70.0
-70.0
-70.0
-70.0
-70.0
-70.0
-70.0
-70.0
-70.0
-70.0
-70.0
-70.0
-70.0
-70.0
-70.0
-70.0
-70.0
-70.0
-70.0
-70.0
-70.0
-70.0
-70.0
-70.0
-70.0
-70.0
-70.0
-70.0
-70.0
-70.0
-70.0
-70.0
-70.0
-70.0
-70.0
-70.0
-70.0
-70.0
-70.0
-70.0
-70.0
-70.0
-70.0
-70.0
-70.0
-70.0
-70.0
-70.0
-70.0
-70.0
-70.0
-70.0
-70.0
-70.0
-70.0
-70.0
-70.0
-70.0
-70.0
-70.0
-70.0
-70.0
-70.0
-70.0
-70.0
-70.0
-70.0
-70.0
-70.0
-67.4873968894
-66.0635884601
-65.3405171205
-65.0619904127
-65.0594747076
-65.222649461
-65.4797993309
-65.7847626086
-66.2739886421
-70.0
-70.0
-70.0
-70.0
-70.0
-70.0
-70.0
-70.0
-70.0
-70.0
-70.0
-63.31341838
-59.524355462
-59.0894504754
-65.3308121136
-70.0
-70.0
-70.0
-70.0
-70.0
-70.0
-70.0
-64.4896959207
-61.3671902758
-59.781447213
-59.1706198016
-59.1651026946
0
-70.0
-70.0
-70.0
-70.0
-70.0
-70.0
-70.0
-70.0
-70.0
-70.0
-70.0
-70.0
-70.0
-70.0
-70.0
-70.0
-70.0
-70.0
-70.0
-70.0
-70.0
-70.0
-70.0
-70.0
-70.0
-70.0
-70.0
-70.0
-70.0
-70.0
-70.0
-70.0
-70.0
-70.0
-70.0
-70.0
-70.0
-70.0
-63.3735452354
-59.6185542021
-58.0400866575
-60.8287214661
-67.7250176928
-70.0
-70.0
-70.0
-70.0
-70.0
-70.0
-70.0
-70.0
-70.0
-70.0
-70.0
-70.0
-70.0
-70.0
-70.0
-70.0
-70.0
-70.0
-70.0
-70.0
-70.0
-70.0
-65.9380285918
-70.0
-70.0
-70.0
-70.0
-70.0
-70.0
-70.0
-70.0
-70.0
-70.0
-70.0
-70.0
-70.0
-70.0
-70.0
-70.0
-70.0
-70.0
-70.0
-70.0
-70.0
-70.0
-70.0
-70.0
-70.0
-70.0
-64.1048652966
-63.6248851304
-66.0803332817
-68.8588759007
-70.0
-70.0
-70.0
-70.0
-70.0
-70.0
-70.0
-70.0
-70.0
-70.0
-70.0
-70.0
-70.0
-70.0
-64.5749586232
-61.5007685097
-59.9395621579
-59.338186275
-59.332754536
-59.6850703414
-60.4090408133
-65.4729087392
-70.0
-70.0
-70.0
-70.0
-70.0
-70.0
-70.0
-70.0
-70.0
-70.0
-63.3904914104
-59.6451032096
0
-70.0
-70.0
-70.0
-70.0
-70.0
-70.0
-70.0
-70.0
-70.0
-70.0
-70.0
-70.0
-70.0
-70.0
-70.0
-70.0
-70.0
-70.0
-70.0
-70.0
-70.0
-65.4780178529
-62.9155613028
-61.6142353294
-61.1129652343
-61.1084376695
-61.4021065416
-61.8649043135
-62.4137528328
-65.1886784629
-70.0
-70.0
-70.0
-70.0
-70.0
-70.0
-70.0
-70.0
-70.0
-70.0
-70.0
-70.0
-70.0
-70.0
-70.0
-70.0
-70.0
-70.0
-70.0
-70.0
-70.0
-70.0
-70.0
-70.0
-70.0
-70.0
-70.0
-70.0
-70.0
-70.0
-70.0
-70.0
-70.0
-70.0
-70.0
-70.0
-70.0
-70.0
-70.0
-70.0
-70.0
-70.0
-70.0
-70.0
-70.0
-70.0
-70.0
-70.0
-70.0
-70.0
-70.0
-70.0
-70.0
-70.0
-70.0
-70.0
-70.0
-70.0
-70.0
-70.0
-70.0
-70.0
-70.0
-70.0
-70.0
-70.0
-70.0
-70.0
-70.0
-68.2622418007
-67.4190954877
-66.9992378503
-66.8473486729
-66.861303544
-66.9742996819
-67.1429540419
-67.3393815231
-67.5459252945
-67.7516540474
-69.6216140658
-70.0
-70.0
-70.0
-70.0
-70.0
-70.0
-70.0
-70.0
-70.0
-70.0
-70.0
-70.0
-70.0
-70.0
-70.0
-70.0
-70.0
-70.0
-70.0
-70.0
-70.0
-70.0
-70.0
-70.0
-70.0
-70.0
-70.0
-70.0
-70.0
-70.0
-70.0
-70.0
-70.0
-65.0359612234
-62.2230059167
-60.7944658688
-60.2441929778
-60.2392228105
-60.5615999499
-54.6841800349
0
-70.0
-70.0
-70.0
-70.0
-70.0
-70.0
-70.0
-70.0
-70.0
-70.0
-70.0
-70.0
-70.0
-70.0
-70.0
-70.0
-70.0
-70.0
-70.0
-70.0
-70.0
-70.0
-70.0
-70.0
-70.0
-70.0
-70.0
-70.0
-70.0
-70.0
-70.0
-70.0
-70.0
-70.0
-70.0
-70.0
-70.0
-70.0
-70.0
-70.0
-70.0
-68.8300541724
-70.0
-70.0
-70.0
-70.0
-70.0
-70.0
-70.0
-70.0
-70.0
-70.0
-70.0
-70.0
-70.0
-70.0
-70.0
-70.0
-70.0
-65.3414606969
-62.7016217584
-61.3609976701
-55.9186640354
0
-70.0
-70.0
-70.0
-70.0
-70.0
-70.0
-70.0
-70.0
-70.0
-70.0
-70.0
-70.0
-70.0
-70.0
-70.0
-70.0
-70.0
-70.0
-70.0
-70.0
-70.0
-70.0
-70.0
-70.0
-70.0
-70.0
-70.0
-70.0
-70.0
-70.0
-70.0
-70.0
-70.0
-70.0
-70.0
-70.0
-70.0
-70.0
-70.0
-70.0
-70.0
-70.0
-70.0
-70.0
-70.0
-70.0
-70.0
-70.0
-70.0
-70.0
-70.0
-70.0
-70.0
-70.0
-63.3691871827
-59.6117265863
-57.7035260089
-58.865370041
-68.6081415551
-70.0
-70.0
-70.0
-70.0
-70.0
-70.0
-64.7364774562
-61.7538146813
-56.3502009715
0
-70.0
-70.0
-70.0
-70.0
-70.0
-70.0
-70.0
-70.0
-70.0
-65.2845012676
-62.6123853192
-61.2553695729
-60.732647806
-61.4065510261
-63.6388098624
-67.384388775
-70.0
-70.0
-70.0
-70.0
-70.0
-70.0
-70.0
-70.0
-70.0
-65.0449291189
-63.2622517644
-62.9266711246
-64.6780758488
-61.6474232994
-60.4551792226
-60.0579934691
-60.1510822347
-60.5352327529
-61.0812153054
-61.7060976601
-56.4488437534
-59.1116199381
-67.010555171
-70.0
-70.0
-70.0
-70.0
-70.0
-70.0
-70.0
-70.0
-70.0
-70.0
-70.0
-70.0
-70.0
-70.0
-70.0
-70.0
-70.0
-70.0
-70.0
-70.0
-70.0
-70.0
-70.0
-70.0
-70.0
-70.0
-70.0
-70.0
-70.0
-70.0
-70.0
-70.0
-70.0
-70.0
-70.0
-70.0
-70.0
-70.0
-70.0
-70.0
-70.0
-70.0
-70.0
-70.0
-70.0
-70.0
-70.0
-70.0
-70.0
-70.0
-70.0
-70.0
-70.0
-70.0
-63.2673948949
-60.6614459826
-62.1683032079
-66.9315552102
-70.0
-70.0
-70.0
-70.0
-65.7888247807
-63.4024921564
-62.1906095099
-61.7237929384
-61.7195765642
-61.9930608542
-62.4240493997
-62.9351742137
-68.1040918345
-70.0
-70.0
-70.0
-70.0
-70.0
-70.0
-70.0
-70.0
-70.0
-70.0
-70.0
-70.0
-70.0
-70.0
-70.0
-70.0
-70.0
-70.0
-70.0
-70.0
-70.0
-70.0
-70.0
-70.0
-70.0
-70.0
-70.0
-70.0
-70.0
-70.0
-70.0
-70.0
-70.0
-70.0
-70.0
-70.0
-70.0
-70.0
-70.0
-70.0
-70.0
-70.0
-70.0
-70.0
-70.0
-70.0
-70.0
-70.0
-70.0
-70.0
-70.0
-70.0
-70.0
-70.0
-70.0
-64.9743790382
-64.3504947182
-65.8346283921
-61.9380283908
-59.868800777
-58.9649708495
-58.790507198
-59.0594787671
-59.5855457497
-60.2483344143
-61.6812639764
-65.9339981435
-70.0
-70.0
-70.0
-70.0
-70.0
-70.0
-70.0
-70.0
-70.0
-70.0
-70.0
-70.0
-70.0
-70.0
-70.0
-70.0
-70.0
-70.0
-70.0
-70.0
-70.0
-70.0
-63.6040133569
-59.9796209258
-58.3159981027
-60.6312333228
-65.5618486305
-64.3119204182
-64.2199260933
-64.4941671471
-64.8422395411
-65.2230083262
-65.7766810481
-66.2496619796
-67.3394993313
-69.6381422609
-70.0
-70.0
-70.0
-70.0
-70.0
-65.6162484956
-66.0411639761
-67.3015224874
-68.497935946
-69.265852823
-69.7510745217
-70.0
-70.0
-70.0
-63.263430653
-59.4460413563
-60.2547920099
-69.609088107
-70.0
-70.0
-70.0
-70.0
-70.0
-70.0
-70.0
-70.0
-70.0
-70.0
-70.0
-70.0
-70.0
-70.0
-70.0
-70.0
-70.0
-70.0
-70.0
-70.0
-70.0
-70.0
-70.0
-70.0
-70.0
-70.0
-70.0
-70.0
-70.0
-70.0
-70.0
-70.0
-70.0
-70.0
-70.0
-70.0
-70.0
-70.0
-70.0
-70.0
-70.0
-70.0
-70.0
-70.0
-70.0
-70.0
-70.0
-70.0
-70.0
-70.0
-70.0
-63.5039146081
-59.8227995528
-57.9533705344
-63.7475416595
-70.0
-70.0
-70.0
-70.0
-70.0
-70.0
-70.0
-70.0
-70.0
-70.0
-70.0
-70.0
-70.0
-70.0
-70.0
-70.0
-70.0
-70.0
-70.0
-70.0
-64.3762997995
-61.1895363525
-59.5711604059
-58.9477628245
-58.9421321814
-59.3073493895
-60.4028161305
-65.1694318838
-70.0
-70.0
-70.0
-70.0
-70.0
-70.0
-70.0
-70.0
-70.0
-70.0
-70.0
-70.0
-63.1877628961
-61.760956714
-66.219697417
-70.0
-70.0
-70.0
-70.0
-70.0
-70.0
-70.0
-70.0
-70.0
-70.0
-70.0
-70.0
-70.0
-70.0
-70.0
-70.0
-70.0
-70.0
-70.0
-70.0
-70.0
-70.0
-70.0
-70.0
-70.0
-70.0
-70.0
-70.0
-70.0
-70.0
-70.0
-70.0
-70.0
-70.0
-70.0
-70.0
-70.0
-70.0
-70.0
-70.0
-70.0
-70.0
-70.0
-70.0
-70.0
-70.0
-70.0
-70.0
-63.9159697037
-60.4683525357
-58.7175038171
-58.0430777921
0
-70.0
-70.0
-70.0
-70.0
-70.0
-70.0
-70.0
-70.0
-70.0
-70.0
-70.0
-70.0
-70.0
-70.0
-70.0
-70.0
-70.0
-70.0
-70.0
-70.0
-70.0
-70.0
-70.0
-70.0
-70.0
-70.0
-70.0
-70.0
-70.0
-70.0
-70.0
-70.0
-70.0
-70.0
-70.0
-70.0
-70.0
-70.0
-70.0
-70.0
-70.0
-70.0
-70.0
-70.0
-70.0
-70.0
-70.0
-63.6168061371
-59.9996629481
-58.1627216031
-57.6328757331
-62.1038963955
-68.7334276811
-70.0
-70.0
-70.0
-70.0
-70.0
-70.0
-63.4216915823
-59.6939834789
-58.517535351
-60.2972751033
-65.1931362881
-70.0
-70.0
-70.0
-70.0
-70.0
-70.0
-70.0
-63.3915558472
-59.6467708272
-60.729147886
-68.3014452077
-70.0
-70.0
-70.0
-70.0
-65.7887678393
-63.4024029482
-62.1905039153
-61.7236810317
-61.7194646005
-61.9929525884
-62.6009467792
-64.9468018097
-70.0
-70.0
-70.0
-70.0
-70.0
-70.0
-70.0
-70.0
-70.0
-70.0
-70.0
-70.0
-70.0
-70.0
-70.0
-70.0
-70.0
-66.7600156057
-64.924024449
-63.99162894
-63.6324706699
-63.6292266855
-63.8396394054
-64.1712323904
-57.9741740794
-54.6567999568
-54.9547419564
-63.4089916169
-70.0
-70.0
-70.0
-70.0
-70.0
-70.0
-70.0
-70.0
-70.0
-70.0
-70.0
-70.0
-70.0
-70.0
-70.0
-70.0
-70.0
-70.0
-70.0
-70.0
-70.0
-70.0
-70.0
-70.0
-70.0
-70.0
-70.0
-70.0
-70.0
-70.0
-70.0
-70.0
-70.0
-64.6533273534
-61.623546187
-60.0848926142
-59.4922040501
-59.4868507766
-60.0110701401
-61.537092426
-68.5044955041
-70.0
-70.0
-70.0
-70.0
-70.0
-70.0
-70.0
-70.0
-70.0
-70.0
-70.0
-70.0
-70.0
-70.0
-70.0
-70.0
-70.0
-70.0
-70.0
-70.0
-70.0
-70.0
-64.1370957332
-60.8147833154
-59.1275697542
-58.477655959
-58.4717858166
-59.3812834098
-65.0058454301
-67.6043035822
-70.0
-70.0
-70.0
-70.0
-70.0
-70.0
-70.0
-70.0
-70.0
-70.0
-70.0
-70.0
-70.0
-70.0
-70.0
-70.0
-70.0
-70.0
-70.0
-70.0
-70.0
-70.0
-70.0
-70.0
-70.0
-70.0
-70.0
-70.0
-70.0
-70.0
-70.0
-70.0
-70.0
-70.0
-70.0
-70.0
-70.0
-70.0
-70.0
-70.0
-70.0
-70.0
-70.0
-70.0
-70.0
-70.0
-70.0
-70.0
-70.0
-70.0
-70.0
-70.0
-70.0
-70.0
-70.0
-70.0
-70.0
-70.0
-70.0
-70.0
-70.0
-70.0
-70.0
-70.0
-70.0
-70.0
-70.0
-70.0
-70.0
-70.0
-70.0
-70.0
-70.0
-70.0
-70.0
-70.0
-70.0
-70.0
-70.0
-70.0
-70.0
-70.0
-70.0
-66.7533408362
-64.9135673101
-63.9792509507
-63.6193527701
-63.6161021027
-63.8269482988
-64.1592244066
-64.553282591
-66.0511650388
-70.0
-70.0
-70.0
-70.0
-70.0
-70.0
-70.0
-70.0
-70.0
-70.0
-70.0
-70.0
-70.0
-70.0
-70.0
-70.0
-70.0
-70.0
-70.0
-70.0
-70.0
-70.0
-70.0
-70.0
-70.0
-70.0
-70.0
-70.0
-70.0
-70.0
-70.0
-70.0
-70.0
-70.0
-70.0
-70.0
-70.0
-70.0
-70.0
-70.0
-70.0
-70.0
-70.0
-70.0
-70.0
-70.0
-70.0
-70.0
-70.0
-70.0
-70.0
-70.0
-63.7510235529
-63.9591358637
-69.7402730936
-70.0
-70.0
-70.0
-70.0
-70.0
-70.0
-70.0
-70.0
-70.0
-70.0
-70.0
-70.0
-70.0
-70.0
-70.0
-70.0
-65.7252154161
-63.3028374852
-62.0726494772
-61.5987816898
-61.5945016277
-61.8721168695
-62.3096154523
-63.5521551745
-70.0
-70.0
-70.0
-70.0
-70.0
-70.0
-70.0
-70.0
-70.0
-70.0
-70.0
-70.0
-70.0
-70.0
-70.0
-70.0
-70.0
-70.0
-70.0
-70.0
-70.0
-70.0
-70.0
-70.0
-70.0
-70.0
-70.0
-70.0
-70.0
-70.0
-70.0
-70.0
-70.0
-70.0
-70.0
-70.0
-70.0
-70.0
-64.9132796218
-62.0308047409
-60.5669596542
-60.0030872805
-59.9979942802
-60.3283386707
-60.848934016
-62.3560658891
-68.9802405652
-70.0
-70.0
-70.0
-70.0
-70.0
-70.0
-70.0
-70.0
-70.0
-70.0
-70.0
-70.0
-70.0
-70.0
-70.0
-70.0
-70.0
-70.0
-70.0
-70.0
-70.0
-70.0
-70.0
-70.0
-70.0
-70.0
-63.2033016494
-62.7083125017
-70.0
-70.0
-70.0
-70.0
-70.0
-70.0
-70.0
-70.0
-70.0
-70.0
-70.0
-70.0
-70.0
-70.0
-70.0
-70.0
-70.0
-70.0
-70.0
-70.0
-70.0
-70.0
-70.0
-70.0
-63.9269774767
-60.4855980469
-58.7379171207
-58.0647113277
-58.0586308076
-58.6292750463
-61.1006377168
-70.0
-70.0
-70.0
-70.0
-70.0
-70.0
-70.0
-70.0
-70.0
-70.0
-70.0
-70.0
-70.0
-70.0
-70.0
-70.0
-70.0
-70.0
-70.0
-70.0
-70.0
-70.0
-70.0
-63.7286039579
-60.1748128673
-58.3700444508
-58.0237263254
-64.600631297
-70.0
-70.0
-70.0
-68.1209982279
-67.056230557
-66.5154956026
-66.3072047765
-66.305323455
-66.4273505469
-66.6196551171
-66.8477160221
-67.0896286976
-67.6844174697
-70.0
-70.0
-70.0
-70.0
-70.0
-70.0
-70.0
-70.0
-70.0
-70.0
-70.0
-70.0
-70.0
-70.0
-70.0
-70.0
-70.0
-70.0
-70.0
-70.0
-70.0
-70.0
-70.0
-64.6167711546
-61.5662748089
-60.0171011744
-59.420360288
-59.4149704132
-59.7645708079
-60.6772026899
-63.1363066889
-70.0
-70.0
-70.0
-70.0
-70.0
-70.0
-70.0
-70.0
-70.0
-70.0
-70.0
-70.0
-70.0
-70.0
-70.0
-70.0
-70.0
-70.0
-70.0
-70.0
-70.0
-70.0
-70.0
-70.0
-70.0
-70.0
-70.0
-63.2686578681
-59.4542306601
-61.0813586899
-66.7711363101
-70.0
-70.0
-70.0
-70.0
-70.0
-70.0
-70.0
-70.0
-70.0
-70.0
-70.0
-70.0
-70.0
-70.0
-70.0
-70.0
-70.0
-70.0
-70.0
-70.0
-70.0
-70.0
-70.0
-70.0
-70.0
-70.0
-70.0
-70.0
-70.0
-70.0
-70.0
-70.0
-70.0
-70.0
-70.0
-70.0
-70.0
-70.0
-70.0
-70.0
-70.0
-70.0
-70.0
-70.0
-70.0
-70.0
-70.0
-70.0
-70.0
-70.0
-67.6291837165
-70.0
-70.0
-70.0
-70.0
-70.0
-70.0
-70.0
-70.0
-70.0
-70.0
-70.0
-70.0
-70.0
-70.0
-70.0
-70.0
-70.0
-70.0
-70.0
-70.0
-70.0
-70.0
-70.0
-70.0
-70.0
-70.0
-70.0
-70.0
-70.0
-70.0
-70.0
-70.0
-70.0
-63.5918023521
-60.1285870595
-58.5657048547
-59.2696237149
-66.2566312523
-70.0
-70.0
-70.0
-70.0
-70.0
-70.0
-70.0
-70.0
-70.0
-63.2956182149
-59.4964685366
-59.0255188388
-63.3752486831
-66.8078259891
-70.0
-70.0
-70.0
-70.0
-70.0
-70.0
-70.0
-70.0
-70.0
-70.0
-70.0
-70.0
-70.0
-70.0
-70.0
-70.0
-70.0
-70.0
-70.0
-70.0
-70.0
-70.0
-70.0
-70.0
-70.0
-70.0
-70.0
-70.0
-70.0
-70.0
-70.0
-70.0
-70.0
-70.0
-70.0
-64.0267325254
-64.923191246
-70.0
-70.0
-70.0
-70.0
-70.0
-70.0
-70.0
-70.0
-70.0
-70.0
-70.0
-70.0
-70.0
-70.0
-70.0
-70.0
-70.0
-70.0
-70.0
-70.0
-70.0
-70.0
-70.0
-70.0
-70.0
-70.0
-70.0
-68.0275886732
-69.0643226307
-70.0
-70.0
-70.0
-70.0
-70.0
-70.0
-70.0
-70.0
-70.0
-70.0
-70.0
-70.0
-70.0
-70.0
-65.9884410157
-63.715224258
-62.5607867281
-62.1160979858
-62.1120814743
-56.2944128845
0
-70.0
-70.0
-70.0
-70.0
-70.0
-70.0
-70.0
-70.0
-70.0
-70.0
-70.0
-70.0
-70.0
-70.0
-70.0
-70.0
-70.0
-70.0
-70.0
-70.0
-70.0
-70.0
-70.0
-70.0
-70.0
-70.0
-70.0
-70.0
-70.0
-70.0
-70.0
-70.0
-70.0
-70.0
-70.0
-70.0
-70.0
-70.0
-70.0
-70.0
-70.0
-70.0
-70.0
-70.0
-70.0
-70.0
-70.0
-70.0
-70.0
-70.0
-70.0
-64.2103801621
-60.9295955873
-59.2634716561
-58.6216815756
-58.6158848081
-59.5339330797
-67.7747731537
-70.0
-70.0
-70.0
-70.0
-70.0
-70.0
-70.0
-70.0
-70.0
-70.0
-63.2261743893
-60.6397876493
-66.1036297214
-70.0
-70.0
-70.0
-70.0
-70.0
-70.0
-70.0
-70.0
-70.0
-70.0
-70.0
-70.0
-70.0
-70.0
-70.0
-70.0
-70.0
-70.0
-70.0
-70.0
-70.0
-70.0
-70.0
-70.0
-70.0
-70.0
-70.0
-70.0
-70.0
-70.0
-70.0
-70.0
-70.0
-70.0
-63.5008550645
-59.8180062677
-57.9476967807
-59.1995223558
-68.8208823511
-70.0
-70.0
-70.0
-70.0
-70.0
-70.0
-64.3158875158
-61.0948904414
-59.4591291821
-58.8290347871
-58.8233436572
0
-70.0
-70.0
-70.0
-70.0
-70.0
-70.0
-70.0
-70.0
-70.0
-70.0
-70.0
-70.0
-63.505879414
-59.8258777486
-58.3168399616
-55.6000038351
-58.0666608596
-60.4656198036
-62.2228078432
-63.5363604055
-64.539946596
-65.3241000905
-65.9504555175
-66.4612535898
-66.8856906468
-67.9797984481
-66.9953308823
-70.0
-70.0
-70.0
-70.0
-70.0
-70.0
-70.0
-70.0
-70.0
-70.0
-70.0
-70.0
-64.4026422707
-65.9651618476
-70.0
-70.0
-70.0
-70.0
-70.0
-70.0
-70.0
-70.0
-70.0
-70.0
-70.0
-70.0
-70.0
-70.0
-70.0
-70.0
-70.0
-70.0
-70.0
-70.0
-70.0
-70.0
-70.0
-70.0
-70.0
-70.0
-63.1589862187
-60.0127910789
-64.2736721581
-70.0
-70.0
-70.0
-70.0
-70.0
-70.0
-70.0
-70.0
-70.0
-70.0
-70.0
-70.0
-70.0
-70.0
-70.0
-70.0
-70.0
-70.0
-70.0
-70.0
-70.0
-70.0
-70.0
-70.0
-70.0
-70.0
-70.0
-70.0
-70.0
-70.0
-70.0
-70.0
-70.0
-70.0
-70.0
-65.670623922
-63.2173108111
-61.9714125842
-61.4914932286
-61.4871585077
-61.7683190581
-62.2114047532
-56.146569656
-54.2602310224
-61.5076963045
-70.0
-70.0
-70.0
-70.0
-70.0
-70.0
-70.0
-70.0
-70.0
-70.0
-70.0
-70.0
-70.0
-70.0
-70.0
-70.0
-70.0
-70.0
-70.0
-70.0
-70.0
-70.0
-70.0
-70.0
-70.0
-70.0
-70.0
-70.0
-70.0
-70.0
-70.0
-70.0
-70.0
-70.0
-70.0
-70.0
-70.0
-64.0327098279
-58.3179120637
-55.2784363364
0
-70.0
-70.0
-70.0
-70.0
-70.0
-70.0
-70.0
-70.0
-70.0
-70.0
-70.0
-70.0
-70.0
-70.0
-70.0
-70.0
-70.0
-67.2416982531
-69.1067914721
-70.0
-70.0
-70.0
-70.0
-70.0
-70.0
-70.0
-70.0
-70.0
-70.0
-70.0
-70.0
-70.0
-70.0
-70.0
-70.0
-70.0
-70.0
-70.0
-70.0
-70.0
-70.0
-70.0
-63.2946958584
-59.4950235115
-58.1250075558
-63.0249496859
-70.0
-70.0
-70.0
-70.0
-70.0
-70.0
-70.0
-70.0
-70.0
-70.0
-70.0
-70.0
-70.0
-70.0
-70.0
-70.0
-70.0
-70.0
-70.0
-70.0
-70.0
-70.0
-70.0
-63.547114565
-59.8904794851
-58.0334824544
-58.0495634322
-68.5317565018
-70.0
-70.0
-70.0
-70.0
-70.0
-70.0
-70.0
-70.0
-70.0
-70.0
-63.3377777124
-59.5625184161
-59.1542914888
-64.9673105106
-70.0
-70.0
-70.0
-70.0
-70.0
-70.0
-70.0
-63.7877703324
-60.2675068541
-58.4797652054
-57.7911280426
-58.3326202928
-55.9419829644
-64.3643057669
-70.0
-70.0
-70.0
-70.0
-70.0
-70.0
-70.0
-63.8716147925
-60.3988631749
-58.6352500985
-57.9559072494
-57.9497712982
-60.7790870332
-67.545899616
-70.0
-70.0
-70.0
-70.0
-70.0
-70.0
-70.0
-70.0
-70.0
-70.0
-70.0
-70.0
-70.0
-70.0
-70.0
-70.0
-70.0
-70.0
-70.0
-70.0
-63.8140479553
-60.30867513
-58.5284955971
-57.8427713575
-57.8365777685
-58.4235517162
-60.0944283711
-65.9165803888
-70.0
-70.0
-70.0
-70.0
-70.0
-70.0
-70.0
-70.0
-70.0
-70.0
-70.0
-70.0
-70.0
-70.0
-70.0
-70.0
-70.0
-70.0
-70.0
-70.0
-70.0
-70.0
-70.0
-70.0
-70.0
-70.0
-70.0
-70.0
-67.5681367472
-66.5575809007
-66.0659946962
-60.9762505577
-55.8898623893
0
-70.0
-70.0
-70.0
-70.0
-70.0
-70.0
-70.0
-70.0
-70.0
-70.0
-70.0
-70.0
-70.0
-70.0
-70.0
-70.0
-70.0
-70.0
-70.0
-70.0
-70.0
-70.0
-70.0
-70.0
-70.0
-70.0
-70.0
-70.0
-70.0
-70.0
-70.0
-70.0
-70.0
-70.0
-70.0
-70.0
-70.0
-70.0
-70.0
-70.0
