-70.0
-70.0
-70.0
-70.0
-70.0
-70.0
-70.0
-70.0
-70.0
-70.0
-70.0
-70.0
-70.0
-70.0
-64.8591906722
-63.8738390718
-64.9886654374
-67.0322650015
-68.9312726967
-64.1718081416
-61.8040566543
-61.0973026389
-61.573836438
-62.5906924215
-63.749467293
-58.7492973304
-56.6988000661
-59.2239960669
-65.5974566996
-70.0
-70.0
-70.0
-70.0
-70.0
-70.0
-70.0
-70.0
-63.514657756
-59.8396304843
-57.9732931052
0
-70.0
-70.0
-70.0
-70.0
-70.0
-70.0
-70.0
-70.0
-70.0
-70.0
-70.0
-70.0
-70.0
-70.0
-70.0
-70.0
-70.0
-70.0
-66.5225267326
-64.5519585478
-63.5512190186
-63.1657346672
-63.1622529007
-63.3880887442
-63.7439872921
-64.6227570435
-61.8723148674
-63.5386417145
-68.2111366348
-70.0
-70.0
-70.0
-70.0
-64.5381766099
-61.4431433555
-59.8713519577
-59.2658987205
-54.1864584724
0
-70.0
-70.0
-70.0
-70.0
-70.0
-70.0
-70.0
-70.0
-70.0
-70.0
-70.0
-70.0
-70.0
-70.0
-70.0
-70.0
-70.0
-70.0
-70.0
-70.0
-70.0
-70.0
-70.0
-63.6467605948
-60.963645719
-62.5702814741
-70.0
-70.0
-69.4070200967
-69.3189870404
-69.2888676386
-69.2945004095
-69.3213967251
-69.3601546236
-69.404737542
-69.4513293749
-69.4975734955
-69.542067518
-70.0
-70.0
-70.0
-70.0
-70.0
-70.0
-70.0
-70.0
-70.0
-64.2489741437
-60.9900594919
-59.335042051
-59.15912699
-59.8740451938
-64.7865912518
-70.0
-70.0
-70.0
-70.0
-70.0
-65.4690241523
-62.901471172
-61.5975570114
-61.095289948
-61.0907533783
-61.3850063239
-61.8487245471
-63.0094732907
-70.0
-70.0
-69.7741464432
-69.7550460943
-69.7517510152
-69.7580489338
-69.7698927206
-64.1301297291
-60.9419342766
-55.7131191959
0
-70.0
-70.0
-70.0
-70.0
-70.0
-70.0
-70.0
-70.0
-70.0
-70.0
-70.0
-70.0
-70.0
-70.0
-70.0
-70.0
-70.0
-70.0
-70.0
-70.0
-70.0
-70.0
-70.0
-65.0947374745
-62.31508871
-60.903463161
-55.8431242447
0
-70.0
-70.0
-70.0
-70.0
-70.0
-70.0
-70.0
-70.0
-70.0
-70.0
-70.0
-70.0
-70.0
-70.0
-70.0
-70.0
-70.0
-70.0
-70.0
-70.0
-70.0
-70.0
-70.0
-70.0
-70.0
-70.0
-70.0
-70.0
-70.0
-70.0
-70.0
-70.0
-70.0
-70.0
-70.0
-70.0
-70.0
-70.0
-70.0
-70.0
-70.0
-70.0
-67.1473205146
-69.6750965592
-70.0
-70.0
-70.0
-70.0
-70.0
-70.0
-70.0
-70.0
-70.0
-70.0
-67.3789071185
-69.8638192617
-70.0
-70.0
-70.0
-70.0
-70.0
-70.0
-70.0
-70.0
-70.0
-63.8759089618
-60.8693114825
-61.2412377311
-65.9575972655
-69.5421687343
-70.0
-70.0
-70.0
-70.0
-70.0
-70.0
-64.0067133823
-60.6105176323
-59.1946551501
-64.6006389579
-69.8202097121
-70.0
-70.0
-70.0
-70.0
-70.0
-65.8701941858
-63.5299708911
-62.3415045512
-61.8837079289
-61.8795730246
-62.1477729811
-62.5704338557
-63.2261348749
-65.0882286662
-70.0
-70.0
-70.0
-70.0
-70.0
-66.7539483681
-64.9145191101
-63.9803775849
-63.6205467503
-63.6172966912
-63.8281034327
-64.1603173632
-64.5543018093
-60.5956325182
-61.6590002507
-65.5458072024
-68.9162828045
-66.1696729364
-62.7353234733
-58.875203013
-56.929957303
-56.1984779669
0
-70.0
-70.0
-70.0
-70.0
-70.0
-70.0
-70.0
-70.0
-70.0
-70.0
-70.0
-65.0672825698
-62.272076026
-60.8525495655
-60.3057487037
-60.3008098965
-61.2449788417
-63.6630345902
-66.8962052587
-70.0
-70.0
-70.0
-70.0
-65.7726217682
-63.3771074369
-62.1605619235
-61.691949218
-61.6877166208
-62.4342501801
-60.6080345892
-64.5375985291
-68.6513189752
-70.0
-70.0
-66.2310999096
-64.0953898584
-63.0107841657
-58.3862538705
-55.9986605644
0
-70.0
-70.0
-70.0
-70.0
-70.0
-70.0
-69.4760406596
-69.3171062927
-69.2445087961
-69.2261333382
-69.2409036189
-64.157841428
-61.3027427326
-59.8795920909
-59.518059478
-62.6491644527
-70.0
-70.0
-70.0
-70.0
-70.0
-70.0
-70.0
-70.0
-64.8665281585
-61.9575607817
-60.4802616629
-59.9112068028
-61.80794459
-70.0
-70.0
-70.0
-70.0
-70.0
-70.0
-70.0
-70.0
-70.0
-70.0
-70.0
-64.5444675494
-61.4529991607
-59.8830181555
-59.7522845882
-62.5510552021
-62.6331692289
-65.2145913001
-67.4394921581
-64.8082088603
-63.4024985862
-62.7789891356
-62.6455838273
-62.8106878482
-63.149393999
-63.5809712229
-64.0538851832
-64.8523354995
-67.097313681
-70.0
-70.0
-70.0
-70.0
-70.0
-70.0
-70.0
-70.0
-70.0
-64.8904030179
-61.994964728
-60.5245362631
-55.9065539014
0
-70.0
-70.0
-70.0
-70.0
-70.0
-70.0
-70.0
-70.0
-70.0
-65.8327535094
-63.4713138313
-62.2720728968
-61.8101259062
-61.805953515
-62.0765849631
-63.136560211
-65.5849455294
-70.0
-70.0
-70.0
-70.0
-70.0
-70.0
-70.0
-70.0
-70.0
-70.0
-70.0
-70.0
-70.0
-65.2049567072
-63.7652699033
-66.927697365
-70.0
-70.0
-70.0
-70.0
-66.1604632679
-63.9847257863
-62.8797924379
-62.4541726808
-62.4503284039
-62.6996775577
-63.0926311313
-63.5586489045
-64.2119712673
-65.9048524325
-69.2752227124
-70.0
-70.0
-70.0
-70.0
-70.0
-70.0
-70.0
-70.0
-70.0
-70.0
-70.0
-70.0
-70.0
-66.3934448797
-68.1772949745
-70.0
-70.0
-70.0
-70.0
-70.0
-70.0
-70.0
-70.0
-70.0
-70.0
-70.0
-64.530703939
-61.4314361711
-61.3095271507
-64.8863808225
-70.0
-70.0
-70.0
-70.0
-70.0
-70.0
-70.0
-70.0
-70.0
-70.0
-64.7081467839
-61.7094299614
-60.1865522025
-60.085261638
-61.6375603899
-66.6898626049
-70.0
-70.0
-70.0
-70.0
-70.0
-70.0
-65.4235922126
-62.8302944663
-61.5133060031
-61.006002725
-61.0014206673
-61.2986240771
-61.9274919852
-58.023914568
-59.9466118436
-67.6448503557
-70.0
-70.0
-70.0
-67.5489579734
-66.1600341583
-65.4546787307
-65.1829761831
-65.1805221151
-60.6096520235
-58.1801415678
-54.0900972421
0
-70.0
-70.0
-70.0
-70.0
-70.0
-70.0
-70.0
-70.0
-70.0
-65.8566828116
-63.5088030714
-62.3164484583
-61.8571540752
-61.8530056428
-62.1220830619
-62.5461267447
-63.6942340821
-66.0379052016
-70.0
-70.0
-70.0
-70.0
-70.0
-70.0
-70.0
-70.0
-70.0
-70.0
-70.0
-70.0
-70.0
-70.0
-70.0
-70.0
-70.0
-68.4799889669
-68.5889312741
-69.1941443081
-65.8108747257
-63.9205504854
-62.9890042584
-62.6637763802
-58.4103409345
-56.4050652923
-55.6550643973
-56.4950125787
-60.6913812015
-66.4231736692
-70.0
-70.0
-66.9745286856
-65.2600949407
-64.3894315291
-64.0540524312
-64.0510232247
-64.2475049267
-64.5571437836
-64.9243556384
-65.3138708966
-65.703784355
-67.0508923936
-70.0
-70.0
-70.0
-70.0
-70.0
-70.0
-70.0
-70.0
-70.0
-70.0
-70.0
-70.0
-70.0
-70.0
-70.0
-70.0
-70.0
-70.0
-70.0
-70.0
-70.0
-70.0
-70.0
-70.0
-70.0
-70.0
-70.0
-70.0
-70.0
-70.0
-70.0
-70.0
-70.0
-70.0
-70.0
-70.0
-70.0
-70.0
-70.0
-70.0
-70.0
-70.0
-70.0
-70.0
-70.0
-70.0
-70.0
-70.0
-70.0
-64.9659660492
-62.1133468104
-60.6646637068
-60.106631721
-60.2616825222
-63.2806371224
-67.3937995657
-70.0
-70.0
-70.0
-70.0
-70.0
-70.0
-70.0
-70.0
-70.0
-70.0
-70.0
-70.0
-70.0
-70.0
-70.0
-70.0
-70.0
-70.0
-70.0
-70.0
-70.0
-68.0485079136
-66.942662398
-66.381066342
-62.4727583489
-60.378681608
-56.5282239544
0
-70.0
-70.0
-70.0
-70.0
-70.0
-70.0
-70.0
-70.0
-70.0
-70.0
-70.0
-70.0
-65.9201658906
-63.6082598953
-62.4341743016
-61.9819171353
-57.815424857
-55.7216819948
-56.2454880599
-61.0999877257
-65.8561253736
-69.008786488
-66.2298941146
-64.6882288867
-63.9402887871
-63.6935151011
-63.7556670528
-59.5239084167
-57.3340562878
-56.4423431342
-56.5218043182
-57.018754218
-54.2461411231
-57.1997464082
-63.8176781341
-68.8081734323
-70.0
-70.0
-70.0
-70.0
-65.66381014
-63.206635886
-61.958776804
-61.4781021281
-61.4737605849
-61.7553636395
-62.1991466843
-58.073703254
-57.9598343053
-63.3647416378
-66.7878627258
-70.0
-70.0
-67.9807610899
-66.8365257075
-66.2554336212
-66.0315972487
-66.0295755169
-61.7680025532
-59.4854586898
-55.6559170822
0
-70.0
-70.0
-70.0
-70.0
-70.0
-70.0
-70.0
-70.0
-70.0
-70.0
-70.0
-70.0
-70.0
-70.0
-70.0
-65.0746652691
-62.2836422549
-61.1996059711
-68.2436179792
-70.0
-70.0
-70.0
-70.0
-70.0
-70.0
-70.0
-70.0
-70.0
-65.6854772893
-63.2405810866
-61.9989573287
-61.5206844964
-61.5163646471
-62.4593505057
-63.6087365458
-67.7933914292
-68.4108989416
-70.0
-70.0
-70.0
-70.0
-70.0
-70.0
-70.0
-70.0
-70.0
-70.0
-70.0
-70.0
-70.0
-70.0
-70.0
-70.0
-70.0
-70.0
-70.0
-70.0
-70.0
-70.0
-65.6725055932
-63.2202587627
-61.974902039
-61.4951912701
-61.4908584331
-61.7718967832
-63.3562620025
-70.0
-70.0
-70.0
-70.0
-70.0
-70.0
-70.0
-70.0
-70.0
-70.0
-70.0
-70.0
-70.0
-70.0
-70.0
-65.1538089247
-62.7358206196
-63.0139387905
-66.54348175
-70.0
-70.0
-70.0
-70.0
-70.0
-70.0
-70.0
-70.0
-70.0
-65.3286834343
-62.681604047
-61.3373029464
-60.8194788545
-60.8148017709
-63.7367053183
-67.9664020898
-70.0
-70.0
-70.0
-70.0
-70.0
-70.0
-70.0
-70.0
-70.0
-70.0
-70.0
-70.0
-70.0
-70.0
-70.0
-70.0
-70.0
-70.0
-70.0
-67.6903324009
-66.3815207614
-63.0385719745
-61.2648503033
-60.4917889571
-60.3448925174
-60.5785915698
-61.0328579488
-61.7708195807
-58.6009035176
-58.9008419337
-62.0417098571
-65.5024186596
-68.0582896097
-69.6565358594
-70.0
-70.0
-65.8081157155
-63.432714621
-59.562494588
-57.5882794153
-56.8174743312
-56.794408803
-59.3832050422
-65.256529879
-70.0
-70.0
-70.0
-66.9914949998
-65.2866754997
-64.4208946163
-64.0873962657
-64.0843840465
-64.2797639134
-64.5876663698
-65.1200590295
-65.9278109992
-68.8565821549
-70.0
-70.0
-70.0
-70.0
-70.0
-70.0
-70.0
-70.0
-70.0
-70.0
-70.0
-70.0
-70.0
-70.0
-70.0
-70.0
-70.0
-70.0
-70.0
-70.0
-70.0
-66.5113424571
-64.5344365161
-60.880978401
-58.9928709185
-58.2269107318
-58.1597709287
-58.5141613492
-54.9685865195
0
-70.0
-70.0
-70.0
-70.0
-70.0
-70.0
-70.0
-70.0
-70.0
-70.0
-70.0
-70.0
-70.0
-70.0
-70.0
-68.0538603114
-67.9491336709
-69.9036739282
-70.0
-70.0
-70.0
-70.0
-70.0
-70.0
-70.0
-70.0
-70.0
-70.0
-70.0
-70.0
-70.0
-70.0
-70.0
-70.0
-69.1093979306
-68.6047234246
-68.3484279401
-68.2497030515
-68.2488113499
-68.306649284
-68.3977970683
-68.5058925032
-68.6205533474
-68.7353314091
-68.8463538657
-64.8101892318
-63.4043489129
-64.6224100722
-64.2320617577
-66.5160641536
-68.3346073627
-69.4812463761
-70.0
-70.0
-70.0
-70.0
-70.0
-70.0
-70.0
-70.0
-70.0
-70.0
-70.0
-70.0
-70.0
-70.0
-70.0
-70.0
-70.0
-70.0
-70.0
-70.0
-70.0
-70.0
-70.0
-70.0
-66.3222473017
-65.5716043234
-65.7702814554
-66.0304783527
-66.8120783187
-68.5509061024
-69.9687556487
-70.0
-67.6883595623
-66.708028952
-66.8983072716
-67.115864021
-67.3425359366
-67.5671212214
-63.5487701348
-61.3528004784
-60.3234586686
-60.5262771806
-62.6315321477
-65.1453104099
-68.1390321772
-70.0
-70.0
-70.0
-70.0
-65.9594271034
-63.6697691287
-62.5069820395
-62.0590770514
-62.0550314901
-64.3217255354
-67.0291420689
-69.9121051143
-70.0
-70.0
-70.0
-70.0
-70.0
-70.0
-70.0
-70.0
-70.0
-70.0
-66.9075855925
-67.14633839
-68.1659000971
-69.1708714493
-69.8014918789
-70.0
-70.0
-70.0
-70.0
-70.0
-65.5212712928
-63.151041692
-62.4621358743
-62.9646297944
-64.0013032561
-61.821836297
-61.4609963031
-59.4796126897
-58.6414620987
-58.5171896742
-59.9863375405
-59.1587300253
-59.6923264315
-60.3560733941
-61.0757857919
-61.8050870375
-62.5158315503
-63.1917505397
-63.8242435819
-64.4095979546
-64.947157313
-65.9465429507
-67.8550389892
-70.0
-70.0
-70.0
-70.0
-70.0
-70.0
-70.0
-70.0
-70.0
-70.0
-70.0
-70.0
-70.0
-65.9364154957
-68.8349721379
-70.0
-70.0
-70.0
-70.0
-67.8987576434
-66.7080536414
-63.5891961188
-61.9315750679
-61.2059499351
-61.0637098576
-61.2762421492
-57.7650040698
-56.0660944198
-55.5112121492
-55.8256997892
-57.9834013186
-63.5295945212
-70.0
-70.0
-70.0
-70.0
-70.0
-70.0
-66.5013473822
-64.5187775654
-61.0106097565
-59.2053554126
-58.4820242925
-55.2636025884
0
-70.0
-70.0
-70.0
-70.0
-70.0
-70.0
-70.0
-70.0
-67.8190235663
-66.5831369205
-65.955500369
-65.7137350925
-65.7115514235
-67.0388204782
-69.7414036966
-70.0
-70.0
-70.0
-70.0
-70.0
-70.0
-70.0
-70.0
-70.0
-65.7513465895
-63.3437763236
-62.1211082865
-61.6501371881
-61.6458832894
-62.2561124913
-67.3854644327
-70.0
-70.0
-70.0
-70.0
-70.0
-70.0
-70.0
-70.0
-70.0
-70.0
-70.0
-70.0
-70.0
-70.0
-70.0
-70.0
-70.0
-66.5692585281
-66.9756641562
-69.4207603413
-70.0
-70.0
-70.0
-70.0
-67.08887973
-65.4392449103
-64.6014891882
-64.2787861153
-64.275871401
-64.4649268591
-64.762862572
-65.1161952473
-65.4909883443
-65.866164591
-66.2290648526
-66.5725028479
-67.0555654383
-67.9475507085
-70.0
-70.0
-70.0
-70.0
-68.497934584
-67.6467641816
-67.2145031341
-67.0479964011
-67.0464924813
-67.14404038
-67.2977677733
-67.4800786168
-67.6734625023
-67.8670440835
-68.3879358743
-70.0
-70.0
-70.0
-68.1548143692
-67.3842814006
-67.0091522395
-66.8837696681
-66.9124144697
-67.0325208683
-67.2035006786
-67.3993052088
-67.6034777532
-67.8058653548
-68.331177005
-69.5325751883
-70.0
-70.0
-70.0
-67.7743572765
-67.3605136857
-68.5481451421
-69.3091191779
-69.7887329601
-70.0
-70.0
-70.0
-66.0370820361
-63.7914285232
-62.650988798
-62.3806494074
-62.4724241261
-62.7784081531
-63.2027182976
-63.848130441
-65.8037065851
-65.5272783901
-66.5189096108
-65.6242680012
-65.2333407687
-65.1576730703
-65.2736833489
-65.5008334044
-65.7870956576
-66.0992831542
-66.4166195471
-66.7264673979
-62.7446164498
-59.1336519993
-57.329284929
-57.0063940781
-58.4168427468
-60.4861585459
-62.5487656787
-64.3684544357
-65.6479858754
-66.5607718767
-67.2230844149
-67.7130357907
-68.0832387565
-68.3692525774
-68.5952191174
-68.9478750699
-69.8717894565
-70.0
-70.0
-70.0
-68.0012216246
-67.2002638783
-66.813013768
-66.6868965761
-66.7216630418
-66.8518008199
-67.0348234594
-63.1218986662
-61.0034138348
-60.0322091414
-59.7817460207
-60.3091031422
-60.9485473104
-61.633928901
-62.6630268906
-67.2067997728
-70.0
-70.0
-70.0
-70.0
-70.0
-70.0
-70.0
-70.0
-70.0
-70.0
-70.0
-70.0
-70.0
-70.0
-70.0
-70.0
-70.0
-67.325881261
-68.7864011778
-70.0
-70.0
-70.0
-70.0
-70.0
-70.0
-70.0
-66.3977706184
-64.3565073022
-63.3198657357
-62.920551938
-62.9169452614
-63.15088308
-63.5195496686
-63.9567646328
-64.4205347902
-67.2527438862
-70.0
-70.0
-70.0
-70.0
-68.139973149
-67.0859579335
-64.1422946508
-61.1263201929
-59.612524845
-59.0504968081
-59.0782634257
-55.9801973315
-54.5886844305
-54.267487209
-54.599185969
-55.3115656928
-56.228608004
-57.5757409977
-58.7981627607
-60.2400914024
-63.9622256923
-68.40335584
-70.0
-68.7912386629
-68.1062739052
-65.3500303649
-63.8512832285
-63.1569921724
-62.9685177997
-63.0898159161
-59.6287116216
-57.8977586575
-57.2625949238
-57.3060768528
-54.2765128312
-54.3289136514
-56.5754155466
-60.0475298811
-63.8234035817
-66.9660529495
-68.9527741385
-66.1246988799
-64.5570304288
-63.7978616771
-63.5490983702
-63.6148704404
-63.8671713345
-64.2229794932
-64.6290317386
-65.0516953612
-65.4702370228
-66.0418541189
-67.5187077732
-69.9926647924
-70.0
-70.0
-70.0
-70.0
-70.0
-66.178679669
-64.0132648147
-62.9135737417
-62.4899733065
-62.4861472685
-62.7343134034
-63.1254026376
-63.5892094235
-64.2454365142
-65.8285558244
-68.8679751475
-70.0
-70.0
-70.0
-70.0
-70.0
-70.0
-70.0
-70.0
-70.0
-70.0
-70.0
-70.0
-70.0
-70.0
-70.0
-70.0
-70.0
-70.0
-70.0
-70.0
-70.0
-70.0
-70.0
-70.0
-70.0
-66.0177181306
-63.761091738
-62.6150795111
-62.1736361913
-62.1696489931
-62.4282683743
-62.8358310573
-63.8232837319
-67.2980277304
-70.0
-70.0
-70.0
-70.0
-70.0
-70.0
-70.0
-70.0
-70.0
-70.0
-70.0
-70.0
-70.0
-70.0
-70.0
-70.0
-70.0
-70.0
-70.0
-70.0
-70.0
-70.0
-70.0
-70.0
-70.0
-70.0
-70.0
-70.0
-70.0
-70.0
-70.0
-70.0
-70.0
-70.0
-70.0
-70.0
-70.0
-70.0
-70.0
-70.0
-70.0
-70.0
-65.8962696627
-63.5708224715
-63.2359007763
-64.1029447327
-64.9886249301
-61.9538550159
-60.4011979002
-59.7895637007
-59.9333884651
-60.5226253128
-61.192079911
-62.054600006
-64.1787082148
-66.9702158222
-69.7495380354
-67.7060137858
-67.0642148284
-66.7769949597
-66.7120965399
-63.3354271094
-61.5315778809
-60.731549081
-60.5604801651
-60.7724894767
-57.4770939741
-56.0865035401
-55.8849936061
-56.5687522843
-55.4665508814
-57.6439099888
-61.2120025401
-64.2638987269
-66.4551280864
-67.8880280992
-68.8181671703
-69.4156450405
-69.7936102614
-70.0
-70.0
-65.8781924729
-63.5425015409
-62.3563369303
-61.899426933
-61.8953000368
-62.1629805645
-62.919901588
-64.2925058717
-66.31431723
-69.6704837852
-70.0
-70.0
-67.7478542231
-66.4716382828
-65.8235207759
-65.5738662459
-65.5716113197
-65.71787132
-65.9483649428
-66.2217156184
-66.5116688365
-66.8019184728
-67.0826709722
-67.3483667727
-67.5961720273
-63.5811014453
-61.3860223812
-61.037601923
-63.3402423347
-69.3263272383
-70.0
-70.0
-70.0
-70.0
-70.0
-70.0
-70.0
-70.0
-70.0
-70.0
-70.0
-70.0
-65.8431925242
-63.4876682879
-62.2914314698
-61.8306416633
-61.826479724
-62.0964332363
-62.8615572618
-63.890807314
-60.8206166336
-59.6244150042
-59.928781145
-60.4471081246
-61.5809348372
-62.5418663702
-59.5229831051
-58.2301007522
-57.8467013154
-58.0217716095
-58.5260880657
-59.2111416705
-59.9818024444
-60.7781388272
-61.5633360293
-62.315676483
-59.0472399404
-58.2988532213
-61.1230752034
-64.6438378908
-68.3868564477
-70.0
-70.0
-70.0
-70.0
-70.0
-70.0
-70.0
-70.0
-65.9196369342
-63.6074311969
-62.4331933812
-61.9808775792
-61.9767921786
-62.4076233801
-62.9192013216
-63.6286747091
-64.4383119321
-65.7866325978
-69.0992538155
-70.0
-70.0
-70.0
-70.0
-70.0
-70.0
-70.0
-66.2622624474
-64.1442111675
-63.2331344718
-62.9120506387
-62.9556653175
-59.583711536
-57.9077488826
-55.1514203588
-54.1163944154
-55.2160799011
-57.2054654785
-58.9930387163
-60.4324813685
-61.6150642475
-62.6041118333
-63.4440699903
-64.1665758849
-64.7945268921
-61.2492892951
-59.4138370937
-58.6654378698
-58.5942170731
-58.9316773593
-62.0595090396
-66.3867996115
-70.0
-70.0
-68.6246776923
-67.8453283845
-67.4495411871
-64.371576755
-62.7124122039
-61.9598330664
-61.7762911484
-61.940289626
-62.307345725
-62.7840011936
-63.3105277683
-63.8494261208
-64.3777842616
-60.7970002797
-59.1245132146
-59.5000407001
-60.757072804
-63.0053574644
-61.333463971
-60.9531457424
-58.8934110583
-58.0277898792
-55.6068241757
-54.6340172812
-54.5625325684
-55.0342239884
-55.8160980408
-56.7580192042
-57.7645712622
-58.94359954
-60.5265630141
-62.2998723303
-61.2437221169
-61.9342595432
-62.9645622365
-63.8172584446
-64.5349675546
-65.1477607688
-65.677178005
-66.1389224132
-66.5446716444
-66.903298795
-67.2216984588
-67.5053483085
-68.0961919604
-69.1929064301
-67.2745740553
-67.2355858168
-67.4771511242
-67.7061852712
-67.9200662504
-68.1177259628
-68.2990642582
-68.4645650935
-68.6150467583
-68.7515008651
-68.8749899671
-69.149333748
-65.243432295
-63.7428103467
-63.3878151852
-63.3952242489
-63.6198288787
-63.9672640274
-64.7172016252
-65.8495074622
-68.0253822755
-69.3967277543
-70.0
-70.0
-70.0
-70.0
-70.0
-70.0
-70.0
-70.0
-70.0
-70.0
-70.0
-70.0
-69.5368506266
-69.7861570966
-70.0
-70.0
-70.0
-70.0
-66.2931814334
-64.1926509123
-63.1259109025
-62.7150031999
-62.7112918051
-62.952021908
-63.3313925728
-63.7813018859
-64.2585374109
-64.9005108122
-65.6247907459
-67.3893215553
-69.8933126557
-70.0
-70.0
-70.0
-70.0
-70.0
-70.0
-70.0
-70.0
-70.0
-65.9200974392
-63.7758693214
-63.378297524
-61.4853292632
-60.8038292778
-58.4151905329
-57.3681676015
-57.1610149227
-57.4646894846
-58.0647379056
-58.822609028
-60.3233776878
-63.3884786484
-66.6249347578
-69.1863105982
-70.0
-70.0
-70.0
-70.0
-70.0
-70.0
-70.0
-70.0
-70.0
-70.0
-70.0
-70.0
-70.0
-70.0
-70.0
-70.0
-70.0
-70.0
-70.0
-70.0
-70.0
-70.0
-70.0
-70.0
-70.0
-70.0
-70.0
-70.0
-70.0
-70.0
-65.9583870875
-63.6681397704
-62.5050533878
-62.057033112
-62.0529865095
-62.3154589976
-62.7290938572
-63.3891383111
-64.1705270397
-64.8336760422
-66.0817762267
-70.0
-70.0
-70.0
-70.0
-70.0
-70.0
-70.0
-70.0
-70.0
-70.0
-70.0
-70.0
-70.0
-70.0
-70.0
-70.0
-65.9010335177
-63.7488304755
-62.6658809676
-64.3163774017
-66.5182659669
-69.5946617544
-70.0
-70.0
-70.0
-70.0
-70.0
-70.0
-70.0
-70.0
-70.0
-70.0
-70.0
-70.0
-70.0
-70.0
-70.0
-70.0
-70.0
-70.0
-70.0
-70.0
-70.0
-70.0
-70.0
-70.0
-67.3979268933
-65.9234187996
-65.1745999833
-64.8861553608
-64.8835500752
-65.0525352347
-65.3188418226
-65.6346643813
-65.9696691037
-66.3050163004
-66.6293907418
-66.9363690485
-67.2226770643
-67.4870393049
-68.0601226111
-69.151083743
-70.0
-70.0
-70.0
-70.0
-70.0
-70.0
-70.0
-70.0
-70.0
-70.0
-70.0
-70.0
-70.0
-70.0
-70.0
-70.0
-70.0
-70.0
-70.0
-70.0
-70.0
-70.0
-70.0
-70.0
-70.0
-70.0
-70.0
-70.0
-70.0
-66.0026295667
-63.7374529878
-62.5870986076
-62.1439826925
-62.1399803871
-58.8438389168
-57.4087427374
-59.5307734418
-64.4025368226
-66.4461647921
-69.0036401853
-70.0
-70.0
-70.0
-70.0
-70.0
-70.0
-66.2306616033
-64.0947031784
-63.0099713509
-62.5921332094
-62.5883592175
-63.0042416962
-63.8244631264
-60.7040237111
-57.9531426045
-57.0424401964
-57.0947484089
-57.7266893366
-58.8617058919
-59.9139922953
-60.8815643942
-61.7660555071
-58.6783747992
-57.3761205478
-57.3574361962
-59.2974239903
-61.8254975332
-64.8109680886
-67.0808940781
-68.7119028045
-69.7334446135
-70.0
-70.0
-70.0
-66.174028953
-64.0059786931
-63.2460714695
-63.0152580865
-60.0419892248
-58.5899616003
-58.0990796389
-58.3724552149
-59.4470558808
-60.7835109516
-63.5872766898
-67.7023002249
-70.0
-70.0
-70.0
-70.0
-70.0
-70.0
-70.0
-70.0
-66.1558027949
-63.9774243786
-60.6338720718
-58.939944952
-56.0549794039
-54.788834095
-54.70447453
-57.2086885961
-62.5253682708
-64.9032894602
-68.3911922062
-70.0
-68.746243715
-66.7074151534
-64.2655041781
-62.9915074536
-62.4607258371
-62.393566006
-62.6068179071
-62.9812084509
-63.4398024955
-60.181770764
-58.554226033
-55.7452805489
-54.5350705734
-54.3244422357
-54.7205838252
-55.638669724
-56.6682322724
-57.7303620591
-59.1133778619
-60.4740747481
-62.1202737113
-65.2268856911
-68.1139427889
-70.0
-70.0
-70.0
-70.0
-70.0
-70.0
-70.0
-70.0
-70.0
-70.0
-70.0
-70.0
-70.0
-70.0
-70.0
-70.0
-70.0
-66.965179702
-66.4336638865
-67.9429188706
-70.0
-70.0
-70.0
-70.0
-66.7723458754
-64.9433418715
-64.0144947401
-60.8661662662
-59.2816303064
-58.6881877202
-58.7091825779
-59.0981400732
-56.2516156626
-55.0019804942
-54.7521333766
-55.4559020634
-56.7112430832
-59.1109218631
-62.2681242951
-66.6264766468
-65.8835660273
-65.5750341213
-65.5374138404
-65.6635945438
-65.8838498144
-66.1532079829
-62.8327104643
-61.0793216043
-60.3246442349
-60.194349672
-60.4430279453
-60.9108006443
-61.4944375757
-58.4019792684
-56.9331049751
-56.4873435666
-56.6703086026
-57.2244106708
-58.4937514326
-60.4826474861
-63.8667072305
-67.9163683516
-66.9033162473
-66.5754244384
-66.4928418718
-66.5601976028
-66.7152711213
-66.9178061951
-67.1420670328
-67.3718879677
-67.597384263
-67.8127692314
-68.0149079048
-68.2023608453
-64.4502364707
-62.3839539636
-61.3980526605
-58.3100953085
-57.353134387
-57.5445644299
-58.5844246532
-59.5888599654
-60.5385591539
-61.4237600285
-62.240755219
-63.1590908426
-64.7878725211
-66.1061246952
-67.5293718422
-68.6381744022
-69.3488501248
-69.7969605542
-70.0
-66.2268329163
-64.0887049023
-63.0028712638
-62.7573161126
-63.3580705571
-64.282105234
-65.3653725323
-66.6873204936
-67.7620824033
-68.4815368023
-68.9638248816
-69.2877368999
-69.5058262141
-69.6531522622
-69.7531094823
-69.9900634983
-66.3606234503
-64.3042719732
-63.2603186878
-63.0290601678
-63.6313280356
-64.3798200029
-65.1842545165
-65.8274400741
-62.5645357336
-59.5407419382
-58.0751075963
-57.5932234046
-57.7176521095
-58.2017209287
-58.8854381893
-59.6661539394
-60.4790449248
-61.2841446852
-63.0754830408
-66.929601933
-70.0
-70.0
-70.0
-70.0
-67.1582350024
-65.5479015038
-64.7301046878
-64.4150897753
-64.412244502
-61.1741674595
-59.525515652
-58.8854740458
-56.0981443917
-54.8891417861
-54.8391061022
-55.6606126365
-56.6314961359
-57.659643031
-58.6878764004
-59.6818872086
-60.6222307867
-61.6677792406
-62.7415990049
-65.1622891126
-68.6652000778
-68.7745735306
-69.9993951512
-70.0
-70.0
-70.0
-70.0
-70.0
-70.0
-70.0
-70.0
-70.0
-70.0
-70.0
-70.0
-70.0
-70.0
-70.0
-70.0
-70.0
-70.0
-70.0
-70.0
-70.0
-70.0
-70.0
-70.0
-70.0
-70.0
-70.0
-70.0
-70.0
-70.0
-70.0
-70.0
-70.0
-70.0
-70.0
-70.0
-70.0
-70.0
-70.0
-66.6105032174
-64.6897883739
-63.714366522
-63.3386345268
-63.3352408454
-63.5553632751
-63.9022579571
-64.4824028339
-65.0144096656
-65.8380501091
-66.9869660382
-68.5946667277
-70.0
-70.0
-70.0
-70.0
-70.0
-70.0
-66.3308011685
-64.2515884974
-63.1956746114
-62.7889371261
-62.7852633974
-63.1916425614
-63.8356653077
-65.1168061883
-66.7270138438
-68.1397370956
-69.5365063533
-67.1846325632
-66.0335374569
-65.4750958112
-65.2908609634
-65.337291356
-65.520573213
-65.7798565534
-66.0760980059
-66.3846396105
-66.6902765863
-66.9839828855
-67.2607405689
-67.6838538266
-68.5301766523
-69.2590705282
-70.0
-70.0
-70.0
-70.0
-70.0
-70.0
-70.0
-70.0
-70.0
-70.0
-70.0
-70.0
-70.0
-66.0812650214
-64.3757982649
-64.3967113977
-63.5444083941
-63.5918963122
-64.3569258526
-65.0040460484
-65.5588499643
-66.0397706484
-62.8883046408
-61.2344815482
-60.534371641
-60.429826642
-60.6861054212
-61.1503358414
-58.1518368356
-56.7476762044
-56.3469239521
-56.5615751357
-57.1383133413
-58.2548644453
-59.3162996262
-60.8094562669
-62.350678954
-59.7178124614
-58.4808321505
-58.4603310405
-59.1766008212
-59.9671426623
-60.7758963449
-61.5686186762
-58.6426349276
-57.4378401808
-57.8286955343
-60.5252048979
-64.6829845498
-68.7282596945
-70.0
-70.0
-70.0
-67.0107636618
-65.3168630702
-64.4566272795
-64.1252648958
-64.1222719691
-64.3164004807
-64.622330905
-64.9851447961
-65.3699949709
-61.9712963423
-60.1997006204
-57.3050864999
-55.991481811
-55.6702696039
-55.9551999595
-56.5943181742
-54.0512501022
0
-70.0
-70.0
-70.0
-70.0
-70.0
-70.0
-70.0
-70.0
-70.0
-70.0
-70.0
-70.0
-70.0
-70.0
-70.0
-66.2176863837
-62.7922086677
-59.6950150826
-58.3524150954
-58.2844801524
-59.9963697426
-61.5310179583
-62.8984484703
-64.4663751618
-65.5915853379
-62.7259879695
-61.2490966162
-60.6546585836
-60.6095071447
-60.8954327098
-61.5423158062
-62.3863684704
-63.1465877867
-63.8311664502
-64.4475414333
-61.2322826232
-59.595384583
-58.9600662728
-56.2469730776
-56.4634570807
-57.5547489131
-59.4730697656
-61.3322364786
-62.7366619571
-63.8214285123
-64.6782408284
-61.6948306156
-60.1816234675
-59.6009783963
-60.1128476293
-60.7495409148
-61.4399055223
-62.1394607693
-62.9952118919
-60.0692839889
-58.6447511142
-58.1685396855
-58.6298721531
-59.4560641669
-60.3032439029
-61.1347769478
-62.2727042098
-63.2130370933
-64.5149385133
-65.4789147482
-66.2080033308
-67.1101063694
-68.262943426
-69.1872975457
-69.7690000994
-70.0
-70.0
-70.0
-70.0
-70.0
-70.0
-70.0
-70.0
-70.0
-66.3909752465
-64.3458612196
-63.3072640961
-62.9071970188
-59.8382316866
-58.5062947644
-59.2806454852
-60.7904252613
-62.1684172232
-63.2562651596
-64.1337650828
-64.8558062006
-65.4605039979
-65.9746392097
-66.4172990298
-66.8023182875
-67.1399192326
-67.4378158252
-67.8699599199
-68.8893427113
-69.8792442958
-70.0
-70.0
-70.0
-70.0
-70.0
-70.0
-70.0
-70.0
-70.0
-70.0
-70.0
-70.0
-70.0
-70.0
-70.0
-66.4028123416
-64.3644060019
-63.3292153313
-62.9304604179
-62.9268587893
-63.1604691858
-63.5286197842
-63.9652228171
-64.4283438762
-65.0599383825
-65.9365638069
-67.2849869346
-69.8915379076
-68.1942838072
-67.2361218866
-66.7533540048
-66.5719148088
-63.5192714149
-61.9037096647
-59.087137848
-57.7609568297
-57.3732163244
-57.5614648104
-58.0890317417
-58.9751963568
-60.0483885806
-61.3669978733
-62.4459301865
-63.3450919015
-60.3623921636
-59.3986758923
-59.6943856455
-61.082619013
-60.5455268689
-59.7924206869
-59.6808096215
-59.9578159948
-60.4587592857
-61.4151431605
-58.9813645982
-57.8883853075
-57.6363182229
-57.897200698
-55.4131506536
-54.4089489385
-54.3261296115
-54.7989003616
-55.589266133
-56.5438433913
-57.5651283
-58.7656449685
-57.0707779449
-57.8715290385
-60.6421167012
-60.5989209643
-61.0272191197
-59.4852351534
-58.9105369351
-58.935366773
-56.6615487463
-55.741872972
-55.6653384084
-56.0972397233
-56.8198058548
-54.4135022109
0
-70.0
-70.0
-70.0
-70.0
-70.0
-70.0
-70.0
-70.0
-70.0
-70.0
-70.0
-67.1640970998
-65.5570854563
-64.7409756217
-64.4266105335
-64.4237711295
-64.6079417828
-64.8981794486
-61.7442481196
-60.1270810515
-57.4216558867
-56.2176789249
-54.4114157898
-55.2180819301
-57.2203080656
-60.2200378196
-59.3782633002
-57.9945564786
-57.5645138364
-57.7210044565
-58.22419868
-58.9186419247
-59.7046864741
-57.1460520497
-56.2100529933
-56.1081184598
-56.5100204576
-57.3689659127
-58.3053676553
-59.4292671583
-60.6262145696
-62.8718423162
-65.6598241045
-67.9917856577
-69.4579030676
-70.0
-70.0
-66.6908655106
-64.8156892999
-63.8633939301
-63.496570244
-63.4932570241
-63.7081605247
-64.0468306076
-64.4484716371
-61.3220466759
-59.9106734765
-59.5755724828
-60.5742798406
-62.3643344095
-64.3897611444
-65.7920251472
-66.7736493773
-67.4701689361
-67.9724083735
-68.3413384235
-68.6179851727
-68.8300403832
-68.9962721633
-69.129468826
-69.2384045294
-69.3291524671
-69.4059628142
-65.7888440167
-63.7589446044
-62.7490401369
-62.3847961184
-63.4602457487
-63.1955218666
-65.7847850782
-68.51344378
-70.0
-70.0
-70.0
-70.0
-70.0
-66.7333237971
-63.6632739488
-62.0324682415
-61.3195692091
-61.1811774827
-61.3921031974
-61.8055885196
-62.3268267623
-62.8953421492
-63.4732733097
-64.0375895623
-64.7504263285
-66.553078992
-66.0116677093
-66.506382016
-67.7754551188
-68.6110504765
-69.1587060086
-69.5153424609
-69.7454795835
-66.4552011065
-64.5991939834
-63.6656165768
-63.3166162469
-63.3299955074
-63.5603565468
-63.9132279522
-60.8909984325
-59.3812941063
-58.8294283737
-56.3017909513
-55.2418154662
-55.0977696595
-55.5080831869
-56.4107234583
-54.2361156046
0
-70.0
-70.0
-70.0
-70.0
-70.0
-70.0
-70.0
-70.0
-70.0
-70.0
-70.0
-66.5568924289
-64.6057981386
-63.9643205154
-61.4069065909
-63.1093928814
-67.8454507405
-70.0
-70.0
-70.0
-70.0
-67.6565709107
-66.3286277601
-65.6542409444
-65.3944674902
-65.392121168
-65.5443093357
-62.5135128854
-60.9445845857
-60.3050747863
-60.2445330805
-60.5333902877
-61.0222582691
-61.6148371156
-62.249889853
-62.8892585003
-63.5099044054
-64.2688783513
-65.7807300672
-67.6759833496
-69.5678525175
-70.0
-70.0
-70.0
-70.0
-70.0
-70.0
-70.0
-66.4900325988
-64.5010510715
-63.4909604527
-63.1018740663
-63.0983597656
-63.3263058597
-63.6855299875
-64.1115467979
-64.7381886575
-61.7974319667
-60.832796882
-61.9735781384
-63.4534665099
-64.7360055873
-65.6809955142
-66.3919562866
-66.9388008737
-67.3689475969
-67.7147373776
-67.9983866668
-68.2352966847
-68.4362661393
-68.6089722741
-65.1963093207
-63.3088345713
-60.5820330137
-59.2598843121
-58.9989100584
-59.5596933191
-61.1021148563
-62.4951409332
-63.5811185483
-64.4466678324
-65.1511084751
-65.7354025782
-62.722105132
-61.1567231599
-60.5122698714
-60.6145629766
-61.1591750121
-59.3638489505
-59.504524131
-59.9387784349
-60.7021624768
-58.6137319305
-57.7402158718
-57.6247657074
-57.9680034186
-58.575012598
-59.320051019
-60.123072371
-60.9341161032
-61.7229384724
-62.6506339376
-63.9719731948
-61.4473624264
-60.3936505511
-60.5985684076
-61.9126872116
-63.997564317
-65.7952561318
-67.0140293496
-67.8448256353
-68.4151425522
-68.810161284
-69.0868338135
-69.2832762042
-69.4250324317
-69.5292517539
-69.6074749554
-69.8399930444
-69.9848374631
-70.0
-70.0
-68.391460765
-68.1778218643
-68.2869389062
-68.4095111677
-68.5360708191
-68.6608042493
-68.7802841657
-68.8926293101
-68.996948753
-69.0929754604
-69.1808256361
-69.2608415536
-65.8167053262
-63.8896667456
-62.9371213724
-62.601023436
-62.8283854979
-60.2995271277
-60.1581909356
-61.8026882939
-63.5875026547
-65.360595187
-66.5790975335
-67.4242290236
-68.0171669502
-68.4390241412
-68.7441709844
-68.9691200575
-69.1384521661
-69.2687696924
-69.3713345518
-69.4538289823
-69.5215313413
-69.5781017119
-69.6261072106
-69.6673736027
-69.8779709846
-70.0
-70.0
-70.0
-70.0
-70.0
-70.0
-70.0
-70.0
-67.1390670207
-65.5178716658
-64.6945587306
-64.3774190119
-64.3745545469
-64.5603507163
-64.8531500608
-61.8782178981
-60.3639846706
-59.7766452451
-59.7650200816
-60.445987524
-61.3486272531
-62.1785901821
-62.9372816
-63.6279203975
-60.9900912885
-59.8746907801
-57.5841274491
-56.6236518689
-56.6630559029
-57.4864279413
-59.4363969189
-61.1310896935
-62.6197847827
-63.7590090101
-64.6505765795
-65.3638312352
-62.4884460971
-61.0136001443
-60.4282392345
-60.5732887881
-61.6800952335
-63.3238779604
-65.9162659862
-69.3517855995
-70.0
-70.0
-70.0
-70.0
-70.0
-70.0
-70.0
-70.0
-70.0
-70.0
-70.0
-70.0
-70.0
-70.0
-70.0
-70.0
-70.0
-70.0
-70.0
-70.0
-70.0
-67.8010750966
-67.0611676513
-66.7151842624
-66.617088087
-66.6709941122
-66.8143045903
-67.0064807241
-67.2215703802
-67.4432384946
-67.6614647467
-67.8703516731
-64.596757067
-62.8127084011
-61.9818555882
-61.7506153809
-61.8868507438
-62.23903027
-62.7090369768
-63.7521525815
-62.4292577482
-63.6617955868
-64.2587528779
-65.1489849112
-64.070641269
-63.6212803748
-63.5642878257
-63.7446160355
-64.0613257601
-64.4493074029
-64.8671194751
-65.288902736
-62.3402826257
-60.826434472
-60.2239110973
-60.1882667026
-61.0148525769
-63.0312042315
-65.8644401738
-68.9117291478
-70.0
-70.0
-70.0
-70.0
-67.0394552813
-64.1991132741
-62.6882709606
-62.0254898738
-59.4390493371
-58.2392167038
-57.9113432337
-58.1175743772
-58.6373939174
-59.3280391776
-56.9162838755
-55.9053545651
0
-70.0
-70.0
-70.0
-70.0
-70.0
-70.0
-70.0
-70.0
-70.0
-70.0
-70.0
-70.0
-70.0
-70.0
-70.0
-70.0
-70.0
-70.0
-70.0
-70.0
-70.0
-70.0
-70.0
-70.0
-70.0
-70.0
-70.0
-70.0
-70.0
-70.0
-70.0
-70.0
-70.0
-70.0
-70.0
-70.0
-70.0
-70.0
-70.0
-70.0
-70.0
-70.0
-70.0
-70.0
-70.0
-70.0
-70.0
-70.0
-70.0
-70.0
-70.0
-70.0
-70.0
-70.0
-70.0
-70.0
-70.0
-70.0
-70.0
-70.0
-70.0
-70.0
-66.9850368527
-65.4487743504
-64.6787243707
-64.3940702371
-64.4101420824
-64.6061137869
-64.9034930166
-62.1655573213
-60.7839439934
-60.2621778636
-60.2737122569
-60.6048424843
-61.116692538
-61.7199128189
-62.3578478935
-63.5233473418
-64.7812853168
-66.2320006641
-67.4027798503
-64.9278042988
-63.7796088246
-63.2980379126
-63.2324941017
-63.418751345
-63.7498806462
-64.1568955387
-64.5958746229
-65.039399586
-65.470867911
-65.8807199757
-66.4394405486
-67.0696081914
-69.1193735997
-70.0
-70.0
-70.0
-67.5749865321
-66.2008122336
-65.5029472467
-65.234130013
-65.2317020057
-65.3891884678
-65.6373740628
-65.9317062844
-62.9114235621
-61.33553981
-60.6788248984
-60.5955017881
-61.1982677389
-62.0244105658
-63.6439489789
-66.0289609104
-67.932836039
-69.1440665815
-69.899336021
-70.0
-70.0
-70.0
-70.0
-70.0
-70.0
-70.0
-70.0
-70.0
-66.5469554434
-64.5902301947
-62.0257818167
-60.9296364582
-60.9326669167
-61.4199370353
-61.9983012053
-62.9564773626
-63.9416671449
-64.7347254428
-62.0609772856
-60.7213624818
-58.3046037391
-57.2443950354
-57.0334566454
-57.3391117232
-57.9445343791
-58.7096368267
-56.3887110869
-55.4498652734
-55.3715622762
-55.8121950687
-56.5495015753
-57.9647619699
-59.7348428076
-61.4818131827
-63.853434958
-66.3482935011
-68.663682177
-70.0
-70.0
-70.0
-70.0
-70.0
-70.0
-70.0
-70.0
-70.0
-66.5768596839
-64.6370801715
-63.6519764583
-63.4422224226
-63.534962587
-63.8061079328
-64.1752582091
-64.5909064347
-65.0205984888
-66.1441437685
-68.1759631467
-70.0
-70.0
-70.0
-70.0
-70.0
-70.0
-70.0
-66.6808667863
-64.8000246319
-63.8448518515
-63.4769197882
-63.4735965573
-63.6891494001
-64.0288427925
-64.4316974016
-61.5366187142
-60.2591508779
-59.9938075078
-60.521688315
-61.1543605222
-58.829232076
-57.8065139391
-58.1275159256
-58.8930739941
-60.244304516
-58.9007509905
-58.6420584408
-58.8654409629
-59.3706224441
-60.028043918
-60.7548953384
-61.4991763461
-62.2291057391
-62.9260931836
-63.5800825442
-64.1864734091
-64.7440921477
-65.2538603193
-65.7179258783
-66.1391010177
-66.5205027341
-66.8653270062
-67.1767106692
-67.4576505114
-67.7109593996
-67.9392460859
-68.6706598948
-69.857319517
-70.0
-68.7633877733
-67.4408075113
-66.7325657703
-64.5028129779
-63.3482008698
-62.8771602426
-62.8319638582
-63.0437805657
-63.4027445713
-63.8380314889
-64.3046025899
-64.7743918308
-65.2304523143
-66.0163235273
-66.6206354708
-67.2721181203
-67.753937106
-68.1178972605
-68.3990101113
-68.6210441513
-65.7122759994
-64.2821216252
-63.6146249465
-63.4269727744
-63.5334823787
-63.8129387286
-64.5273479143
-66.0054120993
-63.8905330557
-63.1831878609
-62.9860078154
-63.1014995276
-63.4007445706
-63.8002667775
-64.2466378756
-64.706239272
-65.1584588008
-65.5911752247
-65.9977659048
-66.3751281161
-66.7223745057
-67.0399765226
-67.329205182
-67.9372471162
-68.7225807062
-69.7621115023
-70.0
-70.0
-70.0
-70.0
-70.0
-67.2672293321
-65.7186592869
-63.0196730614
-61.6329588907
-61.0798317586
-61.0452944207
-61.3230622039
-61.7789541337
-62.6827741538
-63.8177235143
-65.0580190134
-65.9669290125
-66.6467107115
-67.1663560405
-67.5725980366
-67.897256633
-68.1621432364
-68.3823370906
-68.5683755001
-69.599168833
-70.0
-70.0
-70.0
-70.0
-70.0
-70.0
-66.8674894353
-65.0924001152
-64.1909331861
-63.843688589
-63.8405522111
-64.0439853107
-64.3645789934
-64.74478257
-65.1480786302
-65.5517869787
-65.9422857551
-66.4865921625
-67.1035396015
-67.9235061321
-68.8357025047
-70.0
-70.0
-70.0
-70.0
-66.7869693871
-64.9662520398
-64.04161323
-63.6854428365
-63.6822258392
-63.8908881129
-64.2197225399
-64.6096991115
-61.7150866403
-60.2544829362
-59.7029712825
-59.7152985809
-60.0655183405
-60.606799585
-61.2446750122
-61.9192444347
-62.9330946071
-66.3794212757
-70.0
-70.0
-70.0
-70.0
-70.0
-70.0
-70.0
-70.0
-70.0
-70.0
-70.0
-70.0
-70.0
-70.0
-70.0
-66.5819976316
-64.6451296228
-63.6615044968
-63.2826126046
-63.2791903825
-63.5011640365
-63.8509760943
-64.2658307925
-64.705882585
-65.1463842411
-62.3680723775
-60.9554828468
-61.4657730756
-62.2313768094
-63.3062187801
-61.1904668756
-60.214666837
-59.955364586
-60.1346044158
-60.5709948332
-61.1471292559
-61.7879056009
-62.4461078879
-63.6073256639
-64.685145474
-62.1322898768
-61.0335501848
-61.1991213587
-59.1756600178
-58.322394546
-58.199688778
-58.5194090247
-56.3386497607
-55.4855725436
-55.8061626838
-57.3673957774
-59.0727489842
-60.4602026089
-61.61066803
-62.5805916817
-63.4098594833
-64.1270915148
-61.3854272413
-60.0275811024
-59.7203484934
-60.2240787931
-58.6262439761
-58.2218849533
-56.6392955968
-56.1350987963
-56.2947440895
-56.847373129
-57.6173714485
-58.4921247252
-59.4005725337
-60.2989554677
-61.1613533792
-61.9734136801
-62.728202738
-60.0414266006
-58.9380253981
-56.7442171633
-55.8697916503
-55.8161432875
-56.2567494935
-56.9792215674
-57.8467307595
-58.7723452494
-60.0537191017
-61.1540861097
-62.1091701108
-63.1244981745
-64.1323784069
-65.2821939327
-66.3123434257
-67.3983550072
-68.844682525
-70.0
-70.0
-70.0
-70.0
-70.0
-70.0
-70.0
-70.0
-70.0
-70.0
-70.0
-70.0
-70.0
-70.0
-70.0
-70.0
-70.0
-66.5815437513
-64.982101877
-64.9049444676
-65.5481074287
-66.0824016243
-66.5335647542
-63.8049833132
-62.3743350048
-59.873134853
-58.7099769334
-58.3884162839
-58.5825326847
-59.430860401
-61.5183060157
-63.5799965174
-65.3842609345
-66.6206775536
-67.4751716066
-68.0720289849
-68.4944091123
-68.7980235517
-69.020258097
-69.1862568876
-69.3129809323
-69.4119159948
-66.0860391179
-64.2209783546
-63.2945759514
-62.9622486445
-63.3484510437
-63.8018907818
-64.6293082652
-65.3047818131
-65.8665732147
-66.5213928611
-67.0302382203
-67.610787495
-68.0387574766
-69.4049142164
-70.0
-70.0
-70.0
-70.0
-70.0
-70.0
-70.0
-70.0
-70.0
-70.0
-70.0
-70.0
-70.0
-70.0
-70.0
-70.0
-70.0
-70.0
-70.0
-70.0
-70.0
-70.0
-70.0
-70.0
-66.5946945547
-64.665021469
-63.6850502353
-63.3075658206
-63.304156311
-63.525305395
-63.8738179988
-64.2871316278
-64.725548751
-65.1644140665
-62.2411003119
-60.7457420487
-60.1570023558
-60.4832732764
-61.1733983245
-62.3904699524
-64.0853639307
-65.2994548533
-66.1845942451
-66.8428580721
-67.3430544325
-67.731737101
-68.0405554654
-68.2911613018
-65.1074419996
-63.3602956849
-62.5333313733
-62.2860417405
-62.3947999029
-62.7135614702
-63.1476996949
-63.8158426399
-64.5968669855
-65.7750860268
-66.6228479173
-67.7698267877
-69.577103217
-70.0
-70.0
-70.0
-70.0
-70.0
-70.0
-70.0
-70.0
-70.0
-70.0
-70.0
-70.0
-70.0
-70.0
-70.0
-70.0
-70.0
-70.0
-70.0
-70.0
-67.1187562777
-65.4860515017
-64.6568935861
-64.3375023838
-64.5132558546
-64.8015994086
-65.1478855607
-65.5173943999
-65.8885198902
-66.2482445213
-66.5891378159
-66.9073691988
-67.2013957219
-67.4710984451
-67.7172167975
-67.9409805823
-68.1438728338
-68.5029790902
-68.7683435411
-68.9686174269
-69.8259111535
-70.0
-70.0
-70.0
-70.0
-70.0
-70.0
-70.0
-67.011383929
-65.3178348221
-64.4577775306
-61.7324839047
-60.3728915989
-59.8780398289
-59.9185274392
-60.2788690908
-60.8191117787
-61.7912869988
-62.9992158976
-64.1373327069
-66.2156093977
-65.2762176504
-65.3874420136
-65.6079285645
-65.8866228762
-66.190952034
-66.5005177942
-66.8029066572
-67.0909097531
-64.0934400875
-62.4918436186
-61.7811576166
-61.6287074282
-61.8162804009
-62.2016148378
-62.692761672
-63.2310243835
-63.7796145309
-64.3161148017
-65.1762278041
-66.030087996
-63.6430387192
-63.6453881959
-64.0344293865
-64.7714453436
-65.387940073
-65.9115722416
-66.362032468
-63.5592526977
-62.0922764122
-61.4756814271
-61.3898683886
-61.6253849525
-62.0458487257
-62.5632653655
-63.1216065038
-63.68589097
-64.5829319507
-65.3017254741
-65.889610739
-66.3793548733
-66.7938895248
-67.1494806649
-64.0727008842
-61.2932429863
-59.9157934814
-57.7212195512
-56.9837345401
-57.1561801599
-57.6877748598
-58.4171391844
-59.5972875018
-60.6521335755
-58.4056104298
-57.796109528
-57.837205336
-55.8831411615
-55.181264618
-55.254096538
0
-70.0
-70.0
-70.0
-70.0
-70.0
-70.0
-70.0
-70.0
-70.0
-67.0288089348
-65.3451339979
-64.6726523469
-64.4467416114
-64.8438303263
-65.6081402398
-66.7321215133
-68.8916895602
-68.3708134844
-69.166894056
-69.6723125971
-69.9864866352
-67.4673489109
-66.0402879794
-65.3160418211
-65.0376260654
-65.0359890765
-65.200473914
-65.4591490193
-65.7657157819
-66.0907986467
-66.4161550773
-63.4146528941
-61.8332631544
-61.3339649832
-61.4922113218
-62.3961662904
-63.5326847569
-64.7796727369
-62.529302954
-61.4281043192
-61.0531149943
-61.1263508995
-61.8263572892
-62.5188158801
-63.1836638386
-63.8097838191
-64.3917963467
-64.9279439851
-65.418701102
-65.8658653353
-66.7924683642
-65.6770052081
-65.500501279
-63.8494766409
-63.0638793033
-62.823724924
-62.9188414657
-63.2119500084
-63.6140834672
-64.0682274268
-64.5384395551
-65.0026188468
-65.4477057937
-65.866501102
-66.2555615836
-66.6138124864
-66.9416359452
-67.4075254888
-67.773475032
-64.8860872428
-64.1874515838
-63.9620218024
-61.6616150586
-59.4383838437
-58.4564989866
-58.4287125506
-58.7977502706
-59.392581227
-60.1030604265
-60.8592459321
-61.6176490376
-62.3521025997
-63.0477046503
-60.3930130167
-59.120430936
-58.8953451008
-59.130448763
-59.6338293349
-60.4524888813
-61.2619349797
-62.0388714728
-62.7704043196
-63.4503105503
-65.1265772704
-66.4672847268
-67.5717163764
-68.3153181536
-68.8176352815
-69.1584377155
-69.390971252
-66.3682533048
-64.6756807596
-63.8376145405
-63.5401876577
-63.5770586061
-63.9821214027
-64.7745050339
-65.4241183781
-62.7375177382
-60.2476400963
-59.0787921747
-58.7415236825
-58.9144451311
-60.0730195824
-62.125727109
-65.350077388
-67.6136849744
-69.0513933604
-66.6798578381
-65.3676079301
-64.7346710543
-64.5304198936
-64.5901885341
-64.8063767673
-65.1092104816
-65.4539370275
-65.8123083874
-66.1669209238
-66.5074577482
-66.8281979179
-67.1263687558
-67.4010589666
-67.6525044609
-67.8816216088
-65.0844415127
-63.7407020713
-63.3196627819
-63.2897171155
-63.4954258118
-64.0180123503
-61.4742443829
-60.2321754564
-59.9853393631
-60.1710597283
-60.6101232899
-61.3666494982
-62.6325935732
-63.9857402325
-66.0421030205
-68.1121005127
-70.0
-68.1283159549
-67.0676949961
-66.5290659209
-66.3215862784
-66.3197122836
-66.441264144
-66.6328197887
-66.859992516
-67.1009630684
-67.3421799643
-67.575504103
-64.4855387524
-62.815374917
-62.0527641185
-59.5030499466
-58.3231197785
-58.1892021295
-59.2068740236
-61.2070774801
-63.4026656957
-64.9399297685
-66.0309572199
-66.8178751167
-64.1439517368
-62.7347993177
-62.1314812223
-62.0317743243
-62.237557708
-62.6197758147
-63.0951141515
-63.6104800152
-64.3081835329
-61.6643879117
-60.5289309419
-60.163359062
-60.2719039653
-60.6613007751
-58.3075403578
-56.1722660955
-55.3520260016
-55.3481477452
-55.8342158665
-54.1021168277
0
-70.0
-70.0
-70.0
-70.0
-70.0
-70.0
-70.0
-70.0
-66.9650233744
-65.7663532866
-65.3663339021
-65.280777808
-62.7174182247
-60.3133552005
-59.1938055459
-57.034282235
-55.0619588406
-54.3764995093
-54.8353794824
-55.6161948169
-57.2629472768
-59.3756859011
-60.997472879
-62.270629303
-63.2921688474
-60.8956321574
-59.7611890714
-59.4218169175
-59.5707997279
-60.0078294232
-60.6031195929
-61.2735230417
-61.9666476762
-62.6503008677
-63.3054827537
-60.6599059346
-59.3838963119
-58.9721606613
-59.0927139155
-59.5286220709
-60.1392128951
-61.6967602931
-64.1305633531
-66.8282031138
-69.2552635331
-70.0
-70.0
-70.0
-70.0
-70.0
-70.0
-70.0
-70.0
-70.0
-70.0
-70.0
-70.0
-70.0
-70.0
-70.0
-70.0
-70.0
-70.0
-70.0
-67.2062604681
-65.6231414
-65.3413485791
-65.3275612673
-65.475036838
-65.7143542858
-66.1837996116
-66.5926734867
-67.1255747573
-67.5411296944
-67.8724250001
-68.1421213503
-68.3658684487
-68.5545877594
-68.8922496732
-69.1317718324
-69.4814260668
-69.7085044052
-70.0
-70.0
-70.0
-70.0
-70.0
-70.0
-70.0
-70.0
-70.0
-70.0
-67.0996664663
-65.4561441305
-64.6214925913
-64.2999852481
-64.2970813339
-64.4854362743
-64.7822680294
-62.0111452994
-60.6147668182
-60.0897808355
-60.6285021069
-61.4382564045
-62.3873426172
-63.210549591
-64.2795341158
-65.4401471456
-66.2885100587
-66.9212441379
-67.4035097808
-67.7794188405
-68.0789836483
-68.3227564114
-68.6981781889
-65.6580703736
-63.9787366719
-63.1718452285
-60.7543321882
-59.9654464987
-59.8266002018
-60.0824057502
-60.5664755542
-61.1713682515
-61.8285915948
-62.495305881
-63.1454909233
-63.7640855846
-64.3431061952
-64.8790816884
-62.0851886812
-60.8561465875
-60.5970775562
-60.9277742929
-62.1364029449
-63.4831344
-64.6794021264
-65.5745160246
-63.0826720553
-61.8181432719
-61.3321545595
-61.3294895133
-61.6169075019
-62.0687947116
-62.6043005471
-63.1721273634
-63.7404192078
-64.2900470075
-64.8101554537
-65.2952153397
-65.9208274266
-66.6054170979
-67.129323664
-67.8866068149
-68.591423145
-69.0612655048
-69.3744620706
-69.7557210273
-69.9926190337
-70.0
-70.0
-70.0
-70.0
-70.0
-70.0
-70.0
-70.0
-67.529520319
-66.6529818331
-66.2386260138
-66.115391655
-63.5201416883
-62.1789869854
-61.6349945974
-61.5874326781
-61.8393144372
-62.2624663448
-62.9490252778
-63.9462431284
-64.7463657344
-65.4015604403
-65.9479585824
-66.410865515
-66.8082474906
-67.1530684264
-67.4548587069
-67.7207709184
-67.956292548
-68.1657291074
-65.0514685494
-62.246763263
-60.8223813157
-60.2736727701
-60.4428659578
-61.0385910968
-61.6947398103
-62.3652710447
-63.0220807505
-63.6487638823
-64.236481632
-64.9597295607
-65.5616873326
-66.0708057513
-66.5072499442
-63.5949520786
-62.0610749566
-61.4053795182
-61.2984496045
-61.7014816078
-62.5748524516
-63.3463798762
-64.2140836684
-64.9275698215
-65.7024925192
-66.4831963873
-67.0688454952
-67.5179401101
-67.8701322087
-68.1524430609
-68.3834148035
-68.5758840223
-68.7388360862
-68.8786461216
-68.9999106055
-69.106005609
-69.1994624241
-69.282221099
-69.3558022674
-69.4214242261
-66.1804139396
-64.363127303
-63.4606510777
-63.1371436398
-63.1718010558
-60.5549437007
-59.6530978309
-59.9753203813
-61.0269321211
-62.3060279708
-60.470770968
-59.6872577341
-59.5609078693
-59.833067688
-60.3352613231
-60.95873546
-61.6341954268
-62.4983315593
-63.6231188535
-64.5105539349
