-70.0
-69.0
-68.1
-67.6233333333
-67.4165555556
-67.3786037037
-67.4432124691
-67.7757039794
-70.0
-70.0
-70.0
-70.0
-70.0
-70.0
-70.0
-70.0
-70.0
-70.0
-69.3384272723
-69.8134463632
-70.0
-70.0
-70.0
-70.0
-70.0
-70.0
-70.0
-66.2454083686
-64.6733619997
-63.9076887784
-63.6513618864
-63.7091870216
-63.9535758686
-63.5177903062
-58.1251233939
-65.388574185
-70.0
-70.0
-70.0
-70.0
-70.0
-70.0
-70.0
-64.1060088714
-61.6343933224
-60.4302775489
-60.0267988332
-60.1171516426
-60.5007916069
-65.5233698839
-70.0
-70.0
-70.0
-70.0
-70.0
-70.0
-70.0
-70.0
-70.0
-63.100092202
-59.1901444497
-57.2045043168
-58.7879380331
-65.4264415554
-70.0
-70.0
-70.0
-70.0
-70.0
-70.0
-70.0
-70.0
-64.0735595513
-60.715243297
-59.0097454346
-58.352788536
-58.3468547789
-61.4632652732
-70.0
-70.0
-70.0
-70.0
-70.0
-70.0
-70.0
-70.0
-70.0
-70.0
-63.6365884429
-60.0306552272
-58.1994067902
-58.9574475914
-67.7921290461
-70.0
-70.0
-70.0
-70.0
-70.0
-70.0
-70.0
-70.0
-70.0
-70.0
-70.0
-63.4464734135
-59.0350941799
-62.0499385926
-70.0
-70.0
-70.0
-70.0
-67.0842789714
-64.4905647187
-63.1179840097
-62.5238361174
-62.4165528447
-62.604964453
-62.9645126028
-64.6951080358
-70.0
-70.0
-70.0
-70.0
-70.0
-70.0
-70.0
-70.0
-70.0
-70.0
-63.256403042
-59.4350314325
-57.5355602193
0
-70.0
-70.0
-70.0
-70.0
-70.0
-70.0
-68.2029748385
-67.1846605803
-62.7786277838
-60.3757205131
-60.2157670246
-60.4459360307
-60.9025062333
-66.3192885051
-70.0
-70.0
-70.0
-69.8777350229
-70.0
-70.0
-70.0
-70.0
-64.0642223837
-60.7006150679
-58.0314486184
-56.4955671281
-57.1891675539
-61.828393195
-70.0
-70.0
-70.0
-70.0
-70.0
-70.0
-70.0
-64.7322645237
-60.7862328627
-58.7257394374
-57.8652520676
-57.7534512435
-58.3000836154
-61.7625635803
-70.0
-70.0
-70.0
-70.0
-70.0
-70.0
-70.0
-70.0
-70.0
-70.0
-70.0
-70.0
-62.2886922835
-58.1372012354
-63.5628689114
-70.0
-70.0
-70.0
-70.0
-70.0
-70.0
-70.0
-70.0
-70.0
-69.6427433527
-70.0
-70.0
-70.0
-70.0
-70.0
-70.0
-70.0
-69.5122959057
-66.902596919
-65.4400242963
-64.7144799128
-64.4553372856
-64.4846737998
-59.6027923835
-57.0202371209
-55.903362726
-55.9183759982
-61.0759696609
-70.0
-70.0
-70.0
-70.0
-70.0
-70.0
-70.0
-70.0
-70.0
-70.0
-70.0
-63.392819636
-65.1621893245
-70.0
-70.0
-70.0
-70.0
-70.0
-70.0
-70.0
-70.0
-70.0
-70.0
-70.0
-70.0
-70.0
-70.0
-70.0
-70.0
-70.0
-70.0
-70.0
-70.0
-64.7629155335
-61.7952343358
-60.288117806
-59.7075772946
-59.7023337446
-60.0424431565
-61.670650191
-70.0
-70.0
-70.0
-70.0
-70.0
-70.0
-70.0
-70.0
-63.8120814114
-60.3055942112
-54.6359598618
0
-70.0
-70.0
-70.0
-70.0
-70.0
-70.0
-70.0
-70.0
-70.0
-70.0
-70.0
-70.0
-69.6954636139
-70.0
-62.9841350198
-61.1296221097
-70.0
-70.0
-70.0
-70.0
-70.0
-69.834104886
-69.7400976547
-70.0
-70.0
-70.0
-70.0
-70.0
-70.0
-63.4526259715
-60.164226662
-66.5996185798
-70.0
-70.0
-70.0
-68.9960152742
-67.7233868926
-67.0356969672
-61.7959671871
-56.5922637462
0
-70.0
-70.0
-70.0
-70.0
-70.0
-70.0
-70.0
-70.0
-70.0
-70.0
-70.0
-70.0
-70.0
-69.7523461902
-69.6120090313
-69.5407397683
-70.0
-70.0
-70.0
-70.0
-70.0
-68.414638273
-67.5162666278
-67.060034753
-66.8842944697
-66.8827071508
-66.985664521
-67.1479167925
-67.3403375956
-67.9446058225
-70.0
-70.0
-70.0
-70.0
-67.1931793515
-65.6026476507
-60.906018153
-58.3911731825
-57.2692270942
-57.0204185381
-58.3037861197
0
-70.0
-70.0
-70.0
-70.0
-70.0
-70.0
-70.0
-70.0
-65.197267961
-62.4757198056
-61.0936002522
-60.5612085117
-60.5563998504
-60.8683013252
-61.4461012223
-67.0994650424
-70.0
-70.0
-70.0
-70.0
-70.0
-70.0
-70.0
-70.0
-70.0
-70.0
-70.0
-70.0
-70.0
-70.0
-70.0
-70.0
-68.4159138681
-67.5182650601
-67.0407233608
-66.8528408959
-67.400572276
-67.8158586949
-68.1378352564
-68.3930933514
-68.5998117633
-70.0
-70.0
-70.0
-70.0
-70.0
-70.0
-70.0
-70.0
-70.0
-70.0
-70.0
-70.0
-69.4878429576
-64.0837400359
-69.6908620331
-70.0
-70.0
-70.0
-70.0
-70.0
-70.0
-70.0
-70.0
-70.0
-70.0
-70.0
-70.0
-70.0
-70.0
-70.0
-70.0
-70.0
-70.0
-70.0
-70.0
-65.1364192571
-62.3803901695
-60.9807597113
-60.4416227793
-60.4367531941
-60.7526063365
-62.0629577404
-67.36835965
-70.0
-70.0
-70.0
-70.0
-70.0
-70.0
-65.7483022587
-64.1414760078
-63.3726643904
-63.1322886069
-63.2169868499
-63.493906234
-63.8769276567
-64.3108429217
-70.0
-70.0
-70.0
-70.0
-70.0
-70.0
-68.9455900636
-68.3480910996
-68.0446553512
-67.9277720572
-66.9657347878
-66.4896545999
-59.9355584669
-56.3385821715
-54.6357769886
-54.762255621
-59.3480952359
-64.6672407289
-69.9575605591
-70.0
-66.3813601617
-64.3307975867
-63.2894334554
-62.8883005282
-57.2673934703
-54.3192694532
0
-70.0
-70.0
-70.0
-70.0
-70.0
-70.0
-70.0
-70.0
-70.0
-70.0
-70.0
-63.9241056952
-60.6923777545
-65.1855076043
-70.0
-70.0
-70.0
-70.0
-70.0
-70.0
-70.0
-70.0
-70.0
-70.0
-70.0
-70.0
-70.0
-70.0
-70.0
-70.0
-70.0
-70.0
-70.0
-70.0
-70.0
-70.0
-63.2534142675
-59.4303490191
-57.4888315694
-55.9384909115
-55.4770034864
-55.6842109151
-59.9128426479
-70.0
-70.0
-70.0
-70.0
-70.0
-70.0
-70.0
-70.0
-64.4971484707
-59.045532604
-57.1397119571
-56.424895837
-57.0040651926
-58.6152577816
-62.7991224817
-70.0
-70.0
-70.0
-70.0
-70.0
-70.0
-70.0
-70.0
-70.0
-70.0
-70.0
-70.0
-70.0
-70.0
-70.0
-70.0
-70.0
-70.0
-70.0
-66.0608091225
-63.8286009586
-62.6949893616
-61.2583228183
-60.6877121317
-61.6550786759
-56.128203113
0
-70.0
-70.0
-70.0
-70.0
-70.0
-70.0
-70.0
-70.0
-70.0
-70.0
-70.0
-70.0
-70.0
-70.0
-70.0
-70.0
-70.0
-70.0
-70.0
-70.0
-70.0
-65.8305015141
-63.4677857054
-62.2614739078
-61.795637699
-61.7896147171
-62.0596804373
-62.4863971883
-63.4106270885
-70.0
-70.0
-70.0
-70.0
-70.0
-70.0
-66.0034558282
-63.7387474642
-62.5886308637
-62.1456065412
-61.2732923059
-61.0407940211
-61.1999352495
-63.8583124297
-66.0502549052
-70.0
-70.0
-70.0
-70.0
-70.0
-70.0
-70.0
-70.0
-70.0
-70.0
-70.0
-70.0
-70.0
-70.0
-70.0
-70.0
-68.0477325843
-66.9414477155
-67.3796250602
-67.7298772984
-68.0156993981
-68.2533360112
-68.4541401121
-68.6261512355
-70.0
-70.0
-70.0
-70.0
-70.0
-70.0
-70.0
-70.0
-70.0
-70.0
-70.0
-70.0
-70.0
-70.0
-70.0
-70.0
-70.0
-70.0
-70.0
-70.0
-69.3392592797
-68.9648395383
-70.0
-70.0
-70.0
-70.0
-70.0
-70.0
-70.0
-70.0
-70.0
-70.0
-70.0
-70.0
-70.0
-70.0
-67.315452909
-70.0
-70.0
-70.0
-70.0
-70.0
-70.0
-70.0
-63.3702809176
-59.6134401042
-57.9170354337
-57.9131768634
-70.0
-70.0
-70.0
-70.0
-70.0
-70.0
-70.0
-70.0
-70.0
-70.0
-69.7849366803
-69.6630674658
-69.045621466
-69.7065153909
-70.0
-70.0
-70.0
-70.0
-70.0
-68.7860654416
-68.0981691919
-63.8599369134
-61.5216663159
-60.4013150802
-59.0567678494
-59.603252896
-60.6110354941
-63.0239659085
-69.0855518948
-70.0
-70.0
-70.0
-66.4144800027
-65.3241576741
-64.8258256878
-65.2548545286
-64.6781506955
-65.0650789279
-65.7950665698
-66.3732236026
-66.4802912033
-70.0
-70.0
-70.0
-70.0
-70.0
-70.0
-70.0
-70.0
-70.0
-70.0
-63.1676122733
-59.2959258949
-58.1980292952
0
-70.0
-70.0
-70.0
-70.0
-70.0
-70.0
-70.0
-70.0
-70.0
-70.0
-70.0
-70.0
-70.0
-69.5538107772
-69.3009702177
-69.6000626563
-70.0
-70.0
-70.0
-70.0
-70.0
-70.0
-70.0
-70.0
-70.0
-70.0
-63.4106729801
-57.3433876688
-54.1249035598
0
-70.0
-70.0
-70.0
-70.0
-70.0
-70.0
-70.0
-70.0
-70.0
-70.0
-70.0
-70.0
-70.0
-70.0
-70.0
-70.0
-70.0
-70.0
-70.0
-69.6522712965
-69.6279565127
-69.6257690919
-69.6369310031
-69.6557304497
-69.6784857693
-69.7028561021
-69.7273830984
-69.7511865262
-68.7738217686
-69.9296037111
-70.0
-70.0
-70.0
-70.0
-70.0
-70.0
-70.0
-70.0
-70.0
-70.0
-69.2503229268
-70.0
-70.0
-70.0
-70.0
-70.0
-65.2716638448
-62.5922733569
-61.2315632856
-55.7814925407
0
-70.0
-70.0
-70.0
-70.0
-70.0
-70.0
-70.0
-70.0
-70.0
-70.0
-70.0
-70.0
-70.0
-70.0
-70.0
-70.0
-70.0
-70.0
-70.0
-70.0
-70.0
-70.0
-70.0
-70.0
-70.0
-70.0
-70.0
-70.0
-70.0
-70.0
-70.0
-63.2393948384
-62.4087776125
-70.0
-70.0
-70.0
-70.0
-70.0
-70.0
-70.0
-70.0
-70.0
-70.0
-70.0
-69.3511231595
-68.9834262833
-68.7966939481
-70.0
-70.0
-70.0
-70.0
-70.0
-70.0
-70.0
-70.0
-70.0
-70.0
-69.8164434309
-69.7124280418
-69.6596045402
-69.6392569546
-69.4712320433
-70.0
-70.0
-70.0
-70.0
-70.0
-70.0
-70.0
-70.0
-70.0
-70.0
-70.0
-70.0
-70.0
-70.0
-70.0
-70.0
-70.0
-68.2566229568
-68.9233284773
-68.840487754
-69.8178727082
-70.0
-70.0
-69.4527704878
-69.1426737642
-68.9851932713
-68.9245318664
-70.0
-70.0
-69.1379438537
-68.7148759021
-68.9238725975
-69.0851415282
-69.2123981689
-63.2368162474
-59.8769065528
-58.1983971844
-57.5846783238
-58.2640125942
-67.3567995748
-70.0
-70.0
-70.0
-70.0
-70.0
-70.0
-70.0
-70.0
-70.0
-70.0
-70.0
-70.0
-70.0
-70.0
-70.0
-70.0
-70.0
-70.0
-70.0
-70.0
-70.0
-70.0
-70.0
-70.0
-70.0
-70.0
-70.0
-70.0
-70.0
-70.0
-70.0
-70.0
-70.0
-70.0
-70.0
-70.0
-63.9885412518
-60.5820479612
-58.8520837214
-60.5041081363
-68.0274300569
-70.0
-70.0
-70.0
-70.0
-70.0
-70.0
-70.0
-70.0
-70.0
-64.2443278634
-61.1933944349
-62.6635248597
-70.0
-70.0
-70.0
-70.0
-70.0
-70.0
-70.0
-70.0
-70.0
-70.0
-70.0
-69.8816670149
-63.0278154294
-65.2066883667
-70.0
-70.0
-70.0
-70.0
-70.0
-70.0
-70.0
-70.0
-70.0
-63.8433196077
-60.3545340521
-58.5827782504
-58.1020488003
-60.9296595206
-70.0
-70.0
-70.0
-70.0
-70.0
-70.0
-70.0
-70.0
-70.0
-62.9110362517
-58.8939567943
-56.8539105601
0
-70.0
-70.0
-70.0
-70.0
-70.0
-70.0
-70.0
-70.0
-70.0
-70.0
-70.0
-70.0
-70.0
-70.0
-70.0
-70.0
-70.0
-70.0
-70.0
-70.0
-70.0
-70.0
-70.0
-69.3340987141
-68.956754652
-68.9728545482
-70.0
-70.0
-70.0
-70.0
-70.0
-70.0
-67.9585623744
-67.1350810533
-66.7364895588
-66.6061183435
-61.0237410522
-54.6436154631
0
-70.0
-70.0
-70.0
-70.0
-70.0
-70.0
-65.2385582322
-62.540407897
-61.1701707661
-60.6423561286
-60.6375888085
-60.0346002847
-62.1052617502
-70.0
-70.0
-70.0
-70.0
-70.0
-65.7964213508
-63.4143934497
-58.3158080384
-54.6634713869
0
-70.0
-70.0
-70.0
-70.0
-70.0
-70.0
-70.0
-70.0
-70.0
-70.0
-70.0
-70.0
-70.0
-70.0
-70.0
-70.0
-70.0
-70.0
-70.0
-70.0
-70.0
-70.0
-70.0
-70.0
-70.0
-70.0
-70.0
-70.0
-63.6098907557
-61.0353232409
-58.6504271536
-70.0
-70.0
-70.0
-70.0
-70.0
-70.0
-70.0
-70.0
-70.0
-69.7138517816
-69.5517011245
-69.6747586053
-70.0
-70.0
-70.0
-70.0
-70.0
-70.0
-70.0
-70.0
-70.0
-70.0
-70.0
-70.0
-70.0
-70.0
-70.0
-70.0
-70.0
-70.0
-70.0
-70.0
-70.0
-70.0
-70.0
-63.3253246613
-59.543008636
-60.9563369966
-68.2568857496
-70.0
-70.0
-70.0
-70.0
-70.0
-70.0
-64.438283175
-61.2866436408
-59.6861051323
-59.0695785227
-58.0900222345
-58.8941494893
-61.8208235719
-69.321308197
-70.0
-70.0
-70.0
-70.0
-64.7950395635
-61.8455619828
-60.347690035
-59.7707105318
-59.7654991455
-54.0253330418
0
-70.0
-70.0
-70.0
-70.0
-70.0
-70.0
-70.0
-70.0
-70.0
-70.0
-70.0
-70.0
-70.0
-70.0
-70.0
-70.0
-70.0
-70.0
-70.0
-70.0
-70.0
-64.2787140308
-58.7033186483
-55.7346374639
0
-70.0
-70.0
-70.0
-70.0
-70.0
-70.0
-70.0
-70.0
-66.8195373622
-66.0149915425
-65.6650976659
-64.6169996144
-64.1675741296
-64.0923330345
-64.2441106096
-65.1649389403
-69.7048075184
-70.0
-70.0
-70.0
-70.0
-64.7788389125
-61.820180963
-56.4287579389
0
-70.0
-70.0
-70.0
-70.0
-70.0
-70.0
-70.0
-70.0
-70.0
-70.0
-70.0
-70.0
-70.0
-70.0
-70.0
-70.0
-70.0
-70.0
-70.0
-70.0
-70.0
-70.0
-65.3484624133
-62.7125911142
-60.8184264087
-59.9879800384
-59.823446215
-59.3602406767
-59.4369759979
-59.2795624351
-54.9002516385
-61.7850240535
-70.0
-70.0
-70.0
-70.0
-70.0
-70.0
-70.0
-70.0
-70.0
-69.6293662666
-70.0
-70.0
-70.0
-70.0
-70.0
-70.0
-70.0
-70.0
-70.0
-70.0
-70.0
-70.0
-64.086170634
-60.73500066
-59.0331319869
-58.3775730501
-57.3793592663
-58.6738122011
-70.0
-70.0
-70.0
-70.0
-70.0
-70.0
-70.0
-70.0
-70.0
-63.6695971738
-60.0823689057
-57.7050640923
-57.5568251585
-58.5129913641
-63.3550249656
-70.0
-70.0
-70.0
-70.0
-70.0
-64.3008254802
-61.0712932523
-59.4311974738
-58.7994334243
-58.7937272138
-61.2887467825
-67.9094466463
-70.0
-70.0
-70.0
-70.0
-70.0
-70.0
-70.0
-70.0
-70.0
-70.0
-70.0
-70.0
-70.0
-70.0
-70.0
-70.0
-70.0
-66.6014609017
-64.6756220794
-63.69759805
-58.3949377715
0
-70.0
-70.0
-70.0
-70.0
-70.0
-70.0
-70.0
-70.0
-70.0
-70.0
-70.0
-70.0
-63.7604646042
-60.2247278799
-58.4291282493
-58.7936183553
-64.2849029737
-70.0
-70.0
-70.0
-70.0
-70.0
-70.0
-64.040643708
-60.6636751425
-57.949719791
-56.7230225871
-56.843534596
-57.6457995329
-65.6882050432
-70.0
-70.0
-70.0
-70.0
-70.0
-70.0
-70.0
-63.8942709412
-60.4343578079
-58.6772646676
-54.7482294734
-57.3736378829
-66.7198727094
-70.0
-70.0
-70.0
-70.0
-70.0
-64.7503599022
-61.7755638468
-60.2648340853
-59.6829017589
-59.6776456378
-61.2260740244
-64.1392504358
-69.6750708192
-70.0
-70.0
-70.0
-66.2797691449
-64.171638327
-63.1010385587
-57.7627181532
-54.9676353047
0
-70.0
-70.0
-70.0
-70.0
-70.0
-70.0
-70.0
-70.0
-70.0
-70.0
-70.0
-70.0
-70.0
-70.0
-70.0
-70.0
-70.0
-70.0
-70.0
-70.0
-70.0
-70.0
-70.0
-70.0
-70.0
-70.0
-70.0
-63.4184816036
-59.6889545124
-57.7949397739
-57.2851109517
-59.6988054108
-70.0
-70.0
-70.0
-70.0
-70.0
-70.0
-70.0
-70.0
-70.0
-70.0
-69.3926160035
-62.0590888107
-57.5809607532
-61.4614814641
-70.0
-70.0
-70.0
-69.2102655827
-68.7627494129
-68.5354813972
-68.4479378746
-61.8558755094
-59.1721088665
-57.9227785852
-57.5757544636
-56.9792123727
-57.275810785
-62.0638004475
-70.0
-70.0
-70.0
-70.0
-70.0
-70.0
-70.0
-70.0
-70.0
-70.0
-70.0
-69.075112446
-68.5510094987
-70.0
-70.0
-70.0
-70.0
-70.0
-70.0
-66.0125070345
-63.7529276874
-58.716526934
-56.0708022509
-54.9476740326
-54.7755413006
-55.179743618
-56.126265238
-59.2624832802
-67.1564234597
-70.0
-70.0
-70.0
-65.4950525344
-62.9422489705
-61.6458251999
-61.1464434308
-61.1419329217
-61.4344955188
-55.5100903595
0
-70.0
-70.0
-70.0
-70.0
-70.0
-70.0
-70.0
-70.0
-70.0
-63.7526910665
-60.2125493375
-58.4147126555
-57.7221868911
-59.4264089882
-70.0
-70.0
-70.0
-70.0
-70.0
-70.0
-70.0
-70.0
-70.0
-70.0
-64.1770549218
-61.4329415997
-56.5164866642
-55.0426342282
-62.6624041547
-69.7206451204
-70.0
-70.0
-70.0
-70.0
-70.0
-70.0
-70.0
-63.3533862543
-59.8007027522
-62.1808056208
-70.0
-70.0
-70.0
-70.0
-70.0
-70.0
-70.0
-70.0
-65.0212789551
-62.2000036962
-60.7672384178
-60.2153379701
-54.5930691518
0
-70.0
-70.0
-70.0
-70.0
-70.0
-70.0
-70.0
-70.0
-70.0
-70.0
-70.0
-70.0
-70.0
-70.0
-70.0
-70.0
-70.0
-70.0
-70.0
-70.0
-70.0
-70.0
-70.0
-70.0
-70.0
-70.0
-65.1509956509
-61.517011301
-56.9494314088
-55.5940702881
-56.1019995038
-56.5368790377
-57.2465774567
-58.0975105929
-60.0048149065
-61.6863703306
-64.2633718296
-70.0
-70.0
-67.7245350245
-66.4351048718
-66.7217489543
-67.0030104386
-67.2716669813
-67.5238053408
-67.7576281785
-67.9726676085
-70.0
-70.0
-70.0
-70.0
-70.0
-70.0
-65.7380658188
-63.3229697827
-62.096479835
-61.6240365386
-61.6197693427
-62.3322576404
-63.4368133591
-67.4742693583
-70.0
-70.0
-70.0
-70.0
-70.0
-63.1725380407
-59.3036429305
0
-70.0
-70.0
-70.0
-70.0
-70.0
-70.0
-68.2034380144
-67.1853862225
-66.6683756067
-67.4692116496
-62.4167889365
-57.3047756774
0
-70.0
-70.0
-70.0
-70.0
-70.0
-70.0
-70.0
-70.0
-70.0
-70.0
-65.9402411884
-63.6397111951
-62.471402826
-62.0213710437
-62.0173062728
-56.2027679008
-55.3146234888
-58.9211964663
-65.0804803773
-70.0
-70.0
-70.0
-66.8667483391
-65.0912390646
-64.1895588645
-63.8422321155
-63.8390949957
-64.0425762239
-57.9777862197
-54.7396526766
0
-70.0
-70.0
-70.0
-70.0
-70.0
-70.0
-70.0
-70.0
-70.0
-70.0
-70.0
-63.7346276559
-60.1842499943
-58.8002713667
-64.2908040531
-70.0
-70.0
-70.0
-70.0
-66.2616407168
-64.143237123
-63.0674203959
-62.6530163465
-62.6492733719
-62.8920518082
-63.2746504763
-57.7972947272
-59.5727846951
-69.3859917207
-70.0
-70.0
-70.0
-70.0
-70.0
-69.805903284
-69.695915145
-63.2545988898
-58.9109521366
-56.6743990135
-55.7766538392
-56.3509105624
-65.7355273192
-70.0
-70.0
-70.0
-70.0
-70.0
-70.0
-70.0
-70.0
-64.5665516763
-61.4875976263
-56.0350830531
0
-70.0
-70.0
-70.0
-70.0
-70.0
-70.0
-70.0
-67.7717846584
-64.1757959649
-62.2123428832
-62.2935588762
-62.932503176
-57.9341690328
-55.7564208634
-60.6673625175
-69.9829523335
-70.0
-70.0
-65.7934872623
-63.4097967109
-62.1992558231
-61.7329560963
-60.9262752545
-60.7447242409
-60.9443028248
-61.5742200626
-66.3532033024
-69.1435023469
-70.0
-70.0
-70.0
-70.0
-64.7511887194
-61.776862327
-60.2663710807
-59.6845306302
-59.6792753389
-59.0374878494
-59.0178324274
-66.2645924505
-70.0
-70.0
-70.0
-70.0
-70.0
-70.0
-65.3995417812
-62.7926154572
-61.4687058142
-59.9664438479
-59.3995385399
-59.6255055608
-63.5319812802
-70.0
-70.0
-70.0
-70.0
-70.0
-70.0
-70.0
-70.0
-64.8523418086
-61.9353355002
-61.1576575688
-60.9857955577
-61.6658545896
-65.8821717709
-70.0
-70.0
-70.0
-70.0
-65.5069532758
-62.9608934653
-61.6678944636
-61.1698319138
-61.1653333201
-61.4571230532
-61.9169594579
-64.4074698089
-69.4225963303
-70.0
-70.0
-70.0
-70.0
-70.0
-70.0
-70.0
-70.0
-70.0
-70.0
-70.0
-70.0
-70.0
-70.0
-70.0
-70.0
-70.0
-70.0
-70.0
-70.0
-70.0
-70.0
-70.0
-69.3118711956
-68.9219315398
-69.2232591112
-64.7007214543
-65.1603067051
-66.3503565988
-67.1860413151
-67.7812507676
-68.2123347469
-68.5305739763
-68.7704983814
-68.9554364117
-69.1012180162
-62.3400370877
-59.4787211604
-57.3536859802
-63.3137446332
-69.7769811465
-69.4074866373
-68.3372276201
-67.7504979557
-67.4734435586
-67.3914294684
-67.4291733653
-67.5375139246
-66.7723926245
-66.8625697895
-70.0
-70.0
-70.0
-70.0
-70.0
-70.0
-70.0
-70.0
-70.0
-70.0
-70.0
-70.0
-63.9263992776
-58.3729643272
-56.2591342538
-57.3878896204
-66.4824790842
-70.0
-70.0
-70.0
-70.0
-66.0987664596
-63.8880674534
-62.7653791346
-62.3329201721
-62.3290141222
-62.5823700215
-63.4061378938
-66.6501446973
-70.0
-70.0
-70.0
-70.0
-70.0
-70.0
-70.0
-70.0
-70.0
-70.0
-70.0
-70.0
-70.0
-70.0
-70.0
-70.0
-70.0
-70.0
-70.0
-70.0
-70.0
-70.0
-63.5588948861
-59.9089353216
-58.0553284054
-64.3950550736
-70.0
-70.0
-70.0
-68.7899391257
-67.1042457862
-66.1893549229
-65.7674419076
-65.6553793681
-65.7329625321
-65.9217470128
-66.1709594675
-66.4481216247
-66.7328148649
-70.0
-70.0
-70.0
-70.0
-70.0
-70.0
-70.0
-70.0
-70.0
-63.5513700319
-59.8971463833
-58.0413739814
-57.5430992791
-60.1810925851
-66.9363889013
-70.0
-70.0
-70.0
-70.0
-70.0
-70.0
-70.0
-70.0
-70.0
-70.0
-70.0
-70.0
-70.0
-70.0
-70.0
-70.0
-70.0
-70.0
-70.0
-70.0
-70.0
-70.0
-70.0
-70.0
-70.0
-70.0
-70.0
-70.0
-70.0
-70.0
-70.0
-70.0
-70.0
-70.0
-70.0
-70.0
-70.0
-70.0
-70.0
-70.0
-70.0
-70.0
-70.0
-70.0
-70.0
-70.0
-70.0
-69.7677581771
-62.6361576823
-58.602658796
-62.468435104
-70.0
-70.0
-70.0
-70.0
-66.8979139268
-66.1285041321
-65.7959081175
-65.7364869048
-65.8429512804
-66.0453981964
-66.2986864061
-66.5740364517
-67.0854967716
-70.0
-70.0
-70.0
-70.0
-70.0
-70.0
-70.0
-70.0
-70.0
-70.0
