-62.0
-57.4666666667
-55.1644444444
-54.2776296296
-54.2696197531
-54.7891598354
-65.3579118903
-70.0
-70.0
-70.0
-70.0
-70.0
-70.0
-70.0
-70.0
-70.0
-70.0
-70.0
-70.0
-70.0
-70.0
-70.0
-70.0
-70.0
-70.0
-70.0
-70.0
-70.0
-70.0
-70.0
-70.0
-70.0
-70.0
-62.7599025894
-58.6571807234
-56.8731559321
-63.1580808946
-70.0
-70.0
-70.0
-70.0
-70.0
-70.0
-70.0
-64.7018820148
-61.6996151566
-60.1749345364
-59.5876283464
-59.5823236876
-59.9263967693
-70.0
-70.0
-70.0
-70.0
-70.0
-69.2492386683
-68.823807247
-68.6077548194
-68.5245315355
-68.5237798473
-68.5725361728
-68.6493720957
-68.7404945795
-70.0
-70.0
-70.0
-70.0
-70.0
-70.0
-70.0
-70.0
-70.0
-70.0
-70.0
-70.0
-70.0
-70.0
-62.7391520583
-70.0
-70.0
-70.0
-70.0
-70.0
-70.0
-70.0
-70.0
-70.0
-70.0
-63.2445997053
-59.4165395383
-57.4724854535
-56.7236368209
-56.870336903
-70.0
-70.0
-70.0
-70.0
-70.0
-70.0
-70.0
-70.0
-70.0
-70.0
-70.0
-70.0
-70.0
-70.0
-70.0
-70.0
-70.0
-70.0
-70.0
-70.0
-70.0
-70.0
-70.0
-70.0
-70.0
-70.0
-70.0
-70.0
-62.3769419518
-68.8666673132
-70.0
-70.0
-70.0
-70.0
-70.0
-70.0
-70.0
-70.0
-70.0
-63.638550221
-60.0337286796
-58.2030447987
-57.4978663103
-57.4914970068
-58.5310646881
-70.0
-70.0
-70.0
-70.0
-70.0
-70.0
-70.0
-70.0
-70.0
-70.0
-70.0
-70.0
-70.0
-70.0
-70.0
-70.0
-70.0
-70.0
-70.0
-70.0
-70.0
-70.0
-70.0
-70.0
-70.0
-70.0
-70.0
-62.7457529848
-58.6350130095
-57.0203959883
-58.2161030448
-70.0
-70.0
-70.0
-70.0
-70.0
-70.0
-70.0
-66.910530407
-65.1598309709
-64.2707502769
-63.9282768513
-63.9251835675
-64.1258214783
-64.4420101756
-65.4501832414
-70.0
-70.0
-70.0
-70.0
-70.0
-70.0
-70.0
-70.0
-70.0
-70.0
-70.0
-70.0
-70.0
-70.0
-70.0
-70.0
-70.0
-70.0
-70.0
-70.0
-70.0
-70.0
-70.0
-70.0
-70.0
-62.7967078189
-58.7148422497
-56.6418948331
-56.1635424215
-70.0
-70.0
-70.0
-70.0
-70.0
-70.0
-70.0
-67.7601522634
-66.4909052126
-65.8463268084
-65.5980355389
-65.595792926
-65.7412542606
-65.9704892528
-66.2423472729
-67.6617034341
-70.0
-70.0
-70.0
-70.0
-70.0
-70.0
-70.0
-70.0
-70.0
-70.0
-70.0
-70.0
-70.0
-62.4531039495
-58.5008020835
-62.9758759279
-69.4389666625
-70.0
-70.0
-70.0
-70.0
-70.0
-70.0
-70.0
-62.4411781554
-58.3198242245
-70.0
-70.0
-70.0
-70.0
-70.0
-70.0
-70.0
-70.0
-70.0
-63.4735190103
-59.7751797828
-57.8970035869
-57.1735310831
-57.1669965447
-58.089575135
-70.0
-70.0
-70.0
-70.0
-70.0
-70.0
-70.0
-70.0
-70.0
-70.0
-70.0
-70.0
-70.0
-70.0
-70.0
-70.0
-70.0
-70.0
-70.0
-70.0
-70.0
-70.0
-70.0
-70.0
-70.0
-70.0
-70.0
-62.6989628275
-58.5617084297
-56.7920236863
-58.4910806952
-64.9653076378
-70.0
-70.0
-70.0
-70.0
-70.0
-70.0
-68.0263964335
-66.9080210791
-66.3400618305
-66.1212842203
-66.1193081802
-66.2474789502
-66.4494654471
-66.689008497
-67.9323505734
-70.0
-70.0
-70.0
-70.0
-70.0
-70.0
-70.0
-70.0
-70.0
-70.0
-70.0
-70.0
-70.0
-62.4927400633
-58.2386260992
-57.2620958776
-70.0
-70.0
-70.0
-70.0
-70.0
-70.0
-70.0
-70.0
-65.5600640146
-63.0441002896
-61.7663853782
-61.2742102522
-61.2697648348
-61.5581054232
-62.6870190636
-70.0
-70.0
-70.0
-70.0
-70.0
-70.0
-70.0
-70.0
-70.0
-70.0
-70.0
-70.0
-70.0
-70.0
-70.0
-70.0
-70.0
-70.0
-70.0
-70.0
-70.0
-70.0
-70.0
-70.0
-70.0
-70.0
-62.7897733747
-58.703978287
-56.6290352914
-56.1713766247
-70.0
-70.0
-70.0
-70.0
-70.0
-70.0
-70.0
-66.6518052126
-64.7544948331
-63.7909587776
-63.4198051851
-63.4164528567
-63.6338930311
-63.9765607014
-64.7260956983
-70.0
-70.0
-70.0
-70.0
-70.0
-70.0
-70.0
-70.0
-70.0
-70.0
-70.0
-70.0
-70.0
-70.0
-62.3485613793
-58.5419541182
-60.0127245451
-70.0
-70.0
-70.0
-70.0
-70.0
-70.0
-70.0
-70.0
-64.5742296156
-61.4996263977
-59.9382102538
-59.3367535589
-59.3313210901
-59.6836842391
-61.2807199775
-63.0491914174
-70.0
-70.0
-70.0
-70.0
-70.0
-70.0
-70.0
-70.0
-70.0
-70.0
-70.0
-70.0
-70.0
-70.0
-62.6408425365
-59.0024884638
-70.0
-70.0
-70.0
-70.0
-70.0
-70.0
-70.0
-70.0
-70.0
-63.941630849
-60.5085549967
-58.7650909855
-58.0935095459
-58.0874436972
-58.8344052169
-66.6582024688
-70.0
-70.0
-70.0
-70.0
-70.0
-70.0
-70.0
-70.0
-70.0
-70.0
-70.0
-70.0
-70.0
-70.0
-70.0
-68.1910336134
-70.0
-70.0
-70.0
-70.0
-70.0
-70.0
-70.0
-70.0
-70.0
-70.0
-63.2935897983
-59.493290684
-57.5633348593
-56.8199168692
-57.3525310527
-58.8057853086
-70.0
-70.0
-70.0
-70.0
-70.0
-70.0
-70.0
-70.0
-70.0
-70.0
-70.0
-70.0
-70.0
-70.0
-70.0
-70.0
-70.0
-70.0
-70.0
-70.0
-70.0
-70.0
-70.0
-70.0
-70.0
-70.0
-70.0
-63.4499887212
-59.7383156633
-57.853367973
-57.1272870931
-57.4831754481
-70.0
-70.0
-70.0
-70.0
-70.0
-70.0
-70.0
-70.0
-70.0
-70.0
-70.0
-70.0
-70.0
-70.0
-70.0
-70.0
-70.0
-70.0
-70.0
-70.0
-70.0
-70.0
-70.0
-70.0
-70.0
-70.0
-70.0
-70.0
-62.6230143327
-58.4427224546
-56.6852377892
-62.7795714779
-70.0
-70.0
-70.0
-70.0
-70.0
-70.0
-70.0
-66.1320219479
-63.9401677183
-62.82704959
-62.39827706
-62.3944043067
-62.6456005111
-63.0414648834
-64.2447712439
-65.713229835
-70.0
-70.0
-70.0
-70.0
-70.0
-70.0
-70.0
-70.0
-70.0
-70.0
-70.0
-70.0
-70.0
-62.2829671579
-58.27959453
-64.2798788909
-70.0
-70.0
-70.0
-70.0
-70.0
-70.0
-70.0
-70.0
-64.880448124
-61.9793687276
-60.5060754655
-59.9385636594
-59.9334377871
-60.2659143375
-61.1619795348
-62.9272285214
-70.0
-70.0
-70.0
-70.0
-70.0
-70.0
-70.0
-70.0
-70.0
-70.0
-70.0
-70.0
-70.0
-70.0
-62.3342318163
-58.3639062572
-70.0
-70.0
-70.0
-70.0
-70.0
-70.0
-70.0
-70.0
-70.0
-64.2236744399
-60.9504232891
-59.2881251557
-58.6478087705
-58.6420253137
-59.3952279914
-62.3920708273
-70.0
-70.0
-70.0
-70.0
-70.0
-70.0
-70.0
-70.0
-70.0
-70.0
-70.0
-70.0
-70.0
-70.0
-70.0
-63.4233868719
-70.0
-70.0
-70.0
-70.0
-70.0
-70.0
-70.0
-70.0
-70.0
-70.0
-63.3404714994
-59.5667386824
-57.6502743695
-56.9120533028
-56.9053855526
-57.9162322563
-70.0
-70.0
-70.0
-70.0
-70.0
-70.0
-70.0
-70.0
-70.0
-70.0
-70.0
-70.0
-70.0
-70.0
-70.0
-70.0
-70.0
-70.0
-70.0
-70.0
-70.0
-70.0
-70.0
-70.0
-70.0
-70.0
-70.0
-63.0100807126
-59.0491264498
-57.0375830104
-56.6504657304
-57.6351816237
-70.0
-70.0
-70.0
-70.0
-70.0
-70.0
-70.0
-70.0
-70.0
-70.0
-70.0
-70.0
-70.0
-70.0
-70.0
-70.0
-70.0
-70.0
-70.0
-70.0
-70.0
-70.0
-70.0
-70.0
-70.0
-70.0
-70.0
-70.0
-62.5384977446
-58.3103131332
-56.5557690246
-57.998788821
-70.0
-70.0
-70.0
-70.0
-70.0
-70.0
-70.0
-66.1391742556
-63.9513730005
-62.8403131473
-62.4123334639
-62.4084678717
-62.6591995873
-63.0543319638
-63.7238729199
-65.312294481
-70.0
-70.0
-70.0
-70.0
-70.0
-70.0
-70.0
-70.0
-70.0
-70.0
-70.0
-70.0
-70.0
-62.6161929697
-58.4320356525
-57.0826326576
-70.0
-70.0
-70.0
-70.0
-70.0
-70.0
-70.0
-70.0
-65.8790946502
-63.543914952
-62.358009968
-61.9011999787
-61.8970739858
-62.1646959238
-62.5864458892
-63.6976185401
-70.0
-70.0
-70.0
-70.0
-70.0
-70.0
-70.0
-70.0
-70.0
-70.0
-70.0
-70.0
-70.0
-70.0
-62.8878599777
-59.6443114272
-70.0
-70.0
-70.0
-70.0
-70.0
-70.0
-70.0
-70.0
-70.0
-64.4590609874
-61.319195547
-59.7246364311
-59.1104130806
-59.1048653009
-59.4647077898
-60.4349442411
-70.0
-70.0
-70.0
-70.0
-70.0
-70.0
-70.0
-70.0
-70.0
-70.0
-70.0
-70.0
-70.0
-70.0
-70.0
-63.0421613218
-70.0
-70.0
-70.0
-70.0
-70.0
-70.0
-70.0
-70.0
-70.0
-70.0
-63.7943260682
-60.2777775068
-58.4919224531
-57.8040120058
-57.7977986705
-58.2008107137
-70.0
-70.0
-70.0
-70.0
-70.0
-70.0
-70.0
-70.0
-70.0
-70.0
-70.0
-70.0
-70.0
-70.0
-70.0
-70.0
-70.0
-70.0
-70.0
-70.0
-70.0
-70.0
-70.0
-70.0
-70.0
-70.0
-70.0
-62.8519075108
-58.801321767
-56.7442595951
-56.1609438205
-61.3603003288
-70.0
-70.0
-70.0
-70.0
-70.0
-70.0
-69.4489218107
-69.1366441701
-68.9780561134
-68.9169680756
-68.9164163171
-68.952204718
-69.008604268
-69.0754905224
-69.5577667352
-70.0
-70.0
-70.0
-70.0
-70.0
-70.0
-70.0
-70.0
-70.0
-70.0
-70.0
-70.0
-70.0
-62.7039364112
-58.5695003775
-56.4698554114
-56.0754180704
-70.0
-70.0
-70.0
-70.0
-70.0
-70.0
-70.0
-68.2503978052
-67.2589565615
-66.7554599299
-66.5615132866
-66.5597615244
-66.6733850829
-66.852446382
-67.0648016153
-67.7209577862
-70.0
-70.0
-70.0
-70.0
-70.0
-70.0
-70.0
-70.0
-70.0
-70.0
-70.0
-70.0
-70.0
-62.5041177929
-58.2564512089
-56.9249559132
-70.0
-70.0
-70.0
-70.0
-70.0
-70.0
-70.0
-70.0
-66.7622240512
-64.9274843469
-63.9957243794
-63.6368109196
-63.6335691464
-63.8438384443
-64.1752054082
-64.5681854063
-70.0
-70.0
-70.0
-70.0
-70.0
-70.0
-70.0
-70.0
-70.0
-70.0
-70.0
-70.0
-70.0
-70.0
-62.2495645026
-58.7124057159
-70.0
-70.0
-70.0
-70.0
-70.0
-70.0
-70.0
-70.0
-70.0
-63.9796667753
-60.5681446146
-58.8356264977
-58.168261411
-58.1622336452
-58.7727597277
-60.1549770511
-70.0
-70.0
-70.0
-70.0
-70.0
-70.0
-70.0
-70.0
-70.0
-70.0
-70.0
-70.0
-70.0
-70.0
-70.0
-62.2898402294
-70.0
-70.0
-70.0
-70.0
-70.0
-70.0
-70.0
-70.0
-70.0
-70.0
-63.9547300716
-60.5290771122
-58.7893827662
-58.1192533997
-58.1132006664
-58.9372479041
-70.0
-70.0
-70.0
-70.0
-70.0
-70.0
-70.0
-70.0
-70.0
-70.0
-70.0
-70.0
-70.0
-70.0
-70.0
-70.0
-70.0
-70.0
-70.0
-70.0
-70.0
-70.0
-70.0
-70.0
-70.0
-70.0
-70.0
-63.146992887
-59.2636221897
-57.2914790316
-56.5318105024
-56.960162829
-70.0
-70.0
-70.0
-70.0
-70.0
-70.0
-68.8210830095
-68.1530300482
-67.8137639365
-67.6830788049
-67.6818984325
-67.7584602613
-67.8791153498
-68.022204558
-68.3987388836
-69.545420411
-70.0
-70.0
-70.0
-70.0
-70.0
-70.0
-70.0
-70.0
-70.0
-70.0
-70.0
-70.0
-62.8905511468
-58.8618634633
-56.8159220711
-56.0278265001
-70.0
-70.0
-70.0
-70.0
-70.0
-70.0
-70.0
-69.631654321
-69.4229251029
-69.3169234019
-69.2760916013
-69.2757228009
-69.2996440939
-69.3373420666
-69.382049448
-69.4294722286
-70.0
-70.0
-70.0
-70.0
-70.0
-70.0
-70.0
-70.0
-70.0
-70.0
-70.0
-70.0
-70.0
-62.3867418748
-58.0725622705
-56.9892434709
-70.0
-70.0
-70.0
-70.0
-70.0
-70.0
-70.0
-70.0
-65.5503978052
-63.0289565615
-61.7484599299
-61.2552132866
-61.2507581911
-61.5397265274
-61.9951166449
-63.2016395841
-70.0
-70.0
-70.0
-70.0
-70.0
-70.0
-70.0
-70.0
-70.0
-70.0
-70.0
-70.0
-70.0
-70.0
-62.3524909149
-58.4654456883
-70.0
-70.0
-70.0
-70.0
-70.0
-70.0
-70.0
-70.0
-70.0
-64.9574583143
-62.1000180257
-60.648886585
-60.0899115011
-60.0848627341
-60.4123380494
-61.39578181
-70.0
-70.0
-70.0
-70.0
-70.0
-70.0
-70.0
-70.0
-70.0
-70.0
-70.0
-70.0
-70.0
-70.0
-70.0
-62.2520288432
-70.0
-70.0
-70.0
-70.0
-70.0
-70.0
-70.0
-70.0
-70.0
-70.0
-64.3126145405
-61.0897627801
-59.4530596312
-58.8226024208
-58.8169080138
-59.1862611026
-70.0
-70.0
-70.0
-70.0
-70.0
-70.0
-70.0
-70.0
-70.0
-70.0
-70.0
-70.0
-70.0
-70.0
-70.0
-70.0
-70.0
-70.0
-70.0
-70.0
-70.0
-70.0
-70.0
-70.0
-70.0
-70.0
-70.0
-62.9640174329
-58.9769606449
-56.9521612173
-56.1722095202
-56.6239379774
-70.0
-70.0
-70.0
-70.0
-70.0
-70.0
-70.0
-70.0
-70.0
-70.0
-70.0
-70.0
-70.0
-70.0
-70.0
-70.0
-70.0
-70.0
-70.0
-70.0
-70.0
-70.0
-70.0
-70.0
-70.0
-70.0
-70.0
-70.0
-63.1227009433
-59.2255648111
-57.2464309715
-56.4840696353
-56.4771838458
-70.0
-70.0
-70.0
-70.0
-70.0
-70.0
-69.0200669313
-68.4647715257
-68.1827685648
-68.0741411694
-68.0731600266
-68.13679934
-68.2370896167
-68.3560274621
-68.482189254
-70.0
-70.0
-70.0
-70.0
-70.0
-70.0
-70.0
-70.0
-70.0
-70.0
-70.0
-70.0
-70.0
-62.5500393827
-58.3283950328
-56.1844619218
-70.0
-70.0
-70.0
-70.0
-70.0
-70.0
-70.0
-70.0
-65.2404823967
-62.5434224214
-61.1737390223
-60.646137682
-60.6413722885
-60.9504673094
-61.4375754116
-62.501115609
-70.0
-70.0
-70.0
-70.0
-70.0
-70.0
-70.0
-70.0
-70.0
-70.0
-70.0
-70.0
-70.0
-70.0
-62.3829192855
-58.0665735473
-70.0
-70.0
-70.0
-70.0
-70.0
-70.0
-70.0
-70.0
-70.0
-65.6753433928
-63.2247046487
-61.9801645806
-61.5007683871
-61.4964383914
-61.7772924476
-62.2198951331
-65.4702142466
-70.0
-70.0
-70.0
-70.0
-70.0
-70.0
-70.0
-70.0
-70.0
-70.0
-70.0
-70.0
-70.0
-70.0
-62.7111844644
-70.0
-70.0
-70.0
-70.0
-70.0
-70.0
-70.0
-70.0
-70.0
-70.0
-63.454498087
-59.7453803363
-57.8617303414
-57.136149333
-57.1295957502
-58.0303717831
-70.0
-70.0
-70.0
-70.0
-70.0
-70.0
-70.0
-70.0
-70.0
-70.0
-70.0
-70.0
-70.0
-70.0
-70.0
-70.0
-70.0
-70.0
-70.0
-70.0
-70.0
-70.0
-70.0
-70.0
-70.0
-70.0
-70.0
-63.3700429135
-59.6130672312
-57.7051129141
-56.9701698933
-57.2121068413
-70.0
-70.0
-70.0
-70.0
-70.0
-70.0
-70.0
-70.0
-70.0
-70.0
-70.0
-70.0
-70.0
-70.0
-70.0
-70.0
-70.0
-70.0
-70.0
-70.0
-70.0
-70.0
-70.0
-70.0
-70.0
-70.0
-70.0
-70.0
-62.7462819897
-58.6358417839
-56.5483829343
-56.2271579699
-70.0
-70.0
-70.0
-70.0
-70.0
-70.0
-70.0
-66.9309890312
-65.1918828155
-64.3086896589
-63.9684841096
-63.9654113098
-64.1647205862
-64.4788154658
-64.8513118781
-65.7318285572
-70.0
-70.0
-70.0
-70.0
-70.0
-70.0
-70.0
-70.0
-70.0
-70.0
-70.0
-70.0
-70.0
-62.4387393078
-58.1540249155
-56.4649580107
-70.0
-70.0
-70.0
-70.0
-70.0
-70.0
-70.0
-70.0
-67.9181124829
-66.7383762231
-66.1392552599
-65.9084741732
-65.9063897155
-66.041592717
-66.2546614273
-66.5073472726
-67.2642455741
-70.0
-70.0
-70.0
-70.0
-70.0
-70.0
-70.0
-70.0
-70.0
-70.0
-70.0
-70.0
-70.0
-62.529870567
-58.2967972216
-56.1470599737
-70.0
-70.0
-70.0
-70.0
-70.0
-70.0
-70.0
-70.0
-65.2279979936
-62.5238635233
-61.1505873904
-60.6216021309
-60.6168242376
-60.926730027
-61.415115833
-65.0627978673
-70.0
-70.0
-70.0
-70.0
-70.0
-70.0
-70.0
-70.0
-70.0
-70.0
-70.0
-70.0
-70.0
-70.0
-62.2711260093
-61.5834559228
-70.0
-70.0
-70.0
-70.0
-70.0
-70.0
-70.0
-70.0
-70.0
-63.7413765881
-60.1948233214
-58.393730584
-57.6999505888
-57.6936842386
-58.5968147074
-70.0
-70.0
-70.0
-70.0
-70.0
-70.0
-70.0
-70.0
-70.0
-70.0
-70.0
-70.0
-70.0
-70.0
-70.0
-70.0
-70.0
-70.0
-70.0
-70.0
-70.0
-70.0
-70.0
-70.0
-70.0
-70.0
-70.0
-63.5673976528
-59.9222563227
-58.0710963139
-57.3580304315
-57.3515898877
-59.4332934971
-70.0
-70.0
-70.0
-70.0
-70.0
-70.0
-70.0
-70.0
-70.0
-70.0
-70.0
-70.0
-70.0
-70.0
-70.0
-70.0
-70.0
-70.0
-70.0
-70.0
-70.0
-70.0
-70.0
-70.0
-70.0
-70.0
-70.0
-62.8453764571
-58.7910897828
-56.7321481188
-55.9390448498
-65.031738676
-70.0
-70.0
-70.0
-70.0
-70.0
-70.0
-69.257954733
-68.8374624151
-68.6239182772
-68.5416611852
-68.5409182238
-68.5891085062
-68.6650523921
-68.7551169772
-68.850651829
-70.0
-70.0
-70.0
-70.0
-70.0
-70.0
-70.0
-70.0
-70.0
-70.0
-70.0
-70.0
-70.0
-62.7377925
-58.6225415834
-56.5326396472
-55.7276104973
-70.0
-70.0
-70.0
-70.0
-70.0
-70.0
-70.0
-68.2562277092
-67.2680900777
-66.7662711629
-66.5729707753
-66.5712248502
-66.6844698001
-66.8629344434
-67.0745820813
-67.2990845946
-70.0
-70.0
-70.0
-70.0
-70.0
-70.0
-70.0
-70.0
-70.0
-70.0
-70.0
-70.0
-70.0
-62.446279632
-58.1658380901
-56.5054560207
-70.0
-70.0
-70.0
-70.0
-70.0
-70.0
-70.0
-70.0
-66.1395318529
-63.9519332362
-62.8409762916
-62.4130362485
-62.4091710143
-62.6598795067
-63.0549752852
-63.5235335761
-70.0
-70.0
-70.0
-70.0
-70.0
-70.0
-70.0
-70.0
-70.0
-70.0
-70.0
-70.0
-70.0
-70.0
-62.4573891137
-58.1832429449
-70.0
-70.0
-70.0
-70.0
-70.0
-70.0
-70.0
-70.0
-70.0
-65.4127846365
-62.8133625972
-61.4932639537
-60.9847626358
-60.9801697572
-61.2780750381
-61.7475490387
-69.7548044552
-70.0
-70.0
-70.0
-70.0
-70.0
-70.0
-70.0
-70.0
-70.0
-70.0
-70.0
-70.0
-70.0
-70.0
-62.2065153214
-70.0
-70.0
-70.0
-70.0
-70.0
-70.0
-70.0
-70.0
-70.0
-70.0
-63.5719533157
-59.9293935279
-58.0795445377
-57.3669836589
-57.3605476764
-58.0526239367
-70.0
-70.0
-70.0
-70.0
-70.0
-70.0
-70.0
-70.0
-70.0
-70.0
-70.0
-70.0
-70.0
-70.0
-70.0
-70.0
-70.0
-70.0
-70.0
-70.0
-70.0
-70.0
-70.0
-70.0
-70.0
-70.0
-70.0
-63.4572897763
-59.7497539829
-57.866907374
-57.1416358296
-57.135085042
-69.8685782592
-70.0
-70.0
-70.0
-70.0
-70.0
-70.0
-70.0
-70.0
-70.0
-70.0
-70.0
-70.0
-70.0
-70.0
-70.0
-70.0
-70.0
-70.0
-70.0
-70.0
-70.0
-70.0
-70.0
-70.0
-70.0
-70.0
-70.0
-62.7567160433
-58.6521884678
-56.5677323069
-56.0431447366
-70.0
-70.0
-70.0
-70.0
-70.0
-70.0
-70.0
-68.198159424
-67.1771164309
-66.6585867541
-66.4588493895
-66.4570453244
-66.5740613745
-66.7584689588
-66.9771645441
-67.2091430771
-70.0
-70.0
-70.0
-70.0
-70.0
-70.0
-70.0
-70.0
-70.0
-70.0
-70.0
-70.0
-70.0
-62.4294231291
-58.1394295689
-56.7629243716
-70.0
-70.0
-70.0
-70.0
-70.0
-70.0
-70.0
-70.0
-67.0670608139
-65.4050619418
-64.5610272204
-64.2359054803
-64.2329689202
-64.4234413535
-64.7236101016
-65.0795910138
-67.2580643307
-70.0
-70.0
-70.0
-70.0
-70.0
-70.0
-70.0
-70.0
-70.0
-70.0
-70.0
-70.0
-70.0
-62.528739273
-58.2950248611
-56.1449620519
-57.4013086548
-69.3872652818
-70.0
-70.0
-70.0
-70.0
-70.0
-70.0
-69.2256025044
-68.786777257
-68.5639228666
-68.4780794701
-68.4773041166
-68.5275954339
-68.6068503765
-68.7008416628
-68.8005417126
-69.4420319701
-70.0
-70.0
-70.0
-70.0
-70.0
-70.0
-70.0
-70.0
-70.0
-70.0
-70.0
-70.0
-62.8553355575
-58.8066923734
-56.7506167171
-56.501825907
-70.0
-70.0
-70.0
-70.0
-70.0
-70.0
-70.0
-68.5068737997
-67.6607689529
-67.231080413
-67.0655646087
-67.0640696391
-67.1610370028
-67.3138495208
-67.495075381
-67.6873083844
-70.0
-70.0
-70.0
-70.0
-70.0
-70.0
-70.0
-70.0
-70.0
-70.0
-70.0
-70.0
-70.0
-62.5398061055
-58.3123628986
-56.1654848778
-70.0
-70.0
-70.0
-70.0
-70.0
-70.0
-70.0
-70.0
-65.6429676068
-63.173982584
-61.9201254841
-61.4371403748
-61.4327779633
-61.7157345843
-62.1616507375
-62.9799801197
-70.0
-70.0
-70.0
-70.0
-70.0
-70.0
-70.0
-70.0
-70.0
-70.0
-70.0
-70.0
-70.0
-70.0
-62.4349118416
-58.1480285518
-60.0728666472
-70.0
-70.0
-70.0
-70.0
-70.0
-70.0
-70.0
-70.0
-65.825916781
-63.4606029569
-62.2593945638
-61.7966897092
-61.7925104728
-62.0635859152
-62.4907783168
-63.549988566
-70.0
