-67.85
-66.735
-65.4581666667
-64.1267944444
-63.627077963
-62.823012142
-61.8631389113
-60.8417770092
-59.817567301
-58.8257892327
-57.8865294173
-57.0100892141
-56.2005554517
-55.4581500126
-54.7807684154
-54.1649805098
0
-70.0
-70.0
-70.0
-70.0
-67.7700912097
-65.7898095619
-64.0253135879
-62.4491055505
-60.218410543
-58.4893798538
-56.2989821118
-55.5447773962
-54.8574286536
-54.2331051196
0
-70.0
-70.0
-70.0
-70.0
-67.8510025202
-65.9165706149
-64.175359118
-62.6081202492
-61.1975062529
-59.9278876468
-57.9651868948
-56.4720602138
-55.3104488648
-55.2064670932
-54.1005291271
0
-70.0
-70.0
-70.0
-70.0
-67.8117851297
-65.8551300366
-64.1026326461
-62.531046457
-60.3003931949
-58.5686547979
-57.193989933
-56.0793913497
-55.1579858214
0
-70.0
-70.0
-70.0
-70.0
-66.7456901932
-64.184914636
-62.9456188138
-61.7205206934
-60.544777798
-58.6178394675
-57.1244151536
-55.9408800602
-54.9827296688
-54.191748445
0
-70.0
-70.0
-70.0
-70.0
-67.9994467374
-66.9691332219
-65.7353073386
-64.4205015639
-63.1009347137
-61.8224967798
-60.6113507934
-59.4809515085
-58.4366802206
-57.4788947738
-56.6049270133
-55.8103821232
-55.089975785
-54.4380661226
0
-70.0
-70.0
-70.0
-70.0
-67.0306222588
-64.6313082054
-62.6540094998
-60.9958299599
-59.5843945705
-58.3680535179
-57.3093137691
-56.3804261275
-55.5604126716
-54.013057509
0
-70.0
-70.0
-70.0
-70.0
-67.5061809475
-65.376350151
-63.5359066681
-61.9304436894
-60.5194844459
-59.2722594183
-58.1648490877
-57.1782412532
-57.117001844
-56.7930248037
-56.3222044194
-54.9589720415
0
-70.0
-70.0
-70.0
-70.0
-67.7989920934
-65.835087613
-64.898908671
-64.6105710168
-64.7205493903
-64.2458514348
-63.436170947
-62.4524902894
-61.3971988852
-60.3341174132
-59.3017979495
-58.3223463397
-57.4072638291
-56.5613055285
-55.7850203638
-55.0764152529
-55.2520383446
-55.1323442547
-54.839449659
-54.452397913
-54.0217536016
0
-70.0
-70.0
-70.0
-70.0
-66.4977834166
-63.7965273527
-61.6658894693
-59.9486437569
-58.5366748709
-56.5349377103
-55.8860641569
-55.2505378863
-54.6442041944
-54.0755971728
0
-70.0
-70.0
-70.0
-70.0
-68.2184664711
-66.4922641381
-65.6768006004
-64.6149624577
-63.4406941569
-63.0581100378
-62.3432892317
-61.4529537737
-60.4869873731
-59.507841287
-58.5534255924
-57.6456619893
-56.7961484277
-56.8299020099
-56.5724907588
-56.1489609829
-55.6398777513
-55.0964318872
-54.5504833059
-54.8412313803
-54.8043058455
-54.5720069965
-54.2302274539
-54.6541521465
-54.7033685572
-54.5261194517
-54.21889934
0
-70.0
-70.0
-70.0
-70.0
-67.8759328907
-65.9556281955
-64.2215911051
-62.6571158141
-61.246526779
-59.975289132
-58.830036906
-57.7985510069
-56.8697077672
-56.0334115645
-56.1005201241
-55.887434589
-55.5133354483
-55.0550981156
-54.5616524455
-54.0635299619
0
-70.0
-70.0
-70.0
-70.0
-67.6975099269
-65.6760988855
-63.8907156311
-62.3064618241
-60.8956941458
-59.6360437339
-59.329052029
-58.7838886051
-58.1139942639
-57.3915911837
-56.6617629628
-55.9518072649
-55.2774402706
-54.6469053983
-54.0636876284
0
-70.0
-70.0
-70.0
-70.0
-67.8527630415
-65.9193287651
-64.178623907
-62.6115801953
-61.2009679617
-59.9312350229
-57.9683540921
-56.4750137306
-55.3131757227
-54.3889670605
0
-70.0
-70.0
-70.0
-70.0
-67.2820095614
-65.0251483128
-63.1201932866
-60.6698804946
-58.7940301363
-57.3253855834
-56.1500193323
-55.1897989372
-54.3906734022
0
-70.0
-70.0
-70.0
-70.0
-67.4032656776
-65.2151162282
-63.3450560177
-61.7281846907
-60.3171224049
-59.0765809532
-57.9797033838
-57.0055867293
-56.137597179
-55.3622168762
-54.6682481319
-54.0462586143
0
-70.0
-70.0
-70.0
-70.0
-68.2646083113
-66.564553021
-65.7623680795
-64.7056448452
-63.5314227432
-62.3258420572
-61.1416322437
-60.0097186141
-58.9469131492
-57.960999432
-57.0540845539
-56.2247994753
-55.4697351123
-54.7843719907
-54.1636750514
0
-70.0
-70.0
-70.0
-70.0
-67.850679529
-65.9160645954
-63.3547601487
-61.3228188091
-59.6762267117
-57.4957305629
-55.0675751881
0
-70.0
-70.0
-70.0
-70.0
-67.1893837196
-64.0600344941
-61.6637571423
-58.9671988265
-57.0003572095
-55.5369069989
-54.424273306
0
-70.0
-70.0
-70.0
-70.0
-67.8140982832
-65.858753977
-64.1069222607
-62.5355924889
-60.3049415429
-57.7530529238
-55.9134846549
-54.5626275384
0
-70.0
-70.0
-70.0
-70.0
-68.1609347686
-66.4021311375
-64.7501112543
-64.0372289492
-63.0915919345
-62.0378233279
-60.9543013863
-60.7090448418
-59.3349227537
-58.9692854091
-58.400926822
-57.7298807757
-57.8395904554
-57.5940965813
-57.1436637042
-57.4052818544
-57.2654100161
-56.8893065792
-56.3840009645
-55.8180175635
-55.2344936041
0
-70.0
-70.0
-70.0
-70.0
-68.3017006571
-66.6226643627
-65.0111537741
-63.4938756284
-62.0837128867
-60.7848248121
-59.595997807
-58.5128350103
-56.7091761653
-55.3533416528
-54.3113962235
0
-70.0
-70.0
-70.0
-70.0
-68.3653592306
-66.7223961279
-65.1292050621
-63.6189835872
-62.2088845826
-60.0858623605
-57.6058536152
-55.8143199142
-54.4955890298
0
-70.0
-70.0
-70.0
-70.0
-67.7984401521
-65.0142229049
-61.9732184598
-59.6995085107
-57.9619655909
-57.424040986
-56.8038181902
-56.154890573
-55.5103709836
-54.8899801972
-55.1247463854
-55.0447812189
-54.778642745
-54.4096715691
0
-70.0
-70.0
-70.0
-70.0
-68.2776668838
-66.5850114513
-65.7865844768
-64.7313088095
-63.5570997822
-62.3506710397
-61.1651247595
-60.0316261661
-58.9671394712
-57.9795428052
-57.0710000455
-55.4201743881
-54.199006514
0
-70.0
-70.0
-70.0
-70.0
-68.7855204007
-67.3806486278
-65.0883706098
-63.160058112
-61.5144020096
-60.0931949479
-58.8540308792
-57.7653980754
-56.8033717905
-55.94937696
-55.1886674963
-54.5092862349
0
-70.0
-70.0
-70.0
-70.0
-67.5453732116
-64.6177513648
-62.3239198779
-59.6668236565
-58.5203384685
-57.4984360734
-56.5853467672
-56.5879816246
-56.3199631515
-55.8984866293
-55.398984495
-54.8693170646
-55.1592060375
-55.1111658867
-54.8619696
-54.5003861746
-54.9034232469
-54.9317980487
-54.7344296615
-55.2281943071
-56.1201799509
-57.2213653389
-57.5913643936
-57.5103183467
-57.1613467737
-56.6632522707
-56.09228716
-55.4966318548
-54.9060176099
-54.3381151426
0
-70.0
-70.0
-70.0
-70.0
-68.0993453427
-66.3056410368
-64.6358970854
-63.0961874784
-61.6858221316
-60.4000755191
-59.2319583677
-58.1733561312
-58.0357495849
-58.4553273377
-58.3752297448
-57.9979968642
-57.4550572403
-56.830791558
-56.9985390967
-56.8159029834
-56.4291245492
-55.9327533371
-55.3871721653
-54.8302510567
-54.285090023
0
-70.0
-70.0
-70.0
-70.0
-67.8577137183
-65.9270848253
-64.187804662
-62.6213097419
-62.0307024651
-61.2253146836
-60.3179048585
-59.3795288015
-57.6338522073
-57.1019845105
-56.4961310754
-55.8660813119
-55.24251541
-55.4636253552
-55.3641704772
-55.0756918678
-54.6834149732
-54.241935004
0
-70.0
-70.0
-70.0
-70.0
-66.0939219997
-63.1638111329
-60.9169509084
-59.1549364101
-56.9225631641
-55.302387111
-54.1035352421
0
-70.0
-70.0
-70.0
-70.0
-67.9664454841
-66.0974312584
-64.3894416811
-62.8349998786
-61.4245014678
-60.9673857058
-59.457536725
-58.1863761124
-57.9208005411
-56.6274285136
-55.5804910133
-54.716312146
0
-70.0
-70.0
-70.0
-70.0
-67.8362931344
-65.8935259106
-64.1480813792
-62.5792119478
-61.168583224
-59.8999198823
-59.5787245478
-59.8367165289
-59.6136211666
-59.1093099103
-57.6330794928
-56.4429052593
-54.6440372105
0
-70.0
-70.0
-70.0
-70.0
-67.5593375014
-65.4596287522
-63.6344825443
-62.0349120681
-60.6240060467
-59.373328899
-57.4404783138
-55.9827520188
-54.8586911746
0
