-70.0
-63.378196875
-59.6258417708
-57.7202339826
-56.9861948436
-56.9795648654
-57.588110025
-60.5044667865
-62.2113659412
-65.1192703193
-67.1488719911
-68.6062826315
-69.5271862613
-64.3463765644
-61.4263448607
-59.9601143432
-59.4150388879
-59.4408256518
-59.8082701884
-60.8988470371
-63.1099534622
-68.2249574684
-67.9314364965
-69.0113064427
-69.866214029
-70.0
-70.0
-70.0
-64.110073031
-60.7724477485
-59.0774576541
-58.4245483423
-58.4186511438
-59.5024835288
-62.465978915
-67.9066740666
-70.0
-70.0
-65.200583571
-62.4809142613
-61.0997488667
-60.5677246677
-60.5629193261
-55.1261769404
0
-70.0
-70.0
-70.0
-70.0
-70.0
-70.0
-70.0
-70.0
-70.0
-70.0
-70.0
-70.0
-70.0
-70.0
-70.0
-70.0
-70.0
-70.0
-70.0
-70.0
-70.0
-70.0
-70.0
-70.0
-70.0
-70.0
-63.588773293
-60.1327839224
-60.5349734719
-60.353048134
-63.5519210166
-66.3041027891
-63.9241679261
-62.6987347441
-62.2068503434
-62.1714913582
-62.4112262552
-62.8080263182
-63.285838812
-63.7963316813
-64.3094163468
-69.9408721725
-70.0
-70.0
-70.0
-70.0
-70.0
-70.0
-70.0
-64.6691414662
-61.6483216303
-60.1142190078
-59.5232834673
-59.5179460275
-60.9563833843
-66.5921511928
-70.0
-70.0
-69.192310128
-69.0178733673
-68.9459488652
-68.9379292018
-68.9685197637
-69.0212567754
-63.0605034591
-59.7153680206
-58.0511078235
-57.6233675207
-58.8622962243
-65.8552937204
-70.0
-70.0
-70.0
-70.0
-70.0
-70.0
-70.0
-70.0
-70.0
-70.0
-70.0
-70.0
-70.0
-70.0
-70.0
-67.8930664071
-68.1619113397
-64.7168646573
-62.8259411593
-61.9305223552
-61.6622536609
-61.7792173223
-56.3910622849
0
-70.0
-70.0
-70.0
-70.0
-70.0
-70.0
-69.6963503432
-69.9660153062
-70.0
-70.0
-70.0
-70.0
-64.016010785
-60.6250835631
-59.8117842558
-57.1892591121
-56.3448318593
-56.9716231678
-54.4440074405
0
-70.0
-70.0
-70.0
-70.0
-70.0
-70.0
-70.0
-70.0
-70.0
-70.0
-70.0
-70.0
-70.0
-70.0
-70.0
-70.0
-70.0
-70.0
-70.0
-70.0
-70.0
-70.0
-68.6213140216
-68.0231023674
-68.0229265922
-68.088723574
-68.1919109773
-68.3140930534
-62.4349216852
-56.9639360582
-54.1158801467
0
-70.0
-70.0
-70.0
-70.0
-70.0
-70.0
-70.0
-70.0
-70.0
-70.0
-70.0
-70.0
-70.0
-70.0
-63.9375344433
-62.3086395165
-66.3145456476
-70.0
-70.0
-70.0
-70.0
-70.0
-70.0
-70.0
-70.0
-70.0
-70.0
-63.5944368084
-60.5064395885
-63.5040376515
-69.1574858254
-69.0956243605
-69.7534380203
-70.0
-70.0
-70.0
-64.4491715899
-61.3037021575
-59.7062970929
-59.0909774843
-59.085419803
-60.8995220871
-65.5136118041
-70.0
-70.0
-70.0
-70.0
-70.0
-70.0
-70.0
-70.0
-70.0
-70.0
-70.0
-70.0
-70.0
-70.0
-64.9450715915
-59.8899475766
-57.1938749152
-56.0031021545
-55.7552017595
-56.0812881306
-56.7408970156
-57.578632446
-54.6934059552
-63.8687413189
-70.0
-70.0
-70.0
-70.0
-70.0
-70.0
-70.0
-70.0
-70.0
-70.0
-70.0
-70.0
-70.0
-70.0
-70.0
-70.0
-70.0
-70.0
-70.0
-70.0
-70.0
-70.0
-70.0
-70.0
-70.0
-70.0
-70.0
-68.0074609014
-70.0
-70.0
-70.0
-70.0
-66.9444274998
-65.2129364164
-64.3336105525
-63.9948946824
-63.9918353376
-64.1902718861
-64.502991419
-58.6958976332
0
-70.0
-70.0
-70.0
-70.0
-70.0
-70.0
-70.0
-70.0
-70.0
-70.0
-70.0
-70.0
-70.0
-70.0
-70.0
-70.0
-70.0
-70.0
-70.0
-70.0
-70.0
-70.0
-70.0
-64.2564463286
-58.8174669565
0
-70.0
-70.0
-70.0
-70.0
-70.0
-70.0
-68.6005388905
-68.6286173997
-65.0532675363
-61.0695184912
-58.976951781
-58.0888466956
-57.9530220878
-58.4575898435
-59.5014703274
-60.846849257
-57.0590394898
-59.9017874515
-65.6416461132
-65.1201144502
-65.1126890911
-65.2711442393
-65.5238458536
-65.8246719604
-66.1443452257
-66.4646710108
-60.6130626647
-57.4149955683
-55.9156554581
-55.4855295434
-56.2805462909
-61.4805097362
-70.0
-70.0
-70.0
-70.0
-70.0
-70.0
-70.0
-70.0
-70.0
-70.0
-70.0
-70.0
-70.0
-70.0
-70.0
-70.0
-70.0
-70.0
-70.0
-70.0
-70.0
-64.2872016944
-61.0499493213
-55.7710492395
0
-70.0
-70.0
-70.0
-70.0
-70.0
-70.0
-70.0
-70.0
-70.0
-70.0
-70.0
-70.0
-70.0
-70.0
-70.0
-70.0
-70.0
-70.0
-70.0
-70.0
-70.0
-70.0
-65.0758739755
-62.285535895
-60.8684818502
-60.3226333616
-60.3177031564
-60.6374882614
-61.141443049
-61.7391011533
-66.7790960933
-70.0
-70.0
-70.0
-70.0
-70.0
-66.1319344065
-63.9400305702
-62.8268872494
-62.3981050153
-62.3942321743
-62.6454340639
-63.0413073955
-63.5107878146
-64.008783139
-65.792624669
-70.0
-70.0
-70.0
-70.0
-70.0
-70.0
-70.0
-70.0
-70.0
-70.0
-63.8325810644
-60.3377103342
-58.5628642182
-58.0592106975
-58.4551782604
-65.7739617573
-70.0
-70.0
-70.0
-66.8732230376
-65.1013827589
-64.201565833
-63.8549568164
-63.8518261792
-64.0548869243
-64.3748938072
-58.6058515938
-55.5242312127
-59.5323968682
-70.0
-70.0
-70.0
-70.0
-70.0
-70.0
-70.0
-70.0
-70.0
-64.1574929184
-60.8467389054
-59.1653952008
-58.5177424714
-58.5118927513
-59.82890224
-67.8308614654
-70.0
-70.0
-70.0
-70.0
-70.0
-65.5923148783
-63.0946266426
-61.8261928132
-56.7475380097
-54.1420938606
0
-70.0
-70.0
-70.0
-70.0
-70.0
-70.0
-70.0
-70.0
-70.0
-70.0
-70.0
-64.6821967008
-61.6687748313
-60.1384292152
-59.5489408717
-59.5436165032
-59.8889679986
-61.5624448358
-63.7931550389
-69.0949466385
-69.085808889
-69.361176553
-70.0
-70.0
-70.0
-70.0
-70.0
-70.0
-70.0
-70.0
-63.6826923749
-60.1028847206
-56.1808002909
-59.629104048
-63.5930782028
-68.4251313291
-70.0
-70.0
-70.0
-70.0
-70.0
-70.0
-70.0
-70.0
-70.0
-70.0
-70.0
-70.0
-70.0
-70.0
-70.0
-67.9187455848
-66.89844887
-66.3896558787
-66.204724888
-66.2202754639
-60.7064895029
-57.7080016095
-56.3186421532
-56.3001871298
-57.1080504464
-59.9022416454
-65.2925166294
-70.0
-68.9310896256
-66.3416310384
-62.892291796
-61.0596118573
-60.2580168322
-60.1017925894
-55.1181020715
0
-70.0
-70.0
-70.0
-70.0
-70.0
-70.0
-70.0
-70.0
-70.0
-70.0
-70.0
-70.0
-70.0
-70.0
-70.0
-70.0
-70.0
-70.0
-70.0
-70.0
-70.0
-70.0
-70.0
-70.0
-70.0
-70.0
-64.7931779273
-61.8426454195
-60.3442377341
-59.7670518651
-59.7618386148
-60.0999827109
-60.6328697448
-61.6357296007
-66.4228766792
-70.0
-70.0
-70.0
-70.0
-70.0
-70.0
-70.0
-70.0
-70.0
-70.0
-63.7707614539
-60.2408596111
-58.448223185
-61.1717312171
-69.1213830741
-70.0
-70.0
-70.0
-70.0
-70.0
-70.0
-70.0
-70.0
-70.0
-63.773107891
-58.0809961126
-55.0630291751
-55.8139312567
-65.0878228958
-70.0
-70.0
-70.0
-70.0
-66.8364934533
-65.0438397435
-60.531162929
-58.1391847426
-57.0993583394
-56.9054838861
-57.2256430846
-57.8435505009
-58.619509934
-62.1106629721
-67.9177260569
-70.0
-70.0
-70.0
-70.0
-70.0
-70.0
-70.0
-70.0
-70.0
-70.0
-70.0
-70.0
-66.867117355
-70.0
-70.0
-70.0
-70.0
-70.0
-70.0
-70.0
-70.0
-70.0
-70.0
-70.0
-70.0
-70.0
-70.0
-70.0
-70.0
-70.0
-70.0
-70.0
-70.0
-70.0
-70.0
-70.0
-64.2576319308
-58.8446556499
-55.968714693
-54.7108596291
-54.4657846031
0
-70.0
-70.0
-70.0
-70.0
-70.0
-70.0
-70.0
-70.0
-66.0756279639
-63.8518171434
-62.7224700797
-62.2874461721
-62.2835169552
-62.5383755265
-63.1243096278
-58.5701670684
-59.4560292738
-61.8334587925
-63.9136357138
-65.3646206762
-66.3897242977
-67.125128994
-67.6622008454
-61.8472043519
-58.6299663107
-57.4664213587
-57.3855599401
-58.9041592057
-67.2413808296
-70.0
-70.0
-70.0
-70.0
-70.0
-70.0
-70.0
-70.0
-70.0
-63.9770874985
-60.5641037477
-55.2394544833
-54.8316520746
-58.7450784234
-63.7804975244
-67.145467586
-69.4120260121
-70.0
-70.0
-70.0
-70.0
-70.0
-70.0
-63.7042039641
-60.3293799599
-59.9362681089
-65.2073013762
-70.0
-70.0
-70.0
-70.0
-70.0
-70.0
-70.0
-70.0
-70.0
-63.9824561369
-60.5725146145
-58.8407992139
-58.1737433331
-59.8898651236
-67.9393630673
-70.0
-70.0
-70.0
-70.0
-70.0
-70.0
-70.0
-70.0
-70.0
-63.8197336282
-60.3175826842
-58.7333155958
-60.0754938222
-61.8468873026
-66.5634594173
-66.8849126371
-67.6144094718
-68.2906934606
-68.7534407385
-69.0726410807
-63.6960542041
-60.6802336048
-59.181400125
-58.6427200329
-58.6980879766
-59.1080391436
-59.9103271043
-61.6979366603
-66.6971645225
-70.0
-70.0
-70.0
-70.0
-70.0
-64.4802327006
-61.3523645643
-59.763898197
-59.1520217701
-59.5282522091
-61.797448693
-59.6873497578
-60.5005010706
-62.5440492516
-64.0187098517
-65.1028825501
-65.9166234175
-66.5409804906
-67.0308953848
-67.4238144752
-67.7454387803
-68.0135654039
-62.4522712951
-65.0062586101
-70.0
-70.0
-70.0
-68.2910414457
-67.3226315982
-66.8308313031
-66.6413900826
-66.6396790142
-66.7506630727
-66.9255647387
-67.1329869137
-67.3530073216
-67.5732526556
-69.1417103852
-68.4002582176
-70.0
-70.0
-70.0
-70.0
-70.0
-70.0
-70.0
-70.0
-70.0
-70.0
-70.0
-70.0
-70.0
-70.0
-70.0
-70.0
-70.0
-70.0
-70.0
-70.0
-70.0
-70.0
-70.0
-70.0
-70.0
-70.0
-70.0
-70.0
-65.1945724025
-69.8262295681
-70.0
-70.0
-70.0
-70.0
-70.0
-70.0
-70.0
-70.0
-70.0
-70.0
-70.0
-70.0
-70.0
-70.0
-70.0
-70.0
-70.0
-70.0
-70.0
-70.0
-70.0
-68.3666021345
-67.4410100108
-66.9709544028
-66.7898892246
-66.7882538102
-66.8943307679
-67.0614992502
-67.2597503646
-67.4700426878
-67.6805499921
-67.8841693749
-68.8409752922
-70.0
-70.0
-70.0
-70.0
-70.0
-65.9980080146
-63.7302125562
-62.5785281959
-62.1348999733
-56.9708208955
0
-70.0
-70.0
-70.0
-70.0
-70.0
-70.0
-70.0
-70.0
-70.0
-70.0
-70.0
-70.0
-70.0
-70.0
-70.0
-70.0
-70.0
-70.0
-70.0
-70.0
-70.0
-70.0
-70.0
-70.0
-65.2070945376
-62.4911147756
-57.542783162
-54.9890247551
0
-70.0
-70.0
-70.0
-70.0
-70.0
-70.0
-70.0
-70.0
-70.0
-66.2857685417
-64.181037382
-63.1121641068
-62.7004346714
-62.6967158545
-62.9379273692
-63.318056699
-63.7688657403
-64.4398084883
-65.7811193014
-67.524544392
-70.0
-70.0
-70.0
-70.0
-68.7471842565
-68.0372553351
-67.6767228045
-67.5378458593
-67.5365914968
-67.6179524962
-67.7461706792
-67.8982292331
-68.0595233909
-68.4234808552
-63.1581997138
-65.8658088276
-70.0
-70.0
-70.0
-70.0
-70.0
-70.0
-70.0
-70.0
-70.0
-70.0
-70.0
-70.0
-63.8050889682
-60.2946393836
-55.9290998091
-60.024463685
-68.8908187669
-70.0
-70.0
-70.0
-66.9368667667
-63.0648516845
-60.9728142457
-60.0184979742
-59.7786249455
-59.9754136301
-60.4276397199
-61.0180540497
-61.671700846
-62.9218215793
-69.1928849071
-70.0
-70.0
-70.0
-70.0
-70.0
-70.0
-70.0
-64.4694053084
-61.3354016498
-59.7438193996
-59.1307427362
-59.1252053136
-59.4843760163
-61.0272068008
-59.3318060676
-64.4710474508
-70.0
-70.0
-70.0
-70.0
-70.0
-70.0
-70.0
-70.0
-70.0
-70.0
-70.0
-70.0
-70.0
-70.0
-70.0
-70.0
-66.1181966281
-61.7837997174
-59.4570349137
-58.4124082011
-58.1718852334
-58.4218419451
-60.3175231919
-63.5217078001
-67.9991194155
-70.0
-70.0
-65.3372366763
-62.6950041262
-61.3531644587
-60.8362885095
-60.8316199897
-61.1344315448
-61.6116374264
-63.5417852917
-70.0
-70.0
-70.0
-70.0
-70.0
-70.0
-70.0
-70.0
-64.1875602095
-60.8938443282
-59.2211533218
-58.5768336072
-58.7734604363
-60.6824493646
-65.4831893969
-70.0
-70.0
-70.0
-70.0
-70.0
-70.0
-70.0
-70.0
-70.0
-70.0
-63.7646682092
-60.2313135278
-59.435403432
-64.4141939896
-69.1377545618
-70.0
-70.0
-70.0
-64.8414017616
-61.9181960932
-56.8778970585
-54.2911210691
0
-70.0
-70.0
-70.0
-70.0
-70.0
-70.0
-70.0
-70.0
-70.0
-70.0
-70.0
-70.0
-70.0
-70.0
-63.8651504909
-65.1378271564
-70.0
-70.0
-70.0
-70.0
-70.0
-70.0
-70.0
-70.0
-70.0
-70.0
-70.0
-70.0
-70.0
-70.0
-70.0
-70.0
-70.0
-70.0
-70.0
-70.0
-70.0
-70.0
-70.0
-70.0
-64.2428371861
-60.9804449249
-59.323661404
-58.6854692447
0
-70.0
-70.0
-70.0
-70.0
-70.0
-70.0
-70.0
-70.0
-70.0
-70.0
-70.0
-70.0
-70.0
-70.0
-70.0
-70.0
-70.0
-70.0
-70.0
-70.0
-70.0
-70.0
-70.0
-70.0
-70.0
-70.0
-70.0
-70.0
-70.0
-70.0
-70.0
-70.0
-70.0
-70.0
-70.0
-70.0
-68.2390863829
-67.2412353332
-66.7344835256
-66.5392829902
-66.5375199026
-66.6518780533
-66.8320970086
-67.0458251482
-67.272534527
-67.49947567
-69.9024098068
-70.0
-70.0
-70.0
-70.0
-70.0
-70.0
-70.0
-70.0
-70.0
-70.0
-70.0
-70.0
-70.0
-70.0
-70.0
-70.0
-70.0
-70.0
-70.0
-70.0
-70.0
-64.4747712041
-61.3438082197
-59.7537701551
-59.1412883112
-59.1357562612
-62.9161588587
-70.0
-70.0
-70.0
-70.0
-66.1202963694
-63.9217976454
-59.2633902255
-54.7010838078
0
-70.0
-70.0
-70.0
-70.0
-70.0
-70.0
-70.0
-70.0
-70.0
-70.0
-70.0
-70.0
-70.0
-70.0
-70.0
-70.0
-70.0
-70.0
-70.0
-70.0
-70.0
-70.0
-70.0
-70.0
-70.0
-70.0
-70.0
-70.0
-70.0
-70.0
-70.0
-67.3432339797
-63.7133061516
-61.7449059163
-57.2983237724
-55.0537636936
-54.2052355232
-54.2226107702
-54.7589488928
0
-70.0
-70.0
-70.0
-70.0
-70.0
-70.0
-70.0
-70.0
-70.0
-70.0
-70.0
-70.0
-70.0
-63.8223425549
-60.3216700026
-61.1137676914
-66.225847601
-70.0
-70.0
-70.0
-70.0
-66.5710624692
-62.5072020351
-60.3186457068
-59.3282237196
-59.0896964033
-59.3102568001
-59.7989178115
-60.4321504913
-61.1310184161
-65.6231277303
-70.0
-70.0
-70.0
-70.0
-68.1067349714
-67.0338847885
-66.4890451858
-66.2791732513
-66.2772776489
-60.8776832059
-57.9420037665
0
-70.0
-70.0
-70.0
-70.0
-70.0
-70.0
-70.0
-70.0
-70.0
-70.0
-70.0
-64.812060505
-61.8722281246
-60.3792544255
-55.3349153131
0
-70.0
-70.0
-70.0
-70.0
-70.0
-70.0
-68.3243647577
-67.3748381204
-66.892627534
-62.2422057274
-59.7105457858
-58.534531628
-58.2111054124
0
-70.0
-70.0
-70.0
-70.0
-70.0
-70.0
-70.0
-66.6670264024
-64.7783413637
-60.2988540312
-57.934533164
-56.9181228715
-56.744339267
-57.2746960534
-58.4200309312
-60.4898721893
-58.8923808163
-61.9094278546
-65.1459799223
-67.2497118322
-68.6036272504
-69.4625222596
-69.9957751898
-70.0
-70.0
-70.0
-70.0
-70.0
-70.0
-70.0
-70.0
-70.0
-70.0
-70.0
-70.0
-70.0
-70.0
-64.2201553192
-60.94491
-59.2815991418
-58.6408926556
-58.6351056753
-59.4094805367
-61.2445629654
-65.2507128263
-69.2313849597
-65.8751089059
-63.9988396434
-63.0731167645
-58.2908316913
-55.8117662576
0
-70.0
-70.0
-70.0
-70.0
-70.0
-70.0
-70.0
-70.0
-70.0
-64.9957943329
-62.1600777882
-57.2032563796
-56.4673164727
-61.1684215953
-66.803419481
-70.0
-70.0
-70.0
-70.0
-70.0
-70.0
-70.0
-70.0
-70.0
-70.0
-70.0
-70.0
-70.0
-64.3370560342
-65.0107550881
-69.3932172651
-70.0
-70.0
-70.0
-70.0
-70.0
-70.0
-70.0
-70.0
-70.0
-70.0
-70.0
-70.0
-70.0
-70.0
-70.0
-67.5322125845
-66.1337997157
-65.4236253372
-65.1500665322
-65.1475956982
-59.8200718262
-56.9628884422
-55.683148797
-55.3925333833
-56.109355607
-58.2227320195
-55.9462626099
-60.6839487025
-66.0479773351
-70.0
-70.0
-70.0
-70.0
-70.0
-70.0
-70.0
-70.0
-70.0
-63.8300496258
-60.3337444138
-61.1854970958
-67.6899106467
-70.0
-70.0
-69.6435834962
-69.441614144
-65.832458589
-63.805883303
-62.796408688
-62.4308436294
-62.4638098066
-62.7347958527
-57.3818319996
-54.5906592877
0
-70.0
-70.0
-70.0
-70.0
-70.0
-70.0
-70.0
-70.0
-70.0
-70.0
-70.0
-70.0
-70.0
-70.0
-70.0
-70.0
-70.0
-70.0
-70.0
-70.0
-70.0
-70.0
-70.0
-70.0
-70.0
-64.9005435314
-62.0108515325
-57.0401451016
-54.4897164063
0
-70.0
-70.0
-70.0
-70.0
-70.0
-70.0
-70.0
-70.0
-70.0
-70.0
-65.4179266157
-62.8214183647
-61.5027994685
-60.9948681486
-60.9902804183
-61.2878517662
-61.7567995161
-64.7474824806
-70.0
-70.0
-70.0
-70.0
-70.0
-70.0
-65.9989037452
-63.7316158675
-62.5801892787
-62.1366603494
-62.1326543135
-62.3924955482
-62.8019837707
-63.2876105786
-63.8027329773
-65.1169821869
-70.0
-70.0
-70.0
-70.0
-69.2172512088
-68.7736935604
-68.5484358527
-68.4616666996
-68.4608829845
-68.5117166559
-68.5918263036
-68.6868312154
-62.7312364088
-57.4981913206
-55.1833284717
-57.7241812193
-61.4960211936
-65.7820204792
-69.0836616739
-70.0
-70.0
-70.0
-70.0
-70.0
-64.2004287558
-60.9140050508
-59.2450173261
-58.6021241138
-59.6411778908
-66.1251434434
-70.0
-70.0
-70.0
-70.0
-70.0
-70.0
-65.3780187352
-60.6602158101
-58.1408601947
-57.0245514857
-56.7872812107
-57.0853430054
-57.9118097254
-60.4446378859
-69.6012560735
-70.0
-70.0
-70.0
-70.0
-70.0
-70.0
-70.0
-70.0
-70.0
-70.0
-70.0
-70.0
-70.0
-70.0
-70.0
-70.0
-70.0
-70.0
-70.0
-70.0
-70.0
-70.0
-70.0
-70.0
-70.0
-70.0
-70.0
-70.0
-70.0
-70.0
-67.2143432016
-63.5371460158
-61.5462561705
-60.6335137243
-60.3980844658
-60.5768907618
-60.9982781807
-61.551168026
-56.8415433435
-55.8958609092
-61.898010421
-68.3784688595
-70.0
-70.0
-70.0
-65.3786864327
-62.7599420779
-61.4300307291
-60.9177495622
-60.9131225433
-61.2132422472
-61.6862059946
-62.8602847921
-59.3928793671
-61.4988603601
-63.8689692262
-65.4954022383
-66.6214153043
-67.4096426337
-68.360812137
-68.9861534344
-69.5909028967
-70.0
-70.0
-66.5228564706
-64.9590545286
-64.6006048688
-64.5655149106
-64.7256104387
-59.5351639714
-56.7697239586
-55.5514691523
-55.3021339635
-55.6424617181
-57.3347855635
-61.4338669133
-69.6984815782
-70.0
-69.1748396193
-66.947914362
-65.7134953955
-65.1157275024
-64.9198758498
-64.9717023299
-65.1704081403
-65.4506180219
-65.7703900168
-60.0584109546
-57.180153568
0
-70.0
-70.0
-70.0
-70.0
-70.0
-70.0
-70.0
-70.0
-70.0
-70.0
-70.0
-70.0
-70.0
-64.1172388952
-61.1925094458
-62.0199294077
-68.5702588251
-70.0
-70.0
-67.7472064207
-66.4706233925
-65.8223194624
-65.5725931223
-65.5703375475
-65.7166396177
-65.9471995392
-66.2206288409
-66.5106654605
-66.8009985835
-67.4838295586
-70.0
-70.0
-70.0
-70.0
-70.0
-70.0
-70.0
-64.2809228805
-61.0401125128
-59.3942892085
-58.9658383356
-59.2835861216
-61.8736969152
-70.0
-70.0
-70.0
-70.0
-70.0
-70.0
-70.0
-65.1635469824
-62.4228902725
-61.0310665708
-60.4949367974
-60.4900943734
-60.8041857733
-61.2991677541
-62.0962127626
-63.0412005429
-64.6551973002
-66.8175928637
-70.0
-70.0
-70.0
-70.0
-70.0
-70.0
-70.0
-70.0
-64.7549479968
-61.7827518617
-60.2733424519
-59.6919187243
-59.6866671969
-60.0272940406
-60.5640936788
-61.6184531822
-65.8496979259
-70.0
-70.0
-70.0
-70.0
-70.0
-70.0
-70.0
-70.0
-70.0
-70.0
-70.0
-70.0
-70.0
-70.0
-70.0
-68.1368924828
-70.0
-70.0
-70.0
-70.0
-70.0
-70.0
-70.0
-70.0
-70.0
-64.1345167233
-60.8107428665
-59.1227871235
-54.0570028338
0
-70.0
-70.0
-70.0
-70.0
-70.0
-70.0
-67.8999490509
-66.7099201797
-66.1055721844
-65.8727776477
-65.8706750041
-66.0070575844
-60.5046043833
-57.5196456498
-56.1446822214
0
-70.0
-70.0
-70.0
-70.0
-70.0
-70.0
-70.0
-70.0
-70.0
-70.0
-70.0
-70.0
-70.0
-70.0
-70.0
-70.0
-68.30648555
-67.3468273616
-66.8594715366
-62.2652091061
-59.7664780109
-58.6083567534
-58.2932054405
-58.494341138
-58.9985445186
-59.6677817297
-60.413731332
-61.5918325314
-69.2027481438
-70.0
-70.0
-70.0
-70.0
-70.0
-70.0
-65.5347596171
-63.0044567335
-61.7194597788
-61.2244796134
-56.1950148403
0
-70.0
-70.0
-70.0
-70.0
-70.0
-70.0
-70.0
-70.0
-70.0
-65.2613615174
-62.5761330439
-61.2124581916
-60.6871713406
-60.6824268519
-61.405258765
-63.3825191264
-66.6507948365
-70.0
-70.0
-70.0
-70.0
-70.0
-70.0
-70.0
-64.5783962989
-61.5061542016
-59.9459371365
-59.3449423262
-54.3204181572
0
-70.0
-70.0
-70.0
-70.0
-70.0
-70.0
-70.0
-70.0
-70.0
-65.0010853312
-62.1683670189
-60.7297904642
-60.1756515159
-60.1706464297
-60.495288497
-55.939296341
-58.4466484639
-61.6129692999
-66.5230529931
-69.7918212739
-70.0
-66.4019181575
-64.3630051135
-63.3275571166
-58.5360240303
-56.0432367108
-55.0127897621
-54.8940952675
-55.3264087285
-56.0749165141
-63.2144196098
-70.0
-70.0
-70.0
-70.0
-70.0
-66.6349889705
-64.7281493871
-63.7597739909
-63.3867562868
-63.3833871214
-58.1817130705
0
-70.0
-70.0
-70.0
-70.0
-70.0
-70.0
-70.0
-70.0
-70.0
-70.0
-70.0
-70.0
-70.0
-70.0
-70.0
-70.0
-70.0
-70.0
-70.0
-70.0
-70.0
-70.0
-67.3759079816
-63.8106079212
-61.8777409542
-60.9887627422
-60.7557503903
-60.9240846328
-61.3276156906
-61.8588138022
-62.4489055424
-63.0546637351
-64.899871533
-70.0
-70.0
-70.0
-70.0
-70.0
-70.0
-70.0
-70.0
-70.0
-64.6737867805
-61.6555992894
-60.1228334851
-59.5324128864
-59.5270800976
-59.8729777544
-60.4180837567
-63.9520531717
-70.0
-70.0
-70.0
-70.0
-70.0
-70.0
-70.0
-70.0
-65.3529681971
-62.7196501755
-61.38233769
-60.867205609
-60.8625528402
-61.1643427508
-61.6399386055
-62.8414610006
-66.8886908667
-70.0
-70.0
-70.0
-70.0
-70.0
-70.0
-70.0
-70.0
-70.0
-70.0
-70.0
-70.0
-70.0
-70.0
-70.0
-70.0
-70.0
-70.0
-70.0
-70.0
-70.0
-70.0
-70.0
-70.0
-70.0
-70.0
-70.0
-70.0
-70.0
-70.0
-70.0
-70.0
-70.0
-70.0
-70.0
-67.959284992
-66.8028798209
-66.2156073908
-65.9893903531
-65.9873471187
-66.1198762741
-60.6417012823
