-62.0
-57.4666666667
-55.1644444444
-54.2776296296
0
-70.0
-70.0
-70.0
-70.0
-70.0
-70.0
-70.0
-69.0074444444
-68.4449962963
-68.1593608642
-68.0493342428
-61.6285873754
-58.0551863425
-56.309306178
-55.71813454
0
-70.0
-70.0
-70.0
-70.0
-70.0
-70.0
-70.0
-67.5520082305
-66.1648128944
-65.4603352629
-65.1889708419
-58.7667667415
-55.2878853899
0
-70.0
-70.0
-70.0
-70.0
-70.0
-70.0
-70.0
-70.0
-70.0
-64.5744624851
-61.4999912267
-59.9386420974
-59.3372112166
0
-70.0
-70.0
-70.0
-70.0
-70.0
-70.0
-70.0
-66.9125679012
-65.1630230453
-64.2745286968
-63.9322811312
-57.5094368011
-54.0720823096
0
-70.0
-70.0
-70.0
-70.0
-70.0
-70.0
-70.0
-70.0
-70.0
-64.3060082305
-61.0794128944
-59.4408085963
-58.8096190642
0
-70.0
-70.0
-70.0
-70.0
-70.0
-70.0
-70.0
-68.0793395062
-66.9909652263
-66.4382418176
-66.225333045
-59.8036569269
-56.2905293585
-54.6396351722
-54.1611108213
0
-70.0
-70.0
-70.0
-70.0
-70.0
-70.0
-70.0
-67.6769012346
-66.3604786008
-65.6919424005
-65.4344226004
-59.0123435472
-55.5253513303
0
-70.0
-70.0
-70.0
-70.0
-70.0
-70.0
-70.0
-70.0
-70.0
-64.9034188904
-62.0153562617
-60.5486734757
-59.9837080216
0
-70.0
-70.0
-70.0
-70.0
-70.0
-70.0
-70.0
-69.7595
-69.6232166667
-69.5540061111
-69.5273462407
-63.1073523574
-59.4851109488
-57.6622624054
-56.9798111991
0
-70.0
-70.0
-70.0
-70.0
-70.0
-70.0
-70.0
-68.2595925926
-67.2733617284
-66.7725111523
-66.5795837682
-60.1580881257
-56.6332544694
-54.9639124599
-54.4635101722
0
-70.0
-70.0
-70.0
-70.0
-70.0
-70.0
-70.0
-67.9704279835
-66.8203371742
-66.2362714495
-66.011289633
-59.5895044689
-56.0834498882
-54.4437021434
0
-70.0
-70.0
-70.0
-70.0
-70.0
-70.0
-70.0
-70.0
-66.8963497942
-65.1376146776
-64.2444531184
-63.9004077456
-57.4775471773
-54.0412459304
0
-70.0
-70.0
-70.0
-70.0
-70.0
-70.0
-70.0
-70.0
-70.0
-63.8880947619
-60.4246817937
-58.6658112863
-57.9882952723
0
-70.0
-70.0
-70.0
-70.0
-70.0
-70.0
-70.0
-68.217617284
-67.2076004115
-66.6946702743
-66.4970898496
-60.07555218
-56.5534445055
-54.8883984174
-54.3930908172
0
-70.0
-70.0
-70.0
-70.0
-70.0
-70.0
-70.0
-68.2195967078
-67.2107015089
-66.6983410059
-66.500980004
-60.0794443162
-56.557208093
-54.8919594227
-54.3964115731
0
-70.0
-70.0
-70.0
-70.0
-70.0
-70.0
-70.0
-67.5055473251
-66.0920241427
-65.3741760951
-65.0976613967
-58.6754107781
-55.1995467143
0
-70.0
-70.0
-70.0
-70.0
-70.0
-68.0061948562
-66.8763719413
-66.3025991277
-66.0815821353
-59.6598327822
-56.151455411
-54.5080471412
-68.9026167164
-70.0
-70.0
-70.0
-70.0
-69.0902793578
-68.5747709939
-68.3129736091
-68.2121293913
-61.7914654611
-58.212684921
-56.4583270995
-55.8571015033
0
-70.0
-70.0
-70.0
-70.0
-70.0
-70.0
-70.0
-67.9914032936
-66.8531984932
-66.2751689966
-66.0525123321
-59.6307481692
-56.1233313992
-54.4814369572
-54.0135857267
0
-70.0
-70.0
-70.0
-70.0
-70.0
-70.0
-70.0
-67.7633744856
-66.4959533608
-65.8523022405
-65.6043681603
-59.1823756871
-55.6897676803
-54.0712106202
0
-70.0
-70.0
-70.0
-70.0
-70.0
-70.0
-70.0
-70.0
-67.859090535
-66.6459085048
-66.0298023365
-65.7924785577
-59.3705819187
-55.8717578714
-54.2434048472
0
-70.0
-70.0
-70.0
-70.0
-70.0
-70.0
-70.0
-70.0
-67.4586872428
-66.0186100137
-65.2872766758
-65.0055674505
-58.5832699139
-55.1104490615
0
-70.0
-70.0
-70.0
-70.0
-70.0
-70.0
-70.0
-70.0
-70.0
-67.3590987654
-65.8625880658
-65.1025953772
-64.8098465848
-58.3874493368
-54.9210960101
0
-70.0
-70.0
-70.0
-70.0
-70.0
-70.0
-70.0
-70.0
-70.0
-64.798017566
-61.85022752
-60.3532125751
-59.776563189
0
-70.0
-70.0
-70.0
-70.0
-70.0
-70.0
-70.0
-70.0
-70.0
-70.0
-70.0
-63.8015302545
-60.2890640654
-58.5052822165
-57.8181703665
0
-70.0
-70.0
-70.0
-70.0
-70.0
-70.0
-70.0
-69.2471111111
-68.8204740741
-68.6038093827
-68.5203502551
-62.0998433503
-58.5108777625
-56.740469151
-56.1202083457
0
-70.0
-70.0
-70.0
-70.0
-70.0
-70.0
-70.0
-68.6182222222
-67.8352148148
-67.4375698765
-67.284397251
-60.8632606809
-57.3151367162
-55.6090911135
-55.0651607147
0
-70.0
-70.0
-70.0
-70.0
-70.0
-70.0
-70.0
-68.3904032922
-67.4782984911
-67.0150923274
-66.8366655516
-60.4153008813
-56.8819720498
-55.1992423492
-54.6829631172
0
-70.0
-70.0
-70.0
-70.0
-70.0
-70.0
-70.0
-70.0
-70.0
-70.0
-70.0
-63.599020881
-59.9717993802
-58.1297398337
-57.4201794447
0
-70.0
-70.0
-70.0
-70.0
-70.0
-70.0
-70.0
-69.2453497942
-68.8177146776
-68.6005431184
-68.5168887456
-62.0963800773
-58.5075288738
-56.7373005225
-56.1172534943
0
-70.0
-70.0
-70.0
-70.0
-70.0
-70.0
-70.0
-69.4466666667
-69.1331111111
-68.9738740741
-68.9125360494
-62.4922289465
-58.8903037199
-57.0994717933
-56.4549902442
0
-70.0
-70.0
-70.0
-70.0
-70.0
-70.0
-70.0
-69.367
-69.0083
-68.8261366667
-68.7559674444
-62.3355805765
-58.7388291033
-56.9561505825
-56.3213384506
0
-70.0
-70.0
-70.0
-70.0
-70.0
-70.0
-70.0
-68.167448912
-67.1290032954
-66.6016358156
-66.3984941339
-59.976906234
-56.4580566196
-54.7981449636
-54.3089264712
0
-70.0
-70.0
-70.0
-70.0
-70.0
-70.0
-70.0
-70.0
-70.0
-70.0
-70.0
-64.4301527206
-61.273905929
-59.6710276564
-59.0535997709
0
-70.0
-70.0
-70.0
-70.0
-70.0
-70.0
-70.0
-70.0
-70.0
-70.0
-70.0
-63.7175869532
-60.1575528934
-58.3496140277
-57.6531969073
0
-70.0
-70.0
-70.0
-70.0
-70.0
-70.0
-70.0
-69.9638148148
-69.9433098765
-69.9328965844
-69.9288853896
-63.5090960733
-59.8735859478
-58.0298270075
-57.3225774098
0
-70.0
-70.0
-70.0
-70.0
-70.0
-70.0
-70.0
-69.4962469136
-69.2107868313
-69.0658178875
-69.009975925
-62.5897184636
-58.9845733713
-57.1886672035
-56.5381679294
0
-70.0
-70.0
-70.0
-70.0
-70.0
-70.0
-70.0
-67.8130268789
-66.5737421103
-65.9443798455
-65.701949825
-59.2800070655
-55.7841745077
-54.1605358227
0
-70.0
-70.0
-70.0
-70.0
-70.0
-70.0
-70.0
-70.0
-68.2703950617
-67.2902855967
-66.7925437311
-66.6008138208
-60.1793289941
-56.6537937983
-54.9833462209
-54.4816328004
0
-70.0
-70.0
-70.0
-70.0
-70.0
-70.0
-70.0
-70.0
-70.0
-70.0
-70.0
-63.9777229081
-60.5650992227
-58.832021704
-58.164441136
0
-70.0
-70.0
-70.0
-70.0
-70.0
-70.0
-70.0
-70.0
-70.0
-70.0
-70.0
-63.6470708733
-60.0470777016
-58.2188458751
-57.5146119167
0
-70.0
-70.0
-70.0
-70.0
-70.0
-70.0
-70.0
-69.6467201646
-69.4465282579
-69.3448621719
-69.305700448
-62.8855936455
-59.2706764426
-57.4593702394
-56.7906075095
0
-70.0
-70.0
-70.0
-70.0
-70.0
-70.0
-70.0
-70.0
-70.0
-70.0
-70.0
-63.6596726109
-60.0668204237
-58.2422150973
-57.5393780649
0
-70.0
-70.0
-70.0
-70.0
-70.0
-70.0
-70.0
-70.0
-70.0
-70.0
-70.0
-63.8796756592
-60.4114918661
-58.650198528
-57.9717492409
0
-70.0
-70.0
-70.0
-70.0
-70.0
-70.0
-70.0
-70.0
-70.0
-70.0
-70.0
-63.7139362902
-60.1518335213
-58.3428440759
-57.6460222728
0
-70.0
-70.0
-70.0
-70.0
-70.0
-70.0
-70.0
-70.0
-70.0
-70.0
-70.0
-64.1198646548
-60.7877879592
-59.0956156765
-58.4437917843
0
-70.0
-70.0
-70.0
-70.0
-70.0
-70.0
-70.0
-69.6733935208
-69.4883165159
-69.3943264291
-69.3581214961
-62.9380414
-59.3213919623
-57.5073559009
-56.8353557341
0
-70.0
-70.0
-70.0
-70.0
-70.0
-70.0
-70.0
-69.5355679012
-69.2723897119
-69.1387364746
-69.0872533164
-62.6670352245
-59.0593365286
-57.2594060934
-56.6041342958
0
-70.0
-70.0
-70.0
-70.0
-70.0
-70.0
-70.0
-70.0
-70.0
-70.0
-70.0
-64.4448468221
-61.296926688
-59.6982770513
-59.0824780342
0
-70.0
-70.0
-70.0
-70.0
-70.0
-70.0
-70.0
-70.0
-70.0
-70.0
-70.0
-63.9359280597
-60.4996206269
-58.7545154797
-58.0823018753
0
-70.0
-70.0
-70.0
-70.0
-70.0
-70.0
-70.0
-70.0
-70.0
-70.0
-70.0
-63.7351200528
-60.1850214161
-58.3821281869
-57.6876546431
0
-70.0
-70.0
-70.0
-70.0
-70.0
-70.0
-70.0
-70.0
-70.0
-70.0
-70.0
-64.0195836001
-60.6306809734
-58.9096500317
-58.2467097989
0
-70.0
-70.0
-70.0
-70.0
-70.0
-70.0
-70.0
-70.0
-70.0
-70.0
-70.0
-63.5946283697
-59.9649177792
-58.1215941656
-57.4115468586
0
-70.0
-70.0
-70.0
-70.0
-70.0
-70.0
-70.0
-70.0
-70.0
-70.0
-70.0
-64.0476427374
-60.6746402886
-58.961684143
-58.3018543176
0
-70.0
-70.0
-70.0
-70.0
-70.0
-70.0
-70.0
-70.0
-70.0
-70.0
-70.0
-64.6712903521
-61.6516882183
-60.1182039974
-59.5275066649
0
-70.0
-70.0
-70.0
-70.0
-70.0
-70.0
-70.0
-70.0
-70.0
-70.0
-70.0
-63.6540324138
-60.0579841149
-58.2317556651
-57.5282934063
0
-70.0
-70.0
-70.0
-70.0
-70.0
-70.0
-70.0
-70.0
-70.0
-70.0
-70.0
-63.7819649444
-60.2584117462
-58.4689994357
-57.7797187349
0
-70.0
-70.0
-70.0
-70.0
-70.0
-70.0
-70.0
-70.0
-70.0
-70.0
-70.0
-63.9978251283
-60.596592701
-58.8693001546
-58.2039479549
0
-70.0
-70.0
-70.0
-70.0
-70.0
-70.0
-70.0
-70.0
-70.0
-70.0
-70.0
-64.1080067063
-60.7692105065
-59.0736257698
-58.4204874021
0
-70.0
-70.0
-70.0
-70.0
-70.0
-70.0
-70.0
-70.0
-70.0
-70.0
-70.0
-64.0898619113
-60.740783661
-59.0399772555
-58.3848275037
0
-70.0
-70.0
-70.0
-70.0
-70.0
-70.0
-70.0
-70.0
-70.0
-70.0
-70.0
-64.6056515775
-61.5488541381
-59.9964805365
-59.3985070243
0
-70.0
-70.0
-70.0
-70.0
-70.0
-70.0
-70.0
-70.0
-70.0
-70.0
-70.0
-63.6782592124
-60.0959394328
-58.2766829173
-57.5759062441
0
-70.0
-70.0
-70.0
-70.0
-70.0
-70.0
-70.0
-70.0
-70.0
-70.0
-70.0
-63.6584163298
-60.06485225
-58.2398853938
-57.5369091002
0
-70.0
-70.0
-70.0
-70.0
-70.0
-70.0
-70.0
-70.0
-70.0
-70.0
-70.0
-64.7321371742
-61.7470149063
-60.2310410486
-59.6470886991
0
-70.0
-70.0
-70.0
-70.0
-70.0
-70.0
-70.0
-70.0
-70.0
-70.0
-70.0
-64.2681615607
-61.0201197785
-59.3706240499
-58.7352391443
0
-70.0
-70.0
-70.0
-70.0
-70.0
-70.0
-70.0
-70.0
-70.0
-70.0
-70.0
-64.1012496063
-60.7586243831
-59.0610951032
-58.4072076984
0
-70.0
-70.0
-70.0
-70.0
-70.0
-70.0
-70.0
-70.0
-70.0
-70.0
-70.0
-64.2174144185
-60.9406159224
-59.2765162939
-58.6355059737
0
-70.0
-70.0
-70.0
-70.0
-70.0
-70.0
-70.0
-70.0
-70.0
-70.0
-70.0
-63.8020253573
-60.2898397265
-58.5062003571
-57.8191433902
0
-70.0
-70.0
-70.0
-70.0
-70.0
-70.0
-70.0
-70.0
-70.0
-70.0
-70.0
-64.4596982167
-61.3201938729
-59.7258181375
-59.111665425
0
-70.0
-70.0
-70.0
-70.0
-70.0
-70.0
-70.0
-70.0
-70.0
-70.0
-70.0
-64.7853461363
-61.8303756135
-60.3297141127
-59.7516600751
0
-70.0
-70.0
-70.0
-70.0
-70.0
-70.0
-70.0
-70.0
-70.0
-70.0
-70.0
-63.8004660996
-60.2873968894
-58.5033088003
-57.8160789869
0
-70.0
-70.0
-70.0
-70.0
-70.0
-70.0
-70.0
-70.0
-70.0
-70.0
-70.0
-64.0188629782
-60.6295519992
-58.9083136785
-58.2452935634
0
-70.0
-70.0
-70.0
-70.0
-70.0
-70.0
-70.0
-70.0
-70.0
-70.0
-70.0
-64.2836921201
-61.0444509882
-59.3994246094
-58.7657612952
0
-70.0
-70.0
-70.0
-70.0
-70.0
-70.0
-70.0
-70.0
-70.0
-70.0
-70.0
-64.3727163542
-61.1839222883
-59.5645151058
-58.9407202927
0
-70.0
-70.0
-70.0
-70.0
-70.0
-70.0
-70.0
-70.0
-70.0
-70.0
-70.0
-64.3852034751
-61.2034854443
-59.5876717777
-58.9652611851
0
-70.0
-70.0
-70.0
-70.0
-70.0
-70.0
-70.0
-70.0
-70.0
-70.0
-70.0
-64.8288456028
-61.8985247777
-60.4103814568
-59.8371494156
0
-70.0
-70.0
-70.0
-70.0
-70.0
-70.0
-70.0
-70.0
-70.0
-70.0
-70.0
-63.8248516679
-60.3256009463
-58.5485304818
-57.8640038538
0
-70.0
-70.0
-70.0
-70.0
-70.0
-70.0
-70.0
-70.0
-70.0
-70.0
-70.0
-63.8187236021
-60.31600031
-58.5371663244
-57.8519603889
0
-70.0
-70.0
-70.0
-70.0
-70.0
-70.0
-70.0
-70.0
-70.0
-70.0
-70.0
-65.1291376315
-62.3689822893
-60.967256341
-60.4273122273
-54.0026822651
0
-70.0
-70.0
-70.0
-70.0
-70.0
-70.0
-70.0
-70.0
-70.0
-70.0
-65.2871172077
-62.6164836255
-61.2602206886
-60.7377889035
-54.3133171159
0
-70.0
-70.0
-70.0
-70.0
-70.0
-70.0
-70.0
-70.0
-70.0
-70.0
-64.8563302618
-61.9415840768
-60.4613502299
-59.8911649141
0
-70.0
-70.0
-70.0
-70.0
-70.0
-70.0
-70.0
-70.0
-70.0
-70.0
-70.0
-64.6479646395
-61.6151446019
-60.0749477593
-59.4816647284
0
-70.0
-70.0
-70.0
-70.0
-70.0
-70.0
-70.0
-70.0
-70.0
-70.0
-70.0
-63.8677032457
-60.392735085
-58.6279963524
-57.948219901
0
-70.0
-70.0
-70.0
-70.0
-70.0
-70.0
-70.0
-70.0
-70.0
-70.0
-70.0
-64.5478933089
-61.458366184
-59.8893710363
-59.2849949131
0
-70.0
-70.0
-70.0
-70.0
-70.0
-70.0
-70.0
-70.0
-70.0
-70.0
-70.0
-65.0710891632
-62.2780396891
-60.8596086816
-60.3132297877
0
-70.0
-70.0
-70.0
-70.0
-70.0
-70.0
-70.0
-70.0
-70.0
-70.0
-70.0
-64.3064630522
-61.0801254484
-59.4416520379
-58.8105129236
0
-70.0
-70.0
-70.0
-70.0
-70.0
-70.0
-70.0
-70.0
-70.0
-70.0
-70.0
-64.0050399168
-60.6078958697
-58.8826795791
-58.2181271521
0
-70.0
-70.0
-70.0
-70.0
-70.0
-70.0
-70.0
-70.0
-70.0
-70.0
-70.0
-64.5077274806
-61.3954397196
-59.814885739
-59.2060571593
0
-70.0
-70.0
-70.0
-70.0
-70.0
-70.0
-70.0
-70.0
-70.0
-70.0
-70.0
-64.5798872123
-61.508489966
-59.9487019526
-59.3478724129
0
-70.0
-70.0
-70.0
-70.0
-70.0
-70.0
-70.0
-70.0
-70.0
-70.0
-70.0
-64.6338265508
-61.5929949296
-60.0487294593
-59.4538791951
0
-70.0
-70.0
-70.0
-70.0
-70.0
-70.0
-70.0
-70.0
-70.0
-70.0
-70.0
-64.2875147081
-61.0504397094
-59.4065133865
-58.7732738132
0
-70.0
-70.0
-70.0
-70.0
-70.0
-70.0
-70.0
-70.0
-70.0
-70.0
-70.0
-64.0825793754
-60.7293743549
-59.0264721974
-58.3705151629
0
-70.0
-70.0
-70.0
-70.0
-70.0
-70.0
-70.0
-70.0
-70.0
-70.0
-70.0
-64.0171754604
-60.6269082213
-58.9051842705
-58.241977091
0
-70.0
-70.0
-70.0
-70.0
-70.0
-70.0
-70.0
-70.0
-70.0
-70.0
-70.0
-65.4884499314
-62.9319048925
-61.6335810395
-61.1334673597
-54.7091971533
0
-70.0
-70.0
-70.0
-70.0
-70.0
-70.0
-70.0
-70.0
-70.0
-70.0
-65.6079817101
-63.1191713458
-61.8552460824
-61.3683827216
-54.9442321946
0
-70.0
-70.0
-70.0
-70.0
-70.0
-70.0
-70.0
-70.0
-70.0
-70.0
-65.1086608562
-62.3369020081
-60.9292832989
-60.3870692968
0
-70.0
-70.0
-70.0
-70.0
-70.0
-70.0
-70.0
-70.0
-70.0
-70.0
-70.0
-64.9454095949
-62.0811416988
-60.6265429044
-60.0662321977
0
-70.0
-70.0
-70.0
-70.0
-70.0
-70.0
-70.0
-70.0
-70.0
-70.0
-70.0
-64.5296589944
-61.4297990912
-59.8555565129
-59.2491590822
0
-70.0
-70.0
-70.0
-70.0
-70.0
-70.0
-70.0
-70.0
-70.0
-70.0
-70.0
-64.9387629934
-62.0707286897
-60.6142171512
-60.0531696563
0
-70.0
-70.0
-70.0
-70.0
-70.0
-70.0
-70.0
-70.0
-70.0
-70.0
-70.0
-65.1394702027
-62.3851699843
-60.9864175204
-60.4476187914
-54.0229991745
0
-70.0
-70.0
-70.0
-70.0
-70.0
-70.0
-70.0
-70.0
-70.0
-70.0
-65.0420259248
-62.2325072822
-60.8057125205
-60.2561119129
0
-70.0
-70.0
-70.0
-70.0
-70.0
-70.0
-70.0
-70.0
-70.0
-70.0
-70.0
-64.5824271366
-61.5124691806
-59.953412101
-59.3528641166
0
-70.0
-70.0
-70.0
-70.0
-70.0
-70.0
-70.0
-70.0
-70.0
-70.0
-70.0
-64.8502411218
-61.9320444241
-60.4500582581
-59.8791979498
0
-70.0
-70.0
-70.0
-70.0
-70.0
-70.0
-70.0
-70.0
-70.0
-70.0
-70.0
-65.1895979271
-62.4637034192
-61.0793766005
-60.5461346225
-54.1215651953
0
-70.0
-70.0
-70.0
-70.0
-70.0
-70.0
-70.0
-70.0
-70.0
-70.0
-65.8279231824
-63.4637463192
-62.2631153239
-61.8006328826
-55.3767025686
0
-70.0
-70.0
-70.0
-70.0
-70.0
-70.0
-70.0
-70.0
-70.0
-70.0
-65.3005365799
-62.6375073085
-61.2851061687
-60.7641619459
-54.3397035942
0
-70.0
-70.0
-70.0
-70.0
-70.0
-70.0
-70.0
-70.0
-70.0
-70.0
-65.499654321
-62.9494584362
-61.6543589575
-61.155487305
-54.7312283169
0
-70.0
-70.0
-70.0
-70.0
-70.0
-70.0
-70.0
-70.0
-70.0
-70.0
-66.5229026063
-64.5525474166
-63.5519160555
-63.1664733703
-56.7432388938
0
-70.0
-70.0
-70.0
-70.0
-70.0
-70.0
-70.0
-70.0
-70.0
-70.0
-66.653920439
-64.7578086877
-63.7948813474
-63.4239622316
-57.0008589346
0
-70.0
-70.0
-70.0
-70.0
-70.0
-70.0
-70.0
-70.0
-70.0
-70.0
-65.417244424
-62.8203495976
-61.5015343819
-60.9935274397
-54.56918594
0
-70.0
-70.0
-70.0
-70.0
-70.0
-70.0
-70.0
-70.0
-70.0
-70.0
-65.3814760505
-62.7643124792
-61.4352039204
-60.9232319877
-54.4988546755
0
-70.0
-70.0
-70.0
-70.0
-70.0
-70.0
-70.0
-70.0
-70.0
-70.0
-65.5276634659
-62.99333943
-61.7063003607
-61.2105335738
-54.7863026295
0
-70.0
-70.0
-70.0
-70.0
-70.0
-70.0
-70.0
-70.0
-70.0
-70.0
-66.5338966621
-64.5697714373
-63.5723039212
-63.1880799474
-56.7648564785
0
-70.0
-70.0
-70.0
-70.0
-70.0
-70.0
-70.0
-70.0
-70.0
-70.0
-66.8210553269
-65.0196533455
-64.1048237118
-63.7524318079
-57.3294958522
0
-70.0
-70.0
-70.0
-70.0
-70.0
-70.0
-70.0
-70.0
-70.0
-70.0
-65.6793287511
-63.2309483767
-61.9875552062
-61.508600797
-55.0845217052
0
-70.0
-70.0
-70.0
-70.0
-70.0
-70.0
-70.0
-70.0
-70.0
-70.0
-65.7829514361
-63.3932905833
-62.1797177188
-61.7122500761
-55.2882747349
0
-70.0
-70.0
-70.0
-70.0
-70.0
-70.0
-70.0
-70.0
-70.0
-70.0
-65.2785198974
-62.6030145059
-61.2442774542
-60.7208926413
-54.2964122458
0
-70.0
-70.0
-70.0
-70.0
-70.0
-70.0
-70.0
-70.0
-70.0
-70.0
-66.8147983539
-65.0098507545
-64.093220503
-63.740135002
-57.3171927816
0
-70.0
-70.0
-70.0
-70.0
-70.0
-70.0
-70.0
-70.0
-70.0
-70.0
-67.6139405578
-66.2618402073
-65.5751853234
-65.3106862156
-58.888544124
-55.4056407315
0
-70.0
-70.0
-70.0
-70.0
-70.0
-70.0
-70.0
-70.0
-70.0
-70.0
-70.0
-70.0
-70.0
-63.8334194313
-60.3390237757
-58.5644189232
-57.8808420476
0
-70.0
-70.0
-70.0
-70.0
-70.0
-70.0
-70.0
-70.0
-70.0
-70.0
-70.0
-64.645967383
-61.6120155667
-60.0712439581
-59.4777395276
0
-70.0
-70.0
-70.0
-70.0
-70.0
-70.0
-70.0
-70.0
-70.0
-70.0
-70.0
-64.6000495859
-61.5400776846
-59.9860919544
-59.3874974511
0
-70.0
-70.0
-70.0
-70.0
-70.0
-70.0
-70.0
-70.0
-70.0
-70.0
-70.0
-64.7196492405
-61.7274504767
-60.2078828693
-59.6225462091
0
-70.0
-70.0
-70.0
-70.0
-70.0
-70.0
-70.0
-70.0
-70.0
-70.0
-70.0
-64.3657056351
-61.1729388284
-59.5515141167
-58.9269421525
0
-70.0
-70.0
-70.0
-70.0
-70.0
-70.0
-70.0
-70.0
-70.0
-70.0
-70.0
-65.118837982
-62.3528461718
-60.9481562133
-60.4070703644
0
-70.0
-70.0
-70.0
-70.0
-70.0
-70.0
-70.0
-70.0
-70.0
-70.0
-70.0
-65.4285078494
-62.8379956307
-61.5224217785
-61.0156634079
-54.5913331855
0
-70.0
-70.0
