-67.85
-65.915
-64.1735
-62.60615
-61.195535
-59.9259815
-58.78338335
-57.755045015
-56.8295405135
-56.8165864621
-56.5315944826
-56.0928794788
-56.7765544939
-60.2608743531
-62.6894371236
-64.6735935484
-65.3249676183
-65.1549598064
-64.4977897923
-63.5702281241
-62.5113501857
-61.4089784165
-60.3172560744
-58.4483141334
-56.9953384976
-55.8403751662
-55.7227179952
-55.4113664261
-55.8141766037
-55.8120568235
-55.567049728
-55.4344771464
-55.8537843592
-59.1602425416
-61.588776033
-62.7596035934
-62.1667800098
-61.355526526
-60.4402568849
-59.4930865374
-58.558348111
-57.6622267847
-56.8191464295
-56.0359933354
-56.1349017011
-55.9397499971
-54.7546673082
0
-70.0
-70.0
-70.0
-70.0
-70.0
-70.0
-70.0
-69.5434183236
-68.5680220403
-66.4938502023
-64.6495520928
-63.0046548239
-61.5342279685
-60.2174975897
-59.0368761093
-57.9772740175
-57.0256036285
-56.1704146075
-55.4016207079
-54.8102903446
-55.5651491151
-57.632559407
-60.4185869351
-62.4429172209
-63.242751485
-63.2312269939
-62.7332713995
-61.1400556628
-59.7627910321
-58.5610058859
-57.5045679353
-57.3905529005
-57.8457921162
-57.8074092418
-57.5241325424
-57.2533621047
-57.3491211052
-58.4816058021
-59.0783764268
-58.313826254
-57.5279686086
-55.9355217343
-54.8322028853
-55.2291381464
-55.7429946982
-57.2798754726
-58.3593414216
-58.8283762769
-58.8155179808
-58.4639524038
-58.7408813108
-58.5656759447
-58.1250301935
-57.539808403
-57.4873483819
-58.1562940899
-59.535785045
-60.5956201166
-61.0783338223
-60.9486842517
-60.4559383676
-59.7617595582
-58.9698602873
-58.1457253818
-57.3297202592
-56.5457931769
-55.8572438217
-55.5488727478
-55.5288876786
-55.2626003811
-56.0774079899
-56.9637122888
-57.4133711252
-57.3860540562
-57.893462013
-57.8847913866
-56.7467626312
-56.6090532902
-56.2561259093
-55.7858319505
-55.3107945101
-54.8987455623
-56.5082246748
-59.0769713198
-61.4856535962
-62.5980078421
-63.615486795
-63.7221246068
-63.2787031404
-62.5200268225
-61.5974868044
-61.4273799
-60.894403094
-60.2414702407
-70.0
-70.0
-70.0
-70.0
-69.5142725868
-68.522360386
-67.2598010526
-65.8769387509
-64.4679900781
-63.0903545385
-61.7774280635
-60.547091243
-59.4073194426
-58.3598790476
-57.4527521757
-56.8100509801
-57.0474285633
-59.3549408278
-69.3776168256
-70.0
-70.0
-70.0
-68.9279101394
-67.003725885
-65.2324244696
-63.611896138
-62.1358492678
-60.7956928367
-59.6317425502
-58.7123142933
-58.8702468627
-60.1693315089
-61.1898045797
-64.3790949361
-70.0
-70.0
-70.0
-69.1017571979
-67.2760862767
-65.5548141815
-66.5735571183
-70.0
-70.0
-70.0
-70.0
-70.0
-70.0
-69.6985371365
-69.6310415138
-68.8861760897
-67.7597176323
-66.4418519701
-70.0
-70.0
-70.0
-70.0
-70.0
-67.9033865438
-65.9986389187
-63.5025023796
-61.9547370436
-62.1775866071
-63.2853767917
-63.4372050094
-63.9803951063
-69.4902959943
-70.0
-70.0
-70.0
-70.0
-70.0
-67.6735777579
-65.638605154
-63.8463347533
-62.259428021
-60.898636381
-59.7188735176
-59.337053349
-60.8467261362
-64.5609722706
-70.0
-70.0
-70.0
-70.0
-68.8464008228
-67.4760279557
-66.0212699703
-64.5643728467
-63.9747554776
-63.2051598736
-62.3532305154
-61.78029855
-66.8438627524
-70.0
-70.0
-70.0
-69.8310556163
-68.4186537988
-66.9072575817
-65.3868445988
-63.911701989
-62.5128930235
-61.2065112101
-59.9991317484
-58.8913996798
-57.9303804493
-59.309422896
-64.7265342675
-70.0
-70.0
-70.0
-70.0
-70.0
-68.7585808427
-67.3384433202
-65.858412696
-64.391780565
-62.9820752675
-61.6535162468
-59.5979302928
-59.7146477107
-61.510856571
-70.0
-70.0
-70.0
-69.3207750383
-70.0
-69.9170111281
-69.2033174341
-68.0849906365
-66.7611615367
-65.3581586923
-63.9544183626
-62.597026886
-61.3126911039
-63.6349999311
-70.0
-70.0
-70.0
-70.0
-69.8368909218
-69.0277957775
-67.8580788317
-66.5109793698
-65.1023537137
-63.7037665296
-62.3578220014
-61.0883278845
-59.9070204849
-59.0680020289
-59.062324221
-60.6568400623
-68.638321565
-70.0
-70.0
-70.0
-68.4348721993
-66.2312997789
-64.3181130007
-61.8229305004
-59.8817233169
-58.3376082296
-57.0832189028
-56.14447801
-55.7764175407
-56.1630340077
-57.639569421
-59.520838355
-60.7322384368
-70.0
-70.0
-70.0
-70.0
-69.8558908862
-67.0375623884
-64.7286465435
-62.8023421517
-61.1698147783
-60.1179711949
-60.3495993384
-61.5935895799
-64.3035307388
-66.0527110762
-70.0
-70.0
-70.0
-70.0
-70.0
-69.7558849634
-68.9008864427
-66.8878577821
-65.0671119931
-63.6224274532
-62.3315358142
-62.195949637
-62.9280662761
-62.886400717
-63.281854691
-70.0
-70.0
-70.0
-70.0
-68.1552304916
-66.3931944369
-63.9195329894
-61.921351688
-60.4250645176
-59.7297900647
-59.6382990575
-59.7621278179
-59.6110208136
-59.1999892505
-58.5967040043
-57.9481760565
-57.2941200859
-58.4085491673
-69.446921644
-70.0
-70.0
-70.0
-69.1972547937
-68.2756991769
-67.5135758342
-66.6225159674
-65.4837961818
-64.234437771
-62.9603414655
-61.7138723
-65.0255283908
-70.0
-70.0
-70.0
-70.0
-67.9475201081
-66.4177815027
-64.952678956
-64.3451947961
-63.5525311403
-62.5751819088
-60.7495996396
-59.2959302901
-62.7138643374
-70.0
-70.0
-70.0
-70.0
-69.6675755821
-68.7625350786
-68.3640929405
-67.4628912263
-66.2900738236
-64.9933809212
-63.6655858157
-62.3633892252
-61.9399582968
-63.0879011298
-70.0
-70.0
-70.0
-70.0
-70.0
-70.0
-68.6000174435
-67.0900273281
-65.5643656812
-64.0801565038
-62.6702924472
-61.3520309316
-60.9526729912
-60.2979691273
-65.8118811714
-70.0
-70.0
-70.0
-69.9996215223
-69.032740385
-67.7681870231
-66.3671821052
-64.9310064176
-64.3416007911
-63.4599040555
-62.4322225456
-61.4012062215
-60.6525562197
-63.7782810113
-70.0
-70.0
-70.0
-68.4630331681
-66.87541863
-65.3103359529
-63.8109418148
-62.4009406048
-61.911575192
-61.1709034379
-61.1241369375
-60.8752724727
-60.8134447114
-64.2158998975
-70.0
-70.0
-70.0
-70.0
-69.3666320536
-67.691056884
-66.1260098861
-64.8994480245
-63.0168626401
-65.8234159881
-65.6799007973
-69.3211283229
-70.0
-70.0
-70.0
-70.0
-70.0
-68.3162138913
-67.465401763
-66.3227344273
-65.0930428783
-63.8521265196
-62.6458391537
-65.5705387624
-70.0
-70.0
-70.0
-70.0
-69.8477245793
-68.6947685076
-69.1798359143
-67.7315484945
-67.1715244261
-66.8131258376
-68.5876491565
-70.0
-70.0
-70.0
-70.0
-70.0
-69.0242160463
-67.8546051392
-66.9576850904
-66.3042768913
-65.3687560756
-63.5751517169
-62.0964840445
-60.7560673062
-60.4432816864
-65.4775009249
-70.0
-70.0
-70.0
-70.0
-69.9962696174
-69.2774890673
-68.1536377683
-66.8242057299
-65.4157396493
-64.0068020126
-62.6445460301
-61.355707573
-60.1538809129
-59.1443222198
-60.6037762633
-69.0759894806
-70.0
-70.0
-70.0
-68.3922401666
-66.7645095944
-65.2290542646
-64.0001459245
-63.0961293897
-62.4171818225
-62.4959072214
-67.84661222
-70.0
-70.0
-70.0
-68.5763547103
-67.3529557128
-66.7404844572
-66.3649855552
-65.6441866956
-64.6402344899
-63.4998553502
-62.315632688
-61.1445780011
-63.6204592556
-70.0
-70.0
-70.0
-70.0
-69.5218141965
-68.6341755745
-67.9304532155
-67.0105380262
-65.9415709785
-64.7688050505
-62.7028519921
-61.0898517573
-63.7823898912
-70.0
-70.0
-70.0
-70.0
-68.4619701478
-66.8737532315
-65.3083646407
-63.8088526648
-62.3988503905
-62.8095540129
-62.8789910526
-63.1413535746
-70.0
-70.0
-70.0
-70.0
-70.0
-70.0
-70.0
-70.0
-70.0
-70.0
-70.0
-70.0
-70.0
-70.0
-67.8672837438
-66.8420778654
-65.9155517427
-66.8791176778
-66.9446199828
-70.0
-70.0
-69.8750856512
-70.0
-69.6867047339
-67.5925040831
-65.6995668898
-63.9904856775
-62.4986874276
-70.0
-70.0
-70.0
-70.0
-68.5659341982
-67.0366302439
-66.4211601965
-65.5045061615
-64.5876968685
-63.6013547304
-62.5561709565
-61.5605216603
-62.7777813605
-70.0
-70.0
-70.0
