-70.0
-63.0
-59.0333333333
-57.0188888889
-56.2429259259
-57.235917284
0
-70.0
-70.0
-70.0
-70.0
-70.0
-70.0
-70.0
-70.0
-70.0
-70.0
-70.0
-70.0
-70.0
-70.0
-70.0
-70.0
-70.0
-70.0
-70.0
-70.0
-70.0
-69.5950638691
-68.4533915568
-67.8199417842
-67.5125405279
-67.4110150898
-67.4363993239
-68.5370753976
-69.2462451953
-69.696872234
-69.9773527161
-70.0
-70.0
-70.0
-70.0
-70.0
-70.0
-70.0
-70.0
-70.0
-70.0
-70.0
-63.1770592578
-59.3107261706
0
-70.0
-70.0
-70.0
-70.0
-70.0
-70.0
-70.0
-70.0
-70.0
-70.0
-70.0
-70.0
-70.0
-70.0
-70.0
-70.0
-70.0
-70.0
-70.0
-70.0
-70.0
-70.0
-70.0
-70.0
-70.0
-70.0
-70.0
-70.0
-70.0
-70.0
-70.0
-70.0
-70.0
-70.0
-70.0
-70.0
-70.0
-70.0
-70.0
-70.0
-67.2202706849
-63.3117574063
-61.1895908589
-60.2099712352
-59.9485337532
-61.1244364806
-62.1258302343
-61.9893392979
-55.5841604036
-57.0988678487
-65.6603333109
-70.0
-70.0
-69.5806679481
-69.343046452
-69.222372006
-65.0524314813
-63.0487194505
-62.0782015837
-61.7599508108
-61.8436686534
-62.1657770705
-62.620182885
-70.0
-70.0
-70.0
-70.0
-70.0
-70.0
-70.0
-70.0
-70.0
-64.2732682867
-61.0281203158
-59.3800941894
-58.745275374
-58.7395415722
-59.653650547
-66.1296408186
-70.0
-70.0
-70.0
-70.0
-70.0
-63.7875858874
-60.2672178903
-58.4794231623
-58.7647532586
-59.3104595411
-62.3121321867
-70.0
-70.0
-70.0
-70.0
-70.0
-70.0
-70.0
-70.0
-70.0
-70.0
-70.0
-69.4226375304
-70.0
-70.0
-70.0
-70.0
-70.0
-70.0
-70.0
-70.0
-70.0
-70.0
-70.0
-70.0
-70.0
-70.0
-70.0
-70.0
-70.0
-70.0
-70.0
-70.0
-70.0
-70.0
-70.0
-70.0
-70.0
-70.0
-70.0
-70.0
-70.0
-69.4024203086
-69.0637918169
-68.8918216612
-68.8255788458
-69.2831105598
-70.0
-70.0
-70.0
-70.0
-70.0
-70.0
-70.0
-70.0
-70.0
-70.0
-70.0
-70.0
-70.0
-70.0
-70.0
-70.0
-70.0
-70.0
-70.0
-70.0
-70.0
-70.0
-70.0
-70.0
-70.0
-70.0
-70.0
-70.0
-70.0
-70.0
-70.0
-70.0
-70.0
-70.0
-70.0
-67.7776906509
-66.5183820197
-65.8788507737
-65.6325036669
-64.6304122712
-64.2081436913
-64.1478444204
-64.3067367105
-65.1575725371
-70.0
-70.0
-70.0
-70.0
-70.0
-70.0
-70.0
-70.0
-70.0
-70.0
-70.0
-70.0
-70.0
-70.0
-70.0
-70.0
-70.0
-70.0
-70.0
-70.0
-70.0
-70.0
-70.0
-70.0
-70.0
-70.0
-70.0
-70.0
-70.0
-70.0
-70.0
-70.0
-70.0
-70.0
-70.0
-70.0
-70.0
-70.0
-70.0
-70.0
-70.0
-70.0
-70.0
-70.0
-70.0
-70.0
-70.0
-70.0
-70.0
-70.0
-70.0
-70.0
-70.0
-70.0
-70.0
-70.0
-70.0
-70.0
-70.0
-70.0
-70.0
-70.0
-70.0
-69.3891307553
-69.0429715166
-68.8671769229
-68.7994609358
-68.7988493124
-70.0
-70.0
-70.0
-70.0
-70.0
-70.0
-70.0
-70.0
-70.0
-70.0
-70.0
-70.0
-70.0
-70.0
-70.0
-70.0
-70.0
-70.0
-70.0
-67.382028471
-66.1404557157
-65.5241635387
-65.3035827812
-65.3277815673
-65.4980414534
-65.75026267
-66.0432533109
-67.4166842701
-70.0
-70.0
-70.0
-70.0
-70.0
-70.0
-70.0
-70.0
-70.0
-70.0
-70.0
-70.0
-70.0
-70.0
-70.0
-70.0
-70.0
-70.0
-70.0
-70.0
-70.0
-64.2212047815
-61.946353672
-56.0488004901
0
-70.0
-70.0
-70.0
-70.0
-70.0
-70.0
-70.0
-70.0
-70.0
-70.0
-70.0
-70.0
-70.0
-69.7107547002
-62.5575061022
-56.18030674
0
-70.0
-70.0
-70.0
-70.0
-70.0
-70.0
-70.0
-70.0
-70.0
-70.0
-70.0
-63.7071543131
-60.1412084238
-58.5876877588
-67.5416827663
-70.0
-70.0
-70.0
-70.0
-70.0
-70.0
-70.0
-70.0
-70.0
-70.0
-70.0
-70.0
-70.0
-70.0
-70.0
-70.0
-70.0
-70.0
-70.0
-70.0
-70.0
-70.0
-70.0
-70.0
-70.0
-70.0
-70.0
-69.2643392238
-68.8474647839
-70.0
-68.6477287186
-66.7117079122
-65.6597051647
-65.1731800106
-65.0421589179
-64.3263384958
-64.0859682927
-64.1388805611
-64.3659985701
-64.6900694231
-65.0615096209
-67.3828006753
-70.0
-70.0
-70.0
-70.0
-70.0
-70.0
-70.0
-70.0
-70.0
-70.0
-70.0
-70.0
-69.4832036915
-69.19035245
-62.3224581905
-68.2137413674
-70.0
-70.0
-70.0
-70.0
-70.0
-70.0
-70.0
-70.0
-70.0
-69.4929326737
-69.2055945221
-62.0956394313
-58.0931450625
-58.3972036422
-62.6961222981
-70.0
-70.0
-70.0
-70.0
-70.0
-70.0
-70.0
-70.0
-70.0
-70.0
-70.0
-70.0
-70.0
-70.0
-70.0
-70.0
-70.0
-70.0
-70.0
-70.0
-66.3864895334
-64.3388336023
-63.2989455902
-62.8983812633
-62.8947632917
-62.1301103719
-55.5481887406
0
-70.0
-70.0
-70.0
-70.0
-70.0
-70.0
-70.0
-70.0
-70.0
-70.0
-70.0
-70.0
-70.0
-69.7670574901
-70.0
-70.0
-70.0
-70.0
-70.0
-70.0
-70.0
-70.0
-70.0
-70.0
-70.0
-70.0
-70.0
-70.0
-70.0
-70.0
-70.0
-70.0
-70.0
-70.0
-70.0
-70.0
-70.0
-70.0
-70.0
-70.0
-70.0
-70.0
-70.0
-70.0
-70.0
-70.0
-70.0
-70.0
-70.0
-70.0
-70.0
-70.0
-69.4646968976
-68.8280251395
-62.406898613
-58.8073260766
-57.0206716856
-56.3813233281
-56.4516702027
-58.8292058114
-63.5524443089
-69.9942922402
-70.0
-70.0
-70.0
-70.0
-70.0
-70.0
-70.0
-69.5807703436
-69.0098735384
-68.7003396706
-68.5579413609
-68.5205709964
-70.0
-70.0
-70.0
-70.0
-70.0
-70.0
-70.0
-70.0
-70.0
-70.0
-70.0
-70.0
-70.0
-70.0
-69.4480977711
-70.0
-70.0
-70.0
-70.0
-70.0
-70.0
-70.0
-70.0
-70.0
-70.0
-63.7254084816
-60.1698066211
-57.8085630619
-56.7981981577
-56.6320392766
-60.7360797836
-70.0
-70.0
-70.0
-70.0
-70.0
-70.0
-66.790360443
-65.9681392067
-65.6092018247
-65.5401993346
-65.6474578628
-65.8568977176
-59.7352055063
-56.4043499959
-54.8590250232
-59.6125687859
-70.0
-70.0
-70.0
-70.0
-70.0
-70.0
-70.0
-70.0
-70.0
-70.0
-70.0
-70.0
-70.0
-70.0
-70.0
-70.0
-70.0
-70.0
-70.0
-70.0
-64.9426854063
-59.7435404699
-56.4103799368
-54.5301376191
0
-70.0
-70.0
-70.0
-70.0
-70.0
-70.0
-70.0
-70.0
-70.0
-68.4154081248
-66.5251800755
-65.5068705767
-65.0456558583
-64.2303681282
-64.9075042577
-65.4835357934
-65.9797035218
-66.4114140414
-68.4725588492
-70.0
-70.0
-70.0
-70.0
-70.0
-70.0
-70.0
-65.9149492981
-63.6000872337
-58.5356115317
-55.8790723928
0
-70.0
-70.0
-70.0
-70.0
-70.0
-70.0
-70.0
-70.0
-70.0
-70.0
-70.0
-70.0
-70.0
-70.0
-70.0
-70.0
-69.4611610941
-70.0
-70.0
-69.5262977789
-70.0
-70.0
-70.0
-70.0
-70.0
-70.0
-70.0
-70.0
-70.0
-70.0
-70.0
-70.0
-70.0
-68.5152090967
-67.6738275848
-68.1148505154
-68.4423025899
-68.6906970816
-68.8833772073
-69.0362060424
-69.1600298088
-69.2623230749
-69.8166410438
-70.0
-70.0
-70.0
-70.0
-70.0
-70.0
-70.0
-70.0
-70.0
-70.0
-70.0
-70.0
-69.2205189568
-68.7788130323
-70.0
-70.0
-70.0
-70.0
-70.0
-70.0
-70.0
-70.0
-70.0
-70.0
-70.0
-70.0
-70.0
-70.0
-70.0
-70.0
-70.0
-70.0
-70.0
-70.0
-70.0
-70.0
-63.6744946395
-60.0900416019
-54.3808128371
0
-70.0
-70.0
-70.0
-70.0
-70.0
-70.0
-70.0
-70.0
-70.0
-70.0
-70.0
-70.0
-70.0
-70.0
-70.0
-69.6144559084
-69.3959809232
-69.2850299013
-70.0
-70.0
-70.0
-70.0
-70.0
-70.0
-70.0
-70.0
-70.0
-70.0
-70.0
-70.0
-70.0
-70.0
-70.0
-70.0
-70.0
-67.7538286122
-70.0
-70.0
-70.0
-70.0
-70.0
-70.0
-70.0
-70.0
-70.0
-70.0
-70.0
-70.0
-70.0
-62.3078427198
-60.2207920915
-69.7950510607
-70.0
-70.0
-70.0
-70.0
-70.0
-70.0
-70.0
-70.0
-70.0
-70.0
-70.0
-70.0
-70.0
-70.0
-70.0
-70.0
-70.0
-70.0
-70.0
-70.0
-70.0
-70.0
-70.0
-70.0
-70.0
-63.8582096651
-60.3778618087
-58.8682546897
-65.9628915257
-70.0
-70.0
-70.0
-70.0
-70.0
-67.1024270007
-65.4604689678
-64.6266118491
-64.3054105162
-64.302509366
-64.4906850303
-64.7872342612
-65.1389226577
-67.0938273321
-70.0
-70.0
-70.0
-70.0
-70.0
-70.0
-70.0
-70.0
-65.2908968937
-62.6224051335
-60.2932422012
-59.219303035
-58.9342961009
-59.132148737
-65.2344617717
-70.0
-70.0
-70.0
-70.0
-70.0
-68.4386777022
-66.5654894201
-65.5560601368
-65.0985338957
-64.9874003544
-65.0878068845
-65.4428011764
-65.807704379
-66.1663894879
-67.4860165837
-70.0
-70.0
-70.0
-70.0
-70.0
-70.0
-70.0
-70.0
-70.0
-70.0
-70.0
-69.5783480031
-70.0
-70.0
-70.0
-70.0
-70.0
-70.0
-70.0
-70.0
-70.0
-70.0
-70.0
-70.0
-63.0159779833
-58.7250321739
-56.5262969491
-55.6561792492
-54.908532284
-54.928906184
-56.7985863086
-60.4560014335
-60.1965350559
-61.041471675
-63.425819322
-64.1633587613
-65.8003777296
-66.9225765197
-66.9947728727
-66.8049315887
-66.7975290987
-66.8998366347
-67.97676844
-69.2223474501
-70.0
-70.0
-70.0
-70.0
-70.0
-70.0
-70.0
-70.0
-70.0
-70.0
-70.0
-69.6051075173
-69.3813351105
-69.2676938294
-70.0
-70.0
-70.0
-70.0
-70.0
-70.0
-70.0
-70.0
-70.0
-70.0
-69.3909267826
-69.0457852927
-68.8705075556
-68.8029906616
-68.8023808364
-68.8419355801
-70.0
-70.0
-70.0
-70.0
-70.0
-70.0
-68.4010121415
-67.4949190217
-67.034765849
-61.9315891579
-59.1386301713
-57.8249004403
-57.4424992537
-57.6316418999
-58.157406091
-59.1301156825
-61.1688970806
-69.8266638123
-70.0
-70.0
-70.0
-70.0
-70.0
-70.0
-70.0
-70.0
-70.0
-70.0
-70.0
-70.0
-70.0
-66.0901903702
-70.0
-70.0
-70.0
-70.0
-70.0
-70.0
-65.6266031713
-63.1483449684
-61.8897785477
-60.4049797156
-59.8339344258
-59.8301761044
-60.1669152414
-61.4283238454
-65.7728206794
-70.0
-70.0
-70.0
-70.0
-70.0
-70.0
-70.0
-70.0
-70.0
-70.0
-70.0
-70.0
-70.0
-70.0
-70.0
-70.0
-70.0
-70.0
-70.0
-70.0
-70.0
-70.0
-70.0
-70.0
-70.0
-70.0
-70.0
-70.0
-70.0
-70.0
-70.0
-70.0
-70.0
-70.0
-70.0
-70.0
-70.0
-70.0
-70.0
-70.0
-70.0
-70.0
-70.0
-70.0
-70.0
-70.0
-70.0
-70.0
-70.0
-70.0
-70.0
-70.0
-70.0
-70.0
-69.0916246208
-68.8968929532
-69.7939405025
-70.0
-70.0
-70.0
-67.405178651
-64.9933075501
-63.7130746378
-63.1544990692
-57.7265494379
-54.8788946778
0
-70.0
-70.0
-70.0
-70.0
-70.0
-70.0
-70.0
-70.0
-70.0
-70.0
-70.0
-70.0
-70.0
-70.0
-70.0
-70.0
-70.0
-70.0
-70.0
-70.0
-70.0
-70.0
-67.8569139098
-66.6424984586
-66.025765906
-64.7882125782
-64.2194068289
-64.0708098183
-57.7938317511
-54.4345171858
0
-70.0
-70.0
-70.0
-70.0
-70.0
-70.0
-70.0
-70.0
-67.1279820819
-63.1671719284
-61.0184467719
-56.1397078968
0
-70.0
-70.0
-70.0
-70.0
-70.0
-70.0
-70.0
-70.0
-70.0
-70.0
-70.0
-70.0
-70.0
-70.0
-70.0
-70.0
-70.0
-70.0
-70.0
-70.0
-70.0
-70.0
-70.0
-70.0
-70.0
-70.0
-70.0
-70.0
-70.0
-70.0
-70.0
-70.0
-70.0
-63.7068965543
-60.4386229298
-60.0788655644
-65.1304009774
-70.0
-70.0
-70.0
-70.0
-70.0
-70.0
-65.0792559906
-62.2908343852
-59.8920951391
-58.7897817535
-59.3045367994
-60.2698560903
-66.2585776525
-70.0
-70.0
-70.0
-70.0
-70.0
-70.0
-70.0
-70.0
-70.0
-70.0
-70.0
-70.0
-70.0
-70.0
-70.0
-70.0
-70.0
-70.0
-70.0
-70.0
-70.0
-64.7326055248
-61.7477486555
-60.2319095787
-54.7220832207
0
-70.0
-70.0
-70.0
-70.0
-70.0
-70.0
-70.0
-65.9718299546
-62.9854965585
-62.339721807
-61.652044007
-61.5177025267
-61.7198408877
-62.117129208
-65.4125666021
-70.0
-70.0
-70.0
-70.0
-66.9056463744
-64.5966237644
-63.3913227396
-62.3328758111
-56.3360945097
0
-70.0
-70.0
-70.0
-70.0
-70.0
-70.0
-70.0
-70.0
-70.0
-70.0
-70.0
-70.0
-70.0
-63.9252288271
-60.4828584958
-58.7346743472
-58.0612747131
-58.0551924422
-58.4497033316
-59.3213476978
-70.0
-70.0
-70.0
-70.0
-70.0
-70.0
-70.0
-70.0
-66.213153647
-64.0672740469
-63.5330593742
-63.4280952581
-63.5841802799
-63.8916919503
-64.2798092208
-65.4600489688
-69.9000065289
-70.0
-70.0
-70.0
-70.0
-70.0
-70.0
-70.0
-70.0
-70.0
-70.0
-70.0
-70.0
-70.0
-70.0
-70.0
-67.0033992925
-65.3053255582
-64.4429704657
-64.110791728
-64.1077914278
-64.3023982001
-64.6090823234
-64.9727900533
-64.6206493421
-70.0
-70.0
-70.0
-70.0
-70.0
-70.0
-70.0
-70.0
-70.0
-63.929222016
-59.5006755118
-57.1935250921
-56.2361173373
-55.4167650694
-58.2174500919
-67.8401021058
-70.0
-70.0
-69.3458934376
-68.9752330522
-68.7869957193
-68.7144867955
-67.7398441763
-61.1522078318
-55.1612190974
0
-70.0
-70.0
-70.0
-70.0
-70.0
-70.0
-70.0
-70.0
-70.0
-70.0
-70.0
-70.0
-70.0
-63.4218728227
-59.6942674222
-60.527534943
-70.0
-70.0
-70.0
-70.0
-70.0
-70.0
-70.0
-70.0
-70.0
-69.4995946842
-62.489160768
-58.5332617261
-56.54194691
-55.7957597901
-58.1146363035
-68.7118446788
-70.0
-70.0
-70.0
-70.0
-70.0
-70.0
-70.0
-70.0
-70.0
-70.0
-70.0
-70.0
-70.0
-70.0
-70.0
-70.0
-70.0
-70.0
-70.0
-70.0
-70.0
-70.0
-70.0
-70.0
-70.0
-70.0
-63.5463505037
-59.8892824558
-58.0320655452
-57.3166665473
-58.3091899711
-65.695124993
-70.0
-70.0
-70.0
-70.0
-70.0
-66.1603406104
-63.9845336229
-62.8795649764
-62.4366791974
-62.4230584235
-63.2230062339
-57.5434151787
-54.5508800397
0
-70.0
-70.0
-70.0
-70.0
-70.0
-70.0
-70.0
-70.0
-70.0
-70.0
-63.4644618341
-59.7609902067
-57.8802075568
-56.3532619124
-60.703097771
-70.0
-70.0
-70.0
-70.0
-70.0
-70.0
-70.0
-70.0
-70.0
-70.0
-70.0
-70.0
-63.4091672687
-60.628551424
-65.3658964124
-70.0
-70.0
-70.0
-67.209215252
-65.6277705615
-64.8246447285
-64.515281071
-64.5124868409
-64.6937274081
-64.9793475015
-65.3180746408
-65.9451250788
-68.4518446064
-70.0
-70.0
-70.0
-70.0
-70.0
-66.1363211336
-63.9469031093
-62.835022191
-62.4067262337
-62.4028577849
-62.6537747894
-63.0491991658
-63.5181471528
-66.9492088128
-70.0
-70.0
-70.0
-70.0
-70.0
-70.0
-70.0
-70.0
-70.0
-70.0
-70.0
-70.0
-70.0
-70.0
-70.0
-70.0
-70.0
-70.0
-70.0
-70.0
-70.0
-70.0
-70.0
-70.0
-70.0
-70.0
-70.0
-70.0
-70.0
-70.0
-70.0
-70.0
-70.0
-70.0
-70.0
-70.0
-69.5097559246
-68.3636381913
-67.730512945
-67.4262873657
-67.3295424392
-67.3605107354
-67.4670746886
-67.6154439042
-67.7839506368
-70.0
-70.0
-70.0
-70.0
-70.0
-70.0
-70.0
-65.0427667682
-62.2336679368
-60.8070863734
-60.2575678896
-60.2526045363
-60.5745397065
-61.0818828183
-62.9998988993
-70.0
-70.0
-70.0
-70.0
-70.0
-70.0
-66.9185302185
-65.1723640089
-64.4501945364
-64.2018863684
-64.2461719219
-64.4645375233
-64.7800723
-65.1433907561
-65.5232688045
-70.0
-70.0
-70.0
-70.0
-70.0
-70.0
-70.0
-70.0
-64.3815569587
-61.1977725687
-59.5809095157
-59.9320824052
-54.8610994414
0
-70.0
-70.0
-70.0
-70.0
-70.0
-70.0
-70.0
-70.0
-70.0
-70.0
-70.0
-70.0
-70.0
-70.0
-70.0
-70.0
-70.0
-70.0
-70.0
-70.0
-70.0
-70.0
-62.8376224781
-59.0248679031
-59.6456172322
-62.4105737502
-68.2557017161
-70.0
-70.0
-70.0
-70.0
-69.7409814145
-70.0
-63.6273362039
-60.0161600527
-59.1537027307
-59.7995204594
-64.532604356
-70.0
-70.0
-70.0
-70.0
-70.0
-70.0
-70.0
-70.0
-70.0
-70.0
-70.0
-70.0
-67.3930779027
-70.0
-70.0
-70.0
-70.0
-70.0
-70.0
-70.0
-70.0
-70.0
-70.0
-70.0
-70.0
-70.0
-70.0
-70.0
-70.0
-70.0
-70.0
-70.0
-70.0
-70.0
-70.0
-70.0
-63.7489641253
-60.206710463
-58.4078012502
-57.7148623475
-63.4312172452
-70.0
-70.0
-70.0
-70.0
-70.0
-70.0
-70.0
-70.0
-70.0
-70.0
-70.0
-70.0
-63.6848875632
-70.0
-70.0
-70.0
-70.0
-70.0
-67.3910590628
-65.9126591984
-65.1618639732
-64.8726580389
-64.8700458771
-65.0394770507
-58.9210269863
0
-70.0
-70.0
-70.0
-70.0
-70.0
-70.0
-70.0
-70.0
-70.0
-70.0
-64.5373692494
-61.4418784907
-59.8698547525
-59.2643120178
-59.258842643
-60.8147753851
-70.0
-70.0
-70.0
-70.0
-70.0
-70.0
-70.0
-70.0
-70.0
-70.0
-70.0
-70.0
-70.0
-63.3366557159
-59.5607606216
-57.6431982109
-57.3849545761
-65.59940984
-70.0
-70.0
-70.0
-70.0
-70.0
-70.0
-70.0
-70.0
-70.0
-70.0
-70.0
-70.0
-70.0
-70.0
-70.0
-70.0
-70.0
-70.0
-70.0
-70.0
-70.0
-70.0
-70.0
-69.5415776933
-69.2818050528
-69.1498813001
-70.0
-70.0
-70.0
-70.0
-70.0
-70.0
-70.0
-67.4117275944
-65.9450398979
-65.2001926168
-64.9132778275
-64.9106863597
-65.078775267
-65.3436694359
-65.657816956
-70.0
-70.0
-70.0
-70.0
-70.0
-70.0
-70.0
-70.0
-70.0
-70.0
-70.0
-70.0
-70.0
-70.0
-70.0
-70.0
-70.0
-70.0
-70.0
-70.0
-70.0
-70.0
-70.0
-70.0
-70.0
-70.0
-70.0
-70.0
-70.0
-70.0
-70.0
-70.0
-70.0
-70.0
-70.0
-64.9821115879
-62.1386414878
-60.6946047114
-60.1383624885
-60.1333384052
-59.5908999178
0
-70.0
-70.0
-70.0
-70.0
-70.0
-70.0
-70.0
-70.0
-70.0
-70.0
-70.0
-70.0
-70.0
-70.0
-70.0
-70.0
-70.0
-70.0
-70.0
-70.0
-70.0
-70.0
-70.0
-70.0
-70.0
-69.6219854147
-69.4077771498
-69.2989929524
-69.2570893356
-70.0
-70.0
-70.0
-70.0
-70.0
-70.0
-70.0
-70.0
-70.0
-70.0
-70.0
-70.0
-70.0
-70.0
-70.0
-70.0
-70.0
-70.0
-70.0
-70.0
-70.0
-70.0
-70.0
-64.7274260192
-61.7396340968
-60.2223044734
-59.6378298836
-58.6332274398
-58.4093583921
0
-70.0
-70.0
-70.0
-70.0
-70.0
-70.0
-70.0
-70.0
-70.0
-70.0
-70.0
-64.3662200366
-60.1760283823
-57.9893791103
0
-70.0
-70.0
-70.0
-70.0
-70.0
-70.0
-70.0
-70.0
-70.0
-64.7450654122
-61.7672691458
-60.2550157478
-59.6724965173
-54.0499511446
0
-70.0
-70.0
-70.0
-70.0
-70.0
-70.0
-70.0
-67.539947662
-66.1459180038
-65.4379696087
-65.1652682514
-65.162805162
-65.3225671362
-66.4865472544
-69.3211914138
-70.0
-70.0
-70.0
-70.0
-70.0
-70.0
-70.0
-70.0
-70.0
-70.0
-70.0
-70.0
-70.0
-70.0
-70.0
-68.2801471753
-67.3055639079
-66.8106284839
-67.6026380835
-68.1577559071
-68.5522347377
-68.8371808781
-69.0469091998
-68.230528181
-67.7996819637
-70.0
-70.0
-70.0
-70.0
-70.0
-70.0
-70.0
-70.0
-70.0
-70.0
-70.0
-70.0
-70.0
-70.0
-70.0
-70.0
-70.0
-70.0
-68.502671605
-64.3324132011
-62.0191777188
-60.8972638387
-60.5275400494
-60.6214544408
-60.990421261
-61.5121206444
-62.3135512752
-64.3826246109
-70.0
-70.0
-70.0
-70.0
-70.0
-70.0
-70.0
-70.0
-70.0
-70.0
-70.0
-63.1866922014
-62.805047131
-70.0
-70.0
-70.0
-70.0
-70.0
-70.0
-70.0
-70.0
-70.0
-70.0
-70.0
-70.0
-70.0
-70.0
-70.0
-70.0
-70.0
-70.0
-70.0
-70.0
-70.0
-64.2587880237
-60.4498790149
-58.4828709758
-57.6865704532
-58.5607101277
0
-70.0
-70.0
-70.0
-70.0
-70.0
-70.0
-70.0
-70.0
-70.0
-70.0
-70.0
-70.0
-70.0
-70.0
-70.0
-70.0
-70.0
-70.0
-70.0
-70.0
-70.0
-70.0
-70.0
-70.0
-70.0
-70.0
-70.0
-70.0
-69.4321480289
-69.1103652453
-68.946950067
-68.8840026244
-70.0
-70.0
-70.0
-70.0
-70.0
-70.0
-70.0
-67.8394967192
-66.6152115267
-65.9934666936
-65.753970904
-65.7518077334
-65.89211624
-66.1132308026
-66.3754585134
-66.6536131894
-66.9320522221
-70.0
-70.0
-70.0
-70.0
-70.0
-70.0
-70.0
-70.0
-70.0
-70.0
-70.0
-70.0
-70.0
-70.0
-70.0
-70.0
-70.0
