-70.0
-69.0
-68.4333333333
-68.1455555556
-68.0347037037
-61.0337024691
-57.6787283128
-61.3767028752
-70.0
-70.0
-70.0
-70.0
-70.0
-70.0
-70.0
-70.0
-70.0
-70.0
-70.0
-70.0
-70.0
-70.0
-69.6392062487
-67.0994598738
-65.6722967197
-64.4047000477
-63.830652043
-63.691868172
-64.8015273804
-65.6406053261
-66.2893652494
-67.506012732
-68.6161341306
-70.0
-70.0
-70.0
-70.0
-70.0
-70.0
-70.0
-70.0
-70.0
-70.0
-70.0
-70.0
-70.0
-70.0
-70.0
-70.0
-70.0
-70.0
-70.0
-70.0
-70.0
-70.0
-70.0
-70.0
-70.0
-70.0
-70.0
-70.0
-70.0
-70.0
-70.0
-70.0
-70.0
-70.0
-70.0
-70.0
-70.0
-70.0
-70.0
-70.0
-70.0
-70.0
-70.0
-70.0
-70.0
-70.0
-70.0
-70.0
-70.0
-70.0
-70.0
-70.0
-70.0
-70.0
-70.0
-70.0
-70.0
-69.3242125697
-68.9412663592
-70.0
-70.0
-70.0
-70.0
-70.0
-70.0
-70.0
-70.0
-70.0
-70.0
-70.0
-70.0
-70.0
-70.0
-70.0
-70.0
-70.0
-70.0
-70.0
-70.0
-70.0
-70.0
-70.0
-70.0
-70.0
-70.0
-70.0
-63.3099704886
-58.7164846296
-56.3365102932
-58.0450916786
-67.8134345369
-70.0
-70.0
-70.0
-70.0
-70.0
-70.0
-70.0
-70.0
-70.0
-70.0
-70.0
-70.0
-70.0
-70.0
-70.0
-70.0
-70.0
-70.0
-70.0
-70.0
-70.0
-70.0
-70.0
-70.0
-70.0
-70.0
-70.0
-69.3665750867
-69.7573633165
-70.0
-70.0
-70.0
-70.0
-70.0
-70.0
-70.0
-70.0
-70.0
-70.0
-70.0
-70.0
-70.0
-70.0
-70.0
-70.0
-70.0
-70.0
-70.0
-70.0
-67.2573446163
-65.7031732322
-65.6176016643
-65.7123386682
-65.9121029149
-66.168224699
-66.4496236129
-66.7368088408
-65.0307959464
-70.0
-70.0
-70.0
-70.0
-70.0
-70.0
-70.0
-70.0
-70.0
-70.0
-70.0
-70.0
-70.0
-70.0
-70.0
-70.0
-70.0
-70.0
-69.0756332218
-68.5518253808
-68.2858131635
-68.1833453943
-62.5651359358
-59.4420390627
-57.9201129702
0
-70.0
-70.0
-70.0
-70.0
-70.0
-70.0
-70.0
-70.0
-70.0
-70.0
-70.0
-70.0
-70.0
-70.0
-70.0
-70.0
-70.0
-70.0
-70.0
-70.0
-70.0
-70.0
-70.0
-70.0
-70.0
-69.5538159603
-69.3009783379
-62.692294201
-60.4496226571
-69.6585309402
-70.0
-70.0
-70.0
-70.0
-70.0
-70.0
-70.0
-70.0
-63.705262105
-57.8049106312
-55.5834112306
-54.7310645493
0
-70.0
-70.0
-70.0
-70.0
-70.0
-70.0
-70.0
-70.0
-70.0
-70.0
-70.0
-70.0
-70.0
-70.0
-70.0
-70.0
-70.0
-70.0
-70.0
-70.0
-70.0
-70.0
-64.9834762777
-62.1407795017
-60.6971354527
-60.1410445082
-60.1360217912
0
-70.0
-70.0
-70.0
-70.0
-70.0
-70.0
-70.0
-70.0
-66.1197418643
-63.9209289207
-62.8042768572
-62.3741430572
-62.3702580086
-62.6222517125
-64.9748971448
-70.0
-70.0
-70.0
-70.0
-70.0
-70.0
-70.0
-70.0
-70.0
-70.0
-69.3843957528
-69.035553346
-68.8583961238
-70.0
-70.0
-70.0
-70.0
-70.0
-70.0
-70.0
-70.0
-65.6499829948
-63.1849733586
-61.9331351315
-61.4834430595
-61.4975130476
-61.7893712723
-62.2381738313
-62.7661829057
-67.9945261476
-70.0
-70.0
-70.0
-70.0
-70.0
-70.0
-70.0
-70.0
-70.0
-70.0
-70.0
-70.0
-70.0
-70.0
-70.0
-70.0
-70.0
-70.0
-70.0
-70.0
-70.0
-70.0
-69.9337277179
-69.8961734246
-69.8771017346
-70.0
-70.0
-70.0
-70.0
-70.0
-70.0
-70.0
-70.0
-70.0
-70.0
-70.0
-70.0
-69.6344391934
-69.4272880697
-69.3220877931
-70.0
-70.0
-70.0
-70.0
-70.0
-68.3947411437
-66.7813907547
-65.9206674962
-65.5402112912
-65.4605971918
-65.5641421591
-65.7741310676
-67.0236451804
-67.8725654755
-68.4528321367
-70.0
-69.445263864
-70.0
-70.0
-70.0
-70.0
-65.8073902677
-63.4315780861
-62.2250381742
-61.7602796213
-61.7560818355
-62.0283604362
-62.706546271
-69.3890901801
-70.0
-70.0
-70.0
-70.0
-70.0
-70.0
-70.0
-70.0
-70.0
-63.7056268349
-60.1388153747
-58.3274346528
-57.6296917312
-57.6233895872
-58.756177003
-57.1944067929
-69.6898140152
-70.0
-70.0
-70.0
-70.0
-70.0
-70.0
-70.0
-70.0
-69.9124531016
-69.5295098592
-69.3154269184
-69.2097962567
-70.0
-70.0
-70.0
-70.0
-70.0
-70.0
-70.0
-70.0
-70.0
-70.0
-70.0
-70.0
-70.0
-70.0
-70.0
-70.0
-70.0
-70.0
-70.0
-70.0
-69.4086458549
-69.0735451726
-67.9043815501
-67.2727373249
-66.9846595456
-66.9123242265
-66.9718455609
-67.1084968428
-67.2868710505
-68.3423230143
-70.0
-70.0
-70.0
-70.0
-70.0
-70.0
-66.9256554625
-65.1835268913
-64.2987988522
-59.0320761411
-56.2376399764
-55.0197236117
-54.7883163391
-54.4627285557
-55.9408461985
-65.6776578107
-70.0
-70.0
-70.0
-70.0
-70.0
-70.0
-70.0
-70.0
-70.0
-69.5064908909
-69.6959715315
-69.8197941981
-70.0
-70.0
-70.0
-70.0
-70.0
-70.0
-70.0
-67.1652788791
-65.5589369106
-64.7431671658
-64.4289330801
-65.4087533294
-66.1496870346
-66.7225910233
-67.1755803824
-67.5415213184
-69.2683402293
-70.0
-70.0
-70.0
-70.0
-70.0
-70.0
-70.0
-70.0
-70.0
-70.0
-70.0
-70.0
-69.8953352841
-69.8360252785
-70.0
-70.0
-70.0
-70.0
-70.0
-70.0
-70.0
-70.0
-70.0
-70.0
-70.0
-70.0
-70.0
-70.0
-70.0
-70.0
-70.0
-70.0
-70.0
-70.0
-70.0
-70.0
-70.0
-66.6484768542
-64.7492804049
-60.8948826737
-58.8857479459
-58.0507421776
0
-70.0
-70.0
-70.0
-70.0
-70.0
-70.0
-70.0
-70.0
-70.0
-70.0
-70.0
-64.5838220641
-60.9590990115
-59.0856285462
-58.3253586488
-58.2583514221
-58.947539658
-63.4287347453
-70.0
-70.0
-70.0
-70.0
-70.0
-67.6989490367
-66.3950201575
-62.3994954914
-60.255530842
-55.4050788021
0
-70.0
-70.0
-70.0
-70.0
-70.0
-70.0
-70.0
-70.0
-70.0
-70.0
-70.0
-70.0
-64.6872584684
-60.6882659538
-58.5992615799
-57.7258835696
-58.625466461
-70.0
-70.0
-70.0
-70.0
-70.0
-70.0
-70.0
-70.0
-70.0
-70.0
-70.0
-70.0
-70.0
-63.3724527515
-59.616842644
-58.3145993845
-69.5406137581
-70.0
-70.0
-70.0
-70.0
-70.0
-70.0
-70.0
-70.0
-70.0
-69.6511990494
-69.4535451774
-68.7976124594
-68.9313659646
-70.0
-70.0
-70.0
-70.0
-70.0
-70.0
-70.0
-70.0
-70.0
-70.0
-70.0
-70.0
-70.0
-62.4009661137
-57.7615135782
-58.3536664061
-58.1026021189
-61.2025741431
-64.3563544786
-65.7330404935
-66.7012840861
-61.7749034881
-59.0932450131
-57.8478084276
-58.4666010864
-59.2223233122
-60.0350125372
-60.854792321
-64.0485162111
-70.0
-70.0
-70.0
-70.0
-70.0
-70.0
-66.7734638001
-64.9450932868
-64.0165678693
-58.0292707268
-55.777389087
-54.9003471335
-55.4329992792
-56.2381572573
-63.8616202998
-70.0
-70.0
-70.0
-70.0
-70.0
-70.0
-70.0
-70.0
-70.0
-70.0
-70.0
-70.0
-70.0
-69.2117283117
-70.0
-70.0
-70.0
-70.0
-70.0
-70.0
-70.0
-70.0
-70.0
-70.0
-64.251265383
-61.6973528037
-60.775093496
-60.5292347948
-60.6974117477
-61.1084041944
-65.5997992391
-70.0
-70.0
-70.0
-70.0
-70.0
-70.0
-70.0
-70.0
-70.0
-69.8171551935
-69.7135431364
-69.6609244643
-70.0
-66.2656973276
-70.0
-70.0
-70.0
-70.0
-70.0
-70.0
-70.0
-70.0
-70.0
-70.0
-70.0
-70.0
-70.0
-70.0
-70.0
-70.0
-70.0
-70.0
-70.0
-69.6678517665
-69.4796344341
-70.0
-70.0
-70.0
-63.8497555477
-60.3646170247
-59.4630261007
-58.6234654701
-56.286122658
-66.4340161911
-70.0
-70.0
-70.0
-70.0
-67.1863213742
-64.6309219285
-63.2766515302
-57.7622749809
-54.8615732187
0
-70.0
-70.0
-70.0
-70.0
-70.0
-70.0
-70.0
-70.0
-70.0
-70.0
-70.0
-70.0
-70.0
-70.0
-70.0
-70.0
-62.2341625
-58.4365412578
-59.2599412707
-70.0
-70.0
-70.0
-70.0
-70.0
-70.0
-65.6161822124
-63.1320187995
-60.8820144783
-59.8359447364
-60.4593132381
-60.7809868609
-61.2812914725
-67.3080049792
-70.0
-70.0
-70.0
-70.0
-70.0
-70.0
-70.0
-70.0
-70.0
-64.0936797461
-60.7467649355
-59.047057218
-58.3923306802
-60.7939700467
-70.0
-70.0
-70.0
-70.0
-70.0
-70.0
-70.0
-70.0
-70.0
-64.6781134469
-61.6623777335
-60.1308570477
-59.5409160679
-59.5355876111
-62.0773064925
-70.0
-70.0
-70.0
-70.0
-70.0
-70.0
-70.0
-70.0
-70.0
-70.0
-70.0
-70.0
-70.0
-70.0
-70.0
-70.0
-70.0
-70.0
-70.0
-70.0
-70.0
-70.0
-70.0
-70.0
-70.0
-69.9563912466
-70.0
-70.0
-70.0
-70.0
-70.0
-70.0
-70.0
-70.0
-70.0
-70.0
-70.0
-70.0
-70.0
-70.0
-70.0
-70.0
-63.9541114591
-62.923924637
-70.0
-70.0
-70.0
-70.0
-70.0
-70.0
-70.0
-70.0
-70.0
-70.0
-70.0
-70.0
-70.0
-70.0
-70.0
-70.0
-70.0
-70.0
-70.0
-70.0
-70.0
-70.0
-70.0
-70.0
-70.0
-70.0
-70.0
-70.0
-63.1975655813
-59.9178250929
-66.9325272185
-70.0
-70.0
-70.0
-70.0
-70.0
-70.0
-70.0
-70.0
-70.0
-70.0
-63.6345817171
-60.0275113567
-59.1371577652
-64.2207862133
-70.0
-70.0
-70.0
-70.0
-70.0
-70.0
-70.0
-70.0
-70.0
-70.0
-63.6336024395
-60.0259771553
-58.1938694129
-55.1478688697
-65.372313424
-70.0
-70.0
-70.0
-70.0
-70.0
-70.0
-70.0
-70.0
-70.0
-70.0
-70.0
-70.0
-70.0
-70.0
-69.1454124874
-70.0
-70.0
-70.0
-70.0
-70.0
-70.0
-70.0
-70.0
-70.0
-70.0
-70.0
-70.0
-70.0
-70.0
-70.0
-70.0
-70.0
-70.0
-70.0
-70.0
-70.0
-70.0
-70.0
-66.7215353249
-64.8637386757
-60.0313805081
-57.464252924
-56.3418346093
-56.1236558003
0
-70.0
-70.0
-70.0
-70.0
-70.0
-70.0
-70.0
-70.0
-70.0
-70.0
-70.0
-70.0
-70.0
-70.0
-70.0
-70.0
-70.0
-70.0
-70.0
-70.0
-70.0
-70.0
-70.0
-70.0
-70.0
-70.0
-70.0
-64.0417528286
-60.6654127648
-58.9507616344
-54.454055048
-61.3570523838
-70.0
-70.0
-70.0
-70.0
-70.0
-70.0
-70.0
-70.0
-65.5175248316
-62.9774555695
-61.6874988265
-61.1906081532
-61.1861201441
-55.7140339907
-57.9575988713
-70.0
-70.0
-70.0
-70.0
-70.0
-70.0
-70.0
-70.0
-70.0
-70.0
-70.0
-70.0
-70.0
-65.0697886383
-64.3159682387
-70.0
-70.0
-70.0
-70.0
-70.0
-70.0
-70.0
-70.0
-70.0
-63.8985851659
-60.44111676
-58.6852651577
-59.6260664758
-70.0
-70.0
-70.0
-70.0
-70.0
-70.0
-70.0
-70.0
-70.0
-70.0
-70.0
-70.0
-70.0
-70.0
-70.0
-70.0
-70.0
-70.0
-70.0
-69.4370589253
-69.118058983
-68.9560570515
-68.8936539909
-68.8930903548
-68.9296491614
-68.9872628066
-69.0555889002
-69.1280649263
-70.0
-70.0
-70.0
-70.0
-70.0
-70.0
-70.0
-70.0
-70.0
-70.0
-70.0
-70.0
-70.0
-70.0
-70.0
-70.0
-70.0
-70.0
-70.0
-70.0
-70.0
-70.0
-70.0
-70.0
-70.0
-70.0
-70.0
-64.0474230645
-60.7328120638
-59.3862850613
-54.0062334319
0
-70.0
-70.0
-70.0
-70.0
-70.0
-70.0
-70.0
-69.0362337684
-68.4900995704
-64.3238601771
-62.8816339591
-62.2535770963
-61.1364795143
-60.7616716479
-62.0205076292
-70.0
-70.0
-70.0
-70.0
-70.0
-70.0
-70.0
-70.0
-70.0
-70.0
-70.0
-70.0
-70.0
-70.0
-63.1901203796
-59.5696190469
-67.9489731716
-70.0
-70.0
-70.0
-70.0
-70.0
-70.0
-70.0
-70.0
-70.0
-69.8818914833
-69.8149633238
-69.7809743173
-69.7678817695
-70.0
-70.0
-70.0
-70.0
-70.0
-70.0
-68.4181716451
-67.5218022439
-67.0665871951
-66.8912385927
-67.7579675686
-68.3527393686
-68.7645111363
-69.052757159
-68.2579561735
-69.6935160594
-70.0
-70.0
-70.0
-70.0
-70.0
-70.0
-70.0
-65.2062852743
-62.4898469297
-61.1103223586
-56.6514818393
-54.421128133
-54.1577671937
-55.4462357941
-59.4293591676
-67.4495312534
-70.0
-70.0
-70.0
-70.0
-70.0
-65.9289677635
-63.6220494961
-62.4504968858
-61.9992154234
-61.9951393652
-62.2595224181
-70.0
-70.0
-70.0
-70.0
-70.0
-70.0
-70.0
-70.0
-70.0
-70.0
-70.0
-70.0
-62.8676773326
-59.6284969569
-58.0307054995
-59.6029944322
-67.2897891383
-70.0
-70.0
-70.0
-70.0
-70.0
-70.0
-64.2788147702
-61.0368098066
-59.3903798349
-58.7561758574
-58.750447609
-60.6311014367
-69.1360951711
-70.0
-70.0
-68.7040208694
-68.2464845473
-68.0304132691
-67.9664233932
-67.9958153546
-67.1680481814
-66.7657862715
-60.0419298941
-57.4997784732
0
-70.0
-70.0
-70.0
-70.0
-70.0
-70.0
-70.0
-70.0
-70.0
-70.0
-69.5194987736
-69.2472147453
-68.5533816146
-61.4584314452
-57.8025463379
-62.0021813486
-70.0
-70.0
-70.0
-70.0
-70.0
-70.0
-70.0
-70.0
-70.0
-70.0
-70.0
-70.0
-70.0
-70.0
-70.0
-70.0
-70.0
-70.0
-70.0
-70.0
-70.0
-70.0
-70.0
-70.0
-70.0
-70.0
-70.0
-68.541987041
-70.0
-70.0
-70.0
-70.0
-70.0
-70.0
-70.0
-70.0
-70.0
-63.8674267841
-60.3923019618
-54.7385947808
0
-70.0
-70.0
-70.0
-70.0
-70.0
-70.0
-70.0
-70.0
-70.0
-70.0
-70.0
-70.0
-70.0
-70.0
-70.0
-70.0
-70.0
-70.0
-70.0
-70.0
-70.0
-70.0
-70.0
-70.0
-70.0
-70.0
-70.0
-70.0
-69.0689422036
-69.2794740829
-70.0
-70.0
-70.0
-70.0
-70.0
-70.0
-70.0
-70.0
-70.0
-70.0
-70.0
-70.0
-70.0
-70.0
-70.0
-70.0
-70.0
-70.0
-70.0
-70.0
-70.0
-70.0
-70.0
-70.0
-70.0
-63.9356680792
-58.1658799908
-55.0984778047
0
-70.0
-70.0
-70.0
-70.0
-70.0
-70.0
-70.0
-70.0
-70.0
-70.0
-70.0
-70.0
-69.4652230887
-70.0
-70.0
-70.0
-70.0
-70.0
-70.0
-70.0
-70.0
-70.0
-70.0
-69.8822549311
-69.8155327254
-62.7817304489
-59.8019689632
-58.3540464397
-63.3750905489
-70.0
-70.0
-70.0
-70.0
-70.0
-70.0
-68.0767851144
-65.9921015769
-64.8748880685
-64.3753970279
-64.2631891693
-64.3870914818
-64.6485298199
-64.9837751621
-65.352129862
-65.7280716866
-67.3653489914
-70.0
-70.0
-70.0
-70.0
-70.0
-70.0
-70.0
-70.0
-70.0
-70.0
-70.0
-70.0
-70.0
-70.0
-70.0
-70.0
-70.0
-70.0
-70.0
-70.0
-70.0
-70.0
-70.0
-70.0
-70.0
-65.3571995898
-60.392946024
-57.7346290171
-55.6801717552
-54.9248250062
-55.9664154433
-58.3067739835
-67.9414922444
-70.0
-70.0
-70.0
-70.0
-70.0
-70.0
-70.0
-64.8152706581
-62.7455701216
-61.745564129
-61.4207083958
-62.2154750464
-61.9528341611
-62.4132861451
-64.3775253819
-63.0791724565
-70.0
-70.0
-70.0
-70.0
-70.0
-70.0
-70.0
-70.0
-70.0
-70.0
-63.5599090856
-59.9105242341
-58.0572091821
-65.8039546197
-70.0
-70.0
-70.0
-70.0
-70.0
-70.0
-70.0
-70.0
-70.0
-70.0
-70.0
-63.6155892237
-56.6648742101
0
-70.0
-70.0
-70.0
-70.0
-70.0
-70.0
-70.0
-70.0
-70.0
-70.0
-70.0
-70.0
-70.0
-70.0
-70.0
-70.0
-70.0
-70.0
-70.0
-70.0
-70.0
-70.0
-70.0
-70.0
-70.0
-70.0
-70.0
-70.0
-70.0
-70.0
-70.0
-70.0
-70.0
-70.0
-70.0
-70.0
-70.0
-70.0
-70.0
-70.0
-64.3273776713
-61.112891685
-59.4804370371
-58.8516163471
-58.8459367215
-60.0378509661
-65.3780431876
-70.0
-70.0
-70.0
-70.0
-70.0
-70.0
-63.8072222074
-60.2979814583
-58.5158376269
-57.8293567405
-57.0206871815
0
-70.0
-70.0
-70.0
-70.0
-70.0
-70.0
-70.0
-70.0
-70.0
-70.0
-65.5957584553
-63.1000215799
-60.8441397553
-55.8308616338
0
-70.0
-70.0
-70.0
-70.0
-70.0
-70.0
-70.0
-70.0
-70.0
-70.0
-70.0
-64.0727800399
-60.7140220626
-55.1194109852
0
-70.0
-70.0
-70.0
-70.0
-70.0
-70.0
-70.0
-70.0
-70.0
-70.0
-70.0
-70.0
-70.0
-70.0
-70.0
-70.0
-69.3756356344
-68.7424029087
-68.4043831764
-68.2547585644
-68.2231585118
-67.2634382637
-66.7788248395
-66.5954292903
-66.5988776511
-66.7143174125
-69.855030764
-70.0
-70.0
-70.0
-70.0
-70.0
-69.8050810872
-69.6946270366
-69.6385337051
-69.6169265826
-69.6167314231
-69.6293899466
-69.6493387291
-69.6729967077
-70.0
-70.0
-70.0
-70.0
-70.0
-70.0
-70.0
-70.0
-70.0
-70.0
-70.0
-70.0
-70.0
-70.0
-63.2968876961
-61.2509849816
-70.0
-70.0
-70.0
-70.0
-70.0
-70.0
-68.3713439025
-66.892883225
-66.1093773777
-65.7689612901
-65.7057462611
-65.8109590351
-66.0137213983
-66.2682547696
-68.5240449089
-70.0
-70.0
-70.0
-70.0
-70.0
-70.0
-70.0
-70.0
-70.0
-69.3582378348
-69.5900372332
-64.2624295076
-70.0
-70.0
-70.0
-70.0
-70.0
-70.0
-69.7633803404
-69.6292958666
-70.0
-70.0
-70.0
-69.3968222033
-70.0
-70.0
-70.0
-70.0
-70.0
-70.0
-70.0
-66.1033423522
-63.8952363518
-62.7738648732
-61.3592546868
-60.7985134188
-60.7687848773
-60.3549512195
-61.0062482581
-69.001710749
-70.0
-70.0
-70.0
-70.0
-70.0
-70.0
-70.0
-70.0
-70.0
-70.0
-69.3878096373
-69.0409017652
-69.164223994
-70.0
-70.0
-70.0
-70.0
-70.0
-70.0
-70.0
-70.0
-70.0
-70.0
-69.7699052618
-70.0
-70.0
-70.0
-70.0
-70.0
-70.0
-70.0
-70.0
-70.0
-70.0
-70.0
-70.0
-70.0
-70.0
-70.0
-70.0
-70.0
-69.8042952664
-69.6933959174
-69.637076444
-64.3077976214
-70.0
-70.0
-70.0
-70.0
-70.0
-70.0
-70.0
-70.0
-70.0
-70.0
-63.540973108
-57.5475245359
-54.3665379081
0
-70.0
-70.0
-70.0
-70.0
-70.0
-70.0
-70.0
-70.0
-70.0
-70.0
-70.0
-70.0
-63.9733771477
-60.5582908647
-58.8239627328
-57.287587672
-56.7895097131
-58.7284031611
-70.0
-70.0
-70.0
-70.0
-70.0
-70.0
-70.0
-70.0
-70.0
-70.0
-70.0
-70.0
-70.0
-70.0
-70.0
-70.0
-70.0
-70.0
-70.0
-70.0
-70.0
-70.0
-70.0
-70.0
-70.0
-70.0
-70.0
-70.0
-70.0
-70.0
-70.0
-70.0
-70.0
-70.0
-70.0
-70.0
-70.0
-70.0
-70.0
-64.465643732
-67.6665837578
-70.0
-70.0
-70.0
-70.0
-70.0
-70.0
-70.0
-70.0
-70.0
-63.2807504475
-59.4731757011
-61.9885094685
-70.0
-70.0
-70.0
-70.0
-70.0
-70.0
-65.3466758473
-62.7097921607
-61.3706688767
-61.7231520343
-62.2105368611
-62.7626165284
-57.5569499747
-58.6648014526
-63.9902386412
-68.8282478705
-70.0
-70.0
-70.0
-70.0
-70.0
-70.0
-70.0
-70.0
-70.0
-70.0
-70.0
-70.0
-70.0
-70.0
-70.0
-70.0
-70.0
-70.0
-70.0
-70.0
-70.0
-70.0
-70.0
-70.0
-70.0
-70.0
-70.0
-70.0
-70.0
-70.0
-70.0
-70.0
-70.0
-70.0
-70.0
-70.0
-70.0
-70.0
-70.0
-70.0
-70.0
-70.0
-70.0
-70.0
-70.0
-70.0
-66.4737499539
-64.4755415944
-63.4607651922
-63.0698738445
-63.0663432411
-64.283785751
-64.2048808367
-65.4543086873
-70.0
-70.0
-70.0
-70.0
-69.6025463047
-69.377322544
-70.0
-70.0
-70.0
-70.0
-70.0
-70.0
-69.0734253002
-68.8123593337
-70.0
-70.0
-70.0
-70.0
-70.0
-70.0
-70.0
-70.0
-70.0
-70.0
-70.0
-70.0
-70.0
-70.0
-70.0
-70.0
-70.0
-70.0
-70.0
-70.0
-70.0
-70.0
-70.0
-65.3648110312
-62.7382039488
-61.4042995678
-60.8904802869
-60.8858393755
-61.1868601828
-60.7197716579
-54.1585531319
0
-70.0
-70.0
-70.0
-70.0
-70.0
-70.0
-70.0
-70.0
-70.0
-70.0
-70.0
-70.0
-70.0
-70.0
-63.295928495
-60.7546979007
-70.0
-70.0
-70.0
-70.0
-70.0
-70.0
-70.0
-70.0
-70.0
-70.0
-69.6692061369
-69.4817562812
-70.0
-70.0
-70.0
-70.0
-70.0
-70.0
-70.0
-70.0
-70.0
-70.0
-70.0
-70.0
-69.8602815571
-70.0
-70.0
-70.0
-70.0
-70.0
-70.0
-70.0
-70.0
-70.0
-70.0
-70.0
-70.0
-70.0
-68.1269864631
-70.0
-70.0
-70.0
-70.0
-70.0
-70.0
-70.0
-70.0
-70.0
-70.0
-70.0
-70.0
-70.0
-70.0
-70.0
-70.0
-70.0
-70.0
-70.0
-70.0
-70.0
-70.0
-70.0
-70.0
-70.0
-70.0
-70.0
-70.0
-70.0
-70.0
-70.0
-70.0
-70.0
-70.0
-70.0
-70.0
-70.0
-70.0
-70.0
