-70.0
-70.0
-70.0
-70.0
-70.0
-70.0
-69.0
-69.640602372
-70.0
-70.0
-70.0
-70.0
-70.0
-70.0
-70.0
-70.0
-70.0
-70.0
-70.0
-70.0
-64.0606043195
-61.0282801006
-60.4015323155
-67.9202378328
-70.0
-70.0
-70.0
-70.0
-70.0
-70.0
-70.0
-70.0
-70.0
-70.0
-63.8037033627
-66.0242649188
-70.0
-70.0
-70.0
-70.0
-70.0
-70.0
-67.3109878797
-65.7872143448
-64.0148988513
-63.1510129268
-62.8609809412
-62.9249290518
-63.1991336164
-63.5903519013
-66.5182943403
-70.0
-70.0
-70.0
-70.0
-70.0
-70.0
-70.0
-70.0
-70.0
-70.0
-70.0
-70.0
-70.0
-70.0
-70.0
-70.0
-70.0
-70.0
-64.0983491658
-60.7540803598
-55.9692966444
0
-70.0
-70.0
-70.0
-70.0
-70.0
-70.0
-70.0
-70.0
-70.0
-69.7381736929
-69.5898054522
-69.5144576594
-69.4854337284
-62.0923960873
-57.9201602997
-62.3881633419
-70.0
-70.0
-70.0
-70.0
-70.0
-70.0
-70.0
-63.9132763585
-60.1307996284
-54.3013980471
0
-70.0
-70.0
-70.0
-70.0
-70.0
-70.0
-70.0
-70.0
-70.0
-70.0
-70.0
-70.0
-70.0
-70.0
-70.0
-70.0
-70.0
-70.0
-68.9078872266
-68.2890233217
-64.0858486458
-61.7610822188
-60.6408529553
-60.2806869653
-61.3834262414
-62.3322889323
-64.9004206092
-70.0
-70.0
-70.0
-70.0
-70.0
-70.0
-70.0
-70.0
-70.0
-70.0
-70.0
-70.0
-70.0
-70.0
-70.0
-70.0
-70.0
-70.0
-70.0
-70.0
-70.0
-70.0
-70.0
-70.0
-69.6495207596
-69.4509158567
-70.0
-70.0
-70.0
-70.0
-70.0
-70.0
-70.0
-70.0
-65.6856735865
-59.9191163054
-56.7952113932
-55.3610280662
-54.9884838011
-55.2653411153
0
-70.0
-70.0
-70.0
-70.0
-70.0
-70.0
-70.0
-70.0
-70.0
-70.0
-70.0
-70.0
-70.0
-70.0
-70.0
-70.0
-70.0
-70.0
-70.0
-70.0
-70.0
-70.0
-70.0
-70.0
-70.0
-70.0
-70.0
-70.0
-70.0
-70.0
-70.0
-70.0
-70.0
-70.0
-70.0
-70.0
-70.0
-70.0
-70.0
-70.0
-70.0
-70.0
-63.7957717818
-60.2800424581
-58.4946034487
-59.6785170827
-65.2826895712
-70.0
-70.0
-70.0
-70.0
-70.0
-70.0
-70.0
-70.0
-63.4335722269
-59.7125964889
-63.8319283037
-70.0
-70.0
-70.0
-67.3029986899
-65.7746979474
-64.9985609038
-64.6995933141
-64.6968929831
-64.8720430185
-65.148064939
-66.648154465
-70.0
-70.0
-70.0
-70.0
-70.0
-70.0
-70.0
-70.0
-70.0
-70.0
-70.0
-70.0
-70.0
-70.0
-70.0
-70.0
-70.0
-70.0
-70.0
-70.0
-70.0
-70.0
-70.0
-70.0
-70.0
-70.0
-70.0
-63.7342141031
-59.2421297583
-56.9054748261
-65.4721557978
-70.0
-70.0
-70.0
-70.0
-70.0
-66.8048944885
-64.9943346987
-64.0748543349
-63.720670972
-63.717471922
-63.9249700945
-64.2519699949
-67.7269942265
-70.0
-70.0
-70.0
-70.0
-70.0
-70.0
-70.0
-65.3375356387
-61.8930033648
-60.0965172216
-58.7931860728
-58.3847478477
-58.5268599844
-58.994565267
0
-70.0
-70.0
-70.0
-70.0
-70.0
-70.0
-70.0
-70.0
-67.239220278
-64.7333060991
-63.405314055
-63.6966544507
-64.0815702063
-64.5098006529
-65.6534492694
-69.129535627
-70.0
-70.0
-70.0
-70.0
-70.0
-70.0
-70.0
-70.0
-70.0
-69.5281751554
-68.9274744101
-68.8921944833
-70.0
-70.0
-70.0
-70.0
-70.0
-70.0
-70.0
-70.0
-70.0
-70.0
-70.0
-70.0
-70.0
-70.0
-70.0
-70.0
-70.0
-70.0
-70.0
-68.4933213641
-67.6395368038
-67.2059481741
-67.0389300572
-67.0374215185
-67.1352690113
-67.2894685399
-67.4723393058
-67.6663171218
-70.0
-70.0
-70.0
-70.0
-70.0
-70.0
-66.4184595442
-64.9444755081
-64.2286025695
-63.9914587207
-58.4321731701
-55.4821960674
-54.1961366036
-55.0046695844
-68.5776941454
-70.0
-70.0
-70.0
-70.0
-70.0
-70.0
-70.0
-70.0
-70.0
-70.0
-69.9222146635
-69.5448029729
-69.3335291927
-70.0
-70.0
-70.0
-70.0
-70.0
-70.0
-70.0
-70.0
-70.0
-70.0
-70.0
-70.0
-70.0
-70.0
-70.0
-70.0
-70.0
-70.0
-70.0
-70.0
-70.0
-70.0
-70.0
-70.0
-65.885995834
-61.2213934733
-58.7152522744
-57.5877258126
0
-70.0
-70.0
-70.0
-70.0
-70.0
-70.0
-70.0
-70.0
-70.0
-70.0
-70.0
-70.0
-70.0
-70.0
-70.0
-63.3001614979
-59.5035863468
-60.1458839912
-70.0
-70.0
-70.0
-70.0
-70.0
-70.0
-70.0
-70.0
-70.0
-70.0
-70.0
-69.7856982971
-69.3309273321
-69.0803671753
-68.9606855088
-70.0
-70.0
-70.0
-70.0
-70.0
-70.0
-70.0
-70.0
-70.0
-70.0
-70.0
-70.0
-70.0
-70.0
-70.0
-70.0
-70.0
-70.0
-70.0
-70.0
-70.0
-70.0
-70.0
-70.0
-70.0
-70.0
-70.0
-69.4804246648
-69.1859986416
-69.0364764062
-70.0
-70.0
-70.0
-70.0
-70.0
-70.0
-70.0
-68.6916278952
-67.9502170358
-67.573696619
-67.4286611483
-67.4273511609
-67.5123201298
-67.6462241734
-67.8050257938
-68.898975632
-70.0
-70.0
-70.0
-70.0
-70.0
-70.0
-70.0
-70.0
-70.0
-64.1576830398
-61.6495058981
-60.4229494165
-59.0235920769
-61.8256031675
-70.0
-70.0
-70.0
-70.0
-70.0
-70.0
-70.0
-70.0
-70.0
-70.0
-70.0
-70.0
-70.0
-70.0
-70.0
-70.0
-70.0
-70.0
-70.0
-70.0
-70.0
-70.0
-70.0
-70.0
-70.0
-70.0
-70.0
-70.0
-70.0
-70.0
-70.0
-70.0
-70.0
-70.0
-70.0
-70.0
-70.0
-70.0
-70.0
-70.0
-70.0
-70.0
-70.0
-70.0
-70.0
-70.0
-66.6615856682
-64.7698175469
-63.8090960892
-63.4390266782
-63.4356841424
-63.6524891495
-63.9941558488
-64.3993506734
-66.8290112255
-70.0
-70.0
-70.0
-70.0
-70.0
-70.0
-70.0
-70.0
-70.0
-70.0
-70.0
-70.0
-70.0
-70.0
-70.0
-70.0
-70.0
-70.0
-70.0
-70.0
-70.0
-70.0
-70.0
-70.0
-70.0
-63.8692541683
-60.3951648637
-58.6308724521
-58.2887186804
-65.9403710353
-70.0
-70.0
-70.0
-68.0491586423
-66.9436818729
-65.8267175266
-65.2956483347
-65.1338185416
-65.1989267144
-65.3980273943
-60.0801294404
-59.2605312389
-65.1863244446
-70.0
-70.0
-70.0
-69.2791523753
-68.8706720547
-69.6242096849
-70.0
-70.0
-70.0
-70.0
-70.0
-70.0
-70.0
-70.0
-70.0
-70.0
-70.0
-70.0
-70.0
-70.0
-66.5465932674
-64.5896627855
-63.5958490703
-64.2123558993
-65.1085148
-60.0644036801
-57.3691235521
-56.1729846902
-62.6819949903
-70.0
-70.0
-70.0
-70.0
-70.0
-70.0
-70.0
-66.9250805483
-62.8492928589
-60.64217715
-59.629835153
-59.3681021164
-59.5654588905
-60.031690992
-65.4010522659
-70.0
-70.0
-70.0
-70.0
-70.0
-70.0
-70.0
-70.0
-70.0
-64.3538292733
-61.1543325281
-59.5294900634
-54.2578333494
-55.0404560554
-65.2982915388
-70.0
-70.0
-70.0
-70.0
-70.0
-70.0
-70.0
-70.0
-70.0
-70.0
-70.0
-70.0
-70.0
-70.0
-70.0
-70.0
-70.0
-70.0
-70.0
-70.0
-70.0
-70.0
-70.0
-70.0
-70.0
-69.8849121987
-69.8196957779
-69.7865760662
-69.7738183703
-70.0
-70.0
-70.0
-70.0
-70.0
-70.0
-70.0
-66.3046351345
-63.4081259082
-61.8899495088
-61.2493786856
-61.1567235688
-61.3959063797
-61.826219187
-66.0745154398
-70.0
-70.0
-70.0
-70.0
-70.0
-70.0
-70.0
-65.2809617633
-62.6068400958
-60.2503281977
-59.1614101189
-58.8693456009
-59.0651287035
-62.1370799666
-70.0
-70.0
-70.0
-70.0
-70.0
-70.0
-70.0
-70.0
-70.0
-70.0
-69.4891331728
-69.1996419707
-69.0526258504
-70.0
-70.0
-70.0
-70.0
-70.0
-70.0
-70.0
-70.0
-70.0
-70.0
-70.0
-70.0
-70.0
-70.0
-70.0
-70.0
-70.0
-70.0
-70.0
-70.0
-70.0
-70.0
-70.0
-70.0
-70.0
-70.0
-70.0
-70.0
-70.0
-69.7248472142
-70.0
-70.0
-70.0
-70.0
-70.0
-70.0
-70.0
-70.0
-65.1304922202
-61.3884460082
-59.4302700807
0
-70.0
-70.0
-70.0
-70.0
-70.0
-70.0
-70.0
-70.0
-70.0
-70.0
-70.0
-65.1384469437
-62.3835668785
-60.9845199435
-60.4456077843
-61.5956897139
-68.4103103228
-70.0
-70.0
-70.0
-70.0
-70.0
-70.0
-70.0
-69.9360113914
-69.8997511799
-69.3257811248
-62.1252637636
-58.0674445548
-56.1421217875
-67.7554092374
-70.0
-70.0
-70.0
-70.0
-70.0
-70.0
-70.0
-70.0
-70.0
-70.0
-70.0
-70.0
-70.0
-70.0
-70.0
-70.0
-70.0
-70.0
-70.0
-70.0
-70.0
-70.0
-70.0
-70.0
-70.0
-70.0
-70.0
-63.4099676768
-59.675616027
-63.6738068233
-70.0
-70.0
-70.0
-70.0
-70.0
-70.0
-66.3668020691
-64.3079899082
-63.2624362814
-62.8596895626
-62.8560518793
-64.0042093781
-64.8929635648
-65.0520607533
-70.0
-70.0
-70.0
-70.0
-70.0
-70.0
-64.6741162219
-61.6561154144
-60.123444416
-59.5330603365
-59.5277278775
-59.8736041396
-61.7146943735
-65.7026287007
-70.0
-70.0
-70.0
-70.0
-70.0
-70.0
-70.0
-70.0
-70.0
-70.0
-70.0
-70.0
-70.0
-70.0
-70.0
-70.0
-70.0
-70.0
-70.0
-70.0
-70.0
-70.0
-65.6953825867
-63.2560993858
-62.0173261524
-61.5401513406
-60.6236329041
-60.386267412
-60.5643058697
-70.0
-70.0
-70.0
-70.0
-70.0
-70.0
-70.0
-70.0
-70.0
-70.0
-70.0
-70.0
-70.0
-70.0
-70.0
-70.0
-70.0
-70.0
-70.0
-70.0
-70.0
-70.0
-70.0
-70.0
-70.0
-70.0
-70.0
-70.0
-63.5085093736
-59.8299980187
-57.9618912718
-61.4237606766
-70.0
-70.0
-70.0
-70.0
-70.0
-70.0
-70.0
-70.0
-70.0
-70.0
-70.0
-69.6349995957
-69.4281660332
-69.323127028
-70.0
-70.0
-70.0
-70.0
-70.0
-70.0
-70.0
-69.8045177076
-69.6937444086
-69.6374889489
-70.0
-70.0
-70.0
-70.0
-70.0
-70.0
-70.0
-70.0
-70.0
-64.4837834186
-61.3579273559
-59.7704828063
-59.1589999831
-59.1534769563
-61.9160935387
-70.0
-70.0
-70.0
-70.0
-70.0
-70.0
-70.0
-70.0
-70.0
-70.0
-70.0
-70.0
-70.0
-69.2716334582
-70.0
-70.0
-70.0
-70.0
-70.0
-70.0
-70.0
-70.0
-70.0
-70.0
-70.0
-63.81416785
-57.9755296316
-54.8731623795
0
-70.0
-70.0
-70.0
-70.0
-70.0
-70.0
-70.0
-70.0
-70.0
-70.0
-70.0
-70.0
-70.0
-70.0
-70.0
-70.0
-70.0
-70.0
-70.0
-70.0
-70.0
-70.0
-70.0
-70.0
-70.0
-70.0
-70.0
-70.0
-70.0
-70.0
-70.0
-70.0
-70.0
-70.0
-70.0
-70.0
-70.0
-70.0
-70.0
-70.0
-70.0
-70.0
-70.0
-70.0
-70.0
-64.1701602858
-66.3751068318
-70.0
-70.0
-68.9326260848
-68.3912503261
-68.12004986
-68.0199945849
-68.0259616004
-68.0953430897
-68.200460547
-68.3235156698
-68.4532315544
-70.0
-70.0
-70.0
-70.0
-70.0
-70.0
-70.0
-70.0
-70.0
-70.0
-70.0
-70.0
-70.0
-70.0
-70.0
-70.0
-70.0
-70.0
-70.0
-70.0
-64.6373215471
-59.2651370905
-56.3996551801
-55.1337108613
-54.8696872412
-55.2156168278
-58.9277705823
-59.8524394538
-65.2518724439
-70.0
-70.0
-70.0
-70.0
-70.0
-70.0
-70.0
-70.0
-70.0
-70.0
-70.0
-70.0
-70.0
-70.0
-70.0
-70.0
-70.0
-70.0
-64.7965491778
-61.8479270452
-60.3504895308
-59.7736773711
-59.7684674963
-60.4619162407
-62.4127160298
-66.9504430087
-70.0
-70.0
-70.0
-70.0
-70.0
-70.0
-70.0
-70.0
-70.0
-70.0
-70.0
-70.0
-70.0
-70.0
-70.0
-70.0
-70.0
-70.0
-70.0
-70.0
-70.0
-70.0
-69.2925411501
-68.8916478019
-69.3856196955
-70.0
-70.0
-70.0
-70.0
-70.0
-70.0
-70.0
-70.0
-70.0
-70.0
-63.6399968881
-59.039420612
-56.6444274927
-56.4147419343
-61.7816583052
-70.0
-70.0
-70.0
-70.0
-68.4802512555
-67.6190603003
-66.1990519138
-66.4732940584
-66.7553962099
-66.3291072568
-66.89940068
-67.3449300446
-68.1179259868
-70.0
-70.0
-70.0
-70.0
-70.0
-70.0
-70.0
-70.0
-70.0
-64.607281265
-58.415604846
-55.0867454998
0
-70.0
-70.0
-70.0
-70.0
-70.0
-70.0
-70.0
-70.0
-70.0
-70.0
-70.0
-70.0
-70.0
-70.0
-70.0
-70.0
-70.0
-70.0
-70.0
-70.0
-70.0
-70.0
-70.0
-70.0
-70.0
-70.0
-70.0
-70.0
-64.2129722548
-60.9336565325
-59.268278548
-58.6267758057
-59.534045455
-64.3226264422
-70.0
-70.0
-70.0
-70.0
-70.0
-70.0
-64.4595700426
-61.3199930668
-59.7255804457
-54.185487599
0
-70.0
-70.0
-70.0
-70.0
-70.0
-70.0
-70.0
-70.0
-70.0
-70.0
-70.0
-70.0
-70.0
-69.5177074611
-69.2444083557
-69.1056152806
-69.0521522596
-62.2337554357
-68.7864578469
-70.0
-70.0
-70.0
-70.0
-70.0
-70.0
-70.0
-70.0
-70.0
-70.0
-70.0
-70.0
-70.0
-70.0
-70.0
-68.3920920353
-70.0
-70.0
-70.0
-70.0
-70.0
-70.0
-70.0
-70.0
-70.0
-70.0
-70.0
-70.0
-70.0
-70.0
-65.6107282616
-65.6880922138
-67.7393943971
-69.4414550524
-63.8640272051
-60.7221029232
-58.9487794272
-59.7739820905
-60.6099709522
-61.3389458447
-62.0650325853
-56.342752847
0
-70.0
-70.0
-70.0
-70.0
-70.0
-70.0
-70.0
-69.2397803805
-68.8089892627
-68.59021495
-68.5059431974
-68.5051820392
-67.5560750485
-66.7347416858
-68.1645574784
-70.0
-70.0
-70.0
-70.0
-70.0
-70.0
-70.0
-70.0
-70.0
-70.0
-70.0
-70.0
-70.0
-70.0
-64.615998224
-67.147635662
-70.0
-70.0
-70.0
-70.0
-70.0
-70.0
-70.0
-69.4531129451
-69.1432102807
-68.9858283393
-69.7627682903
-70.0
-70.0
-70.0
-70.0
-70.0
-69.1172725208
-68.6170602825
-68.3630309302
-68.2651789544
-68.2642951371
-68.3216216755
-68.4119635427
-68.5191032116
-68.6327502392
-70.0
-70.0
-70.0
-70.0
-70.0
-70.0
-70.0
-70.0
-70.0
-70.0
-70.0
-70.0
-70.0
-70.0
-70.0
-70.0
-70.0
-70.0
-70.0
-70.0
-70.0
-70.0
-70.0
-70.0
-70.0
-70.0
-70.0
-70.0
-70.0
-70.0
-70.0
-70.0
-70.0
-70.0
-70.0
-70.0
-70.0
-70.0
-70.0
-70.0
-70.0
-70.0
-70.0
-70.0
-70.0
-70.0
-70.0
-70.0
-70.0
-70.0
-69.9781210085
-70.0
-63.639611957
-60.5909476215
-56.6981950792
-57.9702222871
-70.0
-70.0
-70.0
-70.0
-70.0
-70.0
-70.0
-70.0
-64.0535005507
-60.6838175295
-58.9725471324
-58.3133666565
-60.5537666671
-70.0
-70.0
-70.0
-70.0
-70.0
-70.0
-70.0
-70.0
-70.0
-70.0
-70.0
-62.6678780356
-58.5130089224
-57.2999621413
-62.3360381082
-70.0
-70.0
-70.0
-70.0
-70.0
-70.0
-66.9887921934
-65.2824411031
-61.0825490787
-58.8598622282
-57.8975880436
-57.7236372647
-58.8309480243
-68.0751167468
-70.0
-70.0
-70.0
-70.0
-70.0
-70.0
-70.0
-70.0
-70.0
-70.0
-70.0
-70.0
-70.0
-70.0
-70.0
-70.0
-70.0
-70.0
-70.0
-70.0
-70.0
-70.0
-70.0
-70.0
-70.0
-70.0
-70.0
-70.0
-70.0
-70.0
-70.0
-70.0
-70.0
-70.0
-70.0
-70.0
-70.0
-70.0
-70.0
-70.0
-70.0
-70.0
-70.0
-70.0
-70.0
-70.0
-70.0
-70.0
-70.0
-70.0
-70.0
-70.0
-70.0
-70.0
-70.0
-70.0
-70.0
-70.0
-70.0
-70.0
-70.0
-70.0
-70.0
-70.0
-70.0
-70.0
-70.0
-70.0
-70.0
-70.0
-70.0
-70.0
-64.7095084617
-61.7115632566
-60.1890773584
-61.9650539143
-70.0
-70.0
-70.0
-70.0
-70.0
-70.0
-70.0
-70.0
-70.0
-70.0
-70.0
-70.0
-70.0
-70.0
-69.0902762542
-70.0
-70.0
-70.0
-66.2721175253
-64.1596507897
-63.0868490553
-62.6736063795
-62.6698738947
-62.9119719406
-64.2934866362
-66.2595520587
-70.0
-70.0
-70.0
-70.0
-70.0
-70.0
-70.0
-70.0
-70.0
-70.0
-70.0
-70.0
-70.0
-63.238790594
-63.4342989982
-70.0
-70.0
-70.0
-70.0
-70.0
-70.0
-70.0
-65.6706916445
-63.2174169097
-58.082649283
-55.3990337308
-54.2755632752
-54.1256288926
-54.5648139667
-58.2075869099
-69.4303317463
-70.0
-70.0
-70.0
-70.0
-70.0
-70.0
-70.0
-70.0
-70.0
-70.0
-70.0
-70.0
-66.3145876382
-70.0
-70.0
-70.0
-70.0
-70.0
-70.0
-70.0
-70.0
-70.0
-70.0
-70.0
-70.0
-70.0
-70.0
-70.0
-70.0
-70.0
-70.0
-70.0
-70.0
-70.0
-68.9485269196
-68.3526921741
-67.1086292511
-66.4585705223
-66.1865829342
-66.1505042836
-66.2571736171
-66.4459360966
-66.9946666462
-70.0
-70.0
-70.0
-70.0
-70.0
-70.0
-69.5876467268
-69.353979872
-69.2353137634
-70.0
-69.6469933686
-69.4469562774
-69.3453688135
-69.3062373747
-69.3058839323
-66.4518516148
-70.0
-70.0
-70.0
-70.0
-70.0
-70.0
-70.0
-69.4872512804
-69.8610766811
-70.0
-69.587800235
-69.3542203681
-69.2355984357
-69.1588827013
-69.1408905039
-70.0
-70.0
-70.0
-70.0
-70.0
-70.0
-70.0
-70.0
-70.0
-70.0
-70.0
-70.0
-70.0
-70.0
-70.0
-70.0
-70.0
-70.0
-70.0
-70.0
-70.0
-70.0
-70.0
-63.6975648029
-60.1261848579
-58.3124840623
-57.9997688749
-69.8911086355
-70.0
-70.0
-70.0
-70.0
-70.0
-70.0
-70.0
-70.0
-70.0
-70.0
-70.0
-70.0
-70.0
-70.0
-70.0
-70.0
-70.0
-70.0
-70.0
-70.0
-70.0
-70.0
-66.3177239204
-61.8977674753
-59.5158680257
-58.4361994218
-58.1738582787
-58.4106583169
-58.8856602968
-60.2363406059
-63.6319131385
-70.0
-70.0
-70.0
-70.0
-70.0
-70.0
-70.0
-70.0
-70.0
-70.0
-70.0
-70.0
-70.0
-70.0
-70.0
-70.0
-70.0
-70.0
-70.0
-70.0
-70.0
-70.0
-70.0
-70.0
-70.0
-70.0
-70.0
-70.0
-70.0
-70.0
-70.0
-70.0
-70.0
-70.0
-70.0
-70.0
-70.0
-70.0
-70.0
-70.0
-70.0
-70.0
-70.0
-70.0
-70.0
-70.0
-70.0
-68.5475830825
-67.7245468292
-67.3065735163
-67.1455704113
-67.1441162013
-67.2384398019
-66.3986469888
-65.681483068
-65.3951352799
-68.5889772008
-70.0
-70.0
-70.0
-70.0
-70.0
-70.0
-70.0
-70.0
-70.0
-70.0
-63.8477796633
-60.3615214726
-59.5325215122
-61.1133825277
-70.0
-70.0
-70.0
-70.0
-70.0
-70.0
-70.0
-65.609835688
-63.1220759112
-61.8586841814
-61.3720263375
-60.367719858
-60.3545123528
-62.6457422731
-70.0
-70.0
-70.0
-70.0
-70.0
-70.0
-70.0
-70.0
-70.0
-70.0
-70.0
-70.0
-70.0
-70.0
-70.0
-70.0
-70.0
-70.0
-70.0
-70.0
-70.0
-70.0
-70.0
-70.0
-70.0
-70.0
-70.0
-70.0
-70.0
-70.0
-70.0
-70.0
-70.0
-68.9563139314
-68.3648918259
-68.0645421684
-67.948847635
-67.9478026604
-68.0155822536
-68.1223972678
-68.249073034
-68.383442726
-70.0
-70.0
-70.0
-70.0
-70.0
-70.0
-66.7865495729
-64.9655943309
-64.040834708
-63.6846177773
-63.6814003597
-63.8900898971
-64.2189672896
-64.6089948155
-68.5012815016
-70.0
-70.0
-70.0
-70.0
-70.0
-70.0
-70.0
-70.0
-70.0
-70.0
-69.816053698
-62.7139225608
-58.6955131265
-61.4950173376
-70.0
-70.0
-70.0
-70.0
-70.0
-70.0
-70.0
-70.0
-70.0
-70.0
-70.0
-70.0
-70.0
-70.0
-70.0
-70.0
-70.0
-70.0
-70.0
-70.0
-70.0
-70.0
-64.2406889497
-60.9770793545
-59.3196776189
-58.6812473236
0
-70.0
-70.0
-70.0
-70.0
-70.0
-70.0
-70.0
-68.5512827322
-67.7303429472
-67.3134343112
-67.1528413193
-67.1513908135
-67.2454741496
-67.3937416795
-70.0
-70.0
-70.0
-70.0
-70.0
-70.0
-69.0874784771
-68.5703829475
-68.3077795315
-68.2066248308
-68.2057111827
-68.2649726211
-68.3583637301
-68.4691196045
-68.5866024756
-68.8857881358
-69.7184020873
-70.0
-70.0
-70.0
-70.0
-70.0
-70.0
-66.9969564539
-65.2952317778
-60.5421336907
-58.0055370487
-56.8833944952
-56.6473291466
-56.9507789659
-57.567822892
-68.3357006841
-70.0
-70.0
-70.0
-70.0
-70.0
-70.0
-70.0
-70.0
-70.0
-70.0
-70.0
-70.0
-70.0
-70.0
-70.0
-70.0
-70.0
-70.0
-70.0
-67.949825348
-64.4547263785
-62.5425094509
-61.6437623126
-61.3830552859
-61.5138625604
-61.875218173
-62.3628576015
-63.0606549555
-70.0
-70.0
-70.0
-70.0
-70.0
-70.0
-70.0
-70.0
-70.0
-63.8914488946
-60.4299366016
-58.672031339
-57.2911834332
-56.5529685752
-56.5582740412
-60.8652742146
-67.7758750923
-70.0
-70.0
-70.0
-70.0
-70.0
-70.0
-70.0
-70.0
-70.0
-69.8075086223
-70.0
-70.0
-63.4060360498
-62.8905574816
-70.0
-70.0
-70.0
-70.0
-70.0
-69.1027756573
-67.6059095497
-66.7875929002
-61.4777572212
-58.5759305731
-57.2156368984
-56.8256061304
-57.0307341319
0
-70.0
-70.0
