-67.93
-66.067
-64.3903
-62.06127
-61.0584763333
-60.0648509222
-59.1098473115
-58.2098502347
-57.3728569807
-55.7815657957
-54.6107388915
0
-70.0
-70.0
-70.0
-70.0
-67.8841139907
-66.8151119188
-65.5898736116
-63.4917348403
-61.7597937495
-60.3053026367
-59.8857645478
-59.2811828762
-58.5857277774
-57.8589304588
-57.9575543857
-57.7281435957
-57.3095590018
-56.7914229454
-56.2308272134
-54.8434422004
0
-70.0
-70.0
-70.0
-70.0
-67.8690461637
-65.9715056565
-64.2772644969
-62.7614776513
-61.4032896222
-60.1849338173
-59.9110892072
-59.3930794675
-57.9258376414
-56.7579646244
-55.8086419934
-55.0220936817
0
-70.0
-70.0
-70.0
-70.0
-67.8101045498
-65.8791637947
-64.1679605485
-62.6456399158
-61.2873928723
-60.0728648838
-58.9850525946
-58.0095301346
-57.1338989874
-57.1673903329
-56.9252387957
-56.5257732469
-56.0452348094
-55.5320705866
-55.0164363666
-54.5165079558
-54.0426673108
0
-70.0
-70.0
-70.0
-70.0
-68.4808639913
-66.930020253
-65.4118466683
-63.9638809618
-62.6063055059
-61.3482167155
-60.1917562174
-59.1348213779
-58.172833095
-57.2998790221
-57.3294439442
-57.0795347661
-56.6702714336
-56.1790377197
-55.654996234
-55.1287381348
-54.6186920042
-54.1353745923
0
-70.0
-70.0
-70.0
-70.0
-67.9342624341
-66.0736778134
-64.3982044473
-62.069646946
-60.246857547
-59.6082886561
-58.8815376996
-58.1261025358
-57.3786380196
-56.6608713759
-55.9848490105
-55.3564072909
-54.7774620161
-54.247512784
0
-70.0
-70.0
-70.0
-70.0
-67.6885994596
-65.68880582
-63.942636109
-62.406846412
-61.0484777135
-59.8418405705
-58.7664635991
-57.8056886296
-56.9457006936
-56.1748512422
-55.4831798633
-54.8620710405
-54.3040033788
0
-70.0
-70.0
-70.0
-70.0
-67.6396308975
-65.6120884062
-63.8518266311
-61.4906086784
-59.6675242841
-58.2280895048
-57.0668256537
-56.9311731546
-56.5954092166
-55.3307705466
-54.3709616597
0
-70.0
-70.0
-70.0
-70.0
-67.8986819791
-66.0179351005
-64.3322224701
-62.8197208094
-61.4615624528
-60.2412820237
-59.1444043654
-58.9781309583
-58.5557625487
-57.1738160847
-56.0821876701
-55.201137699
-54.4758031264
-54.688075612
-54.6358365829
-54.426631946
-54.1302214324
0
-70.0
-70.0
-70.0
-70.0
-67.4833061339
-66.1871796097
-64.8465977082
-63.5240286437
-62.2563529169
-61.8838690503
-61.2409164286
-61.277114308
-60.899595892
-60.286431646
-59.5523187102
-58.7701069917
-57.9851097276
-57.2246077115
-56.5041529115
-55.8317416011
-55.2105700948
0
-70.0
-70.0
-70.0
-70.0
-67.8248260217
-65.9022274341
-64.1952607003
-62.6745719701
-61.3163396662
-60.1008556284
-59.0115366847
-58.8542274291
-58.441367628
-57.8889394931
-57.2711846291
-56.6348255564
-56.0085159275
-55.4091129526
-54.8458340693
-54.3230056036
0
-70.0
-70.0
-70.0
-70.0
-69.2994544804
-68.212478686
-66.9298772532
-65.5726538184
-64.2158979635
-62.9046478518
-61.6644095231
-60.5081195418
-59.4407415682
-58.4622900652
-57.5698094945
-56.7586608356
-56.0233496124
-55.3580512248
-54.7569371513
0
-70.0
-70.0
-70.0
-70.0
-67.8224282951
-65.8984709957
-65.0108142495
-63.9545263935
-62.8322694667
-61.7078396618
-59.7995871235
-58.304649363
-57.107531728
-56.1290100893
-55.3142634365
-54.6249399969
-54.0338479333
0
-70.0
-70.0
-70.0
-70.0
-69.0013164937
-67.7453958401
-66.37699692
-64.9867243372
-63.6296699763
-62.3377816939
-60.3080560013
-58.7232853858
-57.4583135035
-56.4273865908
-55.5712508901
-55.6685277733
-55.5146096442
-55.2151051119
-54.8382322221
-54.4275007475
-54.0101451711
0
-70.0
-70.0
-70.0
-70.0
-67.9383748256
-66.0801205602
-64.4058306489
-62.8977290138
-60.719610399
-58.2120855501
-57.2305011225
-56.3772004285
-55.6293133311
-54.9696039617
-54.3847915413
0
-70.0
-70.0
-70.0
-70.0
-68.5864574355
-67.0954499822
-66.4276638442
-64.6360700333
-63.0499114122
-61.6398858592
-61.2025409988
-60.5433827159
-59.7731083223
-58.9618400754
-58.1530177914
-57.3726238279
-57.455299989
-57.2330623526
-56.835284359
-55.5254414176
-54.5320209388
0
-70.0
-70.0
-70.0
-70.0
-66.8344772489
-65.1706810232
-64.4633805871
-63.5335543058
-62.5012067269
-62.2617579553
-61.6860300938
-60.9277257071
-60.0851522182
-60.0401030509
-58.8350701155
-57.7942146838
-56.8865609353
-56.0890833216
-55.3842939761
-54.7586105695
-54.20124684
0
-70.0
-70.0
-70.0
-70.0
-67.3823234965
-65.2089734779
-64.1946643507
-63.9095900628
-63.2515591546
-62.3916886378
-60.6193767065
-59.1786769909
-57.9849679284
-56.97924356
-56.1198341537
-55.3768607047
-54.7285146118
-54.1585564691
0
-70.0
-70.0
-70.0
-70.0
-68.7172498935
-67.3003581665
-65.8502111914
-63.6084493
-60.9664438551
-58.9923591264
-57.4848296516
-56.3074843117
-55.3674942973
-54.6012504788
0
-70.0
-70.0
-70.0
-70.0
-67.6730347862
-65.664421165
-63.9137722868
-62.376257217
-61.0178729345
-59.8122466006
-58.7384625802
-57.7795767486
-56.9215926914
-56.1527491673
-55.4630180806
-54.8437454926
-54.2873904234
0
-70.0
-70.0
-70.0
-70.0
-67.8218425881
-66.717553388
-65.474394755
-64.1893530834
-62.922016311
-61.7075470372
-61.3852805716
-60.7890780066
-60.0483872007
-59.2456931438
-59.2525536049
-58.9249180947
-59.2275061854
-59.898142167
-59.9472523504
-59.6218100487
-59.9024843328
-59.7174727588
-59.2592167224
-57.8322892099
-56.691723062
-55.7609926046
-54.9871879099
-54.3333321628
-54.5932409758
-54.5727448977
-54.3846890876
-54.1023659653
0
-70.0
-70.0
-70.0
-70.0
-67.5854092323
-65.5271411306
-63.7512755652
-62.2040470405
-60.8455750243
-59.6456393138
-58.5808232436
-58.4525728268
-58.0705368158
-57.548963982
-57.7810548157
-57.6376074887
-57.2736188428
-56.7894383606
-56.2492821259
-55.6935456475
-55.1469855723
-54.624150008
-54.1329770026
0
-70.0
-70.0
-70.0
-70.0
-68.1765836594
-67.2733143997
-65.3122423639
-63.6018577303
-62.0988983591
-60.7704927911
-59.5910996906
-58.540427174
-58.4220094248
-58.0468917945
-57.5302581565
-56.9459360352
-57.1604782279
-57.0271876025
-56.6896403073
-56.2407905865
-55.7401210679
-55.2250486544
-54.7185035845
-54.2339597564
0
-70.0
-70.0
-70.0
-70.0
-67.8270474869
-66.7257077295
-65.4840469507
-64.1995822517
-63.7522506906
-63.0021100643
-62.0952886863
-61.1246862367
-60.148168559
-58.3806523338
-57.0174541875
-56.7622868268
-57.1804435162
-57.1686560793
-56.8992950811
-56.4843686462
-55.9959338304
-55.4796751466
-54.9639307647
-54.4656864434
-54.8145503026
-54.8400502746
-54.6706819154
-54.3900381693
-54.0519839827
0
-70.0
-70.0
-70.0
-70.0
-67.8370243846
-65.9213382025
-64.2178818865
-62.6985453673
-61.3403252769
-60.1240490468
-59.0334816738
-58.0546918609
-57.1755949111
-55.5656169109
-54.3907762137
-54.3361792549
-54.1355484379
0
-70.0
-70.0
-70.0
-70.0
-66.8936367283
-64.4433642077
-62.4684218884
-60.8445091005
-59.4853444578
-58.3303341902
-57.33631689
-57.2920292802
-56.9990557383
-56.5666364219
-56.064963618
-55.5384611484
-55.0146109617
0
-70.0
-70.0
-70.0
-70.0
-67.4663508085
-65.3406162667
-63.5304883327
-61.9700619612
-60.6114707396
-59.419266982
-57.546635828
-56.9681692747
-56.3654837002
-54.9483562322
0
-70.0
-70.0
-70.0
-70.0
-66.9565060874
-64.541859537
-62.5850096221
-60.9680660191
-58.7889643234
-57.1652044951
-55.928775115
-55.7859583165
-55.4840696268
-55.0968007587
-54.671212746
-54.2368195134
0
-70.0
-70.0
-70.0
-70.0
-67.2809939571
-65.0502238661
-63.1867543492
-61.6057808275
-60.2470040202
-59.0668378019
-58.8531768108
-58.4065409891
-57.8350081298
-57.2075881432
-56.5675498798
-55.9412752591
-56.1641346447
-56.0690457879
-55.7863576143
-55.4005327896
-54.9656868018
-54.5159229824
-54.0722005913
-54.4668938037
0
-70.0
-70.0
-70.0
-70.0
-68.4756000677
-66.9217734394
-65.4020850145
-63.1335357924
-61.3112883993
-59.8175636836
-58.570743398
-57.5136264467
-56.6055687277
-55.8172151387
-55.1269624807
-54.5185788032
0
-70.0
-70.0
-70.0
-70.0
-67.9277448622
-66.0634669507
-64.3861179722
-62.876837986
-62.338708728
-61.581207549
-60.7173332566
-59.818430906
-58.9284751321
-58.0735524966
-57.2681471655
-56.5192990613
-55.8293468967
-55.1977307014
-54.6221699609
-54.0994278512
0
-70.0
-70.0
-70.0
-70.0
-68.1737947774
-66.4489451513
-65.6624038705
-64.6450656398
-63.5231605133
-62.375912087
-61.2516992949
-60.1787816432
-59.1724049974
-58.2394988434
-57.3817718562
-56.5977432686
-55.8840680071
-55.2363939167
-55.4699096652
-56.2243554588
-57.2662110863
-57.6257840933
-57.564001761
-57.2514656363
-57.6188951069
-57.5620562857
-57.2525511168
-55.9817629783
-54.9965646625
-54.2155601843
0
-70.0
-70.0
-70.0
-70.0
-67.6684824791
-65.6572892172
-63.0853302862
-61.082643918
-60.3082772999
-59.4767147523
-59.4585533987
-59.1090381399
-58.5723610466
-57.9412760891
-57.2745825783
-56.6087470525
-55.9656208353
-55.3575577438
-54.7908012975
-54.2677207197
0
-70.0
-70.0
-70.0
-70.0
-68.2089903585
-66.5040848949
-64.9076721203
-63.4295687182
-62.071721053
-60.0112884188
-58.417985891
-57.1580715112
-56.9601871663
-56.5861169872
-56.1188043135
-55.6111232321
-55.0961438089
-54.5939513614
-54.1161708474
0
-70.0
-70.0
-70.0
-70.0
-67.5700868804
-65.5031361126
-63.7228611149
-62.1739340791
-60.8154467216
-59.6165060831
-57.7332581639
-56.3222008069
-55.2414930325
-54.3950186001
0
-70.0
-70.0
-70.0
-70.0
-68.1508109626
-66.4129371747
-64.7997816629
-63.315228967
-62.7773230505
-62.005335399
-61.1186316281
-60.192654978
-58.4539804886
-57.1056431121
-56.0364525824
-55.9903898452
-55.739739208
-55.3746908521
-54.9531721435
-54.5118218469
-54.073284274
0
-70.0
-70.0
-70.0
-70.0
-67.117255494
-64.793700274
-62.8831104662
-61.2839862326
-59.9250454847
-58.7555128532
-56.9186095124
-55.5625138576
-54.5401060028
0
-70.0
-70.0
-70.0
-70.0
-67.8952208312
-66.8325126356
-65.6104706304
-64.3335630729
-63.0662997693
-62.6670651282
-61.9819555059
-61.9681578823
-61.5376073788
-60.8713568307
-60.0858946075
-59.2550874533
-58.4247669124
-56.8024156907
-55.5789244347
-54.6355321999
0
-70.0
-70.0
-70.0
-70.0
-67.9023018016
-66.0236061558
-64.3389352298
-62.8268348332
-60.6486801009
-59.7834979247
-58.9149386882
-58.07330519
-58.0958815848
-57.8162313688
-58.1845668603
-57.2894159265
-56.486011502
-55.7644351306
-55.1160081367
0
-70.0
-70.0
-70.0
-70.0
-68.1862867726
-66.4685159437
-64.8655695816
-63.384949445
-61.2070790482
-59.5034541751
-58.1411641121
-57.0290846039
-55.2842007456
-54.0377970723
0
-70.0
-70.0
-70.0
-70.0
-67.5795323041
-64.6979339431
-62.4557104617
-60.6718526908
-59.2224762719
-58.0221012115
-57.0111394682
-56.14752444
-55.4011046084
-54.7498825558
-54.1774865724
0
-70.0
-70.0
-70.0
-70.0
-68.4742605013
-66.9196747853
-65.3996008629
-63.9509031473
-62.5933210798
-61.3356611366
-60.1798764661
-59.1237431149
-58.9826050004
-58.5751686317
-58.0215345227
-57.3986362399
-56.7549427289
-56.1202285313
-55.5120590618
-55.7600887446
-54.8735702628
-54.1558734984
0
-70.0
-70.0
-70.0
-70.0
-68.2803679791
-67.4359098339
-66.324704619
-65.0904913361
-63.8236136551
-62.5793665914
-61.3901728001
-60.2736507653
-59.2379491856
-58.2852632649
-56.594142937
-55.3363326424
-54.3804353775
0
-70.0
-70.0
-70.0
-70.0
-67.8990742167
-66.0185496061
-64.3329498529
-62.0004916726
-60.997667042
-60.0060500288
-59.0542114867
-58.9779679785
-58.609622941
-58.0782951538
-57.466888643
-56.8278151151
-56.1934438278
-56.4030395945
-56.2920290681
-55.9923551166
-54.7694722418
0
-70.0
-70.0
-70.0
-70.0
-68.7013944702
-67.2755180033
-65.8208081897
-64.3972886952
-63.039934042
-61.7675234487
-60.5884929778
-59.5047915959
-58.514411047
-57.6130356827
-56.7951092747
-56.0545164541
-55.3850102133
-54.780472795
-54.2350679175
0
-70.0
-70.0
-70.0
-70.0
-68.1866928858
-66.4691521877
-64.866322696
-63.3857475777
-62.0278775875
-60.7888930071
-59.6625391587
-58.6413088776
-57.7171937464
-56.8821515428
-55.3083878359
0
-70.0
-70.0
-70.0
-70.0
-69.1170849007
-67.9267663445
-66.5916829992
-65.2142435588
-63.8573051092
-62.5578985358
-61.3363246406
-60.2021694821
-59.1582707376
-58.2033224664
-57.333576088
-56.5439423914
-55.8286974271
-55.1819272009
-55.4178008252
-56.1753983056
-56.4007768503
-56.2993114155
-56.825121774
-56.8897705967
-56.6755675371
-55.4811934501
0
-70.0
-70.0
-70.0
-70.0
-67.2352451175
-64.9785506841
-63.1019156679
-61.5158708026
-60.97704819
-60.2645196828
-59.471518589
-58.6566673131
-57.8558676372
-57.0901922437
-56.3711139328
-55.7039631485
-55.0902072396
-54.5289467863
-54.0178922881
0
-70.0
-70.0
-70.0
-70.0
-68.9130147758
-66.7870564821
-64.9285796231
-63.2925408536
-61.8444995635
-60.5575248039
-59.4100891214
-58.3846247412
-57.4665252883
-56.643448107
-55.9048201947
-55.2414827741
0
-70.0
-70.0
-70.0
-70.0
-68.3684324476
-66.7538775013
-66.0233486168
-65.0275863322
-64.7258760837
-64.0306540651
-63.1224990518
-62.1168560755
-60.2662417538
-58.790331769
-56.7684413858
-55.3063591097
-54.2288977737
0
-70.0
-70.0
-70.0
-70.0
-67.888138783
-66.0014174267
-64.3126706987
-62.7990003053
-60.6208313924
-58.9365689982
-57.6047925951
-57.3489003334
-56.9270682986
-56.4197334678
-55.8780081204
-55.3337059746
-54.8060011546
-54.3058448908
0
-70.0
-70.0
-70.0
-70.0
-67.3877618745
-66.0374936034
-64.6694161873
-63.3362558647
-62.0684844756
-60.882205493
-59.784364587
-58.7761812239
-57.8553984985
-57.0177489133
-56.2579008651
-55.5700620074
-54.9483566258
-54.3870548427
0
-70.0
-70.0
-70.0
-70.0
-68.294754689
-66.6384490128
-65.0667173066
-63.5981210394
-62.2403592444
-60.9943568592
-59.8569435328
-59.6425974192
-58.3492365038
-57.2715787377
-56.3592647868
-55.57656759
-54.8977303523
-54.3038369979
0
-70.0
-70.0
-70.0
-70.0
-68.6255230447
-67.15665277
-65.6801088462
-65.0681788637
-64.1754149121
-63.1439093774
-62.0635424106
-60.9898708169
-59.9560055001
-58.9804861267
-57.2524916318
-56.7706118804
-56.2324636336
-55.6784925644
-55.133493504
-54.6120442843
-54.9421066097
-55.7720737846
-56.0543182968
-55.9985210608
-55.7417586839
-55.3729759683
-54.9492738066
-54.5067433827
-54.0676670156
0
-70.0
-70.0
-70.0
-70.0
-67.8291800688
-65.9090487745
-64.2033350387
-62.6831289626
-61.3249010182
-60.1091342176
-59.0193696634
-58.041531942
-56.3434449112
-55.9098111956
-55.4293039264
-54.936689434
-54.4532310908
0
-70.0
-70.0
-70.0
-70.0
-67.9370418085
-66.0780321667
-64.4033586427
-62.8951092402
-60.7169892907
-58.2095510113
-56.40810301
-55.0902974422
-54.1066041867
0
-70.0
-70.0
-70.0
-70.0
-67.8944739853
-66.011342577
-64.3244189794
-62.8114508549
-61.453288285
-60.2332811336
-59.9568341383
-58.6157381365
-57.5005559309
-56.5580947431
-56.570681539
-56.3358775653
-55.9604659289
-55.513203416
-55.0377391278
-54.561202584
-54.0999072382
0
-70.0
-70.0
-70.0
-70.0
-67.935691076
-66.0759160191
-64.4008537843
-62.8924546506
-60.7143333487
-58.2069827893
-56.4056730273
-55.0880314025
0
-70.0
-70.0
-70.0
-70.0
-67.7687204985
-65.8143287809
-64.0912161244
-62.564307993
-61.2060195144
-59.9941791101
-58.9106022305
-57.940102695
-57.0697995506
-56.2886243456
-55.5869650777
-54.9564040144
-54.389520576
0
-70.0
-70.0
-70.0
-70.0
-67.9298908719
-66.8868290327
-65.6747642947
-64.4016999754
-63.1344713847
-61.9129851841
-60.7596606243
-59.6856772009
-58.6950979068
-57.7875804002
-56.9601505495
-56.2083542874
-55.526998054
-54.9106177121
0
-70.0
-70.0
-70.0
-70.0
-67.9845465647
-66.1524562847
-64.4914535739
-62.9884701616
-61.6303977755
-60.4045410846
-59.2988757007
-58.3021806136
-57.4040908742
-56.5951006681
-55.8665365222
-55.2105134839
-54.6198825448
0
-70.0
-70.0
-70.0
-70.0
-67.9840286779
-66.1516449287
-64.4904931816
-63.8074523606
-63.7340461226
-62.3888675091
-61.1454647574
-60.0045742811
-58.9632208526
-58.0163014337
-57.1576064013
-56.3804691685
-55.6781711898
-55.0441866963
0
-70.0
-70.0
-70.0
-70.0
-68.6423529328
-67.1830195948
-65.7113189388
-64.2812545805
-62.9238408129
-61.6552645252
-60.4822766018
-58.5857412943
-57.1382954001
-56.0085513502
-55.1070865419
-55.1926381055
-55.0475477735
-54.7689086485
-54.4194282186
-54.0390923533
0
-70.0
-70.0
-70.0
-70.0
-68.1845169345
-66.4657431973
-64.0422875151
-62.096804522
-60.5029545754
-59.1732127882
-58.046260623
-57.0785473031
-56.238634401
-55.5033988464
-54.8554775521
-54.2815421905
0
-70.0
-70.0
-70.0
-70.0
-68.4750523912
-66.9209154129
-65.4010693788
-63.9524594457
-62.594878171
-61.3371668005
-60.1813010848
-58.3050716193
-57.699164886
-57.0556486831
-56.4110173386
-55.7872046206
-56.0166768358
-55.9304709371
-55.6577316999
-55.2821637677
-54.8574175494
-54.4173225667
0
-70.0
-70.0
-70.0
-70.0
-67.9401528031
-66.0829060581
-64.4091278092
-62.9012232662
-62.3631064316
-62.4247994497
-62.8443219456
-62.644558045
-62.0798811031
-61.3150789012
-60.45569495
-59.568208081
-58.6934423568
-58.6754681771
-58.3521680634
-58.6764490597
-58.5584693555
-57.3590658878
-56.3707882776
-55.5421287689
-54.0168621047
0
-70.0
-70.0
-70.0
-70.0
-68.8328704494
-67.4814970374
-66.0646230889
-65.4756779502
-64.583121602
-63.5381504063
-61.6165626754
-60.0530579476
-58.7565198461
-57.6633796569
-56.7287162215
-56.7402942863
-56.4992313156
-56.1146191559
-56.4766978883
-57.2747218648
-57.4877121885
-57.3425826431
-56.9874188278
-56.5180732443
-55.9958634528
-56.2793421294
-56.2167845978
-55.9486905922
-54.7462111691
0
-70.0
-70.0
-70.0
-70.0
-67.7613209008
-65.802736078
-64.0774939817
-62.5497655912
-61.1914697038
-59.9801098479
-58.8972902728
-57.927688852
-57.0583383711
-56.2781168035
-55.5773799695
-54.9476918701
0
-70.0
-70.0
-70.0
-70.0
-67.6598699499
-65.6437962548
-63.8893588292
-62.3503844129
-60.9919869494
-59.7872155729
-58.7147788947
-56.9374909245
-55.6165351116
-54.6134104535
-54.6544219768
-54.5005481583
-55.0548722619
-55.1956376486
-54.2635756257
0
-70.0
-70.0
-70.0
-70.0
-67.7379562572
-64.9461314696
-62.7494988814
-60.9832026991
-59.5339848997
-58.3233213901
-58.1161459047
-57.6979690833
-56.3471306876
-55.301723294
-54.4744214147
0
-70.0
-70.0
-70.0
-70.0
-68.0450393811
-66.2472283637
-64.6036341411
-63.1073564696
-61.749344651
-60.5195594048
-59.4077029436
-58.4036656354
-57.4977877293
-56.6810013947
-55.9448962141
-55.2817365653
-54.6844495571
0
-70.0
-70.0
-70.0
-70.0
-67.6398720789
-65.6124662569
-63.0322738885
-61.0264160045
-59.4320207406
-58.1376495576
-57.8864385292
-58.2694972945
-58.2003493106
-57.8621822098
-57.3738758757
-56.8117628794
-56.2241029856
-55.6407036165
-55.0793072078
-54.549825789
-54.0571427448
0
-70.0
-70.0
-70.0
-70.0
-67.9328356244
-66.0714424783
-64.395558508
-62.8868428422
-61.5287186813
-60.3062202288
-59.2058471496
-58.2154283971
-58.1439961991
-57.8063370069
-57.3201969247
-56.7611729779
-56.1770528439
-55.5973456687
-55.0396098413
-54.5136480168
-54.0242826549
0
-70.0
-70.0
-70.0
-70.0
-67.6898463157
-65.6907592279
-64.7649483343
-63.6939635204
-62.571573848
-61.4557542496
-60.3810706823
-59.3668915191
-58.4228209706
-57.5522846091
-56.7548866386
-56.027951635
-55.3675255783
-55.5890190917
-54.6922812301
-54.7944958054
-54.6726746904
-55.240492865
-55.383167341
-55.2659997819
-54.996832587
0
-70.0
-70.0
-70.0
-70.0
-67.6685400523
-65.6573794153
-63.9054370526
-62.3674237332
-61.0090349504
-58.9837005158
-58.2657098378
-57.5360584364
-56.8237323144
-56.965545564
-56.7951153283
-56.4430200093
-55.9936621509
-55.5009253642
-55.81858578
-55.7918958368
-54.739485343
0
-70.0
-70.0
-70.0
-70.0
-67.8946006334
-66.0115409923
-64.3246538413
-62.8116997559
-61.4535373129
-59.4135219366
-57.852395313
-56.630639495
-55.6532313544
-54.0350120915
0
-70.0
-70.0
-70.0
-70.0
-67.9516936184
-66.1009866689
-63.6105296102
-61.6392377213
-60.0451546639
-58.7305330074
-57.6274089132
-56.6879541596
-55.8780161688
-54.3527861686
0
-70.0
-70.0
-70.0
-70.0
-68.4005138319
-66.8041383367
-65.2628417616
-63.8059690912
-61.6283131859
-59.9107758699
-58.5265609513
-57.3884799684
-56.4360153797
-55.6266694472
-54.9301729061
-54.3246025513
0
-70.0
-70.0
-70.0
-70.0
-67.9262642029
-66.0611472512
-64.3833721718
-62.8739280517
-61.5157973113
-60.2937256234
-59.1940250898
-58.2044039333
-57.313817775
-56.5123388209
-55.7910401543
-55.1418929493
-54.5576748613
-54.0318881798
0
-70.0
-70.0
-70.0
-70.0
-67.1403686852
-64.8299109401
-63.7459725951
-62.6140771682
-61.4911373398
-60.4110021981
-59.3925543732
-58.4450671991
-56.7517393213
-55.487351284
-54.5224734188
0
-70.0
-70.0
-70.0
-70.0
-67.8996116116
-66.0193915248
-64.3339464219
-62.8215478128
-61.4633903869
-60.2430495851
-58.3260767845
-56.8750238781
-55.7518913382
-54.8629487697
-54.144151603
0
-70.0
-70.0
-70.0
-70.0
-67.915733681
-66.0446494336
-64.363843904
-62.8532324561
-61.4950911722
-60.2737033628
-59.175080565
-58.1867375342
-57.2975071312
-55.6773853184
-54.4927327201
0
-70.0
-70.0
-70.0
-70.0
-67.7740020573
-66.642603223
-65.3856771484
-64.0953322654
-62.8279475933
-61.6165852037
-61.2992149298
-60.7088189344
-59.9742873727
-59.1777588566
-58.3705831184
-57.5839249049
-56.8357991466
-56.1357303867
-56.3078314513
-56.1774977083
-55.8700475389
-55.4665758526
-55.0189403124
-54.5597276446
-54.108875789
0
-70.0
-70.0
-70.0
-70.0
-67.5721505325
-65.5063691675
-63.726688043
-62.1779897668
-60.8195044756
-59.6204298183
-58.5569706967
-57.6103295338
-56.7653338516
-56.8294919806
-55.7970037919
-54.9609440857
-54.2706101258
0
-70.0
-70.0
-70.0
-70.0
-67.7571175154
-65.7961507741
-64.0696990369
-62.5415046933
-62.0032045974
-61.2567843866
-60.4103727805
-59.5321800576
-58.6641917552
-57.8312590486
-57.047124123
-57.1384056969
-56.9318944513
-56.5535912223
-56.0848229108
-54.7574011602
0
-70.0
-70.0
-70.0
-70.0
-68.1159915975
-66.3583868361
-64.7352110847
-63.2467985977
-61.888857819
-60.6544647577
-59.5353467624
-58.5226977398
-57.6076850682
-57.6017546297
-57.3214712122
-57.705918788
-57.6563900406
-57.3481264574
-56.8948974256
-56.369796759
-55.8190764671
-55.271341743
-54.7436561838
-54.2455896421
0
-70.0
-70.0
-70.0
-70.0
-67.9340646652
-65.2533679754
-63.1131710291
-61.368613827
-59.9195923781
-58.6961930962
-57.6489470905
-56.7423012508
-55.1302370386
0
-70.0
-70.0
-70.0
-70.0
-67.8538115479
-65.9476380917
-64.2490127483
-62.7315371173
-61.3733338348
-60.1559674041
-58.2436819656
-56.7981879703
-55.6809519741
-54.7979119772
-54.0848242465
0
-70.0
-70.0
-70.0
-70.0
-68.0776392619
-67.1183015102
-65.9487554756
-64.692069339
-63.424988679
-62.1939073271
-60.205461605
-58.6488787849
-57.4032998001
-56.3858424158
-55.539173238
-54.8231992901
-54.2095082784
0
-70.0
-70.0
-70.0
-70.0
-68.1675751038
-66.439200996
-64.8308698315
-63.3481754717
-61.9902863401
-61.5725433165
-60.9128127251
-60.1298806127
-59.2991253249
-58.4673679747
-57.6627346321
-56.9011968055
-56.1909008826
-55.5350266329
-54.9336678619
-54.3850636706
-54.7063990334
-54.71898695
0
-70.0
-70.0
-70.0
-70.0
-68.2350296028
-66.5448797111
-65.7759604524
-64.7654102154
-63.6435663994
-62.4923412298
-61.3618614203
-60.2815114873
-59.2672511446
-58.3264532342
-57.4610927134
-56.6698399772
-56.7694270029
-56.5801983182
-56.2239878301
-55.779461943
-55.2967643459
-54.8072536428
-54.3299720995
0
-70.0
-70.0
-70.0
-70.0
-67.9364477429
-66.8971014638
-65.6869236476
-64.4145861696
-63.1473641438
-61.9254521236
-60.7714565073
-59.6966772539
-57.8852537935
-56.5122245907
-55.4479995827
-54.6045312585
0
-70.0
-70.0
-70.0
-70.0
-67.6062211585
-65.5597464817
-63.7898701262
-62.2449486421
-60.8864974635
-59.6852101742
-59.4382641282
-58.952154363
-58.3387500251
-57.6694157548
-56.9888346675
-56.3241915262
-55.6912659239
-55.0984683651
-54.5495075509
-54.0451474774
0
-70.0
-70.0
-70.0
-70.0
-68.1747706497
-66.4504740178
-64.8442135715
-63.3623168513
-62.0044349241
-60.7662246037
-58.8210909246
-58.1566410197
-58.2827497094
-58.0589899329
-58.452767736
-58.3839421599
-58.0398487423
-57.5420644003
-57.7886583151
-57.6536593868
-57.2942047169
-55.9920584244
-54.9877020348
-54.1954981332
0
-70.0
-70.0
-70.0
-70.0
-67.9103844216
-66.0362689271
-64.3539239995
-63.6627195763
-62.7692396032
-61.7841769659
-60.7770001513
-59.7901273909
-58.8483328215
-57.9649783192
-57.1461330072
-56.3932880531
-55.7051381455
-55.0787435961
-54.51028208
0
-70.0
-70.0
-70.0
-70.0
-67.5663819232
-65.4973316796
-63.7159904775
-62.1666527403
-60.8081616733
-59.609461644
-58.546592905
-57.600651898
-56.7563988973
-56.0013004669
-55.3248647265
-55.538174458
-55.4582211483
-55.2049751242
-54.0361950056
0
-70.0
-70.0
-70.0
-70.0
-67.8792317054
-65.9874630051
-63.476153018
-61.4968285919
-59.0826729832
-57.3080905185
-55.156404689
0
-70.0
-70.0
-70.0
-70.0
-66.9914045079
-64.596533729
-62.649726804
-61.0366517556
-59.6775850013
-57.6962254487
-56.2275355356
-55.1154037365
-54.2542778658
0
-70.0
-70.0
-70.0
-70.0
-67.2508045654
-64.1829271525
-61.026103133
-58.7411386168
-57.0554552866
-55.7855301122
-54.8073906705
-54.0369273165
0
-70.0
-70.0
-70.0
-70.0
-67.9107100763
-66.0367791196
-64.3545279082
-62.8433595844
-61.4852132707
-60.2641517068
-59.1660430448
-58.9983097462
-58.5743927755
-58.0108961672
-57.3824349966
-56.7359437944
-56.1001842799
-55.4920557619
-54.9207767924
-54.3906501842
0
-70.0
-70.0
-70.0
-70.0
-68.0947803409
-65.5051558675
-63.4112093212
-61.6844677493
-60.2356072146
-59.0017706532
-57.9380763613
-57.0119239075
-56.1991683049
-55.4815426665
-54.8449158613
-54.2781092495
0
-70.0
-70.0
-70.0
-70.0
-67.9289188455
-66.0653061912
-64.388295059
-62.879145211
-61.5210171285
-60.2987730414
-59.1988008211
-58.2088574615
-57.3179295304
-56.5161084541
-55.7944788598
-55.1450184746
-54.5605082943
-54.0344519096
0
-70.0
-70.0
-70.0
-70.0
-67.849011858
-65.9401185775
-64.24011199
-62.7221043044
-61.3638962163
-60.1468414896
-59.0550472705
-58.0748024967
-56.3741622159
-55.1179726402
-54.1703264735
0
-70.0
-70.0
-70.0
-70.0
-67.7898980387
-65.8475069273
-64.1304886962
-62.6059281344
-61.2476608595
-60.0344451325
-58.9487008586
-57.9756309323
-57.1026012788
-55.4986967774
-54.3297308506
0
-70.0
-70.0
-70.0
-70.0
-67.8817940193
-65.9914772969
-64.3009046869
-62.7865309647
-61.4283556992
-60.2091720166
-59.9340227398
-59.414465749
-58.7655826963
-58.0607334415
-57.3457994405
-56.6486457252
-56.8053986386
-56.649270432
-56.3106178269
-55.873739003
-55.3924870752
-54.900653016
-54.4188641467
0
-70.0
-70.0
-70.0
-70.0
-67.936872005
-66.0777661412
-63.5830437515
-61.6101088594
-60.8360109621
-59.987018525
-59.1213891119
-58.2746318269
-57.4674230618
-56.7108503673
-56.009878405
-55.3656326141
-54.7768973858
-54.2410930026
0
-70.0
-70.0
-70.0
-70.0
-67.823059894
-66.7194605006
-65.4766521813
-64.1917454502
-62.9244098966
-61.7098615679
-60.5674705184
-59.5064535381
-58.529628232
-56.8158787739
-55.5370998066
-54.5619290993
0
-70.0
-70.0
-70.0
-70.0
-68.2635891818
-66.5896230514
-65.0089226048
-64.3568715834
-63.4637452511
-62.45574461
-61.412419405
-60.3826769685
-59.395408941
-58.4665344931
-57.6036586746
-56.809144561
-55.2621312742
-54.1351855929
0
-70.0
-70.0
-70.0
-70.0
-67.7754226565
-66.6448288284
-65.3883115707
-64.0981241637
-62.830740914
-62.4392862671
-61.76643727
-60.9471799628
-60.0673862464
-59.1805971416
-58.3191704407
-56.6816754055
-55.4531225375
-54.5108867321
0
-70.0
-70.0
-70.0
-70.0
-67.7933153535
-65.8528607205
-64.1368259166
-61.7926441705
-59.9697136504
-58.5202982167
-57.3433056826
-56.3689999727
-55.5487832143
-54.0283603855
0
-70.0
-70.0
-70.0
-70.0
-67.304712142
-65.0873823558
-63.2307384056
-61.6523940886
-60.2936410288
-59.1119344919
-58.0758460867
-57.1616648407
-56.3511005985
-55.6297253665
-54.9859093817
-54.4100894782
0
-70.0
-70.0
-70.0
-70.0
-68.7189949879
-67.3030921478
-65.8534473721
-64.4318789276
-63.0745418967
-62.6209882815
-61.9048231698
-61.0549633304
-60.1532153157
-59.2503926631
-58.377019316
-56.7304279973
-55.4947922728
-54.5469177623
0
-70.0
-70.0
-70.0
-70.0
-68.4275894402
-66.8465567896
-65.3130519729
-63.8591806838
-62.5015518876
-61.2469228802
-60.0959147132
-59.0454459891
-58.9103165551
-58.5088950095
-57.9610789151
-57.343686628
-56.7051283682
-56.0751558
-55.4713337324
-54.9033293674
-54.3757491029
0
-70.0
-70.0
-70.0
-70.0
-67.9328754061
-66.0715048028
-64.3956322808
-62.8869210249
-61.5287969038
-60.3062958678
-59.2059187172
-58.2154951363
-57.3240578165
-57.3417268308
-57.0842706783
-56.6703212975
-56.1762742925
-55.6506369464
-55.1235666405
-54.613205569
-54.9498820737
-54.9635585741
-54.7829791886
-54.4918655843
-54.1441352356
0
-70.0
-70.0
-70.0
-70.0
-68.4917190637
-66.9470265331
-64.611976797
-62.7005477287
-61.1070053635
-58.9373130989
-57.3142539702
-56.073276694
-55.1029144384
-55.1472666038
-55.7989690163
-55.9733581632
-55.8555463792
-55.5663410962
-55.1839398899
-55.5783678364
-55.6057456764
-55.4119808579
-55.0919892715
-54.7069280107
-54.2956603204
0
-70.0
-70.0
-70.0
-70.0
-68.1033377326
-66.3385624478
-64.7117451953
-63.221930004
-61.8639765557
-60.6304052682
-60.3325823201
-59.7861358072
-59.1087300393
-58.3753289105
-57.6327772696
-56.9094870427
-56.2218633385
-55.578560338
-54.9832931931
-54.4366897998
0
-70.0
-70.0
-70.0
-70.0
-67.9319073515
-66.0699881841
-64.3938370774
-62.8850185109
-61.5268934206
-60.3044552524
-59.2041771764
-58.2138710916
-57.3225584043
-56.5203521785
-55.798350037
-55.1485370842
-54.5636980764
-54.0373380692
0
-70.0
-70.0
-70.0
-70.0
-67.9300008604
-66.0670013479
-64.3903015956
-62.8812716909
-61.5231446918
-60.3008303359
-59.2007473779
-58.2106726904
-57.319605455
-56.5176449318
-55.7958804536
-55.1462924182
-54.561663183
0
-70.0
-70.0
-70.0
-70.0
-67.8220164615
-65.8978257897
-64.1900505269
-62.6690503517
-60.4908152348
-58.8108469902
-56.6658378105
-55.1333043756
-54.0193408355
0
-70.0
-70.0
-70.0
-70.0
-67.1747729512
-65.7038109569
-64.2744400618
-62.9176695226
-61.6496848817
-61.2972379344
-60.6858618349
-59.9395074474
-59.1370445666
-58.3276653526
-57.5411156458
-56.7944819668
-56.0966856939
-56.2714517403
-56.1439296435
-55.8392853973
-55.4385226697
-54.9934476108
-54.5366209884
-54.087970982
0
-70.0
-70.0
-70.0
-70.0
-67.9365854238
-66.0773171639
-64.4025123025
-62.8942123089
-61.5360919025
-60.3133499285
-58.3925930799
-56.9370525347
-55.8091597897
-54.9154521498
-54.1920458275
0
-70.0
-70.0
-70.0
-70.0
-68.5231973788
-66.9963425601
-65.4903515835
-64.0470786115
-62.6895455412
-61.4287075143
-60.2679144477
-59.2058414595
-58.2384029513
-57.3599930813
-56.5642807232
-55.8447106176
-55.1948115337
-54.6083783655
-54.0795725191
0
-70.0
-70.0
