-67.93
-66.067
-64.3903
-62.88127
-61.523143
-60.3008287
-59.20074583
-58.210671247
-57.3196041223
-56.5176437101
-55.7958793391
-55.1462914052
-55.6616622646
-59.3588293715
-62.4418353232
-64.7035777168
-65.5471705624
-65.5117539177
-64.9501121336
-64.0914566587
-63.0832148185
-62.0188292204
-60.9562368875
-59.9301402582
-58.960144272
-58.0561418713
-57.2218690351
-56.4572430322
-55.7598926627
-55.1261526856
-54.5517036098
-54.2319773774
-56.675742392
-60.596143321
-63.4218457677
-63.8765390435
-63.6634703742
-63.0568468268
-62.2343111375
-61.3096460193
-60.3545254144
-59.412968871
-57.6909359826
-56.3780183834
-55.3543338778
-54.5383120452
0
-70.0
-70.0
-70.0
-70.0
-70.0
-70.0
-70.0
-69.9265797244
-69.1949749016
-68.0928461779
-66.8051407377
-65.4490127823
-64.0970355831
-62.792614744
-61.5602084158
-60.412091005
-59.3528175251
-58.3821595196
-57.4970260656
-56.6927117911
-56.1136995
-55.9391688087
-57.2631447669
-60.092092183
-61.4097242265
-61.8966459784
-60.9489108303
-59.9919727137
-59.0614107533
-58.1776932186
-56.5315395905
-55.302796094
0
-70.0
-70.0
-70.0
-70.0
-69.4998522217
-68.5064351473
-67.6201703977
-66.5777392014
-64.5563558436
-62.8849806341
-61.5293228206
-61.5782840385
-61.6483846346
-61.8788321711
-62.0478062873
-61.8742638808
-61.3509963075
-60.6353358866
-59.8280951046
-58.9928141318
-58.1685517438
-57.3783759195
-56.9349912276
-57.4644607049
-58.4099937011
-59.3736470421
-60.636050812
-61.0156247135
-60.8528482307
-60.3700873999
-59.7114279881
-58.9691847415
-58.2015326354
-57.4442236173
-56.7683640858
-56.2639028974
-56.2790960878
-57.4055754657
-58.1912772437
-58.6663224023
-58.6891387507
-58.3898572681
-57.9072931363
-56.5108448859
-55.4326144396
-54.5812556904
0
-70.0
-70.0
-70.0
-70.0
-70.0
-69.993554433
-69.349901945
-68.2953803874
-67.0294881066
-65.6789698012
-64.3226931579
-63.0081707334
-61.7625182542
-61.4197094915
-59.9900339176
-59.0258941093
-59.423213754
-60.7241650823
-62.2739303766
-62.8213252073
-62.6990512654
-62.1790518582
-60.6177504852
-59.3037113119
-57.3618307642
-55.9279747434
-54.8467286395
-54.0130900225
0
-70.0
-70.0
-70.0
-70.0
-70.0
-70.0
-70.0
-68.5124828296
-66.979556433
-65.4704820473
-64.0260213476
-62.6684775496
-61.4083353524
-60.2486388557
-59.2878663292
-58.4784739356
-57.9868893683
-58.5023756489
-59.6049215624
-60.122951725
-60.0730047651
-59.6839364303
-59.1043642151
-58.4298087455
-56.9007485055
-54.909954078
0
-70.0
-70.0
-70.0
-70.0
-70.0
-70.0
-70.0
-69.5940355422
-68.6739890161
-67.4761614665
-66.1515928879
-63.9751319778
-62.1800843659
-59.8537196531
-57.2861101704
-55.4793408084
-54.1893011643
0
-70.0
-70.0
-70.0
-70.0
-70.0
-69.6447373059
-68.7534217792
-67.5701850705
-66.2512368763
-65.7148267306
-64.8458197521
-63.8062215733
-62.6989219469
-61.5879114395
-60.5117080871
-59.4922624727
-58.5408530217
-57.761978917
-57.4625884903
-57.9108679513
-58.2228066961
-59.7825430532
-60.6689667656
-60.8218554343
-60.5295267876
-59.9798120401
-59.2939894568
-58.549362925
-56.9742749084
-56.5934129349
-56.1717819862
-55.6897440175
-55.537529769
-55.888283561
-57.3291263841
-58.9259945318
-59.7132489361
-60.6584932808
-60.8470234449
-59.7552407619
-58.7516631266
-57.834461108
-56.9996578598
-56.2421206489
-55.5561943008
-54.9360986819
-54.4761713545
-54.5776759129
-56.2126561175
-57.4432223697
-58.6101213753
-59.0499233995
-58.9888071674
-58.6291771892
-58.1024266293
-57.4929620724
-56.8541846025
-56.2191119672
-55.6074313204
-55.8501752216
-56.5974823883
-56.8026172754
-56.6756109651
-55.5335534801
-54.8405338731
-55.2400376465
-56.1317386556
-57.3390346393
-58.0954444081
-58.2561087892
-58.8739704582
-59.7455551109
-59.9203207323
-58.851169414
-57.8913063092
-57.0290115694
-56.2540010065
-55.7071946352
-55.7155376579
-56.6566922163
-58.1261618774
-59.0136382782
-59.2223361761
-59.0168103756
-58.5696012161
-57.1722890132
-56.0714920577
-54.3652974825
0
-70.0
-70.0
-70.0
-70.0
-70.0
-69.806809416
-69.0073347517
-68.6907387947
-67.8544232607
-66.734153165
-65.4808526687
-64.1895106153
-62.0983883627
-60.4171020658
-59.0377602187
-57.1655631032
-56.8500593972
-56.9590885269
-57.9692030539
-57.866298335
-57.7190122258
-57.5000068194
-57.0952700149
-56.5925855984
-56.0478887619
-55.4961410346
-54.9585543637
-55.2673838824
-54.4337687975
0
-70.0
-70.0
-70.0
-70.0
-69.8561178209
-69.084584586
-67.9621784923
-66.6666622196
-64.4904637153
-62.6783958223
-61.145208559
-59.8304559158
-58.6905891326
-57.743649425
-57.3440306196
-57.7861249823
-58.9185107673
-59.5773252126
-59.6300363728
-59.3173285231
-58.8457928625
-58.2446783707
-57.58585373
-57.7343638212
-57.5423244152
-57.1523566245
-56.6566307292
-56.1639741677
-55.0695810919
-54.5206258767
-54.967231885
-56.2662877605
-56.9135116938
-57.0980623306
-56.9488573017
-55.9843723743
-55.2328690054
-55.4542046839
-55.6318659348
-55.6274004875
-55.4138078696
-55.1818587032
-55.5966272466
-56.3856007977
-56.4527982351
-56.6046900898
-55.6323355329
-54.8378449476
-54.1765557649
0
-70.0
-70.0
-70.0
-70.0
-69.0246360768
-68.7319298536
-68.2585751246
-67.442609783
-66.3982769187
-65.2017346361
-63.9537514453
-62.8665031494
-61.8119374002
-60.0421333706
-58.7221798405
-58.1661350611
-57.4169703581
-57.5469058577
-57.7999702955
-57.6684766151
-57.3106311863
-56.8289028894
-56.2889024817
-55.731938821
-54.3633626639
0
-70.0
-70.0
-70.0
-70.0
-70.0
-70.0
-69.7421905407
-68.9060985138
-67.7509066805
-65.6227613578
-62.981782119
-60.9411351717
-58.5087091643
-56.7422965877
-55.4343724888
-54.4451389465
0
-70.0
-70.0
-70.0
-70.0
-68.2665144544
-66.5942059785
-65.0143473603
-63.5426206108
-62.1848305407
-60.9406621473
-59.8061390397
-58.9252205404
-58.8758287562
-59.5269993938
-60.6268017966
-61.0091231783
-60.8482119015
-60.3667247386
-59.7089416163
-59.7873070223
-58.6647493652
-57.6790564588
-56.808338833
-56.0356302964
-55.3474841645
-54.83301368
-54.0198975999
-55.2946980318
-56.5597550233
-58.146797384
-58.8041295544
-58.8817245381
-58.6088907104
-58.1348940567
-57.555999596
-56.933462933
-57.1254921708
-56.9798599744
-56.8364853241
-57.1492443565
-57.8252582973
-58.1966913853
-59.0429948585
-59.2260104472
-59.0049527855
-58.5488197623
-58.8368459563
-58.6917668075
-58.3416604246
-57.9802079141
-56.7039961439
-55.8414692104
-55.4559040766
-55.4193681938
-55.6934677243
-55.8448118518
-56.6874579332
-56.4267969843
-56.0828405155
-55.7503719503
-56.3558784129
-55.9639863433
-56.1567182235
-56.3438000775
-55.5512558539
-54.9173541247
-54.3997679497
-54.0692239796
0
-70.0
-70.0
-70.0
-70.0
-68.1151765443
-67.2271099194
-66.0966996138
-64.8585634433
-64.4670629596
-64.0265939041
-64.0714260073
-64.2059444023
-64.3397906259
-64.1687720058
-63.5705351003
-62.7359084536
-61.7872688505
-59.9818427936
-58.542525733
-57.3708513055
-56.3988182722
-55.5789711765
-54.1077638798
0
-70.0
-70.0
-70.0
-70.0
-69.0692978718
-67.8518999992
-67.4730646089
-67.1899945545
-66.05381937
-65.1136536137
-64.0224323727
-63.0269518824
-62.1220985255
-61.1517832271
-60.2245346072
-59.4540342817
-59.003266277
-59.9093632649
-60.4993760155
-60.6800711321
-60.4091524976
-59.8762962336
-59.2040392675
-58.4705504455
-57.7247721375
-56.9964794148
-56.5029544673
-56.1667410166
-55.0661215789
-54.5635458637
-54.7865489058
-54.9374657675
-55.040100359
-55.1103444352
-54.9588127331
0
-70.0
-70.0
-70.0
-70.0
-69.9992704739
-68.5888570757
-66.2796471343
-64.3281329317
-62.6562866457
-61.2079693192
-59.1220466127
-57.5430914351
-55.600948614
-54.4256313008
-54.0495865363
-54.1156401263
0
-70.0
-70.0
-70.0
-70.0
-69.5182370145
-69.1052379894
-68.5472639747
-67.8209041001
-66.7677247053
-65.5535595782
-64.3332751827
-63.0999953727
-61.9000276409
-60.7600460804
-59.6940556082
-59.8279928045
-59.7574220289
-59.9664988292
-60.4363949484
-60.547119455
-61.1586501771
-61.1302802711
-60.7189156518
-60.1414663585
-59.4836145706
-58.7994496788
-58.3223024211
-57.9852706525
-58.5635425695
-58.6517209674
-58.5429039739
-58.3195169787
-57.9348342156
-57.5161967506
-57.4911410465
-57.2530695892
-57.1951243952
-57.5471864656
-57.9335174923
-58.697532192
-58.0226899387
