-70.0
-70.0
-70.0
-70.0
-70.0
-70.0
-70.0
-70.0
-70.0
-70.0
-70.0
-70.0
-70.0
-70.0
-70.0
-70.0
-70.0
-70.0
-70.0
-70.0
-70.0
-70.0
-70.0
-70.0
-70.0
-70.0
-70.0
-70.0
-70.0
-64.3155918559
-61.9627399981
-60.8189375501
-60.4386914964
0
-70.0
-70.0
-70.0
-70.0
-70.0
-70.0
-70.0
-70.0
-70.0
-70.0
-64.5470014255
-61.4569689
-59.0852479522
-58.0260404518
0
-70.0
-70.0
-70.0
-70.0
-70.0
-70.0
-70.0
-70.0
-70.0
-70.0
-70.0
-70.0
-70.0
-70.0
-70.0
-70.0
-70.0
-70.0
-70.0
-70.0
-70.0
-70.0
-70.0
-70.0
-70.0
-64.0010437577
-60.6016352204
-58.875268924
-58.4187783165
-58.5309246748
-58.9805150006
-60.5173317266
-63.3093368859
-70.0
-70.0
-70.0
-70.0
-70.0
-70.0
-70.0
-70.0
-70.0
-70.0
-70.0
-70.0
-70.0
-70.0
-70.0
-70.0
-70.0
-70.0
-68.3005950777
-67.337598955
-62.2559553903
-59.4651040719
-59.1413053854
-59.3089826606
-58.9634871346
-58.7907402479
-59.8632032434
-61.1779075992
-62.9458570089
-65.56376834
-70.0
-70.0
-70.0
-70.0
-70.0
-70.0
-70.0
-70.0
-70.0
-70.0
-70.0
-70.0
-70.0
-70.0
-70.0
-70.0
-70.0
-70.0
-70.0
-70.0
-70.0
-70.0
-70.0
-70.0
-70.0
-70.0
-70.0
-70.0
-70.0
-70.0
-70.0
-70.0
-70.0
-70.0
-70.0
-70.0
-70.0
-70.0
-70.0
-70.0
-66.1149726991
-63.9134572286
-62.7954327054
-62.3647702346
-62.360880411
-62.6131838364
-63.2718538405
-58.2008593665
-59.6369683943
-64.8004959078
-70.0
-70.0
-70.0
-70.0
-70.0
-70.0
-70.0
-63.312972362
-58.8199529968
-56.4968096111
-54.9974743705
-54.9000455456
-58.848866565
-65.5636392953
-70.0
-70.0
-70.0
-70.0
-70.0
-70.0
-70.0
-64.0481491182
-61.5876421234
-60.3917498557
-59.9944894999
-60.0896503031
-60.4770917749
-62.3638825109
-70.0
-70.0
-70.0
-70.0
-70.0
-70.0
-70.0
-70.0
-70.0
-70.0
-69.5105314318
-69.2331659098
-69.7432260411
-70.0
-70.0
-70.0
-70.0
-70.0
-70.0
-70.0
-70.0
-70.0
-70.0
-70.0
-70.0
-70.0
-70.0
-70.0
-70.0
-70.0
-70.0
-70.0
-70.0
-70.0
-70.0
-70.0
-70.0
-70.0
-70.0
-69.2489843034
-68.823408742
-70.0
-70.0
-70.0
-70.0
-70.0
-70.0
-70.0
-70.0
-70.0
-70.0
-70.0
-64.1208448103
-60.7893235361
-59.0974333204
-58.8974980818
-59.9543896301
-65.9383071252
-70.0
-70.0
-70.0
-70.0
-70.0
-70.0
-67.2408598571
-65.6773471095
-60.9944390017
-58.4848795036
0
-70.0
-70.0
-70.0
-70.0
-70.0
-70.0
-70.0
-70.0
-70.0
-70.0
-70.0
-70.0
-70.0
-70.0
-70.0
-70.0
-70.0
-70.0
-70.0
-70.0
-70.0
-70.0
-67.0747979993
-65.4171835322
-64.5753754009
-64.2511113421
-64.2481825287
-64.4381524898
-64.7375293834
-65.0925712068
-66.2189193082
-67.9753153264
-70.0
-70.0
-68.396263018
-67.6534249121
-68.2859360031
-68.7225781243
-69.0271441261
-69.2423122564
-70.0
-70.0
-69.417593405
-70.0
-70.0
-70.0
-70.0
-70.0
-70.0
-70.0
-70.0
-70.0
-70.0
-70.0
-70.0
-69.7478670722
-69.6049917464
-69.5324334927
-70.0
-70.0
-70.0
-70.0
-70.0
-70.0
-70.0
-70.0
-70.0
-70.0
-70.0
-70.0
-70.0
-70.0
-69.2632156994
-70.0
-70.0
-70.0
-70.0
-70.0
-67.8083194323
-67.566066382
-67.5018456724
-67.5465850576
-67.6552091867
-67.798543358
-67.9579257488
-61.5313179693
-59.6853316304
-58.5341863059
-58.8661492964
-61.7890120222
-66.5976523445
-70.0
-70.0
-70.0
-70.0
-70.0
-70.0
-70.0
-70.0
-70.0
-70.0
-70.0
-70.0
-70.0
-70.0
-70.0
-70.0
-70.0
-70.0
-70.0
-70.0
-70.0
-70.0
-70.0
-70.0
-70.0
-70.0
-70.0
-70.0
-70.0
-68.4792706687
-67.6175240476
-67.8835956437
-68.1137854133
-68.3147730946
-68.4915399336
-67.6478821748
-67.220091447
-67.5890632931
-70.0
-70.0
-70.0
-70.0
-70.0
-70.0
-70.0
-70.0
-70.0
-70.0
-70.0
-70.0
-69.5453894475
-69.2877768011
-70.0
-66.2895833526
-70.0
-70.0
-70.0
-70.0
-70.0
-70.0
-70.0
-70.0
-63.3385636763
-59.5637497595
-57.6467364175
-56.908303865
-57.21386901
-61.7970389143
-70.0
-70.0
-70.0
-70.0
-70.0
-70.0
-70.0
-66.0184204741
-63.7621920762
-61.6749096316
-60.7000431772
-60.4251218653
-54.5011423822
0
-70.0
-70.0
-70.0
-70.0
-70.0
-70.0
-70.0
-70.0
-70.0
-70.0
-70.0
-70.0
-70.0
-70.0
-70.0
-70.0
-70.0
-70.0
-70.0
-70.0
-70.0
-70.0
-70.0
-63.3084204851
-60.3848381838
-62.3011981041
-70.0
-70.0
-70.0
-70.0
-70.0
-66.7810343171
-64.9569537635
-64.8989197298
-64.3304316148
-58.5610404081
-55.4807043371
0
-70.0
-70.0
-70.0
-70.0
-70.0
-70.0
-70.0
-70.0
-70.0
-70.0
-70.0
-70.0
-70.0
-70.0
-70.0
-70.0
-70.0
-70.0
-70.0
-70.0
-70.0
-70.0
-70.0
-70.0
-70.0
-64.3827419723
-61.1996290899
-59.5831070575
-69.5785067282
-70.0
-70.0
-70.0
-70.0
-70.0
-68.5216943613
-67.6839878328
-67.2585643212
-66.3909876998
-66.9517236947
-67.3897745018
-68.2951680583
-68.8952319235
-69.1370227579
-70.0
-70.0
-70.0
-70.0
-70.0
-70.0
-70.0
-70.0
-70.0
-70.0
-70.0
-70.0
-70.0
-70.0
-63.0057221754
-59.9795353007
-62.7255147656
-70.0
-70.0
-70.0
-70.0
-70.0
-70.0
-70.0
-63.6085033078
-59.9866551822
0
-70.0
-70.0
-70.0
-70.0
-70.0
-70.0
-70.0
-70.0
-70.0
-70.0
-70.0
-69.6351741003
-69.4284394239
-69.3234506372
-69.2830090106
-69.6814776982
-70.0
-70.0
-70.0
-70.0
-70.0
-70.0
-70.0
-70.0
-70.0
-70.0
-70.0
-70.0
-70.0
-70.0
-70.0
-70.0
-70.0
-70.0
-70.0
-70.0
-70.0
-70.0
-70.0
-70.0
-70.0
-70.0
-70.0
-70.0
-70.0
-70.0
-70.0
-70.0
-70.0
-70.0
-70.0
-70.0
-70.0
-70.0
-70.0
-63.5364198752
-59.8737244711
-58.7033152806
-61.7506840947
-66.3092050151
-69.6569421427
-70.0
-70.0
-70.0
-70.0
-70.0
-70.0
-63.2282852977
-61.3763485434
-67.901955815
-70.0
-70.0
-70.0
-70.0
-70.0
-70.0
-70.0
-70.0
-70.0
-70.0
-70.0
-70.0
-70.0
-70.0
-70.0
-70.0
-70.0
-70.0
-70.0
-70.0
-70.0
-70.0
-70.0
-70.0
-63.8085474932
-60.3000577394
-58.5182952958
-57.8319613197
-58.1621099783
-63.5004546631
-70.0
-70.0
-70.0
-70.0
-70.0
-66.2456988972
-64.9865743627
-64.39821383
-64.231923716
-64.3244188571
-64.5691019798
-64.8969417875
-65.2637476125
-70.0
-70.0
-70.0
-70.0
-70.0
-70.0
-70.0
-70.0
-70.0
-70.0
-70.0
-70.0
-63.8075377976
-60.2984758829
-57.5165565285
-56.2635196982
-58.6795515644
-66.9949378254
-70.0
-70.0
-70.0
-70.0
-70.0
-70.0
-70.0
-70.0
-70.0
-70.0
-70.0
-63.7779603406
-63.6670114832
-66.8042401146
-70.0
-70.0
-70.0
-70.0
-70.0
-70.0
-70.0
-70.0
-70.0
-70.0
-70.0
-70.0
-70.0
-70.0
-70.0
-70.0
-70.0
-70.0
-70.0
-70.0
-70.0
-70.0
-70.0
-70.0
-70.0
-70.0
-70.0
-70.0
-70.0
-70.0
-70.0
-70.0
-70.0
-70.0
-70.0
-70.0
-70.0
-70.0
-70.0
-70.0
-70.0
-70.0
-70.0
-70.0
-70.0
-70.0
-70.0
-70.0
-70.0
-70.0
-70.0
-70.0
-70.0
-70.0
-70.0
-70.0
-70.0
-70.0
-70.0
-70.0
-70.0
-70.0
-70.0
-70.0
-64.3413647825
-61.1348048259
-59.5063753578
0
-70.0
-70.0
-70.0
-70.0
-70.0
-70.0
-70.0
-70.0
-70.0
-70.0
-65.7365425067
-60.9872499272
-58.4380993819
-57.294005742
0
-70.0
-70.0
-70.0
-70.0
-70.0
-70.0
-70.0
-67.1194811047
-65.487187064
-64.5877877721
-64.2285552713
-64.2053972618
-63.6809521769
-64.5949501347
-68.8596078907
-70.0
-70.0
-70.0
-70.0
-70.0
-70.0
-70.0
-70.0
-70.0
-70.0
-70.0
-69.7681316655
-70.0
-70.0
-70.0
-70.0
-70.0
-70.0
-70.0
-70.0
-70.0
-70.0
-70.0
-70.0
-70.0
-70.0
-70.0
-70.0
-70.0
-70.0
-70.0
-70.0
-70.0
-70.0
-70.0
-70.0
-70.0
-70.0
-70.0
-70.0
-70.0
-70.0
-70.0
-70.0
-70.0
-70.0
-70.0
-70.0
-70.0
-70.0
-70.0
-70.0
-70.0
-70.0
-70.0
-70.0
-70.0
-70.0
-70.0
-70.0
-70.0
-70.0
-70.0
-70.0
-70.0
-70.0
-70.0
-70.0
-70.0
-70.0
-70.0
-70.0
-70.0
-70.0
-70.0
-70.0
-70.0
-70.0
-70.0
-70.0
-70.0
-69.3880095349
-69.041214938
-69.177336151
-70.0
-70.0
-70.0
-70.0
-70.0
-70.0
-70.0
-70.0
-70.0
-70.0
-63.044098778
-59.1024214188
-57.1006676227
-56.3295930909
-56.3226286022
0
-70.0
-70.0
-70.0
-70.0
-70.0
-70.0
-70.0
-70.0
-70.0
-70.0
-70.0
-70.0
-70.0
-70.0
-70.0
-70.0
-70.0
-70.0
-70.0
-70.0
-70.0
-70.0
-70.0
-70.0
-70.0
-70.0
-70.0
-70.0
-70.0
-70.0
-70.0
-70.0
-70.0
-70.0
-70.0
-70.0
-70.0
-70.0
-70.0
-69.3801067627
-69.0288339282
-68.8504424299
-69.8771989438
-70.0
-70.0
-70.0
-70.0
-70.0
-70.0
-70.0
-70.0
-70.0
-70.0
-70.0
-70.0
-70.0
-70.0
-70.0
-70.0
-70.0
-70.0
-70.0
-70.0
-70.0
-70.0
-70.0
-70.0
-70.0
-70.0
-70.0
-70.0
-70.0
-70.0
-70.0
-70.0
-70.0
-70.0
-70.0
-70.0
-70.0
-70.0
-70.0
-70.0
-69.2193220319
-70.0
-70.0
-70.0
-70.0
-70.0
-70.0
-70.0
-70.0
-70.0
-70.0
-70.0
-63.5654088602
-59.9191405476
-58.0738309973
-57.6975175673
-60.6636445944
-67.1989278675
-67.246710734
-69.4652316362
-70.0
-70.0
-70.0
-70.0
-70.0
-70.0
-70.0
-70.0
-70.0
-70.0
-70.0
-70.0
-70.0
-70.0
-70.0
-70.0
-70.0
-64.7026676757
-61.7008460253
-60.1763915008
-59.5891724028
-59.5838685306
-59.9278905895
-54.0845812717
0
-70.0
-70.0
-70.0
-70.0
-70.0
-70.0
-70.0
-70.0
-70.0
-70.0
-70.0
-70.0
-70.0
-70.0
-70.0
-70.0
-70.0
-70.0
-70.0
-70.0
-70.0
-70.0
-70.0
-70.0
-70.0
-69.9953395788
-69.9926986734
-69.9913575078
-70.0
-70.0
-70.0
-70.0
-70.0
-70.0
-70.0
-70.0
-70.0
-70.0
-70.0
-70.0
-70.0
-70.0
-70.0
-70.0
-70.0
-70.0
-70.0
-70.0
-70.0
-70.0
-70.0
-70.0
-70.0
-70.0
-70.0
-70.0
-70.0
-69.8367458016
-69.4109017559
-70.0
-69.8560636852
-70.0
-70.0
-70.0
-70.0
-70.0
-70.0
-70.0
-67.2793476078
-66.5401137213
-62.6563473765
-60.5708759904
-55.7450084035
0
-70.0
-70.0
-70.0
-70.0
-70.0
-70.0
-70.0
-70.0
-70.0
-70.0
-70.0
-70.0
-70.0
-70.0
-70.0
-70.0
-70.0
-70.0
-70.0
-70.0
-70.0
-70.0
-70.0
-70.0
-70.0
-70.0
-70.0
-70.0
-70.0
-70.0
-70.0
-70.0
-70.0
-70.0
-70.0
-70.0
-70.0
-70.0
-70.0
-70.0
-70.0
-70.0
-70.0
-70.0
-70.0
-70.0
-70.0
-70.0
-70.0
-70.0
-70.0
-70.0
-70.0
-70.0
-70.0
-64.8969791183
-62.0052672854
-60.5367312761
-58.9744774487
0
-70.0
-70.0
-70.0
-70.0
-70.0
-70.0
-70.0
-70.0
-70.0
-70.0
-70.0
-70.0
-70.0
-70.0
-70.0
-70.0
-70.0
-70.0
-70.0
-70.0
-70.0
-70.0
-70.0
-70.0
-70.0
-70.0
-70.0
-70.0
-70.0
-70.0
-70.0
-70.0
-70.0
-70.0
-70.0
-70.0
-70.0
-70.0
-70.0
-70.0
-70.0
-70.0
-70.0
-70.0
-70.0
-70.0
-70.0
-70.0
-70.0
-70.0
-70.0
-70.0
-70.0
-70.0
-70.0
-70.0
-70.0
-70.0
-70.0
-70.0
-70.0
-70.0
-70.0
-70.0
-70.0
-70.0
-70.0
-70.0
-70.0
-70.0
-70.0
-70.0
-70.0
-70.0
-70.0
-70.0
-70.0
-70.0
-69.784780579
-69.6628229071
-69.6008875403
-70.0
-70.0
-68.2453974615
-70.0
-70.0
-70.0
-70.0
-70.0
-70.0
-70.0
-70.0
-69.7207412783
-69.5624946693
-69.482130215
-69.4511738685
-70.0
-70.0
-70.0
-70.0
-70.0
-70.0
-70.0
-70.0
-70.0
-70.0
-70.0
-70.0
-70.0
-70.0
-70.0
-70.0
-70.0
-70.0
-70.0
-70.0
-70.0
-70.0
-70.0
-70.0
-70.0
-70.0
-70.0
-70.0
-70.0
-70.0
-70.0
-70.0
-70.0
-70.0
-70.0
-70.0
-70.0
-70.0
-70.0
-69.203411205
-68.7520108879
-69.4967580398
-69.2566773592
-69.6929619278
-69.9649672714
-70.0
-70.0
-70.0
-70.0
-70.0
-70.0
-70.0
-70.0
-66.7995410527
-64.9859476492
-64.0649266855
-63.7101498844
-63.7069454743
-64.9125076541
-65.8054280402
-66.4809993372
-67.7073458412
-69.2913269122
-70.0
-70.0
-70.0
-70.0
-70.0
-70.0
-70.0
-70.0
-70.0
-70.0
-70.0
-69.8160258363
-69.7117738102
-62.6594538677
-58.395658746
-65.1153639633
-70.0
-70.0
-70.0
-70.0
-70.0
-70.0
-70.0
-70.0
-70.0
-70.0
-62.2877549296
-58.2226323555
-59.8928823497
-65.4518538939
-70.0
-70.0
-70.0
-70.0
-70.0
-70.0
-70.0
-69.5901735178
-69.3579385112
-69.2399995569
-69.1945695324
-70.0
-70.0
-70.0
-70.0
-70.0
-70.0
-70.0
-70.0
-70.0
-70.0
-70.0
-70.0
-70.0
-70.0
-70.0
-70.0
-70.0
-70.0
-70.0
-70.0
-70.0
-70.0
-70.0
-70.0
-70.0
-70.0
-64.3356603201
-61.1258678349
-59.4957967492
-58.8678942062
-58.8622228735
-68.6959065288
-70.0
-70.0
-70.0
-70.0
-70.0
-70.0
-70.0
-70.0
-70.0
-70.0
-70.0
-70.0
-69.5967553068
-69.9057263587
-70.0
-70.0
-70.0
-70.0
-70.0
-70.0
-70.0
-70.0
-64.2139425813
-58.6018433773
-55.6145224091
-54.3016457478
-54.0371982261
-54.4106231055
-60.7089655926
-70.0
-70.0
-70.0
-70.0
-70.0
-70.0
-70.0
-70.0
-70.0
-70.0
-70.0
-70.0
-70.0
-70.0
-70.0
-70.0
-70.0
-70.0
-70.0
-70.0
-70.0
-70.0
-70.0
-70.0
-70.0
-70.0
-70.0
-70.0
-70.0
-70.0
-70.0
-70.0
-70.0
-70.0
-70.0
-70.0
-64.0128159918
-60.6200783872
-58.8970998781
-57.4309403077
0
-70.0
-70.0
-70.0
-70.0
-70.0
-70.0
-70.0
-70.0
-70.0
-70.0
-70.0
-70.0
-70.0
-70.0
-70.0
-70.0
-70.0
-70.0
-70.0
-70.0
-70.0
-70.0
-70.0
-70.0
-70.0
-70.0
-70.0
-70.0
-70.0
-70.0
-70.0
-70.0
-70.0
-70.0
-70.0
-70.0
-70.0
-69.5665317051
-69.3208996714
-69.1961571287
-69.1481063655
-69.1476723621
-70.0
-70.0
-70.0
-70.0
-70.0
-70.0
-70.0
-67.1796807572
-64.5866380841
-63.2112578774
-62.6123211575
-63.4114235917
-63.6413684634
-63.991289771
-64.7717462935
-66.7508602755
-70.0
-70.0
-70.0
-70.0
-70.0
-70.0
-70.0
-70.0
-70.0
-70.0
-70.0
-70.0
-70.0
-70.0
-70.0
-70.0
-70.0
-70.0
-70.0
-70.0
-70.0
-70.0
-70.0
-70.0
-70.0
-70.0
-70.0
-70.0
-70.0
-70.0
-70.0
-70.0
-70.0
-70.0
-70.0
-70.0
-64.9899009822
-62.1508448721
-60.7090497103
-60.1536709562
-59.1486624945
-59.3888775771
-67.9430109462
-70.0
-70.0
-70.0
-70.0
-70.0
-70.0
-70.0
-70.0
-70.0
-70.0
-69.7986924622
-69.6846181907
-69.6266863548
-64.0589146277
-69.8340998189
-70.0
-70.0
-70.0
-70.0
-70.0
-70.0
-70.0
-70.0
-70.0
-70.0
-70.0
-69.8468115273
-70.0
-70.0
-70.0
-70.0
-70.0
-70.0
-70.0
-70.0
-70.0
-70.0
-70.0
-70.0
-70.0
-70.0
-63.3202772508
-61.2749371289
-65.2747664419
-70.0
-70.0
-70.0
-70.0
-70.0
-70.0
-70.0
-70.0
-69.7197940045
-70.0
-70.0
-69.6572656491
-70.0
-70.0
-70.0
-70.0
-70.0
-70.0
-70.0
-70.0
-70.0
-70.0
-70.0
-70.0
-70.0
-70.0
-70.0
-70.0
-70.0
-70.0
-70.0
-70.0
-70.0
-70.0
-70.0
-70.0
-70.0
-70.0
-70.0
-70.0
-70.0
-70.0
-70.0
-70.0
-70.0
-70.0
-70.0
-70.0
-70.0
-70.0
-70.0
-70.0
-69.9039913587
-69.849586462
-69.8219573085
-69.8113145728
-69.8112184457
-70.0
-70.0
-70.0
-70.0
-70.0
-70.0
-70.0
-70.0
-70.0
-64.8030410941
-60.8603813724
-58.7994394936
-58.9102140883
0
-70.0
-70.0
-70.0
-70.0
-70.0
-70.0
-70.0
-70.0
-70.0
-70.0
-70.0
-70.0
-70.0
-70.0
-70.0
-70.0
-70.0
-70.0
-70.0
-70.0
-70.0
-70.0
-70.0
-70.0
-70.0
-70.0
-70.0
-70.0
-70.0
-70.0
-70.0
-70.0
-70.0
-70.0
-70.0
-70.0
-70.0
-70.0
-70.0
-70.0
-69.519471494
-69.8553110104
-69.7283043533
-70.0
-70.0
-70.0
-70.0
-70.0
-70.0
-70.0
-70.0
-70.0
-63.7948550143
-60.2786061891
-58.4929033543
-57.8050515416
-57.9940859419
-58.5077037173
-59.7545064809
-64.1305769291
-70.0
-70.0
-70.0
-70.0
-70.0
-70.0
-70.0
-70.0
-70.0
-70.0
-70.0
-70.0
-70.0
-70.0
-70.0
-70.0
-70.0
-70.0
-70.0
-70.0
-67.0330641437
-65.3518004918
-64.4979822843
-63.1691095512
-62.5994822597
-62.5043898094
-62.6971880123
-64.014549628
-70.0
-70.0
-70.0
-70.0
-70.0
-70.0
-70.0
-70.0
-70.0
-70.0
-70.0
-70.0
-70.0
-70.0
-70.0
-70.0
-70.0
-70.0
-70.0
-70.0
-70.0
-70.0
-70.0
-70.0
-70.0
-70.0
-70.0
-70.0
-70.0
-70.0
-70.0
-70.0
-70.0
-70.0
-70.0
-70.0
-70.0
-65.6817164127
-63.2346890465
-58.103094103
-55.4207006669
-54.2972412496
0
-70.0
-70.0
-70.0
-70.0
-70.0
-70.0
-70.0
-70.0
-70.0
-70.0
-70.0
-70.0
-70.0
-70.0
-70.0
-70.0
-70.0
-70.0
-70.0
-70.0
-70.0
-70.0
-70.0
-70.0
-70.0
-70.0
-70.0
-70.0
-70.0
-70.0
-70.0
-70.0
-70.0
-70.0
-65.4358784341
-61.8505578394
-59.9710135545
-60.1515742369
-59.8844878015
-60.0614196801
-60.498864818
-67.1690068756
-70.0
-70.0
-70.0
-70.0
-70.0
-70.0
-70.0
-64.2961941716
-61.0640375355
-59.4226089693
-58.7903315307
-58.7846206831
-58.2135678153
-60.6580638766
-67.331718378
-70.0
-70.0
-70.0
-70.0
-70.0
-70.0
-70.0
-70.0
-70.0
-70.0
-70.0
-70.0
-70.0
-70.0
-70.0
-70.0
-70.0
-70.0
-70.0
-70.0
-70.0
-70.0
-70.0
-70.0
-70.0
-70.0
-70.0
-70.0
-70.0
-70.0
-70.0
-70.0
-70.0
-70.0
-70.0
-70.0
-70.0
-70.0
-70.0
-70.0
-70.0
-70.0
-70.0
-70.0
-70.0
-70.0
-70.0
-70.0
-70.0
-70.0
-70.0
-70.0
-70.0
-70.0
-70.0
-70.0
-70.0
-70.0
-70.0
-70.0
-70.0
-70.0
-70.0
-65.5533901409
-63.0336445541
-61.7540090502
-62.0635632486
-62.8238550717
-64.3196475333
-69.3704985296
-70.0
-70.0
-70.0
-70.0
-70.0
-70.0
-70.0
-70.0
-70.0
-70.0
-70.0
-70.0
-70.0
-70.0
-70.0
-70.0
-70.0
-70.0
-70.0
-70.0
-70.0
-70.0
-70.0
-69.9887669184
-69.9824015055
-69.9791688743
-69.2742199627
-70.0
-70.0
-70.0
-70.0
-70.0
-70.0
-70.0
-70.0
-70.0
-70.0
-70.0
-70.0
-70.0
-69.3853019445
-69.0369730463
-70.0
-70.0
-70.0
-70.0
-70.0
-70.0
-70.0
-67.6530846097
-66.3231658885
-65.6477757928
-65.3876158757
-65.3852660629
-65.5376806397
-66.7778731611
-67.6293929018
-67.2203399421
-68.2225800656
-70.0
-70.0
-70.0
-70.0
-70.0
-70.0
-70.0
-70.0
-70.0
-70.0
-70.0
-70.0
-70.0
-70.0
-70.0
-70.0
-70.0
-70.0
-70.0
-70.0
