-0.00745892493636 0.023170565357 -0.17156558598 
-0.0137063128938 -0.018564237879 -0.0581589804515 
0.0859740083171 0.121375401936 -0.103287377204 
0.0218773211061 0.0558000566346 -0.0731640937988 
0.13586924577 0.108305490152 -0.0616634243818 
0.172236445542 0.205219569383 0.0611154107204 
0.298621547266 0.284168972119 0.121226573989 
0.23989182823 0.367824226486 0.153275666121 
0.365439315257 0.267738301314 0.158485216085 
0.438603083734 0.365032936832 0.237477055382 
0.407555215665 0.400544595423 0.340615551402 
0.598962666182 0.420230389279 0.341486291129 
0.598962666182 0.420230389279 0.341486291129 
0.615009714038 0.459680894971 0.337830390763 
0.645881081516 0.430573985081 0.413666866762 
0.731872746716 0.476817191408 0.454122609802 
0.783621847955 0.519041273377 0.703333480142 
0.881348733497 0.608254997879 0.710012477164 
0.871940089218 0.615433918625 0.754462544763 
0.923488818005 0.738733250769 0.776960293856 
0.907410122614 0.769468733112 0.814386446782 
