
39 16 25 31 29 29 29 22 29 16 9 23 23 7 12 9 34 26 28 9 16 20 19 28 11 14 18 19 29 21 21 12 13 10 25 12 35 36 9 19 22 33 10 40 8 36 12 14 11 16 21 25 35 14 11 24 16 25 9 27 19 23 12 8 35 26 9 30 24 25 16 31 14 14 17 32 15 36 26 8 31 13 16 6 30 23 28 9 16 20 11 30 32 10 5 16 14 14 16 
13 34 13 33 19 15 25 26 28 7 5 40 38 11 9 23 18 16 9 20 23 32 7 23 8 7 8 8 7 14 32 5 10 19 25 7 8 13 29 23 30 21 19 5 29 30 11 16 18 10 17 20 18 32 25 11 33 25 8 4 37 15 21 18 36 16 15 9 16 35 8 6 9 22 17 5 12 25 27 37 7 10 37 13 20 31 10 21 23 5 32 25 9 10 33 29 39 20 12 
28 18 22 14 21 18 22 18 14 18 14 33 10 19 3 15 20 14 37 9 26 11 18 16 29 18 34 28 8 27 14 16 6 43 8 26 30 30 8 16 9 34 25 24 35 8 31 19 35 10 14 28 32 10 24 17 17 9 14 11 3 11 32 30 13 20 24 28 32 17 11 28 7 26 19 29 23 18 33 28 6 14 13 22 28 37 28 14 25 13 15 32 13 14 28 6 32 7 24 
30 22 18 8 27 32 23 26 23 17 14 17 33 12 27 21 19 6 26 20 21 11 27 9 6 16 11 22 19 20 14 18 25 15 17 17 14 18 20 17 8 6 19 22 9 33 24 29 9 25 21 6 40 32 28 21 10 17 30 25 18 26 16 12 7 31 9 23 17 34 11 9 14 26 18 21 12 10 24 17 16 20 19 30 25 31 4 7 30 10 8 16 12 30 5 9 18 29 34 
11 25 14 34 15 20 32 27 27 12 15 22 23 26 13 9 36 29 21 21 25 22 31 31 21 22 38 17 9 10 27 15 13 12 28 30 21 27 38 31 22 22 8 12 30 25 15 9 27 14 13 15 31 21 30 24 5 13 16 16 20 29 12 20 33 13 34 32 30 25 17 17 39 22 19 10 25 29 15 3 10 17 26 23 14 18 25 31 15 18 9 14 19 10 31 14 9 15 24 
31 10 31 22 36 14 18 19 34 14 11 15 7 22 26 14 21 16 20 17 5 8 8 15 11 31 22 27 24 19 8 19 9 28 19 28 25 10 33 18 18 32 8 24 22 28 25 13 4 33 29 30 18 22 20 19 14 29 26 18 21 33 10 24 33 21 20 20 5 13 28 19 31 27 14 23 18 16 17 20 19 31 31 7 7 25 40 15 9 15 7 26 21 13 28 28 15 12 19 
11 18 6 20 14 41 20 14 29 25 23 26 24 14 15 26 25 25 27 22 6 9 8 14 19 34 27 20 33 35 24 36 29 22 9 19 33 29 30 5 30 15 26 17 28 21 5 12 12 19 23 27 18 16 24 15 18 23 8 24 20 24 27 16 20 24 17 37 16 7 27 37 14 36 15 6 15 21 28 16 10 22 23 6 10 22 35 19 29 30 23 19 4 16 14 32 14 18 10 
14 5 19 20 35 22 39 26 24 29 15 15 24 18 15 14 1 18 23 26 10 14 33 5 21 34 8 19 13 11 23 10 6 31 12 7 34 42 17 25 12 16 28 34 13 6 20 19 27 17 23 31 42 47 12 15 22 19 28 16 5 32 7 14 11 29 29 40 15 38 17 19 15 19 25 18 16 32 4 4 15 14 27 18 26 8 21 15 26 11 19 10 21 18 24 12 35 33 3 
33 5 18 32 13 16 17 16 24 30 8 27 19 11 41 13 26 7 14 9 13 25 4 26 22 18 25 20 20 13 6 15 14 14 12 25 20 8 11 15 5 25 20 8 33 13 32 23 15 40 9 24 33 24 32 24 8 35 31 24 26 20 25 34 23 12 28 12 15 24 19 8 18 6 30 11 34 10 19 18 14 12 20 7 7 5 26 10 19 6 23 10 41 30 21 31 18 24 20 
39 8 28 17 17 20 29 10 17 10 17 28 10 33 13 13 28 17 9 28 10 11 25 25 35 18 18 13 16 17 16 5 12 22 3 12 31 16 23 31 22 18 31 22 19 19 10 22 21 21 9 24 9 6 33 16 28 7 27 12 13 12 11 22 17 27 11 11 31 29 18 30 22 36 23 20 31 14 20 34 19 36 5 14 33 14 39 12 32 25 30 25 20 13 27 19 11 36 19 
23 8 33 18 25 26 34 11 34 27 9 9 8 16 7 17 18 11 18 39 19 24 12 16 21 20 31 8 20 20 16 28 16 23 11 19 15 32 18 8 25 25 14 17 19 15 28 13 7 28 30 22 13 6 39 9 19 6 7 14 5 34 12 25 20 1 23 30 12 29 12 23 33 30 33 18 29 3 25 6 3 16 12 33 27 24 16 22 27 18 7 27 7 15 10 36 15 30 20 
26 27 6 9 14 18 26 22 19 27 13 12 10 6 23 8 31 22 23 17 36 15 6 28 20 39 18 22 15 36 4 23 15 33 17 34 18 23 7 11 22 22 22 17 28 17 20 14 28 17 23 7 7 23 31 22 18 14 10 9 30 31 27 13 29 26 20 38 16 29 24 11 31 32 8 12 23 23 27 27 12 9 13 14 16 16 33 13 29 9 37 9 12 29 19 9 17 13 29 
32 15 16 18 34 25 5 11 13 46 34 14 32 24 23 8 36 19 32 15 3 27 16 22 44 34 15 27 23 40 36 15 23 24 37 8 15 19 11 27 13 24 32 31 29 12 9 8 9 29 15 32 34 21 11 27 9 31 22 19 6 2 11 42 8 33 6 24 27 26 10 34 15 28 32 4 18 7 18 33 4 27 6 6 15 17 11 8 7 32 32 14 29 10 16 21 18 15 5 
29 21 31 22 28 32 22 18 29 21 12 32 15 33 19 14 9 22 16 11 19 16 11 6 17 10 20 15 17 8 8 20 22 23 13 10 7 29 15 26 27 11 18 18 13 10 18 16 45 18 24 23 13 20 16 31 32 25 6 14 5 7 22 27 26 17 24 25 16 13 21 25 26 40 28 13 20 15 23 29 11 35 22 25 7 15 14 27 30 15 31 16 18 33 32 24 43 6 12 
11 17 13 15 12 35 29 14 13 9 34 18 21 18 21 14 35 27 23 36 16 7 2 11 17 25 16 7 8 26 4 7 10 19 26 23 30 24 30 38 30 6 34 28 22 30 17 17 25 31 6 3 7 27 4 27 24 33 21 11 34 16 26 28 19 29 16 5 36 13 15 32 10 13 31 20 11 9 19 32 18 25 30 12 15 25 21 7 19 8 11 38 23 10 19 12 32 13 14 
11 24 30 14 28 20 35 19 17 11 7 8 7 26 22 18 44 11 29 7 22 13 19 7 19 19 25 20 13 6 7 7 27 8 18 15 29 11 35 30 16 12 15 18 27 13 14 11 17 22 5 6 28 44 18 21 17 13 38 35 12 28 17 21 16 12 46 51 31 18 15 19 14 7 18 14 33 14 25 11 17 10 29 12 20 10 18 21 18 21 35 43 3 16 3 22 21 24 27 
8 20 10 31 13 9 15 19 28 13 11 14 15 14 19 18 27 13 13 15 18 17 24 16 3 16 6 10 43 17 20 5 12 28 35 26 6 9 19 22 29 30 16 44 9 40 38 15 16 22 18 9 16 12 26 9 29 14 22 11 28 24 18 9 37 32 6 20 26 39 18 22 17 13 12 26 30 11 25 5 5 21 31 29 19 19 14 9 22 35 35 29 24 8 14 33 31 29 15 
33 19 39 38 9 25 13 30 12 24 16 17 25 16 19 7 26 21 30 14 36 7 6 11 23 23 39 13 13 12 31 28 12 32 22 8 36 23 23 20 18 28 13 23 23 15 10 19 20 28 15 23 10 21 22 5 22 31 25 15 24 35 13 4 25 21 11 24 10 14 28 22 21 9 31 14 8 24 19 19 16 29 7 13 26 30 8 20 5 9 15 9 32 23 19 45 21 29 11 
10 24 28 11 31 9 19 18 45 23 34 28 15 11 19 3 15 34 22 16 35 25 8 5 27 33 26 16 20 9 18 9 18 25 28 20 29 24 25 24 14 37 22 8 26 10 11 39 15 27 8 18 13 14 14 34 7 16 18 16 9 19 9 13 28 22 29 13 10 12 14 12 24 19 29 8 14 16 5 35 18 5 7 29 5 15 36 7 10 30 24 29 19 11 22 30 23 11 20 
24 25 25 20 31 33 16 21 40 24 15 22 6 20 30 26 4 25 20 16 24 30 21 13 23 12 15 26 20 23 24 6 22 24 5 16 25 35 23 12 19 15 23 19 4 5 22 8 33 20 17 7 29 9 20 16 26 40 42 17 27 29 26 19 9 25 24 30 18 25 17 25 33 24 9 11 35 20 10 8 26 17 11 9 14 21 22 20 30 26 10 15 21 22 10 38 11 5 16 
16 19 9 39 20 34 21 8 13 11 7 11 15 18 13 32 42 25 19 17 16 31 15 30 12 33 26 27 6 31 11 10 28 12 33 27 16 33 38 22 25 11 18 17 18 30 21 18 5 26 41 15 28 16 16 40 26 17 30 7 8 12 20 21 22 30 16 7 8 17 10 27 18 19 13 16 8 16 9 20 9 14 3 15 28 27 10 37 12 13 9 11 6 18 8 24 25 8 6 
36 27 11 22 33 26 8 12 11 6 13 16 20 24 25 8 40 35 17 34 12 18 12 21 4 5 10 30 27 18 7 13 36 20 23 32 18 34 10 8 34 27 27 19 14 38 20 21 8 27 14 21 34 14 25 7 20 32 9 24 5 6 16 10 24 44 13 39 6 26 23 33 27 28 13 13 24 12 13 21 22 30 27 18 13 20 14 18 10 7 13 30 18 31 16 17 26 24 10 
30 31 3 22 35 36 10 17 11 29 31 11 15 34 5 22 42 36 30 9 9 6 5 8 26 8 16 21 6 13 26 5 5 8 28 28 19 11 9 37 29 10 10 16 31 9 5 30 4 35 21 19 14 35 28 33 25 22 17 12 11 29 29 38 29 27 6 17 11 34 40 27 36 36 21 9 12 8 10 10 23 19 6 8 9 35 21 18 18 31 14 6 26 33 13 8 28 31 16 
28 6 30 10 17 10 30 11 13 29 32 19 30 7 8 18 27 27 19 10 9 35 22 10 11 22 20 31 30 19 26 7 13 10 17 28 15 26 33 15 19 9 12 32 20 21 9 7 28 30 21 17 41 20 7 21 34 18 25 16 15 33 8 28 13 7 12 22 15 14 7 23 28 28 8 17 9 15 36 27 12 15 14 18 17 23 22 17 14 18 12 24 9 21 39 30 21 20 28 
32 30 15 26 27 34 27 10 20 18 12 24 32 15 5 8 12 24 10 22 11 11 29 15 20 5 11 22 12 32 36 12 4 28 13 25 4 10 16 4 11 11 22 19 13 35 23 10 29 38 15 13 20 13 12 38 10 12 28 23 27 18 22 11 34 7 6 13 33 19 31 17 16 18 13 37 32 11 33 16 20 25 9 4 19 18 15 11 25 41 5 28 32 14 12 28 16 16 26 
18 24 15 31 9 7 31 9 23 13 21 30 31 29 23 28 38 12 28 29 6 26 8 4 39 10 31 27 24 28 18 37 14 9 17 28 31 3 31 15 25 8 29 33 27 21 30 25 15 39 14 24 16 23 33 31 11 11 21 2 5 10 23 22 19 16 13 16 35 24 12 26 37 33 20 10 7 8 13 13 17 8 15 31 26 19 32 32 30 7 33 11 14 10 6 33 25 7 38 
23 12 33 21 12 37 10 31 13 24 12 12 41 15 9 6 19 26 18 37 6 14 19 17 7 31 20 25 18 20 9 30 7 13 3 32 18 10 21 12 19 26 18 23 38 14 24 12 9 10 19 18 5 18 7 33 22 28 4 28 17 30 18 13 12 41 18 44 42 14 33 10 14 12 15 37 7 36 13 9 9 19 41 20 37 14 13 46 9 13 23 11 11 20 10 27 33 40 24 
21 17 25 30 30 12 17 32 13 19 16 32 19 28 35 15 14 14 22 36 26 6 22 26 23 11 26 15 21 10 29 10 30 32 26 34 9 9 32 19 17 12 12 28 10 16 34 13 17 18 12 30 13 32 34 27 14 20 8 31 12 7 29 28 23 21 24 18 16 29 23 8 13 20 25 7 11 11 26 18 8 12 33 21 9 20 27 24 12 8 9 22 34 10 16 16 22 30 20 
21 32 16 21 37 10 27 10 35 16 9 14 16 33 5 5 9 38 20 21 23 35 30 12 32 14 31 4 7 26 34 4 11 24 11 14 33 21 11 33 21 18 20 35 26 47 27 16 15 10 25 24 15 20 15 31 29 18 21 26 30 8 18 5 17 8 22 17 9 38 29 24 27 23 9 23 19 32 12 16 18 4 9 21 31 22 9 30 14 6 13 24 29 9 28 9 24 6 13 
8 15 21 17 30 24 21 10 26 26 13 16 25 8 14 31 6 32 27 31 21 22 15 28 29 6 24 12 29 20 42 16 9 18 24 23 32 24 23 24 30 19 23 28 11 32 16 37 7 17 24 12 22 32 16 22 19 9 8 6 14 9 20 34 33 14 16 40 29 26 34 17 10 24 15 20 9 16 7 22 9 41 9 23 16 27 7 20 11 12 20 24 34 13 32 2 37 36 17 
28 30 21 24 17 15 26 15 8 8 6 11 18 35 10 14 30 17 16 19 25 32 8 21 14 10 26 22 21 11 14 37 31 22 8 20 8 8 6 10 34 27 12 22 16 11 22 23 3 33 28 21 16 19 10 13 29 9 30 20 29 32 25 19 6 23 19 11 17 18 43 31 11 21 18 10 17 29 32 35 20 19 25 27 15 18 11 6 23 13 6 28 12 32 18 26 11 30 6 
9 10 19 41 33 22 9 24 14 28 5 18 21 18 29 14 16 28 15 13 31 19 32 22 6 11 24 6 32 13 21 21 9 6 25 20 38 6 8 14 8 9 35 23 16 28 14 17 21 29 28 22 11 30 32 34 16 11 13 27 14 25 14 21 6 11 29 27 28 13 35 9 27 21 16 36 44 33 8 30 6 16 9 7 22 10 8 8 35 15 12 9 10 41 19 17 35 18 27 
22 21 25 29 21 11 9 19 12 24 25 23 10 8 34 24 16 4 19 37 35 10 20 28 16 27 37 17 15 10 21 32 3 10 14 22 12 20 20 28 19 12 9 10 19 23 5 6 21 25 19 11 24 11 11 8 21 5 17 8 10 24 27 8 42 7 17 20 11 40 25 19 9 12 18 31 7 12 31 37 4 9 11 24 21 27 23 25 34 31 21 30 16 31 20 22 33 12 37 
29 3 30 14 15 24 21 33 37 14 41 4 8 15 18 29 11 17 7 23 26 20 8 19 13 31 7 16 28 36 9 31 26 22 7 23 48 20 37 15 8 5 21 6 23 6 5 14 27 23 17 22 18 10 10 10 3 19 13 31 20 24 19 36 25 30 27 11 40 35 29 15 22 15 6 16 9 7 21 12 13 11 38 13 33 35 33 22 37 31 29 33 24 18 11 20 45 14 3 
5 22 22 19 21 30 18 14 29 9 14 30 14 11 25 7 17 19 28 27 13 25 18 17 11 16 39 25 6 18 18 6 5 31 27 23 34 23 40 11 12 21 23 24 12 24 20 28 8 30 21 12 32 27 33 36 24 18 17 15 30 16 18 14 11 5 8 19 7 16 24 19 14 13 20 31 17 19 14 24 6 13 14 10 6 39 33 15 20 10 28 11 9 8 34 19 21 28 14 
31 29 29 10 14 6 31 21 29 15 24 13 8 23 27 12 10 13 9 27 8 20 32 4 12 13 31 23 25 14 13 15 14 7 31 40 42 13 33 3 7 18 15 45 24 29 9 4 17 33 13 23 16 27 30 28 14 18 17 33 38 12 32 32 23 15 17 24 11 39 21 4 20 13 27 6 17 22 15 8 15 13 33 19 24 27 8 18 31 25 20 11 19 7 20 27 17 11 17 
12 28 15 9 13 11 12 12 18 27 32 9 27 7 11 23 25 20 30 40 17 33 32 27 12 20 27 16 33 11 30 25 16 16 35 27 21 9 20 21 13 32 12 19 13 28 18 19 13 16 21 11 17 24 15 32 18 12 17 32 22 31 8 25 25 13 16 35 37 16 14 8 24 11 13 30 26 33 31 9 21 6 33 26 18 8 34 24 24 21 33 9 11 8 21 23 17 2 17 
38 20 16 35 31 20 16 8 12 14 21 25 10 21 10 11 31 34 11 6 30 4 5 25 3 8 22 31 36 27 25 26 24 13 19 29 23 6 31 32 21 17 10 36 30 3 35 17 34 11 17 11 13 8 38 23 25 38 17 12 13 15 22 15 19 13 30 40 14 18 34 26 34 5 8 4 29 32 11 24 12 26 17 19 34 18 18 15 9 15 21 25 5 26 31 17 21 11 19 
32 31 25 10 31 20 29 11 13 31 3 8 25 16 8 18 20 22 6 27 6 35 13 21 29 17 14 9 38 10 33 7 28 16 27 14 17 15 35 28 18 3 15 39 7 13 33 12 33 9 9 12 23 36 8 15 14 39 21 12 19 18 23 13 6 36 13 11 31 23 21 7 13 5 9 23 31 33 7 28 9 29 12 28 23 39 8 11 37 13 20 11 30 32 18 25 18 25 13 
26 10 32 16 39 11 12 19 19 22 36 23 8 16 37 30 9 13 11 14 13 13 24 22 30 13 9 30 26 17 30 20 10 27 23 31 15 16 17 24 8 26 17 5 29 20 12 35 24 19 6 23 26 11 15 28 15 8 9 7 2 19 12 33 26 15 26 21 11 11 35 5 24 6 24 4 11 22 12 28 4 26 16 27 12 40 11 8 37 10 27 16 29 19 28 22 4 20 9 
12 7 6 24 27 19 4 16 22 11 25 6 7 38 12 38 19 28 28 15 17 17 13 24 22 28 31 13 31 7 16 17 18 33 6 35 44 14 27 27 9 25 31 29 16 18 26 36 23 25 17 24 18 11 16 16 13 28 24 24 32 21 8 28 9 49 20 13 11 6 16 16 15 33 15 24 6 7 26 9 17 31 31 7 21 31 16 15 11 8 29 34 36 10 10 20 15 34 22 
30 25 18 25 19 23 15 33 43 29 9 21 14 24 35 6 26 20 22 12 27 30 25 10 18 8 8 31 20 9 22 36 7 17 25 6 10 31 23 37 14 11 15 22 28 9 27 26 15 22 10 25 36 20 26 36 33 25 4 8 35 27 11 8 10 21 19 20 35 20 11 33 6 14 4 15 16 24 13 12 15 26 16 29 9 8 17 8 10 30 12 7 10 34 17 18 14 22 20 
14 30 16 20 37 14 40 26 21 31 39 46 7 7 30 11 9 32 14 8 20 19 24 29 20 22 19 16 28 10 35 29 14 18 13 22 26 23 39 30 18 23 24 16 19 8 25 11 9 24 9 5 6 35 8 27 6 36 11 6 24 18 9 29 23 17 6 7 18 25 26 9 25 42 36 35 43 16 34 8 34 28 3 7 8 12 38 8 54 14 16 3 12 22 15 8 10 15 4 
16 12 8 32 14 35 33 14 31 10 17 24 23 9 30 24 33 18 5 24 16 19 31 22 22 13 16 36 22 26 31 36 35 10 9 6 34 20 8 15 7 17 26 14 15 12 27 15 4 24 13 16 46 24 25 26 20 11 16 11 9 31 11 16 38 24 20 12 43 28 6 12 15 21 7 6 22 26 23 17 15 4 23 33 9 27 11 14 30 14 28 24 9 29 16 24 24 32 12 
6 25 22 23 15 20 18 19 31 24 42 29 29 12 25 8 11 14 33 8 16 24 17 11 26 22 12 27 11 15 26 17 8 28 7 32 20 26 21 17 19 16 16 9 12 24 18 16 21 22 18 9 27 12 21 17 20 24 13 26 20 20 5 32 8 10 32 14 25 27 34 11 6 26 30 19 26 23 25 15 9 29 36 21 23 10 12 17 17 36 24 14 31 7 10 17 26 33 8 
37 29 31 31 29 17 12 15 11 25 34 34 11 37 25 25 11 9 21 23 7 5 16 23 16 5 17 12 18 29 26 18 33 11 11 27 27 29 1 14 13 38 10 29 19 21 31 18 14 33 30 34 23 19 23 20 11 17 31 16 31 13 7 12 8 28 8 5 38 23 19 21 31 9 21 24 41 27 21 11 18 22 13 8 6 38 32 13 12 19 25 27 37 20 6 45 30 45 9 
6 30 16 34 9 6 13 26 34 20 14 43 32 9 35 11 27 13 29 12 31 23 10 6 8 33 5 33 12 22 13 17 24 20 24 29 35 4 27 25 13 15 31 26 5 17 12 26 19 8 22 28 10 15 31 8 32 44 7 8 9 33 14 25 32 14 14 10 24 23 28 9 30 30 26 25 16 18 9 24 7 16 7 28 23 37 35 11 10 13 23 20 10 28 22 34 38 18 14 
7 29 21 8 29 28 16 11 28 33 23 15 42 42 17 24 8 17 11 17 20 11 14 24 23 12 16 9 25 18 23 15 10 19 33 9 35 23 29 23 27 11 33 3 22 21 19 10 22 22 4 14 8 24 25 32 17 35 8 21 29 14 7 17 37 13 9 14 24 36 16 10 5 25 14 10 29 27 35 31 21 11 12 27 8 30 32 32 10 18 19 43 10 18 28 32 18 27 35 
7 17 19 26 12 20 27 27 15 31 12 22 12 10 37 12 40 32 30 32 13 14 29 13 21 15 16 15 23 33 16 10 32 17 25 4 15 16 39 27 21 13 15 17 28 17 29 12 28 42 17 15 39 33 11 25 15 10 6 28 9 8 10 25 7 12 4 21 17 15 37 19 19 33 12 10 37 41 19 16 19 26 21 12 26 23 13 14 25 11 25 8 26 11 7 36 24 6 13 
35 8 10 12 13 8 11 7 9 26 17 26 12 16 13 7 6 13 24 4 27 9 23 25 9 19 9 40 18 39 16 21 16 29 13 5 18 4 11 10 31 19 17 19 19 28 9 27 21 29 23 13 18 10 39 37 21 28 27 20 9 34 25 12 24 29 11 9 5 38 31 40 21 13 18 23 30 17 12 7 8 19 22 9 24 28 10 21 9 17 37 25 14 29 35 18 32 27 18 
10 21 24 40 32 7 24 33 33 25 27 33 21 38 11 18 9 23 9 25 8 25 29 29 12 10 26 7 18 11 14 22 12 13 36 42 8 18 22 16 13 11 14 24 30 5 4 16 29 20 16 25 15 14 34 13 17 16 8 20 10 11 20 22 10 30 28 28 15 36 9 6 6 12 24 8 28 34 8 17 12 17 12 12 32 39 20 12 34 35 30 18 20 13 24 16 8 21 8 
24 10 23 6 9 27 6 18 13 10 25 7 43 29 11 22 18 20 9 25 16 30 16 19 22 21 22 10 15 8 25 21 16 39 10 15 24 23 14 13 35 15 20 29 14 8 17 7 21 32 20 5 22 12 3 18 22 17 25 15 31 20 8 17 35 29 13 17 36 37 39 24 37 38 14 25 7 9 19 16 12 15 22 23 10 29 35 40 20 16 19 13 15 8 14 17 29 33 22 
20 14 22 18 26 29 4 6 16 6 25 13 12 9 15 28 28 16 5 18 6 26 15 31 21 13 5 28 13 6 21 19 18 12 22 21 27 9 14 19 12 35 13 31 32 12 35 21 26 27 11 9 17 19 23 19 23 36 9 16 31 5 20 21 19 17 27 12 20 34 33 20 17 28 20 25 21 32 24 26 18 5 31 17 11 23 29 28 19 31 24 13 28 6 17 13 34 22 37 
25 23 14 18 28 6 30 10 21 25 30 25 26 11 31 20 25 14 23 10 19 22 35 18 28 7 31 33 24 8 10 3 36 7 7 20 7 29 20 17 24 20 5 23 23 1 12 7 24 21 23 25 33 23 17 17 6 13 7 34 24 10 13 14 29 24 37 10 10 14 16 10 29 7 25 39 8 33 33 7 6 7 31 36 12 29 19 32 18 13 27 23 20 9 11 14 16 28 28 
5 19 28 29 9 8 19 20 11 8 36 18 26 12 19 17 39 12 9 44 11 11 18 20 10 14 17 19 10 25 22 34 19 28 14 10 9 24 10 30 9 33 35 8 17 26 6 27 14 36 5 15 23 37 21 32 3 10 14 32 29 11 7 29 27 7 32 20 9 32 16 9 7 31 32 34 25 29 31 16 15 29 19 21 6 34 36 37 8 11 18 7 30 15 21 7 7 21 24 
25 21 17 19 16 12 8 32 18 29 4 5 19 30 25 20 9 34 7 38 20 36 10 19 18 15 7 10 20 23 28 15 36 12 8 15 13 7 23 27 6 30 7 28 19 7 10 18 25 8 38 22 12 12 31 30 19 29 23 16 17 9 37 33 17 40 13 29 32 26 31 20 10 4 26 28 34 33 27 22 12 31 5 5 22 33 16 6 12 14 6 13 32 33 10 40 30 15 11 
14 16 7 11 9 10 30 5 17 28 12 10 21 21 9 26 15 17 23 37 20 10 22 24 39 20 23 26 15 26 8 27 20 14 30 22 22 24 11 16 24 32 12 17 9 30 13 10 9 15 9 10 14 41 6 8 21 27 28 7 10 34 6 19 16 21 27 32 18 24 21 10 15 17 15 34 26 11 17 15 16 32 10 13 24 23 28 43 15 30 18 36 25 23 21 38 15 27 21 
8 27 21 8 9 18 39 17 12 41 33 33 14 40 37 4 20 15 7 24 15 8 6 13 27 16 41 7 23 8 33 32 28 7 12 25 28 5 18 38 39 32 31 30 18 20 25 19 8 11 21 11 28 27 24 33 17 26 30 32 21 27 9 15 8 17 3 18 10 34 16 16 32 18 5 18 23 24 10 18 10 12 20 25 10 36 32 13 36 16 15 32 30 14 10 19 10 2 11 
16 12 26 9 33 34 25 22 12 9 8 15 18 19 40 12 23 21 27 32 25 18 21 26 18 12 13 26 4 33 16 8 7 16 8 23 9 19 14 27 15 37 27 13 20 13 14 19 25 24 7 32 8 38 28 7 13 5 21 11 9 11 10 40 5 26 20 24 9 7 23 28 19 25 13 14 11 12 30 28 21 15 17 5 11 29 25 25 29 15 12 9 19 23 10 15 16 30 27 
35 18 11 29 21 26 28 6 25 18 39 18 14 24 12 23 19 38 6 14 21 25 29 6 35 16 41 35 23 21 35 15 30 5 18 18 11 17 20 40 22 26 22 20 8 17 20 34 11 12 9 11 41 25 9 34 6 20 12 26 36 12 13 29 28 11 31 29 44 7 14 19 30 25 15 17 14 29 28 24 15 22 6 29 9 9 17 36 6 21 30 25 15 4 11 24 14 13 14 
37 29 19 23 35 15 27 13 16 41 3 24 15 32 16 7 12 33 17 23 6 29 22 20 7 12 17 13 30 24 26 26 3 14 19 26 9 8 28 12 12 18 17 37 26 12 22 14 8 48 14 4 11 40 8 5 9 36 12 12 13 33 24 37 3 14 22 43 31 28 15 17 5 24 27 34 21 8 2 34 24 14 29 19 24 8 31 37 9 34 30 12 19 17 24 21 10 7 15 
13 27 29 25 11 22 17 12 10 36 7 23 16 9 24 20 8 25 7 31 36 18 17 8 18 22 9 14 29 21 13 31 10 10 27 23 29 8 21 32 15 17 18 18 32 26 21 25 19 22 10 27 34 37 15 34 15 28 3 17 6 32 15 31 25 16 32 21 5 4 35 24 14 20 3 15 29 22 10 20 12 19 5 27 29 20 25 47 26 18 7 35 10 16 28 13 13 37 9 
31 12 10 11 33 6 13 5 11 41 18 26 10 1 12 14 40 11 21 9 21 6 20 9 18 15 27 12 9 11 5 17 32 6 7 12 21 6 26 17 12 37 9 17 13 5 36 13 27 31 16 36 8 27 12 33 8 10 19 19 26 6 38 40 41 21 13 15 38 24 24 14 24 12 35 34 32 22 14 15 23 10 35 8 32 17 13 29 13 23 11 11 42 28 8 19 46 13 29 
26 31 10 33 19 24 26 13 19 32 27 25 26 11 26 28 40 11 6 11 25 24 27 37 21 14 9 32 25 30 34 25 27 25 22 20 40 11 34 35 20 18 24 3 12 23 25 30 30 10 8 11 16 26 12 23 7 11 23 23 23 28 25 12 7 38 16 17 13 31 4 15 23 13 12 15 29 28 10 8 8 26 6 21 18 20 32 19 15 12 17 16 12 28 9 24 36 13 29 
27 13 16 7 34 18 9 33 9 18 35 8 23 21 15 8 34 34 23 20 9 33 6 13 30 15 30 18 21 17 19 19 8 19 17 19 15 40 14 9 27 14 21 10 14 16 24 30 7 26 23 7 14 28 35 24 10 13 9 12 21 35 34 5 19 32 35 18 40 12 12 9 10 6 23 28 11 27 22 10 5 10 22 20 27 7 32 12 22 12 42 33 12 27 46 20 28 26 12 
27 19 9 22 36 18 14 25 29 25 13 13 17 15 19 10 7 9 18 34 25 10 15 20 10 28 14 36 18 15 10 13 22 34 14 16 33 16 25 19 36 26 25 39 14 36 24 25 11 29 33 38 11 37 12 27 26 8 30 19 10 13 27 31 28 9 11 28 19 30 23 34 7 19 19 3 18 25 5 20 5 15 12 10 14 39 22 31 9 10 31 18 13 11 22 13 16 25 16 
8 6 13 27 17 15 22 14 12 10 16 16 7 32 26 20 18 9 21 10 12 10 25 14 26 29 16 20 9 15 10 17 12 32 18 23 11 25 15 18 11 36 12 14 30 23 7 40 10 25 13 11 29 25 22 27 7 18 17 12 21 21 12 34 18 34 25 33 9 25 20 9 30 12 29 21 24 24 29 10 13 26 26 15 19 20 19 12 27 23 10 14 23 26 29 16 6 21 7 
12 27 6 13 36 23 29 9 25 30 13 23 24 38 13 23 15 21 34 24 9 34 25 34 17 11 16 8 28 23 23 22 10 17 26 14 10 34 21 14 9 28 25 18 6 29 39 17 14 11 31 18 29 20 24 31 19 29 11 10 14 32 7 1 22 29 41 22 9 21 8 28 17 30 15 10 35 34 8 30 4 9 19 10 25 9 17 30 33 5 13 33 30 25 16 20 7 7 11 
20 19 7 13 11 26 35 20 25 17 24 32 13 33 9 21 27 12 7 10 24 34 7 5 15 21 29 17 37 21 14 32 32 7 26 29 16 28 19 14 29 15 8 18 14 7 12 21 9 36 20 9 32 14 16 35 21 31 10 6 25 25 24 32 39 8 19 29 9 26 20 20 32 8 10 21 19 15 8 18 29 20 8 20 19 15 30 10 30 20 25 8 12 12 17 11 30 13 10 
23 22 33 40 14 42 32 20 30 33 20 24 25 15 18 16 28 25 26 23 29 11 15 9 18 17 25 13 35 13 15 21 4 23 18 38 24 11 16 14 19 16 25 5 26 25 14 27 12 17 26 14 23 47 19 22 22 27 10 26 24 17 9 37 22 17 42 28 21 3 35 30 21 11 20 29 7 22 18 19 19 25 22 5 13 21 17 18 18 21 37 13 27 24 16 13 12 25 11 
33 11 30 23 19 17 27 21 15 36 16 22 9 29 23 19 31 18 5 20 27 4 11 27 18 8 25 17 35 25 8 29 18 29 25 35 22 15 16 43 12 13 26 21 28 15 25 20 14 12 12 11 11 17 23 34 34 31 18 24 18 35 18 9 27 29 25 10 9 29 12 28 8 22 29 32 25 29 24 10 5 32 10 33 21 23 15 27 12 28 17 30 18 12 11 8 14 9 22 
25 14 31 23 6 19 24 28 39 21 11 25 4 21 23 19 24 35 14 6 15 11 33 24 24 14 44 25 31 16 35 27 32 7 18 12 12 22 13 26 28 23 24 5 28 6 6 16 16 30 20 6 32 35 14 12 7 21 12 16 29 17 19 29 25 25 20 20 27 28 11 21 29 8 14 11 24 23 27 11 16 18 33 9 12 11 17 24 31 37 26 34 30 16 20 21 22 6 13 
20 16 10 26 35 28 9 18 6 14 20 21 25 11 24 21 19 25 15 19 14 25 16 13 22 8 17 23 27 31 17 19 37 26 4 22 12 22 18 34 22 23 21 28 23 11 23 20 20 34 21 11 24 18 11 9 14 27 17 22 23 8 16 19 9 22 30 24 12 29 13 10 4 33 32 16 21 16 22 22 5 13 25 24 7 28 11 28 12 10 26 30 24 12 37 35 23 12 22 
9 6 9 25 26 32 8 28 26 18 42 18 21 22 8 27 29 11 34 32 16 21 27 25 39 15 19 29 25 9 22 30 5 32 12 35 15 7 18 19 19 15 26 29 33 31 25 36 13 31 6 10 12 23 7 15 25 5 12 29 20 15 15 24 26 25 15 23 32 25 39 18 4 32 13 9 24 25 23 21 20 11 14 12 10 17 16 21 16 23 10 6 10 17 27 20 14 23 13 
8 23 22 20 23 21 23 17 28 30 30 28 18 18 17 8 40 7 10 9 15 14 19 31 11 24 36 13 26 26 23 30 17 13 28 45 41 12 27 19 2 17 13 35 13 13 11 27 14 20 32 11 6 8 18 24 6 32 30 12 29 13 10 21 13 21 14 7 8 20 16 13 28 38 14 17 28 13 21 34 17 10 27 13 14 12 16 14 8 18 24 20 14 31 9 47 33 20 14 
30 18 15 20 37 12 16 12 35 27 18 35 25 17 21 14 34 15 18 18 21 26 44 16 5 31 6 15 8 26 5 14 7 16 10 28 38 16 23 14 31 22 20 12 28 19 8 10 11 37 11 22 37 11 10 41 18 22 7 40 20 9 13 28 5 30 32 31 12 16 42 2 4 30 16 31 16 29 13 4 12 9 26 22 34 29 27 15 13 16 13 24 5 17 16 16 34 35 19 
6 24 2 24 45 30 14 18 19 8 27 12 20 4 14 14 12 3 25 25 34 15 16 23 23 17 36 29 18 27 5 20 8 15 25 45 11 34 18 30 12 9 22 47 10 29 28 28 9 18 6 25 38 34 9 12 14 19 14 23 22 37 26 34 20 9 8 11 14 6 38 32 21 32 14 13 13 16 12 20 4 7 16 8 4 7 7 44 6 18 17 16 15 26 12 10 46 14 12 
30 10 40 17 17 23 24 6 22 19 15 5 32 31 11 14 26 11 14 15 7 34 14 18 7 10 17 15 4 27 15 30 7 13 22 17 29 7 42 32 7 4 6 16 32 17 35 9 5 27 22 16 7 11 26 26 10 17 3 29 27 37 28 27 1 31 22 21 22 42 18 4 29 21 33 17 24 8 26 30 6 27 20 21 15 19 8 13 32 34 41 28 22 23 24 26 4 30 15 
32 35 26 38 11 29 41 8 9 29 20 30 10 26 13 8 32 25 26 8 19 20 33 21 35 12 20 22 10 29 8 36 27 20 26 11 10 22 28 10 20 33 14 20 18 36 6 3 14 36 19 35 22 11 20 7 11 10 13 4 7 28 20 14 7 10 27 27 22 21 34 7 21 8 28 8 16 21 18 9 13 32 20 12 11 10 11 30 13 24 31 15 31 10 7 39 15 6 26 
13 30 26 24 42 22 31 16 15 40 13 30 31 15 13 21 33 8 19 35 16 36 6 21 33 23 32 10 34 23 11 20 27 13 14 8 28 11 25 33 9 18 28 31 35 31 19 5 6 18 17 8 42 10 17 17 8 12 10 25 17 23 18 14 21 28 17 23 12 31 21 16 27 24 23 2 12 33 5 14 30 42 6 39 4 48 15 7 13 16 27 32 26 10 34 6 18 5 6 
